Node ID,Longitude,Latitude,Degree Centrality,Betweenness Centrality,Log Betweenness Centrality
0.0,1272454.59576377,196821.621245593,4.0,85175.46119281035,11.352468657164469
1.0,1272445.65285176,196530.332157284,4.0,199544.0086351449,12.203790085647011
3.0,1272804.96216413,229595.832927153,4.0,160042.88553980837,11.983197092924904
6.0,1276763.26495218,227488.916188985,2.0,3987.490970428092,8.290917482621092
7.0,1276842.76677626,227487.097628996,3.0,24321.91066276441,10.099132896430195
8.0,1258877.97200587,249895.359603941,4.0,1143010.1812830314,13.94917585024649
9.0,1258234.31478922,249910.516403958,4.0,1336054.298837077,14.105231275094953
13.0,1280456.64569198,212688.49274984,3.0,79783.21406222953,11.287068411213841
14.0,1267298.5883345,267152.063941613,3.0,55014.94922713054,10.915360231412203
15.0,1267301.81995051,267450.213573918,2.0,2.0,0.6931471805599453
16.0,1271933.94097924,224815.773914248,4.0,91197.60392843398,11.42078390300275
17.0,1271778.12037109,225078.95580253,4.0,392197.48286086565,12.879520774724975
18.0,1281468.16300501,191505.659128144,2.0,23289.33333333333,10.055750737880173
19.0,1281457.829053,191209.123255834,2.0,4.666666666666667,1.540445040947149
20.0,1278954.31929043,265172.014723584,3.0,474366.0122254045,13.069734480392132
21.0,1278959.35634644,265833.102980256,5.0,660901.8259400895,13.401360584263156
22.0,1277381.21746482,215035.505424246,4.0,88982.03006967052,11.396189718998299
23.0,1277630.20780107,215030.022160232,3.0,202496.55968364756,12.218478176167856
24.0,1283574.34284717,261045.015423357,1.0,0.0,
25.0,1283809.09996741,261058.46521537,4.0,86323.37524847813,11.365855700748641
26.0,1262965.77060206,243687.401837572,3.0,119104.13449025352,11.687753469184633
27.0,1262421.63684151,243696.967469588,3.0,79949.23567055643,11.2891471581233
28.0,1267581.43787079,255034.246649206,4.0,415787.4563262807,12.937929486385537
29.0,1267586.72785479,255298.186041474,4.0,1764756.4202381023,14.383523233295074
30.0,1284988.93945661,243227.259757102,3.0,108273.21969709118,11.592413123528727
31.0,1285233.68665686,243221.913645104,3.0,31140.02687594247,10.346249308455775
32.0,1255456.75408237,196154.808572903,3.0,572874.4685965636,13.25842189420299
33.0,1255595.16950652,195880.616572618,3.0,545468.8062737259,13.209400898887353
34.0,1263108.5517862,234405.380708069,3.0,124604.97100686008,11.732903780260866
35.0,1262935.07281002,234409.333796084,3.0,120262.17216952635,11.697429406708222
36.0,1255545.10429046,216954.681042209,3.0,54551.34557626184,10.90689765779956
37.0,1255265.38704218,216967.281426221,3.0,14054.8218012977,9.550720804590581
38.0,1258800.58698179,246142.062000096,4.0,1105030.0577848677,13.915383094179298
39.0,1258809.9760378,246596.084016562,4.0,655686.87159337,13.393438624079895
40.0,1279401.98706689,212638.938061789,4.0,2058497.0851546929,14.537486704186573
42.0,1274815.57855019,214267.166415453,4.0,571256.0807636314,13.255592865796709
43.0,1275137.33906253,214259.534863442,4.0,651031.1906236964,13.386312831907327
44.0,1278606.39973807,260543.99148684705,3.0,44372.915141669706,10.700384542951058
45.0,1278505.30936997,261207.579775527,3.0,22702.85180208381,10.030245825626446
46.0,1263738.66269885,193118.371449798,4.0,505361.4386477829,13.133029172346635
47.0,1263720.30877884,192449.732985109,4.0,170606.11145342552,12.047112736688964
48.0,1256988.76483594,256314.264378503,3.0,217530.6163532168,12.29009488444681
49.0,1256994.74377994,256567.370490775,3.0,145689.57271484096,11.889233422805804
50.0,1279509.896635,249937.870963976,4.0,202479.19584331068,12.218392423674723
51.0,1279510.548475,250601.042228654,4.0,328987.92636855465,12.703776331106203
52.0,1259622.40195863,247186.093681157,3.0,33978.672119736606,10.433488316173253
53.0,1259624.42359065,247281.280817255,3.0,14217.52734937179,9.562230802820517
54.0,1270588.07550587,248855.032242864,4.0,122068.57271402609,11.712338237238859
55.0,1270458.83204973,249104.497331128,4.0,174680.01199499975,12.070711076267916
56.0,1263328.80791444,257652.461179882,4.0,95767.91943573988,11.469683037686803
57.0,1263339.08772244,258310.205628559,4.0,244668.08011459772,12.407657795946996
58.0,1269852.56356911,286351.478297263,1.0,0.0,
59.0,1269931.3242092,286352.081305265,2.0,46592.0,10.749184131556358
60.0,1270761.20017804,281362.060756162,3.0,69121.90638220713,11.143626983858693
61.0,1271109.72933041,281358.539796159,3.0,192616.2383491279,12.168455086054514
62.0,1268277.31735949,172954.348773152,4.0,92788.03255512747,11.438072950923031
63.0,1267949.29604717,172956.300197154,4.0,35740.4788718276,10.484039187387719
64.0,1293112.80640893,186888.097779423,4.0,1712.321803817319,7.445605508557093
65.0,1292817.51437663,186607.558003128,4.0,80056.56944374085,11.290488781812607
66.0,1261062.79863212,189161.988277748,4.0,2440176.05841248,14.707580749753413
67.0,1261055.6402321,188817.666101396,3.0,289102.1040629695,12.574535205954326
70.0,1272454.03409977,177834.82391414,3.0,654191.3971617013,13.391155243834413
71.0,1272444.24568376,177462.902761772,1.0,0.0,
72.0,1290300.04762205,166861.452190906,4.0,93182.0,11.442309848973883
73.0,1290264.08378202,166241.259486273,1.0,0.0,
74.0,1291331.86477511,180568.431340948,3.0,408016.1872510464,12.919062127234199
75.0,1291975.29197577,180633.424301013,1.0,0.0,
76.0,1282213.24518177,271972.505034536,3.0,356548.05826007907,12.784224315529627
77.0,1282284.28767784,272235.421834812,3.0,214619.66264203508,12.276622729594854
78.0,1282715.23859029,233091.293474734,4.0,68545.07404091679,11.135246823049107
79.0,1282726.5535343,233531.437603176,4.0,1043098.2771610144,13.857705955009946
80.0,1281281.27494082,226056.509979531,4.0,219581.59779765215,12.299479186370556
81.0,1281551.9082851,226047.25077951,4.0,119198.69440929564,11.688547080611253
82.0,1287215.17222689,201158.116866022,3.0,336319.4708883983,12.725816793430898
83.0,1287404.61177908,201153.593538031,3.0,243233.80422172404,12.401778417037095
84.0,1270277.30814555,258143.212860376,4.0,555442.6920230868,13.227520718065069
85.0,1270642.56068993,258133.419196367,3.0,613165.5041375654,13.326390168913974
86.0,1280294.88581981,228275.444509804,4.0,215339.6629849445,12.27997188833154
87.0,1280580.68646009,228267.878237784,4.0,306460.1523743675,12.632843017340056
88.0,1278378.23845784,237799.906727552,5.0,605694.2945020795,13.314130673248396
89.0,1278804.12933828,237789.334567547,3.0,70946.68221757638,11.16968391923372
90.0,1272824.73246816,230863.305760443,4.0,283447.20437929104,12.554781156868358
91.0,1273064.5368204,230856.854368433,4.0,313728.61815077777,12.65628361778563
92.0,1281381.10514891,275680.326734334,4.0,190200.80553769536,12.155835664298419
93.0,1281742.18412529,275669.226702332,3.0,60679.98714424131,11.013369221600898
94.0,1266283.53726146,171371.195427522,4.0,635871.6446231885,13.362752005324335
95.0,1266257.47658943,170710.072738856,4.0,146365.38960695022,11.893861442771557
96.0,1275345.34392674,282544.803797364,3.0,156832.50859001893,11.962933690600995
97.0,1275752.38968715,282779.186837614,3.0,109095.83110725108,11.599981959425184
98.0,1264664.81015579,281906.94485271,3.0,419461.8064955336,12.946727755441861
99.0,1264668.0404918,282139.998484954,4.0,888405.3040203362,13.697183341291135
100.0,1264664.87082779,190436.459447056,4.0,661934.7945172702,13.402922332359877
101.0,1264659.03127579,189769.788918361,4.0,556282.3830932447,13.229031327564899
102.0,1277398.53695284,278181.299088895,4.0,361163.0799215337,12.797084880243991
103.0,1278429.63762589,278182.661904901,4.0,249847.48434836487,12.428605948073933
104.0,1273761.84018111,281094.578707889,3.0,157865.6007446984,11.969499321821534
105.0,1273941.6010133,281087.15937987,1.0,0.0,
106.0,1266971.44593416,229144.100254685,3.0,101445.77177139436,11.527279666429711
107.0,1267074.50084627,229257.475998804,3.0,623.7343563863412,6.435724566809484
108.0,1263215.73661831,233093.017890736,4.0,655722.9967232975,13.393493717656371
109.0,1263233.93437834,233406.478499055,4.0,661918.4932502665,13.402897705360562
110.0,1284175.52505578,256967.10431517696,3.0,676443.8103997508,13.424604663867315
111.0,1284180.06182379,257310.038331524,3.0,696325.6899529897,13.453572775199037
112.0,1268687.03966393,176563.882920846,4.0,576086.0881419871,13.264012387090046
113.0,1268326.00491154,176567.896360844,3.0,47345.83859654381,10.76523420872338
114.0,1253666.65104054,238556.65130432,4.0,80898.22686892231,11.300947185240535
115.0,1253514.05622438,238559.390120327,3.0,4878.160146389235,8.492523408575058
116.0,1274047.4515094,210438.22855553,1.0,0.0,
117.0,1274103.81880547,210438.612683535,4.0,249110.015477726,12.425649907096867
118.0,1276913.66789635,256953.11122717,4.0,433235.8234678826,12.979037485675809
119.0,1277566.93592902,256933.55941914,3.0,305257.5959347808,12.628911275970568
120.0,1257852.12694882,251724.168245807,4.0,51686.00395171709,10.85294230724495
121.0,1257580.66192454,251728.783733815,4.0,151803.76574247525,11.930343950898655
122.0,1277229.24108067,265328.371011734,1.0,0.0,
123.0,1277229.01074466,265451.370819867,2.0,46591.99999999999,10.749184131556358
124.0,1270481.88644975,169648.417697757,4.0,220878.07552057985,12.305366133783481
125.0,1270458.24344173,168628.175008714,3.0,69592.74540317147,11.15041560817685
126.0,1255234.32931414,208599.474313647,4.0,836558.7409138527,13.637052019195615
127.0,1255208.59843412,207940.24071297,4.0,968289.9583204358,13.783286865123909
128.0,1265867.78743704,272818.187787414,3.0,1143233.412951482,13.949371132734955
129.0,1266470.73860565,272804.600203395,4.0,358324.31186957576,12.789193754380937
130.0,1265927.25674909,170723.599266857,4.0,307913.2003527809,12.637573205201402
131.0,1273840.2426132,190321.361590937,3.0,16722.673346095944,9.72452076297836
132.0,1274132.9129495,190311.40856692204,3.0,123034.80075717956,11.720222527321765
133.0,1269098.01617634,275415.660878062,3.0,47073.73500504618,10.759470481258745
134.0,1269429.16446468,275409.54510206,3.0,24147.007166587075,10.091915724551756
135.0,1293365.06900118,187098.91166763,4.0,146746.42076681356,11.896461347388223
136.0,1263899.44983502,239306.09303309,4.0,1979396.057496986,14.49830233467604
137.0,1263578.79197869,239310.656041101,4.0,751541.7128707297,13.529881992783432
138.0,1286124.69273777,250469.927988529,4.0,778686.943610033,13.565364374518172
139.0,1286452.71635412,250462.30827651903,3.0,92500.49991026892,11.434969327921252
140.0,1252895.25660774,241888.374955744,4.0,272718.55231578206,12.516195598480675
141.0,1252630.71811147,241894.735147744,4.0,767716.4552658243,13.551175745086502
142.0,1281503.52447705,224567.178969994,2.0,46591.99999999999,10.749184131556358
143.0,1281508.38476504,224727.104474157,3.0,93577.9161267074,11.446549695810512
144.0,1255906.26435483,206583.175879583,3.0,7548.705289238864,8.929131342668834
145.0,1255893.83229081,206275.863815263,3.0,54207.48250090915,10.900574231421537
147.0,1274287.39461365,263332.436417699,4.0,1032723.0445650178,13.84770960427933
148.0,1271812.62360312,224388.446681812,4.0,1009356.7806980206,13.824823835147797
149.0,1272089.89438741,224552.525785983,4.0,848301.0597217049,13.650990875024924
150.0,1277243.86668068,218532.477459818,3.0,87060.18202418169,11.374354905894153
151.0,1277236.76600868,218106.060627386,4.0,668150.9482272114,13.412269397391334
152.0,1253250.87664011,238026.825575784,4.0,571013.4900673481,13.255168113695936
153.0,1253012.02505587,238977.303016752,3.0,516319.6727739151,13.154481373519541
155.0,1249067.76489183,214423.403279617,3.0,2437635.4503067,14.706539049666814
156.0,1266148.59358132,250294.497588351,3.0,256589.87858238968,12.455234286045856
157.0,1266156.64676532,250609.36146067097,3.0,348989.83586999035,12.762798077178775
158.0,1280661.65382019,181065.626861453,4.0,612803.364304943,13.325799387447207
159.0,1281077.1979486,181074.766573459,4.0,343716.94830451644,12.747573772953311
160.0,1264359.95677949,190435.671095043,4.0,933438.5629699306,13.746630426161177
161.0,1284064.52723166,183615.953456059,3.0,2741.577007926521,7.916288584154691
162.0,1284315.11270392,183605.35467205904,3.0,202.64126984126997,5.311437272162484
163.0,1275724.35563913,273498.561420113,3.0,130256.39838094384,11.777260082255095
164.0,1275724.35755913,273624.971596241,3.0,213146.12755560185,12.269733254332342
165.0,1270425.5919217,277388.989008084,4.0,1226814.5683880125,14.019931586264223
166.0,1270431.37732971,278050.473552763,2.0,5202.342564765064,8.556864296351963
167.0,1278738.71116221,175783.79357604697,3.0,127940.09031536104,11.759317388923538
168.0,1278738.70949821,175420.741159678,1.0,0.0,
169.0,1280407.09036392,275046.280397683,4.0,261475.9506347541,12.474097591277985
170.0,1280729.71046025,275034.756493673,4.0,330172.84452854475,12.707371567620974
171.0,1264958.1405881,256952.308411166,4.0,310383.6766870614,12.64556447791569
172.0,1265288.06122844,256943.776891157,4.0,118064.4234957578,11.678985716293322
173.0,1259254.25437427,211145.917708263,4.0,971551.032017066,13.786649075516339
174.0,1258928.14480592,211153.105356261,4.0,1205251.1936519393,14.002198562644429
175.0,1267045.12235023,266826.329029277,4.0,61462.66579344976,11.026185209189808
176.0,1267048.67582224,267157.805381611,3.0,23269.92417014692,10.05491699759515
177.0,1268605.79934384,230121.900767684,4.0,167856.98473155446,12.030867614479858
178.0,1268928.17694417,230113.763999686,4.0,178839.84181480814,12.094245945840749
179.0,1256268.74326721,237184.078246921,1.0,0.0,
180.0,1256273.2337632,237345.089063078,3.0,66196.9562274178,11.100389762430261
181.0,1266453.41284563,227664.082845166,4.0,160905.2786377762,11.988571139389363
182.0,1266226.6938694,227870.505373389,4.0,183863.0662533859,12.121946554388366
183.0,1255616.55824253,210587.041227683,4.0,1098357.4619909022,13.909326405438074
184.0,1255285.88995419,210598.314827695,4.0,1093145.3830399197,13.904569771158558
186.0,1268902.42276815,254477.183736622,5.0,713958.413198935,13.478579994806008
187.0,1255407.24893032,258198.797372445,4.0,127077.42068868986,11.75255179142495
188.0,1255079.59574598,258214.809788451,1.0,0.0,
189.0,1276301.07627971,265258.702851668,4.0,580090.8431474004,13.27093999637422
190.0,1276632.77048805,265247.812803656,3.0,318862.455163539,12.67251511374837
191.0,1257392.51267636,241084.258090913,4.0,233000.5965619225,12.358796292896159
192.0,1257396.05405235,241201.171243027,3.0,16065.94612583234,9.684457163425032
193.0,1276780.9621042,267851.166214317,3.0,81871.29921997734,11.312903771549296
194.0,1277212.38085665,267460.401541919,3.0,151784.4522405049,11.930216716040038
195.0,1264704.14833184,249662.072947696,4.0,207050.83530392183,12.240719623275751
196.0,1264455.25706759,249709.06501174,4.0,202658.44405427136,12.21927729935649
197.0,1284829.67468844,196327.831229076,4.0,202830.13305329648,12.220124124736923
198.0,1284825.84198445,195963.298812702,1.0,0.0,
199.0,1272929.66699627,268932.71354343,3.0,97472.37651636644,11.487324299063017
200.0,1272807.71218014,269254.396295756,3.0,9451.58702122013,9.153937945141108
202.0,1267571.34635077,254506.137080655,4.0,489484.0642531816,13.101107185270946
203.0,1269108.91083235,273547.760780156,2.0,1937.6773242647091,7.569245279240741
204.0,1269248.5939685,273545.121996149,2.0,19845.94980572498,9.895755225282485
205.0,1263902.16829902,275697.976974353,3.0,46594.000000000015,10.749227056459247
206.0,1263905.77981903,275847.116110504,1.0,0.0,
209.0,1285276.7859849,187535.758260086,4.0,666448.7374966332,13.409718502659649
210.0,1285303.72755294,187534.997108072,3.0,176340.8106039537,12.080173825454507
211.0,1252643.02019149,237537.500135288,3.0,17294.85843162086,9.75816453582871
212.0,1252334.24195117,237864.672039613,4.0,66796.80590967725,11.109410542658134
213.0,1258389.45718938,193259.14085793504,3.0,65002.33955503576,11.082178541384433
214.0,1258363.56291735,192603.186105266,3.0,10626.410578607118,9.271097745320237
215.0,1272234.48792355,239077.257832855,4.0,123123.56942923243,11.720943759558017
216.0,1272900.20837224,240350.108970165,4.0,143990.9886366312,11.877505997687713
217.0,1257046.966116,252397.156406492,4.0,106325.66711150335,11.574261994369758
218.0,1257058.92675601,253057.077687174,4.0,232930.31290674224,12.35849460157547
219.0,1272767.9543561,247459.440881446,4.0,101356.2816100104,11.526397129337997
220.0,1273438.45598878,247439.566897422,3.0,93304.63106016204,11.44362502183256
221.0,1284244.68831985,199447.878464282,3.0,81195.1237561018,11.304610472081803
222.0,1284241.75916785,199241.687296063,4.0,776857.1546448923,13.563011770292878
223.0,1262725.32292181,260986.9804793,3.0,309421.1627373158,12.64245861406225
224.0,1262584.74640967,260990.464383304,3.0,232511.63531778828,12.356695547134954
225.0,1255188.2628181,200903.786945775,2.0,3101.815234871696,8.039742778736121
226.0,1255183.5640021,200748.802689612,3.0,298755.64492875367,12.607381277208354
227.0,1280020.90937153,269028.75603953,4.0,900969.2929514964,13.711226454934781
228.0,1280024.75449152,269440.160391957,1.0,0.0,
229.0,1261753.95248882,264877.850627273,3.0,512312.0,13.146689093428092
230.0,1261288.76541634,264893.885059297,1.0,0.0,
231.0,1275560.70565496,255996.255546182,4.0,308751.14390293206,12.64029087186623
232.0,1275569.99435897,256328.123322517,4.0,152082.2472403506,11.932176753751918
233.0,1278684.01669815,228317.968989834,4.0,108384.6127312431,11.593441408938201
234.0,1278720.35884219,228743.301854283,4.0,61254.91189367991,11.022799319374121
235.0,1256279.28886722,210564.764043659,4.0,1246701.2681661523,14.036011635550928
236.0,1256257.2134752,209890.90055497,4.0,2070364.811608671,14.54323538720566
237.0,1283124.8408307,210839.53613995,3.0,58472.047196045096,10.976304093316235
238.0,1283111.4881267,210512.143755615,3.0,117756.22959980836,11.676371915785456
239.0,1275486.36498289,225729.493211195,4.0,353606.0480186812,12.775938713724582
240.0,1275808.3183912,225721.644507185,4.0,296227.5693309008,12.598883253226196
241.0,1268721.36894396,225187.020890638,5.0,1364912.0908420472,14.126600582213761
242.0,1268504.63582373,225553.576923013,4.0,2214925.6995915994,14.610729416696316
243.0,1271726.48536304,250747.195124805,3.0,48429.04773345328,10.787855072462959
244.0,1271871.00305918,250735.363508791,4.0,158446.39557857515,11.97317161685512
245.0,1269274.20971252,278213.279312938,3.0,94903.91008876698,11.460620185949095
246.0,1269769.50238502,278202.772432923,3.0,146569.52955011523,11.895255199287842
247.0,1272200.78821152,187765.71877232203,3.0,356610.67490570527,12.784399919200663
248.0,1272198.48241952,187517.871476054,4.0,439222.9935605871,12.992762521087098
249.0,1269589.64907284,256172.180026367,4.0,860026.2895001314,13.664718236948662
250.0,1269597.61067285,256834.457595035,4.0,573905.0833102702,13.26021930154158
251.0,1268658.77854389,218394.933075681,1.0,0.0,
252.0,1269023.34968026,218229.76315550497,3.0,292805.28325512685,12.587263104810626
253.0,1260984.10000803,249850.284211889,4.0,641493.2730802306,13.37155397674782
254.0,1260335.19971937,249864.353715912,4.0,971083.488389016,13.786167725440277
255.0,1277566.23020101,234443.87869212,3.0,63736.114097519865,11.06250662121675
256.0,1277708.74668115,234439.286820114,3.0,28381.47958385748,10.25349208409282
257.0,1279089.24946657,219611.869652927,3.0,300759.5559833833,12.614066407175484
258.0,1279503.01733899,219581.616724893,2.0,2748.8720156537474,7.918945930389469
259.0,1261276.56496833,237093.940646827,3.0,34675.4981997213,10.453788612771852
260.0,1261226.90858428,237094.913702831,3.0,82173.80398936816,11.316591843992285
261.0,1263796.44413891,211697.102668822,4.0,145721.55105660067,11.88945289515452
262.0,1263551.36618666,211703.440908834,3.0,215430.83181682523,12.280395170958098
263.0,1250376.44239716,242364.84382022903,3.0,1168.8495666635922,7.06377526770258
264.0,1250339.28956513,242610.55626848305,3.0,91585.81572921255,11.425031688553938
265.0,1272495.44670781,230027.744479597,4.0,1205167.458966635,14.002129085348235
266.0,1272502.11633983,230448.031328022,4.0,602164.5223299465,13.308285979860143
267.0,1285134.09536076,248468.497586474,3.0,773.0366028593968,6.6503263991602815
268.0,1285043.06464067,248891.980338901,5.0,152077.84909903267,11.932147833841835
269.0,1276985.20280841,204502.511045456,4.0,199499.95623363796,12.20356929593177
270.0,1276982.64344841,204269.200517222,3.0,237577.25273227453,12.378248124228708
271.0,1277623.74751307,263231.847681597,3.0,21029.45028429034,9.953679128758825
272.0,1277624.75800908,263892.966786265,4.0,161992.28553342583,11.995303992916607
273.0,1281207.18585274,265771.55027619,4.0,208412.92876269552,12.247276625145771
274.0,1281413.78290895,267032.68256548,3.0,438054.8237399709,12.990099349881776
279.0,1274266.19845363,251901.893941984,3.0,8570.87362954809,9.056124946833602
280.0,1274302.69278967,252115.322358206,2.0,16186.181036078666,9.691913134725501
281.0,1270532.2527858,191028.319159657,2.0,679173.7964115125,13.428632333157767
282.0,1270620.42289791,190763.84069538105,3.0,650219.5240157542,13.38506531410914
285.0,1266570.15671775,170699.37987484,3.0,103075.93352354268,11.543221214274741
286.0,1266413.89521359,170704.723682851,2.0,159.10261437908497,5.0695493675097065
287.0,1268787.59620802,181604.503086001,4.0,550507.0244392756,13.218594995171138
288.0,1268779.37214401,181154.647981539,4.0,617726.9325173202,13.33380178202427
289.0,1265328.57719648,282120.576276928,3.0,998252.4762142624,13.813761505477625
290.0,1264958.0536761,282131.535956949,3.0,53465.11315459989,10.886784629612343
291.0,1279899.67865141,219094.483860403,4.0,794431.8294919861,13.585382458246762
292.0,1280150.64466766,219085.027476385,4.0,623757.8953027163,13.343517583767703
297.0,1264549.93469968,169405.926049516,3.0,64052.85001327145,11.067463803029256
298.0,1264521.72810766,168731.543584824,3.0,9505.463379729186,9.159622004889327
299.0,1291730.76915951,187872.753652424,4.0,131887.8228042709,11.789707013020253
300.0,1291412.60768719,187395.802803934,3.0,212889.51140254585,12.268528584297142
301.0,1267292.28491049,172961.222757161,4.0,6925.672106323393,8.84299038141075
302.0,1266093.37226926,250037.735284075,3.0,23537.48098097531,10.066349364934293
303.0,1266208.31396538,250034.761524081,3.0,7324.298332001419,8.898952638443983
304.0,1274176.87346154,250599.453620657,3.0,89678.94063636058,11.403991244968427
305.0,1274844.53752622,250577.064244628,4.0,88886.41919336884,11.39511464485326
306.0,1254535.07350543,207961.851273,4.0,493304.8816185758,13.108882683014293
307.0,1254210.5092171,207972.267593011,4.0,262726.20082911046,12.478867707392723
308.0,1266928.21111812,255582.142521754,4.0,151387.12656765978,11.927595587094597
309.0,1266931.30103812,255846.406394035,3.0,23390.47068727673,10.060083982816398
310.0,1262729.51287381,210410.578955501,3.0,1502622.6217109244,14.222722553849076
311.0,1262469.79191355,210415.162315503,3.0,310651.2921554695,12.64642631500506
315.0,1269491.46948874,170957.9501791,3.0,832832.3359039893,13.632587623463778
316.0,1281584.93740512,258811.106877059,4.0,1731423.3025830318,14.364454346482894
317.0,1282238.40102179,258789.689213037,3.0,1216419.045598167,14.011421892010821
318.0,1267564.49860677,189777.556278378,4.0,241758.02374546367,12.395692603025205
319.0,1267575.54942279,189001.198901579,4.0,231848.99925306943,12.353841573455188
320.0,1278967.97317845,179412.024491757,4.0,1249116.5972436056,14.03794713722751
321.0,1279806.76741931,179406.70788376,4.0,1229974.0946800448,14.022503665891074
322.0,1272998.52152434,192761.953849435,3.0,232928.0,12.358484671917985
323.0,1272988.50117232,192162.954680815,3.0,1038729.9519875996,13.85350932483327
324.0,1273568.74546091,283458.316054299,1.0,0.0,
325.0,1273772.30635713,283448.097302288,3.0,324921.6710456868,12.691339420096657
326.0,1277231.12396067,229510.68969506,4.0,198468.34704063024,12.198384905641673
327.0,1277402.08255285,229506.704799056,1.0,0.0,
330.0,1277446.44172089,176461.450664744,3.0,163234.14299215146,12.002940909141618
331.0,1277436.98604088,176017.840680286,1.0,0.0,
332.0,1284279.37100789,201862.135426745,4.0,68792.08611598141,11.138843989921288
333.0,1284274.73350388,201536.872002423,4.0,72515.97897966628,11.191562216277852
334.0,1256378.51209931,191967.406904623,4.0,501725.7218287498,13.125808878499853
335.0,1256411.59011535,191289.267127916,4.0,591259.1251971839,13.29000965240649
336.0,1257447.87773241,190642.838007256,4.0,312706.33891082526,12.653019814781322
337.0,1257456.81603642,189904.169846505,4.0,154506.59390821683,11.947992053426798
338.0,1271622.29528293,225342.298778787,4.0,423174.791753562,12.955540591952403
339.0,1271466.34283477,225605.664411068,4.0,787805.7112885085,13.577006779160737
340.0,1256233.67869116,251223.321525291,3.0,23020.434348205217,10.044137550395229
341.0,1255563.68105848,251229.0350613,4.0,137810.14325996308,11.833632243415584
342.0,1277295.27832873,263903.880770281,4.0,187549.0585779755,12.141795735918526
343.0,1256426.80400336,205931.08167091,4.0,1221332.6509305914,14.015453157372022
344.0,1256105.98377904,205943.834630936,4.0,769484.1511689663,13.553475635777316
345.0,1292385.86887218,186108.49073861504,3.0,644653.9938849331,13.376469008251318
346.0,1292367.65728816,185438.830385938,4.0,1046072.2069165908,13.860552952693459
347.0,1259633.64829464,247734.430513725,4.0,72239.35539093333,11.187740264891218
348.0,1259639.46717465,248017.00805001,4.0,1353658.7011821822,14.118321633606392
349.0,1285314.62912095,257737.550267965,2.0,46592.0,10.749184131556358
350.0,1285362.333057,258416.643388659,4.0,337809.7894805591,12.730238263044148
351.0,1285257.01568088,244540.88273444804,3.0,296127.4665754776,12.59854527093413
352.0,1285262.80768089,245200.360111132,3.0,80982.14421689394,11.301983967586978
353.0,1266748.57534194,233089.124514729,4.0,1386303.9092969585,14.142151705472688
354.0,1267070.45694226,233080.91587472,4.0,1306870.6164777272,14.083145994957766
355.0,1256307.98563524,195514.808572248,1.0,0.0,
356.0,1256302.42691524,195314.88639605,3.0,93182.0,11.442309848973883
357.0,1269298.63224055,278730.970193461,3.0,92642.90846848692,11.436507687699219
358.0,1269771.88395303,278723.644433454,3.0,454852.9101969996,13.027729371376381
359.0,1262064.28253713,189803.961078405,3.0,19642.53636253477,9.88545271626551
360.0,1261695.93322477,189809.565046415,4.0,641656.7975618452,13.371808856494534
361.0,1265299.62513246,280002.885650769,3.0,397536.6919695031,12.893042515658026
362.0,1265815.39742097,279988.021842748,3.0,136279.24646464642,11.822461342442375
365.0,1271883.53291519,231297.731424898,3.0,68299.7691360742,11.131661665407842
366.0,1271888.02238719,231603.05334520305,3.0,17085.465454560348,9.745983407641003
367.0,1274130.4621335,190030.23256664,3.0,76016.70981578405,11.238708461098641
368.0,1274179.19499755,189677.760502279,3.0,108011.81176877978,11.58999586835553
369.0,1270424.67492969,274729.535949364,4.0,270500.6402392152,12.508029744139126
370.0,1270756.92101003,274724.504141361,4.0,197792.2395698215,12.194972463679253
371.0,1271075.48568237,248046.229746044,4.0,255082.96512298088,12.44934412464807
372.0,1271438.86974673,248035.366578028,4.0,35915.505375643035,10.488924385846431
373.0,1274268.64037363,259352.550973624,4.0,764163.9966315236,13.546537700390374
374.0,1274270.37854964,259683.771133959,4.0,127959.41716137016,11.759468439202895
375.0,1261768.42717683,265437.196291849,3.0,605408.0,13.313657889886146
376.0,1261458.53143252,265446.037827864,1.0,0.0,
377.0,1276039.51608744,220853.143062204,3.0,91053.60227832488,11.41920364811091
378.0,1276350.46463177,220846.391766191,4.0,101452.10811199808,11.52734212485076
379.0,1277615.54636106,232783.297378406,4.0,696890.3975862383,13.45438342857754
380.0,1277912.32402536,232775.428962409,4.0,563845.2138409527,13.242535049269264
381.0,1283070.97311865,252521.099382624,3.0,144363.76694252994,11.880091552504185
382.0,1283068.69196665,253181.110583305,3.0,128646.44825477042,11.76482320951511
383.0,1263313.31057042,248469.24856247,4.0,738400.8271373105,13.512242082345274
384.0,1263325.08906643,249002.108083025,4.0,517635.9626162896,13.157027499307572
385.0,1252428.75356726,214820.537360013,3.0,121603.08157297004,11.708517590076081
386.0,1252421.85167927,214739.283599943,2.0,163821.03677481128,12.00652987179338
387.0,1255252.56944217,236153.93891786,3.0,11658.997754155838,9.363833500305761
388.0,1255269.04157017,236553.273766279,4.0,31021.29329522536,10.342429128163989
389.0,1263631.26986673,199628.698944464,1.0,0.0,
390.0,1263616.49271473,199070.942207888,3.0,93182.0,11.442309848973883
391.0,1254709.46294561,203031.283395946,3.0,95905.4518550258,11.471118108630282
392.0,1254698.72476959,202702.723331615,3.0,48431.04700338316,10.787896354064749
393.0,1277756.7232572,236154.740069866,4.0,204072.10136556733,12.22622864844834
394.0,1277866.49567331,236306.955302015,4.0,156838.3640550618,11.962971025690441
395.0,1270694.24363397,244460.160814375,4.0,206941.67425597328,12.240192265664405
396.0,1270708.24920198,244857.596718773,4.0,266263.63103530864,12.492242191072028
397.0,1265295.24785244,279597.910738349,3.0,487983.8767218664,13.098037644785096
398.0,1264635.03530777,279616.65121837,1.0,0.0,
399.0,1280908.49094044,263513.984897882,3.0,25029.174704521844,10.1277974116298
400.0,1281068.6552926,263449.07328181,2.0,3174.3832643069686,8.062868644995937
401.0,1253983.31184086,251334.928885415,4.0,617709.0391877369,13.333772815197994
402.0,1253990.96144088,251776.016885862,4.0,119153.5466272091,11.688168248153623
403.0,1262664.78756176,166508.893790543,2.0,93180.0,11.442288385370787
404.0,1262502.48215358,166334.272414371,2.0,46592.00000000001,10.749184131556358
405.0,1269215.58187246,224984.423514426,4.0,1172801.5270024813,13.97490591212807
406.0,1268998.64561623,225351.006106809,4.0,2320020.422681734,14.657086546483805
407.0,1264488.84362762,275868.04123053,2.0,46586.000000000015,10.7490553457913
408.0,1263931.49994706,276285.286158964,4.0,279504.00000000006,12.54077188274501
409.0,1259260.46301426,216050.79771328,1.0,0.0,
410.0,1258934.30883794,216064.797969297,4.0,107371.10493293755,11.584046383265958
411.0,1265401.62366055,234665.511780336,4.0,214440.574857993,12.275787938678382
412.0,1265701.59518087,234658.856292337,4.0,593803.0098240603,13.294302910049472
413.0,1271813.20101112,275361.899214014,2.0,153244.45084636056,11.93978964333119
414.0,1272017.50872333,275531.346382186,3.0,108469.20140176752,11.594221553619104
415.0,1264006.30391513,189239.119349822,4.0,366395.5275200913,12.811468705157642
416.0,1263993.59101911,188703.64568527,4.0,751003.7492223555,13.529165923040543
417.0,1275739.63743114,280954.946387738,4.0,269315.0740055511,12.503637252003125
418.0,1276002.51154341,280942.463507727,1.0,0.0,
419.0,1282048.3383656,208297.749513343,3.0,473542.19958656747,13.067996310311985
420.0,1282041.9315816,207921.563592955,4.0,1061980.795029506,13.875646396844148
421.0,1258890.08579789,214463.586319655,4.0,102785.32868105656,11.5403979047078
422.0,1258624.06077361,214470.060687661,4.0,112297.01846135044,11.628902590608726
423.0,1270897.60376218,241414.757099256,4.0,1046594.87687145,13.861052477887673
424.0,1271191.19608249,241406.438891247,4.0,1361432.323100613,14.124047882259028
425.0,1251557.23075038,239256.623977035,4.0,361817.5499324101,12.798895358042763
426.0,1251618.65615845,239918.536361724,4.0,175424.8171327119,12.074965837695617
427.0,1265401.32804455,246789.716208756,3.0,57398.92624182227,10.957780875544225
428.0,1265406.24369256,246954.268656924,3.0,10300.746241672749,9.239971622241145
429.0,1258314.7559413,212911.597582072,4.0,330382.4498084395,12.70800620120495
430.0,1258295.65296528,212206.491405338,4.0,421275.1632089366,12.951041493485288
431.0,1273664.10021302,253277.453879401,3.0,57294.70765549633,10.955963536403972
432.0,1273862.04011722,253270.108727396,4.0,12622.950263432223,9.443271885590795
433.0,1255185.96790609,196691.21503745,3.0,931240.2361421578,13.74427256394138
434.0,1286707.00787437,190644.988919258,4.0,1804288.107693798,14.405676671783274
435.0,1286688.64339435,189885.059638485,2.0,1730872.009515238,14.364135891225466
436.0,1254251.42089714,214603.774991795,4.0,191365.3410269568,12.16193966023992
437.0,1254237.06428912,213938.960399121,2.0,46592.0,10.749184131556358
438.0,1286481.12710615,208148.872841194,3.0,677880.0425894292,13.426725622934693
439.0,1286477.38925013,207788.435912818,4.0,142300.45711305027,11.865695996392182
440.0,1266440.14225362,249498.323635533,4.0,109395.22935250185,11.602722560638036
441.0,1266446.57591763,249758.489139795,4.0,308655.9252985397,12.639982425105908
442.0,1266444.57559763,177107.2335134,2.0,11298.094857173786,9.332389393776124
443.0,1265959.86103712,177112.357545406,3.0,42825.52134860141,10.664889497049368
444.0,1283484.21279907,170258.48899439,3.0,139768.0,11.84773918415428
445.0,1283634.05171123,170254.711138383,2.0,186344.0,12.13534970691119
446.0,1265789.42174095,233349.118050992,2.0,46.323710290627794,3.835653931322517
447.0,1265791.09073295,233415.684899062,3.0,416471.8011647369,12.93957403401065
448.0,1270814.63941009,176557.03613683596,3.0,349189.572305005,12.763370240832199
449.0,1271066.99121836,176557.166056842,3.0,130309.526982821,11.777667876194684
450.0,1269330.43435258,175897.508904159,4.0,2237921.8257945213,14.621058236857207
452.0,1275575.59346297,229124.335198671,4.0,1010138.3221803888,13.825597832094134
453.0,1275895.8339753,229116.870942652,4.0,956047.510473554,13.770562887946745
454.0,1270424.7891057,274064.09966068,4.0,741629.093777881,13.516604523556335
455.0,1295065.35764293,181879.040238291,3.0,47084.07097273172,10.759690026895344
456.0,1295063.01409093,181766.504046172,1.0,0.0,
457.0,1271597.3543549,276029.997902691,3.0,50934.940878020905,10.838304428289634
458.0,1271750.05976306,276024.509774685,2.0,40.0,3.6888794541139363
461.0,1263799.56420292,189777.560182378,3.0,46618.15465663516,10.749745329151576
462.0,1263689.76682681,189779.23045437,3.0,12493.94371836009,9.432999303349924
463.0,1263685.2563628,283615.557910472,1.0,0.0,
464.0,1263371.67690648,283624.339670479,3.0,258309.16468257364,12.461912459223276
465.0,1260020.65706305,169026.856289133,3.0,108754.02905450096,11.596843997041661
466.0,1259841.25021486,168629.262944713,4.0,83166.78249124372,11.328603298184916
467.0,1269341.94417658,270654.593993187,4.0,59389.39694533443,10.991870986813453
468.0,1269343.24568059,270760.100681305,4.0,54220.296838710994,10.900810597746467
469.0,1253499.28067237,251003.048949078,1.0,0.0,
470.0,1253507.26819238,251316.269493386,3.0,279502.0,12.540764727186753
471.0,1256231.22889917,251077.274869144,3.0,21028.17005273508,9.953618248873306
472.0,1286782.98899445,249163.453555182,2.0,46592.0,10.749184131556358
473.0,1286958.33875462,249158.007027179,1.0,0.0,
474.0,1282987.72793457,263045.627265409,4.0,193214.0450210006,12.17155389491434
475.0,1283218.8071668,263036.516033396,4.0,188572.74307861103,12.147239116354365
476.0,1274158.20485352,235984.13379769,4.0,195431.11806795056,12.18296325907387
477.0,1274418.14136578,235977.720421687,4.0,149638.44082382583,11.915977268893135
478.0,1272906.37829223,218975.758996278,4.0,1439699.4699546292,14.179944948350615
479.0,1272709.35442004,218127.068819404,4.0,1229868.7845293244,14.022418042413513
480.0,1286529.52659419,177929.980202243,3.0,122294.02560339312,11.714183470141844
481.0,1286782.01984245,177262.075689554,3.0,18893.49656582993,9.846573044786725
482.0,1267402.5599186,178325.892138645,4.0,105094.88792671988,11.562618915593777
483.0,1266741.73022193,178290.513962612,3.0,22828.505974253665,10.035765296044472
484.0,1284128.65247974,179515.564331874,3.0,841897.4331814472,13.64341347248092
485.0,1284294.0589439,179367.969771713,3.0,750508.3559087346,13.528506063782794
486.0,1275109.38770249,283198.371414036,5.0,404802.59641487134,12.91115481100318
487.0,1275121.70687051,284223.727639094,3.0,436942.3051263554,12.987556440479194
488.0,1295074.32839493,182562.836142987,4.0,110198.57292419644,11.610039225745926
489.0,1267121.43447831,280268.323475033,3.0,104600.31487933957,11.557901840927162
490.0,1267785.198255,280259.525587022,3.0,152000.27568056106,11.93163761351467
491.0,1262913.33892201,233473.991843119,2.0,24858.958317190813,10.120973462223429
492.0,1262917.30577001,233648.180131301,2.0,1399.4357980436307,7.243824432979056
493.0,1294962.68756282,186508.085107028,3.0,95296.40553730296,11.46474737158893
494.0,1295243.67943512,186494.57726702103,3.0,65336.40326591233,11.087304637204571
495.0,1283921.71654353,169768.209121883,4.0,102372.86914000109,11.536377006677467
496.0,1283919.93471952,169675.581409797,1.0,0.0,
497.0,1264649.92996378,280820.336467609,4.0,451532.7539014873,13.02040319384025
498.0,1264656.87876379,281311.356436104,3.0,587941.8608952329,13.284383345963692
499.0,1277195.70501663,228634.615006164,5.0,1340921.6650423931,14.108867745227517
500.0,1277218.07704866,229086.050782621,4.0,593881.7634211552,13.29443552705187
503.0,1279712.86405921,248610.75947462,4.0,1052110.9832113667,13.866309164064546
504.0,1279723.95423523,249274.821811303,4.0,602524.433928481,13.308883497762789
505.0,1276853.71000828,213253.478798419,4.0,445665.2414592101,13.007323369488367
506.0,1277089.34405652,213248.951246411,4.0,362617.1182812496,12.801102786009967
507.0,1256780.54537973,189273.057269856,3.0,5036.186566459271,8.524404441034678
508.0,1256439.03888337,189284.340725869,4.0,397871.3153464165,12.893883903709384
509.0,1255851.00496277,243144.259885028,2.0,46591.99999999999,10.749184131556358
510.0,1255685.74710661,243146.895085022,4.0,101703.55166864317,11.529817504422367
511.0,1262101.85040918,286961.303513885,3.0,180674.50630257823,12.104452383630932
512.0,1262104.93994518,287500.402842447,2.0,85932.09408008512,11.36131265961449
513.0,1284345.20582396,176259.884840533,3.0,555548.3466708786,13.227710916985547
514.0,1285007.17107263,176234.694888502,4.0,952402.2478852523,13.766742753824369
515.0,1276708.12888813,277501.008464202,3.0,73449.74833941295,11.204356755311784
516.0,1277408.12946485,277475.041616172,4.0,200450.6173016008,12.208323197644862
517.0,1288927.42701265,171552.286307707,3.0,279027.47143101913,12.539065519866712
518.0,1290000.39565374,171584.573283747,3.0,96737.19561299012,11.479753257048271
519.0,1258419.30262941,286518.623641431,3.0,85202.39296347223,11.352784798848722
520.0,1258335.17482132,286519.408729434,3.0,85990.06984506793,11.361987101651012
521.0,1265888.71089305,189775.082166374,4.0,174460.98013710012,12.069456386090769
522.0,1265721.55114888,189773.390262365,1.0,0.0,
523.0,1276937.20850436,258610.386748865,4.0,157467.93108356124,11.966977104348189
524.0,1277347.38552879,258597.844476849,3.0,103386.46294790872,11.546229313219918
525.0,1271273.91045056,176557.272040844,4.0,111715.18847239058,11.623707951394387
526.0,1271922.03352323,176734.536425024,3.0,38422.56100993693,10.556400092350255
527.0,1285146.49030477,178860.411435202,1.0,0.0,
528.0,1285324.22188896,178857.60369119,2.0,46591.99999999999,10.749184131556358
529.0,1267582.47659078,234617.031204298,2.0,46591.99999999999,10.749184131556358
530.0,1267688.7841109,234614.773348287,1.0,0.0,
531.0,1285195.04307282,182860.607471287,3.0,166216.4268973592,12.02104599465024
532.0,1285630.87680127,182119.696558535,1.0,0.0,
533.0,1255213.2148821205,215243.915408447,6.0,346377.6688522008,12.755284987230365
534.0,1254913.33590582,215254.07291247,2.0,58658.13331705566,10.979481519949685
535.0,1277763.52018522,216685.932561934,6.0,990800.6002880308,13.806268582459118
536.0,1278078.37554553,216665.651089907,4.0,240942.56826487213,12.392313878118529
537.0,1274853.81765424,251630.758645713,4.0,111211.36980956903,11.619187902060734
538.0,1275298.70815068,251615.483125702,3.0,73315.16529674451,11.202522760018807
539.0,1284269.33331187,241482.847531319,3.0,302856.5240655535,12.621014454411018
540.0,1284051.12569565,242379.337196246,4.0,775049.0646518929,13.560681615559789
541.0,1268590.53822382,227026.243932515,4.0,2590068.9351749136,14.767195049219174
542.0,1268807.25924805,227264.457372755,4.0,101692.02791035573,11.529704190668708
544.0,1271535.74654683,224224.612377644,4.0,1520241.233996297,14.234379586806414
545.0,1272508.91057983,238184.070375949,4.0,208403.84728328453,12.247233049743175
546.0,1272819.20523615,238177.726503938,4.0,279500.1814027198,12.540758220602912
547.0,1264923.37527606,247206.99652917695,3.0,41538.13990136455,10.634367317933645
548.0,1264679.54801181,247127.6282731,3.0,111941.8853140045,11.625735134486876
549.0,1267401.3787986,233985.91472365,4.0,1763863.4645888817,14.383017111526549
550.0,1267726.01534294,233978.92125164,4.0,761667.4374267644,13.543265305580679
551.0,1274868.03320625,228805.854878336,4.0,139527.60132384938,11.846017719624381
552.0,1275190.17823058,228803.149150342,4.0,146955.6351032981,11.897886018191098
553.0,1263795.43626691,235272.85539695603,5.0,666608.7832024854,13.409958620890313
554.0,1263464.65143457,235279.347812966,4.0,374653.2038106012,12.833756087232208
555.0,1295062.20506693,181712.482798114,1.0,0.0,
556.0,1295054.80647492,181218.71972560897,3.0,1779832.447518496,14.392029787230118
557.0,1287008.66176268,177181.962025478,2.0,29842.85459465168,10.30370071310189
558.0,1287004.41344267,176864.766825154,3.0,211360.4943299219,12.261320458558878
559.0,1286923.83942659,173249.976805449,3.0,226019.02842043445,12.328374471260688
560.0,1287343.63616303,173240.263909444,1.0,0.0,
561.0,1256306.04176325,200812.851137683,3.0,358728.5725250195,12.790321316118915
562.0,1256089.88867502,200768.21536162504,3.0,247029.74230539927,12.417264022552807
563.0,1268606.11627184,187801.835508347,4.0,64262.09004249241,11.070725156922947
564.0,1268605.95351984,187635.203572184,1.0,0.0,
565.0,1280968.0271965,214838.453968033,3.0,127243.21320732508,11.753855598666869
566.0,1280956.54495649,214363.134031549,4.0,329317.20921660826,12.704776726994723
569.0,1270502.32670578,190121.404342726,3.0,139768.0,11.84773918415428
570.0,1270537.62385781,189764.57829436695,3.0,186922.0987464368,12.138447224797748
571.0,1267877.01931109,190436.520183057,4.0,502218.79346170765,13.126791147270874
572.0,1267904.10718311,189778.89714238,4.0,261303.95228311463,12.47343957685591
573.0,1257578.70326854,209945.991307035,2.0,276.0271838270042,5.620499352993946
575.0,1264738.29297188,195105.826427832,3.0,215984.67843495164,12.282962750978905
576.0,1264458.61469959,195114.439611837,4.0,170054.45437044825,12.043873984567123
577.0,1285607.83520125,246509.837808475,3.0,46412.54738122813,10.745325119356952
578.0,1285970.26195362,246502.319792464,3.0,46327.40151515148,10.743488890395993
579.0,1288464.67296417,252078.093430176,3.0,724172.3844548151,13.49278474310224
580.0,1288604.73702832,252080.305974171,3.0,537610.2828046432,13.194889195248933
581.0,1256534.31721948,257119.79525932705,3.0,87240.42728515896,11.37642311811603
582.0,1256364.34909131,257123.15417133304,3.0,550493.2701805952,13.218570010148431
583.0,1281239.68511677,224737.516826168,4.0,160586.64133388354,11.986588897295967
584.0,1281252.54111679,225156.256474599,4.0,151614.32925676854,11.92909526788704
585.0,1258719.02838971,193250.571001932,4.0,156253.88716353962,11.959237445135853
589.0,1260213.23050325,245141.546607062,3.0,96800.18735482488,11.480404208746524
590.0,1275203.08370259,188776.547445357,3.0,65440.86659885717,11.08890221383652
591.0,1275493.8708389,188767.579253346,3.0,112042.8665988139,11.626636814541332
593.0,1267896.38308711,240335.843946144,3.0,2250773.7242305605,14.626784592504114
594.0,1266059.26698923,281584.088852391,2.0,151873.7985728819,11.93080518241443
595.0,1266205.85924537,281582.348372385,3.0,227743.3187961184,12.335974478999779
596.0,1263269.02391437,170318.038434446,3.0,60510.51521011418,11.010572434042427
597.0,1263262.67025037,170056.866018176,4.0,433306.4753535345,12.979200551889436
598.0,1259151.94615015,287296.624986231,4.0,139279.37133743436,11.844237060771878
599.0,1259232.42666224,287374.085146308,3.0,1164.3174603174605,7.059890323338204
600.0,1278275.63199374,221030.702102378,3.0,44873.30774247566,10.711598414605442
602.0,1270369.09732965,179160.387563497,4.0,501902.5201599253,13.12616119686956
603.0,1270691.65995397,179156.114923492,3.0,412959.4299602956,12.93110463457638
606.0,1267419.55627061,179189.314347535,4.0,95240.9382070371,11.464165151529148
607.0,1266758.42833394,179194.576747537,4.0,46994.284161607786,10.757781259713852
608.0,1295079.84449095,183082.814383522,2.0,46592.0,10.749184131556358
609.0,1295737.66010761,183058.505711496,4.0,578227.0125723977,13.267721825861901
610.0,1283693.21369529,208113.068489149,1.0,0.0,
611.0,1283687.82195129,207822.11533685,4.0,1426122.2952421948,14.170469637318519
612.0,1273769.83000512,282929.763349757,3.0,76369.10164695824,11.24333346464653
613.0,1273945.9195413,282922.421141759,1.0,0.0,
614.0,1280672.21778819,175736.153896004,3.0,77688.83185127996,11.260466791807225
615.0,1280666.33689219,175442.232551694,1.0,0.0,
616.0,1265938.5218371,255606.07551378,3.0,110364.5612599187,11.611544358212168
617.0,1265947.02020511,256271.109626472,4.0,129974.2400554564,11.77509155638317
618.0,1280454.96364397,180051.44906841204,3.0,651625.0520048909,13.387224601878408
619.0,1280769.86162829,180042.741420403,4.0,848607.9610478439,13.651352593096698
620.0,1275564.32376696,272602.294475183,1.0,0.0,
621.0,1275724.57311113,272602.293195188,3.0,334970.5372378237,12.721797858395695
622.0,1271248.29765055,257452.468795672,3.0,413211.459816001,12.931714750150876
623.0,1271593.77329889,257442.08101967,3.0,1094821.5950899438,13.906101981100218
624.0,1278171.58956163,174453.99114269,3.0,111635.09107079204,11.62299071562288
625.0,1278502.97932197,174450.570214674,3.0,59235.404715567216,10.989274694737718
626.0,1273747.03346109,209867.885194942,1.0,0.0,
627.0,1273421.71026076,209504.543050572,3.0,93182.0,11.442309848973883
628.0,1266641.30257383,237122.795878857,4.0,462804.1807728666,13.045059307910092
629.0,1266649.06436583,237420.578791156,4.0,796547.0882486579,13.58804152554104
630.0,1288248.08025995,182250.291118667,3.0,219440.52124289583,12.298836500940855
631.0,1288354.30906005,182142.30545455203,3.0,128990.83534939768,11.76749663701696
632.0,1274224.5728536,282910.743701741,1.0,0.0,
633.0,1274439.15640581,282901.700757742,4.0,67063.0354290163,11.113388283371249
634.0,1286965.86233863,175227.366503477,4.0,79736.11996428153,11.286477961164591
635.0,1287392.12985907,175218.962023467,4.0,173459.61436806197,12.063700081060961
636.0,1293110.88090493,183277.548271716,4.0,312880.22260694456,12.65357572090621
637.0,1293416.52692124,183261.452527702,4.0,57352.1504425431,10.956965618673065
640.0,1286615.68557028,206203.622151196,2.0,3212.7449333361296,8.074880970137102
641.0,1286718.44781038,206202.124807194,4.0,138750.66456351627,11.840433821244174
642.0,1277872.35327333,214629.34971182,1.0,0.0,
643.0,1277868.27717732,214424.606735617,4.0,258440.72791492895,12.462421654240373
646.0,1274138.6940695,186839.454515368,4.0,169428.45739431182,12.040186036432145
647.0,1273759.12856512,280611.230547383,4.0,273253.4895206497,12.51815517638963
648.0,1274205.56997357,280596.070483372,3.0,59269.99965359318,10.989858548937327
649.0,1295262.18989913,187128.893939659,4.0,184405.88136816584,12.124894484217299
650.0,1295523.9551474,186911.623987436,3.0,19818.5717798288,9.894374745743105
651.0,1266660.30353384,174267.6217345,4.0,298882.5980464629,12.607806126592111
652.0,1266410.73578958,174269.902566493,4.0,499203.3516065896,13.120768809970324
653.0,1264765.38116391,266884.597253338,4.0,156792.48327592373,11.962678447458066
654.0,1264432.75517957,266894.063109338,4.0,301858.09407357307,12.617712298751835
655.0,1271852.78296316,235852.82077355697,3.0,58384.2156128329,10.974800851681758
656.0,1272160.22853148,235846.950693548,4.0,107780.217643862,11.587849410819851
657.0,1272871.12837221,253435.45522356,4.0,195315.5732427858,12.182371853792127
658.0,1273010.55627635,253430.246199563,1.0,0.0,
659.0,1272711.20581204,221514.629910871,4.0,108328.43866451274,11.592922990064704
660.0,1272873.47448421,221510.667030871,3.0,18890.11551817865,9.846394075785414
661.0,1275377.21362276,260313.907006606,3.0,227837.16739744824,12.336386474708558
662.0,1275375.74904677,260645.291198939,3.0,173434.98345483097,12.06355807300764
663.0,1273548.29074089,254859.931705013,3.0,32520.686524898087,10.38963167429064
664.0,1274211.72152558,254840.366072997,4.0,151879.760297642,11.930844436109322
665.0,1278199.49733765,246301.03870426104,3.0,47711.94877501777,10.772937143934985
666.0,1278522.01701799,246290.46782425,3.0,133194.04914879368,11.799562360030313
667.0,1254944.04022585,215931.406545162,3.0,12382.089514462836,9.424006313455633
668.0,1254795.04476969,215936.131217167,3.0,10204.497797378295,9.230583862605124
669.0,1260145.10787918,195845.086780593,4.0,236795.54479968,12.374952367624457
670.0,1259812.93367083,195851.1934046,4.0,593412.5197609903,13.29364508496646
671.0,1284750.94880037,244032.86801393295,3.0,45524.51201907468,10.7260061855724
672.0,1285410.53702505,244018.709613919,3.0,5267.371116939808,8.569286677783337
673.0,1281762.71129331,192427.918073088,4.0,377559.2758223826,12.841482857390591
674.0,1282047.6392296,192421.466681078,4.0,569913.5854016234,13.253240023759044
675.0,1287188.88192287,205128.448134094,4.0,112394.55722342216,11.62977079199012
676.0,1287655.83469135,205118.82970207895,3.0,426445.8505225171,12.963240675420908
677.0,1285231.73651285,207374.550280392,4.0,211342.0939061372,12.261233397706597
678.0,1285541.55155317,207371.084424391,4.0,377886.84399174486,12.842350075267023
679.0,1269706.14161696,247540.63825751803,3.0,72959.80785598625,11.197663991191925
680.0,1270104.52600136,247532.551345512,4.0,147641.04607885622,11.902539242453813
681.0,1289169.1262769,187102.230259642,1.0,0.0,
682.0,1289324.94458105,187212.033203751,3.0,46595.99999999999,10.749269979519667
683.0,1263746.34154686,265588.091332003,4.0,237181.3458216308,12.376580299765402
684.0,1263752.12100287,266252.07456468,4.0,673277.3543894446,13.419912640207823
685.0,1282572.55487813,251207.273973286,4.0,996625.081188929,13.812129931268663
686.0,1282531.2573421,251875.777845964,4.0,904063.3610974338,13.714654726627696
687.0,1263453.81521057,246582.64606455,4.0,450494.678974692,13.018101544583843
688.0,1263458.97233057,246848.643568814,4.0,547308.1882870261,13.212767338260775
689.0,1266929.15435012,279078.479057819,3.0,47019.3983802646,10.758315527036972
690.0,1266935.40433413,279431.149586186,2.0,45078.08729422628,10.71615153811041
692.0,1277713.81093717,271505.440074071,3.0,921988.3325515216,13.734287847959228
693.0,1284189.3688958,169761.48668988,3.0,47425.466666666674,10.766914634853203
694.0,1284181.11596778,169365.427169472,1.0,0.0,
695.0,1278152.40389761,180077.18065243997,3.0,220336.40216720573,12.302910758210347
696.0,1278350.36056982,180073.398828432,4.0,339297.948699997,12.73463390507175
697.0,1266618.9636938,285402.500824302,3.0,347023.383470056,12.757147444180335
698.0,1266619.0808778,285702.220376596,3.0,479490.7409560253,13.080479863329883
699.0,1268593.18615982,189782.072630376,4.0,123325.09201390832,11.72257917221079
700.0,1268262.18878348,189780.61925438,4.0,1391491.6484464474,14.145886858094963
701.0,1294412.38221826,182568.591662988,3.0,318302.2264290758,12.670756607996195
702.0,1294400.34388225,181885.98641429804,3.0,363239.8977053843,12.802818770186569
703.0,1267516.23684672,285693.206616595,1.0,0.0,
704.0,1267824.36548704,285716.033368617,4.0,576904.1104135922,13.265431345221492
705.0,1275640.79410304,218148.40174742,4.0,155231.13854314416,11.952670501549695
706.0,1275795.65765519,218144.253139421,2.0,3750.4114026879743,8.229620820330501
707.0,1277567.35423301,277137.206671834,4.0,191361.75807129327,12.161920936947672
708.0,1282322.37817389,173797.534118012,3.0,858782.867558503,13.663271395507968
709.0,1282320.12358189,173680.581541896,3.0,995837.1867789574,13.811339056115134
710.0,1257131.62083608,243765.062445655,4.0,1364300.9841701293,14.126152755924398
711.0,1256840.37827578,243767.813741654,5.0,1010331.9621472416,13.825789510208827
712.0,1285346.42560098,200220.971073076,4.0,581718.7592462056,13.27374237838386
713.0,1285429.78764907,200221.019649073,1.0,0.0,
714.0,1282369.93516593,270131.936584651,3.0,53900.92338945398,10.894902888280104
715.0,1282554.85113412,270128.281416655,3.0,47243.33146458246,10.763066789936977
716.0,1271340.65803464,210534.727691635,4.0,542661.7729735604,13.204241518973863
717.0,1271758.32158707,210225.575755313,4.0,482646.0228446583,13.087038791995546
718.0,1260832.25021587,280444.241747215,1.0,0.0,
719.0,1260848.00643989,281416.374612212,3.0,279501.99999999994,12.540764727186751
720.0,1294500.11367436,187810.114996359,3.0,41577.97106611794,10.635325764312785
721.0,1294392.89306624,187654.499828205,3.0,13413.981109858858,9.504052808417962
722.0,1265347.2632125,175263.772967517,4.0,592529.0253790034,13.292155138772992
724.0,1277240.30764067,180084.117676452,3.0,141285.0402908462,11.858534691099253
725.0,1277229.44120866,179751.671148106,3.0,37755.91156787847,10.538897340241606
726.0,1292200.541192,181001.488813385,1.0,0.0,
727.0,1293051.30554487,180971.592877358,3.0,187334.90009846512,12.140653203687682
728.0,1291383.50048716,181117.57521350696,3.0,190041.21504078267,12.154996248885885
729.0,1291621.0780874,181108.281965494,1.0,0.0,
730.0,1280641.68799616,169229.990433335,3.0,164896.54857704943,12.013073577928704
731.0,1280626.61913215,168590.222624674,4.0,111929.29347484748,11.625622642657973
732.0,1265526.31562868,284858.609559745,3.0,50830.56854678025,10.836253195638678
733.0,1265638.1766208,284892.044503778,1.0,0.0,
734.0,1274864.40197425,228379.504669905,4.0,322540.7592059247,12.683984792366687
735.0,1275186.57451858,228376.773341894,4.0,291239.42037133535,12.581900958296997
736.0,1262189.41943327,248760.33822678,4.0,130927.31413142353,11.782397594236269
737.0,1261658.51172072,248771.853938788,4.0,195627.04977082656,12.183965318283393
738.0,1262582.51216967,233109.848546743,3.0,32098.7449255703,10.376572209461834
739.0,1262590.22244167,233422.622819066,4.0,52390.92040739234,10.866488580627259
740.0,1268781.77105601,225717.459099174,5.0,1301786.778020054,14.07924832337815
741.0,1268564.77937579,226084.088987559,4.0,1183390.4834429726,13.983894167484582
742.0,1262383.60080947,260330.550974622,3.0,156816.60311040556,11.962832268476502
743.0,1262396.96036148,260995.117567301,3.0,126750.89989931774,11.749979021225604
744.0,1281390.39679693,221947.84923932,3.0,2649835.6787464707,14.790008188019629
746.0,1286471.49587414,207360.689096376,4.0,181484.43353002323,12.108925163334154
747.0,1286466.87776212,207025.497800037,2.0,10268.673723820815,9.23685315376732
748.0,1267610.81278282,256887.418747097,4.0,196229.91269237304,12.187042274698298
749.0,1267610.24683082,257151.780411363,4.0,98885.77944561974,11.501720720069397
750.0,1261883.11658496,255703.289913878,4.0,460470.2313502766,13.040003488397478
751.0,1261893.34391296,256223.160890415,3.0,35554.27384648937,10.478815648722456
752.0,1272121.95237143,238904.490152687,1.0,0.0,
753.0,1261653.28733672,241059.15908289,5.0,502990.39838209416,13.128326360196095
754.0,1261668.08976874,241704.132523552,3.0,120754.89309817636,11.701518093245987
755.0,1286995.42265867,176193.406248465,4.0,244889.60455804295,12.408562794338403
756.0,1284064.60076767,277876.476496592,3.0,629095.7863183285,13.35203880758358
757.0,1284061.02035166,278787.269009516,3.0,504835.8780034132,13.131988661382838
758.0,1266653.42430183,173940.093222156,3.0,46035.50065736572,10.737168131243685
759.0,1269571.68286483,186146.271218657,3.0,230169.25282951884,12.346570199144503
760.0,1268244.96145546,186142.112754658,4.0,420835.089522064,12.94999632457657
761.0,1287362.97241904,190519.102327138,4.0,1516192.7318878712,14.231712968956042
762.0,1287354.54592304,190180.636150792,3.0,57422.56462559156,10.958192617003505
763.0,1292320.59079212,182247.275054663,4.0,145732.5353053428,11.889528270654548
764.0,1292660.47034447,182423.06705483803,3.0,1445455.9501773615,14.183935366212433
765.0,1271750.57419506,271577.314570144,3.0,49022.598961555545,10.800036674068265
766.0,1271750.32318705,271868.492810443,4.0,1085990.0244552677,13.898002593849363
767.0,1280478.114492,216851.229458094,4.0,226857.69195995884,12.332078192209384
768.0,1280467.64236398,216296.429713532,4.0,219415.57860327835,12.298722829786902
769.0,1264486.55658762,285108.669079989,2.0,46591.99999999999,10.749184131556358
770.0,1264561.5062197,285323.584664211,1.0,0.0,
771.0,1279900.86271541,281705.021012515,3.0,27145.398962442603,10.208962843687527
772.0,1279902.24818741,282220.134485036,2.0,5.0,1.6094379124341003
773.0,1284178.23865578,236472.720102191,4.0,132925.20171892655,11.7975418559108
774.0,1284192.4590718,237054.363622785,4.0,85655.29038773788,11.358086269360644
775.0,1291578.08211936,187021.86001955,4.0,658388.5012761401,13.39755046354507
776.0,1268957.1260642,258837.487357095,4.0,682149.5387730183,13.433004177853606
777.0,1268960.7963362,259167.991613433,3.0,137818.92906681725,11.833695994360165
778.0,1293093.07648891,182622.429807052,3.0,384783.920208076,12.860437209499521
779.0,1294065.27757791,182582.45585501203,3.0,1701.1568933644758,7.439063824100339
780.0,1294056.67130589,182148.865838557,3.0,22856.74411144422,10.037001499884168
781.0,1269692.98840095,168645.360672742,3.0,57140.58156209837,10.953269853578584
782.0,1270168.54980944,168634.982112721,3.0,55164.36090805965,10.918072388029133
783.0,1270240.6051055,204402.853125349,3.0,313716.212376558,12.656244073992717
786.0,1266009.84746918,227632.347037137,4.0,224287.2881789585,12.32068304560297
787.0,1258939.48893394,189856.277878463,3.0,43836.41731110478,10.688220196364249
788.0,1258662.09482165,189865.245366469,3.0,7340.565258198525,8.901171129297143
789.0,1277818.68344927,281510.510932311,3.0,388506.4510837629,12.870065053758188
790.0,1278327.1089218,281279.943444073,1.0,0.0,
791.0,1275854.69560726,282178.645396993,3.0,42876.03371450975,10.666068294137013
792.0,1268997.22865623,244890.673710808,4.0,181588.60771284287,12.109499010322747
793.0,1269004.50059225,245160.535087094,4.0,238398.74414272045,12.38169994630174
794.0,1266619.2927818,285111.763543993,3.0,264220.6354076309,12.484539773272504
795.0,1291968.23751175,184819.075697303,4.0,347492.8406297275,12.758499341270369
796.0,1292277.00621608,184760.061681241,4.0,1066450.2296744776,13.879846148832714
797.0,1258118.0854131,286399.144537315,3.0,465758.0,13.051421464913206
798.0,1258119.3875571,286631.540057555,3.0,372638.0,12.828362717993418
799.0,1270425.1569137,277103.426575795,3.0,459392.72209035006,13.03766072690518
800.0,1286933.4516506,250839.553908899,2.0,33355.647922050295,10.414982389990188
801.0,1286997.84294666,251112.956213176,4.0,855075.6523872473,13.658945226328834
802.0,1252739.92028759,238240.25264799604,3.0,56754.89367067195,10.946497163708202
803.0,1252819.08873567,239216.368168995,4.0,392441.2553152058,12.880142137016492
804.0,1271151.05733044,197381.918334156,3.0,222403.80127439796,12.31224993327364
805.0,1271170.80696246,197146.633085921,2.0,74105.58881119716,11.213246230993308
806.0,1264870.80286001,248798.705970809,3.0,2104812.284578184,14.559736845149846
807.0,1265451.7127486,248771.317874789,4.0,2187525.4860403105,14.598281547907321
808.0,1258759.62186176,209152.48961021,4.0,381897.5302189885,12.852907606104422
809.0,1258560.56317355,209156.59655422,4.0,2268301.0231405445,14.634541661274875
810.0,1272898.62667623,227157.112092659,4.0,52541.05983752966,10.869350235048444
811.0,1273230.71627657,227150.744284645,4.0,197709.5442822191,12.194554284585333
812.0,1279697.2616912,216987.514962241,4.0,140689.19827119383,11.854308468806396
813.0,1279958.06796347,216979.977554232,3.0,48351.86810760281,10.786260137314006
814.0,1282494.03699006,276781.163087472,4.0,186354.0,12.135403369662278
815.0,1282629.7023982,276703.634703383,4.0,897445.7684118933,13.70730797235109
816.0,1254644.68880154,211287.057868406,4.0,495276.4567467722,13.112871384126924
817.0,1254624.41948952,210620.848267719,3.0,688779.6827188126,13.442676735027076
818.0,1267413.30628662,178905.19940324096,3.0,30429.62067931461,10.323171777460534
819.0,1274693.72216608,279596.341842353,3.0,105731.86200393864,11.568661564504431
820.0,1274695.86162207,279863.370194629,1.0,0.0,
821.0,1282237.60863779,273933.775756553,2.0,86111.31625218333,11.363396113279846
822.0,1282299.23980586,274260.703564882,3.0,84288.84048935656,11.34200475669044
823.0,1290318.35827807,170361.277858496,3.0,45983.789385614495,10.736044208701562
824.0,1290313.90387806,170075.213794202,2.0,144.6905242905245,4.974597146286032
825.0,1280716.89746824,253227.928695351,4.0,318091.7592735185,12.670095171314017
826.0,1280714.74822024,253891.970040023,3.0,428592.2466482591,12.968261271909924
827.0,1271005.79781029,187333.955187872,3.0,1582.3545954020838,7.366669266954559
829.0,1269903.3023211698,230515.122784093,4.0,518628.9203287172,13.158943916688242
830.0,1269913.92107317,230941.066784531,4.0,958529.1995678672,13.773155304820065
831.0,1274799.88242218,279553.565010309,3.0,48667.27574890055,10.792762127332415
832.0,1264351.50237948,189769.16255036,4.0,779821.9453461724,13.56682089740981
833.0,1264075.53341919,189773.360758364,3.0,48037.548039778056,10.779738234920021
834.0,1275641.33477505,279234.469201982,2.0,31219.72750832897,10.348805465918872
836.0,1282381.47679794,184663.27742514,2.0,57256.923183334,10.9553038430717
837.0,1282430.84415799,184662.633777142,2.0,13896.1851687301,9.53936963315816
838.0,1274276.71512565,286200.44840911,3.0,70145.36571428571,11.158325020829292
839.0,1274465.88862984,287010.986137941,3.0,232057.10746031732,12.354738773204001
840.0,1279853.88249135,213197.034382358,2.0,558622.6422285356,13.23322946555741
842.0,1286714.43334638,205942.156486928,3.0,143354.34894267665,11.873074808784198
843.0,1286710.41369838,205681.860102668,4.0,538028.468602349,13.195666753361689
844.0,1262259.87728934,171748.812451914,4.0,374283.4897652449,12.832768783289005
845.0,1261992.75844106,171765.776675925,3.0,235141.15643191157,12.36794127846659
846.0,1285218.04691285,248371.357682377,3.0,58469.85871988064,10.976266664882901
847.0,1285202.62668884,248447.66795446,3.0,14041.095189404936,9.549743679480946
849.0,1276748.51007217,224593.919386029,4.0,1329031.2705312574,14.099960866787463
850.0,1277070.10226451,224588.892506018,4.0,340288.664149139,12.7375495485887
851.0,1258422.4030454,191575.782008216,4.0,30185.041509976105,10.31510176641514
852.0,1258441.84029342,191232.876535863,4.0,1373830.1385388058,14.133113118604559
853.0,1271510.85944282,249880.248371914,4.0,153023.4194608826,11.938346257032586
854.0,1271519.25086682,250160.051956207,3.0,20771.80218974601,9.941351681991176
855.0,1262097.13354518,281419.435348213,4.0,308203.4010905364,12.638515237143203
856.0,1262086.16637716,282020.228436828,1.0,0.0,
857.0,1292824.15572064,183118.202799559,3.0,76363.20162149942,11.243256204953127
858.0,1292562.79898436,182897.03166332803,3.0,1269824.131949446,14.05438897006574
859.0,1282787.14431836,235723.494565427,4.0,619136.2322238374,13.336080611819796
860.0,1282790.52095836,235870.301029578,4.0,515104.6440956108,13.152125351423752
861.0,1265067.05015621,243130.16874900495,3.0,43381.40092920288,10.677786078216327
862.0,1265312.59722847,243125.89738901,3.0,10323.68267315428,9.242195823554251
863.0,1287260.98413093,247422.28350541,2.0,28209.10691672043,10.247400145101443
864.0,1287209.74502689,247684.124529675,3.0,114101.34281293469,11.644842304518292
865.0,1282209.94662176,256466.796602666,4.0,141350.23281301663,11.85899601018806
866.0,1282219.40364577,256730.659898937,4.0,63110.89405182814,11.05264868104153
867.0,1275714.01899911,221448.628438801,4.0,1294298.6303224198,14.073479508191864
868.0,1275707.4380071,221142.690070495,3.0,108182.13461355836,11.591571517284343
869.0,1277925.41650538,236746.605350465,5.0,400022.1199739294,12.899275124495958
870.0,1277932.01394539,237012.517926738,4.0,468817.4810214249,13.057968805417955
871.0,1281644.54687719,243837.773613736,4.0,68490.80637808939,11.134454801784335
872.0,1281654.06194919,244087.396781996,4.0,188349.1637851809,12.14605277342454
873.0,1277887.51730534,278840.425041571,3.0,62810.47603001739,11.047877154308695
874.0,1278029.64069748,279093.778577834,1.0,0.0,
875.0,1261470.08554453,286178.101657093,2.0,1254.880003546202,7.134795232290285
876.0,1261212.82064827,286187.178073093,2.0,2098.032549678963,7.648755303458849
879.0,1274530.8061979,252146.087030247,3.0,142892.86045272954,11.869850400827485
880.0,1286689.02169836,196379.124413133,1.0,0.0,
881.0,1286689.02035436,196076.562684819,3.0,57918.12679828964,10.96678568534686
882.0,1289825.89402157,184048.126768515,3.0,2088353.1702270857,14.551886356510694
883.0,1289816.25888556,183608.677168056,1.0,0.0,
884.0,1270448.58628972,281366.092564166,4.0,1020842.0053093324,13.836138340127825
885.0,1271750.79371506,176214.284520492,1.0,0.0,
886.0,1271910.90981121,176214.411176488,3.0,126942.59297718118,11.751490239445449
887.0,1263319.25476243,280190.243538961,3.0,186350.0,12.135381904907405
888.0,1263324.65597843,280497.480787277,1.0,0.0,
889.0,1273029.14674036,194345.72300306,5.0,396716.51865339925,12.890977245800352
890.0,1273696.43352506,194329.89721103,4.0,133573.48748393843,11.802407073414967
891.0,1278504.65420197,207178.265864193,3.0,50585.73334037444,10.83142486572527
892.0,1278492.06629796,206736.903879747,4.0,100640.44049238128,11.519309448836268
893.0,1261011.59632806,257702.106427923,4.0,1122813.5975250583,13.931348233767979
894.0,1261023.60612006,258364.868924603,4.0,2638664.1823275588,14.785783355522987
895.0,1254647.97910555,257051.33381927,3.0,75424.88094565243,11.230892485579247
896.0,1254483.27638537,256905.865275115,1.0,0.0,
897.0,1274403.28478977,272170.381642744,3.0,363295.06818259455,12.80297064306236
898.0,1274402.61054978,272587.987403169,3.0,319285.4335702887,12.673840757775906
899.0,1281067.6005086,179370.11447571203,3.0,778178.5254351419,13.564711243977257
900.0,1281063.6060766,178776.62980310604,3.0,261315.0030008086,12.47348186662586
901.0,1293838.11303367,185779.690226287,4.0,1291256.2202790135,14.071126116658217
902.0,1294494.82298635,185746.343858242,3.0,241419.80713884503,12.394292635393251
903.0,1295429.4267633,182554.277102977,3.0,608273.1618470009,13.318379339406174
904.0,1295729.04135561,182541.39620696,4.0,1157704.7578962373,13.96194994596877
907.0,1272955.57278828,224353.273881778,4.0,1228766.985506248,14.021521773750818
908.0,1272799.82110813,224616.738586053,4.0,1827620.4343440663,14.41852536958055
909.0,1270549.05329783,223996.000921413,4.0,498982.14615704486,13.120325594849165
910.0,1270826.14923412,224160.04623358,4.0,662016.3367255988,13.403045512447884
911.0,1263578.99997869,234394.894180059,3.0,148432.78604342023,11.907887515525658
912.0,1263439.52913055,234398.00310806895,3.0,86758.64369157332,11.370885331941407
913.0,1275940.43915935,213966.94721514,4.0,502564.7984083223,13.127479862658129
914.0,1276132.80754355,213962.439951137,4.0,377721.7130324896,12.841912994558106
915.0,1254464.93027335,250704.200500771,1.0,0.0,
916.0,1254231.45308912,250710.786740765,4.0,1390726.6277907698,14.145336922325011
917.0,1272803.71051614,243927.62218982,4.0,211068.5525149008,12.25993825312731
918.0,1273067.6309644,243919.856109813,4.0,155599.96099001658,11.955043640019563
919.0,1289223.68883695,187355.14936389,3.0,48633.00596162516,10.792057714393623
920.0,1289469.5810612,187527.238900065,4.0,381740.7999580662,12.852497123139047
921.0,1275881.38648729,250013.627060056,4.0,60047.35245128413,11.00288873746514
922.0,1275885.30968729,250277.505460322,3.0,19961.847552097486,9.901578108312124
923.0,1255588.8971865,235084.005668774,4.0,27650.932191330496,10.227414720354348
924.0,1255594.94441852,235343.924133033,4.0,138324.44995226932,11.837357291270202
925.0,1271791.2407551,241815.48727566,4.0,69283.91012983407,11.145967981162057
926.0,1271803.53963511,242245.374252096,4.0,51760.85421895012,10.854389432495907
927.0,1274209.36946158,254578.205560729,4.0,72211.69941514057,11.18735735351452
928.0,1277322.03711276,233501.659427151,4.0,1054253.8945662042,13.868343865760108
929.0,1277338.44063278,234117.568611786,3.0,1008256.0207738028,13.82373268422664
930.0,1274756.06751013,275250.635021895,4.0,557304.6146760384,13.230867253939707
931.0,1274755.21778214,276577.030991256,3.0,692799.1062765797,13.448495346213045
934.0,1257791.34589276,190622.339703247,4.0,312736.3887308036,12.653115906137648
935.0,1257822.8799088,189892.353270486,4.0,103140.57472294496,11.543848139849896
936.0,1274938.40248632,258670.193724915,4.0,109809.86909943572,11.606505686526898
937.0,1275611.63896701,258650.263356894,4.0,146465.384481477,11.89454439611705
938.0,1260506.50122355,252369.943862468,4.0,124457.85971700086,11.731722461422244
939.0,1260518.55728756,253032.286071151,3.0,23274.63772183315,10.05511953690418
940.0,1270290.9661935605,230496.06704007095,5.0,145388.24164602268,11.88716297180201
941.0,1266640.67729382,241275.201323107,4.0,261037.6435865372,12.472419904205838
942.0,1266805.473518,241235.02685907495,3.0,55311.082508798754,10.92072857446234
943.0,1276782.3498802,216387.164433628,4.0,151837.26298926334,11.930564588057367
944.0,1277104.04120854,216379.337681621,4.0,358504.0199175378,12.789695152118046
945.0,1274222.12011759,255700.761657879,4.0,32338.145388297053,10.38400278418603
946.0,1274886.81464627,255682.602937862,3.0,42888.623931450216,10.666361893327553
947.0,1269743.828209,270359.784520894,4.0,382696.9710464184,12.854998756687982
948.0,1269748.56209701,270752.357257292,4.0,205067.5366835618,12.231094651101607
949.0,1258317.1066613,200702.649601564,4.0,2370348.1333840084,14.67854739404699
950.0,1258358.71152534,200340.014145195,1.0,0.0,
951.0,1266021.87140518,244953.755950883,3.0,65751.83345936355,11.093642834964736
952.0,1266028.8323652,245223.755439147,4.0,304721.9348600574,12.627154950764965
953.0,1286787.35616246,207784.488456815,3.0,51854.563794496935,10.856198228964482
954.0,1271486.83749078,250623.743924677,3.0,12349.483024939613,9.42136948085118
955.0,1268844.42846408,240101.564201906,3.0,26597.33670601457,10.188566365923027
956.0,1269369.78763261,239738.56496954,3.0,35794.98690835447,10.485563132090714
957.0,1272118.23653144,248015.108082011,4.0,34149.81571675594,10.438512468696116
958.0,1272126.28472345,248284.857202291,4.0,77051.9632735465,11.252235320936897
959.0,1276390.5747758,222964.136216357,4.0,1112765.565860865,13.922358975421792
960.0,1276383.8742958,222657.993112043,3.0,764228.6319899454,13.546622279911695
961.0,1272929.40254827,228822.95324635497,3.0,64712.415078427686,11.077708348919208
962.0,1272930.22174826,228895.097758427,3.0,33483.90323655085,10.41882010193438
963.0,1254644.40464154,245149.72830307495,3.0,830899.8336261538,13.630264529419756
964.0,1254740.88937764,245651.01963159404,3.0,1560704.932621828,14.260648157044539
965.0,1278703.22796218,249952.372595996,3.0,260081.50369411983,12.468750336621023
966.0,1278708.14917818,250625.829556689,4.0,329164.7711729227,12.704313728610718
967.0,1282885.17497446,257507.21215573,3.0,50009.61312043796,10.819970528338994
968.0,1282891.64019047,257769.252284005,4.0,2162902.866966562,14.586961797300216
969.0,1257757.84989272,215850.502161071,4.0,1123405.778118241,13.931875502487431
970.0,1257729.78166869,215166.81518437,3.0,142281.7379933797,11.86556444129127
971.0,1265966.15370913,172654.015396848,4.0,1486937.7310831507,14.212229349032972
972.0,1265958.71210912,172006.872996181,4.0,1697066.137550075,14.344411516674414
973.0,1263677.47089079,189245.997941837,4.0,329716.27367876074,12.705987786891631
974.0,1263665.18647477,188710.069237277,4.0,974206.9408179536,13.789379024962697
975.0,1292073.45971987,183234.544111669,1.0,0.0,
976.0,1292074.88557586,182675.968111098,3.0,77263.24812401907,11.254973676807161
977.0,1261356.39876041,189451.505398035,1.0,0.0,
978.0,1261069.06538412,189463.409270048,3.0,82045.20770061288,11.315025687751087
979.0,1278757.95455423,186882.893747404,3.0,2304727.34816689,14.650472940287079
981.0,1258889.44605389,209292.715722352,4.0,362379.3664291952,12.800446915628273
982.0,1258886.45264588,209149.969930217,4.0,2002362.504128389,14.509838293459131
983.0,1257259.45552422,212941.266190097,4.0,93969.15782910284,11.450721899211835
984.0,1256989.65027595,212949.447246104,3.0,5965.518900850344,8.693751321670629
985.0,1280148.67679566,247938.044913933,1.0,0.0,
986.0,1280294.39634781,247934.995057926,4.0,184420.8432363881,12.124975616452206
987.0,1262410.5652895,193144.121721819,4.0,339189.836940444,12.734315220600914
988.0,1262078.38192916,193150.612153828,4.0,1086458.6033889763,13.898433977068251
989.0,1260258.56995928,253036.461879149,4.0,865843.1452747143,13.671459045590531
990.0,1266099.03300527,266848.374533296,4.0,296910.0856332252,12.601184629973561
991.0,1266414.01860559,266841.081925288,4.0,268495.56111773034,12.500589660644419
992.0,1267638.48331085,242269.915820122,4.0,272554.7132904429,12.515594655648504
993.0,1267960.12772718,242262.349932119,4.0,294667.7322133606,12.593603669053822
994.0,1276607.16556002,230828.37571241,4.0,136706.9912177762,11.825595164182467
995.0,1276619.54348004,231258.776480854,4.0,204465.32651662227,12.228153687603392
996.0,1276467.92267989,216704.788177952,4.0,155537.68670406545,11.954643339462917
997.0,1276460.17733587,216394.97678563,4.0,132871.14077001726,11.797135071158623
998.0,1275859.40191126,227509.58876501,4.0,160235.68472249736,11.984401039887821
999.0,1275867.55839127,227850.608093366,3.0,56628.75514936726,10.944272176690136
1000.0,1254160.14480105,248164.371890157,4.0,89243.28203297475,11.399121425469637
1001.0,1254169.42102505,248484.428338498,4.0,1594691.016784592,14.282190555550693
1002.0,1256220.58787516,250442.887348503,4.0,441868.3084153016,12.998767171903715
1003.0,1256224.95856316,250703.43870876695,3.0,99094.02258901826,11.503824401536459
1004.0,1269627.57156888,259483.02086176,3.0,87272.50925482008,11.376790792520675
1006.0,1293503.05728933,185253.251313746,2.0,810.3402795535628,6.69745425766421
1007.0,1293495.07661732,184953.272305429,3.0,31005.01951648938,10.341904390246427
1008.0,1266664.31306985,281423.464852214,3.0,479232.3448971197,13.079940821204007
1009.0,1266667.17361385,282089.800788909,2.0,22712.632262656567,10.030676536029532
1010.0,1267064.25745426,245731.366255671,4.0,81911.71728511895,11.313397327802253
1011.0,1267371.65252657,245724.52145566,4.0,443339.1880066644,13.002090417472697
1012.0,1272148.23352346,249016.966963038,4.0,53757.63289737903,10.892240943300912
1013.0,1272817.71806815,248993.044787019,3.0,37426.43729003664,10.530132613093791
1014.0,1270124.38193738,194302.139387012,1.0,0.0,
1015.0,1270208.80664147,194302.569851011,4.0,96389.31122863005,11.476150595080007
1016.0,1277588.85548103,259914.532478198,4.0,259793.9552825134,12.467644116137002
1017.0,1278249.77119371,259893.569918171,4.0,133679.5308895838,11.803200654058928
1018.0,1270467.84024175,194617.312635332,1.0,0.0,
1019.0,1270472.75947374,194303.642363012,4.0,98562.868907346,11.498449886575711
1020.0,1285525.88492917,206518.684551522,5.0,362384.2471802415,12.800460384160507
1021.0,1285741.67648138,206516.327879518,3.0,68376.05420181555,11.132777957547885
1022.0,1269388.25182463,245683.26763162,4.0,112549.95563604524,11.631152452163724
1023.0,1269394.75672065,245943.249071896,4.0,132957.92757320608,11.797788023123681
1024.0,1269075.13105632,270101.613128632,4.0,454662.3208077592,13.027310270331048
1025.0,1269116.05451235,270100.639048621,1.0,0.0,
1027.0,1272245.37374756,228392.39964591,4.0,965034.5828135582,13.779919216791484
1028.0,1272403.74942772,228390.714909911,4.0,1043485.7092769736,13.858077310414695
1029.0,1260933.56695198,253690.89631182,4.0,760852.5486444728,13.542194858075808
1030.0,1260600.00528763,253695.732215822,4.0,899853.1437948719,13.709986855430941
1031.0,1288859.49997258,189174.885557756,4.0,2485111.7660939465,14.725828192796813
1032.0,1288846.83693257,188626.018869191,4.0,73210.47663280179,11.201093813107159
1033.0,1290185.24038993,186969.276467502,2.0,1357.1298842883975,7.21312736954224
1034.0,1290153.31232589,186903.120755434,3.0,144204.9232890623,11.878990645337968
1035.0,1267645.02238286,227886.307485402,4.0,257565.27942625727,12.459028479292085
1036.0,1267329.92324653,228173.007709697,4.0,192714.33171984425,12.168964224858724
1037.0,1280437.59519595,254932.723513097,3.0,199419.6444319492,12.203166649370209
1038.0,1280437.43807594,255192.750905365,3.0,668885.4292329322,13.413368067692284
1039.0,1267698.1971029,232425.861090049,4.0,2587456.5746033657,14.766185933652945
1040.0,1267705.33227092,232744.65405038,4.0,2802500.955693062,14.846022774942867
1042.0,1278859.29554634,220678.624726012,3.0,141729.99821298989,11.8616791055524
1043.0,1281483.07442902,192236.043832898,3.0,93182.0,11.442309848973883
1044.0,1281479.44518101,192104.943352759,1.0,0.0,
1045.0,1272886.75070822,225735.291739196,4.0,1085299.7223898943,13.89736674864295
1046.0,1273440.37886879,226062.98729153,4.0,1034686.022896239,13.849608579138257
1047.0,1266955.07755014,257879.702524111,3.0,24608.09931930267,10.110830908354714
1048.0,1266959.11134215,258224.718268469,4.0,76348.47741341183,11.243063368252932
1049.0,1264226.86973935,171985.904484153,3.0,70808.37756043008,11.167732599806428
1050.0,1264092.57802722,171984.419620156,3.0,50238.606499195776,10.82453906387834
1051.0,1262364.79312944,190179.431094781,4.0,108224.9968656586,11.591967643348838
1052.0,1262165.35652123,190182.502006784,1.0,0.0,
1053.0,1259830.98122285,260338.592638627,3.0,393993.9320091363,12.884090787169434
1054.0,1259595.38327061,260737.13612704,2.0,348125.2839269741,12.760317705252506
1055.0,1272348.71569967,241839.521067694,1.0,0.0,
1056.0,1272345.75512366,242010.374699861,4.0,134047.11617972152,11.80594663041309
1057.0,1273244.67224458,228819.869278356,4.0,253656.07950770415,12.443734610804212
1058.0,1272680.45458001,216577.198865816,3.0,93182.0,11.442309848973883
1059.0,1273198.43320453,216566.881937802,3.0,175820.16784197534,12.077216978028622
1060.0,1282584.35929415,209151.440778211,4.0,102169.1562008878,11.534385112775675
1061.0,1282581.12403014,208679.532873735,4.0,99784.6718345119,11.510769861671037
1062.0,1263591.4097707,267578.520774037,1.0,0.0,
1063.0,1263449.36900255,267582.420038044,4.0,172831.83851078403,12.06007436902114
1064.0,1276907.93330434,260810.255103111,4.0,2082738.6691594608,14.549194253495607
1065.0,1277340.09618478,261179.26054349504,3.0,1159815.594440547,13.963771580135555
1066.0,1254214.3628491,250098.302452147,4.0,2235136.914295702,14.619813043346246
1067.0,1253614.42966448,250115.426740155,4.0,2454159.7370172003,14.713294994643615
1068.0,1266291.24951747,241331.728427172,5.0,762187.1536232152,13.543947412941387
1069.0,1285947.29286559,187031.915443569,4.0,97436.68407704872,11.48695805195672
1070.0,1286609.27411427,187010.819315538,3.0,353957.7944846707,12.776932960388518
1071.0,1253689.31830457,236630.16368635,3.0,50387.71072976,10.827502589599955
1072.0,1253956.40342483,236833.678374559,3.0,494.5701277547336,6.203688956487647
1073.0,1266205.34417337,195060.639227793,4.0,271586.4985920359,12.512035962797912
1074.0,1266194.47242936,194391.616891101,4.0,270300.4499664856,12.507289396956034
1075.0,1271858.35320316,215573.098192796,2.0,17173.10796075938,9.751099948621027
1076.0,1271848.43621115,215073.248464271,3.0,116475.25468959598,11.665434123328634
1077.0,1264710.17489184,262879.583297238,3.0,156718.29868076034,11.962205196770578
1078.0,1264381.02564351,262869.526529223,4.0,825941.1656386681,13.624278821925925
1079.0,1264862.34519601,248350.868274361,3.0,56228.55125196961,10.937179936273017
1080.0,1265150.6572603,248216.651634216,4.0,369641.5068836488,12.820288914618624
1081.0,1275451.30987884,213928.956751108,4.0,1209722.1969450635,14.005901301911665
1082.0,1275443.51954284,213608.822606772,4.0,907693.368452904,13.718661900608229
1083.0,1280719.01260424,252567.885430679,3.0,213399.7128574915,12.270922272288864
1084.0,1256054.12726699,204634.194501594,4.0,931632.32215279,13.744693511702595
1085.0,1256027.72963496,203974.50195691,4.0,488067.61158751015,13.098209223573411
1086.0,1258176.70794116,187264.42283579696,3.0,47617.34447627694,10.770952353603048
1087.0,1257937.96925291,187272.936947808,3.0,145806.3097763074,11.890034374549682
1090.0,1261747.67556082,280055.648018822,2.0,223135.60152562367,12.315534944227624
1091.0,1279798.12108329,179088.30141943702,3.0,13652.334919818308,9.521665842381575
1092.0,1279790.52101929,178814.896107152,3.0,49358.5870840901,10.80686703345503
1093.0,1288266.68128397,188702.694901273,1.0,0.0,
1094.0,1288452.77536416,188498.908917069,4.0,117461.7278904868,11.67386783942708
1095.0,1260163.62359118,234436.858660102,4.0,306983.3384401675,12.63454875291468
1096.0,1259987.73911101,234287.586019948,3.0,93182.0,11.442309848973883
1099.0,1263518.45092262,275709.399502367,3.0,93178.00000000004,11.442266921306997
1100.0,1263302.59537041,275823.528526485,1.0,0.0,
1101.0,1264936.86929208,255350.298809528,4.0,1432901.204826306,14.175211761535039
1102.0,1264279.18263541,255363.197433531,4.0,726300.3579779682,13.49571892447307
1103.0,1267750.25444695,243925.594925821,4.0,66185.39280567365,11.100215065095488
1104.0,1267759.40369497,244255.778990164,4.0,70777.05570943133,11.167290155258478
1105.0,1260249.55914328,189503.689718097,1.0,0.0,
1106.0,1259824.43171884,189510.459382102,3.0,63824.47753011611,11.063892056100716
1107.0,1255651.81539457,257794.103932023,1.0,0.0,
1108.0,1255395.31817831,257796.114812031,4.0,237201.7579727101,12.37666635743031
1109.0,1278751.51161022,229208.70966275,4.0,78139.3378962128,11.266248895271561
1110.0,1279073.36005856,229200.171614751,4.0,96344.700959325,11.475687674502625
1111.0,1277766.02245721,217553.646354824,3.0,30339.48198954428,10.32020517924142
1112.0,1277834.47052129,217551.892754823,4.0,576328.1631562538,13.264432505146647
1113.0,1255601.27120252,235603.713317305,4.0,25639.67629878363,10.15189628610248
1114.0,1255607.6606425198,235869.614693567,6.0,149387.58806300358,11.914299469668753
1115.0,1255917.65865885,236406.366886124,3.0,41964.646665732274,10.644582796744373
1116.0,1255619.98211454,236409.460390121,4.0,41188.576259135225,10.625916221626017
1117.0,1279678.11807518,220274.20789361,4.0,243197.2623728535,12.401628172320223
1118.0,1279937.87410744,220264.137685597,5.0,389559.0542916414,12.872770748440095
1121.0,1256807.15229176,216534.347537771,4.0,298642.2291508764,12.607001577901876
1122.0,1256778.03785972,215871.732433096,4.0,751331.5122398852,13.529602261095219
1123.0,1256145.25373107,206937.40416795,3.0,238711.904439712,12.383012683055338
1124.0,1258604.94858159,213795.842574969,4.0,178880.01298962228,12.094470541565272
1125.0,1258580.81808557,212903.940814063,4.0,310057.8263940038,12.644514095820362
1126.0,1252057.6644149,239911.164969712,3.0,47632.80407999489,10.771276964201311
1127.0,1252061.08009489,240077.226665884,2.0,3627.261737071039,8.19623330019483
1128.0,1277012.03743245,221899.164951265,3.0,787767.6029765127,13.57695840526197
1129.0,1277008.40031244,221726.93199108503,3.0,283399.1154087594,12.55461148488155
1130.0,1279390.77740288,198383.339263186,3.0,96405.59611895448,11.47631952994024
1131.0,1279191.71282667,196789.604221553,1.0,0.0,
1132.0,1290691.64064646,185503.082225993,3.0,897140.9816295627,13.706968298846586
1133.0,1290570.92499833,185372.543729872,3.0,975885.1500543116,13.791100184346405
1134.0,1285078.9313927,197223.244798005,3.0,280611.9000936653,12.544727855208352
1135.0,1285069.83033669,196324.407037079,4.0,180375.70405005864,12.102797199325982
1136.0,1282826.54611039,255131.832697302,4.0,681893.4211349287,13.43262865061784
1137.0,1282833.0792944,255395.673081562,4.0,1711851.395238714,14.35308603006978
1138.0,1285468.6143371,250485.063476533,4.0,455938.2214967968,13.0301126001447
1139.0,1285470.4092811,251147.305909216,4.0,369865.5191976606,12.820894756924275
1140.0,1255029.94787394,239858.842921659,4.0,1192542.3996378982,13.991598056364467
1141.0,1255043.07510595,240517.877354339,3.0,62622.413898259765,11.044878542496734
1142.0,1276855.52229628,236031.41616573895,3.0,341372.7362596826,12.740730227511786
1143.0,1277058.58885649,236174.732837886,4.0,206186.86834301788,12.236538164458603
1144.0,1284508.23206411,236464.000294179,3.0,39396.4430401446,10.581430813041788
1145.0,1284522.89574413,237045.459750772,3.0,46617.39305080884,10.749728991910146
1146.0,1265727.26340489,235588.590949282,4.0,108515.60110522584,11.594649230614262
1147.0,1265735.8224449,235898.597221598,4.0,99803.16937460648,11.51095521905589
1148.0,1270649.61412993,280700.017491475,3.0,143005.74788439638,11.870640103430025
1149.0,1270890.89745818,280696.455123469,3.0,51676.82407487256,10.852764682908543
1150.0,1278420.90828189,228751.501598284,3.0,61615.629401999744,11.028670841397544
1151.0,1278429.48338589,229217.252318755,4.0,138603.08629697614,11.83936963314497
1152.0,1269209.61835246,264648.832067043,3.0,71601.95974253824,11.178877723280007
1153.0,1269197.34475245,264770.000131175,1.0,0.0,
1154.0,1282556.31475012,273910.26004453,3.0,126707.62053130363,11.749637510761792
1155.0,1282570.04633413,274247.396812871,3.0,98293.36680090077,11.495711824722129
1156.0,1262911.98493801,233414.531299055,4.0,139525.67072625246,11.846003882857067
1157.0,1281516.14489305,210556.442507654,3.0,1645601.217998924,14.313616357475523
1158.0,1281637.60857318,210553.06983564803,3.0,981016.9995727972,13.796345067217743
1159.0,1279997.2296275,248606.309682623,4.0,794293.1576205676,13.585207888232574
1162.0,1256619.93878756,200822.429505691,4.0,1021746.621140089,13.837024094486962
1163.0,1287694.99405138,202686.31885159,3.0,403688.03410146886,12.908397665830696
1164.0,1288001.2828197,202575.266883478,3.0,13087.504638699214,9.47941320961611
1165.0,1267576.39358278,254770.295352921,4.0,167068.4387982619,12.026158820611657
1166.0,1268242.51921546,254757.32524091,4.0,142602.72877344515,11.867817922637906
1167.0,1276859.13356028,227912.961629421,4.0,54763.58915687075,10.910780820659747
1168.0,1277169.81797661,227910.942237422,4.0,1104537.6421368737,13.914937381964947
1169.0,1284831.94240046,262116.41849644497,3.0,79731.55446078522,11.286420701867193
1170.0,1284634.23411225,262775.164865121,4.0,175999.86359935917,12.078238499016347
1171.0,1271643.65675494,263405.83123377,4.0,208229.7417928445,12.24639727699158
1172.0,1271645.60721895,263721.61504209,3.0,49189.126742288136,10.803427876883037
1173.0,1271828.62917113,243120.059820995,4.0,132622.61154215265,11.795262866646882
1174.0,1271841.92209914,243578.124525473,4.0,50328.17670364541,10.826320372284185
1176.0,1268627.63883185,230973.370528564,4.0,1074015.6981989802,13.886915170516733
1177.0,1264058.64074717,263587.982465953,1.0,0.0,
1178.0,1264065.34417118,264251.578882635,4.0,524689.3601762467,13.170561671550862
1179.0,1265118.42372426,235270.268452957,4.0,139054.17028005753,11.842618850438974
1180.0,1265127.32663627,235601.823205292,3.0,16970.353944745082,9.73922321509651
1181.0,1287914.08089961,186400.708658919,1.0,0.0,
1182.0,1287905.3168036,186128.838514641,3.0,273936.6467186979,12.520652142280468
1183.0,1272167.91851549,205691.741638675,3.0,64660.1734532488,11.07690073381911
1184.0,1272361.91121969,205416.638534397,4.0,1014282.3808446488,13.829691906459638
1185.0,1280673.6691802,213573.513294742,4.0,193707.9206849172,12.17410674006611
1186.0,1280657.82905218,213317.819854483,3.0,224479.54826172924,12.32153988295779
1187.0,1282321.62815788,210534.078731626,4.0,560836.556884249,13.237184799604057
1188.0,1282322.77548589,209902.733194977,4.0,164950.56556284273,12.013401105343439
1189.0,1286390.69715405,251126.952949196,3.0,37046.319840159,10.519924296240362
1190.0,1286396.13017805,252138.452854231,3.0,25217.755337888244,10.135303602302066
1191.0,1279984.76050749,231725.85264132905,3.0,49946.05101829977,10.818698722258699
1192.0,1279994.4947155,231998.426849604,3.0,5230.771643154783,8.562314087887957
1193.0,1274369.53054973,238150.230503902,3.0,135712.43913392426,11.818293508047232
1194.0,1274379.32779774,238620.574056387,4.0,295245.4054848996,12.59556217249873
1195.0,1285038.93542467,261426.178367749,4.0,162569.88430034,11.998863245536683
1196.0,1273371.91512471,245054.975534976,3.0,1927685.3427813768,14.471830536881846
1197.0,1273390.51845273,245449.53220738503,3.0,73188.93060505549,11.200799467271906
1198.0,1278948.95052242,264510.9366429,4.0,247725.95317230475,12.420078386623016
1199.0,1266044.35761321,236201.929957911,4.0,112455.67610018294,11.630314432771476
1200.0,1266052.91102122,236511.745254233,4.0,118929.90457732764,11.686289561377807
1201.0,1263505.25111461,197093.292925864,3.0,2190676.206356593,14.59972082415887
1202.0,1263490.3974826,196439.091517195,4.0,2361755.2794052493,14.674915663007415
1203.0,1283319.2997749,276721.724559411,3.0,93182.0,11.442309848973883
1204.0,1283207.24121478,277305.986832008,1.0,0.0,
1205.0,1265300.61924446,172324.304420501,3.0,46894.642857142855,10.755658723115827
1206.0,1265297.03031644,171998.463524163,4.0,1023425.1319253234,13.838665532336462
1207.0,1292722.44992854,188390.52133294896,6.0,320359.1263934058,12.677197915481115
1208.0,1293776.68365762,187818.393844366,3.0,65571.70951732216,11.090899624556087
1209.0,1273113.53240445,284402.810583279,4.0,96208.24893027352,11.474270380693614
1210.0,1273115.95269245,284584.235735461,3.0,822672.1243114786,13.620313009407429
1211.0,1281123.81926066,280597.748307377,3.0,93182.0,11.442309848973883
1212.0,1281289.24178882,280585.281811357,1.0,0.0,
1213.0,1276287.04415171,283151.567701995,1.0,0.0,
1214.0,1276687.22706412,283135.66613397,4.0,188214.6774877228,12.145338491868873
1215.0,1265884.45175704,190432.730807051,4.0,179683.27661557205,12.098951005645114
1216.0,1265547.0488767,190440.155639052,4.0,170956.30887381316,12.049163299176264
1217.0,1266940.57367814,256639.310330838,3.0,4127.791275729463,8.325497742833011
1218.0,1266943.66123013,256903.430523112,4.0,171835.0584360157,12.054290333115501
1219.0,1287412.38867509,201398.035970271,1.0,0.0,
1220.0,1266650.29438183,228791.152094319,4.0,98740.1540953164,11.500246972428574
1221.0,1266424.0107336,228996.977822542,4.0,88510.89838098589,11.390880968962094
1222.0,1279534.87423503,256265.78284245697,3.0,128999.03963650056,11.767560238637808
1223.0,1280225.95359573,256246.346554443,4.0,86444.97095136755,11.367263316502815
1224.0,1256037.50000297,214544.822031736,4.0,192314.1784223005,12.166885659604086
1225.0,1255722.33686665,214555.018511742,3.0,50921.76210418413,10.83804565741792
1226.0,1283878.97087948,259453.375549719,3.0,115676.51125180106,11.658552878326134
1227.0,1284051.79564765,260215.40422250296,3.0,185538.28762227512,12.131016542008023
1228.0,1253587.65251246,249140.909683168,5.0,271112.60067966307,12.510289514228305
1229.0,1253358.55555223,249146.480179176,1.0,0.0,
1230.0,1275160.92466255,217633.8187709,3.0,138920.96007802093,11.841660417847812
1231.0,1275362.68965475,217628.571410894,3.0,64738.41364652681,11.078110023728165
1232.0,1262803.79946589,235292.416036978,4.0,181723.76565407237,12.110243041946068
1233.0,1262816.58487391,235734.576229438,4.0,156258.756774267,11.959268609383587
1234.0,1258371.79747735,239701.1742495,4.0,722906.5711920914,13.491035268990084
1235.0,1258049.43888503,239707.084009498,4.0,606315.2943769434,13.31515541749944
1238.0,1271703.57432301,246551.706800506,3.0,662084.1263587184,13.403147905937
1239.0,1272007.12849931,246683.24792064697,5.0,664957.8840830526,13.407478985426486
1240.0,1282036.54348558,247899.243825898,4.0,152957.86514042356,11.93791777120838
1241.0,1282310.47564587,247893.783857882,4.0,386004.3494928459,12.863603916499665
1242.0,1270929.08536221,230892.159712479,4.0,150799.82239527212,11.923708556805114
1243.0,1271245.62213054,230887.318880469,4.0,165600.8754798981,12.017335807633682
1244.0,1257944.45546092,211835.328780964,3.0,129089.07240925,11.768257928862187
1245.0,1257753.08285272,211839.51476496496,3.0,83563.30233091174,11.333359735364837
1246.0,1255517.56304243,207275.373640299,4.0,499851.7997976157,13.122066933064279
1247.0,1255186.19689809,207286.464136302,4.0,877819.5402619812,13.685196316482905
1248.0,1256771.70915572,251732.598069817,4.0,129545.54596168148,11.77178780455539
1249.0,1256507.73987545,251734.890677825,4.0,209498.19504694996,12.252470402779531
1250.0,1277520.22476096,222445.526679829,3.0,50240.53700920941,10.82457748996253
1251.0,1277779.45746523,222442.761303827,4.0,268827.7967206896,12.501826292703875
1252.0,1265461.55626862,236834.903398558,4.0,262062.52716291,12.476338407563617
1253.0,1265761.49265292,236828.365734562,4.0,95439.5689443509,11.466248540252282
1254.0,1271695.632691,268049.309190527,4.0,471912.5502205451,13.064548972445696
1255.0,1271704.87217902,268441.698118925,3.0,135107.8051569889,11.81382829546223
1256.0,1266427.4920136,248978.48510699,4.0,235446.2304610561,12.36923784560961
1257.0,1266433.83287761,249238.650291264,4.0,67616.43119326765,11.121606297484714
1258.0,1275460.02514285,224626.824154064,4.0,1025645.8241959396,13.84083304452866
1259.0,1275476.20619887,225303.596122757,4.0,617303.2593287955,13.333115688343417
1260.0,1263667.05425078,258302.658748552,4.0,283388.4009411756,12.55457367717663
1261.0,1263677.14909878,258966.675133228,4.0,296242.7650293406,12.598934549291371
1262.0,1278742.40306622,262534.705024883,3.0,245663.5044935963,12.411718010616978
1263.0,1278899.93721038,262802.886273161,3.0,258756.5457558037,12.463642920848708
1264.0,1251856.67695868,237671.144231424,4.0,706445.9621846896,13.468001991535592
1265.0,1251463.86774229,238146.794151902,4.0,260596.026026338,12.47072669423327
1266.0,1265413.43006057,178238.36381855598,3.0,155538.554811799,11.954648920781048
1267.0,1265131.76887628,178038.041706353,1.0,0.0,
1268.0,1263869.03844298,233283.75632292,2.0,86945.01698066625,11.37303120911969
1269.0,1263872.01156299,233390.008099034,4.0,105835.93327667571,11.569645374738812
1270.0,1266897.83422209,286491.637145415,1.0,0.0,
1271.0,1267167.21655837,286487.6450174,3.0,47420.53174603173,10.766810573095785
1274.0,1270424.5706097,276724.01787141,4.0,376751.0911873535,12.839340012801346
1275.0,1270664.67217794,276720.270159408,3.0,49168.892139100826,10.803016428915644
1276.0,1295080.59181894,183156.003247589,1.0,0.0,
1277.0,1270267.96331353,275626.800590292,1.0,0.0,
1278.0,1270423.73534569,275622.803534284,3.0,73566.09309733118,11.205939506953635
1279.0,1266197.94583736,252121.445686221,4.0,292708.1273418903,12.586931239092882
1280.0,1266864.60625406,252107.697014198,4.0,400654.3291525682,12.90085431247061
1281.0,1271431.84024273,270051.769096583,3.0,8685.577986602952,9.069419226443921
1282.0,1271731.60017903,270042.041096568,4.0,48544.77699596728,10.790241888034652
1283.0,1280759.81074828,232296.356065914,3.0,46602.0,10.749398737647702
1284.0,1281019.58386855,232285.464673907,3.0,50157.52081687881,10.8229237485845
1285.0,1274799.87781417,213624.961998791,4.0,1802337.0942360847,14.40459476637931
1286.0,1275121.67704651,213617.190350786,4.0,1917414.499387643,14.466488221601054
1287.0,1280772.47974029,267105.897029564,3.0,427502.4561523675,12.965715312728102
1288.0,1281118.14335665,267099.184133559,4.0,621175.3376448214,13.339368668317272
1289.0,1271728.73169903,194686.6209234,4.0,488670.2344059848,13.099443173701198
1290.0,1272388.64017971,194670.990715384,3.0,101330.56327972635,11.52614335529128
1291.0,1280410.21535592,245946.025647894,3.0,65342.11847823681,11.087392107008359
1292.0,1280656.71289217,245940.846191883,3.0,1834.161012690009,7.514342442141664
1293.0,1271431.71819472,226296.529819772,4.0,30920.43009687929,10.339172412594243
1294.0,1271708.92529902,226460.528155938,4.0,409087.3430416942,12.921683964894992
1295.0,1287379.74080306,191213.027831852,3.0,567051.9000873986,13.248206113066535
1296.0,1287681.06790736,191203.205623835,3.0,278193.8936033179,12.536073608566017
1297.0,1277399.99365684,267290.468165755,3.0,2808586.2996702665,14.84819181851182
1298.0,1261484.55696854,235318.263077006,4.0,445374.2791785027,13.00667028444711
1299.0,1261159.14359221,235324.746021017,4.0,288743.4051339118,12.573293701194242
1300.0,1280605.79698813,248593.499634609,3.0,46679.975171630205,10.751070554515822
1301.0,1280752.77996427,248590.666994601,3.0,7778.662525971714,8.959139690565076
1302.0,1267645.48855886,260058.240830347,4.0,185697.67975554065,12.131875252677606
1303.0,1268307.50135954,260042.312062323,3.0,211805.91206921916,12.263425625212275
1304.0,1271719.21137902,194376.73541908,4.0,263254.82129068626,12.480877744323049
1305.0,1267613.32721482,257416.060731634,4.0,72497.84370264427,11.19131209836797
1306.0,1267616.39806283,257679.572027907,3.0,52984.00956949495,10.877745440775831
1307.0,1274242.27723761,203078.006724,3.0,11616.329939113775,9.360167140510523
1308.0,1274236.08133361,202838.197123751,4.0,110750.5990153047,11.615036096608824
1309.0,1282038.7763816,269708.664456218,4.0,504425.8715360024,13.131176173462528
1310.0,1282039.00799759,270373.441672906,4.0,76139.24659481845,11.240319134889088
1311.0,1280452.94789997,253232.794167355,4.0,337589.99905619,12.729587417616424
1312.0,1280438.26284395,253897.064504027,4.0,1003512.543588206,13.819016946979177
1313.0,1257550.02154051,218818.57595610604,3.0,2736.0443902911,7.914268503132426
1314.0,1257530.49142849,218367.777939647,4.0,80230.70790649408,11.292661612172493
1315.0,1258478.23363747,195755.684092492,4.0,1038394.6722833108,13.85318649422091
1316.0,1258472.44259746,195491.63865222,4.0,93347.78787878789,11.444087451622007
1317.0,1288403.6229161,247643.315505624,3.0,380.6224560718383,5.9418079548867215
1318.0,1288414.47264412,248428.169586435,3.0,9300.166829397229,9.137787617625316
1319.0,1262377.04964146,191136.857015774,4.0,301313.33385974483,12.615905978569147
1320.0,1262368.50506546,190469.406263083,3.0,216401.65178095468,12.284891458924198
1321.0,1265657.54308482,280914.028819695,1.0,0.0,
1322.0,1265821.42826898,280911.646291703,2.0,46592.0,10.749184131556358
1323.0,1274114.78238948,284537.957975417,4.0,1033323.0687558268,13.848290447275824
1324.0,1274115.21874148,284870.758487746,3.0,144912.36279208856,11.883884444145385
1325.0,1266994.45310219,261391.301183701,3.0,54722.33769105286,10.910027272346142
1326.0,1267331.29105453,261388.447167709,4.0,61364.77317988133,11.024591222779057
1327.0,1269490.62200074,244070.817069978,4.0,174492.07800770787,12.069634621357457
1328.0,1269503.01963276,244493.533806399,3.0,76184.17027162963,11.2409089808765
1329.0,1262133.3644572,246120.344816074,4.0,739736.4027393481,13.51404918920721
1330.0,1261602.42781666,246132.02948808705,3.0,479060.24588391255,13.079581642772048
1331.0,1278369.12524183,232593.651746213,3.0,19361.29635506553,9.871031319077737
1332.0,1278695.20069817,232583.514594212,4.0,139443.1533773471,11.845412294520434
1333.0,1275417.5829668,222679.745048061,3.0,127663.4927167606,11.75715311795921
1334.0,1275740.34015115,222672.248344064,4.0,1007117.82510374,13.822603170917334
1335.0,1272928.01541226,232962.991906598,3.0,112782.10463342418,11.633212958593543
1336.0,1272990.45854832,232876.609826505,4.0,89557.73800852725,11.402638813677871
1337.0,1278783.78489026,236991.203622729,4.0,95333.4982343591,11.465136530863424
1338.0,1278790.52108227,237257.326118991,4.0,132006.07056623668,11.790603189649197
1339.0,1259747.83242276,205149.771270111,3.0,44560.75065066712,10.7046087203001
1341.0,1254010.76976089,235374.54608506,1.0,0.0,
1342.0,1253928.70236881,235339.01142902704,3.0,93181.99999999996,11.442309848973883
1343.0,1265452.99198061,236524.867302239,4.0,160480.48729640094,11.98592763968418
1344.0,1273779.05534913,231691.099105299,3.0,48167.00283880959,10.782429477194606
1345.0,1273832.06904519,231649.674593255,3.0,10599.116805206608,9.268525956365306
1346.0,1265321.03262047,265561.960771978,4.0,273633.4915057317,12.519544867713147
1347.0,1265418.77847657,266203.527108639,3.0,1446833.336463188,14.184887820309134
1348.0,1278770.12249024,206278.350663275,3.0,157740.10869882096,11.96870407605293
1349.0,1279060.68524255,206261.899591252,3.0,126019.3160400178,11.744190476088981
1350.0,1281856.59103741,214392.480463579,4.0,11804.262480320633,9.376215972372755
1351.0,1282031.34892559,214435.360271618,4.0,31495.20727481176,10.357590663231763
1352.0,1286783.77081846,250843.417396903,3.0,30368.039900061696,10.321146015293857
1353.0,1286785.86598645,251118.308917195,4.0,573672.7800630908,13.259814443173765
1354.0,1281288.95078082,211891.212493017,3.0,32306.955920722536,10.383037839608235
1355.0,1281270.22873281,211227.96807633305,3.0,30329.240200393346,10.319867549277294
1356.0,1269559.41028881,253937.79935208,5.0,554919.6206353026,13.226578554555891
1358.0,1256347.75459528,239833.937769637,4.0,13926.715595061283,9.541564259724543
1359.0,1256362.8723553,240495.661226317,4.0,155609.2565949166,11.95510337864154
1360.0,1259383.74429439,258528.731452778,3.0,59859.58323072474,10.999756818982265
1361.0,1259390.4250624,258798.254845053,4.0,419955.7068042902,12.94790452470847
1362.0,1279405.74783489,274417.152077049,4.0,224845.98509952525,12.323170936133387
1363.0,1279736.77445923,274405.541197032,4.0,208406.11093869823,12.247243911553786
1364.0,1285529.86816117,253068.314167187,3.0,43503.242184009614,10.68059074726507
1365.0,1285778.56185742,252926.867319047,4.0,362943.26744969626,12.802001813015377
1366.0,1286945.07923461,174173.583526403,3.0,174589.68321448052,12.070193832523199
1367.0,1286423.63181008,174226.696294457,1.0,0.0,
1368.0,1270613.10731389,230897.014048487,4.0,212174.02233823345,12.26516207701877
1369.0,1266619.41322981,286274.651993185,3.0,55974.58090863066,10.93265295432201
1370.0,1266622.9174858,286593.987929508,4.0,94961.20597572354,11.461223729031504
1373.0,1267170.13259037,196365.189117119,4.0,596592.5839540848,13.29898972046941
1374.0,1267159.51383835,195698.03161244103,3.0,516712.50763268326,13.155241920741894
1375.0,1258484.50064547,196034.476476789,3.0,27767.153972806263,10.231609089373865
1376.0,1257819.40816478,196070.686716825,3.0,13578.736410123149,9.516260348928029
1377.0,1275547.01343094,227945.231901452,4.0,246553.80514229368,12.415335525085371
1378.0,1275868.60895127,227935.63478145,3.0,143837.16341677788,11.876437129104836
1379.0,1253328.64419219,250123.583860174,4.0,186354.0,12.135403369662278
1380.0,1283084.24083066,234126.226083785,4.0,60688.99300258064,11.013517626215405
1381.0,1283091.81395067,234401.46109207,4.0,1450594.787229855,14.187484228378075
1382.0,1278674.20274615,227891.983005404,4.0,190114.69020315277,12.155382801677892
1383.0,1278996.11020248,227883.778589398,4.0,260457.6402695511,12.47019551762329
1384.0,1276551.02328797,206715.104711726,1.0,0.0,
1385.0,1276611.23308003,206595.639431596,3.0,169452.02128740045,12.040325105482204
1388.0,1284463.12883207,258442.821500689,4.0,145075.64889556184,11.88501060187708
1389.0,1284763.05145638,258435.802172676,4.0,337512.4405028468,12.729357649364557
1390.0,1261878.05328895,237504.933223248,4.0,150382.07717359858,11.920934515668106
1391.0,1261599.12471266,237513.100583255,4.0,102170.85303812912,11.534401720754188
1392.0,1277949.10476141,234101.129059762,4.0,367824.4103735607,12.815360957556804
1393.0,1278247.85944971,234095.309795752,3.0,135765.67104665612,11.818685671624463
1394.0,1278481.65292194,218471.323667765,3.0,58272.02211033795,10.972877361960574
1395.0,1278740.20722622,218464.637331754,2.0,46.29524719867813,3.8350393035267123
1396.0,1285100.63673672,207376.016776398,2.0,308.710242726867,5.732403111154835
1398.0,1268242.98801546,234702.534628376,2.0,39900.7233576621,10.594149731978336
1401.0,1283681.95910327,207391.883592412,2.0,55560.55899579497,10.925228857937087
1402.0,1283991.24620759,207388.423944414,4.0,74028.41191055818,11.212204243235659
1403.0,1271774.15160307,282285.893589109,1.0,0.0,
1404.0,1271774.25131509,282338.213973165,4.0,102398.31240881897,11.536625511069115
1405.0,1280472.93996398,179062.175147399,3.0,26846.57861448061,10.197893665913753
1406.0,1280557.41094008,178791.252779126,4.0,270508.56453435053,12.50805903863196
1407.0,1265208.59351635,169380.465505496,3.0,135375.6589661435,11.815808852000723
1408.0,1264878.54724401,169392.729569495,2.0,43014.04082330318,10.669281872150622
1409.0,1265093.06289224,274165.721804783,3.0,158554.87653495144,11.973856036572984
1410.0,1265099.41527624,274563.6767492,3.0,47104.63788472264,10.760126744046843
1411.0,1269758.89476901,272745.494987339,4.0,421589.59839521546,12.951787604166833
1412.0,1269758.71435301,273177.106955782,3.0,237895.85017713008,12.379588252579136
1413.0,1265524.95313267,251864.592181951,3.0,90779.74469465138,11.416191463654126
1414.0,1266191.66078137,251851.519413933,4.0,301981.95217138465,12.618122533549341
1415.0,1254637.09756953,237568.476135314,3.0,15027.645867894114,9.617646841596809
1416.0,1254319.1589452,237574.144743323,3.0,4477.349942107311,8.406786619606057
1417.0,1274268.90315764,212036.76833316695,3.0,46594.0,10.749227056459247
1418.0,1274426.9579418,212034.734541163,3.0,93178.0,11.442266921306995
1419.0,1257244.7029482,212239.899469376,4.0,110070.86514803818,11.608879665966908
1420.0,1256974.89181192,212248.485069379,3.0,43790.7445839238,10.68717776316593
1421.0,1266439.69962962,244514.620974422,4.0,158018.817619663,11.970469403776024
1422.0,1266449.97751763,244944.397678867,3.0,131527.2874505479,11.786969618202557
1425.0,1277015.40485644,233509.847715154,4.0,2487543.987610791,14.726806431320158
1426.0,1280733.25273225,225173.172506616,4.0,362543.96372735634,12.800901025171013
1427.0,1280738.15135626,225355.379802808,3.0,46579.94102686285,10.748925277376191
1428.0,1282166.76959772,224132.160473555,4.0,93511.56369143384,11.445840383473763
1429.0,1282178.79609373,224454.065625891,3.0,50766.7926063496,10.834997730967476
1432.0,1277078.80895251,224955.098778397,3.0,40677.25552443622,10.613424382902272
1433.0,1277086.13637652,225263.291098714,4.0,432597.6963232223,12.977563467297879
1434.0,1274225.9917976,246089.554224044,3.0,752914.7588800149,13.531707298355625
1435.0,1274244.97112562,246881.036208853,4.0,192346.60505957383,12.167054258217423
1436.0,1283987.39750358,207105.022600114,1.0,0.0,
1437.0,1283985.43519959,206960.533063978,4.0,1989083.7085685336,14.503184642706453
1438.0,1283556.97414315,260078.865470365,3.0,170332.67459122097,12.04550871313973
1439.0,1283556.47347115,260408.895294696,3.0,467875.83109648735,13.055958221526792
1440.0,1260124.46947914,189177.516789764,3.0,1986425.5976502325,14.501847399546062
1441.0,1260102.23594312,188504.456117079,3.0,465772.0,13.051451522989705
1442.0,1283864.28422347,234879.135012552,3.0,202980.0264652424,12.220862861386298
1443.0,1283867.22451146,235694.236773401,4.0,351111.19077352696,12.768858235113477
1444.0,1278473.82680994,231208.985888794,4.0,161874.14351052477,11.994574420367268
1445.0,1278481.43832995,231501.775009096,4.0,128950.651921376,11.76718506691033
1446.0,1277278.76325671,231538.106593132,4.0,548852.041556778,13.21558417880751
1447.0,1277283.08511272,232127.927905738,4.0,769124.0293136021,13.553007521976143
1448.0,1258540.20234153,198423.976319224,4.0,222073.53528328947,12.310763846021372
1449.0,1258526.77059752,197896.022654682,4.0,117114.43503690737,11.670906813012534
1450.0,1280732.46470025,218412.574483693,3.0,47496.815557540256,10.768417946881502
1451.0,1280865.99922839,218414.7417797,3.0,88080.46955784832,11.386006102420593
1452.0,1271776.84216309,282850.280533686,4.0,131838.92135155338,11.789336163613724
1453.0,1271778.18897909,283106.373205945,3.0,63301.96229178426,11.05567160752199
1454.0,1274504.02014987,215464.409104675,4.0,194351.69831790324,12.177424674692938
1455.0,1274615.62488599,215462.145296678,2.0,10.142857142857142,2.316769727986002
1456.0,1270712.36600199,276051.230862722,3.0,64940.018273521135,11.081219327047638
1457.0,1270713.303602,276275.896398947,1.0,0.0,
1458.0,1284701.00793631,253614.741559744,3.0,70774.68594335615,11.167256672575075
1459.0,1284757.64627238,254306.11026445,3.0,6653.783491012051,8.802940917878328
1460.0,1262806.6081699,276891.16942358,2.0,23295.000000000007,10.055994024250898
1461.0,1262387.11031348,277087.037455782,2.0,1.0,0.0
1462.0,1265422.93265258,285864.530776769,1.0,0.0,
1463.0,1265419.97073257,286093.716953009,3.0,99216.1180237748,11.505055760152882
1464.0,1275556.06264696,255830.352954015,1.0,0.0,
1465.0,1275098.22827849,221155.955478504,3.0,43420.7366929107,10.678692409960638
1466.0,1275085.53407048,220850.718230188,3.0,372250.407063784,12.827322044068246
1467.0,1253307.60156818,237237.040102974,4.0,869642.6910928542,13.675837706377196
1468.0,1253334.9906242,237492.93034324,3.0,581927.8945404015,13.274101826495995
1469.0,1279150.14796263,265549.598275959,1.0,0.0,
1470.0,1272471.83326779,236381.202918097,4.0,351456.78556880244,12.769842039769502
1471.0,1272771.5665801,236375.303270087,4.0,500687.2168692603,13.123736867473374
1472.0,1251604.19190243,211947.593293071,4.0,279214.53047005803,12.539735691747019
1473.0,1251823.15471865,211540.830348656,3.0,187392.2062098161,12.140959058859796
1474.0,1267568.61207877,252092.747254193,4.0,535995.647083752,13.19188131890756
1475.0,1268157.60990338,252079.12325416497,3.0,668090.3142762004,13.412178644392226
1476.0,1271491.95793879,226826.833564311,4.0,786423.5319384895,13.575250770992124
1477.0,1271769.24081908,226991.335516483,4.0,586963.9413030029,13.282718668138065
1478.0,1284366.74188797,245877.029039815,4.0,7624.918440222093,8.93917690505409
1479.0,1284622.06124824,245871.451951817,4.0,189208.96758298296,12.150607331849756
1480.0,1269568.75307283,246744.670000717,4.0,727621.1007568957,13.497535725696109
1481.0,1270084.47256134,246733.874416694,4.0,1259143.1527838844,14.04594201012419
1482.0,1285959.78822561,187466.568436012,4.0,95635.1473057066,11.468295681114206
1483.0,1286536.0695702,187448.062259987,1.0,0.0,
1484.0,1281770.97017331,252547.578678653,3.0,94678.66926379468,11.458244008436147
1485.0,1281768.78706932,253207.738807321,4.0,121551.11562172466,11.708090157996882
1486.0,1256242.29846717,251737.194165826,4.0,100518.3485648736,11.518095562601697
1487.0,1256242.72067517,252030.096438125,3.0,23956.26171677273,10.083985018219181
1488.0,1269747.729137,242785.218924657,4.0,376919.27945188415,12.839786330644992
1489.0,1269759.91185702,243211.079021096,4.0,218802.0630731028,12.295922778521629
1490.0,1277629.01880908,265876.440516308,4.0,825464.3590822221,13.62370136646443
1491.0,1277641.81208909,266561.168453008,4.0,108719.0534946327,11.596522342887871
1492.0,1279974.89305148,231454.388257056,2.0,92454.0338745014,11.434466868902874
1493.0,1271425.92133072,270716.616201252,4.0,65744.17794721754,11.093526397788084
1494.0,1266292.95191747,234335.555107996,3.0,212899.86069001904,12.268577196536683
1495.0,1266301.45482947,234645.546276316,4.0,246357.634754532,12.414539558985823
1496.0,1285237.33395287,207804.001864836,4.0,292841.0845214003,12.587385367214315
1497.0,1258919.73110992,257546.471611768,3.0,311150.02022579784,12.648030455000729
1498.0,1258926.37546192,257944.110524178,3.0,45055.19751462338,10.715643628515336
1499.0,1267166.93406236,286724.380441651,3.0,5659.027756957005,8.641007382053097
1500.0,1268204.31191942,286711.35548164,3.0,53766.81066053772,10.892411653566919
1501.0,1265265.67313242,170750.967010885,4.0,481371.331787251,13.084394250807211
1502.0,1265236.00030039,170036.05571416,4.0,298571.7910611708,12.60676568896542
1505.0,1271215.07230651,226663.027740151,5.0,377938.72034567577,12.842487345971959
1506.0,1271148.29457843,226767.870748252,1.0,0.0,
1507.0,1270490.68856177,212033.910733163,4.0,1448484.1964966685,14.18602818587774
1508.0,1270470.83006574,210931.79252404,3.0,333919.62682267657,12.718655604745347
1509.0,1266740.23678192,197712.171326503,3.0,1268486.8654904368,14.05333530360479
1510.0,1266561.80766174,197710.580734506,4.0,1467367.3331774492,14.198980423311529
1511.0,1274356.26584573,194314.221051022,4.0,229230.48145748343,12.342483245632446
1512.0,1274754.61349413,194306.258491009,2.0,46591.99999999999,10.749184131556358
1513.0,1258278.46499726,186462.01105898604,3.0,29421.562527651942,10.289483103814153
1514.0,1265258.52254041,252024.858294114,4.0,535254.5191400378,13.190497649461664
1515.0,1265267.35191642,252413.044214517,3.0,756031.8604885925,13.535838797777087
1517.0,1267526.47767873,227123.164316624,4.0,205777.5803384109,12.234551157373017
1518.0,1257794.59523676,205875.93223086,4.0,553857.9690779896,13.224663559354681
1519.0,1257768.76688474,205226.515846193,4.0,295885.6961036456,12.597728496914517
1520.0,1258610.28125361,190589.243959203,3.0,18850.895306936105,9.844315688137423
1521.0,1265341.65066849,260908.825727209,3.0,769494.6449027049,13.55348927304609
1522.0,1265350.60638051,261570.443839893,4.0,651254.0382994488,13.386655072874172
1523.0,1283785.58028738,182918.923311353,4.0,1012774.9008125924,13.828204548086882
1524.0,1283779.19513537,182764.520751193,2.0,1001122.679848599,13.816632608079134
1525.0,1288237.00448394,182746.652655169,3.0,1082540.3902361053,13.89482105015911
1526.0,1288971.88064469,182738.834479168,4.0,1023166.85495052,13.838413135202268
1529.0,1269641.2595049,275405.555918053,3.0,16539.294443235925,9.713494310064188
1530.0,1269762.11326502,275403.333198056,3.0,147261.35891511044,11.89996423887898
1531.0,1263369.83044247,283506.56923835,3.0,396134.49801590847,12.88950907402583
1532.0,1262872.42922597,283519.430486366,3.0,47122.0,10.760495262246444
1533.0,1282187.81215775,226025.439451486,2.0,10667.467418538085,9.274953960784051
1534.0,1282271.81036583,226022.92700348803,3.0,22215.826530900875,10.008560220660367
1535.0,1268829.34942406,270769.898569316,4.0,51373.00309671284,10.84686808187937
1536.0,1268832.54033607,271028.275977582,4.0,41980.64461940812,10.644963948649968
1537.0,1286780.82630645,250454.741364509,3.0,129637.5082480175,11.772497436521688
1538.0,1254469.19043335,243830.336301729,4.0,218469.237441137,12.294400493862895
1539.0,1254130.27772902,243836.409133732,4.0,111820.4149407494,11.624649425365643
1540.0,1267981.07415919,236954.160422683,3.0,122469.66198741764,11.715618621049229
1541.0,1267926.48209514,237228.047654971,3.0,95237.24679792156,11.46412639213929
1542.0,1268908.38532814,254871.683641031,3.0,1965995.7047232413,14.49150939490723
1543.0,1283885.21299148,233058.808610693,3.0,49975.54865712392,10.81928913794013
1544.0,1283896.2336635,233499.08822715297,3.0,214555.59283477443,12.276324157825307
1545.0,1262756.23421785,268211.764550686,3.0,298827.2107359595,12.607620794814556
1546.0,1262631.50941771,268185.603206664,3.0,252322.1107359361,12.438461767475511
1547.0,1262219.7313693,211079.708236188,3.0,525581.231018688,13.172260035885344
1548.0,1261564.87773663,211090.63143619904,3.0,267615.9565119982,12.497308233679737
1549.0,1282367.37644593,242877.504876748,3.0,34017.22240535674,10.434622216683566
1550.0,1282929.5698545,242566.72887642696,3.0,48415.3922647788,10.787573064146008
1551.0,1265150.9036603,269537.373448044,4.0,771766.9890133257,13.55643795574482
1552.0,1264819.92759596,269545.818312064,3.0,610817.2831370827,13.322553147828524
1553.0,1283047.22681463,206545.42400755,4.0,1878517.321849508,14.445993365060652
1554.0,1283036.78585461,206108.674823105,3.0,136040.07742186438,11.820704808232
1555.0,1282572.83500613,250545.295284599,4.0,1163759.8843709326,13.967166601089165
1556.0,1278830.52492231,255134.1749053,3.0,2360583.713137876,14.67441948249464
1557.0,1278869.18629834,256563.047994763,4.0,2226163.712701513,14.615790353801287
1558.0,1286053.0961297,191828.328440472,5.0,1476153.8613459263,14.20495052081401
1559.0,1286063.67648171,191293.492535934,3.0,191320.1254847365,12.161703353683295
1560.0,1267159.11287835,284069.67675893,3.0,117793.51655059685,11.676688510914165
1561.0,1267736.50116694,284057.478614911,3.0,81382.34838579828,11.306913678177889
1562.0,1267742.07633495,272121.105482697,4.0,327162.2016527132,12.698211356416415
1563.0,1267818.26251103,272119.778058693,2.0,358205.39417568897,12.788861827612305
1564.0,1273145.56222849,276636.97083132,3.0,135648.75029046598,11.817824105294665
1565.0,1273098.33918844,276787.829775468,3.0,59291.44871473448,10.990220370788705
1566.0,1261500.28528856,169771.525409892,1.0,0.0,
1567.0,1261626.29488869,169247.168161348,3.0,103578.26891184128,11.548082827266699
1568.0,1264337.79703547,189216.037685797,4.0,809641.2103981844,13.604346478391538
1569.0,1254743.59376164,241842.993451685,4.0,649426.4840030861,13.38384492008461
1570.0,1254425.89328131,241848.687659696,4.0,537179.8975312565,13.194088322103152
1571.0,1264305.26890743,187905.69451646495,3.0,1028067.831721164,13.843191706984944
1572.0,1264285.68721141,187119.005171657,4.0,2164866.2422874584,14.587869135656781
1573.0,1282988.09894256,204146.125317082,4.0,870932.596665664,13.677319866692834
1574.0,1283854.99878345,204123.840901062,4.0,1094453.7281683097,13.90576591836641
1575.0,1255407.20496231,243202.179373085,4.0,62676.55471725368,11.045742728738036
1576.0,1255089.51337799,243157.069229037,4.0,41412.24641845174,10.631331923280058
1577.0,1264426.22365956,178341.658538669,3.0,124231.00000004529,11.729898014761135
1578.0,1263905.61745103,178073.87722639702,3.0,240657.99999989523,12.391132117477671
1579.0,1273306.25906065,190650.974455267,3.0,75496.40329153744,11.231840295579683
1580.0,1273293.87096463,190341.13784694704,3.0,16644.202511761596,9.719817237281971
1581.0,1275273.45362267,265288.334403694,3.0,51986.99691270418,10.858748906922433
1582.0,1275440.14552684,265283.527299687,3.0,761610.6155279845,13.543190700818014
1583.0,1262455.56132154,209755.271882832,3.0,476281.5890623375,13.07376453196321
1584.0,1275824.08018322,216720.373777971,4.0,178178.90559093826,12.090543412101423
1585.0,1276146.08741556,216712.592977956,4.0,64286.587612707546,11.071106297685475
1586.0,1266913.42935811,254783.045048937,4.0,183452.3317443204,12.119710140219523
1587.0,1266918.31185411,255046.999545217,4.0,411783.9217002489,12.92825402886082
1590.0,1274890.07743028,231231.734816819,4.0,200589.8054726452,12.209017333042338
1591.0,1275149.07397453,231226.06947282,4.0,193098.83227816288,12.170957421159393
1592.0,1279859.81388336,213484.59380665404,5.0,529340.2325172663,13.179386665758965
1593.0,1280157.60005966,213759.936142936,3.0,313858.7960656853,12.656698469689367
1594.0,1256017.81430694,239840.288809642,4.0,36234.18109726398,10.497758181516069
1595.0,1263011.10973811,258317.911612555,4.0,221979.4761357627,12.31034020674176
1596.0,1274337.26059771,230088.446751654,3.0,9123.401293724064,9.118597962413485
1597.0,1274347.03486972,230407.053727984,4.0,175516.33622853804,12.075487401479311
1598.0,1268932.25176017,243233.533357114,4.0,86937.30802855677,11.37294254050873
1599.0,1269191.90673643,243226.485101104,4.0,223586.4976937248,12.317553632454644
1601.0,1261938.89860101,261809.67008014,1.0,0.0,
1602.0,1261842.94634491,261883.273280218,3.0,132868.76898061708,11.797117220701741
1603.0,1273702.28779705,251148.97912521695,3.0,62718.52773479046,11.046412181132556
1604.0,1273836.8239892,251144.115637213,1.0,0.0,
1605.0,1263477.29809058,235721.662565425,4.0,292220.6408102389,12.585264415127096
1606.0,1261665.92279273,250355.578484401,3.0,56659.31673612435,10.944811714295284
1607.0,1261673.15306474,251015.003701076,4.0,133721.54401266726,11.80351488707721
1608.0,1285918.70073757,256644.429114848,3.0,159204.34821293066,11.977943864914723
1609.0,1285907.98355356,256702.805306911,2.0,75367.56226608186,11.230132252757093
1610.0,1284921.59904054,207378.019784391,4.0,193510.53633631257,12.173087241320005
1611.0,1284916.19584054,206950.240775958,4.0,1143610.0908184317,13.949700563122068
1612.0,1274872.23922226,232056.316833675,3.0,187286.08601083947,12.1403925984909
1613.0,1274922.6951583,232750.388962373,3.0,334990.4130256108,12.721857192563707
1614.0,1280166.56095567,214379.730127573,4.0,270503.3204762416,12.508039652521397
1615.0,1280157.66303566,213879.531983063,4.0,222476.31556145148,12.312575928007732
1616.0,1269351.4339686,271424.034377977,3.0,41920.214963976345,10.643523446939227
1617.0,1282059.93548562,229251.359838799,3.0,69876.31941332629,11.154482092759649
1618.0,1281957.72966151,229592.932703152,4.0,413287.9525665227,12.93189985070774
1619.0,1269112.17726435,242594.631724462,3.0,48356.5036688013,10.786356004116783
1620.0,1269147.6279524,242801.708076671,4.0,364816.5420186,12.807149881599964
1621.0,1265230.99767639,285595.636632487,3.0,103908.08762957629,11.551262014573556
1622.0,1264735.58065188,285611.055192515,4.0,303631.3502969369,12.623569581020092
1623.0,1273019.65106036,277039.206863731,4.0,70455.04817321093,11.16273017087336
1624.0,1262557.13392964,285840.785752743,2.0,405200.8527123946,12.912138155777932
1625.0,1262369.99453744,285855.470744759,3.0,766516.2654081003,13.549611197431675
1626.0,1265858.24708502,272153.803594723,3.0,883113.1704861271,13.691208637269504
1627.0,1266187.27364536,272147.326538727,4.0,353490.5541699419,12.775612043084646
1628.0,1293179.71898501,185813.141938314,3.0,173322.30574598137,12.062908179169357
1631.0,1294060.9747939,183229.890543669,4.0,157421.64989116148,11.96668315246455
1632.0,1294048.54535389,182839.111471266,1.0,0.0,
1633.0,1267815.71166302,284181.257239044,3.0,119192.1316629499,11.68849202189565
1634.0,1267816.39767903,284319.875735193,3.0,46863.33333333332,10.754990843405842
1635.0,1274568.15550993,271850.003338411,3.0,186346.0,12.135360439691786
1636.0,1274944.54059833,271889.180106461,3.0,69886.0,11.154620622038925
1637.0,1262253.14960933,171431.881699592,1.0,0.0,
1638.0,1273867.35410123,253525.533111647,3.0,82003.12700042978,11.314512659670884
1639.0,1274199.98597357,253516.564279646,4.0,203685.0516575787,12.224330215416009
1640.0,1278039.4648255,222437.436183825,4.0,1187267.059149747,13.9871646349329
1641.0,1264719.34711586,240653.807530478,4.0,259126.011678006,12.465069753938876
1642.0,1263929.73418705,240670.835690483,3.0,490577.25647473056,13.103338051139863
1643.0,1266994.75627019,227171.53820467,4.0,149592.5227655592,11.915670361759755
1644.0,1266679.47511786,227458.374940962,4.0,59537.4978691539,10.994361609319132
1645.0,1290037.15213378,189696.801526293,3.0,46266.14942979431,10.742165858852935
1646.0,1290023.36051777,189158.74450174,4.0,1435738.945377354,14.177190219151266
1647.0,1267744.12126295,252911.809911028,4.0,1361215.148243372,14.123888350141861
1648.0,1268212.54980743,252901.768247008,3.0,685682.3891676589,13.438169809943748
1649.0,1264419.11805955,242600.645484462,4.0,923608.0204234356,13.736043040295968
1650.0,1263981.4198191,242637.306860507,5.0,2352178.18634911,14.670852344633222
1651.0,1266813.270126,193704.361402392,3.0,636373.2998321527,13.363540619556444
1652.0,1266498.51287767,193713.661882401,4.0,267951.57236246485,12.4985615430247
1653.0,1255627.74851455,236669.344038397,4.0,159271.34321087872,11.97836458775631
1654.0,1255270.23184218,236669.39984639,3.0,71537.72579268667,11.177980222996657
1655.0,1285459.26265709,247453.210929438,3.0,2111157.276673422,14.562746827453333
1656.0,1285331.02604896,247702.696945697,4.0,886986.6372119925,13.695585196028285
1658.0,1287954.00275564,187880.082996428,4.0,2250604.86189074,14.62670956555996
1659.0,1285416.86150505,244538.608174458,3.0,432701.5455831223,12.977803498157423
1660.0,1285671.59264131,244532.98385444295,3.0,385282.19722937566,12.86173132458797
1661.0,1261068.72349612,205121.005574092,4.0,366227.6922330597,12.811010528879734
1662.0,1261058.52208811,204741.125445694,1.0,0.0,
1663.0,1269742.628401,245416.677615345,4.0,198160.58527510267,12.196833017707036
1664.0,1269748.66155301,245676.593775615,4.0,244690.96830489943,12.407751339492956
1665.0,1278264.26949772,261585.946431905,3.0,35263.64806007707,10.470607912315241
1667.0,1264350.15332347,282150.01224497,4.0,367695.2003797179,12.815009614116649
1668.0,1281051.18220457,275023.272909671,4.0,293977.494603311,12.591258494422467
1669.0,1281373.68095692,275011.752589658,4.0,186777.1565942017,12.137671509259482
1670.0,1277753.8013372,284622.825879499,3.0,163940.7129560303,12.007260135081488
1671.0,1277758.87519321,285345.758488238,1.0,0.0,
1672.0,1280306.63058782,278910.982993647,3.0,91990.10193976488,11.429436262631963
1673.0,1280248.06476375,279313.439186066,2.0,8625.416884982767,9.062468575222242
1674.0,1275082.86411847,281134.01659593,3.0,61658.859566685336,11.029372205756372
1675.0,1275419.20037481,281124.322707921,2.0,326.4571731497937,5.788298770587112
1676.0,1270472.23064175,285679.082008585,4.0,242273.38686181037,12.39782206528654
1677.0,1270474.42616175,286011.475032926,4.0,61313.82898143466,11.023760691610988
1678.0,1285064.24377669,178306.27965863,3.0,176770.27911533852,12.082606310503273
1679.0,1285275.0280969,178435.565482765,3.0,212383.3506560891,12.266148178535943
1680.0,1262394.24938548,192476.674553141,4.0,433894.7037301044,12.980557165512602
1681.0,1262385.64804147,191806.637496457,4.0,829570.0619519931,13.62866284791745
1682.0,1268907.18289614,271827.623434395,1.0,0.0,
1683.0,1269093.85803233,271823.135306388,3.0,186350.0,12.135381904907405
1684.0,1293200.98503302,186592.601011112,3.0,10316.439302132649,9.241493950636285
1685.0,1293473.13837729,186579.559027106,3.0,11421.32893886613,9.343237845867462
1686.0,1262102.67024918,258612.349052861,1.0,0.0,
1687.0,1262098.84023318,258512.593660757,2.0,46592.0,10.749184131556358
1688.0,1275629.28459902,265278.07360369,3.0,718104.2465886055,13.484370027726106
1689.0,1275186.28946258,232464.986978084,3.0,67824.85459180725,11.124683993651738
1690.0,1275684.77893509,232449.529634073,3.0,33379.99385070414,10.415712012994842
1691.0,1253514.15625638,211332.245452449,3.0,42736.86303594844,10.66281712973467
1692.0,1253284.28073615,211341.05774045,4.0,77716.43081406842,11.260821978788737
1693.0,1258751.86262974,188553.248373121,3.0,77014.11416365395,11.251743984864952
1694.0,1258480.16470946,188562.481909126,3.0,48174.40353297574,10.782583111949577
1695.0,1262133.68234521,239854.097193658,3.0,59527.02128572296,10.994185627699547
1696.0,1262135.47760922,239963.499177769,4.0,124961.66238113429,11.735762268291158
1697.0,1281113.76447664,195951.833596691,4.0,106377.33346206923,11.574747801823746
1698.0,1281394.42924494,195945.313276693,3.0,173915.77997079695,12.066326437863307
1699.0,1275915.34475932,229539.591583088,3.0,224053.71700518747,12.319641110146692
1700.0,1281568.08012511,226491.612443969,4.0,124472.57598876752,11.731840697440608
1701.0,1265901.02551706,195736.81433247,2.0,90472.41315936465,11.412800256250486
1702.0,1265890.66692506,195070.331771791,4.0,171125.91530784115,12.050154911343961
1703.0,1275609.241335,258981.689213246,4.0,567976.6010495132,13.249835501519373
1704.0,1252570.25724742,236998.487398729,3.0,288412.2783089064,12.572146257373326
1705.0,1252046.78652687,237593.84317533704,3.0,218922.51265438853,12.296473122692392
1706.0,1260482.81392752,241030.853674859,4.0,552892.9727560414,13.222919722453323
1707.0,1260494.60458353,241696.656171545,4.0,578553.3764616376,13.268286088363226
1708.0,1256022.14800295,193793.207034484,4.0,1625301.628510476,14.301203974066079
1709.0,1255813.44790673,193252.201849937,3.0,224608.172154314,12.322112705995492
1710.0,1265014.80586816,260918.828671217,3.0,391569.0666176869,12.87791719422448
1711.0,1265023.04535617,261579.983167902,4.0,490770.9873603424,13.103732877113917
1712.0,1279379.38341887,207334.22388035097,3.0,601862.1128370742,13.30778364961196
1713.0,1279361.96447486,206687.231751695,3.0,287485.56832796487,12.568927940839503
1714.0,1265559.42942071,233871.59600353203,3.0,7606.124286298137,8.936709028914539
1715.0,1265559.18238072,234351.846692026,3.0,43970.8620320624,10.691282466987511
1716.0,1271561.45253086,254787.508920953,4.0,307361.01400664134,12.635778277081537
1717.0,1271569.16510688,255424.037177593,2.0,46592.0,10.749184131556358
1718.0,1282847.61631842,208677.291785732,4.0,31458.918043254147,10.356437784515913
1719.0,1282847.05823842,208469.293129519,3.0,17796.509245877616,9.786757607265983
1723.0,1281071.9994206,178451.79805877796,3.0,104678.34664364529,11.55864756213308
1724.0,1281378.33580491,178310.567402631,2.0,152.7367558472357,5.028715889528215
1727.0,1255058.19318597,241178.152939007,3.0,59105.15480232368,10.987073421288123
1728.0,1254728.58230563,241183.893739015,4.0,43116.07552134214,10.671651188485061
1729.0,1266343.19690952,245486.935983419,4.0,296060.2383363635,12.598318220494395
1730.0,1266349.62110153,245746.938095689,4.0,480158.9801513208,13.081872536695183
1731.0,1272099.71422741,211099.33351621,2.0,10604.277217779536,9.26901270982272
1732.0,1272098.57579541,210779.675339878,3.0,591.8399836010435,6.383236300375715
1733.0,1273769.89067712,226613.1561241,4.0,387218.2343643072,12.866743726158749
1734.0,1273775.26962113,226843.562524334,3.0,15569.960169110884,9.65309870664307
1735.0,1277796.40197724,206326.987079322,3.0,226373.526121495,12.329941684381504
1736.0,1277892.57503335,206328.075015321,3.0,97400.13303826304,11.486582855525619
1737.0,1272663.35685199,215817.215441033,3.0,413158.64161470113,12.931586918320367
1738.0,1273183.20389253,215804.58100903,4.0,394071.26065913297,12.884287036543126
1739.0,1272049.04376335,227163.49494065304,5.0,491484.1054605572,13.105184879207295
1740.0,1272220.80555554,227170.390620664,3.0,136023.6772019778,11.820584246638418
1741.0,1272817.16658016,244387.570094302,4.0,230670.959164296,12.348747554852318
1742.0,1273081.11352442,244379.698670283,4.0,238162.94748682829,12.38071037169146
1743.0,1282442.71097401,226016.807259485,3.0,87669.65851840752,11.381331149495857
1744.0,1264933.49009207,247639.522545621,3.0,61744.7560231739,11.03076432818245
1745.0,1264523.45476365,247646.368689626,3.0,83528.24276714493,11.332940090382072
1746.0,1257036.989476,200857.393665716,3.0,93181.99999999996,11.442309848973883
1747.0,1257653.17456461,201915.134338811,4.0,1201998.227491383,13.99949591944341
1748.0,1257635.5873646,201287.27174615895,3.0,888690.2183776376,13.697503993001918
1749.0,1266649.21694183,258232.099132478,4.0,483094.792457152,13.087968171053955
1750.0,1266663.01482984,258892.524349153,4.0,801665.3278661893,13.59444650283111
1751.0,1271677.80069098,250154.408308208,3.0,3405.809214597478,8.133237845149205
1752.0,1270987.97989027,252696.43896681105,3.0,18922.409070568086,9.84810216381139
1753.0,1271146.43595444,252946.071991056,3.0,1275.0824067349477,7.150766088237214
1754.0,1282171.57337372,252050.04754214,3.0,51454.50404555061,10.848453279618175
1755.0,1282171.46150173,252324.33605442903,3.0,76941.37516574252,11.250799049369105
1756.0,1276593.88536802,230400.135775968,4.0,119355.3775975166,11.689860688125334
1757.0,1267648.54238285,260322.436158612,4.0,1339807.5219349966,14.108036521262814
1758.0,1277229.63736866,244684.56817460095,3.0,151380.63328589164,11.927552694272903
1759.0,1277248.86636068,245338.345711276,4.0,150168.6802408427,11.91951447620155
1760.0,1282038.56409359,250555.251316607,4.0,132118.5616065413,11.791454992422613
1761.0,1282039.03788559,251217.522613287,4.0,76743.81505669768,11.248228076621764
1762.0,1265439.46282859,248276.327410281,4.0,635815.9805057603,13.362664461628285
1763.0,1266294.66743746,174598.429798827,4.0,652316.4260738231,13.388285039245183
1764.0,1283588.64403118,253170.509879291,4.0,217885.78121836492,12.291726265101737
1765.0,1283591.73388718,253828.750007957,4.0,624914.5920395231,13.34537026664394
1766.0,1263333.07985044,188716.777525291,4.0,1147298.9435053233,13.952920992933784
1768.0,1264368.4173875,191102.535543725,5.0,1146628.4371845566,13.952336400461062
1769.0,1266869.16631806,172961.58730115,3.0,8032.315094640335,8.991228071072438
1773.0,1269065.37617631,256849.347643062,3.0,445117.4223620048,13.006093396817102
1774.0,1269330.27755257,256841.936251044,3.0,467095.9881567599,13.054290057621715
1775.0,1275240.42840663,205866.347270846,3.0,9231.991647937388,9.130430084061313
1776.0,1275228.69451861,205386.790150359,4.0,79045.05321789153,11.277773262790754
1777.0,1263590.7588267,248996.239667013,4.0,453307.5541602138,13.024326101604146
1778.0,1263601.12164271,249662.176307693,4.0,321107.7989047068,12.679532167869564
1779.0,1266178.93143734,251273.617973343,4.0,183811.22984916877,12.121664585237353
1780.0,1266186.06302136,251611.141941696,4.0,202036.5156511662,12.216203730596643
1781.0,1261194.84893624,197800.062526584,4.0,157446.58763479328,11.966841553603258
1782.0,1261172.64260022,197142.339133918,4.0,1507131.8741744338,14.225718981526857
1783.0,1278098.07071355,253278.899063393,3.0,159342.98508325612,11.978814296807178
1784.0,1278172.57970563,253710.297847837,3.0,799.5832728507421,6.684090683011161
1785.0,1283868.67788747,258717.712316975,2.0,91705.98093468808,11.426342878960476
1786.0,1283526.33740711,259275.142333537,2.0,83810.64161509152,11.336315266654765
1787.0,1259857.06487088,192258.04274492,3.0,41275.41043231852,10.628022212586703
1788.0,1259932.15786296,191194.543607831,3.0,14915.078761899302,9.610127977652258
1789.0,1255111.08681802,245853.584175795,1.0,0.0,
1790.0,1255188.6273621,245964.24145591297,3.0,484512.3755706886,13.090898252960299
1791.0,1274549.68606992,229234.567582786,4.0,1216799.390077043,14.011734518675487
1792.0,1274553.34584592,229660.716319218,4.0,1155667.6836675322,13.96018881601095
1793.0,1266172.00990134,250939.070773005,4.0,272797.91451970785,12.516486560199745
1794.0,1280476.654524,226080.418011546,4.0,196844.0436173009,12.190167037429458
1795.0,1280492.39628401,226525.37910001,4.0,343467.2277293963,12.746846979191693
1796.0,1263228.07453834,243838.857581735,4.0,546153.0682304474,13.210654560182206
1797.0,1263232.24445833,244114.135598019,4.0,315416.0080569293,12.661647707000931
1798.0,1274807.69311018,213944.638159126,4.0,1001190.8223705484,13.816700671868245
1799.0,1265144.39646029,236221.52144593,3.0,6449.662639483121,8.771783104465813
1800.0,1265153.85380431,236551.006694272,4.0,58765.87642247814,10.981316632477322
1801.0,1274476.73016585,244754.345262676,3.0,288746.09849153995,12.573303029009246
1802.0,1274495.01624587,245418.204527348,4.0,183718.8344994805,12.1211617945239
1803.0,1258465.04336545,206518.447623521,3.0,139580.66521706496,11.846397958407794
1804.0,1258454.80291744,206187.614343181,1.0,0.0,
1805.0,1262594.57181768,169105.869281203,3.0,68119.10101840267,11.129012937660809
1806.0,1262592.71031368,169012.65948911,3.0,48415.68697060002,10.787579151154922
1807.0,1266840.40491003,279079.492497817,1.0,0.0,
1808.0,1274071.12306143,277647.034704357,1.0,0.0,
1809.0,1274046.2067734,277930.805456638,3.0,53166.81876129449,10.881189773248838
1810.0,1274183.94398955,181076.326637462,1.0,0.0,
1811.0,1274349.18315771,181074.705901459,2.0,46591.99999999999,10.749184131556358
1812.0,1269646.73425691,261474.781311795,4.0,243902.0904602392,12.404522155139972
1813.0,1270097.01316936,261456.576639771,4.0,254591.2260713025,12.447414502890664
1814.0,1275585.42904699,250287.026804343,3.0,53079.09351950088,10.879538410672227
1815.0,1284157.10054377,235687.20003739,4.0,137182.69254095422,11.829068838655953
1816.0,1261723.07389678,264098.103810474,3.0,186346.0,12.135360439691786
1817.0,1261273.33367233,264113.539458498,3.0,46595.99999999999,10.749269979519667
1818.0,1251337.42179015,238053.42787981,4.0,64182.63972527094,11.069488043847183
1819.0,1276785.40664822,226122.781467587,4.0,1319584.9049743467,14.09282777917925
1820.0,1277107.06578454,226114.679771587,3.0,1219003.4767663851,14.013544260605679
1821.0,1276259.39327167,204530.806277484,2.0,46592.0,10.749184131556358
1822.0,1276430.34667985,204525.698373482,3.0,132020.7621815434,11.790714478453967
1823.0,1274503.26392588,249745.468467787,4.0,154625.64683528396,11.948762292937674
1824.0,1274833.28587821,249736.719795778,4.0,119767.27674124896,11.693305778280106
1825.0,1273285.20594063,232870.71811451,4.0,20582.739980965733,9.93220813857094
1826.0,1269796.78219305,244485.556398392,4.0,94189.56653508256,11.453064695779334
1827.0,1257541.8372205,219769.571093082,3.0,140731.56405154074,11.854609553774807
1828.0,1257426.04675639,219290.718676597,3.0,29777.362356708432,10.301503731351909
1829.0,1267266.56247847,189001.200565577,3.0,83760.51284788012,11.335716968351369
1830.0,1264041.11453916,191481.16735212496,3.0,68261.24212016872,11.131097419191835
1831.0,1264036.57489115,191108.25503173505,3.0,28576.83235767541,10.260351611110199
1832.0,1295184.55949906,183340.483183786,1.0,0.0,
1833.0,1295740.51738763,183318.784047768,4.0,396891.54716102616,12.891418341394019
1834.0,1277715.70040916,271835.464010403,4.0,2275486.9471139763,14.637704630150782
1835.0,1277558.832569,218526.827475816,3.0,51575.10786613082,10.850794429379453
1836.0,1277552.988089,218097.387091368,4.0,546908.8445040794,13.212037421272262
1837.0,1286994.10246667,206927.771655932,2.0,20285.28256892834,9.917650905488232
1838.0,1287085.55565076,206926.756871939,4.0,42267.52037810523,10.651774230333327
1839.0,1284295.91161591,206957.100615963,4.0,1891600.8471120985,14.452934037580103
1840.0,1284605.87884822,206953.672199965,4.0,1674777.7307332586,14.33119101636644
1841.0,1279452.86981894,248615.785074621,4.0,71218.3917172697,11.173506374679429
1842.0,1281717.30982126,206873.356743887,4.0,2588069.3359698057,14.766422725577048
1843.0,1281988.59999754,206867.218311876,4.0,2144703.018203833,14.57851164770692
1844.0,1256258.2934752,189290.251765877,3.0,69136.94202259186,11.143844483723873
1845.0,1278750.72191422,260350.874750644,3.0,41007.22287185018,10.621503497776857
1846.0,1278753.05951422,260539.131262839,2.0,9003.914951225594,9.105414756316263
1847.0,1254709.2952656,253766.092343897,4.0,198957.7168701749,12.20084760309065
1848.0,1254449.02480134,253772.324599907,3.0,88256.10656472741,11.387998168602474
1849.0,1256952.6956519,219311.209812611,4.0,59408.98952910942,10.99220083277406
1850.0,1256666.46557161,219324.190420628,3.0,29757.66482457442,10.300842018952157
1851.0,1257776.89776474,194594.940667301,4.0,2421507.645171093,14.699900898025101
1852.0,1257509.13584447,194576.364283293,3.0,2168046.241741612,14.58933697053082
1853.0,1260263.42954329,246400.609328359,6.0,2293130.3719447893,14.645428416719538
1854.0,1259605.93245462,246414.937072366,4.0,178709.8417588582,12.093518773827176
1855.0,1257838.78672481,207199.816712216,4.0,1056954.4881168213,13.87090220632539
1856.0,1257820.8248048,206535.59885554,4.0,987823.7146921268,13.803259534385143
1857.0,1278196.63250566,255587.78655377,3.0,52303.79073542763,10.864824128027333
1858.0,1278722.5352902,255572.144505754,3.0,143978.71143958942,11.877420730404065
1861.0,1264481.26884361,245338.77943927,4.0,129668.3450314496,11.772735277535977
1862.0,1264489.34199563,245649.393967584,3.0,36625.97211329588,10.508512888309676
1863.0,1266343.97015752,236195.40733391,4.0,178195.94996513016,12.090639066292168
1864.0,1266643.83569382,236188.90474189803,3.0,206798.04319173697,12.239497959249288
1865.0,1279855.58981936,252584.106486693,4.0,397900.94201250246,12.893958363872642
1866.0,1279855.27679536,253245.91749537,3.0,52401.85055079896,10.866697185540485
1867.0,1285666.71174531,203608.13325253097,3.0,75312.34311408226,11.229399319532424
1868.0,1285665.4938893,203525.598660454,3.0,1624.7413513999072,7.393103913725921
1869.0,1283710.4817273,261386.923903704,3.0,130036.6012670225,11.775571238018326
1870.0,1283602.78771119,261747.619648069,4.0,582778.0022709047,13.27556160768847
1871.0,1270091.82456136,272112.592714682,1.0,0.0,
1872.0,1270093.64478536,272740.000267327,4.0,797199.8610912955,13.58886069307502
1875.0,1278801.38981828,281150.104147941,3.0,72807.22693616826,11.19557050035894
1876.0,1278727.2895942,281261.864468053,1.0,0.0,
1877.0,1271770.98718707,280673.270483449,3.0,173920.26180481273,12.066352207671365
1878.0,1271772.85989107,281466.093332261,3.0,95960.73893066008,11.47169441732686
1881.0,1268942.17233618,187804.383028358,4.0,123006.51905766106,11.719992633418869
1882.0,1268940.86852817,187637.23243618,1.0,0.0,
1885.0,1266764.87844595,179533.055787891,4.0,26839.99275691741,10.197648321224085
1886.0,1265282.42999643,195091.22015582,4.0,2229639.769214395,14.617350591918676
1887.0,1265284.03626843,194416.996155128,4.0,1774652.8070272822,14.38911536008438
1888.0,1280474.20863599,225660.811291113,4.0,219648.5403275342,12.299784003934697
1891.0,1283810.9014394,203029.963459939,3.0,2245.527103670297,7.7166955626710685
1892.0,1283833.89420743,202777.298307687,2.0,14772.081586036138,9.600494298976166
1893.0,1257285.65661225,211519.570828646,4.0,317225.09008991794,12.667366864258828
1894.0,1256959.73008391,211526.715532646,3.0,66122.9491616907,11.099271154111634
1895.0,1276102.62616751,223640.579737052,4.0,794387.9020525558,13.585327162559569
1896.0,1276402.13247181,223634.331417039,4.0,1265058.3324924817,14.05062879172288
1897.0,1270360.59435363,243620.905581504,4.0,141554.19244763054,11.860437908240826
1898.0,1270666.18923394,243608.576877505,4.0,125547.0291484393,11.740435701609144
1899.0,1266709.5422539,265509.18925193,4.0,537335.3117655691,13.19437759531967
1900.0,1267031.59415822,265501.511747912,4.0,488906.03139961767,13.099925585164025
1901.0,1254323.25014521,236554.51517427,4.0,5524.695795247946,8.616983465186484
1902.0,1254118.688225,236558.173990279,3.0,243106.8361516074,12.401256280647655
1903.0,1251354.62057418,241254.279787093,5.0,114764.38926547924,11.650636516710346
1904.0,1251254.20739007,241580.851947427,4.0,410317.9115377188,12.924687532212312
1905.0,1266043.57642922,264201.267650589,4.0,499317.1505210104,13.120996745029586
1906.0,1266368.71031755,264193.708610579,4.0,561040.4622779173,13.23754830717651
1907.0,1266060.96580523,248727.567602739,3.0,2422426.893273943,14.700280444076597
1908.0,1266067.59313324,248987.491955012,4.0,232772.23151189688,12.357815707277764
1909.0,1266859.49406205,251837.747765929,4.0,369733.9156709482,12.820538879075006
1910.0,1285796.61075343,250477.460788533,4.0,1392341.6849129156,14.146497553054823
1911.0,1266035.0013252,175920.012456179,4.0,677079.6117024936,13.425544139814498
1912.0,1266076.29354924,175262.099047512,4.0,646567.6469999069,13.379433107450827
1913.0,1262050.31799312,204435.272325382,4.0,210896.11251883948,12.259120933479718
1914.0,1262015.06679308,203094.183172017,4.0,95364.6353022584,11.465463089572715
1915.0,1262013.51952909,261006.523071319,4.0,108953.58444909516,11.598677239777377
1916.0,1261745.13783281,261011.243839324,4.0,309354.31358300045,12.642242544883254
1917.0,1264638.56055577,279994.581522763,4.0,148120.30050442345,11.90578006381582
1918.0,1264642.25674778,280279.323091045,3.0,225381.5323114544,12.325549944273957
1919.0,1270801.73912208,284682.280471563,4.0,363981.898450126,12.804859415849702
1920.0,1271124.22213042,284676.692567557,4.0,443464.0413343854,13.002371998153542
1921.0,1271166.96939446,197901.6903027,4.0,927471.1785616222,13.740216998653818
1922.0,1271158.99038646,197641.766910434,4.0,509492.5044613964,13.141170419979089
1923.0,1285611.08160125,177947.493994266,4.0,401732.0217052284,12.903540532642578
1924.0,1285602.52288124,177634.01687394097,3.0,289039.9967124358,12.574320354447442
1925.0,1264087.55012321,287120.390426055,3.0,80908.0514653528,11.301068621769991
1926.0,1263828.52964294,287128.666650057,1.0,0.0,
1927.0,1276921.97919235,265484.094787896,3.0,98716.62986310272,11.500008700216767
1928.0,1252697.92003155,237387.396071121,4.0,134203.07622154357,11.807109425921258
1929.0,1252239.38326308,237740.619815484,4.0,135418.0858590612,11.816122204093048
1930.0,1279334.91301882,231474.695649073,3.0,267047.9190739232,12.495183393466158
1931.0,1279620.93637912,231465.619873062,4.0,662407.0126270457,13.403635468692567
1932.0,1283325.18815891,254477.711992621,4.0,41746.00219072893,10.639358969783427
1933.0,1283563.10604715,254465.992824614,4.0,740608.5159697382,13.515227446139447
1934.0,1270685.22462596,197916.390718713,1.0,0.0,
1935.0,1261533.69898459,251662.087989748,3.0,185675.71373151423,12.131756956512952
1936.0,1261418.04727247,251664.973493755,3.0,275957.5668073418,12.528002389427892
1938.0,1281046.94111657,206435.142023429,3.0,39887.28676487866,10.593812924658794
1939.0,1251829.92175865,210579.179339677,4.0,130262.113413278,11.77730395654484
1940.0,1251672.3984945,210368.999691457,3.0,1429428.0871440454,14.172784983179026
1941.0,1278026.86380148,227484.755484983,3.0,35801.420684111654,10.48574285551514
1942.0,1278341.1765058,227475.324060977,4.0,56077.5751002012,10.934491280762918
1943.0,1269492.70929675,225148.309018597,4.0,1729278.2753433497,14.363214697546933
1944.0,1269770.02596903,225312.218138769,4.0,2761713.985785336,14.831362054289338
1945.0,1255875.3099868,243411.15537329,1.0,0.0,
1946.0,1272204.33835553,231596.764641196,4.0,394834.32669781,12.886221529818044
1947.0,1272328.42277165,208278.542857319,3.0,77871.08322547453,11.262809959164848
1948.0,1272609.58622794,208273.575689316,3.0,130459.84267364597,11.778820739413794
1949.0,1277216.24466465,212518.088525668,4.0,140280.07182221388,11.851396216245814
1950.0,1277295.74520874,212091.082189217,3.0,203096.0065457453,12.221434084872682
1951.0,1251339.08911815,240588.8814504,4.0,39502.90710044669,10.584129545660714
1952.0,1267062.56555025,232761.27869039803,5.0,2387216.7564657545,14.685638708263925
1953.0,1279680.44517918,216316.825681552,4.0,571683.1117872671,13.256340116475117
1954.0,1279673.24767517,216056.114257291,4.0,99766.47610392404,11.510587495086567
1955.0,1265139.81054029,233130.044706762,3.0,18699.35349709258,9.83624422989705
1956.0,1265144.13201229,233307.692002952,4.0,15180.585534609903,9.627772622973161
1957.0,1264109.31421924,179064.18237941,3.0,77654.33333335596,11.260022632986976
1958.0,1284579.13414419,255199.332601368,1.0,0.0,
1959.0,1284536.31929615,255606.692025781,3.0,125161.1152543689,11.737357108372464
1960.0,1280163.72601168,180962.575533345,3.0,25035.05528589803,10.128032333105846
1961.0,1280211.32959571,180982.369133368,3.0,46596.0,10.749269979519667
1962.0,1278772.23794624,276428.252047107,3.0,138124.1015113135,11.835907846337529
1963.0,1278761.91775423,277092.115215778,3.0,71704.9168913115,11.180314600126472
1966.0,1272765.5055881,225307.880218759,4.0,82768.76781724559,11.323806068940621
1967.0,1273042.49976438,225471.772634923,4.0,57917.836917288674,10.96678068032093
1968.0,1285314.39942494,196767.898941532,4.0,54921.849903367176,10.913666542915632
1969.0,1285517.54598515,196768.257533535,3.0,59593.74095447865,10.995305829996408
1970.0,1255029.66537793,213251.376462415,4.0,167158.5572306306,12.02669808545635
1971.0,1254391.13616128,213273.438094437,1.0,0.0,
1972.0,1266840.66571003,250920.823732987,4.0,338783.6220885197,12.7331168996486
1973.0,1271739.78552304,208576.301129624,3.0,239893.21944891027,12.387949184355445
1974.0,1272354.34526767,208569.559049621,4.0,106640.40684412056,11.577217769962722
1975.0,1258857.00880586,197873.125694662,3.0,37881.80815012162,10.542226279796536
1976.0,1272526.39320385,243476.00401336,3.0,118504.8573967314,11.682709229406944
1977.0,1272539.81310786,243935.345901832,4.0,237508.07882408056,12.37795691797969
1978.0,1272704.41874003,221208.774550557,4.0,201258.5604985984,12.212345731015152
1979.0,1272697.66648403,220902.854230255,4.0,247431.30367442704,12.418888261552317
1982.0,1257843.42909281,256224.224570423,3.0,93964.72324072557,11.450674706142092
1983.0,1258139.43901312,256769.210682973,3.0,45571.00611486254,10.727026962461922
1984.0,1257225.65872419,198781.079935595,4.0,271695.5995749317,12.512437599386823
1985.0,1257218.52682017,198517.022399321,4.0,115133.48869897675,11.65384750546672
1986.0,1265134.19108428,271172.043081731,4.0,1442323.0663149902,14.181765612174074
1987.0,1264964.0011321,271512.674634069,3.0,866496.7711753105,13.672213661847312
1988.0,1256243.3552351703,209231.050826296,6.0,1566292.2320736642,14.264221748642889
1989.0,1275838.29829524,226573.948252052,4.0,148886.6266210148,11.910940400138971
1990.0,1275848.92722325,227071.635228559,4.0,413112.45225145575,12.931475116361817
1991.0,1274526.74315789,251641.370229721,4.0,19508.377881735192,9.878599287245944
1992.0,1274528.4761499,251893.392693982,4.0,50750.79142468199,10.834682491357455
1995.0,1283227.46463881,242561.13866843295,3.0,383021.98617625696,12.855847671675109
1996.0,1283226.81503882,242685.868076548,3.0,855524.5984919888,13.659470125252259
1997.0,1278956.18937044,201379.394306257,4.0,229991.3473608164,12.345796967027313
1998.0,1278950.16185042,201029.721409902,3.0,62704.62519491564,11.0461904909644
1999.0,1265123.91914827,232490.584354118,4.0,1481034.7505324408,14.208251557209929
2000.0,1265132.06775628,232810.229730442,5.0,2060030.7577640647,14.538231471607729
2001.0,1283922.56102352,198576.083967388,4.0,491818.4713318753,13.105864966684125
2002.0,1283931.65811153,197906.480638698,3.0,1162227.994918769,13.965849406199812
2003.0,1268979.15128022,260820.511295125,4.0,1816311.7524446484,14.412318493258168
2004.0,1268984.22897622,261491.262271807,4.0,175351.306216609,12.074546704737095
2005.0,1275057.22079045,279458.440210208,4.0,650004.15157718,13.384734028893238
2006.0,1275386.10827878,279336.586130083,3.0,390833.11124301737,12.876035922386157
2007.0,1278436.5591619,280307.247251078,2.0,46592.0,10.749184131556358
2008.0,1278073.79711354,280589.996371374,1.0,0.0,
2009.0,1283351.42502293,276311.303502992,4.0,245126.26214511515,12.409528712471072
2010.0,1284147.89977574,277399.268816099,3.0,260374.6645813997,12.469876890348903
2011.0,1281458.545597,271986.316746563,3.0,1378566.52531678,14.1365547674885
2012.0,1281714.71538927,272476.841675058,3.0,1343530.8819744596,14.11081169298449
2013.0,1278382.29548185,271814.482058376,3.0,1298234.7268202528,14.076515997200817
2014.0,1278382.29816985,272471.177291051,3.0,2561336.40546211,14.756039713627358
2015.0,1281631.53964518,212200.855885342,3.0,55378.1726248892,10.921940799157953
2016.0,1281684.40569323,212199.266701341,2.0,569.3378243630245,6.344473973874747
2017.0,1267097.61399829,272129.413194701,4.0,176489.2476750856,12.08101523381191
2018.0,1280097.0282836,169242.230241343,3.0,46793.59999999999,10.75350172041756
2019.0,1280292.1348438,169238.351585343,4.0,477480.7350414405,13.07627909262607
2020.0,1275832.55845523,188959.661877543,4.0,221671.9001611592,12.308953640440766
2021.0,1275817.15563922,188455.368309021,3.0,221990.0754309926,12.310387954589308
2022.0,1274826.67858221,215457.86446467,4.0,138092.09747790117,11.835676114573262
2023.0,1261870.14743294,262145.546048477,3.0,65398.61327877789,11.088256333532078
2024.0,1286638.7993623,204821.359493777,1.0,0.0,
2025.0,1286906.47469057,204814.936645776,3.0,93182.0,11.442309848973883
2026.0,1254844.87670575,191811.476408452,3.0,651949.9999999999,13.387723150851619
2027.0,1254701.6233936,191722.373240367,2.0,558839.9999999999,13.233618485764422
2028.0,1272460.48913978,235841.262373552,4.0,239422.00057865455,12.385982966708362
2029.0,1252025.15599886,215350.947344556,3.0,18807.002368899648,9.841984545900472
2030.0,1251789.23356661,215355.04219256304,3.0,36168.12765628334,10.49593355850491
2031.0,1268258.42174348,245965.252271906,4.0,234126.93438377348,12.363618701896021
2032.0,1268666.05278389,245957.2299999,4.0,178925.57758657407,12.094725230694777
2033.0,1271485.71416278,249040.533875063,4.0,56879.36533714861,10.948687906488512
2034.0,1284952.09702457,201532.732866406,3.0,56689.87507589017,10.945350903680186
2035.0,1285090.57049672,201530.806082413,1.0,0.0,
2036.0,1279530.18169102,256002.785018191,3.0,49316.74973850625,10.806019053616541
2037.0,1280213.81778772,255983.628602177,4.0,82257.30438076287,11.317607471745452
2038.0,1268019.22372724,244249.361710161,3.0,7008.435159511511,8.854869725367587
2039.0,1268023.04164724,244389.309230298,3.0,49038.60964328896,10.800363218725494
2040.0,1274153.51954152,223984.734233409,4.0,40462.62402522787,10.608133963419245
2041.0,1274158.84888552,224291.51548171,4.0,89223.90272211177,11.398904250407838
2042.0,1266352.90026952,236505.349286228,4.0,185671.05187432503,12.131731848675097
2043.0,1266361.83070154,236815.279782549,4.0,194936.09308289687,12.180427056051382
2044.0,1276464.47813588,214593.630991787,4.0,246928.5113490914,12.416854145981352
2045.0,1276458.30655187,214271.741199464,4.0,561062.2469422417,13.237587135465843
2046.0,1271552.61464286,176972.514281258,1.0,0.0,
2047.0,1271927.98097923,176964.703273252,3.0,48315.38569199159,10.785505333263837
2048.0,1275794.3223592,277202.143567905,1.0,0.0,
2049.0,1275886.26834328,277199.2662559,3.0,54108.78126379399,10.89875176707494
2050.0,1286775.59040244,206930.195527941,4.0,133063.88073652587,11.798584598183414
2051.0,1267096.55595028,271851.140170425,1.0,0.0,
2052.0,1276444.82136786,250662.147124723,4.0,356738.6876888375,12.78475882548479
2053.0,1276708.81592813,250661.072948724,4.0,336066.9638544218,12.725065716274075
2054.0,1267358.50916655,245194.847023129,4.0,675235.4846872336,13.422816775218312
2055.0,1267665.62078287,245187.42641511603,7.0,1454803.8300132789,14.190381624764917
2056.0,1272426.58827575,195910.477756649,4.0,593511.9994520644,13.293812710943845
2057.0,1273076.59646842,195895.024316639,4.0,246747.4427291301,12.416120593428975
2058.0,1273016.58347635,193468.711610153,4.0,139770.0,11.847753493478953
2059.0,1273253.0760846,193460.704442143,1.0,0.0,
2060.0,1260174.43267921,197165.176957935,4.0,617593.754536797,13.33358616516877
2061.0,1259842.23875886,197172.769469947,4.0,892068.9993358928,13.701298762086093
2062.0,1264468.9841076,235702.186533406,3.0,152055.88987931606,11.932003428819042
2063.0,1264481.29380362,236144.96253386105,3.0,155812.5263504148,11.95640880938208
2064.0,1282815.03071839,248204.545394212,3.0,379396.1599565698,12.84633621507329
2065.0,1283476.35551906,248191.914802194,4.0,704773.3610670697,13.46563155644694
2066.0,1273089.34418042,249545.254963577,4.0,1019414.8872101756,13.834739380676062
2067.0,1273339.01099668,249537.546355575,4.0,1121948.6950294138,13.93057763766405
2068.0,1260583.34621562,210962.70650807,3.0,120506.62929806768,11.699460045321304
2069.0,1260352.80663139,211105.200268209,2.0,14093.759228878906,9.55348737050555
2070.0,1265465.42007662,238867.757608637,4.0,447074.7747941815,13.01048114102448
2071.0,1265472.68055663,239207.628648996,4.0,419707.839069652,12.947314126940087
2072.0,1278727.2675782,217530.109714791,4.0,64366.93590032155,11.07235536255158
2073.0,1278971.78482646,217523.122514784,4.0,791430.5583190483,13.581597420176434
2074.0,1266904.07307009,188454.217397019,4.0,899914.4425258854,13.710054973927466
2075.0,1266246.63966142,188451.769205019,4.0,824579.8088577071,13.622629212971288
2076.0,1273310.50085266,258582.773308828,2.0,998.8499703111733,6.906604587501732
2077.0,1273319.66392466,259380.711997643,3.0,1042213.1050789704,13.856856995815892
2078.0,1274514.62872589,225754.06012322,4.0,123792.81280401567,11.726364582652517
2079.0,1274522.9961499,226180.176027656,4.0,837170.1633945864,13.637782630355352
2080.0,1269762.06635302,275679.539342344,3.0,389660.4877790536,12.873031094805935
2081.0,1269919.23435318,275677.932366341,3.0,182659.99426572764,12.115381748852522
2084.0,1266817.40593401,279801.515346557,1.0,0.0,
2085.0,1266819.82686201,280095.602962866,2.0,46591.99999999999,10.749184131556358
2086.0,1266514.28676569,191094.30527173,4.0,406374.36544324993,12.915030096099605
2087.0,1266532.12663771,190436.300983056,4.0,298454.66453144926,12.606373322663636
2088.0,1268740.81809597,179179.112555519,4.0,537403.6311761667,13.194504732074392
2089.0,1268390.43883161,179181.844203532,3.0,337795.14698901866,12.730194916731081
2090.0,1264394.04330753,280818.924051598,4.0,99352.52698412696,11.506429682826369
2091.0,1279368.68562686,280011.547026768,4.0,624424.2098227062,13.344585239810113
2092.0,1279226.95493871,280379.581075147,3.0,165949.2269361721,12.019437158723122
2094.0,1273607.98027696,235505.348645195,4.0,1994231.2809833293,14.505769211234815
2095.0,1257573.04938054,286151.378265068,3.0,465923.5094402674,13.05177675680283
2096.0,1257177.30250013,286162.940249071,3.0,373582.6094402676,12.830894435645984
2097.0,1274952.62917434,284754.396503627,3.0,46592.0,10.749184131556358
2098.0,1275195.25855058,284850.970775723,2.0,0.0,
2099.0,1277336.08005677,207023.463048041,4.0,307053.2052907272,12.634776318689307
2100.0,1277651.64440911,207093.128264099,4.0,218999.9834172357,12.29682693307825
2101.0,1281766.75103731,253871.344440013,4.0,134220.73548729735,11.807241003411844
2102.0,1282026.33055758,253865.239800006,4.0,54432.403226728624,10.904714903066603
2103.0,1257727.5631727,239712.473769516,3.0,344913.0090106344,12.751047516423634
2104.0,1281050.16057257,268409.370758891,3.0,327474.72171571944,12.699166145477625
2105.0,1281371.4735969,268399.148998886,4.0,641542.5004899263,13.371630712581277
2106.0,1272370.1084037,194066.27013877,4.0,127374.93223310188,11.754890238498206
2107.0,1272947.63973229,194052.508346751,1.0,0.0,
2108.0,1281556.38694109,195941.521596685,4.0,470532.1460973452,13.061619558941114
2109.0,1278629.37081011,223885.560537308,4.0,438735.3318643186,12.991651621555086
2110.0,1278644.00165811,224561.320666,3.0,396365.55534056696,12.890092183970685
2111.0,1257402.91261236,256421.680826619,3.0,51390.97745045745,10.847217900051694
2112.0,1257407.73546037,256636.626298845,1.0,0.0,
2113.0,1279419.14053892,230591.61635217103,3.0,115542.51469457112,11.657393833808216
2114.0,1279328.42911482,231186.489824772,4.0,183255.0481780911,12.118634167408153
2115.0,1257176.97603613,196905.93407768,4.0,420628.5027149324,12.949505306751941
2116.0,1257170.12170012,196635.180669397,4.0,148506.23441086194,11.908382218908375
2117.0,1253995.40336087,252050.839862138,4.0,51689.68840654793,10.853013590053283
2118.0,1253999.84758487,252325.743478417,2.0,1330.51242546835,7.19331942932066
2119.0,1278284.62380175,263871.195458248,4.0,154676.66018899667,11.94909215374386
2120.0,1278287.66149776,264532.326402918,4.0,192403.500199152,12.16735000935155
2121.0,1280324.18796383,249923.455667958,3.0,23905.619007693756,10.081868815211195
2122.0,1280324.47404383,250586.323764637,4.0,720871.7131304868,13.4882164713519
2123.0,1257538.3549165,195179.175739899,4.0,780856.7163513141,13.568146950212565
2124.0,1257531.27786049,194869.534267589,2.0,20968.141281007516,9.950759482914895
2125.0,1276200.10335161,228354.493853882,4.0,164490.61048160563,12.010608768419312
2126.0,1276211.10693562,228780.410654321,4.0,99351.52823747232,11.50641963022172
2129.0,1286566.35821022,176202.30320847,4.0,177630.0462181496,12.087458274387275
2130.0,1286542.98848221,175235.68311148896,3.0,48381.55022632692,10.786873826361015
2131.0,1285585.52883323,177007.859369293,3.0,247442.6078912473,12.418933946792771
2132.0,1266886.02718207,286591.97845751,1.0,0.0,
2133.0,1269240.54443249,227740.773981243,4.0,83900.96207903794,11.33739235936259
2134.0,1269384.19179264,227898.66012540503,4.0,20044.184402800016,9.905694335937516
2135.0,1279600.5365071,226529.11695601,4.0,609844.9321158365,13.320959994186575
2136.0,1279920.43186742,226545.466972023,4.0,498366.27195023256,13.119090571513462
2137.0,1259062.25738207,204509.472965464,4.0,516957.1916873672,13.155715348683943
2139.0,1253964.49820884,245947.981295899,3.0,108299.8984785955,11.592659495579552
2140.0,1253763.99107264,245952.1732319,3.0,221410.059150103,12.307771732506875
2141.0,1267604.67793481,256359.218682557,4.0,87360.30496683049,11.377796281893318
2142.0,1268264.53751948,256343.313530535,3.0,135292.81800667124,11.815196730759377
2143.0,1271299.2164986,261098.41951941,3.0,50296.04305367454,10.825681686068465
2144.0,1271629.02622694,261088.407423392,1.0,0.0,
2145.0,1271747.52299505,265746.673348173,1.0,0.0,
2146.0,1272016.64453132,265565.10777998,3.0,55386.0220326108,10.92208253101921
2149.0,1254440.81155333,242508.517420366,4.0,145041.27585862603,11.884773641988403
2150.0,1275177.93509457,253490.023991615,4.0,728506.7059466161,13.498752109717948
2152.0,1281875.71634942,221916.375831291,4.0,115490.79784937328,11.65694613347018
2153.0,1282049.3793896,221911.698391274,1.0,0.0,
2154.0,1273013.40306035,218739.330708027,3.0,46616.0,10.74969910882291
2155.0,1273175.93618052,218735.244436026,1.0,0.0,
2156.0,1273767.95038912,239045.493480831,4.0,435805.946565642,12.984952346570838
2157.0,1274077.95698144,239039.178536817,4.0,433585.9581053494,12.979845344139804
2158.0,1273537.47218089,253800.537143931,3.0,9466.164942561598,9.155479135051506
2159.0,1274202.35211757,253782.566711918,4.0,43366.52118237439,10.677443021077615
2160.0,1287359.46585904,206923.716871932,3.0,445232.3826059871,13.006351632948517
2161.0,1263047.38295415,248475.790898487,4.0,1617402.088635031,14.296331770996451
2162.0,1263065.64932217,249007.405683026,4.0,1721714.6963864928,14.358831268702165
2164.0,1271186.41457848,201919.11693081295,3.0,108995.62414058318,11.599063014906191
2165.0,1278797.31929027,237523.467367262,4.0,178772.75053859196,12.093870728197759
2166.0,1263121.29911421,234843.545828521,4.0,184801.7340536591,12.127038821552944
2167.0,1263134.06679423,235285.90160498,4.0,252697.42959062036,12.439948121542283
2168.0,1277956.72421741,264543.198082939,4.0,212600.9083055678,12.267172017249475
2169.0,1277959.33279341,265204.481539607,3.0,49857.684759217205,10.81692792116623
2170.0,1265950.26430112,198215.058751017,3.0,319371.922988484,12.674111605415366
2171.0,1265931.90014111,197715.312062502,4.0,270540.9034950912,12.508178580236526
2172.0,1256306.92560324,239235.772009015,2.0,83358.54928782386,11.3309064538586
2173.0,1256337.00361927,239443.844713241,4.0,44953.26875828629,10.713378757128693
2174.0,1276443.34501587,218479.572691768,1.0,0.0,
2175.0,1276438.21739985,218127.247955412,4.0,239091.70787474888,12.384602472270998
2176.0,1273742.6935571,272193.261194766,3.0,220109.26258820487,12.30187935017384
2178.0,1281193.32466872,280941.846675724,4.0,214447.89450463332,12.275822071779007
2179.0,1258116.60739709,286135.498073041,4.0,1218279.1393230325,14.01294987942075
2180.0,1264972.89975612,246572.673968539,4.0,251156.8876464342,12.43383307323549
2181.0,1265147.84394829,246568.212016523,3.0,396276.3738484126,12.889867160566682
2182.0,1263840.31671496,232714.748962343,4.0,1408992.0720437372,14.158385164210436
2183.0,1263500.55818661,232723.950370356,3.0,261461.7539769859,12.474043295488462
2184.0,1278015.37170547,221035.307734385,4.0,1917758.4723376927,14.466667599664838
2185.0,1260189.77872722,235374.611749068,1.0,0.0,
2186.0,1260063.70551109,235376.420773074,3.0,685200.9500568054,13.437467431970553
2187.0,1278008.50098546,269942.619336471,3.0,65108.26391493555,11.083806761997915
2188.0,1278121.44959357,270166.80660069,3.0,65029.87981522309,11.082602132717911
2189.0,1280895.45650843,263123.273409486,3.0,50386.80488849797,10.827484612013926
2190.0,1266890.20561408,234632.424228311,4.0,716133.789517871,13.481622285355748
2191.0,1266876.88542207,235252.983716935,3.0,304157.6196310233,12.625301331649494
2192.0,1264926.93758006,247359.369905338,3.0,99814.18943444006,11.511065630894926
2193.0,1265166.64906831,247353.14385733,3.0,150721.80370369807,11.923191056987111
2194.0,1264395.95799552,264243.028098628,4.0,835041.6713528186,13.635236908399497
2195.0,1264228.25821935,264247.365314633,3.0,103968.07648156524,11.55183917409457
2196.0,1273860.65298122,253030.03013514,3.0,79854.13422027664,11.287956927134156
2197.0,1263243.09713034,244788.092590705,3.0,54617.664058090886,10.90811262695993
2198.0,1262711.84656981,244799.726382717,3.0,21443.765513614137,9.97318923006271
2199.0,1279976.89925948,201359.60493023705,3.0,44277.496796175066,10.69823185397293
2200.0,1280180.17676368,201355.843778238,2.0,881.062366370839,6.781128413862936
2201.0,1282187.04121374,214473.562639669,2.0,60800.63665156868,11.015355539142341
2202.0,1270956.92254624,199366.0751362,4.0,46653.848095486406,10.750510691522715
2203.0,1270944.05483423,198949.075967774,3.0,41502.3080790957,10.633504321036009
2204.0,1279493.97964299,221578.361750945,4.0,372846.9223963466,12.828923218670331
2205.0,1279475.30873096,221093.410966441,4.0,332764.948784872,12.715191660221581
2206.0,1282937.81036651,201742.896194622,3.0,9312.370954878612,9.13909900539756
2207.0,1282936.4081265,201486.530562371,3.0,21195.72119237639,9.961554609741293
2208.0,1258256.63824524,211167.893708274,4.0,1426021.3757320445,14.17039886983845
2209.0,1258252.13462923,210482.547659576,4.0,2459540.7381302603,14.715485198662492
2212.0,1265869.78641303,169355.626977459,4.0,513977.98145659314,13.149935705886657
2213.0,1265537.73790069,169368.127265483,4.0,280254.28071087814,12.543452615432837
2216.0,1258120.09424509,286757.603801683,3.0,279501.99999999994,12.540764727186751
2217.0,1258122.2520691,287142.648922071,3.0,186350.0,12.135381904907405
2218.0,1264171.4614193,197079.763773859,4.0,423891.5477275386,12.957232917834409
2219.0,1263838.30231495,197086.529533863,4.0,284507.03309592145,12.558513253142515
2220.0,1284502.97881612,248636.654130653,4.0,238991.29401621048,12.384182403539763
2221.0,1284145.76691175,248893.250354916,3.0,214763.1613783625,12.277291124945773
2222.0,1277004.93112844,246565.733680531,4.0,103221.36711398732,11.544631156276774
2223.0,1277284.74847272,246557.535216525,4.0,99358.97606716344,11.506494591832034
2224.0,1279907.46405941,265129.761219531,4.0,145748.0294469081,11.889634584031517
2225.0,1280305.82220381,265111.073219523,4.0,250359.00802397687,12.430651198832262
2226.0,1261268.80285633,239076.187624857,4.0,617431.1322322775,13.33332281451535
2227.0,1261148.64068019,239142.642600924,4.0,926879.5748539912,13.739578927645285
2228.0,1259105.58243811,205833.514950812,4.0,236093.5550326901,12.371983425084288
2230.0,1257911.77968489,199694.97145652803,3.0,234231.14028986648,12.364063685823693
2231.0,1257900.26301287,199255.554688081,4.0,124440.9780241128,11.731586810383716
2232.0,1253968.24528085,245637.765743583,2.0,1378.084094190092,7.228449475974344
2233.0,1253756.24374463,245582.225199521,4.0,95210.73143491914,11.463847939583168
2234.0,1274832.52607021,225319.881498769,4.0,239097.965732861,12.384628645392075
2235.0,1274842.70712622,225745.798619211,4.0,97437.26020912516,11.48696396482597
2236.0,1264653.57329179,258941.959613204,4.0,54218.56399597463,10.900778637935693
2237.0,1264662.0929718,259604.335933879,3.0,38037.91261423322,10.546338641710854
2238.0,1257278.73142824,211189.611532301,4.0,1419724.3475873105,14.165973289316055
2239.0,1257264.38365223,210502.949195594,4.0,1778035.0584262672,14.39101941276163
2240.0,1264151.19044328,236151.361125857,3.0,83240.88736201737,11.329493940734476
2241.0,1264163.84004329,236593.919974312,4.0,192772.7571532624,12.169267350102356
2242.0,1270241.8144495,200198.863809049,3.0,93182.0,11.442309848973883
2243.0,1270427.1558897,200203.279489055,2.0,139763.99999999997,11.847710564890653
2244.0,1269190.42577644,277409.027024105,3.0,274402.13502277253,12.522349955498832
2245.0,1269191.02353643,277656.292240366,1.0,0.0,
2246.0,1280296.5955158,175083.737575322,4.0,1747315.900763182,14.373591397476407
2247.0,1281113.20505264,175053.373415291,4.0,412953.14001245465,12.931089403066244
2248.0,1277066.1633205,173803.713894024,3.0,1481962.0477338105,14.208877475693665
2249.0,1277788.78520924,173791.925478011,3.0,233492.38853153284,12.360904758264423
2250.0,1282238.81177379,225200.412250653,3.0,3856.246272611581,8.257449521069525
2251.0,1282252.57945381,225584.054555044,3.0,48609.97055305344,10.791583944259713
2252.0,1281717.55129327,273174.523979768,2.0,0.0,
2253.0,1252772.91203162,215156.954640359,4.0,87746.48583327032,11.38220709304209
2254.0,1252765.58755161,214965.232592165,2.0,175.93335753335742,5.170105272953345
2255.0,1268777.81144001,245434.910831362,4.0,718806.8495742226,13.485347963025635
2256.0,1269011.62955225,245430.441007361,4.0,233936.31051437827,12.362804180003897
2257.0,1281319.66630085,212685.576397836,3.0,95335.44547075566,11.465156956176102
2258.0,1281429.44754897,212593.27015774,4.0,109223.2984985217,11.60114967574931
2259.0,1266035.80247721,235892.017509595,4.0,123727.8497712696,11.725839672662685
2260.0,1266335.46820551,235885.445029587,4.0,263275.6776745062,12.480956966263172
2261.0,1283245.76639883,199927.153088763,3.0,566446.6916856554,13.247138253849688
2262.0,1283582.03481518,199921.767616764,4.0,1024762.4590915418,13.839971396469343
2263.0,1285249.50195287,208661.264905706,4.0,150436.91083094693,11.92129907814682
2264.0,1285559.12332919,208657.125129715,4.0,106889.85644213967,11.579554204224145
2265.0,1258425.58442141,211834.67521296404,3.0,329856.33736718487,12.706412497342562
2266.0,1258594.14186159,211437.084172562,3.0,373218.98403027,12.829920614909891
2267.0,1286208.79430586,196460.104253218,3.0,46592.0,10.749184131556358
2268.0,1286412.84704207,196225.423932984,3.0,541520.6790478354,13.202136533148012
2269.0,1280579.1838681,247268.957361251,3.0,248412.2181510388,12.422844815235338
2270.0,1280592.55193211,247928.748337924,4.0,202372.9973433488,12.217867795159997
2271.0,1285023.55910465,205448.40909442297,3.0,5815.795364580205,8.668332833687234
2272.0,1285452.67110509,205437.222790405,3.0,429902.8973340202,12.971314642015093
2273.0,1280624.16671614,263895.647554278,2.0,124351.57309872653,11.730868099724324
2274.0,1280831.89100435,263912.109442294,3.0,97132.18097160327,11.483828020294427
2275.0,1278933.05586641,248625.835890636,4.0,1724516.904126688,14.36045751364598
2276.0,1279193.00946668,248620.809330627,4.0,132279.53863603753,11.79267267930644
2277.0,1261026.42666407,252361.49080646,4.0,226581.3718129297,12.330859416839948
2278.0,1260766.45904781,252365.710646465,4.0,172785.42193725123,12.059805768004212
2281.0,1279684.63250718,269116.439879611,4.0,973943.8844282776,13.78910896744162
2282.0,1272434.49144375,210776.721611872,4.0,125270.44804546838,11.73823026347005
2283.0,1272432.15909176,210456.680267558,4.0,104822.86400345677,11.560027195045823
2284.0,1284145.14489575,235254.782244951,3.0,188.7831169690304,5.240598826879415
2285.0,1284381.36127999,210822.68807593,3.0,42377.25303246335,10.654367012177024
2286.0,1284344.16121595,210477.921675578,3.0,54662.34040245904,10.908930276027164
2287.0,1271577.55915488,256112.460346296,3.0,50855.2142055163,10.83673793713452
2288.0,1271578.29534689,256172.89657037,3.0,127228.5900354462,11.753740669062028
2289.0,1269335.06065658,270096.496328622,2.0,2927.604423450278,7.98193976467356
2290.0,1262168.96247324,209097.781706154,3.0,391215.2856739971,12.877013290188223
2291.0,1262152.07696922,208438.048137486,3.0,480904.9554489695,13.083424931743687
2292.0,1279661.84313115,219854.39406918,4.0,577398.7192127838,13.266288328011047
2293.0,1280171.46943568,223810.10268122,4.0,1081904.440585161,13.894233417099409
2294.0,1280182.7811157,224170.02357760104,3.0,413070.2716336161,12.931373006703367
2295.0,1260084.57130311,169192.553825289,3.0,61659.64967527506,11.029385019868293
2296.0,1259787.1329028,169309.389217421,2.0,4.0,1.3862943611198906
2297.0,1267267.43319847,171996.970788166,3.0,52477.57828406141,10.868141277051356
2298.0,1267254.00279845,171357.232867509,3.0,184899.2356379773,12.12756628344551
2299.0,1273418.93765277,278947.401873678,3.0,194925.00442775703,12.180370170892983
2300.0,1273749.65387711,278936.409745678,4.0,197714.51090283945,12.194579405063237
2301.0,1268694.81783992,176924.293609217,4.0,860224.3295440675,13.66494848252174
2302.0,1268034.68036725,176931.20004122,4.0,1478610.908771836,14.206613629848675
2303.0,1265515.46590067,191764.35743241,4.0,710992.7456914551,13.474417505767722
2304.0,1265229.04785238,191761.166136414,4.0,477949.2047324513,13.077259739576833
2305.0,1288716.06976444,184052.228464514,3.0,2636141.0164617603,14.784826669555203
2306.0,1289158.54003689,184050.231088504,4.0,2572894.26311868,14.760541995634656
2307.0,1267120.78193432,280092.800146863,4.0,104350.03206792612,11.555506219816522
2308.0,1273763.30603711,196780.499581546,4.0,77497.43475192208,11.258000114818422
2309.0,1274019.55454938,196773.414333537,1.0,0.0,
2310.0,1264444.16260357,234817.667620495,4.0,798256.0213515655,13.590184653738763
2311.0,1264113.57405923,234823.892324507,4.0,518125.8624497095,13.15797346942946
2312.0,1281177.71743672,250571.040308625,4.0,266085.01010921114,12.491571123583562
2313.0,1281511.28633305,250564.991476625,4.0,402073.4069364283,12.904389955250492
2314.0,1279124.9724746,208036.921673074,1.0,0.0,
2315.0,1279536.31385103,208013.054217055,3.0,257669.55445860172,12.45943324631058
2316.0,1264517.56669965,252425.28331852,3.0,8769.766015089768,9.079065404860907
2317.0,1264260.12721139,252429.462134525,4.0,1023059.6996386038,13.838308400649026
2318.0,1275627.53035903,265939.196932361,3.0,1588844.807921527,14.278517774242893
2320.0,1279892.85023539,211943.188749075,1.0,0.0,
2321.0,1280065.54412358,212028.186317161,4.0,2773279.370820864,14.835541066303271
2322.0,1282420.66962998,211872.043917,3.0,11536.748771585242,9.353292764802633
2323.0,1282448.63711801,211539.99335666,3.0,48283.89163631741,10.784853277520542
2324.0,1277040.29919247,270532.854089066,4.0,1132450.618266016,13.939894531208518
2325.0,1277372.16927281,270521.306505054,4.0,1406271.9276040266,14.156452737776162
2326.0,1252467.33321531,236868.686502591,4.0,1252598.30237128,14.040730593788545
2329.0,1278086.34040955,255089.113977253,4.0,40272.60537016339,10.603426749298356
2330.0,1278542.20434602,255029.749881193,2.0,0.0,
2331.0,1271635.98187494,205983.448390976,3.0,44093.831081366494,10.69407516687388
2332.0,1271633.26865894,205706.79245469,4.0,127349.37312367548,11.754689557927293
2333.0,1257079.68323603,241532.17617137695,3.0,56790.94087954343,10.947132100431778
2334.0,1257070.79843603,241757.0116916,3.0,27365.877626319336,10.217052174188156
2335.0,1271828.99333113,227522.071965024,5.0,672252.0126381663,13.418388568010105
2336.0,1271612.31659491,227887.78153340504,3.0,204701.76101674567,12.229309374527597
2337.0,1277717.35295317,234969.240164652,3.0,6351.9782007642725,8.756521571051477
2338.0,1277778.84792922,235094.321956784,3.0,49679.9684719927,10.813357081985433
2341.0,1262749.02986583,285548.110488445,2.0,450849.0053548615,13.018887762770271
2342.0,1262708.9617058,191131.136567757,1.0,0.0,
2343.0,1270339.0409456,190778.508983403,3.0,52642.09589739639,10.871271380886599
2344.0,1285268.9851529,253615.900343746,4.0,41887.883904924754,10.642751897146503
2345.0,1285548.13849719,253616.470583752,4.0,40454.95103462842,10.607944313874835
2346.0,1267123.13035032,280754.791635543,4.0,190653.8079711348,12.158214538708767
2347.0,1267254.17668645,280751.919571534,1.0,0.0,
2348.0,1263767.78404288,166516.538782552,1.0,0.0,
2349.0,1262960.13015406,166321.036574349,3.0,895345.2297885618,13.704964654489013
2350.0,1264640.58973977,173949.645030171,3.0,62874.095084231645,11.048889514999967
2351.0,1263966.31940308,173952.79363817,3.0,34431.49677183037,10.446727028284263
2352.0,1262762.82871385,189793.333110392,3.0,164017.1278283579,12.007726139330861
2353.0,1262753.57284184,189265.991989851,4.0,2410225.922160638,14.695231044708297
2354.0,1293083.7710169,182272.900334686,3.0,431913.8648047237,12.97598146031991
2355.0,1275892.11083929,277862.232144579,4.0,640913.8190063932,13.370650279135965
2356.0,1275892.9238313,278413.173969135,1.0,0.0,
2357.0,1262247.51479332,270820.316105366,3.0,93182.0,11.442309848973883
2358.0,1263207.85175431,271372.021001935,1.0,0.0,
2359.0,1274150.00773351,214282.951503471,3.0,88251.47147732049,11.387945648620505
2360.0,1274486.24325386,214274.976783454,4.0,222570.83336806015,12.313000682141118
2361.0,1257239.8243562,218832.522452131,4.0,46144.46292667282,10.739532252812417
2362.0,1266027.24215719,235581.973541275,4.0,21028.89643263215,9.953652791458316
2365.0,1266752.47428595,198513.356351316,1.0,0.0,
2366.0,1266773.71735796,198372.99641518304,3.0,139768.0,11.84773918415428
2369.0,1277772.29804122,217336.707858592,4.0,223102.22601574517,12.315385358029948
2370.0,1278094.29247355,217328.419154584,4.0,429821.0413887844,12.97112421822486
2371.0,1265377.47306854,263555.321409926,4.0,307746.8147841104,12.637032693982125
2372.0,1265707.17975686,263547.155137911,4.0,804384.5027548507,13.59783267109939
2373.0,1264493.90858762,236587.30711031,4.0,231228.91142704824,12.351163457387281
2374.0,1277032.59154446,235903.219621614,3.0,84386.37676945547,11.343161254871442
2375.0,1277170.40850461,236093.927525803,3.0,34201.06564326841,10.440012081725156
2376.0,1286173.06668982,208220.565321267,3.0,10514.864523471004,9.260545203933114
2377.0,1286175.69331382,207792.38343282,4.0,80918.45029159465,11.301197139981078
2378.0,1267935.01982315,241749.868331596,4.0,502982.6145768599,13.128310885019058
2379.0,1267941.85771115,242000.12471585,4.0,156798.70656175225,11.962718137896005
2380.0,1285650.07788929,202502.330051407,3.0,477944.8965085476,13.077250725557606
2381.0,1285634.48608127,201849.391682744,4.0,1053935.9990208107,13.86804228424815
2382.0,1275746.92184715,222978.108312368,4.0,500227.3595808702,13.12281799321264
2383.0,1275754.73515916,223341.362520739,3.0,58643.63210914069,10.979234273747787
2384.0,1256200.91465913,207910.487496942,4.0,478556.3472869638,13.07852924111767
2385.0,1256173.3671391,207308.229192331,3.0,92917.30053710753,11.439465134989113
2387.0,1266213.65316539,189775.097590372,4.0,179091.93448335986,12.095654553441014
2388.0,1266255.90935743,189112.14878968903,3.0,72164.32023322703,11.186701023138745
2389.0,1265457.71306862,233873.845347524,3.0,266120.1419758796,12.491703147358912
2390.0,1295874.09716375,183052.207215488,1.0,0.0,
2391.0,1271104.2349304,279561.056466311,3.0,2021762.317107207,14.519480123239353
2392.0,1271369.03365067,279552.670994312,3.0,93182.0,11.442309848973883
2393.0,1287817.43117151,183395.91582384697,3.0,233288.6051606956,12.360031614813693
2394.0,1287801.6175395,182905.885615334,3.0,1484838.059618523,14.210816273510533
2395.0,1277050.67090449,272189.649994761,4.0,88776.1166210567,11.393872935834766
2396.0,1277717.19775316,272165.800906748,3.0,34507.27318799244,10.44892539784392
2397.0,1257189.37725215,237007.270886734,2.0,197083.40956778076,12.191382316933359
2398.0,1256585.47721952,237015.207846746,4.0,354799.7917607321,12.779308942497243
2399.0,1279923.52505143,216050.001105279,4.0,102012.9304559326,11.532854853407684
2400.0,1284997.91251262,204094.502341032,4.0,1384855.170565921,14.14110612214725
2401.0,1285673.75532931,204077.40493302,4.0,660303.6935490516,13.400455149910849
2402.0,1284086.23884769,233494.304483145,3.0,139853.71738816734,11.848352279529367
2403.0,1289398.57037313,247627.686001614,3.0,21544.174737939964,9.977860745205849
2404.0,1289910.00147766,248392.872754395,3.0,1249.642634873615,7.130612897320301
2405.0,1281244.87737277,253217.995639339,4.0,194572.73440609808,12.178561327952004
2406.0,1281508.96479705,253213.008439332,4.0,188815.98304914715,12.148528185091074
2407.0,1280709.66226824,215323.429072529,4.0,55210.85987092637,10.918914949707187
2408.0,1280974.6144605,215318.307664528,3.0,78091.07416980485,11.265631042098097
2409.0,1256229.40873916,208572.394633621,4.0,1668783.5747153268,14.327605520607895
2410.0,1258655.29462965,215507.767568722,4.0,140377.3949188925,11.852089752759982
2411.0,1258400.12253338,215515.599632725,3.0,55660.29206974975,10.927022282456516
2412.0,1280349.63346787,205296.267014265,4.0,688384.6988445626,13.442103115943736
2413.0,1280343.22892386,204947.482949913,4.0,498263.72667278285,13.118884787465314
2414.0,1270303.23326558,206931.616775945,4.0,208014.9252247056,12.245365111997133
2415.0,1270290.26251356,206290.107527286,4.0,127198.10365373724,11.75350102139446
2416.0,1271785.68830709,196546.085373312,3.0,93181.99999999996,11.442309848973883
2417.0,1271777.38814709,196298.821757048,1.0,0.0,
2418.0,1278991.88421847,236130.958629847,4.0,73647.63890714932,11.20704736308972
2419.0,1279009.32933849,236719.115238443,3.0,10580.10575119662,9.266730700749541
2420.0,1279010.87071449,204036.587780982,4.0,970679.9457235106,13.785752079884052
2421.0,1279000.72473048,203530.64525245095,3.0,72929.98960584248,11.197255213455884
2422.0,1265415.25290857,247308.578673288,4.0,34372.288829376055,10.445005961440286
2423.0,1265420.87722857,247531.565105513,3.0,12102.87609475347,9.40119839712142
2424.0,1269925.77368119,225049.091674492,4.0,953051.0601441076,13.767423759526473
2425.0,1270283.21752155,206020.89907901,4.0,38056.69737816967,10.546832362995973
2426.0,1270275.98558554,205744.589638725,4.0,98105.70913207546,11.49380084092506
2427.0,1255716.18467464,243481.127981365,3.0,141383.87810726278,11.859234009729718
2430.0,1262707.8534178,243971.710701868,2.0,20653.865509746352,9.935657772626259
2431.0,1262709.2842018,244122.287150025,4.0,1922648.661689078,14.46921430464884
2432.0,1291248.44103102,186111.70699462303,3.0,470.62708661801264,6.1540660322612215
2433.0,1290991.35917476,185491.40145798,3.0,782353.4353559372,13.570061880793531
2434.0,1253687.74646457,239219.200809002,4.0,169587.06240630982,12.04112171644858
2435.0,1253702.93276857,239881.794985682,4.0,667464.6970722957,13.411241779576702
2436.0,1274821.89189421,214894.9637281,4.0,235506.9497744656,12.369495702722777
2437.0,1252499.88700734,215994.077969223,3.0,188478.7665303923,12.146740635124244
2438.0,1252462.0989753,215318.51144053,4.0,58149.3243129522,10.970769538153629
2439.0,1266318.4567495,235265.320932955,4.0,88962.69450444776,11.39597239796959
2440.0,1266326.9617095,235575.362661272,4.0,42858.82958666877,10.665666960830828
2441.0,1263053.73495415,260978.846591279,4.0,328091.01412796124,12.701046330972687
2442.0,1276732.28012016,223921.946969345,4.0,841604.2577367018,13.643065180050577
2443.0,1277054.09573649,223919.738649338,4.0,139558.15866660848,11.846236701365925
2444.0,1266999.02103819,261937.38764827,3.0,341270.60134478187,12.740430993900215
2445.0,1267336.03217454,261934.50707227,4.0,444278.07014772063,13.004205929496797
2446.0,1274707.96299808,239501.094953299,4.0,265674.9692953617,12.490028920668712
2447.0,1274875.92754225,239497.629097283,3.0,93182.0,11.442309848973883
2448.0,1282516.94835009,212649.310413793,4.0,52369.13488903396,10.866072667928266
2449.0,1282600.47372617,212646.652941793,2.0,2302.101248557679,7.741577571180674
2450.0,1264534.69559567,245782.968175724,3.0,317981.2576794899,12.669747721910584
2451.0,1264052.36881118,245801.614831746,4.0,550709.6737088646,13.218963041300873
2452.0,1260308.13872734,248534.578162536,4.0,323613.0742259833,12.68730386577919
2453.0,1259650.41827866,248548.645426556,4.0,381374.46840022487,12.85153702811495
2455.0,1286314.61068997,201833.514754727,4.0,1207125.2946675846,14.003752301376124
2456.0,1287054.81555472,201816.234946698,4.0,1468565.8051856563,14.199796839774912
2457.0,1277955.69004141,234431.332132101,4.0,115129.43563620182,11.653812301685765
2458.0,1265313.37284446,258925.254909188,4.0,29354.547453355663,10.287202752040011
2459.0,1265643.27377281,258916.903229177,3.0,19535.026832350624,9.879964381040857
2460.0,1265494.15722865,270175.896776706,4.0,1366974.7563822411,14.128110649099765
2461.0,1265824.67626899,270167.697992697,3.0,933393.0500423145,13.746581666618743
2462.0,1280857.82860439,281009.7255238,4.0,181031.8477228108,12.1064282490395
2463.0,1280860.38962838,281279.185300067,1.0,0.0,
2464.0,1294519.13722637,186529.407603055,4.0,227744.40380283823,12.335979243153306
2465.0,1294510.56999436,186262.808370769,4.0,380295.5227959658,12.848703921025503
2466.0,1263848.18186696,179048.154475391,3.0,62122.33333336692,11.036860838266263
2467.0,1263561.15556267,177909.227626219,2.0,108689.66666661525,11.596252005725916
2468.0,1253001.55919985,237241.914726973,4.0,188031.4720627858,12.144364632390788
2469.0,1253106.76303996,237753.424551502,3.0,69041.05390232873,11.142456590738261
2470.0,1256940.50934789,259611.92710188,3.0,1399476.3723562814,14.151608704877143
2471.0,1256562.58685151,259534.16838181004,3.0,950645.9199894144,13.76489694831704
2473.0,1278903.00409038,234075.955171734,3.0,1153125.5004324196,13.957986640190269
2474.0,1279018.38444249,234049.88605171404,3.0,385913.6994062884,12.863369046782331
2475.0,1273207.74187654,253849.20504798004,3.0,152889.68890116873,11.937471952763975
2476.0,1273200.83870853,254082.10546422,4.0,694292.5691104454,13.450648719976968
2477.0,1276693.66994412,249275.018291295,3.0,1797979.0757396684,14.402173856426336
2478.0,1276699.23423213,249621.253491655,5.0,216561.43606616868,12.28562955552852
2479.0,1268037.22366326,244909.214062825,4.0,141820.0070177371,11.862313976341396
2480.0,1268229.68753545,244905.496878833,4.0,41381.13375550613,10.630580349558953
2483.0,1272904.00069223,256404.555258602,4.0,51261.48096426553,10.844694890727125
2484.0,1272907.90098023,256737.147386938,3.0,44962.451949710914,10.713583019328544
2485.0,1263833.54410695,247924.837937921,4.0,290336.39294379525,12.578795505378954
2486.0,1263845.10410696,248456.027506456,4.0,1079798.2361089836,13.89228476323006
2487.0,1281166.6508127,212690.378253832,4.0,298003.5207010331,12.60486057985075
2488.0,1276904.70264833,256621.686330825,4.0,837820.0680202517,13.63855864044316
2489.0,1277559.274169,256601.969530806,4.0,965590.4938976644,13.780495103954845
2490.0,1266182.58961335,233405.856803045,5.0,1977044.191276209,14.497113454597022
2491.0,1266154.64900532,234013.672547668,3.0,1317047.9723005542,14.090903405499047
2492.0,1290743.22093451,189838.26219843296,3.0,1344700.2651045253,14.111681694959652
2493.0,1290815.16371858,188747.551093325,2.0,1029469.1185697144,13.844553808467502
2494.0,1270444.01483372,226701.19010818,4.0,1097976.0734768074,13.908979109809456
2495.0,1270227.0148975,227068.099484563,4.0,1163627.1047993817,13.967052499246789
2496.0,1274821.8573982,224874.585818321,3.0,21670.961625131345,9.983728469417137
2497.0,1274826.9774622,225089.553882539,3.0,2806.9561582219253,7.939855957508852
2498.0,1269426.51192068,180487.129004866,3.0,429368.04663212434,12.970069747666633
2499.0,1269414.10219267,179832.849772185,3.0,393024.26172248326,12.8816266236087
2500.0,1268003.81854323,243684.522285581,3.0,39652.16065653939,10.587900718807532
2501.0,1268261.50110349,243677.766701564,4.0,317195.7321814227,12.667274313990974
2502.0,1288321.51418002,181831.060654238,3.0,93182.0,11.442309848973883
2503.0,1288379.82765208,181544.344045952,1.0,0.0,
2508.0,1266432.89028561,234007.43792367,5.0,212412.81934346404,12.266286921253055
2509.0,1271509.46315481,242253.979500115,4.0,27145.10910351161,10.208952165617221
2510.0,1271522.92408282,242718.401516587,4.0,72564.45753690142,11.1922305153291
2511.0,1266323.9711815,260354.354750648,4.0,802031.3031203543,13.594902917409087
2512.0,1266818.39838201,260345.84556663,4.0,920025.9077016824,13.732157109174029
2514.0,1263228.07581833,212276.050957412,3.0,2127396.148000489,14.570409324137392
2515.0,1267042.23550223,244931.246510848,4.0,81024.05241139424,11.302501332926171
2516.0,1267277.00113447,244927.220590845,3.0,1264.7342620200516,7.142617309544556
2517.0,1266509.10468569,194382.127419084,5.0,1050498.9307249433,13.864775781394178
2518.0,1253896.59843278,235473.072805166,3.0,183235.68945473817,12.118528523683043
2519.0,1253344.18972822,235675.917221382,3.0,42648.23826290308,10.660741245217977
2520.0,1270246.60804951,204628.042629585,4.0,119485.87569402948,11.690953448339078
2521.0,1270606.69528188,204617.660741568,4.0,155364.9924056404,11.953532417442686
2522.0,1278190.14104965,218065.474131346,4.0,575887.1236207221,13.26366695453795
2523.0,1278468.68312994,218051.523667321,4.0,179639.96935771088,12.098709956625568
2524.0,1272084.8084354,227986.983453497,4.0,419009.6036678624,12.945649119089964
2525.0,1272237.12209955,227982.790237501,4.0,570395.2546326107,13.254084828679824
2526.0,1284103.9507197,245224.879407153,4.0,144766.98261759954,11.882880712336416
2527.0,1284111.52582371,245882.603503823,4.0,122897.39630629016,11.719105109864213
2528.0,1259843.40048686,212448.118861586,4.0,410392.5266068537,12.924869362650606
2529.0,1260113.22474314,211669.492812797,4.0,485764.01879173255,13.09347822691945
2530.0,1264949.78398009,256297.929466486,4.0,537260.5866916033,13.194238519646307
2531.0,1277997.19224945,267845.485126317,3.0,273787.1747563328,12.520106349089756
2532.0,1278009.03704946,268505.852230996,3.0,41924.74016906206,10.643631389154306
2533.0,1266966.95518216,258885.258621141,4.0,188569.43660606147,12.147221581998743
2534.0,1266970.87639816,259215.52697348603,3.0,12464.5083201604,9.430640550346991
2535.0,1279765.72319527,201990.841858879,4.0,307299.2162653537,12.635577197725977
2536.0,1279760.68089126,201363.459586233,4.0,171474.4861615967,12.05218976578392
2537.0,1272862.0335882,239064.40784885,4.0,205000.5404589736,12.230767894502307
2538.0,1273148.10718849,239558.556137353,4.0,93182.0,11.442309848973883
2539.0,1273039.87966837,221813.514519185,4.0,115695.27649203745,11.65871508686902
2540.0,1273033.12939636,221507.620118871,4.0,214896.73740432487,12.27791290059039
2541.0,1283033.39052661,275195.015053838,1.0,0.0,
2542.0,1283312.73875089,275150.536781803,3.0,137932.41641854693,11.834519108081965
2543.0,1283069.60959865,254484.056120634,3.0,39212.95833460142,10.576762540912648
2544.0,1283068.47705464,255126.034489289,3.0,73256.6847634119,11.201724782284176
2545.0,1277355.05938479,262580.541888922,4.0,286458.3618595266,12.565348470751307
2546.0,1277814.75500126,262565.287360907,4.0,375308.1977428218,12.83550282805754
2547.0,1264817.05425195,234367.548452035,4.0,1819685.286067968,14.41417412435776
2548.0,1264543.66967568,234373.429028034,3.0,44200.48045582713,10.696490938048049
2549.0,1273023.10808437,251248.747637317,5.0,223474.38000910296,12.31705205563339
2550.0,1273299.14718865,251312.543093383,3.0,40600.45492880133,10.611534550669937
2551.0,1286417.22630608,197203.771389976,4.0,489559.9806133344,13.101262267896091
2552.0,1286845.36096251,197196.865277976,1.0,0.0,
2553.0,1274294.02219766,205947.172550932,4.0,190930.3231321547,12.15966384011772
2554.0,1274680.78123805,205881.890886873,3.0,17840.833825656242,9.789245144148055
2555.0,1275826.61656722,237065.023014799,5.0,181569.32695235068,12.10939282643596
2556.0,1276228.27551164,237054.965350792,4.0,496243.2766196281,13.114821562518213
2557.0,1253821.5336007,211319.515788436,3.0,206606.18922007657,12.23856979272175
2558.0,1253654.73667252,211326.222476438,3.0,169813.0007028055,12.042453114727069
2559.0,1265135.86398028,235911.75536561,3.0,7947.65997525295,8.980632821585575
2560.0,1265141.67338829,236122.655525833,3.0,5632.065227711736,8.636231479395764
2561.0,1266260.39652543,255324.224377498,4.0,1794079.842398867,14.400002825849606
2562.0,1266265.93854144,255598.158905774,4.0,240596.2928896956,12.390875674630513
2563.0,1257427.11434039,243101.176300973,4.0,2590024.7613379937,14.76717799399218
2564.0,1257253.52016421,243120.027309,3.0,135135.23923308938,11.814031328078714
2565.0,1271826.70590714,197881.478078678,4.0,604829.0731207505,13.312701173328266
2566.0,1272486.5425158103,197861.167038649,4.0,278045.4878166148,12.535540004527245
2567.0,1253646.18256052,237820.849959567,4.0,143945.83914869628,11.877192390785448
2568.0,1253495.08675236,237890.987623647,4.0,41641.27706483417,10.636847191442913
2569.0,1276745.69215217,247351.25150533,4.0,116540.06351622527,11.665990385713437
2570.0,1277027.88876046,247343.600561321,3.0,79791.09032524619,11.287167127144997
2571.0,1269035.61080028,267067.260933518,4.0,663739.8438966741,13.405645550323934
2575.0,1279826.74604332,211080.754124194,1.0,0.0,
2576.0,1279821.67122732,210961.122188061,3.0,311591.57064039056,12.649448540752715
2577.0,1266728.99761391,266833.694789276,4.0,216002.17750562,12.283043767660025
2578.0,1266741.46711792,267495.495301962,3.0,2500297.882114557,14.731920435586115
2579.0,1259282.63453428,187490.626484036,2.0,93179.99999999996,11.442288385370787
2580.0,1259275.03255028,187346.523379892,2.0,46591.99999999999,10.749184131556358
2581.0,1255733.94384265,241826.995499671,4.0,1352259.208775651,14.117287239675841
2582.0,1255741.66985866,242156.923948005,4.0,181829.1321721245,12.110822690858964
2583.0,1255357.20144227,213239.860046402,4.0,428360.6624449877,12.967720788981511
2584.0,1255339.46793824,212581.449293733,4.0,440121.56336880673,12.994806248119698
2585.0,1258555.84336555,208932.118985996,4.0,547087.7879525726,13.212364558385449
2586.0,1258554.58909354,208503.48896955,5.0,1040419.5225462668,13.855134576842586
2587.0,1277264.5519927,217735.155859008,3.0,1535074.6247699591,14.244089553307056
2588.0,1277146.78783259,217561.984274819,4.0,1074677.999735904,13.887531639544902
2589.0,1278939.05554642,281128.931987926,2.0,1493.2536465115418,7.308712673606113
2590.0,1279313.7322828,281316.157012105,3.0,68450.02671034378,11.133859220933374
2591.0,1269269.86526452,173273.656549469,3.0,65800.0715159557,11.094376204181446
2592.0,1268614.48004785,173277.361253485,4.0,77933.13168673906,11.263606451924428
2593.0,1273076.87538041,274811.740173444,4.0,122838.0045276355,11.718621729939223
2594.0,1273076.67192441,275143.029261783,4.0,106939.78264995191,11.580021176052107
2597.0,1264934.66756408,170764.558882907,4.0,484879.0173377826,13.09165469001402
2598.0,1264904.80279605,170035.831010163,4.0,423997.6591617553,12.957483213353939
2599.0,1284231.74214384,198572.046847388,3.0,315771.53404869785,12.662774237566415
2600.0,1284228.84025583,198379.94918318104,3.0,51366.59454032235,10.84674332849224
2601.0,1267307.46462251,173610.226085827,4.0,550069.0773990911,13.217799144593302
2602.0,1266646.29041383,173601.790693805,4.0,475900.1780929864,13.072963401332679
2603.0,1283653.40966325,195741.510204479,3.0,49196.08584574908,10.803569343334946
2604.0,1284026.61100763,195735.403260469,1.0,0.0,
2605.0,1280848.15871637,255438.451193616,4.0,2178622.20270043,14.594203217848372
2606.0,1281512.27513306,255426.990585595,4.0,1982157.9633458715,14.499696689659885
2607.0,1277744.0635452,220349.513493687,3.0,41607.2371377124,10.636029400774937
2608.0,1277733.07205719,219793.734101117,3.0,46217.31613965578,10.741109815064434
2609.0,1276388.7201198,201754.200962633,4.0,139770.0,11.847753493478953
2610.0,1276447.84895186,201798.079170689,2.0,186344.0,12.13534970691119
2611.0,1279310.4147148,266484.45171693,4.0,462432.1229812119,13.044255064042446
2612.0,1279319.74706681,267145.1033016,3.0,969539.1861761584,13.784576171802284
2613.0,1276590.67538401,207682.308872715,2.0,374.6540440730417,5.926003051021492
2614.0,1276635.99455206,207190.114312202,2.0,4828.906800125624,8.482375385651183
2615.0,1274207.08011757,254314.130296454,4.0,98535.5307193137,11.498172480079672
2616.0,1283249.36646283,269897.74772042,3.0,93249.581723184,11.443034851953739
2617.0,1283554.25465514,269961.858824492,3.0,52170.74779420701,10.862277229711045
2618.0,1263298.4201384,211874.626253009,2.0,58690.94164679239,10.980040677839966
2620.0,1276881.10431232,261261.414271578,4.0,1459775.3716949967,14.193793126844197
2621.0,1259836.67575085,189837.842870444,3.0,77554.61961750021,11.258737736366276
2622.0,1279084.29445857,207145.41984815904,3.0,195279.1150977951,12.182185173603251
2623.0,1279072.40242656,206703.722247705,4.0,116664.56297747568,11.667058113013278
2624.0,1280622.83564414,212232.583181366,3.0,78956.36175649904,11.276650596000431
2625.0,1280887.64748441,212224.253517359,3.0,76613.54205861906,11.246529129380312
2626.0,1276258.97695167,281866.467860669,2.0,19232.10280078812,9.864336182619532
2627.0,1276182.06175159,282096.633108914,2.0,9386.691798431448,9.14704819899
2628.0,1269277.05156852,187806.969332352,3.0,131144.23425978774,11.784053021383809
2629.0,1264770.90577191,245333.813615263,4.0,66502.82021325812,11.104999634966626
2630.0,1281521.14521307,225146.939290598,4.0,96333.11342372288,11.475567395625129
2631.0,1257299.17789225,238584.415016353,3.0,131116.067165232,11.783838218803997
2632.0,1257311.84880427,239006.344296783,4.0,2393621.208951752,14.688317927414781
2633.0,1264327.65597945,244554.932270467,4.0,413372.5507551792,12.93210452527151
2634.0,1264028.72151515,244560.124846473,3.0,45005.02683593696,10.714529469978908
2635.0,1278612.46469808,222042.600023419,4.0,2197697.14778185,14.602920619093853
2636.0,1270154.39428942,270744.614153281,4.0,276185.4751425747,12.528827930386885
2637.0,1270414.23172969,270739.656457275,4.0,578559.7932096454,13.268297179323342
2638.0,1273104.56626044,196801.61439757,4.0,36014.32815684392,10.491672142612298
2639.0,1273223.39346056,196797.933629557,4.0,151462.28429958867,11.92809192442117
2640.0,1285906.66336155,202981.8976679,2.0,40.66666666666666,3.7054087560651467
2641.0,1286500.56633817,202932.475843847,3.0,52237.51863400007,10.863556263473027
2642.0,1278247.7954497,259562.800893828,3.0,52607.98168578601,10.870623130289765
2643.0,1270008.76139328,270747.392713293,4.0,144967.21686507596,11.8842629052547
2644.0,1274397.98264576,239507.567721292,3.0,12093.0949369903,9.40038990232837
2645.0,1252718.71529557,213998.332943171,3.0,585004.4759798051,13.279374777432253
2646.0,1252699.72316755,213525.214478686,1.0,0.0,
2647.0,1277589.62386504,258414.809084654,3.0,20118.932249713973,9.909416553705757
2648.0,1277589.53791304,258590.438972846,4.0,68089.46506716468,11.128577782184802
2649.0,1282389.61823796,226757.449500248,2.0,3471.011257790826,8.152201259241956
2650.0,1282396.60473396,226898.972188383,3.0,6866.13778046493,8.834357040880807
2651.0,1255643.46006656,237195.117606938,4.0,181407.1466480312,12.108499213064805
2652.0,1255659.67920259,237776.55607152,4.0,94706.1981729208,11.458534727643995
2653.0,1273345.72261269,181416.646509811,4.0,202905.02394673388,12.220493286210834
2654.0,1273336.72158869,181089.028013483,4.0,156239.14983217153,11.959143124113403
2655.0,1265888.37956506,178235.29457055,3.0,985208.8431349348,13.800608921167667
2656.0,1265892.92190106,178162.610666484,3.0,1204076.7661354651,14.001223662067094
2657.0,1285687.76780933,186075.363890588,3.0,22729.185586085063,10.031405086292015
2658.0,1285874.02169752,185912.411442414,3.0,126180.47618123775,11.745468511742674
2660.0,1259048.54154205,193242.165497929,4.0,897541.1612681629,13.707414260430165
2661.0,1265435.87159659,235905.175653607,4.0,129522.02016091414,11.771606185519211
2662.0,1283596.19910319,244316.674542218,3.0,140112.5550597488,11.850201343297416
2663.0,1283601.68831919,244572.203566492,3.0,1665738.2077393015,14.325778951149719
2664.0,1271744.64869104,221535.4966629,3.0,275074.4222675924,12.52479696646359
2665.0,1272067.31729938,221528.671254888,4.0,113396.6156128927,11.63864682514694
2666.0,1270704.83480199,223732.754777148,4.0,599995.1434060232,13.30467683984223
2667.0,1254594.64227349,252828.935734943,3.0,108939.55385129264,11.598548455567546
2668.0,1254344.98403323,252835.484278947,3.0,68136.61464248058,11.1292700075986
2669.0,1283494.83974308,250527.997748584,4.0,305921.9872223642,12.63108540471308
2670.0,1283825.34239942,250521.827828571,4.0,347479.2327482408,12.758460180325606
2671.0,1268215.47467144,244385.4582223,4.0,202969.02278136535,12.220808649243665
2672.0,1268222.57732745,244645.338926554,4.0,187170.67679608,12.139776189709558
2673.0,1262326.1891614,257015.04940322,4.0,519648.7823256143,13.160908443755117
2674.0,1261994.33418506,257021.080251232,3.0,361638.0266592024,12.798399064192246
2675.0,1258384.66883737,189874.16370247296,3.0,12907.784781282262,9.465585879751341
2676.0,1258106.87805308,189883.135798484,3.0,6605.746924308687,8.795695295242425
2677.0,1261676.19114473,188200.607668757,3.0,606698.8760543589,13.315787861372812
2678.0,1261675.65175274,188162.95518872104,3.0,463886.16803604754,13.047394473602159
2680.0,1251387.52732621,213392.14023855297,3.0,526298.7149490342,13.173624229668805
2681.0,1270012.04715328,258811.960509062,4.0,1441436.9317629964,14.181151043291452
2682.0,1270018.69054528,259473.89292573897,3.0,27349.070897337075,10.216437836426197
2683.0,1269672.54225692,226740.200220227,5.0,1755037.2012166216,14.378000611931872
2684.0,1269949.79403321,226904.232988387,4.0,1677318.448020744,14.332706914263477
2685.0,1281801.21977335,169203.374305308,3.0,268217.1380188381,12.499552147932999
2686.0,1281786.89010933,168565.038304657,4.0,133110.523122069,11.798935063031607
2687.0,1274568.60171795,271456.788554013,2.0,23294.0,10.055951095662596
2688.0,1274888.15160626,271446.802377999,2.0,2.0,0.6931471805599453
2689.0,1281472.86610901,229324.381726876,3.0,72321.1804211911,11.188872317128526
2690.0,1281691.74623723,229599.405087158,4.0,306386.15484270226,12.632601529282924
2691.0,1288011.68736371,190166.159158766,3.0,23724.08169510365,10.074245916516322
2692.0,1288005.1831077,189912.302390516,3.0,43934.19968384313,10.690448331850595
2693.0,1279633.26642713,253911.901752055,2.0,95002.71810178406,11.461660781771101
2694.0,1279844.67250735,253907.97029604,4.0,159910.0146474811,11.982366527551765
2695.0,1280844.38047637,228260.729949787,4.0,671197.6280935797,13.416818900299301
2696.0,1280859.56780438,228695.674270228,4.0,1017836.8400913754,13.833190188287846
2697.0,1287544.16269124,247673.029681668,3.0,3634.792173475488,8.19830721459875
2698.0,1280918.67494044,213221.629134387,4.0,2639236.246642009,14.786000132752642
2699.0,1280900.75078042,212698.723341852,4.0,264908.45762724086,12.487139602373139
2700.0,1257568.69936453,219240.683988541,3.0,548.2015387649732,6.306642990805594
2701.0,1284358.87673597,245219.182895154,4.0,106961.79794149926,11.580227021110044
2702.0,1273734.54366909,195568.953148305,4.0,555797.538073116,13.228159366761327
2703.0,1273724.99218108,195259.430139989,4.0,384581.446344326,12.859910869538751
2704.0,1265658.40330882,260106.055038393,3.0,151346.25565021936,11.927325574469036
2705.0,1266320.68119749,260090.120062381,4.0,193118.52352931825,12.17105939094856
2706.0,1280145.59839565,222882.077976272,4.0,778828.4850079437,13.565546127322284
2707.0,1280133.81695564,222594.998807982,4.0,441253.9983880986,12.997375948691362
2708.0,1275546.31954294,261318.844287634,2.0,2002.041837588383,7.601922857553103
2709.0,1275938.43525535,261294.120575607,4.0,212170.1820280849,12.26514397704187
2710.0,1280263.67596377,264451.125122845,4.0,491219.3882085603,13.104646126144738
2711.0,1280559.38502008,264437.609026834,3.0,290665.993592973,12.57993009859982
2712.0,1263634.89028275,256189.897530377,4.0,119389.93857532609,11.690150209851707
2713.0,1263638.97725876,256458.298554659,4.0,69232.5080123842,11.145225800263955
2714.0,1266241.91921341,237902.808743656,3.0,69304.19368515967,11.146260698284408
2715.0,1266416.79223759,237898.710695654,3.0,243125.6425757755,12.40133363633655
2718.0,1271972.00453128,178644.056554973,3.0,342823.0635830116,12.74496974343968
2719.0,1271961.85822727,178361.207082689,3.0,304900.98019195127,12.627742347769313
2720.0,1263953.12586707,171982.877924159,3.0,119501.62192468412,11.691085222853095
2721.0,1264951.8600761,249578.911731616,4.0,130540.1288623302,11.779435959336952
2722.0,1265206.74474835,249580.480307609,4.0,215516.22629799368,12.280791481737708
2723.0,1280227.52082774,218424.250259712,2.0,67767.8634611794,11.123843371311509
2724.0,1280367.78757988,218421.349395707,4.0,218955.43474361376,12.296623493769461
2725.0,1263355.23370646,172803.052516997,1.0,0.0,
2726.0,1263129.73745023,172814.921253011,2.0,46591.99999999999,10.749184131556358
2727.0,1280306.18207581,228701.303518236,4.0,188445.3363733197,12.1465632510997
2728.0,1280321.73189983,229167.058206707,4.0,161627.40186513512,11.993048976691567
2729.0,1266482.33246166,272141.520458713,3.0,43047.259351123,10.670053845834547
2730.0,1266788.43025397,272135.498186707,4.0,892739.6409749442,13.70205026188889
2731.0,1278933.66117841,225591.016475052,4.0,1350501.5036759384,14.115986565635838
2732.0,1279255.57561074,225584.055835038,4.0,610545.2995770804,13.322107770561614
2733.0,1269772.09553704,243636.966893524,2.0,20376.05998359288,9.922115960490496
2734.0,1256794.99581175,253062.113079175,4.0,255903.60328995492,12.452556102900465
2735.0,1288038.00288373,191193.347383827,4.0,176633.00973312563,12.081829467766108
2736.0,1274810.65733419,224411.260953844,3.0,22224.226526707105,10.008938257828566
2737.0,1274816.24031019,224643.12169008,4.0,844982.9078351546,13.647071678720716
2738.0,1279584.96601108,207073.442248091,1.0,0.0,
2739.0,1279739.14681123,207065.80288808,4.0,379007.6277087253,12.845311609742582
2740.0,1258508.1203575,197095.796221867,4.0,1576354.053179023,14.270625177201623
2741.0,1257845.50819682,197136.097021908,4.0,1459646.1435462434,14.193704596874706
2742.0,1258765.60016575,247092.360945061,3.0,37646.43359722951,10.53599350356814
2743.0,1258554.12355754,246930.963312894,4.0,70299.61693231837,11.160521628741497
2744.0,1280878.6530524,211898.54746902,4.0,134590.11412053485,11.809989247139839
2745.0,1280858.31814039,211237.09108434603,3.0,218221.04015108047,12.293263773722707
2746.0,1266601.34628579,234638.889764309,4.0,321079.4160392829,12.679443773504863
2747.0,1266609.83479778,234948.752996624,4.0,203201.79347757617,12.221954820816688
2748.0,1278943.49189842,225957.016731426,4.0,877265.7822896072,13.684565283924393
2749.0,1284984.02118461,242983.11063686,3.0,93072.86190476191,11.441137926731287
2750.0,1264884.11710003,252695.322486803,4.0,2075457.954214461,14.545692388122337
2751.0,1264889.91076402,252960.342967078,4.0,1999086.7721538811,14.508201020321277
2752.0,1278712.32505019,251278.347957358,4.0,203005.6633998927,12.220989156156406
2753.0,1266896.35198209,227696.541469201,4.0,155639.97358728686,11.955300757394587
2754.0,1270635.75326592,225114.057434559,4.0,822118.5859242537,13.61963992874777
2755.0,1270479.87166576,225377.276058823,4.0,1991662.3427305133,14.504480196097415
2756.0,1263993.75409111,281162.327571958,3.0,55573.19142576439,10.925456195356654
2757.0,1263684.3196588,281171.772435963,1.0,0.0,
2758.0,1271518.06481881,283334.956118181,4.0,109993.64553315248,11.608177875225493
2759.0,1271499.7262588,283545.578070387,1.0,0.0,
2760.0,1276522.07250394,228346.79017387296,3.0,40270.848066065046,10.603383113123753
2761.0,1263250.19716235,169410.256801516,3.0,4104.72331114669,8.319893616727322
2762.0,1262601.06922568,169431.229153544,3.0,17800.74220061616,9.786995432074724
2763.0,1272253.33829157,192180.112824842,4.0,792077.7270762243,13.582414806228881
2764.0,1257497.42128447,194195.761018902,3.0,10587.698036429569,9.267448043524888
2765.0,1257487.34941246,193912.890490606,3.0,24530.652891256414,10.107678752929987
2766.0,1275631.00575103,264616.885571018,4.0,65723.08427742882,11.093205501625604
2767.0,1275967.25963937,264607.259267002,4.0,201822.8946596515,12.215145832694631
2768.0,1258479.10992546,190593.096631214,3.0,143646.0882146975,11.875107832673603
2769.0,1258333.02160531,190597.387319222,3.0,81748.12783970253,11.311398187453873
2770.0,1290442.45907819,187649.373492196,3.0,74354.43512450955,11.216598602086457
2771.0,1290410.89319016,186772.429043293,2.0,95625.13664936184,11.46819100014075
2773.0,1266908.53694209,254518.608888671,4.0,417331.9080303992,12.941637126705617
2776.0,1287953.19142765,192183.204344839,3.0,71327.37030754412,11.175035408022246
2777.0,1288234.04025994,192421.387577087,3.0,94544.5114410614,11.456826023126814
2778.0,1255261.50909017,209258.977930322,4.0,458426.7555114038,13.035555809850845
2779.0,1254921.57769783,209269.88244234,4.0,184973.33394532432,12.127966952835088
2780.0,1282902.39148648,261222.64991954,1.0,0.0,
2781.0,1282910.71852648,261483.804287806,3.0,93182.0,11.442309848973883
2782.0,1272388.0506117,208949.787914008,3.0,19666.806825412597,9.886687560910246
2783.0,1272668.98706,208947.505162001,3.0,19440.608201443105,9.875119363607496
2784.0,1267499.4671827,244260.90763016,4.0,437244.0061889684,12.988246684814266
2785.0,1265559.83658871,253481.723831609,4.0,243687.2235153512,12.403640811137395
2786.0,1266270.62750144,253469.667063594,4.0,280920.0345647164,12.545825333314086
2787.0,1272938.10002027,259392.222461656,4.0,1183162.3336145675,13.983701355536784
2788.0,1263118.82506622,203095.544068009,2.0,69005.01809090073,11.141934506890076
2789.0,1263085.20439418,202064.746242955,3.0,43388.71022125501,10.677954553097193
2790.0,1278682.42911415,235073.63498075295,3.0,136192.118830839,11.821821806345197
2791.0,1278721.78693819,236137.688933849,4.0,10660.263165622651,9.27427838462174
2792.0,1268792.80811203,256197.168186396,4.0,908214.4107106314,13.719235764851783
2793.0,1268800.47544004,256856.759355068,3.0,173254.80544530792,12.062518653725538
2794.0,1286140.56051379,205954.337222934,4.0,149808.8593149869,11.917115489271017
2795.0,1257604.68650056,211182.358924299,4.0,1311031.65354038,14.08632490703131
2798.0,1278165.79756163,204085.089029029,3.0,900336.828927598,13.71052422665475
2799.0,1269091.42859234,271428.835529983,4.0,254925.92875520012,12.448728306474589
2800.0,1255847.66147476,217450.76635471,4.0,164671.02233415967,12.01170495857414
2801.0,1255567.92413048,217462.916882724,4.0,75811.12991351458,11.236000393483726
2802.0,1271088.55486637,273676.30676429,3.0,51439.03130352912,10.84815252715427
2803.0,1271362.69406666,273666.40916428,3.0,46794.28571428572,10.753516374328811
2804.0,1288113.22848381,182385.294126809,3.0,52210.2420426207,10.863033962337555
2805.0,1288737.86010045,182363.604526788,1.0,0.0,
2806.0,1268064.45067129,178416.827370748,4.0,247999.1922787558,12.421180768201314
2809.0,1261689.34922475,189288.426037878,3.0,461396.6742947874,13.042013416838829
2811.0,1266814.359662,260610.073086902,4.0,1762645.9183741622,14.382326600808511
2812.0,1266812.601134,260869.738879174,3.0,75248.26596560056,11.228548138699109
2813.0,1281351.24102089,231807.192353413,3.0,168555.158167074,12.035018323380376
2814.0,1281368.13433291,232471.425634101,4.0,610291.5214251446,13.321692025965406
2815.0,1263074.63549817,193131.147321805,4.0,174129.03001416443,12.067551855188519
2816.0,1262929.66301802,193133.979001805,4.0,118443.07125223408,11.682187712749254
2817.0,1257332.58563629,201929.569026813,4.0,1278697.3388312173,14.061352413645313
2818.0,1280255.49945177,227424.008220926,5.0,305084.2336532062,12.628343193372153
2819.0,1280541.77580406,227416.873052925,4.0,339838.8225542448,12.736226732883454
2820.0,1260828.07965587,242357.281836212,4.0,2088769.444840238,14.552085668167493
2821.0,1260505.77418354,242363.021612227,3.0,547916.468048189,13.213878123742434
2822.0,1267113.10379031,227934.797853455,4.0,187320.81073466493,12.140577991361274
2823.0,1268065.94801529,245969.038063914,4.0,223619.09516362989,12.317699415380812
2825.0,1276885.72204031,255958.279226139,4.0,1409673.387281206,14.158868595295514
2826.0,1277544.15941699,255938.711354122,4.0,920229.4219240574,13.732378289593864
2827.0,1274855.12082224,251882.804789975,4.0,229192.40013818344,12.342317105062607
2828.0,1275299.81119069,251867.540341958,4.0,61684.66009469368,11.029790558150651
2829.0,1277502.23064895,249616.655091643,4.0,275641.42166421865,12.526856103142572
2830.0,1277761.05202521,249611.461555645,4.0,170568.6828499541,12.046893326555235
2831.0,1271225.37873852,229627.305951178,4.0,492597.76415057055,13.107448225784077
2833.0,1277426.18847287,216371.501137614,4.0,181280.4223337536,12.10780040599077
2834.0,1277748.20165719,216363.970641598,4.0,483980.1435287263,13.089799159090095
2835.0,1270468.05016175,198182.859326988,1.0,0.0,
2836.0,1271175.02744247,198161.61068695804,5.0,1851866.3910404288,14.431704548519102
2837.0,1262687.88068178,203162.139076084,4.0,342226.9829442083,12.743229488717386
2838.0,1262312.8106014,202459.227395356,3.0,121097.01208398244,11.704347256107008
2839.0,1287389.70496307,252408.80863051105,3.0,375631.6821514275,12.836364373534817
2840.0,1287432.02477111,252408.170806512,3.0,506053.8411248871,13.134398347994104
2841.0,1265844.97937301,227454.800796956,2.0,76902.10734709915,11.250288558851668
2843.0,1270040.1399533,201799.360002682,5.0,2380539.778769939,14.68283781773542
2844.0,1253685.95318456,212513.537037656,2.0,2762.422834644653,7.923863412275564
2845.0,1253675.77014455,212254.733453393,3.0,49496.982338874586,10.809666983847453
2846.0,1284071.92454368,197234.944574013,3.0,46762.96934205261,10.752846915324614
2847.0,1284117.72563171,196510.39615726503,3.0,47811.80528659848,10.775027860509836
2848.0,1286909.85030659,199858.036736697,3.0,268661.55076719867,12.501207690829924
2849.0,1286893.89101057,199156.404287979,3.0,219715.7906324074,12.300090129401239
2850.0,1256144.47939508,216928.210962176,4.0,109004.93189416591,11.599148406923145
2851.0,1256127.17763506,216550.194961786,4.0,147759.8391420231,11.903343526228939
2852.0,1280238.07097174,175753.265768021,5.0,1554865.8579498474,14.256899834890413
2853.0,1274354.50469372,191024.591799647,1.0,0.0,
2854.0,1274352.80094972,190947.78520757,3.0,92266.38909774424,11.43243520571932
2855.0,1266569.37623775,189112.906037688,3.0,72250.91426049179,11.18790026001907
2856.0,1268799.29662403,169762.230497882,3.0,139611.0,11.846615262767727
2857.0,1268624.29335986,169512.949153617,1.0,0.0,
2858.0,1276109.88927151,272738.040907323,1.0,0.0,
2859.0,1276385.4687918,272727.541259319,3.0,145706.81815350513,11.889351786925777
2860.0,1266927.70686212,235872.501797572,4.0,678579.8395772206,13.427757422045122
2861.0,1266940.46699013,236182.471973896,3.0,219105.7333488739,12.297309692967678
2862.0,1253633.64156851,210659.426251754,3.0,338835.4681024171,12.733269923714033
2863.0,1253613.98019248,209992.639499068,4.0,509523.8857219704,13.141232011256493
2864.0,1275095.67544648,212560.414925709,4.0,2252663.7884271266,14.627623979884188
2865.0,1275323.75275871,212556.155725703,4.0,1470779.2649630662,14.201302930514847
2866.0,1285622.10848126,247168.374257147,3.0,1817865.5531587317,14.413173597826878
2867.0,1286332.77209799,247154.23025712403,3.0,46917.0,10.756135362104326
2868.0,1255162.37149008,206591.189959586,4.0,502608.9849422211,13.127567780856273
2869.0,1254831.84521773,206601.821511596,4.0,476344.719150049,13.073897071002412
2870.0,1279843.01010734,261210.274303526,3.0,67333.61696029821,11.117414899988017
2871.0,1280257.71436377,261200.728063509,3.0,228133.7438453736,12.337687331769548
2872.0,1271794.8165631,196841.954877615,4.0,232933.99999999997,12.358510430619061
2873.0,1271864.21009918,196839.816445604,1.0,0.0,
2874.0,1263241.26250634,233722.64649938,4.0,682574.8019493977,13.433627399961477
2875.0,1263248.60202634,234039.033059701,4.0,406172.4148804112,12.914533015631408
2876.0,1269465.93246472,243219.0461891,4.0,297169.67936123733,12.602058565629447
2877.0,1289514.39168525,190793.716983423,4.0,106837.70403288575,11.57906617722217
2878.0,1289631.67296536,190893.098999515,4.0,115592.43994189634,11.657825834655341
2879.0,1260680.21245572,257709.199931934,4.0,1641422.5387648104,14.311073825510798
2880.0,1260348.57437538,257716.301947951,3.0,1905320.940243451,14.460161024921769
2881.0,1254215.2608331,216740.35240198704,3.0,111098.8120087782,11.618175282580255
2882.0,1253906.08528078,216360.27969759697,5.0,143242.03626178586,11.87229103974566
2883.0,1274356.22315772,208416.658121467,4.0,452339.7474515574,13.022188830118127
2884.0,1274659.45586203,208412.109897465,3.0,322716.4519078902,12.684529358791613
2885.0,1263471.20721057,247380.574257359,4.0,112831.46647355727,11.633650537243431
2886.0,1262757.74538584,247395.194993377,4.0,284777.2676978024,12.559462636857477
2888.0,1254807.14940971,245610.645359546,2.0,644555.833626082,13.376316728526255
2889.0,1280702.15602823,214844.420176044,4.0,76771.93368092093,11.248594405480777
2890.0,1281805.57702135,254513.145272657,4.0,114297.88636768998,11.646563357640707
2891.0,1268164.89700739,236949.714534685,2.0,80276.89493306172,11.293237124198408
2892.0,1274536.31666191,216751.845842004,4.0,94130.36845147407,11.452435998816767
2893.0,1274528.4252699,216441.672529683,4.0,270502.0384836665,12.508034913224257
2894.0,1266845.00887804,195707.613628447,4.0,93321.91654907844,11.443810263312802
2895.0,1266834.38129403,195040.909563765,2.0,128.0,4.852030263919617
2896.0,1276062.10591148,222665.15061605,4.0,1234983.2451621508,14.026567961281863
2897.0,1273274.28440462,273745.160972357,1.0,0.0,
2898.0,1273284.88638863,273974.552268595,3.0,398521.5832753995,12.895516937039085
2900.0,1272989.24856432,200917.261377782,4.0,196926.03003486668,12.190583455152574
2901.0,1279304.4613068,263939.331202313,4.0,73112.17614458039,11.19975020019222
2902.0,1279297.86911479,264471.995778859,2.0,8188.821870709378,9.010525316769515
2903.0,1274856.42591023,252134.895158231,4.0,512308.1548378393,13.146681587891251
2904.0,1275116.2843425,252125.96402221904,3.0,59449.68083390261,10.992885533456958
2905.0,1256506.85929945,217422.13749069,4.0,259612.53928032823,12.466945564958065
2906.0,1256484.17328343,216913.211666167,4.0,109327.05879142068,11.602099207948495
2907.0,1273252.3930126,202021.177794918,4.0,477656.46503604046,13.076647060697189
2908.0,1273524.69893287,201956.246786848,5.0,292474.1500281291,12.586131565776453
2909.0,1256750.02608369,191279.865591913,4.0,458473.8591612696,13.035658555228377
2910.0,1256762.4716517,190663.153591275,4.0,204412.52009528963,12.227895388348179
2911.0,1261646.87261671,248239.90520224,4.0,103243.90607389234,11.544849488005363
2912.0,1260950.00292,248255.043314263,4.0,133607.12355007988,11.80265885864885
2913.0,1280434.92293996,209934.693451017,4.0,316886.50391165685,12.666298956926296
2914.0,1280529.10188405,209349.69594641,3.0,56752.45154846331,10.94645413350246
2915.0,1255671.4085466,239036.163112819,4.0,1516599.298096361,14.231981082434913
2916.0,1255687.86781061,239846.312745646,4.0,490379.0541229147,13.102933950870826
2917.0,1279093.19237858,268622.319495112,3.0,129583.93352003396,11.772084085462602
2918.0,1279337.45701882,268882.384263381,3.0,65493.34864609203,11.08970386907915
2919.0,1256829.53187577,206850.55296786095,3.0,720323.3247596233,13.487455452360143
2920.0,1256464.4725474,206883.036487892,3.0,668105.2873321401,13.412201055865399
2921.0,1269562.01688081,223767.338649184,4.0,64612.10501211589,11.07615705630497
2922.0,1269406.24260865,224030.398873448,4.0,70457.98983614253,11.162771922338996
2923.0,1258433.22678941,215830.64424105,4.0,1560335.7309456766,14.260411568215572
2924.0,1266957.06641415,236802.317542523,4.0,183325.8356358136,12.119020371172333
2925.0,1266966.22187015,237121.268646851,4.0,130486.03231195603,11.77902146792425
2926.0,1278260.72524172,269627.875208139,3.0,21179.59566726641,9.960793528664697
2927.0,1268464.1467357,226254.061403722,4.0,2633385.775338863,14.78378094325649
2929.0,1278207.41496967,232767.604450405,3.0,122570.99971140086,11.71644573055063
2930.0,1270083.22744136,260796.649791092,3.0,44464.72057410736,10.702451357637843
2931.0,1270524.8588018,260787.106495082,3.0,42432.66270610575,10.655673691497332
2932.0,1266968.15889415,241195.366827026,3.0,266948.8532554075,12.494812358191094
2933.0,1273771.40382913,283235.341462076,3.0,236281.19599772216,12.372777883189816
2934.0,1273976.41490133,283244.633750081,1.0,0.0,
2935.0,1279082.18156256,275093.427981734,3.0,443750.1825301352,13.003017031107193
2936.0,1279412.2915149,275081.681229725,4.0,173683.25722248465,12.064988558536177
2937.0,1271443.61515474,190080.969014689,3.0,59533.25062117257,10.994290269413455
2938.0,1271571.33701088,189740.88703033296,3.0,70025.4773689617,11.156614417226983
2939.0,1270423.5073137,275391.903054044,4.0,208377.28952519505,12.247105607516165
2940.0,1262989.04477808,187938.604916498,4.0,2312482.682857762,14.653832259846737
2941.0,1262730.05188182,187944.991988495,3.0,316396.0520995951,12.66475003723646
2942.0,1256997.88355595,219789.717717111,3.0,67306.00933766743,11.117004803439523
2944.0,1279619.90258712,222605.118231997,4.0,1874845.267490368,14.444036689976219
2945.0,1269738.92728099,229666.885919228,2.0,17583.11613150966,9.774694409883557
2946.0,1269881.95064114,229663.269151226,4.0,108028.04533105405,11.590146151386845
2947.0,1284590.3411842,206187.529031172,3.0,72406.04034117234,11.190045005020398
2948.0,1285040.82809666,206174.752775162,3.0,19384.77876186908,9.872243437188166
2949.0,1267685.57508689,245977.554735929,4.0,278749.7915197287,12.538069853844899
2951.0,1268045.34571126,245454.32350339,6.0,1648156.7164018336,14.315168079834345
2952.0,1268058.88766328,245709.074991643,4.0,141000.1441254007,11.856516191525746
2955.0,1291576.50829536,189176.703157753,3.0,567363.7565293787,13.24875592291448
2956.0,1291855.57632764,189406.329653993,4.0,362108.0496565016,12.799697925985793
2957.0,1278617.51749809,214410.7786396,3.0,292212.4819420426,12.585236494504944
2958.0,1278612.23929009,214110.636559293,3.0,48532.05296236591,10.789979744458687
2959.0,1284920.99276854,199900.323072746,4.0,149604.8252880541,11.915752598601637
2960.0,1285072.54099269,199897.89561674,1.0,0.0,
2961.0,1271948.02853125,253469.448247597,4.0,109445.3574137516,11.60318068463475
2962.0,1272208.96171552,253459.929911584,4.0,191836.13580328453,12.164396827248238
2963.0,1258036.79978101,216295.062929526,3.0,135364.504051221,11.815726448896546
2964.0,1257776.70288475,216300.548497528,3.0,192437.4161903349,12.167526269150477
2965.0,1257893.08515687,257063.552251279,3.0,493014.3166513461,13.108293492463922
2966.0,1257681.06230865,257067.12773928,4.0,760964.5664694398,13.542342073958789
2967.0,1263833.24817094,236600.54397432497,3.0,50208.08756896989,10.82393139965508
2968.0,1277853.57509731,253283.43941541,4.0,520416.5786949232,13.16238488271282
2969.0,1275577.14066297,249722.51576376,3.0,20172.79349113246,9.912090118687711
2970.0,1275581.54130298,250023.137844071,4.0,25527.05671091075,10.147494216120196
2971.0,1263975.47325909,256977.717115194,3.0,51024.48086982554,10.840060813590533
2972.0,1263985.2495151,257636.257467866,4.0,130054.92251012169,11.775712121064904
2973.0,1281985.53663753,262761.012033105,1.0,0.0,
2974.0,1281998.53305355,263084.570113435,4.0,1792326.5453238343,14.399025079869277
2975.0,1280246.93023576,257848.897148088,4.0,1695141.2860648336,14.343276649933406
2976.0,1280241.84524375,258181.641212419,3.0,54043.995529830885,10.897553725866333
2977.0,1274852.97483823,226171.829275638,4.0,625777.1879422013,13.346749656919398
2978.0,1270870.07761815,240248.509098053,3.0,20218.42110433449,9.91434940368656
2979.0,1270874.29643416,240399.872682214,4.0,57666.51426425637,10.96243194199195
2980.0,1279754.39282726,251641.49976572403,3.0,52469.95255519305,10.867995952453038
2981.0,1279748.67698725,251751.62520583,3.0,14152.040664686954,9.557614109258822
2982.0,1276067.31455147,234807.423524484,3.0,9198.976902405591,9.126847550592995
2983.0,1276230.17611964,234803.039716482,3.0,16231.415218345202,9.694703854387066
2984.0,1264601.81943573,243655.916333541,4.0,744799.6243400284,13.520870500567892
2985.0,1264305.78756343,243664.356653556,4.0,523896.4030459481,13.169049239646359
2987.0,1256180.13417912,213870.07828705,2.0,1755.4371510599894,7.4704731938055415
2988.0,1256015.36848295,213876.07630305,4.0,236149.9559478348,12.372222288781094
2989.0,1267103.35582229,228379.042717904,4.0,234829.2449559389,12.366613911803293
2990.0,1266876.69943807,228585.211230114,4.0,239528.80866574188,12.3864289753038
2991.0,1265019.97220416,195097.149947822,3.0,667335.4005183545,13.411048047864247
2992.0,1264946.58257209,195099.410427824,3.0,279934.0619157024,12.542309361260314
2993.0,1274164.18712553,249454.305011481,4.0,1727387.0138324492,14.362120428046474
2994.0,1274497.06315787,249445.50123547,4.0,1543474.7428432852,14.249546759229265
2995.0,1254355.86064124,201152.655874029,4.0,953614.6930192437,13.768014983122553
2996.0,1254462.26294535,199804.472256646,1.0,0.0,
2997.0,1281680.70393322,231798.956449404,4.0,100266.52164737016,11.515587136052597
2998.0,1281693.27218924,232238.806305856,3.0,37539.3117401514,10.533143975932775
2999.0,1261853.93226492,197783.624574572,3.0,2210603.141591536,14.608775951006782
3000.0,1261520.75639258,197791.845054582,3.0,2128723.7569920947,14.571033182987376
3001.0,1254955.19964986,210609.574667707,4.0,813616.5514981147,13.60924446704215
3002.0,1260441.00919147,194519.393211231,4.0,997382.2156073692,13.812889341182602
3003.0,1260419.09847145,193859.400442556,4.0,750808.6641792348,13.528906123557627
3004.0,1260437.23658347,189172.631285757,4.0,2221746.9792423057,14.613804371969914
3005.0,1260470.6315275,188829.017781407,3.0,302748.56764048326,12.620657930241416
3007.0,1280636.76870015,212707.00878185,3.0,127465.99508587577,11.755604902799641
3008.0,1282891.71756646,258102.260476336,3.0,290482.4618148513,12.579298481041466
3009.0,1282737.0256623,226426.259547904,3.0,334368.8841707573,12.720000106134693
3010.0,1282747.26284632,226730.739932209,4.0,149272.04101636153,11.913525698853038
3011.0,1284891.82380851,191859.586552501,4.0,246909.72637048148,12.416778068524467
3012.0,1284880.01580851,191516.639736161,1.0,0.0,
3013.0,1274470.75576584,213632.910478801,4.0,309109.3969438857,12.641450528641238
3014.0,1274447.08882181,213307.481998473,4.0,332114.09334856254,12.713233843527231
3015.0,1261713.39351279,259680.452541962,4.0,963717.3059457788,13.778553279492582
3016.0,1261726.87511279,260345.953854635,4.0,431960.3783205319,12.976089146169379
3017.0,1258922.20842192,252365.443894461,4.0,69104.87612109957,11.143380573418035
3018.0,1258932.43088593,253049.557047173,4.0,131576.70961542064,11.787345303604566
3019.0,1286299.54675396,201179.815618053,4.0,401063.6813890353,12.901875500136743
3020.0,1286292.31609794,200853.218177721,4.0,499985.807827263,13.122334992656011
3021.0,1274108.39525346,234453.962020129,3.0,689676.8760028916,13.443978471240808
3022.0,1274138.6783255,235174.185956866,4.0,446138.31327801314,13.008384302382531
3024.0,1278512.80837798,219736.176469058,3.0,1214925.9180201914,14.01019366007498
3025.0,1280001.2305875,267274.965893731,1.0,0.0,
3026.0,1280007.20498751,267783.091526255,4.0,310837.3067480821,12.647024924854044
3027.0,1269419.49944067,269431.150919944,3.0,213767.46981907648,12.272644113607006
3028.0,1269427.81048068,270094.671880618,3.0,93132.67346671976,11.441780351929825
3029.0,1273267.11909261,223826.489177242,3.0,70394.93583746481,11.16187660543183
3030.0,1273502.01259685,223965.498713389,3.0,36202.300369347104,10.496877941909455
3031.0,1265219.30737236,286387.442457303,1.0,0.0,
3032.0,1265222.28932437,286594.874137521,3.0,50696.4946156033,10.833612047457322
3033.0,1286781.47129844,207357.154312372,4.0,130631.0392836848,11.780132134383162
3034.0,1255450.62614636,189421.844406009,2.0,46591.99999999999,10.749184131556358
3035.0,1255721.96157064,189218.422517806,2.0,93179.99999999996,11.442288385370787
3036.0,1252011.68585484,210980.944652081,3.0,12233.20168870518,9.411908984175385
3037.0,1252028.60739087,210844.991819948,3.0,59054.27806730748,10.986212267219848
3038.0,1264072.2758832,264937.889859334,4.0,1220116.936291834,14.014457261535714
3039.0,1282839.59174241,255659.615417838,4.0,467808.1090755269,13.055813467474337
3040.0,1280569.39154808,227841.96930936,4.0,333041.39398226835,12.716022067490258
3041.0,1276876.3533363,255626.801849812,4.0,61100.954615605886,11.020282768860973
3042.0,1277536.72696897,255615.78712979,5.0,823861.9473331029,13.621758255210983
3043.0,1273924.06949328,245435.131631374,3.0,82853.52921528861,11.324829619597287
3044.0,1274210.11192557,245426.648047358,4.0,182709.19506580263,12.115651069867042
3045.0,1272696.30590802,226689.518556178,4.0,761952.9671252895,13.543640109831154
3046.0,1272540.40760386,226952.905500442,4.0,216696.66218111012,12.286253784457555
3047.0,1259857.46704687,197833.420094624,4.0,435257.5919201309,12.98369330014375
3048.0,1252837.91055968,213993.592143178,3.0,499402.778245498,13.12116821997913
3049.0,1252782.26601563,212678.15873383,4.0,873450.6541383753,13.680206914846456
3050.0,1277932.62879339,233485.352035135,4.0,434966.5635942828,12.983024441816033
3055.0,1273289.31589264,252761.206518874,4.0,80931.34468576346,11.301356477769524
3056.0,1273526.69797288,252752.395190865,3.0,24824.183893582747,10.119573613995668
3057.0,1279124.65817061,255408.422713578,2.0,10018.403288342228,9.212179009480048
3058.0,1279272.09855476,255895.21471408,4.0,165526.3204571542,12.01688549714926
3059.0,1255179.33238609,216572.12699382,3.0,134057.48964606595,11.806024014136637
3060.0,1255177.11491409,216443.727313682,3.0,47666.40343874475,10.771982098294592
3062.0,1284417.78604802,197230.85107000204,3.0,1217923.621280885,14.012658016977754
3063.0,1284400.565952,196316.01631707,3.0,1491063.02616954,14.214999863926275
3064.0,1281824.16953337,191498.732280135,4.0,171197.43122627493,12.050572738057788
3065.0,1282207.82130976,191186.918903813,3.0,54520.80628456686,10.906337674486275
3066.0,1258839.97008583,259078.912445337,4.0,689115.9800983812,13.44316486688687
3067.0,1258846.32214984,259348.84070161,4.0,560306.4879341703,13.236239212879822
3068.0,1266001.57258917,234652.19978033,3.0,50033.98093118511,10.82045767219783
3069.0,1275572.72767097,249422.430387452,4.0,502839.6072862868,13.128026526037067
3070.0,1275874.32773528,249533.979763567,3.0,199183.36263616712,12.201981099741795
3071.0,1284337.12383994,209962.746891052,3.0,48157.512910221885,10.782232436419585
3072.0,1284647.40243226,209958.398795038,4.0,55677.38600859342,10.927329347221526
3073.0,1263095.15908219,207090.939272106,3.0,50354.91627225567,10.826851535331496
3074.0,1262760.44586585,207100.551176116,4.0,901876.075397766,13.712232400911796
3075.0,1284301.58745591,207384.95380041,4.0,50962.8023603776,10.838851280107262
3076.0,1286144.6037778,206214.22874321,4.0,63862.069439814775,11.064480871628692
3077.0,1280685.5307482,182134.224750549,4.0,122845.26615856064,11.71868084369904
3078.0,1281103.68639663,182128.756910548,3.0,91185.55649190371,11.420651791720983
3079.0,1281558.3820131,220271.767573595,4.0,277828.0399670216,12.534757640015117
3080.0,1281678.34438123,220270.8718936,1.0,0.0,
3081.0,1279520.56620301,216991.170130238,1.0,0.0,
3082.0,1260915.75203995,246625.281136587,4.0,611902.098254556,13.324327578525576
3083.0,1260268.4747913,246639.387760594,4.0,726712.4346618268,13.496286127593365
3084.0,1277871.38476132,244872.249198794,3.0,67611.634338091,11.121535352815648
3085.0,1278196.55800965,244865.059630781,1.0,0.0,
3086.0,1255949.55657887,210575.860491678,4.0,1186614.4093927257,13.986614776161844
3087.0,1264703.45770784,193766.680506453,4.0,790441.6958579391,13.580347176881116
3088.0,1264421.77354755,193774.995450467,4.0,563222.1380685144,13.241429390703505
3089.0,1284611.44940822,207381.486920401,4.0,277148.623135485,12.532309186895812
3090.0,1255965.4089309,200138.595264986,3.0,161128.01967524347,11.98995448126211
3091.0,1255865.4484828,200141.448576987,3.0,51164.57869257466,10.842802749197395
3092.0,1258196.26269318,248049.066994041,4.0,1495698.6991005782,14.218104012887448
3093.0,1257495.54493245,248064.528946057,4.0,1767559.798732482,14.385110508561034
3094.0,1285040.76089667,257704.274427935,2.0,46592.00000000001,10.749184131556358
3095.0,1285062.81958468,258426.218492672,4.0,210254.6047549733,12.256074478926985
3098.0,1257393.63638836,241923.349291772,4.0,80786.11300366117,11.299560360971489
3099.0,1257105.41712406,242257.747564122,4.0,2247964.8525787634,14.625535854899631
3100.0,1256765.99881971,251072.717813149,4.0,177938.8960949121,12.089195489974367
3101.0,1256502.03971544,251074.96715714,4.0,206412.59242600956,12.23763232054446
3103.0,1273475.97163682,249533.265523568,4.0,1722346.375201088,14.359198090781419
3104.0,1273491.10418084,250089.55934813604,3.0,1402037.324206357,14.153436968338115
3106.0,1262911.67556201,232837.737506464,3.0,598772.7824398396,13.302637476987286
3107.0,1277382.96844083,224216.697049648,4.0,76055.69167505614,11.239221136110592
3108.0,1277390.78898484,224581.942042008,4.0,220624.3513545232,12.30421676662922
3109.0,1276922.99954435,257284.538363501,3.0,243866.9974342932,12.404378263176017
3110.0,1277574.64031301,257265.242171481,4.0,382138.7756101184,12.853539108553473
3111.0,1271741.77169904,270706.814985245,4.0,120194.18687171352,11.696863937781592
3112.0,1260262.4269193,190294.53983090803,3.0,143413.96287407176,11.873490572519572
3113.0,1260056.57296708,190230.014646843,2.0,4007.664675505521,8.295963975468663
3114.0,1254784.96048169,215666.318800882,3.0,114494.21090829204,11.648279540945335
3115.0,1254775.61961767,215416.39342463,3.0,416817.18573867256,12.940403001149644
3116.0,1263264.55146636,191121.560823753,3.0,61117.31933769104,11.020550563874822
3117.0,1263256.09905036,190453.615287066,4.0,136152.26677938577,11.82152914709578
3118.0,1255235.21552214,235346.43395704,4.0,24989.42425582296,10.126207984580923
3119.0,1271266.83825856,205717.108038694,4.0,91704.96330794,11.426331782275353
3120.0,1279234.06610672,260644.625470936,1.0,0.0,
3121.0,1279605.1182031,260637.30559893,3.0,186350.0,12.135381904907405
3122.0,1260279.7057033,247170.951345146,4.0,230537.2979120724,12.348167941396078
3123.0,1257219.34768417,218367.799251646,4.0,52239.42024820613,10.863592666036627
3124.0,1256889.77910784,218382.29038766,4.0,57622.84201772549,10.961674330881468
3125.0,1261806.09770487,252348.484598443,4.0,344048.5793514822,12.748538145430071
3126.0,1261546.08445661,252352.933110446,4.0,400090.50946119626,12.899446074147088
3127.0,1282036.25407758,265050.515331462,4.0,1329570.9023300183,14.100366818314683
3128.0,1282529.47289409,265046.258755445,4.0,1263684.839609335,14.049542486847505
3129.0,1262177.44240925,249824.631411865,4.0,576288.3883791859,13.264363488651906
3130.0,1261521.49002458,249838.732083872,4.0,575416.3625476678,13.262849166517768
3131.0,1269364.60945661,228063.76578958303,4.0,32873.64162879861,10.400426449350313
3132.0,1256207.40483513,250187.699252233,4.0,1722007.267593771,14.359001184398638
3133.0,1255545.05213046,250191.897716239,4.0,1180736.5636807317,13.981649008215092
3134.0,1265359.56202851,262232.101312563,4.0,515805.252511629,13.153484555610625
3136.0,1265081.34801222,197721.662078515,5.0,230065.896429958,12.346121053087472
3138.0,1262503.72752959,197769.52947056305,3.0,2291818.004569426,14.644855949025931
3139.0,1254630.24752152,200568.968769431,2.0,69688.69613793015,11.151793404800376
3140.0,1254812.4322257,200077.340096921,3.0,140947.22799640824,11.856140829774965
3141.0,1259081.58672608,211737.496588856,3.0,266250.4366922283,12.49219263616303
3142.0,1258940.14704594,211715.494028836,3.0,203446.95715407585,12.223160597083416
3143.0,1280247.86917976,257517.499835745,4.0,312809.7201776223,12.653350361907128
3144.0,1262473.04285756,235298.481316984,5.0,139738.10718271747,11.847525286735738
3145.0,1262486.12260157,235741.034853444,4.0,69490.76384463951,11.148949128399916
3146.0,1280589.8206041,209932.486731008,3.0,231460.07450314856,12.35216267328549
3147.0,1280612.60242812,209652.56442672,3.0,92260.92309237894,11.432375962398622
3148.0,1268940.38430418,257381.067067608,3.0,72520.74778539603,11.191627976252414
3149.0,1268943.52862418,257647.03865186905,3.0,149024.19519628174,11.911863955612425
3150.0,1272935.08267626,268009.274118483,4.0,100110.00815454054,11.51402494186933
3151.0,1272681.73605201,268199.304902673,3.0,47045.96634742259,10.758880410146528
3152.0,1269839.1259371,223931.45122535495,5.0,308403.7202042574,12.639164983517677
3153.0,1270116.02072138,224095.413145512,4.0,312833.00668831303,12.653424802189742
3154.0,1283877.34028748,193146.00460182095,3.0,68287.5146190958,11.13148222678553
3155.0,1283872.44460747,192894.577913567,3.0,155702.4032007676,11.955701792518438
3156.0,1289766.62938151,190068.964150667,3.0,218046.32393238047,12.292462814300002
3157.0,1289866.9667896,190153.988598764,2.0,153509.52025416508,11.941517865285926
3158.0,1280735.04146826,230899.09276849,4.0,113710.55978462887,11.641411549521337
3159.0,1252068.1614389,214024.23905520103,3.0,1341782.7693640038,14.109509712594582
3161.0,1265293.77508445,279461.665938213,4.0,1026303.271435619,13.84147384723042
3162.0,1271779.45733109,283325.305494174,4.0,285262.0496460914,12.561163509237366
3163.0,1271782.20043509,283818.742230669,4.0,377774.9477322123,12.842053920925025
3164.0,1295296.78925917,186707.476467237,3.0,18492.445308908336,9.825117565983449
3165.0,1266677.69886187,244189.30929409,3.0,38301.56954824182,10.553246154700915
3166.0,1267015.2673742,244181.594414085,4.0,294886.1617586426,12.594344668502762
3167.0,1276968.9820724,245346.372271284,4.0,241623.38540054968,12.395135534235019
3168.0,1281857.4024294,226942.428764433,4.0,302463.1359437777,12.619714684378264
3169.0,1281980.11116554,226938.374684423,2.0,277.540891747864,5.625968279980378
3170.0,1254559.34345745,213927.028623104,3.0,130182.28939854028,11.776690973379331
3171.0,1254394.58102529,213932.707407117,2.0,46592.0,10.749184131556358
3174.0,1252754.5767356,212356.92615748904,3.0,784174.5834658071,13.57238695753447
3175.0,1258927.07523793,215812.724369034,4.0,1666237.0752387985,14.326078393649052
3176.0,1280301.52825181,230911.159008503,4.0,108115.17462478536,11.590952369582988
3177.0,1280380.6547159,231382.670560986,2.0,1351.9268081914302,7.209286119184422
3180.0,1284475.07859209,235244.181540936,3.0,41768.0740416744,10.639887547777823
3181.0,1284481.64160009,235473.367077172,4.0,46715.94168384076,10.751840749085337
3182.0,1254991.2127059,238532.743208304,4.0,130986.93253614352,11.782852845575272
3183.0,1255005.11324991,239048.585000828,4.0,572980.2858833218,13.25860659001482
3184.0,1256505.21161945,196671.960765436,4.0,237307.740157394,12.377113059495764
3185.0,1256501.53021143,196539.53190130004,3.0,48907.94263552842,10.7976950883577
3186.0,1258910.69437391,215136.155792341,4.0,188042.03129406975,12.144420787537015
3187.0,1281855.5710694,255154.867129326,3.0,262400.95651955367,12.477628981318116
3188.0,1282151.97465371,255147.806777313,3.0,250373.4361725768,12.430708827007832
3189.0,1254785.93289769,256976.940539181,4.0,56762.94013921024,10.946638929425212
3191.0,1268519.42283174,255541.890297711,3.0,167596.92615480753,12.029317126496823
3192.0,1268527.91857575,256205.352186397,4.0,604815.6299200581,13.312678946635321
3193.0,1275208.5663266,204586.364933535,4.0,131547.19495588812,11.787120963214784
3194.0,1281925.04332547,244765.46430268895,3.0,139442.88735095796,11.845410386741984
3195.0,1281929.62175748,245086.420719013,4.0,113175.0936617566,11.636691399887264
3196.0,1266453.25310163,250028.425268069,4.0,47778.72498854777,10.774335735478704
3197.0,1266464.80132565,250298.124852344,3.0,35149.46768728409,10.467364753092392
3198.0,1266685.93732587,263524.839553893,4.0,140152.89404938166,11.850489206036398
3199.0,1267012.1473102,263517.27756989,4.0,122837.67240665204,11.718619026204058
3200.0,1284000.0529916,201214.83129808295,3.0,373656.7472007139,12.83109286673779
3201.0,1284270.09804788,201211.734850079,4.0,348804.9301388291,12.762268105489401
3202.0,1285065.18112069,177956.930602267,3.0,57546.92845924903,10.960356041035858
3203.0,1272236.73854755,190997.52562362,3.0,672650.0796612455,13.41898053234265
3204.0,1268101.01982331,277420.641808122,2.0,1614.793167844674,7.386962158009143
3205.0,1268099.29150331,278084.4255528,3.0,320438.5720469162,12.677445874093047
3206.0,1289458.09030919,184049.485360503,4.0,2222027.5949514355,14.61393066807464
3207.0,1270153.60952142,271409.267657965,4.0,172188.08556275567,12.056342679051026
3208.0,1270139.53048141,271622.051722184,1.0,0.0,
3209.0,1279831.65253933,271760.151498333,2.0,8.0,2.0794415416798357
3210.0,1280048.20293956,271753.218442321,3.0,23534.07599252297,10.066204692071222
3211.0,1278135.8892096,238063.851431817,4.0,740272.295128016,13.514773363886535
3212.0,1278384.33228184,238057.62077581897,3.0,55778.370091363046,10.929141440449127
3213.0,1259319.14333433,216300.359185532,3.0,284296.4179062914,12.557772697863237
3214.0,1259297.6952063,215753.731664971,3.0,2058092.785171921,14.53729027947738
3215.0,1252209.55945505,239906.912041709,1.0,0.0,
3216.0,1260809.95139985,195832.85286057,2.0,66810.61509362955,11.109617255487374
3217.0,1260477.40906352,195838.976252586,4.0,845824.9986091922,13.648067759754467
3218.0,1262424.31626551,266290.860228732,3.0,78203.44684977784,11.267069002924911
3219.0,1262441.70992953,266950.636485398,4.0,670257.052189927,13.415416577773442
3220.0,1255936.66717087,237026.014246762,3.0,262337.6165273698,12.477387565894341
3221.0,1282578.92723015,259785.78566207,1.0,0.0,
3222.0,1282892.02399847,259763.047230035,4.0,459041.94017522153,13.036896857799196
3223.0,1272515.48869184,231288.130080879,4.0,142769.81632797827,11.868988936293528
3224.0,1272831.22526816,231283.203552872,4.0,200692.69543780983,12.209530138695143
3225.0,1282181.57599774,255675.208249852,4.0,415061.4401172977,12.936181836730157
3226.0,1284343.12185594,210393.125899479,3.0,32783.69166627025,10.397686465428055
3227.0,1284653.48409627,210388.597387478,4.0,8285.09959332519,9.022213950708773
3228.0,1277340.81170478,261246.256511554,4.0,1405269.81021243,14.155739878051865
3229.0,1270252.96600153,256152.235834345,4.0,705116.5032436315,13.466118320969507
3230.0,1270261.07947353,256815.89593102,4.0,1060497.213111576,13.874248425082975
3231.0,1263409.00689052,264933.049027339,3.0,561795.9746116416,13.238894028463994
3232.0,1263077.48983417,264941.98662734,4.0,512449.2747197583,13.146957008939669
3233.0,1254236.45436913,250885.845492944,4.0,1252531.5333282182,14.040677287934194
3234.0,1271629.54558693,205436.778886408,4.0,434589.3429423162,12.982156824972092
3235.0,1271625.79429093,205167.839430138,3.0,818501.7944613049,13.615230868168815
3236.0,1279718.06220321,205331.706246302,3.0,311164.39283234946,12.648076645820844
3237.0,1279795.78713129,204978.307717934,3.0,232932.0,12.358501844459092
3238.0,1262838.33053793,197106.795197874,3.0,214033.79341214945,12.273889194677906
3239.0,1262822.81514591,196451.783421203,4.0,550423.398399186,13.218443076324105
3240.0,1256322.14736326,203302.272964224,4.0,328514.8054146115,12.702337185646478
3241.0,1256304.83805124,202870.983171776,1.0,0.0,
3242.0,1264870.27498801,195435.670268163,1.0,0.0,
3243.0,1264466.4240436,195447.691900179,3.0,116677.69896473468,11.667170702881599
3244.0,1268934.14219217,256853.019579068,3.0,373778.8785370409,12.831419667690831
3245.0,1268937.26353617,257117.043963328,3.0,285261.8068477843,12.56116265809572
3246.0,1254511.9502414,245153.289007083,4.0,139770.0,11.847753493478953
3247.0,1270911.03160219,255709.766265884,3.0,333791.10395051044,12.718270639017435
3248.0,1271572.39934687,255689.39756186295,3.0,108589.93701951232,11.595334021226547
3249.0,1262177.76855326,248228.28158623,4.0,72237.24135457307,11.187711000132662
3250.0,1262926.50327402,234046.497571707,4.0,303443.1268562548,12.622949481003383
3251.0,1273244.35269259,276633.318223312,3.0,262697.3015757309,12.478757703735573
3252.0,1273352.1635087,276629.331727311,3.0,350681.84772693936,12.767634674671587
3253.0,1269658.20075291,189786.747510388,4.0,394380.35337829136,12.885071086520297
3254.0,1269976.74475324,189778.71704638,4.0,326629.59040688653,12.696582056782745
3255.0,1293073.73101689,181885.045486286,4.0,1743533.4728729224,14.371424343578834
3256.0,1293067.22317688,181655.697518066,3.0,111957.06010213777,11.625870684818551
3260.0,1283771.58918336,234382.897828057,4.0,499215.9520373652,13.120794050729854
3261.0,1284111.44479971,234373.880100042,4.0,218383.8438771352,12.294009545195065
3262.0,1280983.31327651,251237.359541312,3.0,23586.590107796885,10.068433613746622
3263.0,1281177.71410871,251233.809653312,3.0,33932.725771115205,10.432135189686129
3264.0,1262957.58519405,241159.768810987,4.0,865112.269244237,13.67061456852569
3265.0,1262164.44215325,241447.729515284,4.0,418461.2649273464,12.944339607704107
3266.0,1266203.81726138,252395.1105185,4.0,1156061.5200821722,13.960529544862592
3267.0,1266870.36414206,252381.631158486,4.0,1335880.6551019042,14.10510129907502
3268.0,1284617.61964823,196330.470333084,3.0,210839.1257117883,12.25885068427011
3269.0,1262281.98653737,265629.19917205,4.0,858226.8463003021,13.662623733152712
3270.0,1262095.66570517,265634.64275606,4.0,823677.34003796,13.621534154581235
3271.0,1257450.34621242,187541.599476084,1.0,0.0,
3272.0,1257097.12451605,187632.88011618,3.0,279501.9999999999,12.540764727186751
3273.0,1277551.80408899,256270.422266468,4.0,523191.45487099135,13.16770274655863
3274.0,1277799.60312925,256263.00825046,1.0,0.0,
3275.0,1258055.75056504,190605.529655218,3.0,22911.68554625624,10.039402345253492
3278.0,1267661.31499086,261385.651263699,4.0,127037.08305254688,11.752234315358942
3279.0,1267666.02660687,261931.700352266,4.0,550203.6015866471,13.218043673410197
3280.0,1271391.81669068,282503.75432533,3.0,120334.83957134372,11.69803346578195
3281.0,1271497.3601148,282565.401173383,1.0,0.0,
3282.0,1283585.45670317,243796.756973684,3.0,47316.70476190475,10.764618678345148
3283.0,1284080.45305568,243791.659181684,1.0,0.0,
3284.0,1256931.40105988,187123.002867654,3.0,186351.9999999999,12.135392637342433
3285.0,1265166.28554831,237016.18256674695,3.0,12277.687883695728,9.41553890088698
3286.0,1265169.44887632,237146.13047088697,3.0,44258.1887453499,10.697795689707341
3287.0,1276515.80152793,205758.883910745,2.0,9818.190273575368,9.191992094505107
3288.0,1276735.89951216,205619.835270599,3.0,187663.8269356068,12.142407486557385
3289.0,1279248.47359474,261465.461759791,1.0,0.0,
3290.0,1279488.62073098,261459.181631774,2.0,46592.0,10.749184131556358
3291.0,1278201.96319366,206753.491463766,4.0,18237.94933000377,9.811259830224797
3292.0,1270270.63851354,240416.313898236,4.0,113252.0561002143,11.637371198590754
3293.0,1270283.70641756,240892.457642719,4.0,702181.8292690064,13.461947665521798
3294.0,1281044.88927658,192601.291129261,3.0,93182.0,11.442309848973883
3295.0,1281098.86194862,192419.553593084,1.0,0.0,
3296.0,1286140.8620178,243851.183021754,4.0,150648.81671990722,11.922706690029806
3297.0,1286355.84422602,243896.983789787,2.0,49746.52042430744,10.814695798920786
3298.0,1278663.27788213,227466.124252975,4.0,134496.06865141302,11.809290248239321
3299.0,1278984.98130646,227458.628572956,4.0,262060.07001444555,12.476329031328065
3300.0,1265705.69028486,248270.734898269,2.0,659912.4127367663,13.39986239722153
3301.0,1275620.33189502,260636.68684694203,3.0,156064.87085379346,11.958027038601047
3302.0,1275887.1548073,260630.355518922,3.0,46591.99999999999,10.749184131556358
3303.0,1275606.84472701,259313.115325585,4.0,429403.55551131966,12.97015244457726
3304.0,1267018.70142221,264178.680130556,4.0,726873.7695098546,13.496508109403907
3305.0,1261527.05591258,250104.573428154,4.0,1757496.9314704302,14.379401156702661
3306.0,1262588.94717768,261255.361791566,3.0,138431.64032775312,11.838131911122181
3307.0,1262550.94493763,261576.890367895,3.0,59706.15865608992,10.997190454128567
3308.0,1262172.10154524,247962.272881955,4.0,1098665.563127883,13.909606876908313
3309.0,1286383.99181004,248612.786674619,1.0,0.0,
3310.0,1286386.24409804,248942.657778963,3.0,47780.66348368196,10.774376307005278
3311.0,1256824.30486777,243127.43575701103,3.0,48329.15442460972,10.785790268816216
3312.0,1292528.42567234,189576.32146216897,3.0,352992.88422707905,12.774203177715316
3313.0,1292521.68256833,189377.341813967,3.0,251562.03152994928,12.43544488435209
3314.0,1275595.69579899,212550.522509694,4.0,1043651.2471749886,13.858235937186024
3315.0,1275578.07800698,212124.934477255,3.0,1320151.8916673898,14.093257357387564
3316.0,1283544.09785514,269071.497415572,3.0,360234.67020652274,12.794510959747535
3317.0,1283534.37971112,269539.388232052,1.0,0.0,
3318.0,1270217.48081748,190591.386999205,1.0,0.0,
3319.0,1271819.52683513,228170.031645685,3.0,452427.09043534886,13.022381903030185
3321.0,1277001.22412044,205320.93562229,4.0,111753.67406848964,11.624052389505737
3322.0,1277262.4362167,205306.993414283,3.0,64920.948629422914,11.080925633804931
3323.0,1264017.62705114,252433.370934531,3.0,101347.33761787172,11.52630888234785
3324.0,1263767.65777089,252437.435510546,3.0,39111.70272021283,10.57417700349869
3325.0,1279921.95218742,219844.548629165,4.0,509670.1081282603,13.14151894859752
3326.0,1258403.01757339,191918.061176568,4.0,968361.9500635888,13.783361211724737
3327.0,1257736.0628847,191934.363640577,4.0,900008.5760118243,13.710159571163075
3328.0,1280184.24268369,215334.67444855,4.0,95827.56701774414,11.470305678491505
3329.0,1280449.18706797,215329.189200535,4.0,69792.21335834733,11.15327772605691
3330.0,1275893.65906329,254655.670904815,3.0,93727.21637297935,11.448143888942324
3331.0,1275933.11896734,254654.38252081,3.0,1662381.490597319,14.323761765120095
3332.0,1288893.69408461,190504.521015123,4.0,696401.5907410666,13.453681771108293
3333.0,1288877.80602059,189889.304758489,4.0,883735.8391827414,13.691913472508944
3334.0,1277433.81906487,216681.316113919,4.0,182124.49578380305,12.112445774976463
3335.0,1255845.52233876,200747.31910561,3.0,130952.69291391084,11.782591414168177
3336.0,1255764.81417869,200729.806977585,4.0,1981914.7032054272,14.499573957227252
3337.0,1284050.90521565,205516.202310488,2.0,46592.0,10.749184131556358
3338.0,1284061.50169566,205201.366278172,3.0,386735.92886511807,12.86549738474853
3339.0,1255375.62563428,257127.692859337,3.0,397060.7542276208,12.891844581279868
3340.0,1255225.86377813,257130.649275348,3.0,477269.9063217074,13.075837451187926
3341.0,1284283.90540789,202187.480579078,3.0,427462.4674467706,12.965621768058556
3342.0,1284364.18022397,202255.803587154,3.0,637947.5853541637,13.366011404334753
3343.0,1284020.43155162,201865.052418754,3.0,46780.04297154624,10.753211958725739
3344.0,1280244.73893975,257186.418811396,4.0,406193.8193115662,12.914585712137637
3345.0,1280898.40434842,257167.214139387,4.0,407020.9721090551,12.91661999162066
3346.0,1279457.51845895,190404.646903023,3.0,588193.4646336111,13.284811194250798
3347.0,1279604.4643151,190048.10955865696,3.0,215573.23550246007,12.281055970712043
3348.0,1280855.10124438,264424.048706815,4.0,188875.8041123181,12.148844956944234
3349.0,1255856.97641878,257266.45145148,1.0,0.0,
3350.0,1255684.31005061,257269.871739492,3.0,93182.0,11.442309848973883
3351.0,1282775.51148635,235290.248676986,4.0,757132.056478929,13.53729296433746
3352.0,1265680.70903684,238863.180520639,4.0,344755.2632301307,12.750590062341422
3353.0,1265940.60126111,238857.655272633,4.0,245832.42231177248,12.412405372670719
3354.0,1280238.76293975,256523.649786726,4.0,320007.075131894,12.67609838431866
3355.0,1280241.70847575,256854.982779056,4.0,823800.6505403554,13.621683850666198
3356.0,1282980.89030255,203874.908676818,4.0,737965.3975305308,13.51165221566839
3357.0,1282973.82835054,203598.107396528,3.0,82885.16914879365,11.325211424621722
3358.0,1286683.29037035,201170.72083404695,3.0,110290.5400702274,11.610873436107747
3359.0,1286939.24819461,201164.655554041,5.0,899786.7112662679,13.709913026738553
3360.0,1258921.59888592,215501.99297671,4.0,241755.3464237542,12.395681528577736
3361.0,1272094.31729941,222752.440088138,4.0,403530.4609875573,12.90800725575741
3362.0,1272087.6030594,222446.526999831,4.0,331852.4871616951,12.712445833383095
3363.0,1281680.09830122,214874.476240069,3.0,9599.139098574942,9.169428696202907
3364.0,1254581.94057748,209280.799114347,3.0,75467.57745242465,11.231458405286103
3365.0,1254561.33136146,208621.151753664,4.0,290574.2687541216,12.579614480960938
3366.0,1263852.84458697,197740.263102531,4.0,247714.9323316344,12.420033897599222
3368.0,1281585.35737313,226951.307356447,4.0,125137.83244047328,11.737171068325734
3369.0,1266923.83710212,255310.941625476,4.0,1744825.5468450696,14.372165135466327
3370.0,1280023.79417153,206305.991687298,1.0,0.0,
3371.0,1280019.60850753,205984.869958967,3.0,108963.913423334,11.598772036884974
3374.0,1282026.97817358,203908.378372848,3.0,6920.766614012045,8.842281824847484
3375.0,1282335.5224939,203897.52275683,4.0,1102492.4664731238,13.913084053148838
3376.0,1263420.16631453,263139.671361491,2.0,228025.9029376302,12.337214510859093
3377.0,1263091.6197542,263130.424321488,3.0,199951.243485779,12.205828833239268
3378.0,1267788.49815901,195678.986364424,3.0,326084.0,12.69491029586962
3379.0,1267474.01092668,195688.50866842305,3.0,465772.0,13.051451522989705
3380.0,1280003.3601875,253905.11109603904,3.0,73931.10438319287,11.210888916667528
3381.0,1279848.15410735,246490.108208448,3.0,14227.483661358165,9.562930842092024
3382.0,1280127.10143563,246484.60068844297,3.0,6395.905875411764,8.763413357681046
3383.0,1281313.76831685,245014.774190933,3.0,137971.44919711305,11.834802052858686
3384.0,1281452.110589,245106.382319033,4.0,474361.59716166416,13.069725173055238
3385.0,1264869.301548,248715.700530723,3.0,1873916.330436948,14.443541093204768
3386.0,1264106.28567523,248450.877234459,5.0,2390905.1150289783,14.687182561432603
3387.0,1267321.14507052,243198.469421074,4.0,605613.9380630184,13.313997996136132
3388.0,1267660.09777486,243190.684333071,4.0,191927.37576357037,12.164872328223472
3389.0,1276406.41887182,268044.033606514,3.0,119141.4574339756,11.68806678406048
3390.0,1275889.3641513,251339.145717412,3.0,58851.542321283785,10.982773320013381
3391.0,1276184.43768759,251326.469557405,4.0,557031.4411236367,13.230376964576005
3392.0,1276270.74987969,261281.616639599,4.0,1110087.0483636474,13.919948992162908
3393.0,1281472.67090902,206014.619911,3.0,1631.7241168642722,7.397392475195112
3394.0,1263521.40823463,237279.38282302,4.0,53932.99751624957,10.895497768397085
3395.0,1263204.36061831,237718.98659946,5.0,456864.62562258216,13.032142401972733
3396.0,1290695.92314246,180590.108076975,3.0,137702.82441768312,11.832853195891163
3397.0,1290672.08160643,180558.98481293,1.0,0.0,
3398.0,1264928.99594808,247447.375985429,3.0,67280.069925709,11.116619333970146
3399.0,1264505.31114763,247457.978993446,2.0,394.2318003552112,5.976939062076822
3400.0,1277065.85132051,236477.36906220004,3.0,100824.11747931495,11.521132866708616
3401.0,1264695.48465183,261589.520895913,4.0,381762.2071355247,12.852553199349003
3402.0,1264703.01021984,262250.327360585,4.0,502252.60158709984,13.126858462528574
3403.0,1269280.52497652,242311.707436174,3.0,66274.58930988165,11.1015618343803
3404.0,1269439.81636868,242307.355756164,4.0,223936.71475518495,12.319118767505566
3405.0,1285651.86067329,184966.513393447,1.0,0.0,
3406.0,1285848.86489749,184894.555889368,3.0,520857.5421455872,13.163231851763907
3407.0,1266666.65162985,261537.308735862,4.0,327112.6416288716,12.698059860376349
3408.0,1266995.65361419,261529.44787184903,3.0,70914.00239660079,11.169223188036172
3409.0,1266255.61207743,252937.436151057,4.0,1948051.7173889903,14.482340311799854
3410.0,1266265.19934145,253203.366391316,4.0,1934429.783347904,14.475323155409365
3411.0,1262185.94730526,209760.058954835,4.0,525343.6767311747,13.17180794974711
3412.0,1260865.7062159,209782.210122854,3.0,174139.31309696042,12.06761090782998
3413.0,1282308.82015787,251212.327413291,4.0,226310.16584579932,12.329661752600291
3414.0,1282309.48716587,251881.563957974,3.0,164352.7615935683,12.00977038207604
3416.0,1277264.0293687,255283.504953459,3.0,954163.408909336,13.768590223927204
3417.0,1254968.35548986,253752.869943887,4.0,1325460.1643499658,14.09727025095894
3418.0,1273980.31352533,264002.629250377,3.0,53641.54435325663,10.89007912805604
3419.0,1273982.22654934,264450.981378838,1.0,0.0,
3420.0,1275397.04491879,219267.068500578,2.0,91906.51169185678,11.428527162110596
3421.0,1275480.36037488,219307.059220612,3.0,679421.9482639427,13.428997639550285
3422.0,1287213.83955489,247800.22040179404,3.0,172583.74553438844,12.058637879004378
3423.0,1256838.05283579,217227.974162489,4.0,34302.97613818827,10.442987397267126
3424.0,1256823.28681977,216898.464594141,4.0,198646.0817114526,12.199280036464536
3425.0,1282172.11897373,255411.345913589,4.0,1838977.1401794185,14.42472007293792
3426.0,1258827.75946182,212189.651533321,4.0,676514.6039958891,13.424709313937043
3427.0,1258715.12912571,211680.527244806,4.0,644599.9298279226,13.37638513950204
3428.0,1276482.4977839,226558.858012035,4.0,152241.0550585017,11.9332204321779
3429.0,1276493.39019991,227056.831772551,4.0,387729.4954145685,12.868063198698097
3430.0,1263576.50391468,253249.174391374,4.0,341959.9023772152,12.74244876466
3431.0,1263582.0652587,253516.27589564,4.0,74121.78817429906,11.213464805503575
3432.0,1272366.59429169,268691.812487185,4.0,108111.04353830512,11.590914158800635
3433.0,1273022.42302836,268669.616967157,3.0,202387.81617373103,12.217941017813446
3434.0,1256247.53104319,197389.848446175,3.0,1192124.306772268,13.991247405375136
3435.0,1256227.19152316,196679.855101436,3.0,1026397.883692983,13.841566030407883
3436.0,1280748.33081228,225651.729947105,4.0,104115.53804549748,11.553256504228445
3437.0,1252040.22940688,215712.52475293,3.0,398591.23321052943,12.895691692566452
3438.0,1263501.49290662,244669.50059057804,3.0,25114.335079043307,10.13119408078065
3439.0,1263381.27069849,244671.861166582,3.0,10170.623210010604,9.227258766418856
3440.0,1262156.14391322,235747.644773453,4.0,176582.56516941526,12.081543837303368
3441.0,1261826.26628089,235754.25238946095,5.0,720196.0475431134,13.487278742182843
3442.0,1264228.26084335,263989.22707437,1.0,0.0,
3443.0,1273763.84018111,196521.163837284,3.0,142050.15272860622,11.863935462456737
3444.0,1274317.24888569,196504.124477267,1.0,0.0,
3447.0,1282436.720126,224397.255385831,3.0,113506.65893467877,11.639616783210641
3448.0,1282673.33907025,224390.629401818,3.0,1511803.920632853,14.228814145191032
3449.0,1278730.93426621,236429.335334152,3.0,19081.97568775792,9.856499487218008
3450.0,1278740.25477821,236726.582118452,3.0,32254.34846871784,10.381408149373643
3451.0,1278210.07141767,219118.832212418,3.0,100402.95219152833,11.516946890105558
3452.0,1278900.72722638,219096.380820394,2.0,19128.995687389102,9.858960561703785
3453.0,1255483.09033839,215235.118224442,4.0,99245.29826694063,11.505349824802035
3454.0,1277852.6407613,257256.897339478,3.0,952367.5933156384,13.766706366677884
3455.0,1277934.40402539,257254.454779476,4.0,889144.6691968524,13.69801523376144
3456.0,1277652.3402811,234109.117859766,3.0,428823.0664504236,12.968799680319977
3457.0,1273542.91870889,254331.979000479,4.0,87449.0503293217,11.378811620803125
3458.0,1274398.32286976,235169.178404853,2.0,4754.7557211593385,8.466900600612393
3459.0,1283404.62207898,262408.078656748,4.0,370023.0822569814,12.821320667152905
3460.0,1283707.0778233,262497.830784842,4.0,239806.0403144559,12.38758571022602
3461.0,1285657.7028493,246838.458544806,3.0,185550.109014738,12.131080254010737
3462.0,1285439.60979307,247100.751985073,4.0,2358276.1721055736,14.673441474555286
3463.0,1254585.24662548,191250.588407889,2.0,46591.99999999999,10.749184131556358
3464.0,1254688.92195359,190774.244919389,1.0,0.0,
3465.0,1278789.80549826,220681.75919002303,3.0,157530.69129460398,11.967375583626602
3466.0,1278782.88428226,220328.272405654,4.0,142363.72718990207,11.86614052072213
3467.0,1279691.84671518,269779.916616291,4.0,473600.909674581,13.068120283315674
3468.0,1279700.3269712,270445.822728977,4.0,986407.5088226256,13.801824843153891
3469.0,1266165.97412534,238750.444200531,4.0,205365.03327700865,12.232544324774317
3470.0,1270718.719602,253004.13061511505,3.0,124039.41559547107,11.72835466178335
3471.0,1270963.90385824,253162.545335278,3.0,48726.62884430331,10.793980953151099
3472.0,1277856.16044131,213826.034062997,2.0,46591.99999999999,10.749184131556358
3473.0,1277853.7916733,213639.284430817,1.0,0.0,
3474.0,1279327.82149881,228301.178717822,4.0,233377.28690428383,12.360411680064502
3475.0,1279363.07570685,228726.470174253,4.0,208750.04224447047,12.248892845081802
3476.0,1265408.50910056,247036.75934501,3.0,29950.60134116863,10.307304681511267
3477.0,1258207.00682119,248580.807730585,4.0,586873.5313330345,13.282564626420612
3478.0,1258212.56682119,248846.150066867,4.0,542204.7799538518,13.20339903185781
3481.0,1281811.47500536,194619.852347329,4.0,716575.3817395838,13.48223872900608
3482.0,1282086.40198164,194613.926523328,3.0,438861.2480853595,12.991938578511805
3483.0,1275749.08357514,281500.773396298,3.0,54413.76321873861,10.904372401189304
3484.0,1275755.63442315,281884.200468689,3.0,70112.03409127906,11.157849728635362
3485.0,1268131.22219135,271778.582538351,3.0,51156.43643341664,10.842643597938677
3486.0,1268133.24484736,272429.309259012,5.0,133276.34568492117,11.800180038694357
3489.0,1271750.30878706,275893.50311856,3.0,48782.70013137372,10.79513102348467
3490.0,1272066.74545938,275882.989390552,2.0,21811.842411162823,9.990208331151102
3491.0,1282327.84735788,186455.850610971,3.0,93182.0,11.442309848973883
3492.0,1282317.06911787,186215.899378732,3.0,186350.0,12.135381904907405
3493.0,1263359.95185046,189784.248182386,3.0,16524.31771735241,9.712588375961461
3494.0,1263346.57393046,189253.011381835,4.0,404339.5192706087,12.910010198243954
3495.0,1274737.87205411,278901.950225636,3.0,72322.83560352611,11.188895203416955
3496.0,1275055.26443844,278889.86587362,3.0,15719.249892751355,9.66264134809862
3497.0,1269166.4330084,275669.398926333,3.0,3417.669529568469,8.136714173678936
3498.0,1269452.46136071,275664.159118325,3.0,31722.75255319264,10.364789448566281
3499.0,1284316.48671992,179777.958508134,1.0,0.0,
3501.0,1270754.45777804,275384.714446038,4.0,140677.28501822907,11.854223787412701
3502.0,1282459.07276602,228803.13571034404,3.0,37647.70314938601,10.536027226038746
3503.0,1282745.18444632,229207.328478754,3.0,168107.26222999726,12.032357520307658
3504.0,1286382.77459404,192618.607673287,3.0,226079.4416113948,12.328641728043554
3505.0,1286647.69958632,192611.00466527,4.0,200536.2762049588,12.208750438066174
3506.0,1263880.903595,233707.778147355,4.0,112130.40368239222,11.627417791576798
3507.0,1263563.93207467,233715.145891368,4.0,484861.2668370438,13.091618081241483
3508.0,1280296.2959318,201970.587650865,4.0,429802.8887936249,12.971081984418833
3509.0,1280596.09228411,201965.691970855,4.0,271018.20029530505,12.509941257367995
3510.0,1283910.7132795,203582.908932507,4.0,67638.65722574903,11.121934951037659
3511.0,1284310.72953592,203576.599876508,1.0,0.0,
3512.0,1281211.61234875,193580.482042268,3.0,5323.427339508918,8.579872611654077
3513.0,1281197.77510072,192977.818873659,3.0,46855.69999999999,10.754827945153936
3514.0,1276249.36210366,256640.882810846,4.0,596006.5243746135,13.29800689292484
3515.0,1279420.67993091,246508.908656463,3.0,483195.8689965612,13.088177376304113
3516.0,1279424.85573891,246780.895984754,3.0,300543.0928187082,12.613346426398891
3517.0,1268207.82340743,244105.487982005,4.0,249238.85658227516,12.426166979030379
3518.0,1276211.69323963,234147.90256381,3.0,108471.53125419958,11.59424303277983
3519.0,1274257.87333362,247417.367793396,3.0,50812.96678940594,10.835906852755345
3520.0,1254533.23856142,246081.132656023,2.0,1605515.8872553902,14.288955687981518
3521.0,1254509.6040654,246298.53835225097,3.0,1881103.437556931,14.447369097497937
3522.0,1271730.43448304,220907.291222259,5.0,962774.6405547714,13.777574645278248
3523.0,1281075.5358686,207944.288008973,4.0,1372429.5466878477,14.132093118944713
3524.0,1281062.02770859,207181.7930962,4.0,2425252.21535415,14.701446083277045
3525.0,1274335.16318971,207588.59053660897,3.0,78917.57529204969,11.276159236046347
3526.0,1274328.12184569,207311.580936328,3.0,34278.66942851637,10.442278557154328
3528.0,1257030.72073998,202613.424643517,4.0,277904.7395560249,12.535033670482697
3529.0,1257011.80509196,201944.012546837,4.0,253296.59359533488,12.442316387795648
3530.0,1282992.98707058,228650.083486184,3.0,385190.7185023085,12.861493863346624
3531.0,1283034.30489461,229138.401438683,3.0,415316.3312606255,12.936795752853925
3532.0,1273463.6783888,248505.108402506,3.0,635753.0645970007,13.36256550371632
3533.0,1273469.76958881,248765.363506779,4.0,796689.2089309393,13.58821993056848
3534.0,1272413.80677174,275167.893389821,3.0,25008.00275694088,10.126951162903609
3535.0,1283414.289087,178609.74295493998,3.0,256919.73450203097,12.45651899798349
3536.0,1283398.81203099,177847.174634159,4.0,182271.2296820577,12.11325112968252
3537.0,1276701.02655213,217872.293075144,4.0,500893.0783480996,13.124147940819608
3538.0,1276780.32101621,217570.784786835,3.0,364762.425194624,12.807001530766106
3539.0,1276575.74469599,284495.567319363,3.0,910894.3157112604,13.722182160414013
3540.0,1276801.78655224,284420.183255285,3.0,835226.3224238536,13.635458011925968
3541.0,1277111.94994454,214883.23995208705,3.0,24951.32060124411,10.12468202968851
3542.0,1277120.24754456,214740.578191936,3.0,40382.35509802075,10.60614821354451
3543.0,1272732.33272406,276797.859279484,1.0,0.0,
3544.0,1288522.44717222,181975.54231838897,3.0,145717.31576942842,11.889423830485015
3545.0,1254860.40880176,248654.756722659,4.0,799498.3439663374,13.591739739917337
3546.0,1254671.40560156,248471.340466484,3.0,916325.1524399912,13.728126550582008
3547.0,1269800.73227306,204640.897605598,4.0,153893.67521464205,11.944017222261502
3548.0,1282833.50547041,250540.403252602,4.0,338441.1587807976,12.732105526920998
3549.0,1283164.20787074,250534.170292586,4.0,263114.15937234013,12.48034328303501
3550.0,1277032.61285646,269867.588360384,3.0,365229.6714567528,12.808281671545934
3551.0,1277364.0111288,269856.405320376,4.0,193119.1939577029,12.171062862532791
3552.0,1267325.54532653,264832.987523228,3.0,46634.26615051615,10.750090875013052
3553.0,1267427.40043063,264830.595459223,1.0,0.0,
3554.0,1260572.03421561,199812.521408647,4.0,238326.0197590158,12.381394846211393
3555.0,1260235.15696727,199821.340992659,4.0,106915.36976843978,11.579792863744993
3556.0,1270832.98315412,249145.917171165,3.0,47378.84459715055,10.765931091538496
3557.0,1279351.36249083,216064.75995329,3.0,88104.67398707445,11.386280863718753
3558.0,1268373.15838359,267127.396613583,4.0,607897.3764866667,13.317761358028648
3559.0,1282391.86751795,207740.262152776,2.0,37218.77189887111,10.524568533920304
3560.0,1283066.21689464,207725.092872754,3.0,73776.26370279984,11.208792328811166
3561.0,1274337.59198971,215468.80116868,1.0,0.0,
3562.0,1279496.21785098,198675.877375484,2.0,1033.3148152343626,6.94052718090361
3563.0,1280266.44498777,198645.413887456,2.0,47585.31481523438,10.770279480334814
3564.0,1258490.43242148,196298.40870104695,3.0,67691.62755547719,11.122717781466472
3565.0,1275829.96370323,223339.795224741,3.0,18279.34500299197,9.81352701302001
3566.0,1275836.55288725,223646.133529052,4.0,296896.20739163284,12.601137886644102
3567.0,1265377.11121254,245768.318639711,4.0,358512.3874718582,12.789718492042306
3568.0,1258389.15830937,215149.81262435,4.0,122881.11393275252,11.718972613548358
3569.0,1258375.63178135,214795.942223996,3.0,33973.59189576724,10.4333387928556
3570.0,1284742.53606436,263459.888257831,1.0,0.0,
3571.0,1283926.87827152,265007.601347417,3.0,606199.3547670834,13.314964179215771
3572.0,1282375.72191794,271032.154249579,4.0,383786.4281560302,12.85784150016924
3573.0,1282367.89382192,271688.008906245,3.0,205571.21133756492,12.233547780081844
3574.0,1292027.54055183,188493.83838905403,3.0,4159.78405795375,8.333218442762249
3575.0,1292123.44026391,188200.317940757,3.0,40496.000812644605,10.608958502852186
3576.0,1262288.32144937,234859.493348539,2.0,106.97974917739282,4.672639556525602
3577.0,1262150.22301723,234862.35190855,4.0,85046.76523129905,11.350956563371126
3578.0,1269055.33419229,178520.579754844,4.0,105271.46291928868,11.564297653978759
3579.0,1268726.80331196,178523.465258852,3.0,18957.682548178265,9.849964539866894
3580.0,1259168.09539817,190553.002231166,4.0,1344469.8343342673,14.111510318094448
3581.0,1258865.97629386,190580.928695202,4.0,116179.35292472872,11.662890421938387
3582.0,1282079.97151764,224730.650394171,3.0,76624.06892327522,11.246666522081819
3583.0,1282063.55161361,225128.124698579,3.0,275063.646868336,12.524757793027458
3584.0,1271823.35454713,250149.188148201,3.0,21335.93317389512,9.96814793377479
3585.0,1277024.92812046,269202.457095712,4.0,259999.39285180648,12.468434574809578
3586.0,1277355.8563128,269191.723207697,3.0,70583.67967814536,11.164554230726413
3587.0,1257539.2669805,250190.91544424,4.0,2741183.7312667863,14.823900403781545
3588.0,1256910.70493186,250195.968564242,4.0,2274100.110522088,14.637094976299883
3589.0,1283002.60223858,204691.816453651,4.0,1286434.1198450325,14.067384700566471
3590.0,1283667.63110326,204674.728261635,4.0,1231702.0973823236,14.023907589763494
3591.0,1292328.47988012,185299.871025786,2.0,1074788.703488918,13.887634645330426
3592.0,1265619.24394877,238337.120232105,2.0,117775.1385841194,11.676532480252918
3593.0,1266832.72049402,250591.734836653,4.0,523399.23408218863,13.168099805726307
3594.0,1255791.39120272,195335.020860061,4.0,256018.53103123227,12.45300510768265
3595.0,1255443.18525036,195349.144188076,3.0,3028.419210336725,8.015796049603804
3596.0,1266099.48836526,270318.451592848,2.0,46592.0,10.749184131556358
3597.0,1266328.6785735,270282.59668082,3.0,139768.0,11.84773918415428
3598.0,1277512.83500096,237289.114471033,4.0,136225.0967713719,11.822063919829993
3599.0,1277938.61298539,237278.521639019,4.0,567105.0132968146,13.248299774197244
3600.0,1280197.82405971,216043.301649272,3.0,35983.33567040732,10.490811212223633
3601.0,1284155.73215976,250515.680820569,4.0,466839.81069000857,13.05374146001256
3602.0,1262560.53648965,193141.192889825,3.0,11086.886305887225,9.313518274996873
3603.0,1273950.68984531,263341.948481709,3.0,89620.51954444592,11.403339585516434
3604.0,1256026.03510696,196817.72588558504,3.0,142487.9846051978,11.867012956575817
3605.0,1255753.54486668,196910.589885682,2.0,95873.1942679172,11.470781704259254
3606.0,1272441.64203577,275497.293262154,2.0,997.3338432249976,6.905085561681139
3607.0,1273076.45701241,275474.024334133,4.0,71887.50039698374,11.182857681544302
3608.0,1286164.95513782,177625.924393937,2.0,1393.047619047619,7.23924915772361
3611.0,1292133.76634392,182675.283695102,3.0,65498.88497087809,11.089788398133072
3612.0,1278873.37394635,256894.665147096,4.0,1672724.5964704803,14.329964349843438
3613.0,1279557.56057104,256874.852539077,4.0,1213130.0458557531,14.008714392283267
3614.0,1280445.29631595,230907.70921649,4.0,45480.51249251069,10.725039216325845
3615.0,1280003.67020351,253574.143223703,1.0,0.0,
3616.0,1266370.43831755,242471.499116331,3.0,49896.7671405459,10.81771149287825
3617.0,1266512.08433369,242467.296684325,2.0,69281.02808977205,11.145926382759178
3618.0,1283104.33529468,237084.61091882,3.0,46820.72011278576,10.754081121379118
3619.0,1283114.9110387,237512.840743259,1.0,0.0,
3620.0,1255299.72355421,237783.450087532,4.0,80359.640423131,11.294267344343586
3621.0,1255320.33309023,238526.701224297,4.0,133159.31817534135,11.79930157133447
3622.0,1278850.20204233,212653.237517804,3.0,93182.0,11.442309848973883
3623.0,1278965.12146644,212649.75034979,3.0,186350.0,12.135381904907405
3624.0,1282039.1930856,213488.374990657,3.0,43224.93519803063,10.67417281137236
3625.0,1282176.88076574,213551.945742726,3.0,8469.895692116866,9.044273472589971
3626.0,1256442.34992339,194458.174203172,5.0,2230282.7359081325,14.617638922802207
3627.0,1256294.11689922,194460.077115163,3.0,324990.4032976156,12.691550932560876
3628.0,1278375.80012184,254073.59858422,4.0,59786.20918254601,10.99853029766635
3629.0,1278300.92786576,254331.089208484,3.0,34292.59188623599,10.442684629833874
3630.0,1276581.739704,213258.804878414,4.0,490418.72241132543,13.103014840712508
3631.0,1273261.45304461,200852.289345711,4.0,114255.36586483756,11.646191273647785
3632.0,1267618.54705483,257863.91942009295,3.0,33734.04551780774,10.42626285913251
3633.0,1267622.56734283,258208.915772453,4.0,121018.71276365334,11.703700463560939
3634.0,1279247.47026673,202688.402819589,3.0,2088478.775033617,14.551946500087556
3635.0,1279241.07333873,202338.594819233,4.0,306143.3980303803,12.631808892180297
3636.0,1281499.42278104,192973.922233641,5.0,233962.44213231455,12.362915877749682
3637.0,1281486.95730902,192434.161529094,3.0,226507.5864820666,12.330533717746361
3638.0,1275997.50930341,232838.980642468,2.0,12018.68014292706,9.394217396979236
3639.0,1276031.96395944,233535.861795187,4.0,133372.91928458866,11.800904387991935
3640.0,1269312.60401656,260813.304255113,4.0,2275968.2443896183,14.637916121753879
3641.0,1269318.35467257,261488.049663812,4.0,171052.271382823,12.049724469375304
3642.0,1275194.63032658,232742.357474372,4.0,251227.9422973616,12.434115942650195
3643.0,1275692.68703109,232727.63574636,3.0,84662.82586062736,11.346431892452735
3644.0,1283594.94943918,201219.477250099,4.0,199703.23518732568,12.204587719509668
3645.0,1283591.74604718,200894.94348976,3.0,40985.29408858434,10.620968600578877
3648.0,1283103.91795067,234841.374244526,4.0,874381.0147584842,13.681271503301435
3649.0,1279983.84249149,249270.663347289,4.0,709680.1860301307,13.472569705326848
3650.0,1280243.80095576,249266.484851286,4.0,451893.5256035195,13.021201868241016
3651.0,1274436.8269978,282578.039637402,3.0,261479.9786766691,12.474112996178052
3652.0,1275102.86635849,282553.951125383,4.0,235756.9669126737,12.370556752180676
3653.0,1270794.43339407,283687.743766546,3.0,54401.112394955024,10.904139881071641
3654.0,1271119.85528241,283682.634838536,3.0,27084.225874699827,10.20670676635439
3655.0,1277132.64575256,176795.822057083,3.0,328434.10862354183,12.70209151421069
3656.0,1277778.41714522,176785.026153073,1.0,0.0,
3657.0,1263108.61380221,194467.896315172,4.0,352675.1128413984,12.77330255190125
3658.0,1263091.79818618,193799.9038665,4.0,392614.5516580375,12.880583624982334
3659.0,1266183.60695736,193722.966330409,4.0,172713.9639896609,12.059392117783576
3660.0,1276130.40664755,225713.401691169,4.0,223916.820303203,12.319029923942045
3661.0,1276452.33810388,225705.164187163,4.0,691893.8552667428,13.447187834491753
3662.0,1285880.88844952,209510.378378585,4.0,52736.41194315895,10.873061424660794
3663.0,1286257.36473791,209506.797002584,3.0,695325.3306577612,13.452135116687366
3664.0,1271191.05861048,198681.394431487,4.0,275708.95737743314,12.527101086064937
3665.0,1271692.51461099,198665.97286348,3.0,62424.54145157226,11.041713769531444
3666.0,1253747.08361661,245167.688239098,3.0,49560.12095186856,10.810941776253994
3667.0,1253497.83606437,245171.672495097,3.0,46712.64332995874,10.75177014213174
3668.0,1253968.45424084,246225.15134418,2.0,46592.0,10.749184131556358
3669.0,1276650.54962407,212878.526478037,4.0,124299.54265723804,11.730449598145597
3670.0,1276800.81970423,212875.08583802,2.0,64872.18321452063,11.080174200866931
3671.0,1273820.89976518,223383.014616787,4.0,138383.25380060627,11.837782316294259
3672.0,1273823.52805318,223532.632792935,1.0,0.0,
3674.0,1265429.61898859,231849.317281455,4.0,2135373.510435017,14.574152135683121
3675.0,1268029.66366325,244629.673582539,4.0,103250.26872323344,11.54491111346622
3676.0,1264892.08759603,243133.15166100895,3.0,83620.78686141617,11.334047414832991
3677.0,1263156.18129025,196445.444861203,4.0,783168.4689191654,13.571103110091746
3678.0,1263749.05969086,251623.746549711,4.0,52690.974586223245,10.87219945963928
3679.0,1263758.84938687,252049.849398136,4.0,47335.6534707751,10.765019063702201
3680.0,1267024.07415822,243932.198637828,4.0,265272.9510636486,12.488514578891959
3681.0,1279239.15269873,250274.409652323,1.0,0.0,
3682.0,1279239.80722673,250605.977908671,4.0,386435.39320552966,12.864719974448521
3683.0,1251634.22761446,240583.518954396,4.0,59693.44976560669,10.996977574192037
3684.0,1251649.56323047,241248.360491082,3.0,25705.21701167034,10.154449246845346
3685.0,1271344.91454664,225178.129178628,4.0,309362.1582818586,12.642267902859695
3686.0,1271191.60222648,225443.078426898,4.0,643446.0203671844,13.374593418066542
3687.0,1263519.69239463,197747.489470541,3.0,2137682.8289187984,14.575233010132328
3688.0,1260206.11895123,198490.48998329,4.0,237817.6338921259,12.379259414787782
3689.0,1260189.33418322,197825.142526612,4.0,87967.45749404743,11.38472222386301
3691.0,1266916.4966221,235251.971876934,1.0,0.0,
3692.0,1263647.13175476,187922.269300476,4.0,1265754.614768479,14.051179035702246
3693.0,1270207.11832148,286706.395225629,3.0,326062.0,12.69484282631523
3694.0,1270478.78507376,286667.293593585,4.0,479240.240099364,13.07995729575397
3695.0,1292626.67386444,187287.355891824,4.0,353565.4941312596,12.775824020513532
3696.0,1283561.79270315,255268.04338543105,3.0,921706.9054751438,13.733982562060822
3697.0,1283650.79974324,255524.32927370103,3.0,86569.37358092562,11.368701378200338
3698.0,1272530.99192385,253018.738487139,2.0,7561.841845380206,8.930870069841824
3699.0,1272532.32331586,253171.952439293,2.0,52159.78219814841,10.86206702094282
3700.0,1271009.2577783,213110.462990269,4.0,29381.673819745614,10.288126419505524
3701.0,1271239.26385853,213105.740878269,4.0,73441.91220025544,11.204250062540577
3702.0,1263078.30378617,249672.608051702,4.0,1837086.6981626824,14.423691558599476
3703.0,1262823.90340191,249677.684467718,3.0,472784.98057340586,13.066395977592723
3704.0,1278334.4005698,210706.433995813,2.0,26576.435211916552,10.187780207844687
3705.0,1278406.70821787,209899.89761097697,3.0,209095.08524302047,12.250544380802953
3707.0,1258662.89469366,202535.753219441,4.0,2650170.2093840186,14.790134425855983
3708.0,1265395.47210854,246552.64676851,4.0,514136.34013371775,13.150243762442337
3709.0,1271686.98245099,236396.674342111,3.0,61025.10211150577,11.019040568533104
3710.0,1271864.44830717,236393.157286108,4.0,131787.34468254112,11.788944877339816
3711.0,1264996.87377214,259595.272253871,4.0,340010.7227443357,12.73673243357839
3712.0,1265879.94026904,194401.10341911,4.0,172294.7514268856,12.05696196022318
3713.0,1265869.21950103,193732.255674422,4.0,110982.37314134491,11.617126667155908
3714.0,1277787.15461724,255931.430202112,4.0,1147466.586137255,13.95306710165824
3715.0,1277243.78533669,251979.005366072,4.0,309932.3833357223,12.644109434398215
3716.0,1277247.14591269,252633.549622744,4.0,752501.0565895615,13.531157679709912
3717.0,1264348.22289148,246318.266992271,4.0,682820.9469384388,13.43398794743192
3718.0,1264062.04330719,246311.148592263,4.0,583303.2498188661,13.276462484162632
3719.0,1279908.9443794,219424.253844738,4.0,565048.2779409759,13.244666454161276
3720.0,1274146.53003751,235499.147877201,4.0,884137.4863466369,13.69236785706807
3721.0,1274406.29624577,235496.094757184,4.0,769466.4172290816,13.553452588981338
3722.0,1266010.12606117,234962.005924642,4.0,51541.71826696237,10.850146822163685
3723.0,1255357.59126627,240518.377386332,2.0,23877.75365932874,10.080702495214574
3724.0,1255364.31856227,241175.083691001,2.0,36582.184042427005,10.507316626079069
3725.0,1274559.83435793,252520.836278617,3.0,427592.7577474114,12.965926521009735
3726.0,1274590.39794196,252712.949430823,4.0,130704.16382413857,11.780691756978914
3727.0,1265101.71940425,234672.166628346,3.0,57419.87335775573,10.958145748130228
3728.0,1265105.09764425,234804.705060482,3.0,9126.93298068406,9.118984989516768
3730.0,1284284.5793279,182898.862319335,3.0,24478.839289914584,10.105564320874482
3731.0,1269815.37003307,286910.384281844,1.0,0.0,
3732.0,1270013.17611328,286860.744345784,3.0,46598.0,10.74931290073778
3735.0,1282807.71219037,180690.735853076,2.0,82751.85570154025,11.32360171838412
3736.0,1283002.64684658,180527.199788898,3.0,263414.15582054213,12.481482809522031
3737.0,1273545.18514089,254596.707128748,4.0,71300.92887916054,11.17466463407574
3738.0,1259419.31671043,250409.58757245503,3.0,84226.70970554424,11.341267367333128
3739.0,1259430.11690244,251037.119797111,3.0,85969.2333695929,11.361744759710943
3740.0,1285261.68992089,209519.747402593,4.0,300445.2601988482,12.613020853963974
3741.0,1285571.48326521,209515.406858593,4.0,156768.12146149616,11.96252305922301
3742.0,1266004.89111717,242307.13950017103,3.0,74286.7526896788,11.215687919919505
3743.0,1266007.75070117,242480.597164348,4.0,469674.7978782923,13.059795814791642
3744.0,1258442.67690143,187909.336564466,4.0,47983.48301587071,10.778612126836691
3745.0,1258028.503525,187924.266036481,3.0,317369.03469115257,12.667820523056102
3746.0,1283212.4275828,259067.523965329,2.0,1644.252829731921,7.4050413531664
3747.0,1283162.09990273,259670.134653941,3.0,118033.0601063689,11.678720034600364
3748.0,1283522.74521512,263121.305217475,4.0,273846.74715124106,12.52032391192785
3749.0,1278190.75423364,255256.146745428,3.0,2089345.2536583536,14.552361299098338
3750.0,1251762.90191859,214706.660623908,4.0,385511.1307278737,12.86232534505215
3751.0,1251441.25423826,214719.58580792,4.0,425531.9060674617,12.961095209066741
3752.0,1271485.67448278,241398.093099236,4.0,70708.06072649856,11.166314858490312
3753.0,1271614.78315492,241394.434347227,3.0,9092.939216328756,9.115253481037207
3754.0,1282276.14796583,261766.363072097,4.0,1601576.376064706,14.286498937224959
3755.0,1282605.82412617,261754.665280074,4.0,731847.438092453,13.503327353314933
3756.0,1284952.63769658,260619.444734916,4.0,48646.88662907889,10.792343090275079
3757.0,1285220.78611284,260699.913086995,3.0,30678.417622404664,10.331314677306363
3758.0,1252749.7601596,212171.154189304,3.0,721076.5248771211,13.488500547773803
3759.0,1270399.93547367,180473.775660843,4.0,972954.9363496916,13.788093045963741
3760.0,1270722.989298,180469.400044844,4.0,805146.6079743151,13.598779661525779
3761.0,1273766.19941312,281287.056660086,3.0,82194.3488511553,11.316841829911565
3762.0,1274029.93246938,281278.547796071,1.0,0.0,
3763.0,1281748.25830129,276337.718095019,3.0,46031.18176627968,10.737074310309216
3764.0,1282023.42271757,275826.998670489,3.0,96640.09300709424,11.478748975576025
3765.0,1276054.94219947,274767.653005406,4.0,142968.34693668978,11.870378534647418
3766.0,1276054.19813547,275644.975438297,4.0,62264.33680490443,11.039144097928597
3767.0,1284609.09996822,201860.399874747,4.0,683815.8028889318,13.435443866316511
3768.0,1284694.30944031,201859.951362744,3.0,759199.9230529023,13.540020424924982
3769.0,1274142.87422951,223375.865048781,3.0,70200.34458046184,11.159108498555444
3770.0,1274468.18949383,223368.697112769,4.0,783845.0670946271,13.571966661301685
3771.0,1281722.71794927,207167.584776178,3.0,818615.3310265052,13.615369571214083
3772.0,1281895.08473344,207163.45978418,4.0,1237678.4822633695,14.028747991116722
3773.0,1282183.53887774,224581.124122009,3.0,88207.81723741093,11.387450868877051
3774.0,1282465.08358203,224735.306202173,4.0,150079.61624535604,11.918921207236224
3775.0,1283888.36780749,236480.379558206,4.0,233647.7830803986,12.361570059876405
3776.0,1283902.59257551,237062.173990801,4.0,123432.22193475436,11.7234474741538
3777.0,1264374.7343155,262259.440192595,4.0,1195617.757994221,13.994173562070362
3778.0,1274220.41310959,228385.005277917,4.0,411025.6304844201,12.92641085280995
3779.0,1274542.38750991,228382.364573911,4.0,379773.52797782834,12.847330375030772
3780.0,1278139.5945536,230584.764320165,3.0,6954.029378888405,8.847076537305561
3781.0,1278457.97612192,230576.599008158,3.0,58897.50475494256,10.983554004649639
3782.0,1281719.36006126,224424.450585857,1.0,0.0,
3783.0,1264150.06609127,247210.736369193,1.0,0.0,
3784.0,1264246.39530738,247413.689009398,3.0,61143.68878368128,11.020981927018383
3785.0,1266073.89790124,249247.424499273,4.0,73678.50372505459,11.207466362973996
3786.0,1277524.42290497,253951.901688084,4.0,2408442.0997000574,14.69449066478008
3788.0,1265454.00081261,238340.653032109,4.0,591344.0136355417,13.290153214410878
3789.0,1256627.27177957,256574.747770771,2.0,355.2149557356989,5.872723115343384
3790.0,1280723.86662024,210555.522571653,3.0,98990.88868290086,11.502783091375331
3791.0,1280852.70854038,210202.421899289,4.0,106897.33648769028,11.57962418077841
3794.0,1264963.29380411,282326.273045152,1.0,0.0,
3795.0,1292154.41952795,181741.212462142,3.0,5986.1102838000525,8.697197111864725
3796.0,1292790.85069661,181700.352622107,3.0,57201.82552806926,10.954341091685007
3797.0,1269260.9115365,172948.786149144,3.0,183844.4927540252,12.121845531176188
3799.0,1267956.95812717,173281.127973482,4.0,49849.80403530187,10.816769844295033
3800.0,1267300.06308649,173285.975397483,4.0,55152.46222709882,10.91785666968865
3801.0,1262245.42263332,238530.035560295,3.0,49459.87463249834,10.80891700634713
3802.0,1261915.04528898,238535.540776297,3.0,43247.37580826736,10.67469183556587
3805.0,1270058.59102532,245670.446127608,4.0,305736.90641815995,12.630480228161975
3806.0,1279366.06943485,269251.691591755,3.0,26005.82369617806,10.166075780236522
3807.0,1279688.83423519,269500.994888008,3.0,9096.714113568809,9.115668540876532
3808.0,1266819.00075001,241775.055915624,4.0,62004.97847916558,11.034969958854571
3809.0,1266982.13521418,241771.47261962295,7.0,572772.6609261853,13.258244164659532
3810.0,1269478.13323273,243644.99050954,3.0,128571.76426634616,11.764242504208196
3811.0,1257835.6453488,214123.669647306,3.0,73262.8811088096,11.20180936273409
3812.0,1257711.52682067,214123.556815311,1.0,0.0,
3813.0,1273896.93310925,226842.522460327,4.0,10571.105119622804,9.265879625870465
3814.0,1274153.44504552,226839.424412325,3.0,1047.1766262931988,6.953852894152931
3816.0,1254205.89507309,207831.867592856,3.0,68726.43785603029,11.137889234692073
3817.0,1281025.12978855,269738.468168259,4.0,696243.3834660265,13.453454567077616
3818.0,1281023.70034856,270404.786760941,4.0,482960.7486599055,13.087690663617991
3819.0,1268199.81585541,286047.786968961,3.0,1872255.8481836703,14.442654597719324
3820.0,1268202.66135943,286377.8158333,3.0,786993.8883998911,13.575975761676746
3821.0,1269093.68580833,272260.590794832,3.0,93182.0,11.442309848973883
3822.0,1273107.64696445,283533.62991038,2.0,46592.0,10.749184131556358
3823.0,1273108.81067644,283765.805654615,3.0,94496.91343439884,11.456322450878563
3824.0,1273896.36126925,190958.284855589,4.0,467523.4269114127,13.055204737495817
3825.0,1282193.36140575,276954.437007651,1.0,0.0,
3826.0,1279381.36108287,271773.585546345,4.0,82052.07236872707,11.315109353587783
3827.0,1279714.14917921,271763.913290337,4.0,82515.20545302302,11.320737863861535
3828.0,1254720.26051362,203361.620612279,4.0,266842.3340580048,12.494413253817143
3829.0,1276371.30411978,279811.119954571,3.0,1052716.0801937105,13.86688412531389
3830.0,1277770.61368921,279727.846482486,3.0,346673.93814612913,12.75613995765099
3831.0,1267601.60382281,256094.570938289,4.0,92659.05257176928,11.436681934137114
3832.0,1268261.46372749,256078.652346268,3.0,127908.35348727377,11.759069298078986
3833.0,1256628.00073957,201117.412865981,4.0,2500529.839519124,14.732013203190858
3834.0,1255877.6029788,201066.160961941,4.0,2422118.730749175,14.700153223672826
3835.0,1267747.50609496,270327.603144854,3.0,1800462.152414789,14.403553941252957
3836.0,1268412.08215964,270314.129416838,3.0,2418796.8018731605,14.69878078518467
3837.0,1263770.30865088,234391.032356054,3.0,48227.38592246523,10.78368231135497
3838.0,1283149.65017472,248545.090610549,3.0,330603.4645540848,12.708674943909083
3839.0,1283480.29715107,248538.847858548,4.0,552922.4250893026,13.222972990536451
3842.0,1284307.29747191,207815.343368843,4.0,1199972.8268963671,13.997809470248816
3843.0,1284617.04550423,207811.210184842,4.0,542802.6540063249,13.204501096404599
3848.0,1285619.74035326,201196.227330074,4.0,507811.9248445386,13.13786643132582
3849.0,1280609.59686013,204409.346245363,4.0,522056.827236943,13.165531725378061
3850.0,1280587.2868441,204187.328325137,3.0,56973.98090580336,10.950349967263321
3851.0,1279149.35173863,223856.700697273,4.0,151919.80991528553,11.931108094269518
3852.0,1279163.92159465,224551.050009981,4.0,101085.18402884364,11.523718846582394
3853.0,1273374.49157272,241398.162987232,3.0,78845.45539572122,11.275244954658142
3854.0,1260427.48035946,261043.751679346,4.0,70658.26342826302,11.165610344164245
3855.0,1260419.42365545,261824.862272158,2.0,342.014440444624,5.834852959693509
3856.0,1265626.93982078,172002.107236177,4.0,1587506.6187915,14.277675179057773
3857.0,1272065.67691538,280664.042771444,3.0,264291.52287415066,12.484808026200405
3858.0,1272096.17425941,281658.505684465,1.0,0.0,
3859.0,1283602.28243119,276203.71214287,3.0,296906.79539480625,12.60117354831346
3860.0,1255764.52643469,205306.822470278,4.0,994871.2599649386,13.810368620799602
3861.0,1255448.17507437,205319.110150293,4.0,684408.3195141663,13.436309976849973
3862.0,1265332.25073248,174603.148646832,4.0,238704.90557103007,12.38298336331403
3863.0,1268606.83537583,172952.461605147,4.0,141695.88371942917,11.861438375993808
3864.0,1274282.77022965,198853.514495671,4.0,1210915.1934548384,14.006886989905329
3865.0,1274386.08760576,198854.055167675,3.0,1394580.882576821,14.148104485498424
3866.0,1278188.59775364,200760.781697616,3.0,602127.1439049302,13.308223904490735
3867.0,1278472.98168994,200753.336129621,3.0,437619.4107747325,12.98910488645243
3868.0,1257865.48419684,197942.569470733,4.0,50175.82294494557,10.823288575023719
3869.0,1257204.39267616,197989.036542788,4.0,45208.72021301447,10.719045272279367
3870.0,1255790.25865871,205956.386118948,3.0,48763.71665057212,10.794741804040891
3871.0,1280885.76921241,265084.631363496,4.0,193398.42949616737,12.172507741472845
3872.0,1281181.20722872,265070.945347473,4.0,240065.05869576507,12.388665243488175
3873.0,1252756.12527961,211971.975757107,3.0,33111.22288158798,10.407627563764054
3874.0,1252481.82006332,211982.76609312,3.0,135581.08223770614,11.817325133234453
3875.0,1273545.15986089,232865.573794499,4.0,62288.15873944196,11.03952661832249
3876.0,1273805.13733315,232861.470434487,4.0,531403.6490109538,13.183277179071917
3877.0,1280325.12165983,203961.174532905,4.0,261462.60751679767,12.474046559975163
3878.0,1280312.86578782,203293.627332211,4.0,423718.382825798,12.956824322092647
3879.0,1285641.69107328,205966.741382957,3.0,17114.94945451159,9.747707597674012
3880.0,1285732.80608137,205962.927110955,4.0,21494.343335572543,9.975545078827656
3882.0,1265256.73284441,209880.104970962,3.0,284942.8964648248,12.560044075894067
3883.0,1275518.78059891,217391.475474656,4.0,97955.77317942966,11.492271361701432
3884.0,1275512.50239091,217088.75003434703,3.0,14155.241021159522,9.557840224681824
3885.0,1262780.85360987,248481.005490482,4.0,395465.3130914192,12.887818358402845
3886.0,1262183.75242525,248494.289202496,4.0,314225.5912441763,12.657866450386228
3887.0,1273515.99486886,224767.272730201,3.0,5285.351494826106,8.572694404101503
3888.0,1273354.01387669,224944.922266394,4.0,536522.9028888332,13.192864529589686
3889.0,1251357.65404618,212736.895501882,4.0,1088832.505902103,13.900616584669947
3890.0,1258819.26442182,200681.474113539,2.0,130022.084214831,11.77545959358561
3891.0,1258815.48886982,200531.508865386,3.0,133835.1626820465,11.80436419246456
3892.0,1273008.21931635,226162.662939638,3.0,361881.91138668207,12.799073225950318
3893.0,1272852.24357219,226426.131291911,4.0,352037.9893416263,12.771494373022813
3894.0,1274646.88664602,265015.908099413,2.0,46591.99999999999,10.749184131556358
3895.0,1274646.89746203,265157.464579567,1.0,0.0,
3896.0,1271762.11121906,211201.896268308,3.0,202980.61888381225,12.220865779987284
3897.0,1271763.90584306,211102.134028211,3.0,111273.10509722664,11.619742864731885
3898.0,1294717.39604257,183877.464368328,1.0,0.0,
3899.0,1295087.53242695,183864.764912322,4.0,121445.67014764372,11.707222282478565
3900.0,1259764.61751078,255050.756729215,4.0,243138.887559354,12.401388112790254
3901.0,1259776.5121668,255733.015865907,4.0,170773.47618688346,12.048093256631729
3902.0,1278273.80818574,174118.923558339,1.0,0.0,
3904.0,1255355.87632227,192682.429369345,3.0,190343.213886631,12.156584110461356
3905.0,1255356.89341027,192190.68594484,1.0,0.0,
3906.0,1266994.59319818,242285.041772142,4.0,426865.431088814,12.964224092865757
3907.0,1276194.70866361,253315.287159443,4.0,636695.5468967439,13.364046871943819
3908.0,1276460.13042387,253312.00434343505,3.0,55246.68753951345,10.919563663546729
3909.0,1278019.98655348,249606.280435637,4.0,122561.87707013843,11.716371300377196
3910.0,1278169.29202563,249603.28145963,4.0,81465.73054955648,11.307937726746223
3911.0,1272553.31307589,244395.259694308,4.0,193628.51714523183,12.17369674228102
3912.0,1272565.3888519,244807.912750721,4.0,305377.2654019558,12.629303226958905
3913.0,1264154.85745127,260017.998782307,1.0,0.0,
3914.0,1264096.62724322,259976.027390257,3.0,93182.0,11.442309848973883
3915.0,1270730.138546,269405.308423921,4.0,357440.4812163277,12.786724141147674
3916.0,1270733.05329801,269634.119624153,4.0,814457.493781811,13.610277518777016
3917.0,1275658.12677506,213276.874126434,3.0,26489.757633263976,10.184513432857102
3918.0,1275759.12357517,213274.83803044297,3.0,4177.4528826995775,8.337456981578791
3919.0,1274178.66053355,236823.604582548,4.0,252517.7112974149,12.439236668989732
3920.0,1274438.7135258,236819.713510543,4.0,207982.38513376945,12.245208668240442
3921.0,1256369.4264673,258323.482172564,3.0,151760.61549855233,11.930059660337047
3922.0,1255739.53206666,258336.126524583,1.0,0.0,
3923.0,1269326.83985658,212893.696078047,3.0,230130.49615437345,12.346401801593462
3924.0,1269736.60971299,212885.54023803803,3.0,398973.507222595,12.896650295729202
3925.0,1262380.40688947,255005.207609162,3.0,291881.5335580527,12.5841032919361
3926.0,1262129.9746972,255008.998329177,4.0,569002.5772661222,13.251640242564154
3927.0,1263296.47364239,199054.336255878,3.0,248170.04887510263,12.421869471123337
3928.0,1263220.00298633,198856.72447967497,3.0,64036.194377722975,11.067203739637861
3929.0,1255581.5412185,209248.636426315,4.0,554896.1011488677,13.226536170066327
3930.0,1267249.32369445,240829.056554645,4.0,642279.5097084859,13.372778861302313
3931.0,1272573.4026119,256414.63199460495,3.0,56983.40911589224,10.950515436305892
3932.0,1272577.3422599,256747.17823495,4.0,178879.21974720358,12.094466107061024
3933.0,1256709.59933165,214352.376847535,4.0,209393.07823056343,12.251968521621823
3934.0,1256694.40809964,213851.973007023,4.0,235979.42687977463,12.371499905969609
3935.0,1270981.96190627,223896.843033314,4.0,862528.119796358,13.66762303001864
3936.0,1252102.43958293,241907.717419758,4.0,247547.14083220655,12.41935631086307
3937.0,1252118.48092695,242567.521580428,3.0,221269.49813174043,12.307136686136316
3938.0,1270589.45476986,240884.222122714,4.0,1035346.47005313,13.850246682338618
3939.0,1270604.25297788,241423.07076326,4.0,804933.0918840258,13.598514437274384
3940.0,1287685.96883537,183396.009967834,3.0,139768.0,11.84773918415428
3941.0,1273759.81330112,235503.715813205,2.0,1278819.8730969715,14.06144823647323
3942.0,1262045.13757712,191142.577463776,4.0,130645.65930944512,11.780244046588532
3943.0,1262044.83242512,191039.878903672,1.0,0.0,
3944.0,1272920.54853225,227975.519581497,4.0,814402.6027827498,13.610210120724602
3945.0,1273237.52856457,227967.536669478,4.0,746821.6697443784,13.523581707026233
3947.0,1271463.73784277,201965.40064285704,3.0,104887.07793388364,11.560639602181514
3948.0,1282733.91641431,233789.732707441,4.0,102834.813840228,11.540879230705537
3949.0,1272199.60939552,231292.909600884,4.0,80871.59299049841,11.300617904059562
3950.0,1262769.16567385,247948.780785948,4.0,1205467.4947438082,14.002378012111917
3951.0,1275686.16472709,220147.799637482,4.0,63880.04941547383,11.064762375895867
3952.0,1275992.03979939,220300.452885628,3.0,20833.22351531231,9.944304275777482
3953.0,1284333.32627194,204657.615109608,4.0,1064832.913782037,13.87832845634981
3954.0,1284640.61958426,204650.4537016,4.0,853181.7678161414,13.656727896171615
3955.0,1263140.83652224,195790.820476532,4.0,2249205.31865346,14.626087520084148
3956.0,1262807.51332189,195796.709244534,4.0,1518673.635581764,14.233347903708431
3957.0,1262604.73092169,234053.778403714,4.0,160887.6806808291,11.988461764982901
3958.0,1262613.12528969,234416.47158809,3.0,73698.32895959936,11.207735404373558
3959.0,1272060.55621137,221222.745686576,3.0,23126.380684048803,10.048729265854503
3960.0,1272382.49745971,221215.802134573,4.0,34798.12386528982,10.457318752392307
3961.0,1273594.12696494,231259.813536853,4.0,161612.7958369191,11.992958604093543
3962.0,1273853.82789321,231254.174112841,4.0,121100.86952930612,11.704379109773921
3963.0,1265660.86622082,247526.58904151604,3.0,32903.1220805416,10.40132282831621
3964.0,1284217.42918383,197624.233150408,3.0,306068.5676386543,12.631564433083465
3965.0,1284876.10534449,197611.169214398,4.0,1105183.9715923038,13.915522369204828
3966.0,1268974.33105621,244084.76394999,4.0,97135.48914971194,11.483862078232189
3967.0,1268982.46161622,244370.927406281,3.0,87597.00981455439,11.380502141804836
3968.0,1269066.76721631,269438.142663941,3.0,569343.0319002994,13.252238399471137
3969.0,1277344.29791279,213243.913870409,4.0,214631.0943998353,12.276675993369537
3970.0,1277331.24216877,212865.065870017,4.0,47583.41099711668,10.770239471012388
3972.0,1274069.35006943,238626.9828244,4.0,604357.5563337031,13.311921282450445
3973.0,1279998.3372115,267019.928709477,1.0,0.0,
3974.0,1279999.4618835,267124.585285574,3.0,556303.1164663014,13.229068598180177
3975.0,1280446.05253996,222875.580632269,4.0,962453.350230718,13.77724087667674
3976.0,1280439.74450795,223439.057176843,4.0,971817.8198651138,13.78692363775342
3977.0,1278185.19154565,253277.273783401,4.0,131753.43877030406,11.788687566786361
3978.0,1278435.5926339,253641.969207779,3.0,7765.252672732528,8.95741427500605
3979.0,1281440.84646098,229960.198367521,1.0,0.0,
3980.0,1281464.256189,230029.063007593,3.0,169180.11602288182,12.038719201653265
3981.0,1284700.63750432,251948.385014042,2.0,15383.138685512293,9.641027298020038
3982.0,1284715.31008033,252487.325174585,3.0,138627.61165033927,11.839546564153034
3983.0,1257893.91786087,198998.004031822,4.0,245536.64346328223,12.411201475621366
3984.0,1257741.92765272,199008.735935822,3.0,99889.9139242062,11.51182399782001
3985.0,1259859.80503088,211739.501516864,4.0,51223.2389081329,10.843948592977465
3986.0,1283795.89593539,241767.28298761,3.0,199876.08555686317,12.205452881300308
3987.0,1284020.44633561,241952.691755801,3.0,139096.01221892133,11.842919709052861
3989.0,1281549.25574109,220082.519637406,3.0,595355.2286675234,13.296913529351082
3990.0,1267006.6558542,262854.322497204,3.0,48273.98436769466,10.784648068601962
3993.0,1280179.40677969,252578.021558687,4.0,576099.9986089689,13.264036533305909
3994.0,1280178.85324369,253239.844727367,4.0,571028.4711586051,13.255194349319085
3995.0,1280712.75999624,251242.359861314,3.0,47754.90212839664,10.773837003014254
3996.0,1280844.75846037,251239.921205312,3.0,48211.61305751176,10.783355205821712
3997.0,1273743.9146771,195879.190396622,4.0,153485.2765740901,11.941359923324852
3998.0,1279485.49932298,261846.368192181,4.0,347154.36163550685,12.757524806226089
3999.0,1273038.02962038,229665.227807224,3.0,13560.80453913683,9.514938891529077
4000.0,1273041.64050038,230099.769247666,4.0,590534.3991082584,13.288783167128193
4001.0,1282318.57145388,201243.842370123,3.0,460860.5994945412,13.040850889036976
4002.0,1282476.45823804,201239.498562112,3.0,411726.32381416735,12.92811414502455
4003.0,1256044.07542697,197446.921534225,3.0,228249.2721048526,12.338193609426293
4004.0,1255872.02294679,207921.589512959,4.0,1034121.6025456986,13.849062931145081
4005.0,1255540.78838646,207929.585224956,4.0,920409.8102339848,13.732574295750153
4006.0,1280634.14406015,199787.313152626,3.0,1062969.2627218938,13.876576741310437
4007.0,1280630.66303615,199303.025408134,4.0,388921.0388026709,12.871131616913216
4008.0,1282294.24799785,246572.223536536,4.0,204600.957210224,12.228816810935562
4009.0,1282303.02681386,247234.004017204,4.0,378993.75213285605,12.8452749987911
4010.0,1274765.90642214,260663.100542963,3.0,113781.9603056204,11.642039267068338
4011.0,1274768.34603815,260994.971903309,2.0,46591.99999999999,10.749184131556358
4012.0,1262053.61360912,251653.86098173296,3.0,157483.83078315336,11.967078070283488
4013.0,1262066.23332115,252344.04331845,4.0,395129.4339051808,12.886968670980249
4014.0,1277800.69138525,261230.932031542,4.0,726753.3777633685,13.496342466175534
4016.0,1274596.70693398,236371.838758081,4.0,421879.8710780825,12.952475886801432
4017.0,1274608.39128599,236817.197414547,3.0,70477.85433277395,11.163053816514038
4018.0,1276123.10386354,267510.29485397,1.0,0.0,
4019.0,1276128.60088754,267760.224134237,3.0,93182.0,11.442309848973883
4020.0,1266326.11524551,178741.569131076,2.0,1388.2712818421048,7.235814569982319
4021.0,1266018.44426918,178260.334570587,3.0,56886.75297276166,10.948817780579905
4022.0,1262096.45866518,286057.654360965,3.0,687775.6092474988,13.441217914367648
4023.0,1261831.3298969,286066.420440972,1.0,0.0,
4024.0,1263313.38468242,187930.559284478,4.0,919997.2545779252,13.732125964866341
4025.0,1263293.5737384,187140.793843672,3.0,68547.83009030852,11.135287030081113
4026.0,1255978.54505891,192480.830713138,3.0,178215.86358807285,12.090750811314113
4027.0,1256084.09110701,192214.63180087495,3.0,222827.14302801655,12.314151606491171
4028.0,1266852.98916604,251579.056373656,4.0,258038.7618666502,12.460865092412105
4029.0,1276988.27071242,248057.062770054,4.0,24980.802798685057,10.125862920820694
4030.0,1276991.29432842,248278.711602286,3.0,40311.81457498284,10.604399870602457
4031.0,1280391.6726999,197606.897534385,4.0,88816.29604266725,11.394325426137629
4032.0,1280890.79871641,197593.263102382,4.0,528560.9154166185,13.177913338608992
4033.0,1272186.64485151,230452.890912026,4.0,424889.0208810586,12.959583286468188
4034.0,1269575.38692883,247008.427376986,4.0,1222909.4405541718,14.016743364956456
4035.0,1276745.71576817,255630.697529808,3.0,34422.385179361474,10.446462363685438
4036.0,1272409.43147573,222439.548375815,3.0,70325.90123966677,11.160895448628473
4037.0,1272402.78616372,222133.47976750092,4.0,74686.65152080523,11.221056660652545
4038.0,1279992.35922749,201978.90918687,3.0,122745.35162899924,11.717867176336876
4039.0,1280030.82597953,201976.883906871,3.0,9152.630193704495,9.121796569826788
4040.0,1274149.38110951,248744.582706764,4.0,366760.1954629264,12.812463495108744
4041.0,1274465.21310984,248780.188594788,4.0,2654959.4717667503,14.791939947670386
4042.0,1281916.40031746,259134.129149392,3.0,129168.59711929304,11.768873784435435
4043.0,1282252.10962981,259122.824381381,4.0,465249.6324282984,13.050329384452168
4044.0,1284164.25996777,256115.521658301,2.0,55319.34913895226,10.920878020325395
4045.0,1284168.10547177,256406.28620261,3.0,79247.10744167073,11.280326191914687
4046.0,1277678.22636113,222936.183832332,4.0,267112.3007574331,12.495424451041888
4047.0,1259095.86167009,260025.760574311,3.0,83471.92137944221,11.332265583382323
4048.0,1259283.41866229,260200.55123049,3.0,207374.32683497496,12.242280781363185
4049.0,1265368.51742052,262893.711873248,4.0,284009.84142191755,12.556764169437022
4050.0,1259196.2771582,215792.74408102,3.0,1693976.411670028,14.342589229463202
4051.0,1259187.60093419,215495.027472705,4.0,365241.1896785967,12.808313207976633
4052.0,1266370.60791755,237119.932710856,4.0,97813.62076483732,11.49081911794962
4053.0,1284256.26047987,200236.425409079,4.0,1887865.845949264,14.450957566992033
4054.0,1284251.48819186,199911.047168747,4.0,235391.082848852,12.369003592244818
4055.0,1272290.6679556095,266037.460804462,5.0,507940.9782301331,13.138120535224315
4056.0,1272652.48837198,266026.604868457,3.0,211914.99182394517,12.263940491276863
4057.0,1263258.35428236,245564.047727495,4.0,362239.6651119101,12.800061330064175
4058.0,1263264.13841036,245831.301103771,4.0,612991.3934507156,13.326106174772013
4059.0,1266975.48663817,229310.134046853,5.0,256816.9924250201,12.456119018488176
4060.0,1278188.55116165,206311.30439131,4.0,64832.19735622391,11.079557631721194
4061.0,1278179.57215364,206014.107143,1.0,0.0,
4062.0,1256198.62627514,248358.584114358,4.0,224942.1541499607,12.32359855546573
4063.0,1256204.80509114,248624.551730633,4.0,722600.375472379,13.490611617308577
4064.0,1288072.86835577,249018.17169903204,3.0,81491.63141431315,11.308255611923826
4065.0,1288090.81184378,249227.899635255,3.0,85237.29618535552,11.353194365687823
4066.0,1278754.08805823,173778.102373987,3.0,54341.80202598681,10.903049044483984
4067.0,1278998.96421848,173774.534437984,3.0,207860.58544305275,12.244622871664246
4068.0,1266108.66161329,233233.483490869,2.0,10617.723760540352,9.270279936657174
4069.0,1266111.81412528,233350.091170996,3.0,78709.94810354538,11.27352483179878
4070.0,1270965.83000225,171871.83882004,2.0,139764.0,11.847710564890653
4071.0,1271164.30699445,171899.426020071,3.0,93182.0,11.442309848973883
4074.0,1277159.36389659,285507.853656396,1.0,0.0,
4075.0,1277461.96140091,285376.112088263,3.0,783486.5645849227,13.571509192685967
4076.0,1273282.25451663,269048.128007546,3.0,55803.52849657324,10.929592381075786
4077.0,1276635.59890406,263925.690434307,4.0,306541.18139892234,12.633107385525124
4078.0,1276965.46668039,263914.784322292,4.0,262593.1589448896,12.47836118927345
4079.0,1281997.56191754,214902.850512102,3.0,173371.29684713666,12.063190798180004
4080.0,1270747.42597003,246720.610672683,4.0,1602167.3827731595,14.286867884781095
4081.0,1258857.24957386,248832.496562853,4.0,501672.53357522096,13.125702862262948
4082.0,1274854.72319023,218728.904212028,4.0,305341.4088371396,12.629185802794982
4083.0,1275107.6793505,218724.134228021,4.0,598363.2784716622,13.301953337569019
4084.0,1260089.33802311,210937.186828047,3.0,297072.60323373094,12.601731843242927
4085.0,1259834.26205486,210971.847180083,4.0,57377.97984354352,10.957415882285115
4086.0,1282202.84857376,245406.273071334,4.0,9121.47464858689,9.118386763921325
4087.0,1282345.78630191,245387.464751318,3.0,28972.400003651703,10.274098931779747
4088.0,1255420.43459433,214564.867599756,4.0,181841.89389178588,12.110892873627192
4089.0,1255180.21725009,214572.52110377,4.0,153407.9957097657,11.940856289827884
4090.0,1267981.9465432,243182.565613061,4.0,228940.27982014327,12.341216461713982
4091.0,1268250.38891147,243175.971117049,4.0,377861.0307781908,12.842281763560365
4092.0,1267376.43467058,232433.920738056,4.0,1374874.7559795596,14.133873198373855
4095.0,1261762.99741682,266310.230980739,4.0,178813.59943602234,12.094099198314758
4096.0,1261767.26608883,266475.18042092,3.0,47428.1458559289,10.766971125885894
4097.0,1277255.24984869,205634.558662608,3.0,110732.07802297975,11.614868851092238
4098.0,1277284.00146472,205496.39162246895,3.0,26642.470925344784,10.190261872805966
4099.0,1284852.55321647,197224.355005994,4.0,1242678.7802502282,14.032779914127438
4100.0,1266811.38097399,241470.872491315,1.0,0.0,
4101.0,1257537.5110765,239029.020072803,3.0,2477424.4887131816,14.722730065897647
4102.0,1257543.92643651,239452.585513249,1.0,0.0,
4103.0,1277825.78904928,254332.827064484,3.0,62363.258442374405,11.040731573929364
4105.0,1256320.99907525,212546.935565695,4.0,541761.8043094439,13.202581708380318
4106.0,1256307.06864324,211885.362125009,4.0,742958.1686566955,13.518395021518316
4107.0,1281888.75929344,227793.596701309,4.0,151766.95115022222,11.930101407132836
4108.0,1281906.23071745,228263.431389779,3.0,59780.28928830237,10.998431275041716
4111.0,1265714.72305287,284095.330582961,2.0,907.3154011154012,6.81049013069855
4112.0,1265718.30609287,284234.046487093,3.0,116927.18863185054,11.669306700672916
4113.0,1283789.71974339,192672.038009346,3.0,2368392.736259575,14.67772211269517
4114.0,1283870.65331146,192677.093753338,3.0,511050.1503948956,13.144223006043248
4117.0,1265002.51946814,194426.323515132,4.0,1409662.2176786016,14.158860671724739
4118.0,1264720.66237986,194435.662779152,4.0,543331.7335651909,13.205475339751956
4119.0,1284645.41420826,257295.350395516,3.0,1901433.9235464733,14.458118856099796
4122.0,1275652.08869505,218713.803540006,4.0,504292.08884264575,13.130910920538726
4123.0,1275918.32965532,218708.320276007,4.0,143339.80361532714,11.872973339485071
4124.0,1274223.43045358,251395.940917477,5.0,1650908.094022547,14.3168360544979
4125.0,1274264.15250163,251649.890869737,3.0,38657.106936011616,10.562485916439433
4126.0,1266883.67876607,252926.621239036,4.0,1725528.5739908265,14.361043981215495
4127.0,1266887.46481408,253191.841207311,4.0,2517561.8234635983,14.738801460756383
4128.0,1271870.56939518,230457.781664029,3.0,230813.3167570217,12.349364510205595
4129.0,1271877.10315518,230877.75849646295,3.0,146250.3797715538,11.893075361819305
4130.0,1281871.71833342,227371.113948867,4.0,275144.5027846706,12.525051703312021
4131.0,1279172.75685866,247298.518001273,4.0,1124939.9483904648,13.933240212987462
4132.0,1279180.95794666,247832.228529826,4.0,142900.74527348415,11.869905579254143
4133.0,1277849.3195453,251959.040822044,3.0,85838.00989658682,11.360217193165687
4134.0,1277851.2391613,252622.10936673,4.0,1094443.4847855093,13.90575655896594
4135.0,1276160.26155958,226566.406876042,4.0,61817.11175388302,11.031935494340445
4136.0,1276171.04370359,227064.236316562,3.0,309494.0493732192,12.64269414434108
4137.0,1277705.72204116,224941.252698377,3.0,7946.951380029718,8.980543659893241
4138.0,1277726.71839318,225248.947610691,4.0,168204.94676167128,12.032938436086566
4139.0,1265725.16759689,286574.3626495,3.0,313110.1333825533,12.654310271474749
4140.0,1266069.76830123,286554.639961481,3.0,581191.5532425591,13.272835677266666
4141.0,1263863.25732298,233077.160930708,4.0,1304449.2737314086,14.081291497200256
4142.0,1279202.85881069,236714.199910432,3.0,56115.47648578215,10.935166926651625
4143.0,1295329.54605921,186488.921779007,1.0,0.0,
4144.0,1258818.05642182,168287.632032365,3.0,48623.0735435503,10.79185346149427
4145.0,1258197.24694918,168342.846176431,3.0,72945.47057171393,11.197467462533428
4146.0,1285305.55334494,193846.163962543,1.0,0.0,
4147.0,1285462.6616331,193841.602298543,3.0,156407.36368283897,11.9602191883561
4148.0,1282682.75999825,263718.337218091,3.0,5393.959765359946,8.593035044524646
4149.0,1283012.27769458,263704.769602075,4.0,76513.80697669958,11.245226486885016
4150.0,1276293.9125677,230822.741536409,2.0,19577.648482407767,9.882143810935894
4151.0,1274217.82322158,245748.555247694,2.0,9503.331383292414,9.15939768804312
4152.0,1274503.73010187,245740.08574368095,3.0,4185.840373064317,8.339462768753835
4153.0,1267996.01707122,261928.882112265,4.0,696221.2585700327,13.45342278904128
4154.0,1268326.02398355,261926.06220825,3.0,888684.9253365544,13.697498036981772
4155.0,1282474.33951804,213044.79483020297,3.0,99701.46537055766,11.509935653640891
4156.0,1268322.36484754,261497.626431823,3.0,175167.093948651,12.073495619916265
4157.0,1268658.1630559,261494.391807809,4.0,219327.3716742867,12.298320740453617
4158.0,1284643.23641627,242044.171883896,3.0,116614.51889408962,11.66662906396394
4159.0,1285023.46035264,242035.993771881,1.0,0.0,
4160.0,1259133.46685414,195200.818043932,4.0,1818599.0098221707,14.413576987801225
4161.0,1258808.31171781,195213.787835941,4.0,2002151.638552392,14.50973297952157
4162.0,1275366.91634277,230079.475999638,3.0,73660.15654516322,11.207217315236592
4163.0,1275611.36536701,230077.342815638,3.0,10698.045820345302,9.27781637015786
4164.0,1257360.57475632,255198.714809373,4.0,1270940.910911038,14.055268058855669
4165.0,1257096.56938004,255203.801401377,4.0,1461961.5002199872,14.195289585306265
4166.0,1274486.06546186,224284.27004170403,3.0,11406.052994946258,9.3418994579398
4169.0,1281778.37202932,208689.302921742,3.0,139361.900877298,11.844829432042802
4170.0,1282049.31410961,208682.745801732,4.0,251130.54722103768,12.433728191354751
4171.0,1257847.82966882,214301.187023491,3.0,63915.84166021455,11.065322522945593
4172.0,1255102.09603401,189936.606134534,1.0,0.0,
4173.0,1272436.12337975,196220.329788968,4.0,356155.9791838068,12.78312405765195
4174.0,1273086.23787643,196204.884924963,4.0,195278.1806433544,12.182180388367124
4175.0,1286097.20889774,248483.068466485,4.0,1615849.2436832914,14.29537122391147
4176.0,1286279.54252994,248478.924786478,1.0,0.0,
4177.0,1277686.83333713,269180.989639685,4.0,129799.73025904436,11.77374800512242
4178.0,1277695.39692114,269845.222216368,4.0,200203.75108309856,12.207090882366542
4179.0,1278731.59372221,217010.19272226104,3.0,10762.94230046103,9.283864244333923
4180.0,1278949.21298642,217005.654674262,3.0,375903.0747530201,12.837086609228898
4181.0,1285669.99417731,203830.564548761,4.0,436381.36632436543,12.98627183341433
4182.0,1286323.43347397,203816.86054875,5.0,456225.90789698553,13.030743377875279
4183.0,1277551.329017,212086.072653219,3.0,120883.8102853485,11.702585117672113
4184.0,1277962.80652142,212078.94503721604,3.0,134494.30121816462,11.809277107001222
4185.0,1279207.38930669,198815.170111626,3.0,230509.3777131167,12.348046824813025
4186.0,1279600.9807311,198872.156863689,1.0,0.0,
4187.0,1279404.15865089,229657.41583921,4.0,284273.59135463263,12.557692403259937
4188.0,1279412.4535629,230083.556703642,4.0,198052.86179701693,12.196289252816994
4189.0,1271991.9428353,205157.058630124,4.0,463353.5554641017,13.046245660372906
4190.0,1272357.78526768,205146.286982119,4.0,742406.3529197931,13.517652017690942
4191.0,1259787.9898628,188527.931765094,3.0,59652.14218680255,10.996285339484784
4192.0,1259508.09706251,188533.0440211,4.0,108414.5343346644,11.59371743957777
4193.0,1283848.36499144,253822.764791951,4.0,365205.0191644096,12.808214171213134
4194.0,1277506.48165695,237023.166502759,4.0,85062.96800658411,11.351147061292973
4195.0,1266344.77758153,262206.882880539,4.0,592848.6478733188,13.29269441416053
4196.0,1266673.02628586,262199.374016538,4.0,818086.3001863393,13.61472311147029
4197.0,1258356.20598935,214287.143759474,3.0,90820.66573043562,11.416642134843482
4198.0,1258173.28310916,214292.090575472,4.0,228318.0660239833,12.338494962212208
4199.0,1277041.26604047,223314.725080714,4.0,228279.28889676905,12.33832510959747
4200.0,1277046.98418447,223620.778265029,4.0,175046.2336161369,12.072805410105277
4201.0,1255961.6943709,255109.066361278,4.0,72385.92094144189,11.189767097328815
4202.0,1256001.61424293,255797.858297974,4.0,1454578.0864092824,14.19022644156042
4203.0,1261777.26410484,266861.370629311,3.0,84365.25465079825,11.342910921069159
4204.0,1261780.06986484,266969.720133424,3.0,220912.1575130583,12.305520424168364
4205.0,1266935.98769413,256247.178554446,3.0,25115.64190253012,10.131246114389489
4206.0,1266937.48542213,256375.299066573,3.0,29886.216500854287,10.30515266649829
4207.0,1271393.08869068,253490.063991621,4.0,154053.06831157708,11.945052421460845
4208.0,1271398.4210427,254148.050232291,3.0,81847.88014393969,11.312617683183984
4209.0,1268004.15454322,172733.842660919,1.0,0.0,
4210.0,1266463.50142165,285574.825304478,1.0,0.0,
4211.0,1266464.40894164,285704.827992603,2.0,46591.99999999999,10.749184131556358
4212.0,1260934.36253598,168966.70384106,4.0,295709.2307811548,12.597131922063364
4213.0,1261012.81092006,168194.888160273,3.0,666784.3990601348,13.410222032854616
4214.0,1267969.56996718,233057.984802693,2.0,62.9950873763917,4.143056745198566
4216.0,1273474.41029282,178652.796394989,2.0,46592.0,10.749184131556358
4217.0,1273470.14034082,178476.91185081,2.0,93180.0,11.442288385370787
4218.0,1280407.25996391,221541.359510899,4.0,67249.53345197975,11.116165359922991
4219.0,1280691.29382022,221532.114454895,2.0,10243.267198996484,9.234375910105916
4220.0,1256231.25417916,218876.975444168,4.0,12716.034073960423,9.450619001640222
4221.0,1256210.80246714,218412.376595691,4.0,16441.987651195093,9.707593564659314
4222.0,1275967.83218338,231275.823008865,4.0,68348.28978399839,11.132371820390603
4223.0,1275976.10904738,231573.25776118,4.0,127950.1745775569,11.759396206007144
4224.0,1263796.93162692,268234.459718719,4.0,598030.4042215784,13.301396874820195
4225.0,1263464.67146657,268243.251398727,4.0,521989.3835842215,13.165402528696696
4226.0,1251884.49155071,239250.862505034,4.0,145791.4550042429,11.889932489186544
4227.0,1260893.95056795,251673.789429754,3.0,22024.75943566912,9.999922528414158
4228.0,1260757.0502798,251674.54366976,3.0,34751.5487104749,10.455979417207761
4229.0,1259453.73399046,215488.05736070903,3.0,623962.6763563904,13.343845832031239
4230.0,1278299.53285776,225971.127899438,4.0,311331.8083866443,12.64861453041517
4231.0,1278621.69727409,225964.068507433,4.0,397916.57552343776,12.893997653057895
4232.0,1286924.49433859,200511.053825364,3.0,221869.7215878986,12.309845648902458
4233.0,1287200.41305888,200504.320577353,3.0,48003.0858616829,10.779020576608653
4234.0,1259827.16138284,240359.33469817,4.0,751613.8203184966,13.529977934216278
4235.0,1259838.65674286,241042.380266875,4.0,628474.1041379902,13.35105010351918
4236.0,1281584.19033313,197565.80281435,4.0,196281.63508054815,12.187305820516341
4237.0,1281910.66348547,197557.948158339,2.0,46592.0,10.749184131556358
4238.0,1275624.66194302,260808.100223109,3.0,16384.719338610448,9.704104431819927
4239.0,1275627.06251903,260977.008703277,2.0,53.84848484848485,3.986174266688171
4240.0,1279086.63532257,232026.79561764,4.0,63182.97113963932,11.053790099835345
4241.0,1279095.17529057,232298.967969924,4.0,23404.43248413182,10.060680705806432
4242.0,1258967.48227796,255060.877113223,4.0,371836.4365764715,12.826209349942388
4243.0,1258979.30282198,255745.372473925,3.0,103734.29917616791,11.549588093399159
4244.0,1265219.35530837,250297.12357235,4.0,265916.23091790406,12.490936616804428
4245.0,1265234.06526038,250946.718709007,4.0,273308.9485091567,12.518358113821252
4246.0,1277120.99621655,217049.190674305,4.0,574747.3783987747,13.261685881325377
4247.0,1277111.83448854,216689.148753926,4.0,454439.7768794651,13.026820679704636
4248.0,1260028.77482305,255047.563193217,4.0,281639.2424777695,12.548382248946771
4249.0,1260040.75479107,255728.920441911,4.0,262498.9928993475,12.478002524432542
4250.0,1283337.58348691,253834.678455964,3.0,22279.367071984936,10.011416285737571
4251.0,1262975.58154607,172661.358564854,3.0,295717.13439241215,12.597158649350895
4252.0,1262660.53431375,172674.845412865,3.0,1493977.8433112763,14.216952814117322
4253.0,1280277.46495579,168598.599904686,3.0,218817.91340410916,12.295995217312658
4254.0,1264958.74986809,171347.1984355,3.0,1016253.593915458,13.831633476286079
4255.0,1260668.6449037,281243.78248404,3.0,186350.0,12.135381904907405
4256.0,1269803.54072106,285153.634840041,3.0,81564.0489638295,11.309143867446231
4257.0,1269931.36062519,285151.344856039,1.0,0.0,
4258.0,1270261.23659353,188068.336884618,4.0,122112.79739344624,11.712700465363667
4259.0,1270566.83998585,188232.135156795,3.0,137807.99764508154,11.833616673940552
4260.0,1262468.02845755,208429.114441469,3.0,388320.4911657732,12.869586285807623
4261.0,1277138.40722458,227047.344284534,4.0,1423684.7935328416,14.168758993595748
4262.0,1283083.40223867,208674.31341773304,3.0,420563.0768004925,12.949349751427413
4263.0,1273742.60267709,209084.672842145,4.0,259267.75997433063,12.465616628950146
4264.0,1274058.63717341,209079.233546138,4.0,421417.5072135825,12.95137932484658
4265.0,1280441.76249196,224161.813273579,4.0,1389371.9168156274,14.144362344582078
4266.0,1280701.12812422,224153.591833577,4.0,1213279.099519513,14.008837251747616
4267.0,1272183.35710751,236926.823206663,4.0,238632.64373697471,12.382680592938174
4268.0,1272483.2633478,236920.920614645,4.0,264814.7678845584,12.486785871446695
4269.0,1266636.49713382,257571.596859798,4.0,292338.7061949034,12.585668361747315
4270.0,1266951.38596614,257564.074875787,3.0,29378.739074245703,10.288026530979973
4271.0,1256868.91331582,217916.657491192,4.0,555346.4050084064,13.227347351194295
4272.0,1256529.57315546,217931.660051212,4.0,367582.5833729031,12.814703289050982
4273.0,1274926.64856631,223358.675800756,3.0,39709.631178699055,10.589349036212587
4274.0,1275105.69842249,223354.730904758,4.0,534206.9376815334,13.188538566622587
4275.0,1285205.57715283,260870.49542316803,3.0,37409.14782919644,10.52967054785784
4276.0,1252366.6808632,241901.223979756,4.0,341803.44431125646,12.74199112659137
4277.0,1273042.44856438,203770.14477270804,3.0,144883.98645051173,11.883688607712376
4278.0,1273989.46309336,203994.431684926,3.0,48760.34898923976,10.79467274085507
4279.0,1265690.95870085,248753.019378766,4.0,2351857.361250373,14.670715940434746
4280.0,1276725.53208815,253305.635895431,3.0,31863.33743046745,10.369211330974295
4281.0,1276843.30546427,253302.835063428,3.0,13032.450420205616,9.475197712315486
4282.0,1280607.53222013,229159.477854699,4.0,358556.11911983025,12.789840465459418
4283.0,1280875.4526044,229152.370206699,3.0,1873575.367324584,14.443359124495666
4284.0,1259609.24675862,246570.123440534,3.0,1796.845457522038,7.493787882819347
4285.0,1259611.04631062,246654.399536625,3.0,58080.65939527963,10.969588002658742
4286.0,1277346.42092079,258928.961277187,4.0,572793.7960766567,13.25828106369816
4287.0,1277345.98789679,259077.416381344,1.0,0.0,
4288.0,1280020.67346753,230493.293408066,4.0,1393690.3069998014,14.147465684214938
4289.0,1280285.6542678,230485.935136065,4.0,87401.25198343648,11.378264886294307
4290.0,1277728.25944918,247672.51198566,4.0,91839.14670317849,11.427793920386303
4291.0,1277821.23660128,247873.195953861,2.0,0.0,
4292.0,1279031.60031451,270463.089800999,4.0,1421406.8536549462,14.167157681127023
4294.0,1263973.96375509,242347.973420203,4.0,2399369.419433421,14.690716518892732
4295.0,1270621.7476979,205204.840390176,4.0,130524.05978143956,11.779312854892837
4296.0,1270613.51544189,204909.006021872,4.0,215986.52897480436,12.282971318864083
4297.0,1286750.63046642,196075.404540822,3.0,4306.228328203693,8.367817702111555
4298.0,1286757.28141043,195829.05337257695,3.0,42662.8906433779,10.66108474977141
4299.0,1268401.70327963,234899.736356586,3.0,154647.0634958351,11.948900789868505
4300.0,1268693.44254392,234894.070692569,3.0,221687.21622789316,12.309022731460546
4301.0,1267118.46142231,279428.348754182,4.0,2391786.078708569,14.68755095807536
4302.0,1277394.06815283,278520.699345246,3.0,1319155.7009642094,14.092502469436447
4303.0,1281883.12678143,182118.162478536,4.0,326088.0,12.69492256257227
4304.0,1282200.28063776,182113.846190527,4.0,139770.0,11.847753493478953
4305.0,1264650.07428378,189220.30046980095,3.0,227242.17593807404,12.333771582131616
4306.0,1264641.51133978,188694.99314126404,3.0,324487.15149580286,12.690001219568282
4307.0,1265346.6821565,244538.594734445,3.0,53438.70593216147,10.886290592576042
4308.0,1265609.03562877,244532.691502452,4.0,277535.0588477922,12.53370254237887
4309.0,1280890.48242842,247922.509873912,4.0,142436.57719702466,11.866652107315186
4310.0,1281188.39391673,247916.250353903,4.0,82561.19070516941,11.321295002912375
4311.0,1270962.36613025,205195.530694157,4.0,249764.34491802417,12.428273131970558
4312.0,1266025.6151492,251614.702901691,3.0,57850.00008068173,10.965608734016493
4313.0,1274850.36952624,216434.111889675,4.0,165645.04099617418,12.017602470643494
4314.0,1265661.77041282,260370.311422661,4.0,611833.1992591956,13.324214974115826
4315.0,1266793.63268597,249229.398323253,4.0,79931.33718661616,11.288923259951117
4316.0,1278033.38117748,247689.900401682,3.0,9973.027641422968,9.207639492023713
4317.0,1267819.78084703,285003.611863881,4.0,192219.78689798168,12.166394719740628
4318.0,1267821.68017504,285387.491352275,4.0,756855.4847296095,13.53692760894996
4319.0,1252088.10102293,241239.956971079,3.0,305263.660656361,12.628931143326586
4320.0,1281492.42546903,171702.377187863,4.0,102785.86433713316,11.540403116100203
4321.0,1281487.23353302,171444.138531595,1.0,0.0,
4322.0,1280439.42393196,179387.624299735,4.0,1287040.2532831472,14.067855762921436
4323.0,1261210.74423227,278250.785168976,3.0,47838.43944301952,10.775584767754237
4324.0,1262209.57328929,279315.40507406,3.0,101598.66259428508,11.528785650597804
4325.0,1257402.82602036,191942.508984596,3.0,558550.0669060558,13.233099538784245
4326.0,1257069.59664403,191950.520760596,4.0,526871.7707533474,13.174712478662958
4327.0,1287893.26566759,182750.365295187,3.0,1172382.20567663,13.974548310014022
4328.0,1274311.90174969,231642.250721246,4.0,157822.1753701179,11.969224205848473
4329.0,1274616.83614999,231633.079201236,4.0,171035.28057055283,12.049625133329974
4332.0,1258560.99133354,199218.539328039,3.0,100443.04169033477,11.517346096468245
4333.0,1282123.16959767,212186.078733325,4.0,47192.44850286559,10.761989169427919
4334.0,1282394.90758196,212177.911053315,4.0,35443.435191255514,10.475693329797464
4335.0,1280964.25951649,209178.977738246,4.0,207905.0948177724,12.244836979643827
4336.0,1281244.56703678,209225.74209028497,3.0,14252.728138957584,9.5647036157208
4337.0,1270587.00728187,229218.243486762,4.0,318584.7434467417,12.67164378908031
4338.0,1270593.51416187,229637.244255185,4.0,184851.37707157832,12.127307414007456
4339.0,1256305.02243523,195758.779516503,3.0,93182.0,11.442309848973883
4340.0,1256187.90915512,195752.031164497,1.0,0.0,
4341.0,1265619.69700478,244962.885230884,4.0,249769.25303349085,12.428292782762766
4342.0,1265879.90878105,244957.038766876,3.0,33280.62035926485,10.412730535364322
4343.0,1274300.27838966,206204.336071193,4.0,390132.4454815964,12.874241564252477
4344.0,1274958.28696634,206190.41843918,4.0,687208.8914509838,13.440393588234055
4347.0,1274478.46667784,213952.567631125,4.0,272101.528881817,12.51393054357884
4348.0,1278434.8505539,249598.43205162897,3.0,54314.87550664276,10.902553418803047
4349.0,1278440.23109791,249957.889651999,4.0,161728.8690935527,11.993676564531116
4350.0,1279436.17823492,220656.189717993,3.0,32841.18968588895,10.399438789642499
4351.0,1279395.46572289,220285.165845618,3.0,8490.407612441175,9.046692289041149
4352.0,1279295.27890678,227015.669148505,4.0,425414.4232572257,12.960819086338589
4353.0,1279306.8629068,227449.85097295,4.0,299843.9867349051,12.611017574151461
4354.0,1281206.88761275,263112.937473476,3.0,49917.67550964895,10.818130437649241
4355.0,1253808.77347268,236480.177446201,3.0,137329.75559685653,11.830140287845008
4356.0,1272811.65016414,230022.85769558,4.0,887151.9980271885,13.695771608535615
4357.0,1262771.54064986,266941.123397395,4.0,812142.2831473437,13.607430829344526
4358.0,1262766.24637786,267602.682438076,4.0,250402.37802312136,12.430824415060435
4359.0,1257803.42621277,286765.809497684,1.0,0.0,
4360.0,1271116.28216241,282792.586773619,3.0,92436.45064854051,11.434276667378342
4361.0,1271345.10456264,282799.893205628,1.0,0.0,
4362.0,1263585.8464427,283951.50831081,1.0,0.0,
4363.0,1263376.92458647,283959.015510812,3.0,168321.29141192127,12.03362988086375
4364.0,1262661.90538575,172711.253796905,3.0,1570059.9849195208,14.266624383549733
4365.0,1262331.83645742,172732.96995692,3.0,49166.54662830183,10.802968724632654
4366.0,1263638.85553075,172479.227364659,4.0,108423.23070977768,11.593797650468305
4367.0,1263311.16913041,172497.608868673,3.0,11578.591585382304,9.356913118979
4368.0,1256681.39990762,203051.150787964,3.0,100451.13467813928,11.517426666128902
4369.0,1256498.55453144,202963.667715877,1.0,0.0,
4370.0,1277567.83884101,212511.115789652,4.0,154779.08093591646,11.949754094933171
4371.0,1263024.43479413,259149.532349408,3.0,102902.8691748635,11.541540804571056
4372.0,1262693.88100179,259158.010365427,3.0,26036.21556591296,10.167243754190686
4373.0,1259506.68528652,260832.22028712896,2.0,352586.1155695584,12.77305017088631
4374.0,1256576.42544352,236494.65802221,4.0,147129.84762116408,11.899070793016639
4375.0,1255920.72496285,236506.309606224,3.0,86178.8833567554,11.36418045398163
4376.0,1275459.14751086,214251.010959432,4.0,781145.835424593,13.568517140486906
4377.0,1269754.68644901,245936.570927888,4.0,271417.3866716116,12.511413087232999
4378.0,1270064.73438533,245930.472495869,4.0,478482.9612053458,13.078375880474882
4379.0,1267230.42769442,264835.268675238,3.0,100697.40113779964,11.519875270407383
4380.0,1280110.96037962,218427.438611716,4.0,153893.6543280246,11.944017086540404
4381.0,1272097.78315541,247208.61400118505,3.0,36319.94495078685,10.500122317041912
4382.0,1272763.43832409,247188.971313164,4.0,192298.98867466304,12.166806672460925
4383.0,1281634.25420518,228269.394973785,4.0,190024.7249906665,12.154909474206073
4384.0,1264998.80753215,251601.234485686,4.0,250916.0240317197,12.432873596523683
4385.0,1265008.56900415,252029.051190123,4.0,334277.74663357856,12.7197275031377
4386.0,1255559.32899448,250969.098933041,4.0,224688.85313950625,12.32247184919706
4387.0,1280727.66649225,216290.801489532,4.0,118687.38725752382,11.684248317643911
4388.0,1280719.69042824,215890.254673108,4.0,55802.65395395265,10.929576709137164
4389.0,1282020.28166157,246576.428208545,4.0,114382.96222797972,11.647307415262823
4390.0,1282029.06182158,247239.374385223,4.0,173029.51009891822,12.061217437539504
4391.0,1288043.84345974,202042.040578932,3.0,264256.27636490547,12.484674655067847
4392.0,1288049.43001975,201571.81811446,2.0,46592.0,10.749184131556358
4393.0,1285509.00601715,242534.412716404,1.0,0.0,
4394.0,1285511.86227314,242673.05450853697,3.0,46728.39999999997,10.75210739586156
4395.0,1278959.89637844,226521.796123996,4.0,501215.2297415093,13.124790888097674
4396.0,1261652.91594471,248505.843634516,4.0,281502.7138914085,12.547897367337464
4397.0,1264332.52471545,258950.084285215,4.0,621153.0039698164,13.339332713772471
4398.0,1264004.83773912,258958.37919721,4.0,528432.059002945,13.177669521634934
4399.0,1276717.51864815,223321.340888724,4.0,333690.4727875976,12.717969114099947
4400.0,1284153.58252776,251960.009014055,3.0,153837.65403263748,11.943653130748556
4401.0,1284153.21964775,252219.071478322,3.0,86455.37468739586,11.367383660230324
4402.0,1278086.74821754,217025.744850278,4.0,268822.7498256268,12.501807518817769
4403.0,1265147.52279629,233432.046371073,3.0,94393.7637837766,11.45523028833889
4404.0,1266663.44490984,281148.887315944,2.0,524655.8137177947,13.170497733660266
4406.0,1283334.37254292,170262.262306392,2.0,46592.0,10.749184131556358
4407.0,1275030.87864642,284495.973143369,4.0,688758.6642318196,13.442646219017064
4408.0,1281931.96166149,171691.512035862,3.0,429698.86666386685,12.970839932254062
4410.0,1257825.9908208,244408.47851032004,3.0,87420.5766736059,11.37848596498221
4411.0,1257450.03094842,244415.207470328,4.0,113559.6775500285,11.640083771115005
4412.0,1280178.23813969,253901.971000046,4.0,1605067.3697087225,14.288676288561732
4413.0,1279626.97349912,214390.276751578,4.0,282724.0454121068,12.552226596350794
4414.0,1279629.04633112,214109.121423289,1.0,0.0,
4415.0,1256594.33283554,244423.967662334,4.0,223050.8671515356,12.315155128249081
4416.0,1256284.11497922,244435.637550339,4.0,77717.83801197466,11.260840085451019
4417.0,1277121.86924055,176463.610152736,3.0,580676.0434763973,13.271948295948096
4418.0,1259439.10211845,190525.908087134,4.0,2182964.35018951,14.596194304748028
4419.0,1262779.24240987,207760.061640784,4.0,1134997.2242299982,13.942140763282314
4420.0,1262449.31165753,207769.38087280103,3.0,385529.08699058567,12.862371921773578
4421.0,1255197.7349461,244076.274797976,4.0,84297.01021257219,11.342101677317977
4422.0,1255328.69264224,244673.573422596,4.0,6401.180291467413,8.76423767288617
4423.0,1279639.16505113,223829.16533725,3.0,635334.4271156008,13.361906796114733
4424.0,1279869.90079537,223816.120089233,4.0,1799880.354570077,14.403230750973895
4425.0,1284482.6740481,259088.811645344,3.0,140256.12625519012,11.851225503394879
4426.0,1265107.77975625,231857.469153464,4.0,2576274.3626516764,14.761854867775446
4427.0,1265116.29514827,232148.584737763,4.0,489171.3199184352,13.100468054581123
4428.0,1271710.15237102,194081.852090776,3.0,94884.11346371604,11.46041156767327
4429.0,1271877.31377919,194077.90527477895,3.0,52519.055445994345,10.868931343601433
4430.0,1285255.58592089,209089.792266145,4.0,355640.5148924964,12.781675710025324
4431.0,1272868.4328842,253172.946551293,3.0,58857.23789969469,10.982870094075684
4434.0,1252706.63164756,237247.227430984,6.0,183082.25043908675,12.11769078679978
4435.0,1278155.90060161,248823.93688283896,3.0,340144.41597810143,12.737125559287145
4436.0,1278160.68472962,249088.424819112,3.0,92685.90959293004,11.436971739924497
4437.0,1264926.90513207,254822.374008983,4.0,170759.63304720874,12.048012191930779
4438.0,1264931.85815607,255086.335417256,4.0,453177.8640967334,13.024039963378966
4439.0,1283601.14534318,201868.668546751,4.0,129371.53432499195,11.770443654816821
4440.0,1283598.04588719,201543.905410424,4.0,105995.5823937688,11.571152696695272
4441.0,1286485.76358615,243581.589741468,3.0,266088.84056801005,12.491585519100344
4442.0,1286617.96243428,243820.441261709,3.0,205367.6938401801,12.232557279978497
4443.0,1274425.58098179,211713.859148845,4.0,522280.3300960309,13.16595975355063
4444.0,1266035.6604612,245493.708591431,4.0,309993.63289577345,12.644307037204507
4445.0,1267246.01367845,236485.912678212,4.0,212257.38777664636,12.265554910524955
4446.0,1267390.80107059,236482.761382207,1.0,0.0,
4449.0,1271785.64561909,277348.361104041,3.0,93182.0,11.442309848973883
4450.0,1272232.38654755,277332.023888037,1.0,0.0,
4451.0,1279591.16741909,169252.28528136,4.0,154531.11437322138,11.948150742573132
4452.0,1279581.15596308,168822.349152923,1.0,0.0,
4455.0,1266581.69047776,282806.254741639,3.0,93181.99999999996,11.442309848973883
4456.0,1267138.04894233,282744.948437572,4.0,562950.4461543224,13.240946885760179
4457.0,1265681.68081284,175263.000679508,3.0,427079.00652972783,12.964724302097082
4458.0,1267991.3376472,261382.855295703,4.0,114470.08167249672,11.64806877239612
4459.0,1255247.74563415,235873.693733573,4.0,46687.42100802928,10.751230049943981
4460.0,1288233.02611594,188446.608117014,3.0,97676.23191184252,11.489413532199432
4461.0,1272584.87569991,245471.249967411,4.0,50207.238109031736,10.823914480724978
4462.0,1272604.24440393,246135.64990408704,3.0,49164.72324801256,10.802931638153616
4463.0,1264852.09655599,267889.571654364,1.0,0.0,
4464.0,1264786.18621993,267892.079494372,3.0,58160.14127588824,10.970955541294689
4465.0,1273431.94782878,247169.187889144,3.0,194274.9204715414,12.17702955071713
4466.0,1267739.48510295,252643.89675875,4.0,396018.3449193589,12.88921581471756
4467.0,1268090.54411131,252635.823926747,3.0,99588.24944500756,11.508799459153039
4469.0,1253361.61788823,251070.049525142,1.0,0.0,
4470.0,1253371.64899224,251303.642229378,3.0,93182.0,11.442309848973883
4471.0,1277703.49336915,224835.656730279,3.0,17244.524284920753,9.755249939308847
4472.0,1259176.93955818,215129.18369633,4.0,174675.54347187543,12.070685494747572
4474.0,1268686.71844792,270772.605257317,4.0,229113.6661572534,12.341973518156411
4475.0,1268691.09508793,271132.036617681,4.0,108767.45423337891,11.59696743477013
4476.0,1287891.83193958,185709.012594208,3.0,357291.32493509987,12.786306764218008
4477.0,1287858.95238756,184684.960177153,3.0,1257888.3541851065,14.04494496364364
4478.0,1275169.06667855,231892.296481505,3.0,29634.33189054473,10.2966888293599
4479.0,1275177.85144657,232184.4212818,4.0,179425.34947785793,12.09751452006206
4481.0,1265211.48887636,238872.848168656,3.0,52422.564757927066,10.867092402768012
4482.0,1279606.8337231,276300.871758983,3.0,42778.00776324529,10.663779412202906
4483.0,1279605.4561231,276401.356111079,3.0,52271.06986982559,10.864198339640325
4484.0,1282966.36735854,203321.264388248,3.0,14478.443950242912,9.580416198165453
4485.0,1279046.69509853,271787.109450355,4.0,234093.12178518772,12.363474271523168
4486.0,1269275.31275252,277767.122064471,2.0,46592.0,10.749184131556358
4487.0,1269584.15428884,277763.448208466,1.0,0.0,
4488.0,1278274.46143374,262550.1827209,4.0,468704.1641883305,13.057727068420787
4489.0,1269286.23428853,265068.063811466,2.0,0.0,
4490.0,1269675.15710492,264919.799363315,4.0,64862.84871605999,11.08003029989681
4491.0,1271751.70705906,221841.520663202,3.0,94694.12754226325,11.458407266082055
4492.0,1276305.88594373,263936.571330309,4.0,408441.9947063306,12.920105187376898
4493.0,1270627.98065791,242279.767852142,4.0,445623.280888052,13.007229212388534
4494.0,1270921.75697821,242271.190764129,4.0,423727.1226917152,12.956844948471241
4495.0,1266855.61649404,196374.606397137,4.0,105965.49717300425,11.570868821740227
4496.0,1266541.53738973,196384.261885136,4.0,1254510.2012115645,14.042255776450702
4497.0,1281427.44492497,244095.696942002,1.0,0.0,
4498.0,1269846.4385771,206941.042311952,4.0,888769.2251772705,13.69759289157001
4499.0,1276520.54303195,228235.987549752,4.0,170144.86291858103,12.044405487986833
4500.0,1263538.19985065,237935.115111694,4.0,431764.7319374376,12.975636116880045
4501.0,1263548.44068266,238374.876072139,4.0,644368.4065029843,13.376025901309909
4502.0,1259729.65207075,245374.206575304,3.0,32695.330441201048,10.394987546725188
4503.0,1262659.25904974,256480.566586673,4.0,360573.2187409736,12.795450318388129
4504.0,1262668.23312975,257008.936571226,4.0,256440.8490038516,12.454653308826689
4505.0,1285922.82732956,186205.233714715,4.0,121393.36973283188,11.70679154106527
4506.0,1286556.05574621,185667.82168217,3.0,30596.11838184239,10.328628429627708
4507.0,1258833.61808583,258808.97990106,4.0,577452.8324437405,13.266382042620373
4508.0,1254455.02281734,243168.188653052,4.0,114319.25339971336,11.646750281789153
4509.0,1274461.18885383,223006.72111240003,4.0,1033424.4896944376,13.848388592729805
4510.0,1252602.14038345,240564.599402383,4.0,275414.7247949671,12.526033330786264
4511.0,1252608.56751946,240883.463210702,4.0,217802.10968599105,12.291342175779315
4512.0,1255422.62851433,204640.388101593,4.0,871969.6869428772,13.678509939606695
4513.0,1285020.19923264,205306.65805427695,3.0,60613.37364580198,11.012270834934018
4514.0,1285017.54668865,205176.474630147,4.0,585365.4535989255,13.27999163817251
4515.0,1257310.91050027,252392.752886489,4.0,97024.21443123955,11.482715859644058
4516.0,1257322.74902828,253058.263351172,4.0,220292.04103710744,12.302709404298986
4517.0,1281284.44262081,261798.600512132,3.0,251942.74618577497,12.436957143004763
4518.0,1281310.67090884,262458.030336797,3.0,91916.55942304604,11.428636481698593
4520.0,1252796.71772765,208849.562761903,1.0,0.0,
4521.0,1252906.10140777,208605.401801661,3.0,198786.91920566585,12.199988772275521
4522.0,1258971.87139797,201855.976962745,4.0,642448.8448723266,13.373042473706004
4523.0,1258806.09219781,201863.356866747,2.0,17534.765593332748,9.771940794554089
4524.0,1274546.04824592,228808.567454338,4.0,136559.2471953578,11.824513844823938
4525.0,1266613.0011338,172015.164644182,4.0,1229252.227162696,14.021916597078683
4526.0,1266290.46961346,172010.104612187,4.0,1440177.3057426563,14.180276792960388
4527.0,1272072.56862739,270696.356681243,4.0,147589.4732566847,11.902189869206005
4528.0,1272403.35864373,270685.930889219,3.0,227606.20068928288,12.335372224664978
4529.0,1276967.01682439,217865.317651138,4.0,561046.7007087409,13.237559426510249
4530.0,1277208.46911265,217862.934163138,5.0,2408816.956222194,14.694646295406766
4531.0,1283842.87545544,241404.328043237,1.0,0.0,
4532.0,1284030.78060763,241276.439147115,4.0,153860.5727749625,11.94380209970821
4533.0,1283582.57580717,206539.74253554604,3.0,176286.78087265446,12.079867384704956
4534.0,1283670.13401526,206538.813767537,3.0,57483.70260669618,10.959256753683716
4535.0,1278177.43730564,205770.284102753,1.0,0.0,
4536.0,1278161.59448962,205419.04039038703,3.0,68320.28696789495,11.13196202880338
4537.0,1267769.37022299,244615.477422535,4.0,70869.490690807,11.168595305251133
4538.0,1257505.59581247,239714.55908151,1.0,0.0,
4539.0,1257334.95050029,239718.780841514,3.0,52055.52142618785,10.860066147690649
4540.0,1275488.95973489,235358.426405057,2.0,326628.5723863536,12.696578940034755
4541.0,1275615.25906302,234973.191268653,2.0,285745.93783055426,12.562858365739928
4542.0,1280591.4882521,201292.115586162,3.0,140822.36556192223,11.855254556411808
4543.0,1264507.04733963,233061.1343707,4.0,373700.7982813121,12.831210751626799
4544.0,1264512.13002764,233243.455906883,2.0,8513.090608940824,9.049360329424363
4545.0,1258827.75197382,247449.261809438,4.0,372803.131459068,12.82880576159485
4546.0,1258834.13187782,247752.246065736,4.0,276200.91960866214,12.528883849454546
4547.0,1263867.08177099,249656.183859691,4.0,342485.4331525686,12.743984404838546
4548.0,1263880.17066699,250321.199924365,3.0,42044.05494189324,10.646473274713708
4549.0,1266394.99204557,266178.524548605,4.0,1826740.2286894452,14.41804364062558
4550.0,1256419.81123535,190673.309367299,4.0,455107.8249247336,13.028289647714828
4551.0,1256429.52541137,189937.329910532,4.0,381332.4393490104,12.851426817886539
4552.0,1280867.9654364,228970.289246514,3.0,1667127.7801571158,14.326612811558975
4553.0,1281203.84562874,228962.370590508,4.0,640878.9497818378,13.370595872175008
4554.0,1270378.02283365,193643.363514334,1.0,0.0,
4555.0,1270479.68369776,193633.374010324,3.0,58154.25169306476,10.97085427123381
4556.0,1262919.17911401,233730.451299384,4.0,282158.8627863961,12.550225534516201
4557.0,1276389.01439181,231264.806304857,1.0,0.0,
4558.0,1276533.21554396,228772.733214304,4.0,60278.717321668286,11.00673437384231
4559.0,1261819.36637689,233122.180514753,3.0,1177642.6311229467,13.979025228002355
4560.0,1261780.02948084,233589.45091523204,6.0,2319609.966752935,14.656909611730208
4561.0,1253514.03094438,245956.713583902,3.0,458825.5467456496,13.036425344347277
4562.0,1258127.51907711,252378.591158479,4.0,53769.32596211095,10.892458434149757
4563.0,1257863.58160484,252383.337526485,4.0,54271.90203198258,10.901761914019907
4564.0,1270909.5962102,241840.369771689,4.0,688696.4651811314,13.442555908923612
4565.0,1271203.2596985,241832.081451684,4.0,716160.2433824273,13.481659224509233
4566.0,1278158.40556161,231216.887072816,4.0,177768.10083061364,12.088235175564472
4567.0,1274938.90539832,205394.094598368,4.0,718050.8430518459,13.484295657573231
4568.0,1274918.52523831,204593.03942954505,3.0,737421.0866388356,13.510914360303397
4569.0,1274136.02680551,248480.155698493,4.0,275817.7897118213,12.527495744479511
4570.0,1274808.56152619,248459.931058466,3.0,53594.54447849937,10.889202559761193
4571.0,1282336.6317419,204169.062277108,4.0,466158.6482824925,13.052281302127005
4572.0,1277855.05279331,253713.838519841,3.0,24035.554089200392,10.087289433492765
4573.0,1276484.4935599,217367.671378627,4.0,173222.90633032846,12.06233452000504
4574.0,1276806.42008823,217359.872850627,4.0,416056.5271478886,12.938576412579241
4575.0,1270648.39825793,213115.000078276,3.0,32261.225261947617,10.381621331799472
4576.0,1270757.16216204,212143.291405275,3.0,275430.05562141945,12.526088993749775
4577.0,1262352.00669743,253671.373367801,4.0,1097957.0332467477,13.90896176845238
4579.0,1279847.82437935,261836.898368165,3.0,242674.16890173472,12.399474953836682
4580.0,1280272.49580379,261825.524032146,4.0,337042.12893763784,12.727963213205575
4581.0,1258943.96106194,253711.185591847,4.0,187573.45811446928,12.141925824278688
4582.0,1258678.56886967,253713.374903843,3.0,174765.58062292892,12.071200815623325
4583.0,1258573.47261356,257169.544187382,4.0,480737.5840658904,13.08307683694153
4584.0,1258312.00688529,257089.741819307,4.0,464882.0920130246,13.049539086852922
4585.0,1263969.61898708,250319.59134836504,3.0,21290.13611136301,9.96599915107343
4586.0,1263984.3433391,250969.441781029,4.0,57040.87022514314,10.951523311373327
4587.0,1268910.38891214,255001.978297159,3.0,1838857.3807762407,14.424654947983255
4588.0,1268914.44369616,255265.76652143904,3.0,1866999.203491365,14.439842995898898
4589.0,1252829.92111968,236569.075238287,2.0,156238.48446369806,11.95913886545038
4590.0,1253110.59113596,236861.272166595,3.0,1105585.1176177757,13.915885270994828
4591.0,1267443.30686265,277432.560720131,3.0,123043.13546943036,11.720290267748899
4592.0,1267444.84267065,278094.650320813,3.0,228705.8902702163,12.340192135123965
4593.0,1260290.75063132,283712.748310566,2.0,2.0,0.6931471805599453
4594.0,1260109.25891913,283717.947094575,2.0,23293.999999999996,10.055951095662596
4595.0,1285142.07724877,199895.146944731,1.0,0.0,
4596.0,1285393.63846503,199892.751616731,4.0,552778.4094373636,13.222712493938717
4597.0,1270309.37726559,241857.162091702,4.0,569503.5553865054,13.252520304846383
4598.0,1270616.0187379,241848.987563699,4.0,647377.9467287892,13.380685555527053
4599.0,1275949.88075936,261957.520512283,4.0,2149467.011881807,14.58073046792088
4600.0,1266329.03550151,242300.672684163,3.0,526167.7713331649,13.173375397771064
4601.0,1277442.68716088,217041.366546288,4.0,162793.6958735373,12.000239008665297
4602.0,1277598.61893705,217037.752402291,4.0,857248.7933233652,13.66148346271072
4603.0,1279242.47161072,252111.70655021103,3.0,24998.32110292619,10.126563945712329
4604.0,1279243.34789872,252595.738678709,4.0,558660.7646762227,13.233297706878217
4605.0,1263845.83050697,237043.142182782,5.0,302444.0479761295,12.619651573976663
4606.0,1257356.89104432,256422.580154613,2.0,67768.64655758766,11.123854926816488
4607.0,1276520.98917595,269218.806535721,3.0,15421.258824812612,9.64350227963566
4608.0,1276772.8659762,269210.63098371,3.0,32476.77788816466,10.38828058640408
4610.0,1282377.11231793,206858.31149587,4.0,1646905.9397417472,14.314408897475353
4611.0,1253502.97353637,214632.894671828,3.0,196884.24370483143,12.190371239611341
4612.0,1253077.10300793,214649.767695844,4.0,1675917.290195394,14.331871209281017
4613.0,1286663.46694633,188882.798517466,3.0,1904562.6352626916,14.459762952395014
4614.0,1286654.16608232,188558.963253126,3.0,1993514.8173309213,14.505409878598057
4615.0,1255073.88118598,194319.408379033,3.0,312266.57829121326,12.651612519584727
4616.0,1254822.55785772,193483.836922169,4.0,156698.92214552034,11.962081549861747
4618.0,1279878.84537138,214385.354511574,4.0,232027.64638819167,12.35461180901515
4619.0,1279865.50681137,213661.064590827,3.0,94530.92625891414,11.456682321942399
4622.0,1277176.89074461,178150.626090467,3.0,70891.9923499927,11.168912763264297
4623.0,1277168.8048566,177895.265066206,3.0,156909.13630575678,11.963422167145362
4627.0,1278319.74284178,178428.89297075602,3.0,216263.60675605744,12.28425334422995
4628.0,1278802.23692228,178426.80599474898,3.0,381207.3075233518,12.851098620366882
4629.0,1267717.21975893,233366.760099009,4.0,1925262.442268478,14.470572850057398
4631.0,1272311.95397162,262732.860481083,2.0,1235870.8574654954,14.027286427289695
4632.0,1272712.22776404,263709.092098087,3.0,1280343.598573801,14.062639036258982
4633.0,1279885.78892338,224536.139993966,4.0,1324817.729089695,14.096785444988635
4634.0,1275784.70559119,203673.062596604,4.0,1576835.9968622825,14.27093086362037
4635.0,1276084.6659115,203665.4730286,4.0,1471345.7618774057,14.201688024225122
4636.0,1271494.1232508,249320.449011341,4.0,104421.32968726194,11.556189240912023
4637.0,1272156.63672347,249296.823411331,4.0,106674.0259701453,11.577532977197972
4638.0,1269581.76683283,247272.126001254,4.0,1571301.3957136867,14.267414748431941
4639.0,1270097.50468937,247261.723761246,4.0,988225.2673249918,13.803665954106565
4640.0,1273528.32786088,240661.955178484,2.0,4.166666666666667,1.4271163556401458
4641.0,1273700.47582905,240567.755882382,3.0,85432.35111957991,11.355480126773406
4642.0,1255777.5963227,194850.230843574,4.0,62191.4236883976,11.03797238639737
4643.0,1255156.57949007,194875.180283591,3.0,47381.353865128425,10.76598405191678
4644.0,1273600.90648495,236832.250854567,4.0,98167.37070328684,11.494429165230072
4645.0,1273918.63282128,236827.495974556,4.0,211741.2223658076,12.2631201588372
4646.0,1256747.01136369,242193.483244047,4.0,2189100.240365043,14.599001168222665
4647.0,1256637.59357157,242431.848236293,2.0,22761.557599647072,10.032828321735508
4648.0,1271004.33093029,212860.246350005,2.0,4111.565270555213,8.32155907940478
4649.0,1271234.14577852,212855.737806007,4.0,171469.23493755082,12.05215914137692
4650.0,1255539.62205045,249922.351027966,4.0,2534281.902878944,14.745420881851981
4651.0,1275535.44197494,261440.90246376404,3.0,44942.74233195415,10.713144565950405
4652.0,1266635.43742181,235878.889253587,4.0,499657.9712593141,13.121679085848886
4653.0,1264498.84164363,251610.471989691,4.0,62329.6852074616,11.040193079372392
4654.0,1264248.86673138,251615.101877704,4.0,732489.2577528753,13.504203954582037
4655.0,1269784.48235305,244062.766573966,3.0,120761.08375380082,11.701569358224036
4656.0,1270078.75697735,244054.707245961,4.0,182855.6492979536,12.116452318905313
4657.0,1280339.33522785,267114.335301563,4.0,567918.4584863305,13.24973312839477
4658.0,1265634.8692288,258256.258876503,4.0,242179.0085557117,12.397432436467753
4659.0,1265965.93418913,258248.373052493,4.0,409144.8091261078,12.921824428904761
4660.0,1269375.38404863,177864.263146177,4.0,265757.4267629252,12.490339242240513
4661.0,1269042.72036828,177867.486890182,3.0,34347.039564950246,10.44427110950992
4662.0,1284504.79116812,170657.361890793,1.0,0.0,
4663.0,1284899.68800052,170651.143714786,3.0,678241.3201719364,13.427258433051803
4664.0,1284487.1324161,235677.935589373,3.0,23615.076295845767,10.069640613146332
4665.0,1273284.74104463,226326.386075795,4.0,477016.63696864905,13.075306647603226
4666.0,1273129.06258047,226589.96034807,4.0,262065.9347560006,12.476351410456374
4667.0,1255891.39497882,218426.63809971503,5.0,370438.4535613416,12.822442592675939
4668.0,1255722.19453064,218432.789011717,2.0,29731.93954133841,10.299977152388873
4669.0,1264185.97777131,197733.010174528,4.0,422124.9654178634,12.953056675763941
4670.0,1265839.69169301,234345.619364008,3.0,772764.3571352267,13.557729439097379
4671.0,1266162.86327733,234338.44349201,3.0,1033572.5670382312,13.84853187048007
4672.0,1280304.87436381,219409.114772722,3.0,36961.175376109895,10.517623326551645
4673.0,1280366.38111588,219406.739476711,4.0,125082.54420782533,11.736729152009499
4674.0,1275471.35615087,215440.780560657,4.0,162472.82730497257,11.998266050184894
4675.0,1275456.41848685,214879.888592079,4.0,122107.7496133937,11.712659127481864
4676.0,1256937.60937989,194689.065467402,3.0,1173.0414351832433,7.067355172141481
4677.0,1272399.30974773,227981.098973498,4.0,739536.062794912,13.513778326400892
4678.0,1256871.34774782,248344.100530341,4.0,299514.6092202484,12.609918474046658
4679.0,1257916.21437289,210489.42100358,4.0,2316653.694777603,14.655634329480614
4681.0,1274857.33080624,236340.431334049,3.0,320887.87717013014,12.678847048790496
4682.0,1274869.46392626,236813.268326536,3.0,34226.89338738828,10.440766970390907
4683.0,1282701.02342227,269028.282631531,3.0,62000.80749739981,11.034902688094025
4684.0,1282701.65139027,269693.63988021,3.0,97128.25592424962,11.48378761013766
4685.0,1288721.35322043,248420.071538419,4.0,20658.850082922178,9.935899082021129
4686.0,1288746.57466047,248684.583474696,3.0,216119.62391656544,12.283587347796232
4687.0,1284884.04300851,262908.171841264,3.0,227097.96656048525,12.333136774114704
4688.0,1284819.23148844,263172.989185527,1.0,0.0,
4689.0,1277847.2877373,251295.883061364,4.0,387489.3042496819,12.867443525458294
4690.0,1277848.2880573,251627.279669717,1.0,0.0,
4691.0,1266618.32689381,235258.695972949,4.0,98443.02798260006,11.497233263708884
4692.0,1266729.19313392,235256.246820942,1.0,0.0,
4693.0,1287127.0992028,251501.217589587,3.0,441168.64987451694,12.997182507342103
4694.0,1271481.78174677,241258.751211092,3.0,111677.61335714343,11.623371547398433
4697.0,1284370.79795198,189266.367989853,2.0,469186.0973336539,13.058754764746277
4698.0,1284366.85868798,189042.312629625,4.0,601962.2089721911,13.307949946526772
4699.0,1264186.74813931,279638.162322387,1.0,0.0,
4700.0,1263970.35876308,279642.945426404,3.0,299799.8695061294,12.61087042938079
4701.0,1270218.83972949,283695.318870544,3.0,47920.08888888888,10.777290087731034
4702.0,1270406.15364967,283692.789014548,3.0,7832.170027089807,8.965994893255832
4703.0,1273954.26136531,180051.759468421,1.0,0.0,
4704.0,1273950.80139731,179765.553324118,4.0,79170.20434320037,11.27935529923074
4705.0,1274581.14987795,179098.971627444,4.0,827343.1742792573,13.625974850785344
4706.0,1274567.69944595,178467.425642788,2.0,271100.7497065406,12.510245800907281
4711.0,1289174.9235249,191683.052472323,2.0,268617.96778844594,12.501045455057508
4712.0,1289249.89382897,191741.214392379,3.0,639988.0023388256,13.369204708814555
4713.0,1296910.58657283,184563.148401037,4.0,388754.74869155686,12.870703957684723
4714.0,1297204.44129312,184552.353777021,1.0,0.0,
4715.0,1296257.74401215,184597.107953072,4.0,146928.49737931683,11.897701335038393
4716.0,1277301.63493674,232791.621154428,4.0,933166.657127898,13.74633908888104
4717.0,1280374.13106789,278557.231377289,1.0,0.0,
4718.0,1284592.9287682,205854.32301484,4.0,189942.5808043292,12.154477099176095
4719.0,1285032.88851266,205842.058886826,3.0,32556.90075376521,10.39074462989086
4720.0,1288465.52141218,186999.34859553,3.0,189324.28631610237,12.151216624351797
4721.0,1288459.18707617,186745.918323278,3.0,139768.0,11.84773918415428
4722.0,1277150.99384859,212868.630798027,4.0,78022.86570034677,11.264757212716107
4723.0,1275269.40178266,251104.658357173,4.0,684219.9253130717,13.436034673161046
4724.0,1276182.96658359,251063.78373313,3.0,540400.5073846851,13.200065823973523
4725.0,1269524.64030477,268924.113223419,1.0,0.0,
4726.0,1269725.75281699,268920.053831413,3.0,325131.7688730369,12.691985821828466
4727.0,1265451.92900461,237598.087911338,4.0,873694.7862895542,13.680486378876317
4728.0,1265453.96804461,237835.554279581,4.0,1532654.3579976314,14.242511664720368
4731.0,1286752.33523442,247145.900849119,5.0,820187.508914379,13.617288262507351
4732.0,1287445.30957113,247129.235825107,3.0,147056.546823577,11.898572464062696
4733.0,1280979.10726051,251900.135733992,3.0,63400.12055116999,11.057221041861522
4734.0,1281247.10930878,251895.137077987,4.0,54603.5943759936,10.907854990628381
4735.0,1270393.83185767,198705.734911516,3.0,522157.4969717458,13.16572453969363
4736.0,1279838.61612333,253577.196727708,1.0,0.0,
4737.0,1259177.50122218,251701.581045792,3.0,63188.553034223216,11.053878440854005
4738.0,1259180.27779819,251861.526581943,3.0,24193.66713820205,10.093846189394318
4739.0,1280437.88159595,254622.401656777,3.0,25801.66948185117,10.15819447741508
4740.0,1281330.69510086,254232.69868037096,3.0,4022.241101601298,8.299594514234906
4741.0,1254586.11344148,252308.943350405,4.0,81100.7292107527,11.303447231564347
4742.0,1254590.38544148,252568.997622669,4.0,114474.73352657411,11.648109409735508
4743.0,1274521.8081819,216181.610065416,4.0,813634.3434317709,13.609266334516565
4744.0,1274843.72056623,216174.04776141,4.0,529662.3934407871,13.179995089053794
4745.0,1276654.12146407,237044.475814775,4.0,884775.9385610318,13.693089715168222
4746.0,1264343.67991547,269542.88884005,3.0,1236604.755111172,14.02788008140988
4747.0,1264113.74858724,269548.641160056,3.0,1144271.9847507337,13.950279171572072
4748.0,1262177.58122525,249026.469619051,4.0,237595.6028799578,12.378325359901897
4749.0,1262166.23543324,249292.885043323,4.0,108705.1372116284,11.596394332449124
4750.0,1282763.45439833,234850.544868529,4.0,1443651.768133799,14.182686411549613
4751.0,1282338.8279659,204714.073989674,4.0,1191171.4092906194,13.990447758460988
4752.0,1282337.7285739,204441.568581387,4.0,654210.587756687,13.391184578236544
4753.0,1286131.95129779,205422.209350392,4.0,619292.1829663219,13.336332464476591
4754.0,1286107.52249776,205143.760134116,5.0,979097.8575021186,13.79438687310784
4755.0,1269994.83819325,223668.036377072,4.0,321203.7439124241,12.679830917003077
4756.0,1258520.43760552,197627.21907042,4.0,252163.6151821001,12.437833422406827
4757.0,1258514.1062775,197358.466622144,4.0,118755.20222473147,11.684819529145601
4758.0,1267431.54148664,193016.371001691,4.0,258437.4603633149,12.46240901082965
4759.0,1267421.00900662,192349.965497017,3.0,915017.3311213874,13.726698285194548
4760.0,1258849.06979784,195740.348156482,4.0,1997966.8902996047,14.507640666631708
4761.0,1275632.75378303,263955.707458332,4.0,393524.4199416102,12.882898403215481
4762.0,1281336.00486088,263108.437825471,4.0,96256.23533678794,11.474769032771595
4763.0,1264712.21885985,240332.334122136,4.0,882451.8835000782,13.690459543357072
4764.0,1271243.85208254,256887.023419097,1.0,0.0,
4765.0,1278176.40056963,249963.205556005,4.0,111353.14322525923,11.620461900623512
4766.0,1271854.23870715,244004.049197897,4.0,116792.18393644544,11.66815142878478
4769.0,1256806.06832375,240428.31095424303,3.0,619922.5710710603,13.33734986385319
4770.0,1256819.44067577,241094.339434922,4.0,219437.37904288093,12.298822181696194
4771.0,1271830.59729914,196545.011581302,1.0,0.0,
4772.0,1260090.94135112,188150.055924714,3.0,326071.99999999994,12.694873494858815
4773.0,1260081.86032711,187866.476724416,3.0,232928.0,12.358484671917985
4774.0,1281678.67046122,245090.509935021,4.0,684886.1325180961,13.437007873526051
4775.0,1263787.5865389,211047.790284157,4.0,188487.88204351315,12.146788997562444
4776.0,1263778.12983489,210415.147531509,4.0,94752.42829923368,11.459022751104223
4777.0,1283054.03257462,206968.19776797303,3.0,1176019.3759848212,13.977645883482548
4778.0,1283366.76063895,206967.374279976,4.0,2623698.564647627,14.78009554616975
4779.0,1263889.75786701,234024.177443683,4.0,128281.46328611324,11.761982060712045
4780.0,1263899.93309902,234387.803684056,3.0,76175.54115691232,11.240795707956176
4781.0,1266309.95447749,234955.378340632,4.0,148823.89907705568,11.910519000561377
4782.0,1277405.26764084,225256.145434707,4.0,255113.29478171712,12.449463018733171
4783.0,1277413.78232886,225624.489499077,4.0,393486.4733937117,12.882801971137479
4784.0,1260016.73053505,254366.18789652,4.0,480516.9497631423,13.082617782031809
4786.0,1261687.17303275,258360.81113261,4.0,1463510.3109005664,14.196348430460333
4787.0,1251210.81571002,237959.942823708,4.0,140257.04446085307,11.851232050008434
4788.0,1250971.93954977,238246.143400013,4.0,78680.15607136738,11.273146256122882
4789.0,1268694.79915193,271436.161673993,3.0,62002.36932131164,11.034927878156925
4790.0,1293218.01882504,187820.638260365,3.0,28141.481348985984,10.24499997139321
4791.0,1292859.67143267,187666.28459622,4.0,67221.14337999525,11.115743110655341
4792.0,1280763.56735629,178785.297387123,3.0,305159.1610270273,12.628588758911578
4793.0,1273242.83205259,273445.133708045,1.0,0.0,
4794.0,1273741.46360509,273427.91194804,3.0,51701.138053163646,10.853235072887973
4795.0,1277403.19967285,277806.856912524,4.0,424017.5733295851,12.957530179887252
4796.0,1268146.68868737,285199.296216086,1.0,0.0,
4797.0,1268150.21163137,285382.589144275,3.0,317064.68287967186,12.6668610789837
4798.0,1281042.05433257,271064.479625612,4.0,2436456.84787187,14.706055430405751
4799.0,1281057.44306859,271716.715850279,3.0,306240.5485350541,12.632126178438481
4800.0,1280359.33977187,220728.981270075,4.0,230315.3344540457,12.347204668281849
4801.0,1280659.13804418,220717.91464605895,5.0,99686.99845774204,11.509790540803737
4802.0,1271497.4284028,241823.803883672,4.0,62264.972335639264,11.03915430485481
4803.0,1259094.3085181,191557.414904192,3.0,33114.93688585747,10.407739725009291
4804.0,1284091.30969569,244306.572846219,1.0,0.0,
4805.0,1279165.93177065,255228.452921391,1.0,0.0,
4806.0,1279531.00645903,255217.650105387,3.0,132720.61929137632,11.79600159100305
4807.0,1260990.57834403,250116.136692166,4.0,1860335.002781576,14.436267138494054
4808.0,1260340.57571937,250131.267892182,4.0,2832619.87517698,14.85671259232222
4809.0,1284434.09574404,202510.834947407,3.0,914052.4713873732,13.725643257308583
4810.0,1284704.20838432,202509.323779419,4.0,905035.914401138,13.715729906315804
4811.0,1271444.31531474,222460.464983836,6.0,420158.1586583936,12.948386487609799
4812.0,1271765.40453108,222453.518167838,4.0,168145.0771916627,12.032582440448824
4813.0,1260208.17962323,187632.683252186,2.0,46591.99999999999,10.749184131556358
4814.0,1260074.39216711,187636.506100178,3.0,139768.0,11.84773918415428
4815.0,1285798.00249743,244530.19217445,3.0,289569.0973375489,12.576149225711411
4816.0,1282082.37273364,225607.544347063,4.0,174827.98991607063,12.071557854762851
4818.0,1288107.39091581,252384.594742492,3.0,265795.39073274785,12.490482084000117
4819.0,1260491.89360753,196498.28198126,4.0,1148203.6374504946,13.95370922466963
4820.0,1256910.52483585,218847.037140146,4.0,38052.254121419006,10.54671560257113
4821.0,1279235.22521073,202018.77158691,4.0,748331.4778184781,13.525601310957434
4822.0,1279223.10911471,201374.585922256,4.0,404207.29296239937,12.909683126743857
4823.0,1269083.27377632,270765.043209299,4.0,326994.3783106243,12.697698258020981
4824.0,1272400.94757172,227167.564828664,4.0,83242.88054351979,11.329517885188974
4825.0,1257515.52131648,217377.736978635,4.0,1132651.593489881,13.940071984767433
4826.0,1257493.21558845,216878.553554133,4.0,1015761.5341395112,13.831149169079138
4827.0,1259827.66826285,196511.980797276,4.0,694188.1491660323,13.45049831105413
4828.0,1262971.87229806,244118.638830021,4.0,82664.7430520778,11.322548466676952
4829.0,1262972.42410606,244246.971950158,3.0,98947.1015713681,11.502340658750946
4830.0,1269652.35627291,262130.463040471,3.0,68836.63686306894,11.139491394731552
4831.0,1261603.53476067,239070.401896849,4.0,116876.15599043184,11.668870157369298
4832.0,1261534.9971606,239071.586600855,3.0,123709.06154345836,11.725687809888878
4833.0,1271929.42520323,177057.70640935,3.0,131722.14591037156,11.788450027811981
4834.0,1262097.54167317,286403.428633317,4.0,539625.9871298603,13.198631562144705
4835.0,1261536.24093659,286376.663257286,3.0,106894.77453987813,11.579600214058592
4836.0,1275004.70744638,176467.20560874,3.0,433997.3819262277,12.9807937806363
4837.0,1275549.93733494,177103.554025397,2.0,342016.0527030216,12.742612952671335
4838.0,1263179.29738627,232044.099041656,3.0,52837.884340903496,10.874983718866163
4839.0,1262857.40330595,232052.431393668,1.0,0.0,
4841.0,1265764.20593293,266856.176709309,4.0,906237.3642162908,13.71705654212007
4842.0,1282918.28447849,200903.736129776,3.0,46406.54375379333,10.745195757447247
4843.0,1263056.55748215,261412.529471725,3.0,186350.0,12.135381904907405
4844.0,1262851.61034594,261417.644607738,1.0,0.0,
4845.0,1266654.14935784,241778.676971629,4.0,152666.9232942608,11.936013855393574
4848.0,1280029.57074754,217494.338770762,3.0,31839.104466672645,10.368450513516061
4849.0,1280182.35129169,217489.12981075,3.0,85612.10705686279,11.357581989708654
4850.0,1283818.41785541,249196.70513922,4.0,472281.820702214,13.065331164146617
4851.0,1284149.17535976,249190.499443218,4.0,327902.6893674403,12.700472164590629
4852.0,1250797.5563816,214745.89607994296,3.0,172571.9613037975,12.058569595442135
4856.0,1255991.12080292,212558.46836569897,3.0,263970.4338008023,12.48359238267797
4857.0,1255977.24816291,211898.549773023,4.0,537488.6701730174,13.19466296001392
4858.0,1269203.39294446,243652.645677537,4.0,107699.52585401614,11.587100460665116
4859.0,1262225.5896093,237957.181351706,4.0,243863.1114215942,12.40436232808147
4860.0,1262239.87306532,238357.722216114,3.0,245038.421239292,12.40917029861654
4861.0,1277541.55672899,207676.258632705,3.0,522542.80846292287,13.166462189537597
4862.0,1273832.47781318,207042.621448055,3.0,18448.71687695404,9.82275010108569
4863.0,1273765.87954111,206764.72013576297,3.0,22073.49339307898,10.002132773678914
4864.0,1285736.97209738,206222.826503217,3.0,1985.7626474152075,7.59375832458031
4866.0,1265453.56318061,282116.878164932,3.0,1084678.4724030637,13.896794162240658
4867.0,1275720.94648713,279941.256530702,3.0,356920.62579267484,12.785268699326108
4868.0,1275732.31787914,280539.544659317,4.0,554902.4392871462,13.22654759220836
4869.0,1270423.53777769,276055.278414726,4.0,234061.0446148802,12.363337234740587
4870.0,1254816.98403372,246076.39249602,3.0,93182.0,11.442309848973883
4871.0,1254667.06864156,246184.73707214,3.0,186350.0,12.135381904907405
4872.0,1280492.90412401,248595.682738602,3.0,9306.637860609884,9.138483172996734
4873.0,1257279.91414824,219776.689173087,4.0,257006.40925620735,12.456856302306498
4874.0,1264017.34852314,244100.246830001,4.0,170345.6385866065,12.045584820099817
4875.0,1263752.12925887,244104.853422001,4.0,152330.7460199705,11.933809396512377
4876.0,1256374.98518731,204621.367813572,4.0,783945.7622659707,13.572095116156243
4877.0,1275782.04152718,224618.600410059,4.0,661526.1920633778,13.402304856709263
4878.0,1276103.93816751,224610.379674047,4.0,617064.6317592158,13.332729049037138
4879.0,1270635.93995391,205734.606022716,4.0,84552.6779815524,11.345130027172889
4880.0,1270975.85003427,205725.178886712,4.0,145870.51224673563,11.890474604740204
4885.0,1275412.5337508,231589.616033196,3.0,48989.990296346085,10.799371276558425
4886.0,1275660.27896705,231581.655073181,4.0,50652.59083022759,10.832745660001947
4887.0,1263657.03594677,257644.358203873,4.0,130608.38976087033,11.779958733890334
4888.0,1274501.95288587,225097.759898543,3.0,17894.361719895038,9.792240954494435
4889.0,1261008.15671206,257538.307899758,4.0,829931.4251265557,13.629098356030083
4890.0,1279590.18053909,222894.360088289,3.0,776898.3894898482,13.56306484794093
4891.0,1279605.08569109,223587.21570499204,3.0,738233.5251462103,13.51201548326669
4892.0,1282251.80089381,199272.739392102,3.0,183241.8820193631,12.118562318736862
4893.0,1282252.56530981,198958.090367779,4.0,208005.56023865304,12.245320090242766
4894.0,1278293.33868176,221611.070678979,2.0,1401.9829767900922,7.245642925431014
4895.0,1278289.20056975,221538.237526894,3.0,45980.52957057279,10.735973315662173
4896.0,1257543.1577325,195391.871484131,2.0,89025.69128975885,11.396680273235278
4897.0,1279626.76217112,170783.731362924,2.0,61511.8826715924,11.02698564930339
4898.0,1280329.71909983,170765.284578905,3.0,1068907.0694171393,13.882147253971235
4899.0,1263195.3675303,232670.009186298,4.0,810510.365688681,13.605419409328006
4900.0,1263196.92989829,232772.858402401,3.0,381675.5392682591,12.852326153023233
4901.0,1258309.67946129,202092.907650992,4.0,2167995.357822426,14.589313500313564
4902.0,1258160.28086914,202162.037699059,2.0,2248.084753080003,7.71783391185094
4903.0,1265593.28401275,177747.839530051,1.0,0.0,
4904.0,1265617.65470077,177575.056361884,4.0,1070018.0818255383,13.883186105197677
4905.0,1274401.64830977,277918.040400624,4.0,1315993.824815952,14.090102698467296
4906.0,1274403.35890177,278914.686417654,4.0,360697.4889573837,12.79579490528543
4907.0,1280095.7687636,279972.863058731,3.0,892509.325664895,13.701792241505593
4908.0,1279819.91865131,280687.333459467,3.0,206696.77306383205,12.239008133858746
4909.0,1269589.38001685,190436.845303044,4.0,719618.7521046456,13.486476839786029
4910.0,1269902.70520116,190428.911927044,3.0,345085.38470004254,12.751547157276613
4911.0,1269793.01412906,283359.472470209,3.0,269601.3612547871,12.504699707172183
4912.0,1270403.77080168,283352.162454203,4.0,84817.98178439814,11.348262848645028
4913.0,1256714.04125166,203947.062724888,4.0,421817.2191079612,12.952327369114302
4914.0,1256348.56464328,203961.794308901,4.0,421585.48150099465,12.951777838948864
4915.0,1273384.55486873,202576.088771477,4.0,503720.9201201089,13.129777663768056
4916.0,1281956.9560295,218156.306899428,3.0,67756.01067161757,11.123668453206962
4917.0,1282018.50969358,218151.000147432,1.0,0.0,
4918.0,1281866.42470141,212193.795853332,4.0,26193.94479397949,10.173283548304456
4919.0,1282083.18738964,212187.280781329,4.0,16710.830370288895,9.723812313370276
4920.0,1267526.49867073,235859.415845558,4.0,194902.42281786544,12.180254316500303
4921.0,1267651.34910285,235702.213413402,3.0,93182.0,11.442309848973883
4922.0,1278208.38578567,256250.847546443,3.0,306244.3353691056,12.632138543916065
4923.0,1278557.49855402,256240.67205843297,3.0,356279.1752241392,12.78346990257776
4924.0,1270935.11685023,242735.971372604,4.0,270394.118511693,12.507635871848164
4925.0,1270946.99870624,243146.004333019,4.0,157705.02398776563,11.968481630324247
4926.0,1280033.88537154,251254.923765332,3.0,194328.1072816449,12.17730328409869
4927.0,1280177.89919569,251252.348021328,3.0,367245.5543205294,12.813785988640946
4928.0,1254956.78102586,245970.483247921,1.0,0.0,
4929.0,1283772.56915137,208254.205001295,1.0,0.0,
4930.0,1284313.25311992,208244.209609285,4.0,720972.756401633,13.488356629702466
4931.0,1285552.94816118,208228.351369262,4.0,150180.64606148266,11.919594155558876
4932.0,1285863.09254551,208224.383881271,4.0,62315.6330540466,11.039967605144069
4933.0,1255870.7516508,255800.38879399,3.0,1529356.6417973633,14.24035770937829
4934.0,1255850.92656277,256004.565562189,1.0,0.0,
4935.0,1274250.82347761,203412.111684337,4.0,103223.32547731878,11.544650128557503
4936.0,1262459.96944955,234856.094052538,4.0,62623.13992939305,11.044890136219802
4938.0,1269250.00043249,209042.927498102,4.0,391638.972856278,12.878095706791393
4939.0,1269561.30526482,208703.76576975,3.0,131293.388986873,11.785189708580559
4940.0,1277681.68178514,245338.756143272,4.0,259395.02999687105,12.466107391069796
4941.0,1277669.75429712,246009.70167996,4.0,104666.55592152652,11.558534918147133
4942.0,1252344.00246318,240888.817898721,4.0,138862.32323135997,11.841238240913095
4943.0,1252347.81507118,241064.367082894,1.0,0.0,
4944.0,1273284.52062863,179118.479147464,4.0,737043.0373723628,13.510401564815735
4945.0,1273931.9192213,179108.836459458,3.0,620556.6752933278,13.3383722175594
4948.0,1291555.95450334,188158.297396719,3.0,21984.166523252054,9.998077769741025
4949.0,1279864.72268337,223581.501784995,4.0,1446990.38171752,14.184996358540749
4950.0,1283848.48371145,194575.954171285,4.0,1503184.814969469,14.223096625227194
4951.0,1284029.35180762,194572.329467282,3.0,534426.396999485,13.18894929556752
4952.0,1252239.37308708,215327.958608538,3.0,51544.90678681215,10.85020868314418
4953.0,1260795.27984783,195174.0271319,4.0,1207052.5370280363,14.00369202608189
4954.0,1260462.9176075,195179.385659903,4.0,1447290.9322567575,14.185204044323651
4955.0,1272508.82200383,230868.075104445,4.0,193080.6640319407,12.170863328922962
4956.0,1264523.45809166,271186.390793741,3.0,1039148.9267141784,13.853912596396931
4957.0,1269381.74891263,245423.36657536,4.0,104356.7551734698,11.555570646140504
4958.0,1252588.49507144,209137.604170203,2.0,1144.3579266246843,7.042598995928891
4959.0,1252445.52028729,209101.84436217,4.0,65033.834385251896,11.082662942453421
4960.0,1265521.25297268,241319.970539153,4.0,2097218.816317407,14.556122651754231
4961.0,1266300.14647748,241059.323754892,4.0,791019.3020777287,13.581077648573086
4962.0,1281698.36793324,267116.363845572,3.0,207462.1193930689,12.24270404484547
4963.0,1282248.37407781,267105.638469562,4.0,718847.0909214934,13.485403944992015
4964.0,1274419.72600579,210434.692107528,4.0,756844.5765936256,13.536913196403823
4965.0,1255954.02768289,199769.17209661,2.0,24843.280269641167,10.120342583272484
4966.0,1255700.38973062,199775.17536062,3.0,13019.818609558648,9.47422798398799
4968.0,1254758.46019365,242502.70442836,4.0,126959.8610621568,11.751626260856252
4969.0,1254772.77481768,243162.505901039,4.0,62559.93631193917,11.043880357187012
4970.0,1263122.68433022,172655.060964838,3.0,160207.44300833935,11.984224773263342
4972.0,1281536.39519708,211226.977932334,4.0,590582.9233042451,13.28886533372603
4973.0,1289352.46253309,186638.440499157,1.0,0.0,
4974.0,1290057.3610938,186671.844979197,3.0,272712.14164007426,12.516172091641844
4975.0,1274227.72344559,256033.019898221,4.0,101707.08001625864,11.529852196292566
4976.0,1274894.07019827,256014.666234195,4.0,177092.09421642384,12.084425182551053
4977.0,1282377.28684594,233100.677602738,3.0,94670.0745858464,11.458153226973545
4978.0,1271640.73649894,262893.522561252,3.0,89399.90538178664,11.400874902791768
4979.0,1271943.46027525,262884.932993233,1.0,0.0,
4980.0,1279832.80082734,200877.203713745,4.0,119592.1930676538,11.691842843014074
4981.0,1280400.1287639102,200866.10694572303,6.0,352976.9243426586,12.774157963644601
4983.0,1259187.86672619,197849.629374638,4.0,402684.4248975459,12.905908469403094
4984.0,1262669.28855376,257667.392955899,4.0,173976.28403504245,12.06667427025798
4985.0,1262337.88765742,257674.228859901,4.0,1131342.51272408,13.938915549856143
4986.0,1280910.82719643,259161.841725424,3.0,133218.13957846657,11.79974321083788
4987.0,1281580.69266912,259145.436221406,4.0,287276.7231365062,12.568201222320381
4988.0,1256971.28451592,238592.099368364,4.0,198361.18557932813,12.19784481749249
4989.0,1256643.33699559,238598.055080369,4.0,212417.07392713687,12.266306950840145
4991.0,1274195.66738155,251131.14354120204,3.0,1200658.8054402603,13.998380968643925
4992.0,1274849.84159023,251108.876853183,4.0,871064.5526612664,13.677471366361942
4993.0,1277097.18258452,215137.139728338,3.0,90740.95565002265,11.415764084901781
4994.0,1277102.81381653,215040.31809625,3.0,40514.00715368384,10.609403048946866
4995.0,1265585.53566074,254809.880568966,4.0,174688.40715154502,12.070759135314393
4996.0,1266815.67262201,248968.779442981,3.0,7243.346184594776,8.887838558800043
4997.0,1267147.23268634,248960.608178973,4.0,159537.65149771102,11.980035232896142
4998.0,1280433.84716395,222588.462103978,4.0,239359.1081903352,12.385720247952214
4999.0,1285815.97651346,248488.662578493,4.0,1037517.8014280612,13.852341688942744
5000.0,1286415.68723407,255235.828537405,3.0,46596.333333333336,10.749277133183954
5001.0,1286257.34176192,255719.2262339,2.0,37265.73333332328,10.525829505998413
5002.0,1284953.27974458,255501.57573767,3.0,327538.9333332365,12.699362207398558
5003.0,1285298.03494492,255799.99800998,4.0,802363.475866651,13.595316995983005
5004.0,1279041.34668252,228734.891742274,4.0,126791.92377796536,11.750302626354006
5005.0,1277626.20415308,264554.076034948,4.0,265985.9794141912,12.491198877405463
5006.0,1277627.69106507,265215.293507621,3.0,113031.50216006824,11.635421839020099
5007.0,1272674.384372,276654.377615333,1.0,0.0,
5009.0,1286586.06752224,177266.790633559,3.0,16035.069098057247,9.68253342132017
5010.0,1272537.87480386,193480.117754161,1.0,0.0,
5011.0,1265921.81386909,197070.323197842,4.0,183258.18687403636,12.118651294734784
5014.0,1287041.30541071,251775.183605865,3.0,279283.41714286525,12.539982377248554
5015.0,1276513.32978393,227920.871389434,4.0,57811.70054172681,10.964946465691739
5016.0,1272439.28670776,209867.075146943,3.0,88473.78206242394,11.390461539223733
5017.0,1272725.79698005,209680.974474758,3.0,14615.453818260114,9.589834728603464
5018.0,1271324.00907461,248308.666226313,3.0,14281.651992022084,9.566730914918331
5019.0,1277095.34104852,213541.058638707,3.0,55636.962098515134,10.926603045310898
5020.0,1264029.77764314,209746.713802829,3.0,54665.678374669325,10.908991339462661
5021.0,1263769.78961088,209749.309002832,3.0,109336.56817157114,11.602186185195588
5022.0,1260918.43607196,211432.959180549,3.0,125337.62486603226,11.7387663740701
5023.0,1260754.4495118,211434.76686056,3.0,55768.927555162285,10.928972139418578
5024.0,1263823.26263493,196432.762749195,4.0,266016.5908976211,12.491313957614365
5026.0,1275960.64645536,262621.228800967,4.0,233416.18595809545,12.360578345008049
5027.0,1267973.50238319,230563.677792147,4.0,229916.80705691167,12.345472814024843
5028.0,1268294.84459151,230555.517344132,4.0,908320.0051596302,13.719352024084964
5029.0,1287950.93683565,192755.26719342204,3.0,120062.46630599607,11.695767438873672
5030.0,1270884.41515417,201987.508226871,4.0,120176.5392328669,11.696717100941978
5031.0,1270858.69048214,201925.88173081,3.0,65338.785425544425,11.087341096453741
5032.0,1261800.80733687,239066.992104843,4.0,173683.39382485783,12.064989345038697
5033.0,1261810.46090488,239367.128361151,4.0,199712.4239010432,12.20463373029322
5035.0,1280992.54354852,169221.635105327,3.0,44060.80311347515,10.693325847913206
5036.0,1280977.1807325,168581.952352673,4.0,55997.21354357943,10.933057210328942
5037.0,1268072.62155129,178823.497771159,4.0,239371.22767598345,12.385770879736928
5038.0,1267408.01758261,178617.731818944,4.0,127363.44196071748,11.75480002615836
5039.0,1265302.67434846,186680.716659203,2.0,9239.694140537107,9.131264062414385
5040.0,1264938.89425208,186678.274099201,3.0,6968.258382828638,8.849120599192236
5041.0,1265621.99198078,171359.234851509,4.0,1171592.0912695297,13.97387414354551
5042.0,1277123.41580056,278850.016913593,1.0,0.0,
5043.0,1277122.30885656,279145.291601881,3.0,261452.29735907176,12.474007126569722
5048.0,1275539.63058293,273629.95386824,1.0,0.0,
5049.0,1277307.98693675,247337.713137314,4.0,112644.07384992662,11.631988337729396
5050.0,1277468.0191289,247334.35025730697,3.0,103894.63506965167,11.551132540235889
5051.0,1259178.87786219,216622.210257858,1.0,0.0,
5052.0,1258944.48758994,216316.46318554896,5.0,207105.740447658,12.240984765240276
5053.0,1259465.12471047,253041.151223153,4.0,189282.76473069945,12.150997285670941
5054.0,1259476.87235849,253706.380151838,4.0,246601.5208123959,12.415529036815814
5055.0,1268608.56343985,212910.03131006696,3.0,142815.1345657687,11.869306307625799
5056.0,1268659.93470389,212905.788238063,4.0,84941.08411008611,11.349713167031469
5057.0,1266700.37694189,245479.353967413,4.0,207661.7788162488,12.243665971824074
5058.0,1267057.78174224,245471.454063401,4.0,74919.81555642126,11.22417369468128
5059.0,1284214.20774382,259891.30316616604,3.0,226007.7630020196,12.328324627230948
5060.0,1284220.73235182,260384.490814671,2.0,46592.0,10.749184131556358
5061.0,1259682.8184707,250144.771508187,4.0,2829711.775960696,14.855685418482485
5062.0,1260889.44503194,210573.875915676,3.0,51096.578516867325,10.841472817333024
5063.0,1260881.38691993,210310.001419395,3.0,2476.3165335341146,7.814527466317777
5064.0,1270283.99147356,258805.379197061,4.0,1767582.7025605652,14.38512346635726
5065.0,1276217.66533563,201975.877314866,1.0,0.0,
5066.0,1256354.85891528,213863.91067104,4.0,131288.99832870098,11.785156266442893
5067.0,1268949.18936019,230965.291808546,4.0,663479.1323009428,13.405252681319254
5068.0,1260956.09316,248521.012274534,4.0,294952.60584658047,12.594569964267869
5069.0,1266895.59998208,253725.957879856,4.0,327253.20842013805,12.698489487910908
5070.0,1266899.64196609,253991.286136135,4.0,165342.7640977007,12.015775956325696
5071.0,1282159.07698971,227787.709277302,4.0,163756.3148982145,12.006134717017822
5072.0,1282175.40012573,228248.128925771,3.0,119797.3610820672,11.693556936725274
5073.0,1255667.66838659,212569.987085715,4.0,492641.9096645439,13.107537839540356
5074.0,1255650.78813057,211911.664205045,4.0,567377.1638652508,13.248779553569957
5075.0,1254735.56752163,241513.02199535104,3.0,53621.12515975245,10.889698395526382
5076.0,1268943.52241617,243659.88618955,4.0,90592.24747846815,11.414123919699534
5078.0,1279855.58489135,254910.95813706503,3.0,1987405.724142169,14.5023406899917
5079.0,1281746.02335729,276816.2489755,3.0,50493.278314050105,10.829595503712424
5080.0,1264675.53489181,175265.32771951,4.0,331734.27985329565,12.712089565550386
5081.0,1251757.64598258,237548.401639298,4.0,57473.62076728031,10.959081352253936
5082.0,1251642.22729446,237441.320487186,4.0,197681.02673965384,12.19441003459707
5083.0,1271097.15096238,225743.010267198,4.0,1622186.3615854457,14.29928540322602
5084.0,1282171.64223772,251882.444533974,3.0,114265.12887980808,11.646276719069101
5085.0,1275760.03077516,244179.148590088,4.0,934219.1068373783,13.74746627946075
5086.0,1276039.79397544,244168.792302072,4.0,1007775.0084465516,13.823255496793106
5087.0,1262504.97424959,197113.58783789,2.0,43256.15427745605,10.6748947976695
5088.0,1278178.17650564,250636.382708699,4.0,377863.3432709625,12.842287883497345
5089.0,1278179.88940164,251289.050677359,4.0,301023.88541342894,12.614944894115673
5090.0,1265050.3247802,263743.498562112,3.0,51380.11128085617,10.84700643650147
5091.0,1264720.37009186,263751.677378118,3.0,46734.67745109173,10.752241725936544
5092.0,1261613.03082468,255016.820473179,4.0,716887.8505089957,13.482674692436925
5093.0,1261289.02884035,255021.93925719,4.0,867899.5778875648,13.673831293271537
5094.0,1278681.32447416,249218.68965123605,3.0,93182.0,11.442309848973883
5095.0,1278830.14700231,249215.949875236,1.0,0.0,
5096.0,1265304.34039645,270842.878089383,4.0,1239723.782241964,14.03039915651088
5097.0,1265836.768429,270830.289161369,4.0,910517.1464997374,13.721768009932653
5098.0,1262868.68445796,250989.53784506,4.0,1150576.4416560242,13.955773628367739
5099.0,1262729.87767382,250986.177973047,4.0,44648.41984656296,10.706574195903787
5100.0,1264044.19031517,245280.401967213,3.0,249653.44888067688,12.427829030696847
5101.0,1263252.25719436,245298.150255233,4.0,277469.63130023336,12.533466769424072
5102.0,1261845.95882492,236412.144742131,4.0,470136.1036572082,13.060777514014774
5103.0,1271240.76715453,243137.369197011,4.0,139561.0921379287,11.846257720849975
5104.0,1271254.01419455,243593.330541477,4.0,101710.37482585316,11.529884590853763
5105.0,1269673.81291293,264779.740227178,4.0,64591.431355242246,11.075837039413306
5106.0,1263269.80247436,246097.25041604,4.0,1667808.3371663042,14.327020949523058
5107.0,1288234.65805194,187883.201460436,4.0,1947277.3595500595,14.481942729036582
5108.0,1280379.67173989,271725.246730283,3.0,546578.9116333872,13.211433970746452
5109.0,1280723.66028425,271721.333642289,4.0,513612.6937254365,13.149224746249974
5110.0,1271097.15589039,278221.657936946,3.0,2247104.339027148,14.625152984903444
5111.0,1271587.37899488,278204.954192922,4.0,93585.7791140748,11.446633718380829
5112.0,1258525.60918951,285985.854360893,2.0,15833.701348571438,9.669895944152177
5113.0,1258116.5683571,286001.597720906,3.0,1872.9944074359405,7.535293716553854
5114.0,1268788.45739202,252707.176822811,4.0,30105.13685622774,10.312451095851602
5115.0,1269068.9191523,253047.90744715897,3.0,33871.06862596571,10.430316496125016
5116.0,1282200.48966175,256202.933562398,4.0,91087.88632597294,11.419580103231768
5117.0,1275502.8836389,216728.718929976,4.0,20197.91927513011,9.913334871902117
5118.0,1275667.08114307,216724.452497974,2.0,6729.399259313101,8.814241155551034
5119.0,1278233.46348169,212495.593485638,4.0,313555.7566964387,12.655732475542507
5120.0,1278251.62124172,212144.745805278,2.0,46592.0,10.749184131556358
5121.0,1258948.15722194,201188.90649806,4.0,757197.7245701762,13.537379693254914
5122.0,1258616.44266161,201200.98221007,4.0,1487185.5093096057,14.212395971736203
5123.0,1257930.56182891,211175.106316283,4.0,1319244.6133715608,14.092569868160515
5124.0,1273209.42891654,253160.309751272,1.0,0.0,
5125.0,1284182.20415978,257472.0419157,3.0,1337451.6213814449,14.106276586168354
5126.0,1261330.02551238,257033.77605924,4.0,1025902.293492111,13.841083069663627
5127.0,1260997.83293605,257040.055931255,4.0,725652.6193236968,13.494826693516051
5128.0,1249026.11573979,213823.899919003,2.0,2347869.812479219,14.669019012259719
5129.0,1264425.32209155,242860.54686074,4.0,1685019.3184397935,14.337287586652309
5130.0,1272301.48945962,244814.983918726,4.0,208448.43270550112,12.247446964477612
5131.0,1272314.83128363,245270.449903205,3.0,15077.183992405571,9.620937886220114
5132.0,1254766.24464166,257782.806396008,3.0,6222.475586454889,8.73592311080374
5134.0,1268251.41188747,245705.288879648,4.0,58654.31704661896,10.979416458305739
5135.0,1255612.86237054,236149.557989866,4.0,10937.121976580049,9.299917967927332
5136.0,1293774.05671361,187532.291380078,4.0,28009.50674909284,10.240299258284493
5137.0,1279041.05996253,269136.590151638,4.0,1304846.221268786,14.081595753687266
5138.0,1264900.31658804,279981.788242742,1.0,0.0,
5139.0,1270454.76414573,283692.48066254,3.0,16480.686650060223,9.709944468254468
5140.0,1270464.87300974,284686.665303558,4.0,246961.58370026905,12.416988071935966
5141.0,1274968.48146234,286900.243609831,2.0,69640.63428571426,11.151103501906618
5142.0,1279948.03647545,176436.874600708,4.0,883319.029310432,13.69144171592971
5143.0,1280266.93215577,176423.480296701,4.0,187821.66978704085,12.143248226677093
5144.0,1274741.58591011,280576.178131357,3.0,402292.0896273331,12.9049336948744
5145.0,1275075.32146247,280563.628627345,4.0,148275.42221212242,11.906826784196532
5146.0,1260542.27965558,209785.58317886305,3.0,251985.51999411333,12.437126904501831
5147.0,1260529.99920757,209382.529546455,1.0,0.0,
5148.0,1265598.09764476,244073.375469968,4.0,364519.1051169405,12.806334243644196
5149.0,1265858.10404502,244067.545133963,4.0,114798.35711879907,11.650932451953347
5150.0,1269488.90744074,270757.309001297,4.0,101990.78704794384,11.53263776512766
5151.0,1265997.74122916,239196.406888977,4.0,460835.6458017909,13.040796741712663
5152.0,1279628.54041113,227441.079004943,4.0,500940.2876752095,13.124242186686725
5153.0,1279950.47775546,227432.320540935,4.0,217455.01456493515,12.289747278532182
5154.0,1257177.30115613,195071.121787801,3.0,540475.5542535667,13.200204687015578
5155.0,1280118.94789962,245952.146031901,3.0,159586.62987920264,11.980342187802018
5156.0,1264087.14461921,247653.654065639,4.0,615995.6580457956,13.33099519386386
5157.0,1263907.35729103,247645.680689633,3.0,11527.78936824816,9.352515866194615
5158.0,1286932.37555461,206502.913543507,1.0,0.0,
5159.0,1287139.67398681,206500.627783507,4.0,121394.8087368754,11.706803395052994
5160.0,1273541.21330088,206473.183943465,1.0,0.0,
5161.0,1273700.56901306,206492.198343486,4.0,84230.38253158952,11.341310972811497
5162.0,1267447.93649465,241079.183978915,3.0,132942.04644247118,11.797668571207128
5163.0,1267608.18321481,241039.34052287004,3.0,112993.98024397918,11.635089824098289
5164.0,1275124.89291851,264631.36851503,2.0,46592.0,10.749184131556358
5165.0,1275135.45163852,264931.769155338,1.0,0.0,
5166.0,1275604.44709501,259644.541501924,4.0,153963.72423989332,11.944472296764076
5170.0,1256080.262371,205294.254918262,4.0,1444556.0435542902,14.18331259602732
5171.0,1265998.67690916,174599.947174832,4.0,478541.8591401984,13.07849896596582
5172.0,1266298.23172547,172656.184996843,4.0,1841177.8689369413,14.425916070940394
5173.0,1268764.74648,274758.315789402,4.0,185816.618922582,12.13251554658569
5174.0,1269098.29374434,274752.482765391,4.0,62307.22181712601,11.039832618075412
5175.0,1268727.00414395,178532.886506855,3.0,113066.66753695128,11.635732901928868
5176.0,1273773.51768513,283739.094742596,3.0,436122.6577175829,12.98567880780703
5177.0,1255576.76400249,252035.129270121,4.0,71876.09007108118,11.182698944190992
5178.0,1257909.83811688,255074.522425234,4.0,650427.7006540507,13.385385426490307
5179.0,1257633.7739886,255076.003065243,3.0,348884.52637245884,12.762496276442057
5180.0,1262597.45668168,233738.245923385,4.0,66860.31344843365,11.110360848094025
5181.0,1275388.67160678,230799.624160379,4.0,133004.6535466093,11.798139395664037
5182.0,1275635.17074303,230794.74755238,3.0,48123.853506158106,10.781533248057645
5183.0,1289692.23219743,187582.72171612096,3.0,100235.99062526014,11.515282591017227
5184.0,1270081.55422534,224785.947546229,4.0,370097.4260991735,12.821521563740967
5185.0,1258333.98979732,246752.895088717,3.0,82181.9886384409,11.316691440714113
5186.0,1259083.95613408,205172.067462146,4.0,372572.84882896073,12.828187865007024
5187.0,1269673.95499294,228217.458717734,4.0,294921.346721481,12.594463978489069
5188.0,1269890.61304115,228455.546845987,4.0,169674.5736131109,12.041637608606438
5189.0,1270709.82168199,199376.311040208,3.0,20715.884544707857,9.938656054285726
5190.0,1285403.24473703,243483.012205377,4.0,1200526.4373541877,13.998270716353641
5191.0,1285406.99667305,243758.653997645,3.0,27374.324478315768,10.217360790223125
5192.0,1268385.67902361,235639.493413344,3.0,126790.64206908106,11.75029251754483
5193.0,1273599.53835694,259372.270781636,4.0,992725.8818953746,13.808209854460538
5194.0,1265129.91652428,235688.98973338297,3.0,12993.351759443762,9.472193102512788
5195.0,1273095.74706043,196514.835133269,4.0,88783.34126370204,11.39395431299975
5198.0,1267187.00587039,234315.704035982,3.0,678130.8006429799,13.427095469617942
5199.0,1267194.59447838,234625.610276297,4.0,1495286.4086451996,14.217828324147359
5200.0,1265723.37367688,286086.827225,3.0,230863.87386588345,12.349583525180087
5201.0,1256210.39299515,248890.531890914,4.0,305449.00304617564,12.629538114187092
5203.0,1260121.81168714,286608.455449536,4.0,153653.94948269412,11.942458271638912
5204.0,1259452.85040647,286622.37698555,3.0,323765.05796815985,12.68777340201284
5206.0,1259402.65239041,213773.285198942,4.0,62427.80554751508,11.041766056829552
5207.0,1259136.72247013,213780.785806954,4.0,59105.98266091373,10.98708742772792
5208.0,1269369.56126462,189137.358069718,4.0,304353.6830435904,12.625945735191351
5209.0,1269346.53764859,188466.198005036,3.0,112084.7100702808,11.62701020430956
5210.0,1259156.29591016,214456.033167645,4.0,50986.02030530984,10.839306762470404
5211.0,1286932.6055066,192603.505337268,3.0,149219.21109505495,11.913171719153569
5212.0,1287217.5101469,192596.006969258,4.0,239908.4987527486,12.388012874431007
5213.0,1278160.24901763,236072.618213788,3.0,150075.52415509275,11.91889394073492
5214.0,1278416.12684189,217319.994642586,4.0,270898.85647276096,12.509500806848925
5215.0,1263484.51101859,250978.52472505,4.0,146065.90040463777,11.891813171486994
5216.0,1263238.54858634,250982.921077043,4.0,908067.0576063726,13.719073506845904
5217.0,1274867.36786225,253764.599863902,3.0,37232.30865785501,10.524932175630589
5218.0,1253342.00080021,216348.121873587,3.0,93182.0,11.442309848973883
5219.0,1253266.81590413,215864.865297094,1.0,0.0,
5220.0,1262400.56733748,233114.476450756,3.0,451238.7831778549,13.01975193109669
5221.0,1262407.48560949,233427.339683071,4.0,390999.7988688886,12.876462324565551
5222.0,1266684.28874987,244709.086830631,3.0,72623.3097814641,11.193041220650533
5223.0,1267029.01246223,244701.476910621,4.0,348869.93154785497,12.76245444274414
5224.0,1278577.63340205,269632.014664143,4.0,1242469.045417522,14.032611123497732
5225.0,1278862.29420234,269726.066312239,4.0,991793.494223992,13.80727019345122
5226.0,1286492.08345816,199366.646016195,1.0,0.0,
5227.0,1286482.88723414,199167.41708798695,3.0,356345.20458407584,12.783655215800255
5228.0,1284707.87667233,248789.660658807,4.0,198941.73357719023,12.200767264738962
5229.0,1275336.96863073,268591.959687084,3.0,185374.00332111455,12.130130702870767
5230.0,1275686.75039108,268580.276295066,3.0,156813.43940098985,11.962812093691008
5231.0,1259812.18339883,189183.006261766,4.0,1510803.7650926462,14.228152361935845
5232.0,1259499.55639051,189187.611893773,4.0,1999946.9299800457,14.508631203162183
5233.0,1277862.33004132,214125.846159309,4.0,155369.43971074675,11.953561041918425
5234.0,1268248.66059147,245604.553199545,4.0,1527663.744101294,14.239250161730308
5235.0,1271374.99486667,180460.27633284,4.0,267437.3628214251,12.496640660222093
5236.0,1271342.45790663,179147.186091483,3.0,409639.5115072304,12.923032811695817
5237.0,1277830.49016929,181723.846318126,3.0,219498.70486854733,12.299101611108872
5238.0,1277910.64946537,180885.567469269,3.0,24873.749202355943,10.12156827744017
5239.0,1265109.57860425,275329.755917981,3.0,77194.53029897777,11.254083882453303
5240.0,1265952.49162912,171365.247587517,4.0,948273.713780183,13.762398467179588
5241.0,1265569.79326072,189442.923382029,1.0,0.0,
5242.0,1265576.49207674,189110.575285688,3.0,99565.74840916204,11.50857349295418
5243.0,1263244.32445835,169084.586849183,4.0,248428.42801012815,12.422910066978408
5244.0,1263235.85175434,168743.460896835,4.0,490451.0589181877,13.103080775064834
5247.0,1260251.25271128,281050.795987844,3.0,93182.0,11.442309848973883
5250.0,1279529.31717902,255881.831226066,1.0,0.0,
5251.0,1279834.12268333,222600.900375992,4.0,1159162.444683782,13.96320827184801
5254.0,1258794.28778179,199646.226496488,3.0,278609.9129030651,12.537567920825737
5255.0,1258667.33558966,253053.71058316497,3.0,104041.60747007244,11.552546169943733
5256.0,1279364.98841086,270456.188232988,3.0,1290392.241686151,14.070456793442569
5257.0,1275967.81675938,264337.047234729,1.0,0.0,
5259.0,1270954.33758624,201924.479810819,4.0,136588.44515882066,11.824727633659732
5260.0,1283022.7235826,265042.001859441,4.0,1046625.2235468464,13.861081473095002
5261.0,1283027.3508466,265627.675204039,1.0,0.0,
5262.0,1267546.45169476,228411.091229931,4.0,162927.88249009324,12.00106294317293
5263.0,1267763.17009497,228649.283294186,4.0,232135.5129270594,12.355076587568314
5264.0,1273451.1961488,247975.305713966,3.0,25831.68093975293,10.159356961005102
5265.0,1273457.5153168,248245.252018243,3.0,135205.49652797764,11.81455109655735
5266.0,1282559.59750213,212172.960269302,4.0,49185.86149408187,10.803361493175835
5267.0,1282613.04787017,211536.963852659,4.0,81382.69618527999,11.306917951816404
5268.0,1276448.34501587,251322.365621403,4.0,650924.7988165972,13.386149398107415
5269.0,1276451.83973587,251982.30456607,4.0,389063.3301731322,12.871497411851319
5270.0,1273583.65483694,235998.059941709,3.0,256296.35545585613,12.45408969241437
5271.0,1258783.70115778,199206.06329603505,3.0,168281.27754539048,12.033392129459514
5272.0,1250441.58530924,239321.31383310296,3.0,46657.33333333333,10.750585392920664
5273.0,1250452.51574124,239651.133353442,1.0,0.0,
5274.0,1276651.28357607,236777.882534504,3.0,486315.2964508607,13.094612450659392
5275.0,1256167.33865909,217436.883794695,4.0,209270.14876056323,12.251381274089164
5276.0,1254954.02838586,257381.757371604,2.0,5244.244063720079,8.564886385318507
5277.0,1276450.15698387,213956.690959141,4.0,336101.4847782204,12.725168431371456
5278.0,1269192.11736044,169748.544161871,3.0,1380132.9844076096,14.13769041800329
5279.0,1271091.84817839,277369.086160064,4.0,1993044.8181845276,14.505174086741647
5280.0,1260113.37731914,284093.600918949,4.0,186361.99999999997,12.135446297789867
5281.0,1259444.94000645,284108.246550977,3.0,46774.30476190475,10.753089287577092
5282.0,1272738.71493207,277978.920528695,4.0,279784.82344021543,12.541776098999817
5283.0,1272757.75621209,278972.003537714,3.0,222878.3382928548,12.314381333372301
5284.0,1262392.30224948,205744.803846732,4.0,643288.0843668642,13.374347934558283
5285.0,1262076.39997715,205753.048582733,4.0,555531.6585282049,13.227680877487767
5286.0,1271049.16779433,188506.654261068,4.0,125935.68660233836,11.743526631832083
5287.0,1258368.56259735,251055.598069131,4.0,261614.84519844368,12.474628644655564
5288.0,1258104.60906108,251060.187317133,4.0,75779.26200111904,11.235579945822598
5289.0,1273314.41291666,227146.93430064604,3.0,291459.34628691344,12.582655811193913
5290.0,1279678.86277917,253249.228535369,1.0,0.0,
5292.0,1272955.5685003,262404.477952749,3.0,203786.39541534928,12.224827642956457
5293.0,1283440.51635103,258732.39967697897,3.0,115636.4691852722,11.658206662849135
5294.0,1259157.84675816,188539.451445103,3.0,1061012.5426064737,13.87473423902151
5297.0,1269270.90891251,230957.205216542,4.0,567862.561267399,13.249634698824272
5298.0,1269592.36260885,230949.227552533,4.0,850721.0997265605,13.653839621438289
5300.0,1274698.02795808,239026.268456802,4.0,211875.79477110863,12.263755508241893
5301.0,1274883.87832627,239023.217640802,2.0,46592.0,10.749184131556358
5302.0,1282524.1901421,264386.547458768,4.0,535536.1042400738,13.191023588147301
5304.0,1252018.01225485,211299.925964415,2.0,11040.933452410864,9.30936486810559
5305.0,1278706.11705019,269147.714439645,4.0,849148.8213090604,13.651989740048647
5306.0,1282552.33407812,253853.122359991,4.0,123158.74330388232,11.721229398217966
5307.0,1282556.08083013,254495.451128647,4.0,89094.12803166219,11.397448708163314
5308.0,1256296.79113923,255219.246905386,3.0,11499.52005754964,9.35006057935433
5309.0,1256318.19465925,255791.738553971,4.0,551170.0105267179,13.219798589593887
5310.0,1269250.35281649,255519.3056577,3.0,599859.7002695986,13.30445107397111
5311.0,1279244.02117872,252924.806967035,1.0,0.0,
5312.0,1270434.70609771,254177.026872322,3.0,5550.434198438411,8.621631437633232
5313.0,1270455.04990573,254826.81592898103,3.0,63953.1925599588,11.065906728512395
5314.0,1266661.65822184,236808.727270529,4.0,297940.43068331154,12.6046488484696
5315.0,1265721.37758088,245230.622191161,4.0,405567.678234525,12.913043039312896
5316.0,1262988.58743408,250987.390517056,4.0,478881.3465519746,13.079208134960234
5317.0,1263002.9358501,251637.079221725,4.0,286099.1789711716,12.564093809307316
5318.0,1272223.95544355,189721.87365432095,3.0,382831.76221332286,12.855350908507871
5319.0,1281891.52274944,212667.884493813,4.0,115972.05759552296,11.661104558274365
5320.0,1278437.8331459,277435.536144137,4.0,368487.0406265525,12.817160822086889
5321.0,1278893.17900237,277420.036496118,3.0,297331.28564444295,12.602602236024278
5322.0,1289708.31712544,180273.00503663704,3.0,139768.0,11.84773918415428
5323.0,1289927.89152567,180268.414508641,1.0,0.0,
5324.0,1286330.44595398,204333.696133286,4.0,1350505.0575240564,14.115989197134901
5325.0,1286326.74355398,204060.858052999,4.0,314563.3470174691,12.658940756199277
5326.0,1283814.65043141,183626.42584008,3.0,62625.42769621535,11.04492666784433
5327.0,1281367.2931809,274345.654860973,4.0,335280.8675770781,12.722723870215141
5328.0,1267117.57559831,171361.348323524,3.0,101319.2703189595,11.52603190234234
5329.0,1267103.58251029,171026.271267176,1.0,0.0,
5330.0,1265362.16209252,175920.805096179,4.0,623890.4917728888,13.343730137996996
5331.0,1264694.56170782,175984.34007224403,3.0,141460.17416653235,11.859773501796154
5332.0,1268550.82142378,190436.64843905,4.0,197919.45061384988,12.195615411823402
5333.0,1268220.22033544,190436.585783049,4.0,2019881.841789764,14.518549573503053
5336.0,1290292.21299805,187654.152692199,1.0,0.0,
5339.0,1280232.77509974,248600.709938616,3.0,262608.6951821866,12.478420352192162
5341.0,1274805.59205419,212029.862477168,4.0,2034515.870682388,14.525768447171233
5342.0,1255102.93264201,244078.047405973,1.0,0.0,
5343.0,1254792.5897297,244083.850541979,3.0,175279.91722335143,12.074139502015422
5344.0,1272973.3329163,226853.493596345,4.0,652425.5781285886,13.388452355166137
5345.0,1282997.92377457,198589.42348739496,3.0,291589.27980804135,12.583101515093944
5346.0,1283237.50854282,198586.049471393,4.0,1256887.8330888287,14.044149249771262
5347.0,1290114.17786185,186530.644147053,3.0,296463.49367214966,12.599679365630909
5348.0,1290419.91712618,186537.927603051,1.0,0.0,
5349.0,1262006.59076108,257681.061563909,4.0,1006118.0695408892,13.821609988103845
5350.0,1273794.62456515,203089.21171601105,3.0,25100.47762532725,10.130642153836328
5351.0,1273657.02674101,202511.184323415,4.0,148555.49666292107,11.908713882312696
5352.0,1273286.36440463,264022.197506398,3.0,35953.85917567062,10.489991705806974
5353.0,1273613.86770096,264013.038402393,4.0,149045.51255327533,11.912006991663898
5354.0,1265545.1135167,242492.20151636,3.0,1337964.197444784,14.106659761049809
5355.0,1265552.14762871,242781.831788659,4.0,888678.9970422967,13.697491366097791
5356.0,1262140.32042521,240232.157482043,3.0,163562.81002176032,12.004952354703708
5357.0,1266089.15799727,279101.815633848,1.0,0.0,
5358.0,1266314.43018949,279004.911953747,3.0,93676.54189652685,11.44760308359076
5359.0,1275795.3023272,284942.247191831,3.0,47561.91101345873,10.769787531104685
5360.0,1275793.79839119,285131.468248025,3.0,89025.16513499933,11.396674363072641
5361.0,1279763.28159526,201065.30041793,3.0,45010.415105417465,10.714649188759836
5364.0,1266618.2501578,286069.60744898,4.0,732465.0206601145,13.5041708653681
5365.0,1264945.95198008,278238.795344964,4.0,570130.3046003566,13.25362021824672
5366.0,1264879.75921202,278645.427409381,2.0,21571.595588210177,9.979132709211585
5367.0,1277250.93330468,180411.46212478,4.0,201199.8510041409,12.212053976671369
5368.0,1277894.25119334,180407.998572782,2.0,22740.765518687564,10.031914430708337
5369.0,1265942.35614111,189111.349237695,4.0,167044.94272605734,12.02601817331321
5370.0,1257647.63619661,187178.072307721,3.0,372637.9999999999,12.828362717993416
5372.0,1266573.22103776,279436.80379419,3.0,1232512.7626312606,14.024565539921442
5373.0,1273789.70526914,251917.339766011,4.0,834895.950712675,13.635062386143591
5374.0,1273791.43230915,252169.365238264,3.0,196190.0308753659,12.186839013789681
5375.0,1275924.47007133,229839.582751393,4.0,229384.0994076561,12.343153167446218
5376.0,1255726.21942665,241497.197547331,4.0,176157.14460192804,12.079131742708018
5377.0,1255395.7807703,241502.476139337,4.0,102933.5053795986,11.541838479897176
5378.0,1279383.08978687,219853.483349174,3.0,60479.52264504988,11.01006011804862
5380.0,1275038.35173443,210427.013323516,4.0,480695.9009237413,13.082990126539144
5381.0,1261260.20669632,238565.738216341,3.0,327599.6433112167,12.69954754216686
5382.0,1261264.35274431,238811.935528591,3.0,419858.4759783848,12.947672971518887
5383.0,1272747.61221208,246661.238768622,4.0,622390.6311616898,13.341323198972244
5384.0,1273419.27883677,246641.164336607,3.0,683716.9932758785,13.43529935846485
5385.0,1275723.72933513,274778.819661424,4.0,202796.16845074916,12.219956657279804
5386.0,1275724.21093513,275657.55246231,4.0,91239.79092476316,11.421246384909105
5387.0,1265696.84055686,175920.31396018,4.0,707524.8793630366,13.469528073058687
5388.0,1282619.10035019,171367.521251529,1.0,0.0,
5389.0,1282617.80441418,171019.69513917,3.0,515791.85790063714,13.153458586924096
5390.0,1274212.82814957,281413.893652216,3.0,48170.69598437416,10.78250614802257
5391.0,1274426.6758298,281407.251284197,3.0,364871.1893535617,12.807299664398041
5392.0,1268516.52753575,190966.512247592,1.0,0.0,
5393.0,1267480.71857469,250573.194548637,5.0,824178.4512551934,13.622142352501623
5394.0,1267486.87211069,250903.111476973,4.0,413570.5516201154,12.932583399496718
5395.0,1272200.37841952,237766.982951522,3.0,57205.37502786431,10.954403141971685
5396.0,1272208.99224353,238190.200935945,4.0,150365.16679385822,11.920822059909343
5397.0,1282342.89158191,228244.499037772,4.0,253569.04396501463,12.44339142771049
5399.0,1284896.53574452,247697.648433685,4.0,967695.556453556,13.782672808994851
5400.0,1279519.36607501,207329.76461635495,3.0,94424.81871574555,11.455559227703205
5401.0,1279509.595771,207116.314888135,1.0,0.0,
5402.0,1250778.63548557,240598.664298415,4.0,121140.8292773421,11.704709026122718
5403.0,1250466.14300527,240652.227818474,1.0,0.0,
5404.0,1279956.09285946,220744.09935008,3.0,180817.36269946065,12.105242754959136
5405.0,1280059.37253956,220740.26370208,3.0,106083.63707089228,11.571983090945173
5408.0,1264100.95825122,234383.290532053,3.0,17301.80875647696,9.758566327418162
5409.0,1265438.64324459,243244.698669121,1.0,0.0,
5410.0,1265563.31134072,243241.538605124,3.0,751572.3614649121,13.529922772914109
5411.0,1275031.48197442,246617.72049658,4.0,85914.92240170871,11.361112811182029
5412.0,1275301.60549469,246614.183728576,4.0,91084.8280708318,11.419546527894742
5413.0,1251119.76476593,214732.506383926,4.0,309406.8117182327,12.64241223277479
5414.0,1268645.00164787,260166.847550452,3.0,2224661.1815867857,14.615115184048491
5415.0,1284096.37267169,244566.920110479,3.0,1438796.4252312458,14.17931750625176
5416.0,1277594.22687304,213238.265934393,4.0,150763.76117510244,11.923469395166865
5417.0,1274591.10558997,236123.753253832,3.0,33405.86771971254,10.41648684376574
5418.0,1275099.35787849,236111.216549814,3.0,566.2597383107835,6.3390528745492
5419.0,1278079.00869754,253858.756855994,3.0,279606.2588241358,12.541137674013056
5420.0,1259069.59165408,191901.744248554,3.0,553921.5256012501,13.224778305156777
5421.0,1269301.79006454,211644.910156772,2.0,644175.6732125396,13.375726752379087
5423.0,1255492.89609841,206580.559431583,4.0,68780.13465106157,11.138670241690965
5424.0,1255484.4236504,206341.93261534,4.0,57517.3486636688,10.959841897168248
5425.0,1264201.32746732,198394.696831197,3.0,1779666.0726756805,14.391936305048853
5426.0,1272134.10885145,248544.630322546,4.0,230354.56032574316,12.347374967544885
5427.0,1268575.89713581,254749.799992904,4.0,107656.4890887382,11.586700780481005
5428.0,1270267.15652953,228983.091678515,4.0,13690.20660121294,9.524436009564745
5429.0,1270270.96004954,229225.914078772,4.0,122903.88958206835,11.719157943402134
5430.0,1286119.74560177,249807.063155845,4.0,1208083.6447848177,14.004545897451292
5431.0,1284872.9498245,247994.255793989,4.0,397418.3569441904,12.892744800645465
5432.0,1273830.51589319,189685.47800628803,3.0,18227.40018052658,9.810681245353786
5433.0,1273301.04613264,283431.957206279,1.0,0.0,
5437.0,1272222.32491554,189597.163574189,4.0,643228.6835029197,13.374255590850886
5438.0,1272625.66725196,189412.377205998,2.0,230698.8013617142,12.348868248490412
5439.0,1272528.99883585,252789.425654903,4.0,10191.864255046416,9.229345058948368
5440.0,1272864.4095882,252780.983414888,4.0,45870.23366656788,10.733571681682623
5441.0,1264533.37405966,234006.014051661,4.0,161245.33824206318,11.990682324113374
5442.0,1264211.66865134,234014.975971669,4.0,180205.24767118343,12.101851745104073
5443.0,1264347.52439548,246980.253232956,3.0,330346.2861248504,12.707896735151309
5444.0,1264075.54724319,247007.03070497504,5.0,912384.542243245,13.723816827384809
5445.0,1262712.3951138,245042.381742969,4.0,115245.99793231636,11.654824235156758
5446.0,1262469.72631355,245048.721326977,4.0,216292.425058164,12.284386590792383
5447.0,1263485.48343459,243678.420909569,3.0,198305.5703464582,12.19756440461491
5448.0,1263327.42762643,243681.141997576,5.0,893854.3126190499,13.703298079599788
5449.0,1284402.75392002,251954.636662051,3.0,97821.5598941976,11.490900280543565
5450.0,1279569.95916307,230505.52694408604,3.0,87503.31206674664,11.37943192382072
5451.0,1279681.24012318,230612.92803219,4.0,332619.8101183267,12.714755405357293
5452.0,1285458.9211531,193688.529402375,3.0,65132.170777822575,11.08417388090706
5453.0,1286066.06656171,193673.896890372,1.0,0.0,
5454.0,1264195.59261931,245503.40247944,1.0,0.0,
5455.0,1264198.51517932,245648.049839586,3.0,67290.44749166476,11.116773566355894
5456.0,1259688.1318147,250405.222068459,4.0,512554.09291782806,13.147161531581729
5457.0,1255674.62864259,256928.180475131,3.0,144522.43562446054,11.88119003831954
5458.0,1263782.8312749,234830.528164506,4.0,360551.9889623046,12.795391438797044
5460.0,1257814.50525278,243741.291821629,4.0,425925.08380374586,12.962018750170772
5461.0,1277095.60159253,225658.304411113,4.0,466149.99014533067,13.052262728584285
5462.0,1277103.47231254,225997.826971471,3.0,194586.30167000243,12.178631054015911
5463.0,1266538.73092572,189773.777398378,3.0,126093.0082441738,11.74477507429507
5464.0,1277575.80300102,179638.457131997,1.0,0.0,
5465.0,1277565.40901701,179421.283691764,3.0,316081.5959923947,12.663755674403058
5466.0,1290119.24806987,183169.097711608,1.0,0.0,
5467.0,1290104.23661385,182725.15633516,3.0,480271.4024801946,13.082106644927118
5468.0,1256903.26365185,236230.781925946,4.0,78301.25057767719,11.268318853469193
5469.0,1256571.84502751,236234.698597953,4.0,65774.71055418543,11.09399070535431
5472.0,1258217.7646452,249112.640051141,4.0,320478.357813603,12.677570026740245
5473.0,1258223.27971721,249378.52267541,4.0,328374.4250728098,12.701909776161214
5474.0,1279904.74751541,262411.024832755,3.0,75888.1559184803,11.237015902702016
5475.0,1279719.51756321,263162.300545529,3.0,411567.31951915147,12.927727881148275
5476.0,1264548.00561169,238676.060200453,3.0,39447.83529710873,10.582734452705344
5477.0,1264556.19882768,238985.878120765,3.0,76134.46417132662,11.240256321374275
5478.0,1254520.39964941,203369.87654829,3.0,137920.95299661678,11.834435995651901
5479.0,1265027.74410817,243633.91082952905,3.0,5533.41061135118,8.618559651485842
5480.0,1274070.59774943,232857.630242497,4.0,1342566.910498155,14.110093944345264
5481.0,1274078.67947744,233519.748643175,4.0,1153727.539727291,13.958508597417763
5482.0,1277697.99800915,224575.284570009,4.0,116698.30937752772,11.667347331259066
5483.0,1277946.86821739,224575.09097001,4.0,271601.9779925305,12.512092957381435
5484.0,1289992.48915774,187943.937588498,3.0,207201.5402603381,12.241447223028725
5485.0,1290283.76122203,187936.57899649403,3.0,130312.06353781986,11.777687341619584
5486.0,1268074.11076729,240292.61207410705,3.0,2575183.27115548,14.761431262811541
5487.0,1275715.95768711,220859.435030207,4.0,74769.72741939958,11.222168368399508
5488.0,1256191.16829112,247797.985521793,4.0,1820232.687327005,14.414474901060514
5489.0,1256192.73225912,248092.609906092,4.0,809995.6746842337,13.604784186738357
5490.0,1273826.18194118,223685.009113103,4.0,78333.68182343498,11.268732953258098
5491.0,1273831.52408519,223991.838873416,4.0,57335.34933162132,10.956672629270122
5492.0,1262143.22269721,246598.311408564,4.0,598514.9502101449,13.302206783133755
5493.0,1262148.70032923,246863.953904837,4.0,482660.75090795854,13.087069306778416
5495.0,1270259.11947353,239996.572969794,4.0,240613.79966209727,12.39094843608203
5496.0,1285337.25536098,248915.58795493803,3.0,4195.038033230933,8.341657685184625
5497.0,1285312.26489694,249495.317107528,3.0,81974.47230319961,11.314163164402707
5498.0,1269346.19742459,176556.128936842,3.0,1572814.9577124536,14.268377538574256
5499.0,1281981.50649354,176351.503720626,3.0,7846.418463835078,8.967812460019072
5500.0,1282371.20518193,176334.975848615,4.0,154961.18311856338,11.95092993304504
5501.0,1268651.84811188,174916.779239163,1.0,0.0,
5502.0,1268643.14801587,174587.900646821,3.0,47349.52138652198,10.765311990569938
5503.0,1263431.97009054,287461.752282411,3.0,2559293.142240148,14.755241662016175
5504.0,1262761.14532185,287481.290330425,1.0,0.0,
5505.0,1267493.0725587,234618.929828286,4.0,1710648.5802157335,14.352383143243701
5506.0,1258103.90826108,168595.878496692,3.0,141257.44232292267,11.858339336632511
5507.0,1257804.96790877,168393.297504485,2.0,9602.69225109922,9.169798780962026
5509.0,1285570.52915321,178900.129195243,3.0,1321856.256858424,14.094547561907497
5510.0,1255493.6710104,257461.03538768,1.0,0.0,
5511.0,1255385.4514263,257468.654459685,4.0,360073.7151229517,12.79406405370138
5512.0,1266336.42884551,245217.010671139,4.0,296191.14268913446,12.598760277226035
5513.0,1277512.42162496,250653.86558871,4.0,437753.4577021397,12.989411148922477
5514.0,1277514.46917696,251309.837749392,4.0,630674.1089117244,13.35454454045621
5515.0,1264114.12196323,267564.873158023,4.0,1534797.5508667184,14.24390904161918
5516.0,1264128.73149925,268225.680518702,4.0,759269.6404527932,13.54011225080232
5517.0,1280584.4902361,250581.66072464,4.0,550264.949120769,13.218155166890217
5518.0,1280844.39852437,250577.151220635,4.0,393013.73624483735,12.881599842517522
5519.0,1263588.93137071,239700.22186549,3.0,112259.4955642766,11.628568395026951
5520.0,1263596.05111471,240180.307497993,4.0,364944.3129404824,12.807500053638707
5521.0,1287968.91641967,188453.596661016,3.0,71597.05966709017,11.178809286003409
5522.0,1277421.11896886,225990.374619454,4.0,420850.2538100383,12.950032357728618
5523.0,1261175.51428023,235767.28682147,4.0,455213.0677040156,13.028520868992079
5524.0,1280503.78438002,249262.364467293,4.0,387609.006688579,12.867752395799409
5525.0,1268590.17335983,225720.072987184,3.0,19501.318479913716,9.878237356620641
5526.0,1268423.76555166,226000.901467472,4.0,71482.27146312215,11.177204746372302
5527.0,1264854.49156399,233996.723427653,3.0,1900142.6940381331,14.457439543441978
5528.0,1266105.25905327,233107.652706742,4.0,395234.1787262402,12.887233725747445
5529.0,1266426.99364561,233097.325282738,4.0,1122149.370080495,13.930756484617966
5530.0,1280761.54962829,226073.419035539,4.0,150422.06924216097,11.921200416715513
5531.0,1281021.35385256,226064.695323527,4.0,130003.31050050534,11.775315194501985
5532.0,1268594.96075183,229695.527967244,3.0,889324.7633746134,13.698217760917744
5533.0,1253467.20528033,243847.215533748,3.0,2098978.920913616,14.556961556310046
5534.0,1253473.52118434,244088.477165997,4.0,2383894.7611296484,14.684246162371554
5535.0,1264156.34692328,196426.431421191,4.0,372881.0512583664,12.8290147503367
5537.0,1255633.92662655,211253.018892363,4.0,809857.5810625869,13.604613685340787
5538.0,1271478.81617878,247086.345841065,4.0,611466.6458138649,13.323615687754797
5539.0,1271251.18545854,247628.162673607,4.0,555558.4215981417,13.227729051925504
5540.0,1269097.18091235,274087.411276713,4.0,192424.51220555877,12.16745921141455
5541.0,1269211.99460846,190436.773111045,4.0,566056.0730766227,13.246448421318275
5542.0,1269255.20222451,189784.978166386,3.0,158676.3672911113,11.97462198106593
5543.0,1265472.95684463,278895.589969635,2.0,42540.88403983824,10.658220869916724
5544.0,1264956.3046201,278901.662801638,3.0,48257.171688575545,10.784299731754546
5545.0,1261138.29162419,241685.650603533,4.0,1117421.3571512506,13.926534229079632
5546.0,1261150.24727221,242352.029868215,4.0,929574.98751082,13.742482757995353
5547.0,1272695.09592402,181426.552301824,3.0,223355.660155646,12.316520668548463
5548.0,1278882.29388236,283383.015062228,3.0,159460.84188306224,11.979553665630297
5549.0,1279243.43026672,283532.560662374,1.0,0.0,
5550.0,1275912.91826332,261133.981823444,3.0,93182.0,11.442309848973883
5551.0,1256375.27984332,214480.006543666,3.0,35267.92416567156,10.470729165974129
5552.0,1256373.31491531,214425.85083161303,3.0,52469.72403501534,10.86799159718561
5553.0,1288586.93190829,189896.971382499,4.0,1133709.7835059064,13.9410058076817
5554.0,1279265.40101875,225949.961947411,4.0,593344.3405714164,13.29353018495294
5555.0,1284957.76761658,209954.049035043,4.0,148888.07488966608,11.910950127416971
5556.0,1285267.79257689,209949.703563035,4.0,410215.17114261375,12.924437108682023
5557.0,1263020.66353011,206554.49383156,1.0,0.0,
5558.0,1275776.76101518,213920.935503095,4.0,1024040.2134257448,13.839266354734086
5559.0,1271339.31352264,218154.177683428,4.0,456937.792253922,13.032302538628239
5560.0,1271642.01637095,218148.218003422,1.0,0.0,
5561.0,1253732.7355846,241205.031147033,4.0,176050.05457704005,12.078523634591898
5562.0,1253407.59286427,241211.886827037,4.0,443098.7662770126,13.001547972884477
5563.0,1263081.02954617,201413.952962294,3.0,77021.28829302249,11.251837133962617
5564.0,1262777.98423387,201358.395330235,4.0,108383.6551565104,11.593432573929812
5565.0,1274816.1494302,220330.041109666,2.0,724868.1386689387,13.493745039597043
5566.0,1273898.05842125,207316.272200331,3.0,34421.46429018682,10.446435610702222
5567.0,1252126.85327896,215328.062224537,3.0,5010.135607612944,8.51921826110041
5568.0,1281518.55961306,207933.752904966,4.0,1111258.5031391457,13.921003717649723
5569.0,1270914.0348662,255951.447866142,3.0,142579.7011740388,11.86765642882175
5570.0,1270917.0387702,256193.127802387,4.0,417051.33063270175,12.940964588247816
5571.0,1269556.12913682,253677.633847803,3.0,264773.64659605,12.486630576174115
5572.0,1261255.8369683,238318.586792082,4.0,128760.67800276748,11.765710751030813
5573.0,1261257.67850432,238415.621416181,3.0,192629.01894375152,12.168521436486538
5574.0,1266701.70961389,264847.622979254,4.0,240516.76672978545,12.39054508223006
5575.0,1265444.43198059,236214.989989921,4.0,115999.34072972678,11.661339786707927
5578.0,1274478.90898184,223917.14447332904,3.0,80416.2550158132,11.294971611545677
5579.0,1274480.12811784,223979.371737391,3.0,9281.607970559591,9.135790083459879
5580.0,1256378.27190731,241156.218922988,4.0,90921.68481440972,11.417753808529607
5581.0,1252125.39919896,237642.045479387,4.0,181766.4503776825,12.110477902318776
5582.0,1275818.71007122,226147.586523622,4.0,508162.2439654406,13.138556053455085
5583.0,1276140.61560754,226139.325723603,4.0,409733.6736073828,12.923262651046866
5584.0,1284338.08019194,233487.96393913,3.0,93182.0,11.442309848973883
5585.0,1284377.00102399,233486.745123133,1.0,0.0,
5586.0,1266033.45175721,263539.686273903,4.0,146276.56496349163,11.893254389375425
5587.0,1273614.27518897,262384.206976727,3.0,133625.95456733194,11.802799791930134
5589.0,1283177.29542276,252238.84082233897,3.0,79095.32180557659,11.2784090092201
5590.0,1283893.22643149,252224.338550314,3.0,98180.06389248348,11.49455845838066
5591.0,1278507.38188198,232317.743137941,3.0,12751.121548028672,9.453374511269187
5592.0,1278686.43365815,232311.15785792505,3.0,31018.62463525396,10.34234309774802
5593.0,1257937.50506091,211505.222476631,4.0,402032.318226948,12.904287757969138
5594.0,1282868.15430243,256817.304379031,1.0,0.0,
5595.0,1282872.11366245,256977.787707195,4.0,186300.2742031495,12.135115028425147
5597.0,1263478.02775459,231103.122592688,4.0,1242682.841608099,14.032783182350327
5598.0,1263489.9329066,231579.68233718,4.0,1480990.6461188362,14.20822177730753
5599.0,1255684.5600986,213228.546446383,4.0,332799.04662772035,12.715294123224728
5600.0,1256945.6441319,244422.665134326,3.0,47766.47306527199,10.774079272075152
5601.0,1256828.50825977,244568.466350481,3.0,48589.94357562575,10.791171866164982
5602.0,1280608.59878013,261816.64416013696,3.0,225401.9189716886,12.325640394179295
5603.0,1280626.90194814,262474.112320811,3.0,25825.11571362392,10.159102774660237
5606.0,1266705.79722989,234044.758115709,2.0,39799.67610475086,10.59161405316783
5607.0,1266712.11082989,234326.248356,3.0,2509.397726090664,7.827798053568603
5608.0,1269733.828209,242299.323244154,4.0,348194.0745079727,12.760515288675656
5609.0,1262974.92081007,250337.47717239,3.0,622072.3826094588,13.340811735705522
5610.0,1281553.00178909,211885.534029007,3.0,115967.11366772631,11.66106192702954
5611.0,1287620.0792353,184384.816752851,3.0,51190.45715930353,10.843308410048664
5612.0,1287842.48953953,184189.713136658,4.0,1335191.0342261218,14.10458493637771
5613.0,1277294.69336873,263242.76921761,3.0,7503.087325044402,8.92306985816178
5614.0,1269698.09374495,267007.122309461,4.0,305616.4549830635,12.630086179664788
5615.0,1269703.98872095,267395.870213851,1.0,0.0,
5616.0,1275174.41509457,253003.433079123,3.0,101322.64926900284,11.526065251316238
5617.0,1274877.69951026,192143.474424794,3.0,239855.7545395596,12.387792998885718
5618.0,1275658.49029505,192381.218041047,1.0,0.0,
5619.0,1271151.84472245,187779.299764335,3.0,98581.14689397228,11.49863531433627
5620.0,1271062.50206636,176226.158504501,3.0,46600.99999999999,10.74937727911096
5621.0,1271143.99992244,176225.703144506,1.0,0.0,
5622.0,1253678.93052855,246159.049136117,1.0,0.0,
5623.0,1253521.84227239,246341.590768293,3.0,547682.7729710616,13.213451516873933
5624.0,1274267.21682163,211715.790604845,2.0,46586.0,10.7490553457913
5625.0,1269964.7313132302,212881.00020603795,6.0,2751244.0921240416,14.827563764478038
5626.0,1270194.68555346,212876.41985403,2.0,109697.99107771611,11.605486333221583
5627.0,1271996.60683531,210041.196811125,3.0,110625.43968383576,11.61390535684548
5628.0,1272429.82283576,209690.192266762,4.0,103492.2597422358,11.547252103791845
5629.0,1261292.49239235,266489.917252928,1.0,0.0,
5630.0,1279317.9885388,227874.726813391,4.0,292105.15267219325,12.584869128316766
5631.0,1284478.94080009,243238.459501117,3.0,32849.98516424536,10.399706572291509
5632.0,1284733.94816035,243232.991021112,4.0,374790.79445171583,12.834123267816693
5633.0,1265398.13316455,264879.424451277,4.0,644141.3872707944,13.375673526441458
5634.0,1265729.64497289,264870.491715267,4.0,1201556.3556868122,13.999128237500473
5635.0,1290335.11315809,185366.622833863,2.0,1225413.3504046774,14.018788773946413
5636.0,1290503.88115826,184873.787889361,3.0,1997609.5895446003,14.507461818469118
5637.0,1256268.7396832,259341.687485605,3.0,505073.48461683793,13.132459211764097
5638.0,1281177.73055671,249908.331699952,3.0,6614.241245249668,8.796980367816015
5639.0,1284298.27187191,202512.555715412,4.0,1000253.4631308826,13.815763988978803
5640.0,1284295.65702391,202335.680131242,3.0,343229.22556865733,12.746153799056202
5641.0,1272360.00408368,204864.555589825,4.0,741361.6899040851,13.516243895722857
5642.0,1266652.74974184,236498.826022223,4.0,245645.7907479141,12.411645902289855
5643.0,1292482.63834429,188139.807220697,4.0,281450.3131554643,12.547711203541986
5644.0,1263132.29156223,190455.628087074,1.0,0.0,
5645.0,1266671.45508586,233902.203939557,3.0,199516.30813359583,12.203651257001669
5646.0,1266810.85739,234094.15299575,3.0,116174.5199134056,11.662848821501392
5647.0,1284066.48627166,211240.594380349,3.0,263667.3852698147,12.48244368350078
5648.0,1284330.61894394,210822.500427932,3.0,176780.55297091298,12.08266442862743
5649.0,1266687.00196587,244939.296686858,4.0,141730.30392365783,11.861681262543453
5650.0,1261061.73207211,191425.556920066,3.0,522152.534551956,13.165715035964583
5651.0,1261064.86621611,191083.738039717,2.0,357259.2029225236,12.78621685591525
5652.0,1281894.31308544,243827.895341724,4.0,27176.43100079463,10.210105369325882
5653.0,1282149.4221417,243817.735917717,2.0,2608.062000812592,7.866362696081675
5654.0,1272173.50181149,249856.512883902,4.0,164043.89241947947,12.007889307702165
5655.0,1266026.0787652,243229.804333106,3.0,148228.60508277122,11.906510989971629
5656.0,1266035.6174532,243619.706157506,3.0,86453.32051391044,11.367359900019965
5657.0,1271033.47493032,214329.046223521,3.0,23742.165941177453,10.075007899940307
5658.0,1271263.31992255,214324.558671504,4.0,87975.39643980349,11.384812468457593
5659.0,1263146.88273025,235728.120549425,4.0,228988.2018003569,12.34142576068669
5660.0,1280016.76306751,269770.038664281,4.0,430822.445245566,12.973451324219972
5661.0,1279903.46898741,225936.0347794,4.0,514727.3603325594,13.15139264205308
5662.0,1280186.4034517,225929.88425140097,3.0,66873.88230045911,11.110563770794476
5663.0,1268238.25611146,254493.403192639,4.0,580569.01166274,13.271763956193992
5664.0,1268275.38199949,227312.909020811,4.0,1174763.1472957674,13.97657710847151
5665.0,1268492.10302372,227551.040413052,4.0,201497.3107745321,12.213531314247717
5666.0,1272643.95333198,224880.331866324,4.0,604423.8131205125,13.312030908208337
5667.0,1272488.13899581,225143.691866592,4.0,94286.43349858424,11.45409259293349
5668.0,1273444.7322128,247701.43448169497,3.0,23841.607522182934,10.079187548527779
5669.0,1266245.01630142,254532.227640688,4.0,370212.3864593549,12.821832137393121
5670.0,1282771.79295835,264384.432002768,3.0,81940.49931991792,11.313748644808411
5671.0,1283017.50803059,264382.269570768,4.0,105957.88157585818,11.57079695050833
5672.0,1282560.44332613,197921.782462716,3.0,2932.385968134093,7.983571694224797
5673.0,1282562.29926212,197642.761982426,3.0,6877.0458684891,8.835944459137508
5674.0,1263465.74071458,243055.204972938,4.0,2698004.6428788514,14.808023036607828
5675.0,1263447.96151455,243055.584876925,4.0,47639.4806753328,10.771417122388257
5676.0,1275394.87071079,277880.902032599,3.0,507053.4277784618,13.136371657254866
5679.0,1270231.28427351,187129.731507659,3.0,607562.7541505685,13.317210747875146
5681.0,1266311.76714949,173289.432101488,4.0,192025.28869299995,12.16538235427937
5682.0,1265977.73764515,173290.262437493,4.0,585580.6852808201,13.28035925829981
5683.0,1262663.32432975,280040.669714808,3.0,75054.37971197754,11.225968192613754
5684.0,1262669.23933776,280367.758611143,3.0,152779.32849025124,11.936749861813086
5685.0,1267384.30507058,232753.097634375,4.0,37702.201813546766,10.537473775273035
5686.0,1279240.15833072,262582.107840925,5.0,2439451.329495063,14.707283707022428
5687.0,1279630.68575512,262406.838144749,2.0,186023.08753481493,12.13362607152354
5689.0,1275793.20159119,215432.51150465,4.0,151972.54747172928,11.931455174778067
5690.0,1276043.16274345,215426.513168633,3.0,25240.291008663797,10.136196846250481
5691.0,1265039.52561219,262902.350657254,4.0,117439.11002281363,11.673675265676012
5692.0,1267598.5339348,255830.290618017,4.0,47915.40052359421,10.777192245786946
5693.0,1268258.39351948,255814.350073993,3.0,32533.760753135462,10.390033621550527
5694.0,1278442.15199392,250631.093044683,4.0,312466.4058679448,12.652252241157345
5695.0,1278446.35180192,251283.695413351,4.0,240900.12724621137,12.392137716814576
5696.0,1268734.16619197,269444.85754396,3.0,637207.4416269964,13.36485053558605
5697.0,1290002.81952575,248548.860978559,3.0,46607.99999999999,10.749527479199216
5698.0,1290105.69824585,248718.935090736,3.0,138526.35736512634,11.838815892389052
5699.0,1257618.45187658,211842.461580977,3.0,92259.93448696232,11.432365247020105
5700.0,1262379.18020146,240349.168362156,3.0,98277.74179324378,11.495552849094413
5701.0,1257123.08144408,189262.049781844,3.0,52430.50644044196,10.867243884883688
5702.0,1255781.4598107,206849.982407853,4.0,197290.89562633223,12.192434546122547
5703.0,1255502.76649842,206858.584775865,3.0,95555.0057247726,11.467457336833839
5704.0,1274227.70936559,229237.334302783,4.0,1334793.312480987,14.104287015718686
5705.0,1268208.76369543,252708.81067881,4.0,153711.95300231536,11.942835694897907
5706.0,1270372.95787364,244046.648493946,4.0,158474.82517125088,11.973351027957253
5707.0,1270385.24132966,244469.576494381,4.0,181393.5080233405,12.108424027838309
5708.0,1254378.82710527,251528.135861605,1.0,0.0,
5709.0,1254381.19030526,251764.370613843,3.0,72004.40818446613,11.184482620908284
5710.0,1269732.20260899,269424.966855928,4.0,651630.9919944009,13.387233717492393
5711.0,1258496.36746149,196562.423293322,4.0,427660.2965055918,12.966084459664229
5712.0,1274808.05528618,207440.946440458,3.0,42716.79761373167,10.662347508598886
5713.0,1274804.45983018,207299.472648323,2.0,2847.9228254357367,7.954345174354229
5714.0,1264014.64938714,259621.86572589,3.0,281085.27268750087,12.546413363802104
5715.0,1254303.84924918,237056.183846787,5.0,231975.93690216044,12.354388925019821
5716.0,1266434.76004562,233399.454243049,3.0,1843168.660202066,14.426996746410591
5717.0,1293485.44608931,184591.264817059,3.0,84573.66947865201,11.345378261673575
5718.0,1265615.70455678,187127.014323667,4.0,1581841.642897248,14.27410032299305
5719.0,1265595.83287676,186459.632754982,4.0,1739932.2393126923,14.369356727508677
5720.0,1273215.89509256,254609.836408764,4.0,357533.9821308506,12.786985691510237
5721.0,1273216.10213256,254751.221624911,4.0,254128.26946904,12.445594416441748
5722.0,1265393.05937254,234355.535652027,3.0,13165.929909641864,9.485387704425763
5723.0,1276638.05100006,263264.561217621,3.0,97477.81928669344,11.487380136609689
5726.0,1262062.40522514,192483.148601145,4.0,842692.7748866776,13.644357727956843
5727.0,1261730.0552088,192489.632505149,4.0,1169745.9468376515,13.972297143740755
5728.0,1264878.72836402,242592.731116459,4.0,69593.93956991096,11.150432767386294
5729.0,1265298.87582044,242585.128812447,3.0,80235.75565845468,11.292724525654227
5731.0,1284982.7111046,245205.916527137,4.0,122694.78711655944,11.717455145008882
5732.0,1266081.15735725,232146.002337754,4.0,1337519.68252938,14.106327473553838
5733.0,1266403.03767759,232137.854753748,4.0,122890.7364191838,11.719050917767676
5734.0,1284137.60057575,248179.232114181,4.0,494037.8604201777,13.11036743376
5735.0,1284141.57830374,248526.321330532,4.0,392251.6403762012,12.87965885255263
5736.0,1279025.12818651,256558.563130766,3.0,444866.702332672,13.005529970955878
5737.0,1277742.68229719,225982.763035446,4.0,698121.996704685,13.456149146851404
5738.0,1272053.47448337,215829.286673054,3.0,217624.26795243367,12.290525313262116
5739.0,1256304.16643524,194829.087483555,3.0,70970.69961934208,11.170022389429324
5740.0,1256059.38441899,194838.916539565,3.0,9412.146689338748,9.149756335078411
5741.0,1277785.98008923,276464.459023148,2.0,35378.65432642048,10.473863932123855
5742.0,1278147.6453696,276451.104719132,3.0,33588.5816787106,10.421941457204904
5743.0,1274287.52677365,205680.202310666,3.0,49499.077539553386,10.80970931281856
5744.0,1281656.5134052,185585.664690077,2.0,139682.99667644277,11.847130824712448
5745.0,1281646.93202919,185316.55601780105,3.0,93161.9014383476,11.44209413424885
5746.0,1271016.9171703,223205.607512608,4.0,200277.4844595492,12.207459106246914
5747.0,1271139.64926644,223278.215960681,2.0,14.166666666666666,2.6508917872622613
5749.0,1267285.05918248,172646.332964838,3.0,6895.216965858698,8.838583256861938
5752.0,1275508.69234291,204579.457733527,4.0,63980.88249331627,11.066339606676847
5753.0,1275496.11032689,204105.325829044,4.0,100004.3586857662,11.512969050878011
5754.0,1271586.24907489,278051.931536764,1.0,0.0,
5755.0,1280206.51103571,226535.41942001897,5.0,454045.588552881,13.02595288729692
5756.0,1278315.04005778,222431.742615819,3.0,44633.23898635268,10.706234129185605
5757.0,1278308.63295378,222303.98069568,2.0,98.26094562558283,4.587626650402548
5758.0,1264378.32253951,262607.43718496,3.0,920512.5929363408,13.7326859601009
5759.0,1263854.92036296,262273.870912611,4.0,457092.88435244525,13.032641897260243
5760.0,1269374.99563262,245153.460271075,4.0,133841.43795114418,11.804411079410105
5761.0,1285221.46259286,201200.58752207496,3.0,428516.8773852944,12.968085403374527
5762.0,1254907.31459381,215090.375056297,1.0,0.0,
5763.0,1254888.6203858,214582.181519777,4.0,140186.2379350634,11.85072708852967
5764.0,1254252.01008114,209291.426698357,3.0,68516.22133670757,11.134825804050914
5765.0,1254085.78147297,209296.99066636,3.0,20895.048264516656,9.947267484738964
5766.0,1269717.91358498,223504.089560911,4.0,117340.38142996113,11.672834233113404
5767.0,1269847.83454511,223580.991640985,4.0,181598.96872099527,12.10955606628406
5768.0,1280603.09849212,217785.577363059,3.0,143331.66010252613,11.872916525230192
5769.0,1280838.92543636,217778.76635505297,3.0,119030.22745592988,11.687132752072726
5770.0,1276949.69599238,244690.299758613,3.0,281429.6700639972,12.547637855431939
5771.0,1282028.71046159,253202.397239327,4.0,69437.09913350893,11.148176573310545
5772.0,1259616.72016662,246920.092592895,3.0,22055.646367735637,10.001323919193506
5773.0,1259618.86160663,247020.372528985,3.0,19906.556060273502,9.898804406720762
5774.0,1284281.49107189,260460.165566757,3.0,100553.50553288752,11.518445258172267
5775.0,1284047.13657565,260822.721919119,1.0,0.0,
5776.0,1268535.57406376,256864.170811072,3.0,267108.6622524557,12.495410829318933
5777.0,1251751.78383857,210988.135884091,3.0,44152.73576490035,10.695410169342246
5781.0,1262925.42781802,253662.412087798,3.0,53467.27701656028,10.886825101202986
5782.0,1262612.0228897,253667.751991794,4.0,2256691.6663676784,14.629410434313053
5783.0,1266179.81431735,244520.303406432,4.0,105154.42727686036,11.563185284636877
5784.0,1272250.76088357,257089.708027303,3.0,430583.1486851494,12.972895728648599
5785.0,1272581.28056391,257079.724155292,4.0,241048.08150598803,12.392751700897255
5790.0,1267679.11479889,245717.574959651,4.0,247366.98188343516,12.418628269578894
5791.0,1281450.50719699,213218.48935838,4.0,1735632.9778624144,14.366882733568417
5792.0,1281716.85215726,213216.917198375,4.0,1203704.7412097806,14.00091464322339
5793.0,1265296.49393244,257603.891067833,4.0,140146.23608247566,11.850441699881783
5794.0,1265626.42468478,257595.748411819,4.0,192547.04685900145,12.16809580211688
5795.0,1269185.95172843,247213.944369197,3.0,1316189.1435582952,14.09025110664792
5796.0,1281738.27833328,211886.42183701703,3.0,11962.658537161937,9.389545288518695
5797.0,1281832.53926139,211729.570764855,3.0,45977.19089701618,10.73590070243207
5798.0,1282927.2142705,201227.135746107,4.0,372701.5479363909,12.828533238762699
5799.0,1273742.1023891,273076.654731676,3.0,223573.29626404613,12.317494586762876
5801.0,1267190.60855839,190436.391543046,3.0,404382.7299233956,12.910117059784788
5802.0,1266847.40747003,190436.327287048,4.0,621395.7196948237,13.339723387753253
5803.0,1286141.39417779,176211.115560487,4.0,101703.86081423146,11.529820544091221
5804.0,1271653.98053096,177179.466601476,1.0,0.0,
5805.0,1271933.58072324,177181.393769473,4.0,270516.1047295227,12.508086912389297
5806.0,1279075.40569055,274429.360717058,3.0,500011.5741934207,13.12238652552325
5807.0,1269380.42443264,224370.651417792,4.0,161683.87291826098,11.993398306010429
5808.0,1269224.54974447,224634.002330065,4.0,304848.8804326841,12.62757145881055
5811.0,1262278.33725736,233116.423010752,2.0,1627.0543718698232,7.394526525142412
5812.0,1284358.37183997,205860.86106284,4.0,180520.62868769155,12.103600336583286
5813.0,1272664.25054799,228387.928541914,4.0,722911.0441299643,13.491041456406567
5814.0,1272669.658676,228897.869086429,3.0,69074.27958486073,11.142937720274483
5815.0,1276395.54623181,223328.030808732,4.0,1144978.7788063951,13.950896661005183
5816.0,1284211.36454381,248528.942066535,3.0,141894.49068114086,11.86283903703247
5817.0,1267536.22929475,228855.696606398,4.0,297370.8333784374,12.602735236169352
5818.0,1267309.8862545,229061.751966596,4.0,282095.1876316215,12.549999837757808
5819.0,1258857.14166985,257228.675643444,4.0,2420038.9120803066,14.699294177375625
5820.0,1284152.35091175,255215.314169377,3.0,93182.0,11.442309848973883
5821.0,1284302.20588791,255211.788601384,1.0,0.0,
5822.0,1282185.18815774,223658.676505074,4.0,221385.2280074169,12.30765957619703
5823.0,1282468.22764604,223559.970328972,3.0,1496963.9322778394,14.21894956977674
5824.0,1287439.25805113,246693.558576658,5.0,356826.95120863884,12.78500621273395
5825.0,1288027.38905972,246517.839792475,3.0,82363.29274582161,11.31889514025782
5826.0,1263318.52842642,256994.702971205,3.0,34589.55287699378,10.451306975481486
5827.0,1262990.04970609,257003.19673121,4.0,60652.03974796556,11.012908545265296
5828.0,1280941.72972447,220296.479509622,4.0,160064.73233798245,11.983333589509101
5829.0,1280924.89574045,219875.844501197,4.0,185434.6491948136,12.13045780351326
5830.0,1259481.38384649,261243.627583563,1.0,0.0,
5831.0,1259579.28688659,261394.067903712,3.0,93182.0,11.442309848973883
5832.0,1259040.60976604,203846.975300789,4.0,627130.6929004906,13.348910239521697
5836.0,1284972.2583686,248211.678578213,3.0,194198.1966962276,12.176634548988975
5837.0,1276227.86181565,284441.308183312,4.0,1900925.2339720528,14.45785129085602
5838.0,1276219.87954363,285113.612951994,3.0,320943.25412154046,12.679019608047435
5839.0,1269749.928561,180482.773676857,4.0,926373.250998802,13.739032511246267
5840.0,1278889.29682636,223871.215129286,4.0,1467752.2802828257,14.199242727515978
5841.0,1278903.96178637,224556.185177982,4.0,1331184.4161547136,14.10157964236601
5842.0,1276765.34732018,220837.335382178,3.0,39081.76340894317,10.573411228192521
5843.0,1287624.75667532,201397.226242274,3.0,88296.19641408387,11.388452309946077
5844.0,1288242.85587594,201385.386754259,1.0,0.0,
5845.0,1271572.58699487,244437.450862348,4.0,222177.8558115947,12.311233492407691
5846.0,1271866.51160318,244429.823278338,4.0,100764.16095075216,11.520538025274407
5847.0,1276037.64568745,212541.501197681,4.0,390835.2970413219,12.876041515034604
5848.0,1276277.43851969,212536.722061679,4.0,447047.1849330065,13.010419427158975
5850.0,1264066.86813919,246558.19268852504,3.0,356498.1715982796,12.784084390066756
5851.0,1276275.95160769,259293.396541566,4.0,277447.89348892873,12.533388423326338
5852.0,1257917.54742889,199912.424128756,3.0,123701.28031852706,11.725624908517212
5853.0,1257478.06666043,199936.771200776,3.0,35518.096113362204,10.477797595257453
5854.0,1279054.42245853,206039.470599025,3.0,144460.62188480454,11.880762236488307
5855.0,1263046.39933814,260520.797310814,3.0,376858.2693373574,12.839624452343475
5856.0,1263187.74455428,260968.158975273,2.0,0.0,
5857.0,1255843.96918677,200417.732161269,1.0,0.0,
5858.0,1270960.33265825,243600.969261497,4.0,113877.34748886988,11.642877248961153
5859.0,1270972.45931426,244026.767341927,4.0,145344.56922165127,11.886862541832858
5860.0,1264792.75741993,268207.913542688,3.0,53009.32746610708,10.878223166976397
5861.0,1264806.15076394,268869.259975359,1.0,0.0,
5862.0,1274769.33163814,272127.098250702,2.0,2.0,0.6931471805599453
5863.0,1274892.95179828,272459.717643037,3.0,69886.0,11.154620622038925
5864.0,1290134.02790987,184046.98929651096,3.0,2000917.214393978,14.509116240593068
5865.0,1290479.30874224,184045.715696499,3.0,1940504.652367727,14.478458627298004
5866.0,1268667.42647991,225649.776859105,3.0,980881.468510484,13.796206904040867
5873.0,1272684.38827601,220290.860693619,4.0,9574.281618105562,9.166835784404487
5874.0,1272807.45592414,219852.61128516504,3.0,9867.380311552875,9.196989677902037
5875.0,1276708.60690413,218452.450003743,1.0,0.0,
5876.0,1276704.23589613,218120.2112194,4.0,459617.2850298782,13.038149433104804
5877.0,1286734.7141784,191809.840248451,3.0,160762.49888445047,11.987683392635226
5878.0,1286892.99603456,191805.60140045,4.0,167492.5418291655,12.028694102862888
5879.0,1278977.39077845,251273.330613345,4.0,466914.0865583168,13.05390055090082
5880.0,1260912.91050395,199803.597568646,4.0,151070.0003134721,11.925498586612783
5881.0,1272731.46462806,222432.48437582,3.0,59527.58684272679,10.994195128499436
5882.0,1272810.34667614,222430.797399819,1.0,0.0,
5883.0,1269841.9983211,218183.959443465,4.0,152860.96546444105,11.937284064781384
5884.0,1269826.55083309,217409.079058677,3.0,130952.63434210132,11.782590966893505
5885.0,1265302.50833245,280292.504147068,4.0,95679.28508365298,11.468757097204756
5886.0,1265308.79146846,280667.172051445,4.0,87534.48529964588,11.37978811241196
5887.0,1257124.32195608,220281.690133616,3.0,1425916.014430388,14.170324982310577
5888.0,1257068.66064402,220223.072469547,2.0,805692.1685669062,13.599457023681937
5889.0,1264946.39486009,191755.829240397,4.0,950589.5086014036,13.764837606494162
5890.0,1264977.30167612,191100.394487724,4.0,792294.8479426409,13.582688884272391
5891.0,1252374.28291121,209388.400906458,2.0,14486.48938088616,9.580971727208672
5893.0,1262608.6741537,240782.122538611,4.0,11620.458275605004,9.360522468148448
5894.0,1262290.49962537,240615.254762426,4.0,10172.917927729408,9.227484363104605
5895.0,1282366.20358193,232660.568610281,4.0,200853.4222128782,12.2103306782924
5896.0,1282704.07852627,232651.305826277,3.0,139649.5114195761,11.846891072760515
5897.0,1272964.2154763,203441.683780372,3.0,188977.70083001244,12.14938430205461
5898.0,1273956.62456532,203678.577668607,3.0,80572.93786363982,11.296918113599574
5899.0,1256189.11120312,202517.135107428,3.0,291147.62652315927,12.581585725156335
5900.0,1255978.44925091,202479.131267384,4.0,203449.8885850564,12.223175005801554
5901.0,1277398.65151285,224948.034138396,4.0,61268.19669058069,11.023016173110634
5902.0,1280012.28997952,230918.754144505,4.0,1918936.486972755,14.467281677502442
5903.0,1263734.43210685,250973.976181045,4.0,46984.5672474292,10.75757447033374
5904.0,1273586.97310893,230427.779743999,4.0,429927.48990146,12.971371845314282
5905.0,1273829.03589319,230421.132447988,4.0,345653.6252542803,12.75319246954141
5906.0,1267326.72017452,260858.75071916,3.0,81817.94259389378,11.312251845651394
5907.0,1280822.42713234,208705.142729759,3.0,19973.13180559473,9.90214323963204
5908.0,1281069.3088606,208698.509897754,4.0,768295.8817966477,13.55193020069122
5911.0,1264895.22276403,253226.704311341,4.0,1011114.4945747216,13.826563740427952
5912.0,1264900.60100403,253493.095479622,4.0,201735.3396216677,12.214711917428284
5913.0,1281462.909757,245923.557167873,4.0,654095.6538578713,13.391008879465941
5914.0,1284327.59430394,204384.733765334,4.0,961140.8903813766,13.77587628530368
5915.0,1284321.85811193,204111.861573055,4.0,1420703.6432533532,14.166662830264112
5916.0,1255222.62563413,234816.604004502,3.0,59569.337177180685,10.994896243771853
5917.0,1255228.90480214,235086.517476767,4.0,2511.096897538144,7.828474947635718
5918.0,1275160.19960655,231597.456545204,3.0,37289.99289738824,10.526480282703238
5919.0,1279103.70578659,232570.813218191,4.0,33880.792989682435,10.430603554326861
5920.0,1279025.02258651,232833.25296247,2.0,3868.137921203621,8.260528512918778
5921.0,1263827.39319494,247642.13476963303,3.0,8477.755750706465,9.045201041720086
5922.0,1255535.31235445,249652.946035683,4.0,522813.0442106472,13.16697921109165
5923.0,1291845.85063164,189102.73048567804,3.0,129955.07716234558,11.774944109428356
5924.0,1274403.61643778,271851.510218427,3.0,245643.6848005188,12.411637329147137
5925.0,1272492.75608382,278983.954321727,2.0,15101.214273809548,9.62253043505394
5927.0,1281043.29311657,274357.990796983,4.0,487207.03004244406,13.096444424753285
5928.0,1281663.36306921,244336.999982238,4.0,358929.5997868035,12.790881547367713
5929.0,1281913.01318146,244327.65060623,4.0,125685.16582045212,11.741535375048295
5930.0,1270368.70161764,245664.436271608,4.0,67342.88394192795,11.11755251837849
5931.0,1270720.557234,245657.63543959,3.0,93701.81982982138,11.44787288991434
5932.0,1255564.21616249,208588.699721634,4.0,1018362.6399013476,13.833706640459477
5933.0,1270793.93829007,222168.396311536,4.0,258925.0091521859,12.46429375880394
5934.0,1270786.68075407,221835.395991206,4.0,279996.49794679653,12.5425323747403
5935.0,1272171.88965149,236387.106406108,4.0,229689.47804280795,12.344483580239265
5936.0,1282172.83679773,213975.35105516,3.0,14139.689636355197,9.556740989871285
5937.0,1282335.7636459,213625.302862793,4.0,118373.03732962236,11.68159625024214
5938.0,1275342.37867874,248364.29016237,3.0,1612.1464290189128,7.385321755801524
5939.0,1275593.22725499,248362.329842359,5.0,732637.0975920394,13.50440576630855
5940.0,1262712.3895458,245309.438319236,4.0,148302.4964681748,11.907009361889761
5941.0,1262301.01828139,245318.484527245,4.0,120775.11533407638,11.70168554437207
5942.0,1278939.20485842,263188.190273553,4.0,290252.70228356245,12.57850720970995
5943.0,1279281.56505077,263176.835329533,3.0,88552.61034773955,11.391352121576483
5944.0,1263548.58794665,233085.213730723,3.0,1088932.3227041485,13.900708253706755
5945.0,1279553.93522705,256543.255418748,4.0,405890.5167112252,12.913838738945348
5946.0,1277350.27429679,213535.332238704,4.0,76053.33829660426,11.239190192800356
5947.0,1275724.28178312,221925.68879129,4.0,593076.7679105066,13.293079126448445
5948.0,1275720.59973513,221754.526743114,4.0,920909.212549412,13.733116735513706
5949.0,1266255.08158143,255060.277049229,4.0,445182.7338566156,13.006240114739752
5950.0,1257070.68592402,253727.712823868,4.0,410926.60689776746,12.926169905507592
5951.0,1287393.72038707,191791.521080434,3.0,226315.9229278604,12.32968719117842
5952.0,1280979.08198051,252562.949046671,4.0,252691.19356854944,12.439923443416241
5953.0,1280980.88582051,253222.96248734,4.0,274042.31257914414,12.521037798919151
5954.0,1278955.81535444,217314.53595458,4.0,692874.3223006441,13.448603908624055
5955.0,1279259.08741875,217306.984466568,3.0,790875.6114200507,13.580895979542044
5956.0,1274833.04312621,188488.236021057,3.0,120907.13340117554,11.702778037353418
5957.0,1274638.66687001,187227.934067771,2.0,46591.99999999999,10.749184131556358
5958.0,1262207.56471328,237480.34967123,4.0,91859.9616036741,11.42802053989226
5959.0,1295499.67860338,187369.712627903,3.0,960144.755613971,13.774839339174674
5960.0,1295857.22055574,187071.687667608,3.0,988462.8424832664,13.803906331086868
5961.0,1265687.83466884,262222.989120558,4.0,1210671.867299298,14.006686025702718
5962.0,1259212.83191022,253708.761079848,4.0,200520.88330701325,12.20867367644959
5963.0,1263567.61284268,247931.08824192,3.0,310428.8380499166,12.645709969064347
5964.0,1254876.40816177,207950.89556098,4.0,646289.8026259755,13.379003293045088
5965.0,1270269.19332954,257479.554363698,4.0,826601.3009788078,13.625077754950144
5968.0,1276970.2559924,218113.245011389,3.0,785647.7129435564,13.574263768576754
5970.0,1284939.31257656,208665.40954572,4.0,64359.06387381804,11.072233055845443
5971.0,1284933.16659255,208236.279177278,4.0,240925.2426544653,12.39224196789742
5972.0,1288020.94585972,190527.567223147,4.0,929623.898856102,13.74253537350158
5973.0,1277682.47570513,268848.620551348,3.0,48982.89934401265,10.799226523201208
5974.0,1284203.61753581,263072.261697426,1.0,0.0,
5975.0,1284143.91750374,263308.985985667,3.0,112861.40704535936,11.633915858620318
5976.0,1271294.12401859,223369.603608772,4.0,249812.46439718787,12.428465772935532
5977.0,1269730.14123298,244876.85783879497,3.0,54970.331625322346,10.914548893678464
5978.0,1269736.37547299,245146.77457507,4.0,169812.40409074945,12.042449601373546
5979.0,1271736.44427504,208289.89063333,3.0,87055.74929842468,11.374303988947904
5980.0,1260021.07664704,189835.101750433,3.0,4404.5878333694645,8.390401966085484
5981.0,1279127.29273061,222904.594328299,4.0,98355.61434149867,11.496344907510712
5982.0,1279135.64767462,223269.360344678,4.0,114650.72132557834,11.649645579810771
5983.0,1265091.43134023,233881.946403533,3.0,20510.91967036848,9.928712690157116
5984.0,1265093.18103623,234362.194468036,4.0,40713.28597637355,10.614309754927733
5985.0,1272076.6266754,246150.237168103,4.0,354864.5817316657,12.779491535772413
5986.0,1284999.72422463,242250.146860108,2.0,556.1754514591609,6.321083804650288
5987.0,1284676.4830723,242566.077996433,3.0,1077.1418805180083,6.982066405265384
5988.0,1255192.8422101,201064.370625928,2.0,15590.371625070038,9.654408799167975
5989.0,1263998.91485912,251619.421109706,4.0,88812.90809768802,11.394287279876758
5990.0,1273357.7288207,276791.275279477,1.0,0.0,
5991.0,1264559.76343569,286445.749081358,1.0,0.0,
5992.0,1264081.2132272,286459.211353377,4.0,139770.0,11.847753493478953
5993.0,1292895.70906471,188722.383861288,4.0,104821.73804647983,11.560016453467306
5994.0,1270673.03076996,280036.895762801,3.0,121878.53477433266,11.710780211156138
5995.0,1261156.5419282,242779.18481265,3.0,555162.6278007618,13.227016372870134
5996.0,1277070.6800565,236664.915238395,2.0,133576.87010986044,11.802432397176108
5997.0,1265110.25054026,234981.896612659,3.0,35436.76277634325,10.47550505676428
5998.0,1256933.34793988,237332.855207071,4.0,176518.20871351584,12.081179315549964
5999.0,1256945.56867589,237752.569255501,4.0,65603.0625793999,11.091377659504023
6000.0,1269018.86872026,245690.361775637,4.0,287312.6492011366,12.568326271847598
6001.0,1269011.81720026,245949.975087896,5.0,1206281.4124789906,14.00305297272962
6002.0,1283661.79609525,198580.07443139,3.0,68638.8057478718,11.136613335232392
6003.0,1285492.22521713,243006.32478088103,3.0,62268.50711883251,11.039211073254917
6004.0,1259915.53719094,200495.636225358,3.0,186558.69746126825,12.136501200244185
6006.0,1258701.9428217,255064.30264923,4.0,369065.7918201208,12.818730204745037
6007.0,1258713.73738171,255749.484025925,4.0,178210.01191913718,12.090717976049682
6008.0,1255463.23344238,196049.883964792,2.0,20346.311975378227,9.920654944735508
6009.0,1272044.79339536,230455.085792035,2.0,129.59514855122364,4.8644153491991675
6012.0,1257825.6082928,196334.61305308304,3.0,35679.66339033255,10.482336152521993
6013.0,1279280.03551477,256551.175994754,3.0,211371.79977866125,12.26137394606811
6016.0,1256568.62454751,255213.960505381,4.0,516951.453730464,13.155704249140616
6017.0,1266272.75050944,253738.154423878,4.0,304722.62182291073,12.627157205154953
6018.0,1261273.79626432,251667.399669752,3.0,157132.41828211816,11.964844157392982
6019.0,1261162.04586421,251669.27992574903,3.0,35193.73748412835,10.468623433375186
6020.0,1265427.30826858,235595.20643729,4.0,141407.9579419941,11.85940431050732
6021.0,1280653.14758018,245649.760111585,3.0,300.928167913015,5.706871591461414
6022.0,1264273.82570741,255099.252089262,4.0,399839.1477844769,12.898817614675144
6023.0,1273547.05746089,254741.14514489504,3.0,18953.060168884385,9.849720683957697
6024.0,1279899.8357714,258523.305276766,1.0,0.0,
6025.0,1280931.66937245,258495.129468739,4.0,581257.8395071257,13.272949723116836
6026.0,1273005.68914033,239636.85386543,1.0,0.0,
6027.0,1257522.56426048,249393.801523417,4.0,312121.4536275593,12.651147665491285
6028.0,1282961.83494253,262400.701376736,4.0,611606.1891149879,13.323843872532912
6029.0,1273338.85714068,250740.445492804,4.0,467694.3140238455,13.055570186325228
6030.0,1273733.82546109,250081.821812123,4.0,653931.0724050574,13.390757231008951
6031.0,1276025.46098344,232813.69065845,2.0,55834.53212348792,10.930147812217093
6032.0,1276337.74251975,232817.36189045,4.0,298186.3247392459,12.605473820902537
6033.0,1265826.71697299,179202.036075547,4.0,959086.9970991912,13.773737066225737
6034.0,1267357.40977456,249475.296435505,4.0,102533.53573629324,11.537945201964634
6035.0,1267361.99275056,249735.741107777,4.0,776762.4883364824,13.562889904804173
6036.0,1263315.19837841,243378.527789265,4.0,44356.39150780665,10.700012092524519
6037.0,1259487.90058249,189843.231350437,3.0,1441001.6392498903,14.180849012559007
6038.0,1262350.42960943,262020.586304352,2.0,14442.518328332417,9.577931796710002
6039.0,1258513.7037175,257813.817532048,4.0,119988.5457636433,11.695151565238715
6040.0,1258634.51318963,258256.578428492,2.0,208.77285601686455,5.341246847638531
6041.0,1261114.87076016,240336.866922155,4.0,985140.610569258,13.800539661813113
6042.0,1261126.89335218,241019.905194849,4.0,1045075.799240842,13.859599975909202
6043.0,1273886.06731725,227120.968156621,4.0,309475.652753287,12.64263470162563
6044.0,1257742.35645272,204566.987333521,4.0,94311.90078643292,11.454362661999582
6045.0,1257421.61334838,204579.675909534,4.0,530430.0753104282,13.18144341932019
6046.0,1283282.59871887,235710.002789408,4.0,406644.7994632372,12.915695354783862
6047.0,1283576.34092717,235702.004453406,4.0,669816.9853760701,13.414759797898093
6048.0,1278315.38616978,267174.537925631,4.0,2087125.868996916,14.551298495211915
6049.0,1278648.74117813,267163.95725362,3.0,1131246.1857369042,13.938830402266305
6050.0,1272354.71045168,238187.22256794604,3.0,145123.64521200565,11.885341383638828
6051.0,1274822.1107102,207993.877129033,4.0,155899.37776513703,11.956966063794395
6052.0,1275002.12050238,207989.491273031,5.0,1911280.455421677,14.463283970916857
6053.0,1272269.45637159,222442.583767831,3.0,148487.72390096035,11.908257566474159
6054.0,1259706.32567072,203822.848068759,3.0,713296.9786160793,13.47765313247429
6056.0,1266080.20202924,249507.320691541,4.0,101384.99046985849,11.526680336203038
6057.0,1265595.75089276,255337.845433503,4.0,1617424.558482542,14.296345663454973
6059.0,1267658.50334287,244917.800942838,3.0,45569.02115315302,10.726983403955975
6060.0,1255649.74486656,258188.356476426,1.0,0.0,
6061.0,1254004.92860888,238550.580456316,4.0,78588.87900352177,11.271985479902042
6062.0,1271072.11691436,270063.457352594,4.0,18912.11197959869,9.847557841275366
6063.0,1262132.02877721,235317.242405012,4.0,189167.18942661723,12.150386503154492
6064.0,1261836.73802491,235311.395941004,3.0,405487.0199749636,12.91284414209917
6065.0,1279888.73669939,214859.637008056,3.0,60212.00048320535,11.005626955005463
6066.0,1280175.00089169,214854.21480006,4.0,79302.04455364331,11.281019189808147
6067.0,1256656.1903716,239017.695976794,4.0,2119177.982929581,14.56653882755495
6068.0,1256344.00528328,239023.248808801,4.0,1909705.3543494565,14.462459523384279
6069.0,1270966.48945825,260777.561919078,4.0,385838.467362032,12.863174082523768
6070.0,1272691.01323602,220596.833877936,4.0,87340.78112659711,11.377572770514524
6071.0,1273008.79250035,220588.618325919,4.0,136984.13768680475,11.827620414798863
6074.0,1271751.27237105,275358.794574007,4.0,354534.3736344297,12.778560583961484
6075.0,1293830.27642566,185519.309234008,4.0,1483038.577524806,14.209603633947482
6076.0,1294486.77677834,185485.029105976,3.0,202809.10997598857,12.220020470676385
6077.0,1283365.39148694,265039.145603448,5.0,1237484.7176531872,14.028591423977566
6078.0,1261990.18820105,171447.4521956,1.0,0.0,
6081.0,1265164.53156431,280295.709523067,1.0,0.0,
6082.0,1284290.2748159,206532.232711539,3.0,95250.86627847487,11.464269387734728
6083.0,1284373.27302398,206531.35245552697,3.0,54755.897163172885,10.910640352621245
6084.0,1276534.79032795,264589.937794983,4.0,394589.9552662984,12.885602416763378
6085.0,1276633.30751206,264586.655682981,3.0,339270.68326457654,12.734553543457167
6087.0,1273065.9564044,248776.850994796,3.0,178352.7993904337,12.091518886713386
6088.0,1270729.75371401,254170.182072312,3.0,80570.53355164723,11.296888272961642
6089.0,1270749.91019402,254815.68146497,3.0,158122.4592690087,11.971125070470855
6090.0,1251297.76470211,239260.869673043,3.0,30344.954598305987,10.320385542085148
6091.0,1251323.69475015,239923.423849732,4.0,27007.18968988316,10.203858394349446
6092.0,1267714.51569492,233064.489378706,4.0,2712043.842076637,14.813213093869217
6093.0,1282525.82886209,252532.413366631,4.0,597522.2228054897,13.30054675507606
6094.0,1253772.69872065,251341.020725414,3.0,465758.0,13.051421464913206
6095.0,1284891.65881652,198370.609919176,4.0,232082.53625534463,12.354848347102275
6096.0,1253359.91478422,239224.950505003,4.0,107161.1272815553,11.582088843214592
6097.0,1253279.13801613,239224.702761009,1.0,0.0,
6098.0,1256111.39024304,258926.787389189,3.0,22457.93442806092,10.019399257369601
6099.0,1255631.73341055,258936.588221192,3.0,214472.2801694703,12.275935779020136
6100.0,1276886.94188032,228765.099358305,3.0,36400.79290777186,10.502345836568127
6101.0,1266789.82494198,272470.742283046,3.0,688246.8780010571,13.441902886853711
6102.0,1269388.46379264,178517.590570852,4.0,212476.11593879413,12.266584865447607
6103.0,1269711.36401697,178514.561066836,3.0,105370.63964868856,11.56523931507613
6104.0,1280189.54386769,255458.142777637,4.0,2577142.0681106765,14.762191617377912
6105.0,1280201.68325971,255720.949945897,3.0,313703.8893397778,12.656204792379814
6107.0,1270954.82513824,204899.331141859,4.0,428502.70588965947,12.968052331795038
6108.0,1271255.92984255,204890.798021853,3.0,557058.7462998343,13.230425982467935
6109.0,1276779.92568821,214265.219535455,4.0,438886.7114001629,12.99199659816206
6110.0,1259655.89431067,248814.484786823,4.0,381423.2902334434,12.85166503539534
6111.0,1277519.18898496,237555.090983301,4.0,163596.99043545974,12.005161307110304
6112.0,1277945.2130494,237544.549671292,4.0,709768.3634445012,13.472693947117106
6113.0,1284456.70035207,203365.629828289,1.0,0.0,
6114.0,1284701.17984031,203303.267716229,3.0,104153.7558581237,11.553623508046808
6115.0,1280288.17919579,200377.070529222,2.0,42415.52632088079,10.655269761003247
6116.0,1280603.55186813,200359.622401208,3.0,359792.638370782,12.79328313995235
6117.0,1280860.17113239,255963.400570154,4.0,171165.108407308,12.050383915886428
6118.0,1281531.19570906,255954.695866138,4.0,262543.4500034143,12.47817187113879
6119.0,1280303.67257181,263142.912513494,4.0,199071.53864801905,12.201419529798896
6120.0,1280623.72473215,263131.934145495,4.0,118139.98776162104,11.67962553726905
6121.0,1264506.77604364,211680.12334080003,3.0,214543.93644379315,12.276269828280814
6122.0,1264331.49617146,211684.381196812,2.0,46592.0,10.749184131556358
6123.0,1289168.6801329,189881.639414489,4.0,592797.5374948098,13.292608198931786
6124.0,1289459.55418119,189873.973046467,4.0,657304.6534222591,13.395902893828401
6125.0,1284927.02585655,207807.494600832,4.0,511775.5960730942,13.145641519025244
6126.0,1280584.1356121,249918.871347964,3.0,12025.733467770038,9.39480408835458
6127.0,1257671.88611664,202588.128771499,4.0,2168477.8421141217,14.589536024134853
6128.0,1278991.03839447,203047.644227967,3.0,51200.51420986412,10.843504854138576
6129.0,1278984.29330647,202703.903107613,4.0,2138185.6307004127,14.57546819126041
6130.0,1251743.40553457,210671.39962777504,3.0,46934.09377542952,10.75649963650819
6134.0,1254498.85212938,202709.889987618,3.0,46599.99999999997,10.749355820113736
6135.0,1282171.37222172,252539.428470641,3.0,157538.41462799982,11.967424609908468
6136.0,1284964.53625658,245863.658671811,4.0,154591.20713581538,11.948539538587976
6138.0,1255334.63625824,239042.479080826,4.0,1008217.3788818131,13.823694358016137
6139.0,1279069.57497054,231483.115233079,4.0,158031.32354700836,11.970548542657632
6140.0,1294388.98791423,181292.446893692,3.0,411999.2345360773,12.928776770407795
6141.0,1294387.48788224,181246.779373646,4.0,2063932.1646299695,14.54012353906964
6142.0,1273350.58936469,209091.423498154,3.0,177130.995091254,12.084644823089238
6145.0,1261597.71754466,238806.898472577,4.0,93992.18199452538,11.450966887522295
6146.0,1261474.10820054,238808.766248584,2.0,34116.47052339319,10.437535553212612
6147.0,1293258.41338508,188502.917429075,3.0,72742.89970003699,11.194686581645762
6148.0,1262614.24669769,170076.847330198,4.0,280342.15323424543,12.543766111983176
6150.0,1282117.66175768,273166.087627769,4.0,1322238.646939572,14.094836802723524
6151.0,1282320.03897388,273159.547339752,3.0,348169.05169731646,12.760443421542762
6152.0,1265847.91671701,192394.525753051,3.0,226438.2145252152,12.330227403139892
6153.0,1265852.81796502,192135.367160797,1.0,0.0,
6154.0,1269081.27012832,179836.475116193,4.0,370442.7933153434,12.822454307789583
6155.0,1292156.61018395,187877.433780432,3.0,308033.99301563145,12.637965422799597
6156.0,1269068.26232031,179176.572843522,4.0,627139.6862210545,13.34892457984371
6157.0,1263498.6694186,244500.304110408,3.0,90376.20741766,11.411736319456578
6158.0,1285309.93030494,196322.936893076,3.0,222761.70256477763,12.313857880719727
6159.0,1285509.66214515,196323.783997074,4.0,435774.86746303126,12.984881029942192
6160.0,1259224.53923823,254374.691192523,4.0,350540.8583590987,12.767232550300779
6161.0,1263035.76881014,247943.287345931,4.0,1385889.4466658449,14.141852691240286
6162.0,1285472.7692171,251809.852149904,3.0,186508.49738182663,12.136232079397118
6163.0,1263555.83402666,233398.559587047,4.0,741679.5280807004,13.516672525996416
6164.0,1255568.03107448,251488.954485565,4.0,44793.92292295577,10.709827760160747
6165.0,1254905.5153618,251494.865269572,4.0,56795.960299312654,10.947220480689015
6166.0,1282325.65804589,249226.856307253,4.0,375307.48105484655,12.835500918457207
6167.0,1282599.56236617,249220.356019244,4.0,1901818.7127137536,14.458321203514178
6168.0,1281411.08242895,211889.037005022,3.0,14496.362448499509,9.581653031315899
6171.0,1270318.07998559,201876.109506771,3.0,82861.7176238991,11.324928444645353
6172.0,1270595.56734587,201931.472898826,3.0,55032.50304944449,10.915679254199187
6173.0,1265456.88695662,248993.72459501,4.0,253497.2542466404,12.443108270580515
6174.0,1265697.66014086,249005.751475021,4.0,231021.31101316877,12.35026524071692
6175.0,1252617.60425547,208889.30477795,2.0,5222.400939061893,8.560712525143957
6176.0,1252504.75247934,208798.015625849,3.0,918766.3946381576,13.73078717385409
6177.0,1260285.32675931,247436.891761422,4.0,123084.04184661555,11.720622668079557
6178.0,1259627.88816664,247451.450417429,3.0,17900.29963081561,9.792572730840458
6179.0,1274087.78411745,239513.984361306,3.0,48617.61381409031,10.79174116838705
6180.0,1254595.50518548,214591.36526379,4.0,332556.2012409808,12.714564151083376
6181.0,1254417.8063693,214597.300943792,3.0,305104.40807374165,12.628409318564145
6182.0,1281600.57286115,221495.833046854,4.0,112750.08989460228,11.63292905465598
6183.0,1281768.66604531,221489.626070842,3.0,3135.186713311955,8.050444008968798
6184.0,1271810.68888311,197361.676606148,4.0,363317.37741325615,12.803032049196549
6185.0,1272470.57406779,197341.385982126,3.0,118180.5097561541,11.679968478278028
6186.0,1264107.74237923,194450.658811167,4.0,2445541.2048936067,14.709777008091164
6187.0,1264089.4704432,193781.315322474,4.0,1282522.8051380643,14.064339637653033
6188.0,1262042.76029712,259672.573629946,4.0,212084.33863488355,12.264739298292714
6189.0,1262055.16772112,260338.904318631,4.0,61155.977165410375,11.02118288229778
6190.0,1274165.21669354,224658.766682088,4.0,1169067.1276441002,13.971716661939949
6191.0,1274493.24818186,224651.381850094,4.0,1043319.7221385476,13.857918227889531
6193.0,1273738.87602109,222105.176983476,4.0,1034486.3809689456,13.84941561123714
6194.0,1273731.75070909,221800.260951161,4.0,2006944.7036057045,14.51212407563295
6195.0,1268239.47691146,242715.88343659,4.0,399405.6203564324,12.897732771863922
6196.0,1281635.95468518,209907.173514992,3.0,80440.55472463355,11.29527373999202
6197.0,1281785.95244533,209906.202698991,4.0,131229.56729993125,11.784703490620027
6198.0,1286166.65952182,205034.395206004,3.0,6796.615088345821,8.82417998610443
6199.0,1286164.33766581,204879.28557384,5.0,239577.73246762253,12.386633204625884
6200.0,1265084.87556423,245006.278126925,3.0,48955.91553716087,10.798675489220098
6201.0,1265089.18494023,245175.138415098,1.0,0.0,
6202.0,1282952.28179052,202798.668355703,3.0,182516.9855698723,12.114598519289528
6203.0,1283614.44550321,202785.566979691,4.0,119005.73675366152,11.68692697894566
6204.0,1254869.97571377,249664.353843704,3.0,526153.1856837412,13.17334767685697
6206.0,1281945.5852775,261778.153088108,4.0,1701307.3531958866,14.346907544765095
6207.0,1269266.09886451,241885.346091732,3.0,30855.547665721384,10.337071840256415
6208.0,1269425.87281668,241881.122027725,4.0,141124.15794956422,11.857395334734884
6209.0,1276958.41548039,217566.493458837,3.0,162189.7523431427,11.99652223952541
6210.0,1268286.0230235,258193.11366044,3.0,89163.51939905864,11.398227259567998
6211.0,1263951.95268308,259871.750398159,1.0,0.0,
6212.0,1279329.09381881,281449.549460247,1.0,0.0,
6213.0,1279128.93375461,178425.369322747,3.0,639759.6382294644,13.368847819527096
6214.0,1276202.10136761,273608.887628213,1.0,0.0,
6215.0,1276385.69285581,273600.904396206,3.0,129801.891054216,11.773764652130716
6216.0,1277445.68421689,281448.812884241,1.0,0.0,
6217.0,1277836.23167329,281453.63010025,3.0,311543.87081354635,12.649295444575658
6218.0,1265304.20388445,172649.71286884,2.0,92136.90909090912,11.431030892137231
6219.0,1269759.06897701,273551.985164165,3.0,20329.45390225364,9.919826044591844
6220.0,1279743.31442724,275069.901069716,4.0,187308.15031493656,12.140510402247514
6221.0,1293270.8720091,188916.898229495,3.0,77116.25939673142,11.253069424434997
6222.0,1293267.02656908,188788.51198937,3.0,113516.02588510116,11.639699303161766
6223.0,1260988.67709604,239012.780328795,4.0,219021.3889552893,12.296924670492087
6224.0,1268613.42891185,235607.074533299,1.0,0.0,
6225.0,1268623.31799985,235869.597925574,4.0,96343.2528226056,11.47567264360224
6226.0,1265186.34686033,237840.161575586,3.0,401437.6372320598,12.90280747585171
6227.0,1265198.66474834,238346.112360105,4.0,559824.0814791616,13.235377873143175
6230.0,1273334.00114068,243912.146477804,3.0,56398.18992633441,10.940192343466434
6231.0,1273347.28920469,244372.131118283,3.0,214229.36954395424,12.27480254031357
6232.0,1276799.30488822,217057.017426312,4.0,302881.4470940368,12.621096744211837
6233.0,1276789.85023221,216696.982417941,4.0,224914.2664155312,12.32347457041988
6234.0,1252873.30390373,240878.104682699,4.0,243262.39336548763,12.4018959478377
6235.0,1252879.54371174,241222.847723052,4.0,236829.5890889376,12.375096128108774
6236.0,1284235.49510384,198822.943999633,3.0,259047.93810949317,12.46476841278062
6237.0,1267228.74827042,235865.923109576,4.0,715975.3080132902,13.481400959333168
6238.0,1276341.66411975,206860.572935864,1.0,0.0,
6239.0,1276323.84427974,206154.251527146,4.0,309091.3004166464,12.641391982841073
6240.0,1267986.7096792,260842.80095914,3.0,314820.9854374351,12.659759456065387
6241.0,1284463.39225608,234804.404836476,3.0,88297.39732556306,11.388465910795958
6243.0,1276941.83250438,257947.874620184,4.0,1682933.2304603131,14.336048799456846
6244.0,1282939.07743852,202003.632514894,3.0,89809.48838138774,11.405445909971203
6245.0,1282938.53407851,201875.147906765,3.0,37863.5118146546,10.541743178376372
6246.0,1254732.10793763,192304.989560962,1.0,0.0,
6247.0,1265266.88670042,193750.04665044,4.0,1110074.9834263558,13.919938123643297
6248.0,1265249.69284441,193081.638265759,4.0,530204.0925797363,13.181017291743025
6249.0,1275423.88408682,242801.026348665,4.0,143705.94456481194,11.875524439094661
6250.0,1275708.71557511,242791.050284654,4.0,165281.1797148482,12.015403422002533
6251.0,1285577.67417721,209945.360075027,4.0,164904.47555799538,12.013121649222407
6252.0,1285886.94816153,209940.738379017,3.0,33518.15508351234,10.41984251380661
6253.0,1259175.88771819,197311.430654094,3.0,131092.7042799342,11.78366001816463
6254.0,1262777.87792987,234412.812452078,3.0,78450.33485905609,11.27022102659128
6255.0,1274267.18661363,211395.740364507,1.0,0.0,
6256.0,1274424.20926979,211393.822092503,4.0,247330.707216966,12.418481615703877
6257.0,1264338.99089147,245019.279086947,3.0,362244.5669572666,12.800074862022884
6258.0,1264038.92292316,245018.881774947,4.0,273119.659099157,12.517665289855099
6259.0,1256048.29686698,241160.910506994,4.0,151148.5279840246,11.926018261384295
6260.0,1255718.47926664,241166.653291002,4.0,105491.879796212,11.566389260179728
6261.0,1261358.76592842,188169.130996734,3.0,254456.77829764597,12.446886270678263
6262.0,1274419.21912579,280587.58101137,4.0,865538.8312529271,13.671107518279923
6263.0,1288210.13248391,185321.924785808,3.0,46592.0,10.749184131556358
6264.0,1288204.01632391,185109.678769588,1.0,0.0,
6265.0,1273738.4252051,275452.057486102,3.0,173853.66289885496,12.065969206520093
6266.0,1264061.04957919,285111.839320004,4.0,159235.95171084077,11.978142354226668
6267.0,1280395.9059799,273715.614092335,3.0,1447832.5941807386,14.185578233490611
6268.0,1280401.50245991,274381.458253011,4.0,600413.2203490961,13.305373397734694
6269.0,1262322.1370014,280051.20545882,1.0,0.0,
6270.0,1283194.48275077,201872.645570755,3.0,5253.252735166343,8.566602732335395
6271.0,1256311.40854725,238604.084904373,5.0,209648.38474893043,12.253187048056615
6272.0,1255982.1805149,238610.064552382,3.0,147460.15236461512,11.901313264803756
6273.0,1264882.62468402,238981.071400762,4.0,65143.299587008216,11.084344731323974
6274.0,1281569.03551711,257010.10681122504,3.0,232785.38583157127,12.357872217231366
6275.0,1282228.86098978,256994.5222352,3.0,212676.38070383947,12.267526949906422
6276.0,1267509.45572671,244620.952814534,4.0,474050.2910108817,13.06906869422817
6277.0,1267517.87825473,244921.937774837,4.0,615197.3108013457,13.329698325904827
6278.0,1254071.66204895,241197.885163024,4.0,184719.18408754875,12.126592026995825
6279.0,1278329.38751379,227037.868252531,4.0,215854.97893803733,12.282362067375166
6280.0,1256618.39478756,196150.535292909,1.0,0.0,
6281.0,1256618.46109156,195550.273404285,3.0,271984.00825147284,12.513498550356632
6282.0,1264743.60196388,265560.137667984,4.0,437068.3478384692,12.98784486422451
6283.0,1264752.11543588,266222.946052656,4.0,922842.9737667196,13.73521437308205
6284.0,1272447.92024377,284119.368534982,4.0,799650.7301271239,13.591930323976968
6285.0,1273111.42091645,284092.039894953,4.0,911070.147838295,13.722375174197868
6286.0,1282818.56486239,275419.095310077,3.0,15323.349655371094,9.637133065307
6287.0,1283170.67539075,276394.661263078,4.0,275452.9203689504,12.526172005019104
6288.0,1270517.57764979,287111.195930049,3.0,48983.66060606061,10.799242064464439
6289.0,1267642.38686284,285007.042327896,1.0,0.0,
6290.0,1282328.34898989,263071.593089432,4.0,253910.1872476765,12.444735889958663
6291.0,1282658.03596623,263058.611457422,4.0,86405.24379497815,11.366803645021964
6292.0,1287338.33203502,189521.127670109,3.0,213239.5973017797,12.270171682460798
6293.0,1287330.24838701,189196.65355777703,3.0,238678.4832960758,12.38287266706612
6294.0,1252584.68604743,212687.20206183204,3.0,477239.0378216439,13.075772771856709
6295.0,1278943.67199442,234681.48746036,4.0,1614692.1767283457,14.294654893826914
6296.0,1277489.66213693,227908.863517419,4.0,293317.8565084476,12.589012134491302
6297.0,1277512.75199296,228573.995742097,3.0,150862.86641311712,11.924126533711783
6298.0,1283916.75980751,199916.40704076,3.0,56887.344389095706,10.948828176906446
6299.0,1283908.67884751,199246.653440073,4.0,794604.8142787884,13.585600181089296
6300.0,1257517.16662848,212933.491598085,4.0,181216.9884237497,12.107450423294237
6301.0,1264985.14090812,193758.363898456,4.0,1564542.4957156992,14.26310400421224
6302.0,1264967.97098811,193090.055545762,4.0,1573482.848839557,14.268802095420556
6303.0,1276003.72511141,267764.288774237,1.0,0.0,
6304.0,1261752.48887281,263816.857346192,3.0,93182.0,11.442309848973883
6305.0,1261223.94596028,263791.931202173,1.0,0.0,
6306.0,1254985.67926589,216979.881810233,3.0,52640.85766900511,10.871247858970667
6307.0,1274604.46974997,252143.648694232,3.0,742593.9287759942,13.517904645060124
6308.0,1258659.26013365,259082.524285346,1.0,0.0,
6309.0,1277868.14661732,218082.25685136,4.0,1299072.7387766943,14.077161290064
6310.0,1257987.69814897,202575.690435484,4.0,2365515.171032962,14.676506387489955
6311.0,1257979.85334896,202245.94406715,3.0,40249.086099572174,10.602842576988243
6312.0,1272904.05022824,242051.627563909,4.0,190843.83713692264,12.159210765993214
6313.0,1272914.75461225,242422.428332284,1.0,0.0,
6314.0,1266885.39134207,235563.081829265,4.0,551234.8209239764,13.21991616962526
6315.0,1267054.68100625,232441.900386065,4.0,2586376.367517109,14.765768368140476
6316.0,1271198.87877049,198941.215743765,4.0,174761.69882973877,12.071178603948193
6317.0,1265213.81329237,233879.239715531,3.0,87214.12210525839,11.37612154753284
6318.0,1265331.38327648,233876.639011532,3.0,202786.44873715565,12.219908727643851
6319.0,1277001.93477644,221420.801046774,4.0,671932.4954136806,13.41791316120607
6322.0,1271502.4782588,249600.307379633,4.0,465904.3583322492,13.051735652412882
6325.0,1282443.676478,178856.815979198,2.0,83919.68641080607,11.337615506299684
6326.0,1282662.14751823,178717.903851047,3.0,53767.20889812735,10.892419060294413
6327.0,1265161.27306831,243631.75889352,3.0,61727.256191886736,11.030480865864304
6328.0,1271503.8847228,198931.936255753,3.0,46687.56358017944,10.751233103698706
6329.0,1283567.87993516,205879.785222858,3.0,250890.59092796317,12.432772230367796
6330.0,1283820.87487942,205874.192710862,3.0,180518.43713716904,12.103588196342908
6332.0,1274112.25618148,243379.973677263,4.0,2781315.382335014,14.83843453287566
6333.0,1261792.84573686,267463.210245922,3.0,46626.33333333332,10.749920753498804
6334.0,1261797.14167286,267629.149574101,4.0,51258.26714967965,10.84463219422921
6335.0,1264984.10577212,250951.284341022,4.0,162918.50052970447,12.001005357998563
6336.0,1262505.47197759,236398.903334111,4.0,175870.07694878426,12.077500802262493
6337.0,1262175.66551325,236405.855078116,4.0,218984.63664452065,12.296756854029725
6338.0,1274519.02238989,246873.105776846,4.0,124009.14028331252,11.728110553832778
6339.0,1263995.02506712,258294.793916538,4.0,299870.29835668707,12.611105321341926
6340.0,1258823.26211782,258257.96460449704,3.0,27009.0695247102,10.203927996904497
6341.0,1258827.26506183,258539.046716794,4.0,113217.07370401968,11.63706226115188
6342.0,1276976.3370164,251320.060469389,4.0,531957.884444404,13.184319600611913
6343.0,1276979.95186441,251980.072950065,4.0,379018.7751779322,12.845341021565615
6344.0,1284299.7072639,233370.005795017,1.0,0.0,
6345.0,1272934.84152427,258596.123004839,2.0,21677.8320850017,9.984045454474384
6346.0,1281472.11186901,246583.501360551,3.0,597505.3254268947,13.300518475596443
6347.0,1275196.32056658,203965.58035691097,3.0,1103925.1050592046,13.914382663897682
6348.0,1275485.26623088,203721.020484656,3.0,1385965.0667995864,14.141907254085048
6349.0,1253560.40419243,216815.948690057,3.0,638736.6614123224,13.367247537952966
6350.0,1253661.51952054,216678.579217926,4.0,405061.38867154025,12.911793911568815
6351.0,1276476.92331989,217064.835346311,4.0,164256.9201196053,12.009187067085557
6352.0,1288907.25184463,191029.51141566,3.0,562191.9002336984,13.23959853008237
6353.0,1273144.96741249,279961.741074726,3.0,93182.0,11.442309848973883
6354.0,1273213.80357255,279958.592786714,3.0,186350.0,12.135381904907405
6355.0,1292850.67732066,187397.803507939,3.0,1571.5896746239991,7.359842917685628
6356.0,1281757.1076453,215049.140240252,3.0,3601.815927933971,8.189193421691071
6357.0,1269580.92433684,186481.323698997,3.0,90106.97727412838,11.408752879822678
6358.0,1268252.60971147,186471.60126699496,3.0,57548.49807428006,10.960383316055871
6359.0,1285494.94470513,178434.776426762,3.0,222023.8109041708,12.310539911427961
6360.0,1285618.68294525,178434.33188276002,3.0,408068.9810509715,12.919191510298734
6361.0,1267786.569647,275737.659918398,3.0,44751.60857467121,10.708882668859674
6362.0,1267787.634927,276100.753038764,4.0,284277.6492240613,12.557706677679334
6363.0,1277128.36428057,217352.040146619,4.0,1065458.987012969,13.87891623800426
6364.0,1277447.84460089,217344.43355460503,5.0,1105309.107049218,13.915635588701653
6365.0,1266007.54404518,261553.056383878,4.0,441774.84845398105,12.998555638637278
6366.0,1266016.13879718,262215.228992552,4.0,380503.01355043135,12.849249376227368
6367.0,1280880.7406684,209682.091914758,4.0,159036.0628430061,11.976886265818166
6368.0,1281161.06815669,209728.859530807,3.0,14780.56391491705,9.60106834769296
6369.0,1285935.55929758,186635.094387159,4.0,119981.94075274943,11.695096516711779
6370.0,1286598.10912226,186609.924467131,3.0,177676.91955530614,12.087722121381248
6371.0,1264230.28215535,252971.089655086,4.0,1933307.0002469104,14.474742566193834
6372.0,1263477.15409058,247650.385713637,3.0,39387.09252619912,10.581193440755252
6373.0,1286556.64333022,202661.748995572,3.0,307111.3121783649,12.634965541238504
6374.0,1286549.84646621,202481.778883383,3.0,229484.67600382428,12.343591535028272
6375.0,1264176.35281131,237036.400742769,5.0,296715.09889639384,12.600527694422558
6376.0,1264192.00535531,237704.927271456,4.0,133576.83461233435,11.802432131430018
6377.0,1283723.59878331,232621.76029025004,3.0,46665.99999999999,10.750771127107004
6378.0,1283735.20607933,233062.973282695,4.0,162645.14741758414,11.999326096950348
6379.0,1279432.70092292,247293.025521278,4.0,1593694.4782366802,14.281565450097217
6380.0,1279440.88031493,247827.250225812,3.0,48035.08786606994,10.77968702005149
6383.0,1274099.24766946,242774.870572641,3.0,813510.4473440187,13.609114048022219
6384.0,1258056.87683703,213811.28999899296,3.0,111136.39796180018,11.618513536391479
6385.0,1258035.23152502,212918.857102066,4.0,286895.053981328,12.566871762299515
6386.0,1252728.45705558,237900.152615651,3.0,2408.4364314386216,7.786733032298098
6387.0,1284762.48684838,252921.153719038,4.0,158176.92172903338,11.971469443326667
6388.0,1281635.71058919,170428.064482555,3.0,110372.8706145609,11.611619645439854
6389.0,1282230.79238179,169806.025697932,5.0,1781542.821972781,14.392990300771297
6390.0,1292368.97095217,186981.625523508,4.0,434937.0225427029,12.982956523825898
6391.0,1292153.81453595,186634.079923153,2.0,1452.9015542070265,7.281317907804181
6392.0,1291646.68627943,188705.659445271,4.0,245416.53109496276,12.410712172865258
6393.0,1251065.78518188,213405.227534577,4.0,848648.7527885517,13.651400660946875
6394.0,1274175.40760554,250356.069940403,4.0,228908.39932481665,12.341077199565458
6395.0,1274841.88530222,250311.178292364,4.0,174267.9626325482,12.068349408719007
6396.0,1269965.01675323,248279.910066277,3.0,24541.30800384934,10.108113017734816
6397.0,1269926.45150518,248471.354866475,3.0,7145.918383951479,8.874296617296677
6398.0,1274636.08978201,262866.264769211,2.0,25.5,3.2386784521643803
6399.0,1274956.78463034,262857.382849216,3.0,21091.331035310766,9.956617383634521
6400.0,1258955.57520595,254377.584888533,4.0,389118.9666209414,12.871640402634156
6401.0,1275082.57343046,212026.298189163,4.0,1460107.178318734,14.194020400797504
6402.0,1275301.82987869,212023.149261162,4.0,1400711.4652272495,14.152490854948995
6403.0,1282860.22879843,212497.269005641,4.0,479992.043754173,13.081524807234558
6404.0,1283023.03852659,212510.263117656,3.0,467454.7297302225,13.055057788220424
6405.0,1268616.65527984,230547.584608123,4.0,321854.14864587534,12.681853767395745
6406.0,1262775.43172187,248214.902322218,3.0,34974.83637178015,10.462384121089004
6407.0,1283082.92159866,208605.105545655,3.0,459076.7931931869,13.036972780480468
6408.0,1267025.41732621,264840.08889924,4.0,139849.31612774133,11.848320808576972
6409.0,1282308.70726186,250550.173236609,4.0,318352.4761493072,12.670914463487193
6410.0,1275495.12415089,216418.906833664,4.0,80164.22582976555,11.291832632366372
6411.0,1275487.52043888,216158.838481396,4.0,293363.7000937521,12.58916841547502
6414.0,1279500.59116299,202004.801154897,4.0,453503.7677728171,13.024758856711895
6415.0,1274593.71742997,243141.475757018,3.0,114455.7030076708,11.6479431538262
6416.0,1274752.02091813,243135.612909019,4.0,84314.34930148585,11.342307346604136
6417.0,1266791.19006197,272798.781323388,3.0,57675.579354626185,10.962589128151905
6418.0,1267100.13764629,272793.029643387,3.0,89884.04333998555,11.406275711268574
6419.0,1265570.19057272,254016.852344155,4.0,171213.17065203452,12.050664671109418
6420.0,1266256.67441343,254004.526264146,4.0,185651.5203406617,12.131626648856162
6421.0,1278433.4555459,277769.735248476,4.0,361765.9115598599,12.798752628488023
6422.0,1279000.29004247,277749.481040463,4.0,231035.4223658341,12.350326321323045
6423.0,1264746.66237989,286778.27074571,3.0,1098820.304935456,13.909747712223869
6424.0,1264085.0160432,286765.495833695,3.0,318712.0776180067,12.67204339619822
6427.0,1284541.14444815,183593.716272041,4.0,224951.8551545016,12.323641681199089
6428.0,1284535.17004815,182888.683247328,3.0,274291.34867635067,12.52194613678686
6429.0,1275693.09355909,206574.50496757,4.0,260649.1690884941,12.470930602347297
6430.0,1276171.64210358,206562.691655561,1.0,0.0,
6431.0,1267205.8595024,237115.137446851,1.0,0.0,
6432.0,1279896.7245394,219014.499092311,1.0,0.0,
6433.0,1284248.25619185,199690.938688532,3.0,83848.8879353366,11.336771504615244
6434.0,1256565.2009955,243794.612589687,4.0,925702.970220814,13.738308695671538
6435.0,1271940.90059525,252811.254006922,3.0,20353.14271916236,9.920990612321207
6436.0,1272198.20024352,252801.796662912,4.0,49416.4429097081,10.808038500216176
6437.0,1252715.53091156,236777.533798501,3.0,116527.67815850872,11.665884104529784
6438.0,1253143.56380801,237239.517414972,4.0,240283.14870640865,12.389573293199899
6439.0,1278730.6275142,233714.217059374,4.0,362709.94584214094,12.801358746571731
6440.0,1279052.33125854,233705.429347351,3.0,346453.960417094,12.755505218414909
6441.0,1258524.67414951,189527.511798114,3.0,76299.24391528392,11.242418307856267
6442.0,1257817.60272479,189550.703030139,3.0,43570.758469697525,10.68214152703198
6443.0,1269722.43486498,248088.204082087,3.0,38521.16518928524,10.558963114397594
6444.0,1261712.97220078,191148.302199781,4.0,357101.78662549256,12.78577613672178
6445.0,1261705.30948077,190546.644599169,3.0,279053.6932079401,12.539159491061591
6446.0,1264968.98212411,190437.833143055,3.0,347989.5434049794,12.75992771061833
6447.0,1269349.3001446,283421.86210227,3.0,74712.04081853734,11.221396547134534
6448.0,1269351.3293286,283707.180758566,3.0,33976.40915199065,10.433421714303181
6449.0,1288051.77389175,184686.869937167,3.0,885799.8471037006,13.694246297863069
6452.0,1282318.10687788,248560.768114567,4.0,378616.279136886,12.844278515081472
6453.0,1282592.03219016,248555.649650559,4.0,2818103.802553971,14.85157480630315
6454.0,1272941.38840428,273778.305612385,1.0,0.0,
6455.0,1272944.78142828,273986.417036608,3.0,323727.4928235493,12.6876573693431
6456.0,1291070.13203885,181657.80875006304,3.0,31820.788217396574,10.367875072716235
6457.0,1290962.37434272,181375.214125767,3.0,64831.46422580175,11.079546323534872
6458.0,1279565.88044307,258200.726844445,4.0,130089.31235022435,11.775976511627482
6459.0,1278684.98354615,248614.525554627,4.0,523820.8013674175,13.16890492269071
6460.0,1283553.34982315,264540.894274935,4.0,199305.96739432856,12.20259644752047
6461.0,1283757.68275136,264714.097987115,3.0,73490.59295464067,11.2049126899982
6462.0,1260551.80227959,285747.554584652,2.0,505059.3086084823,13.132431144150706
6463.0,1260124.31069516,285741.643544644,4.0,460077.74194183503,13.039150758407054
6464.0,1260533.06512757,282220.350741044,4.0,186354.0,12.135403369662278
6465.0,1260293.39075932,282327.035221145,1.0,0.0,
6466.0,1262506.41418558,189271.234741852,3.0,262181.3535214658,12.476791732304138
6467.0,1262380.44202547,189109.140277684,1.0,0.0,
6468.0,1279942.25599544,184155.07211262,1.0,0.0,
6469.0,1281174.8092767,184235.357360706,3.0,393305.6965399803,12.882342442271227
6470.0,1256374.8106593,257522.640891746,3.0,288646.23805519665,12.572957127510323
6471.0,1256071.043235,257528.648763746,1.0,0.0,
6472.0,1267051.10359824,245201.683247134,6.0,338743.4482746553,12.732998310102383
6473.0,1270054.04939333,243203.10622108,4.0,216173.32488966608,12.283835794936188
6474.0,1270348.27089763,243195.131501079,4.0,199274.7993886383,12.202440052589498
6475.0,1256590.56381153,199754.110144585,3.0,84990.60380782686,11.350295985924747
6476.0,1256431.34665936,199757.8771846,1.0,0.0,
6477.0,1284221.63321583,197902.597118691,3.0,612919.8949601625,13.325989529316
6478.0,1271833.18129914,247097.07972906495,3.0,108714.36257040528,11.596479194743367
6479.0,1272168.16555548,246942.640432909,3.0,4877.057509948792,8.492297347715326
6480.0,1258426.05558941,254382.563896537,4.0,555255.2107215716,13.227183126172923
6481.0,1258437.92298143,255067.709177226,4.0,320178.2599345945,12.676633181969915
6482.0,1257945.26582892,200887.795201749,3.0,372970.0458527011,12.829253389376321
6483.0,1257624.03882059,200878.04064174,3.0,1178034.3789316292,13.979357826920307
6485.0,1277937.72914539,200767.349889636,3.0,644575.6485808535,13.376347470083724
6486.0,1284029.06207962,262593.376832932,4.0,135725.64840807393,11.818390836128783
6487.0,1256938.7963879,210526.712587625,4.0,1639183.0258844013,14.309708520731446
6488.0,1256609.16944355,210553.640395656,4.0,1466607.175261183,14.198462247075787
6489.0,1261106.01085615,195169.002491891,3.0,1465011.5911505113,14.197373712450135
6492.0,1271995.74494731,205426.708998397,4.0,454984.8889834415,13.028019486356186
6493.0,1272918.91602026,269484.173127994,2.0,5054.82299975763,8.528098115956794
6494.0,1273216.59064455,269482.062855989,3.0,105578.25028535046,11.567207665834056
6495.0,1265737.89988489,239201.92132099,4.0,373217.10109762027,12.829915569782285
6496.0,1286118.65932977,203515.44122044704,3.0,45220.9540323444,10.719315843184475
6497.0,1267052.23089424,267489.429381952,3.0,2543034.356039786,14.748868554356168
6498.0,1254742.60854565,204026.02317296,3.0,102364.68335219928,11.536297042960928
6499.0,1293845.70976968,186038.858994544,4.0,959166.7396494178,13.773820206999812
6500.0,1294502.74093835,186005.914226517,3.0,220894.0472176585,12.305438441184803
6502.0,1271438.78712274,241019.330410853,3.0,139687.5961406922,11.847163752045303
6503.0,1273076.87077242,274163.527244791,4.0,140855.36396325033,11.855488855385566
6504.0,1273740.2335891,274139.940044761,3.0,333621.2625745215,12.717761684169806
6505.0,1280739.16351625,277185.235791877,3.0,15665.365328405338,9.659207524429728
6506.0,1281052.89746858,277331.500880033,3.0,7601.027453823041,8.93603870842941
6507.0,1275220.90155861,261498.875391811,3.0,59455.69574424641,10.992986704834099
6509.0,1274978.48639037,207019.510280028,4.0,272645.4657160308,12.515927569796082
6510.0,1275703.68933511,207000.642248005,4.0,227232.7818601463,12.333730241777136
6511.0,1277954.8911934,263882.06784226,4.0,110238.98416148088,11.610405871414399
6512.0,1284527.91411214,249064.502643079,3.0,104032.13645859844,11.55245513480108
6513.0,1279005.90943448,228309.574365839,4.0,177393.5829816989,12.086126175608666
6514.0,1272783.99768412,247995.257393986,4.0,38171.306748904855,10.54983938012589
6515.0,1276338.73528776,267753.420358226,3.0,398791.3110728951,12.896193529151661
6516.0,1286391.66201805,192918.476153597,3.0,675777.4902124172,13.423619144350706
6518.0,1277906.56415336,206770.38183178,4.0,45937.58673339324,10.735038944027277
6519.0,1263057.39505015,192462.740857124,3.0,49431.68733730438,10.808346941613683
6520.0,1257465.63658042,189250.40018183,3.0,139324.09084839272,11.844558087014637
6521.0,1261785.48944885,234869.433572546,3.0,791896.9765892681,13.582186582271362
6522.0,1261472.53636053,234875.662564561,4.0,549052.411606429,13.21594918334192
6523.0,1265590.64260475,255073.862649232,4.0,419217.5565687246,12.946145292239663
6524.0,1277364.5872568,223308.086296707,4.0,134270.51528996084,11.80761181477415
6525.0,1277369.0626488,223613.962649018,4.0,121106.49691846684,11.704425577304981
6526.0,1278652.65554613,256569.48338677,2.0,96574.4573239461,11.478069568299912
6527.0,1278719.8387782,256566.652026772,2.0,87441.45002314965,11.378724705777305
6528.0,1281684.62290923,271981.700234547,2.0,387230.7428028576,12.86677602896738
6529.0,1277199.72370464,282810.274389639,4.0,61540.62558021415,11.02745281424871
6530.0,1277427.96997687,282801.969941631,1.0,0.0,
6531.0,1269759.59326501,273861.366412476,3.0,39976.77748418532,10.596054001608813
6532.0,1269759.96004902,274075.785612702,4.0,626601.5246139145,13.34806609065066
6533.0,1258935.71331793,216354.328593597,1.0,0.0,
6534.0,1265820.96727699,280293.795859069,3.0,49467.42124542124,10.809069575218453
6535.0,1260284.98589532,237509.236071259,2.0,20.000000000000004,2.9957322735539913
6536.0,1260100.14147912,237512.47690326,4.0,134168.03383220264,11.806848277174412
6537.0,1274022.41477339,213963.549263135,1.0,0.0,
6538.0,1274141.93950951,213960.670927137,4.0,127423.97964281192,11.755275227664406
6539.0,1275496.5969189,226155.528155625,4.0,610570.9019869415,13.322149703360198
6540.0,1272680.43486801,250827.553588897,4.0,426752.2267738618,12.963958858625174
6541.0,1272525.15435585,251086.389045149,3.0,291172.9220805635,12.581672603620373
6542.0,1255458.18614638,200153.569665,3.0,124414.4925685203,11.731373952248596
6543.0,1255483.5805144,199891.159424737,3.0,1427765.8106266584,14.171621410271895
6544.0,1281107.41574064,196610.289021373,4.0,56763.308809883136,10.946645424322671
6545.0,1281407.41804494,196603.100989372,4.0,126414.59670285883,11.747322234271701
6546.0,1255572.59869049,251761.896885842,4.0,61643.63990251779,11.029125338672406
6547.0,1254306.8154572,237220.099814951,4.0,331321.2944856496,12.710843861760132
6548.0,1272305.82801962,264712.602947116,4.0,499222.73648853466,13.120807640850604
6549.0,1272633.07371596,264702.708611101,3.0,207271.00817606636,12.24178243421046
6550.0,1277970.13887343,225612.070555076,4.0,349300.1923965294,12.763686981600753
6551.0,1278290.52044176,225604.922907069,4.0,275508.0335989681,12.52637206721881
6552.0,1279695.5219152,204544.388613492,2.0,46591.99999999999,10.749184131556358
6553.0,1279965.07058747,204528.776133478,1.0,0.0,
6554.0,1261564.86423263,253015.147319138,4.0,407307.3591726642,12.91732336166052
6555.0,1261587.59351265,253681.547575817,4.0,794238.6664957602,13.58513928258804
6556.0,1259705.42211872,251692.31595777,4.0,263795.6276839432,12.482929944768417
6557.0,1259441.46167046,251696.948533773,4.0,134558.02195910746,11.809750775032642
6558.0,1254814.98960172,245985.551151931,1.0,0.0,
6559.0,1281707.33938925,269716.176264226,4.0,698177.023951616,13.456227965565942
6560.0,1281708.23212525,270380.003656909,3.0,60591.88274726438,11.011916215020618
6561.0,1257538.1183725,217882.076179162,3.0,2608421.797881714,14.774255921268027
6562.0,1257188.61514014,217682.976146951,4.0,1412710.0225784034,14.161020419500769
6563.0,1285207.54662484,251816.634613901,1.0,0.0,
6564.0,1285198.40851283,252214.654518306,2.0,46592.0,10.749184131556358
6565.0,1274186.20286955,250865.573172927,3.0,252592.9938482633,12.439534752362897
6566.0,1267211.47729442,227409.809436917,4.0,277180.0682771832,12.53242263995072
6567.0,1257127.77373208,217582.05870685,1.0,0.0,
6568.0,1285319.48537695,177296.715433598,1.0,0.0,
6569.0,1285316.99520095,177012.869545311,4.0,139770.0,11.847753493478953
6570.0,1277218.64984865,179421.498923764,3.0,276937.037186499,12.531545456756513
6571.0,1277207.84415264,179093.602539435,3.0,267926.3793671709,12.498467517901139
6572.0,1275722.94187912,273889.585228503,4.0,610412.0958588207,13.321889575038517
6575.0,1265896.10327706,170036.465186164,3.0,132950.06806440483,11.797728908625942
6576.0,1265566.09969272,170036.311330155,4.0,191524.12754691,12.162769072078524
6577.0,1263999.58967511,243368.820781246,3.0,191518.71291912644,12.162740800422135
6578.0,1263518.92861862,243375.459565267,4.0,1137610.5500449387,13.9444406119376
6579.0,1280227.48242773,210395.765707493,2.0,834.1075097337073,6.726362302604359
6580.0,1280213.89714772,209942.508747026,3.0,391172.1560873829,12.876903038963944
6581.0,1262798.04484189,208419.791945472,4.0,1656253.8668338768,14.320068903406096
6582.0,1259694.06551071,251032.418357104,4.0,337093.8502962678,12.728116658090062
6583.0,1254975.47516988,236543.080166265,4.0,98335.57167407032,11.496141109181934
6584.0,1276970.25893641,202419.644483328,3.0,2688916.124342508,14.804648742627109
6585.0,1277193.99903263,202410.682563305,3.0,2567904.469431931,14.758600742723063
6586.0,1270713.83313799,268075.534854546,1.0,0.0,
6587.0,1271044.57201834,268070.408518553,4.0,171664.749609165,12.053298723590157
6588.0,1262551.59978564,237962.182311714,4.0,41517.53078816584,10.633871045651437
6589.0,1262558.90064964,238209.019431964,3.0,50734.71706779765,10.834365710030593
6590.0,1282589.54367815,249882.735923916,4.0,1424432.480048293,14.169284032743231
6591.0,1280438.24876395,254157.152888298,3.0,325079.811362671,12.69182600458726
6592.0,1289732.39552547,189162.778613746,4.0,1491120.355059308,14.215038311521507
6593.0,1289719.16128546,188602.398197174,4.0,74776.790187524,11.222262824201524
6594.0,1280588.76287611,210922.936844021,3.0,158671.4791004755,11.97459117455067
6595.0,1277631.49157707,202393.157315299,4.0,2535529.375964912,14.745913000016753
6596.0,1277626.13068107,202002.3143069,3.0,49777.32141542346,10.815314766025152
6597.0,1260588.49776763,253031.16267915105,3.0,38506.205648085845,10.55857469295143
6598.0,1261241.3649043,237492.468711242,3.0,7343.883866479481,8.901623118787423
6599.0,1261249.7681043,237972.121639729,3.0,17362.98081740511,9.762095679546263
6600.0,1272890.72613223,235139.25456482204,3.0,152256.74334506303,11.933323475856096
6601.0,1272806.46411614,235508.655397207,5.0,404928.7435412458,12.911466388735622
6603.0,1266949.39972614,175257.94813551,3.0,733980.8023992241,13.506238152485162
6606.0,1264083.99178721,190440.156343058,4.0,320764.8715184302,12.678463646230597
6608.0,1275683.03480709,206169.970631167,4.0,640546.9221289721,13.37007765622889
6609.0,1276308.29016772,263275.505089641,4.0,234884.0072740764,12.366847085204835
6610.0,1260925.12304798,200468.76128132603,3.0,179492.59108606726,12.09788921077209
6611.0,1252100.34972693,214719.179599911,4.0,331696.12111370143,12.711974530907472
6612.0,1285326.85971296,243009.594476879,3.0,300.2357142857142,5.704567880430036
6613.0,1259661.21027867,191201.567863837,4.0,131564.97156110758,11.787256088895074
6614.0,1264114.82897124,262266.655360609,3.0,292031.22282483306,12.584616003016388
6615.0,1282604.94291016,236982.529126719,3.0,250178.4790557389,12.429929858350377
6616.0,1282688.83052626,237265.522983,3.0,181688.8221248382,12.110050734191649
6617.0,1258731.07926972,196549.170365304,3.0,2459283.1620799694,14.715380467915569
6618.0,1270356.30763362,245134.582703054,4.0,28337.698450555683,10.251948297898654
6619.0,1270362.62161763,245404.508975342,4.0,49574.48408866892,10.811231546650417
6620.0,1260553.15299959,198481.688447282,4.0,463173.7140797987,13.045857455098277
6621.0,1260533.56778356,197817.428990602,4.0,191696.2932155423,12.163667592464638
6622.0,1256859.6745318,247789.395953774,4.0,1357726.2095776638,14.121321953797466
6623.0,1256865.61181182,248078.106354073,4.0,1219555.2565144624,14.013996806406576
6624.0,1285804.59596945,249776.460851818,4.0,1212090.555657563,14.007857158709383
6625.0,1265991.20318116,174271.687654495,4.0,701822.8398408209,13.461436286259453
6626.0,1265986.76190116,173943.209958166,4.0,591406.7337497969,13.290259272453035
6627.0,1269801.07185706,284695.514711574,4.0,191106.09409380748,12.160584019274102
6628.0,1261068.78749612,190655.92523928,3.0,565465.0642559828,13.245403794125933
6629.0,1261076.45808813,189818.985974416,4.0,589973.8640727086,13.287833516718859
6630.0,1278335.5747778,282931.262997761,2.0,221116.61349892555,12.306445504225845
6631.0,1278094.60773756,283152.005973995,3.0,301287.37421933655,12.615819819890353
6632.0,1269615.05220887,187899.171892449,3.0,19821.06362405328,9.894500470624395
6633.0,1269944.35505721,187849.415796399,3.0,48397.542842001945,10.787204323688766
6634.0,1283362.67302294,251191.97246927,3.0,23194.302519982637,10.051661946459209
6635.0,1283345.15302293,251702.790005788,2.0,493.7968174152211,6.202124131801653
6636.0,1264459.84010759,247647.43102563903,3.0,69917.08420573486,11.15506530759681
6637.0,1277490.87896894,234957.609252647,3.0,43036.24901643438,10.669798039932639
6638.0,1256238.03862718,251483.24286955604,3.0,7057.148999958249,8.86179642455975
6639.0,1288296.05818,189904.637366503,3.0,37041.74330235289,10.519800753050871
6642.0,1264734.14858787,250955.929653019,4.0,122072.20581940138,11.712367999619378
6643.0,1264484.18122761,250960.642869025,4.0,78641.42313300892,11.272653851465657
6645.0,1276949.00997637,230809.968928397,4.0,396135.9973566447,12.889512858947128
6646.0,1277268.37285671,230802.516512379,4.0,202685.49435510908,12.219410767743776
6647.0,1283411.320895,197587.354942366,4.0,59920.4954470604,11.000773886632558
6648.0,1283643.90111923,197585.365758374,1.0,0.0,
6649.0,1272872.8570762,253645.635575771,1.0,0.0,
6650.0,1260270.3586313,245362.539567292,4.0,387120.39603879256,12.866491024505509
6651.0,1260272.8523913,245627.874991566,4.0,393398.1458951673,12.882577471898962
6652.0,1287042.59347472,187451.074995995,4.0,269549.26785328565,12.504506464694659
6653.0,1266158.04074933,243616.714349508,3.0,90794.46387327812,11.416353592171994
6654.0,1265547.17450871,194411.140155122,4.0,1617231.4300691015,14.296226251428251
6655.0,1266887.65611008,189001.368181586,3.0,69047.65267713397,11.142552163721362
6656.0,1266897.73681408,188662.096885234,3.0,77522.82256031953,11.25832765663863
6657.0,1257464.14774843,199401.665280238,3.0,3979.544567317324,8.288922661408554
6658.0,1257461.01290043,199280.195712104,3.0,79479.49065587102,11.283254288188639
6659.0,1263808.04087493,235715.197989419,4.0,187805.2307507591,12.143160698141363
6660.0,1278903.40831438,219252.061268553,3.0,32068.1479878644,10.375618541966476
6661.0,1255102.32438602,213907.97390309,4.0,206739.36661342136,12.23921418043113
6662.0,1285049.16243267,206523.998151526,3.0,14619.66458657722,9.590122790946014
6663.0,1279827.21420333,252427.455926523,3.0,16913.038970615882,9.735840140152543
6664.0,1288211.07968391,184565.265841037,3.0,277298.5499032535,12.53285000224744
6667.0,1284426.22963203,190145.754998758,1.0,0.0,
6668.0,1284408.70406401,189784.64056637895,3.0,186350.0,12.135381904907405
6669.0,1281786.03410934,210548.948427647,4.0,850669.8520047348,13.65377937929137
6670.0,1282055.6890856,210541.462923631,4.0,794264.583674262,13.585171913529779
6671.0,1268395.10583963,234546.079268217,3.0,90711.71164454776,11.415441752845007
6672.0,1268686.84638391,234540.633764207,3.0,358026.40533439256,12.788362020580154
6673.0,1263579.17482668,248462.709234476,4.0,742288.0705523255,13.517492682051437
6674.0,1260358.78333539,236063.380709767,4.0,368871.2466421689,12.818202937045168
6675.0,1260075.8019591,236068.22710977503,3.0,325428.4117199922,12.692897783169979
6676.0,1253284.55766414,210005.094219089,4.0,445238.9425799716,13.006366366660428
6677.0,1253265.14627212,209372.343178436,2.0,46592.0,10.749184131556358
6678.0,1262576.18244167,193808.929466501,3.0,33036.01349610339,10.405353563457687
6679.0,1262426.20669751,193811.673210502,3.0,430504.09049818007,12.972712104542714
6680.0,1273553.5968529,255386.299385563,4.0,64852.06921260938,11.079864096908787
6681.0,1274216.43768558,255368.342393547,4.0,86322.93208447676,11.36585056696955
6682.0,1266986.05713418,260338.399038628,4.0,1120497.0674878198,13.929282955073615
6683.0,1280072.48108357,221069.933014423,4.0,125677.61383191786,11.741475286688777
6684.0,1280219.03922772,221064.493718415,2.0,9886.473878308016,9.198922826999706
6685.0,1278246.8952257,256911.87180312,1.0,0.0,
6687.0,1282611.61676618,198661.42335946896,3.0,12142.4594089514,9.404463631323754
6688.0,1282613.61811018,198224.310015023,3.0,268.9148618064384,5.5943948306446805
6689.0,1275601.708855,241094.243626922,3.0,372638.0,12.828362717993418
6690.0,1275966.52280737,240873.124650702,2.0,279492.0,12.540728948627407
6691.0,1265066.60625221,264888.362435296,4.0,637990.0312529717,13.366077937209512
6692.0,1264735.08625187,264897.299395293,4.0,672722.4655193844,13.419088139500932
6693.0,1277855.6955453,253891.494008034,4.0,542098.4928229518,13.203202984988065
6694.0,1263241.29591434,244674.004846588,3.0,106909.29797916728,11.57973607152043
6695.0,1287942.17664364,187430.18923597,3.0,248750.3230729088,12.424204953805559
6696.0,1278253.72684172,260555.668286845,4.0,131729.911592483,11.788508981096971
6697.0,1278260.31576972,261215.666367531,4.0,128531.5095355462,11.763929363651613
6698.0,1280135.58073165,247038.36433701203,3.0,563658.4730896698,13.242203802897027
6699.0,1280139.25394765,247278.25553725695,3.0,541756.3316346211,13.20257160670386
6700.0,1277757.1245372,176459.385064736,3.0,188502.4556207333,12.146866312951044
6701.0,1272396.01086771,221827.565655202,4.0,42044.260669439456,10.646478167844096
6702.0,1272389.23857971,221521.631254882,4.0,52233.00258444412,10.863469807513852
6703.0,1262200.03293727,210419.920139506,3.0,104812.86915986773,11.559931840657086
6704.0,1277594.28492104,230794.910560384,4.0,528240.2308056321,13.17730644180163
6705.0,1281642.53241318,262449.079872787,4.0,2071729.2347012933,14.5438941955894
6706.0,1281882.56313343,262440.224576786,1.0,0.0,
6707.0,1277483.99583292,206263.186695263,5.0,1084203.4204374745,13.896356100606456
6708.0,1272407.64638773,195290.568188027,3.0,700270.3464293033,13.45922174865069
6709.0,1273057.65163639,195275.223100007,4.0,389182.7811842077,12.871804386753656
6710.0,1285597.61766523,200216.257857069,2.0,31514.644520827904,10.358207622201789
6711.0,1286277.65440193,200199.776577041,3.0,31235.947544977294,10.349324875468097
6712.0,1273716.79006907,208426.77255347403,3.0,104604.28953428916,11.557939838704135
6713.0,1274032.5374614,208421.555081472,3.0,84726.56280200864,11.347184441888004
6714.0,1280462.20242798,219894.225685209,2.0,2450.6404556991424,7.80410467986645
6715.0,1280628.72838014,219887.609877214,5.0,172402.27037549423,12.057585806356421
6716.0,1274273.85394163,260346.205502644,4.0,458390.7243584949,13.035477209357904
6717.0,1274936.75384632,260326.801022619,4.0,447664.1236589459,13.011798506237987
6718.0,1283552.83244714,259768.964158043,3.0,99677.18584301538,11.509692101710788
6719.0,1259615.36490263,246856.612720817,3.0,31454.204038208187,10.356287926905964
6720.0,1259537.61795855,246958.351024926,4.0,86264.91713644123,11.365178272245645
6721.0,1257074.72950803,203932.834052876,4.0,769488.8090819624,13.553481689051956
6722.0,1257048.563236,203273.282564193,4.0,945942.5371286524,13.759937103196117
6723.0,1272520.27806784,231590.482465193,4.0,279752.0559806762,12.541658975497214
6724.0,1264795.31479594,197723.798270509,4.0,421093.9047858539,12.950611139540047
6725.0,1269599.39934485,187151.10021168,4.0,621635.8686971446,13.340109780195009
6726.0,1279980.41106749,170469.386210606,3.0,46604.0,10.749441653339831
6727.0,1279976.48588347,170257.474594384,1.0,0.0,
6728.0,1265825.31338899,280443.730259225,1.0,0.0,
6730.0,1256911.10057986,209204.074186265,4.0,1842917.5375737192,14.42686049206641
6731.0,1256577.29648352,209223.609226286,4.0,1457156.774111997,14.191997680014751
6732.0,1273565.87832491,227964.55471748096,5.0,623005.0544061953,13.342309910748229
6733.0,1273758.87429312,227962.847645476,3.0,278072.88170344784,12.535638522714583
6734.0,1261844.57303292,253678.209335804,4.0,798532.2054816271,13.590530578299298
6735.0,1273238.49643658,250710.627636775,3.0,1321077.7237756236,14.093958418848288
6736.0,1278351.94744982,227900.486941412,4.0,195350.94606935183,12.182552943416725
6737.0,1278362.17413783,228326.362717852,4.0,103389.04950430738,11.546254331234557
6738.0,1281197.26886073,192895.878457561,1.0,0.0,
6739.0,1284128.55110373,247385.752369359,4.0,513797.7513396642,13.149584987119859
6740.0,1284130.39788774,247545.11492952696,3.0,55809.77825911172,10.929704370635575
6741.0,1279680.51205918,268743.028935239,3.0,67109.41087127231,11.11407956456022
6742.0,1255470.87350638,205960.25127095,3.0,57805.96020702877,10.964847167112861
6743.0,1269339.04260859,227215.98959671,4.0,252223.65792128444,12.43807150430409
6744.0,1269023.91723226,227502.639965013,4.0,192522.19004576025,12.167966699031547
6745.0,1266007.66609317,239659.360041454,3.0,589355.6794027807,13.28678515033142
6747.0,1281892.48537344,204724.152005687,3.0,839254.5100813118,13.640269288770424
6748.0,1275555.80971895,246608.601392567,4.0,97206.65622631936,11.484594467798546
6749.0,1275578.71909498,247378.854449362,4.0,124918.58064419084,11.735417449214237
6750.0,1282127.06886168,226909.321564391,4.0,152941.60904248868,11.937811487286229
6751.0,1282143.1846377,227349.349212855,4.0,176556.30557929754,12.081395116262772
6752.0,1269691.95460895,223844.29064926496,3.0,71532.13833785019,11.17790211493563
6753.0,1283701.5633913,242036.97994789496,3.0,246244.78079490515,12.414081364068222
6754.0,1283708.8675193,242320.660140187,3.0,185442.92671123327,12.130502440972943
6755.0,1271772.24081908,222759.573656142,4.0,201126.66317645588,12.211690153627583
6756.0,1284103.47827171,189670.564662263,1.0,0.0,
6757.0,1284093.97145569,189451.337462038,2.0,46591.99999999999,10.749184131556358
6758.0,1289178.8789169,184696.706865177,3.0,399250.3409971236,12.89734392017113
6759.0,1289171.4963889,184565.453489035,3.0,428762.1512744504,12.968657618225583
6760.0,1266831.84587002,251257.518965334,4.0,238805.1295793987,12.383403140920626
6761.0,1267492.2815187,251232.982581303,4.0,290413.2574885464,12.579060213399503
6762.0,1272044.84523536,230875.191584453,2.0,45.38505332202813,3.815182828860089
6763.0,1272193.17765151,230872.921888456,4.0,128673.88298808824,11.76503644360578
6764.0,1261944.08100101,251655.79570174203,3.0,74432.01470585392,11.217641433452666
6765.0,1261793.57968886,251658.444341734,3.0,102810.0803333816,11.540638684913578
6766.0,1255471.00272238,196652.24300541,3.0,591994.3044085393,13.29125229288834
6767.0,1280772.8976603,244611.748078525,5.0,558516.262918749,13.233039015990899
6768.0,1281112.19916464,244864.576686785,4.0,347552.58512274345,12.758671256632875
6769.0,1268244.30891147,245445.245423377,4.0,93134.88440589604,11.441804091320641
6770.0,1268651.65387188,245437.323567376,4.0,74627.44856557332,11.220263661755586
6771.0,1283264.05446285,234836.913316518,3.0,754373.2293081081,13.533642523600832
6772.0,1251910.61878274,239913.781801715,4.0,189227.31307629225,12.15070428604924
6773.0,1265031.28612417,262241.21516858,4.0,440596.202597052,12.995884094604778
6774.0,1250972.60361378,238602.771624371,1.0,0.0,
6775.0,1276989.76844043,212522.579661667,4.0,135080.73662788465,11.813627927755917
6776.0,1258036.63114101,203894.884356827,4.0,1255229.7205796763,14.042829158084055
6777.0,1257716.28010069,203907.540804848,4.0,450429.912529402,13.017957766855911
6778.0,1285268.54156891,245858.495279804,3.0,74813.72964442402,11.222756698515115
6779.0,1266551.72766173,197051.066621825,4.0,1376474.5790603058,14.135036135584826
6780.0,1266236.91300541,197060.689661831,4.0,244916.07067163897,12.40867086214962
6781.0,1263559.49380267,252440.821686536,4.0,1321901.1940628926,14.094581556859989
6783.0,1271183.01464248,198421.488127232,4.0,344265.9317423937,12.749169695091258
6784.0,1253324.42569619,249972.830900013,1.0,0.0,
6785.0,1270358.49329764,224949.804826394,4.0,538264.0827117995,13.196104578770639
6786.0,1284352.62054396,205586.17395857,3.0,315718.92689886806,12.66260762491522
6787.0,1265531.20542069,191098.181879729,3.0,175820.8706860321,12.07722097553733
6788.0,1265281.85450843,191099.119223729,4.0,450654.2314388707,13.018455653575158
6789.0,1285269.7230089,252918.896183029,4.0,130795.54415464276,11.78139065132897
6790.0,1285009.58937663,253068.33221519,3.0,35140.204904688864,10.467101192819388
6791.0,1281217.85740475,281469.703252271,1.0,0.0,
6792.0,1281217.85350075,281648.484756455,3.0,55982.73816159933,10.932798675085081
6793.0,1259236.50179824,255057.46181722,4.0,380165.8936977486,12.848362998799441
6794.0,1275838.25989524,219835.972885162,3.0,191351.07696693327,12.16186511909478
6795.0,1276146.27704756,219987.21173331104,3.0,549312.6934600787,13.216423127492769
6796.0,1255071.59344198,192693.199737355,4.0,1026326.7348151512,13.841496709002353
6797.0,1266989.32683018,260602.610814899,4.0,1701425.819383768,14.346977174784213
6798.0,1266992.59716618,260866.82451117,4.0,108779.76146461107,11.597080580150601
6799.0,1276666.19461609,262603.378432944,4.0,131803.576288444,11.789068034889125
6800.0,1276895.31884032,262595.798400939,4.0,52200.62794870943,10.862849803467137
6801.0,1267732.37092695,252364.570550472,5.0,1684318.3435711716,14.336871496043974
6802.0,1268200.78961542,252351.437686458,4.0,2334619.633463611,14.663359537941579
6803.0,1278598.21669807,238052.256935805,3.0,15316.836183300466,9.63670790651697
6804.0,1278828.2244423,238046.859687805,4.0,20000.46453389823,9.903510778961303
6805.0,1261029.50410408,239685.631657481,3.0,798439.6567709338,13.59041467305014
6806.0,1260783.87863183,239675.323625475,4.0,462667.5293254703,13.044763995915359
6807.0,1259112.59818211,212888.103886038,4.0,135931.87817155934,11.819909143430625
6808.0,1258846.82179785,212896.360078052,4.0,351287.616187072,12.769360586243652
6809.0,1261576.92919263,199662.859968498,3.0,163307.95795499944,12.003393009889981
6810.0,1261566.93316063,199121.22393594697,3.0,49357.93358258395,10.806853793492728
6811.0,1284598.03801621,206528.800327525,4.0,181329.8282320296,12.108072907380373
6812.0,1284594.0872322,206353.623815343,3.0,75333.70020995557,11.229682859618112
6815.0,1271851.60977916,198410.097727209,5.0,148142.06717885143,11.90592700569465
6816.0,1271834.70789114,198141.396478936,4.0,591409.1987632676,13.290263440495423
6817.0,1267022.13943821,244441.52075035905,3.0,285942.423563642,12.563545753324119
6818.0,1278479.45740195,206294.821127295,4.0,349053.32856096764,12.762979993410859
6819.0,1282688.43583825,229404.861214951,3.0,205382.94652283567,12.232631547337638
6820.0,1260412.77303144,234370.481828034,1.0,0.0,
6821.0,1260423.20016746,234452.935076118,3.0,73862.28410276677,11.209957612688301
6822.0,1282798.45727837,267094.915397555,3.0,386817.2898557861,12.865707741292848
6823.0,1282805.43692638,268350.617926836,3.0,418408.8564285416,12.944214358881055
6824.0,1271626.03313893,206253.84320724,3.0,26088.49281914852,10.169249607935797
6825.0,1275196.45445459,204111.545285046,3.0,238535.5024562357,12.382273435491241
6826.0,1270861.00152214,223468.961624876,4.0,427667.043085203,12.966100235097327
6827.0,1264506.35639563,237029.661222756,4.0,192242.620205138,12.166513500181894
6828.0,1264520.32945165,237604.095783353,4.0,113591.3800365832,11.640362902430503
6829.0,1268703.70001593,177367.842921674,4.0,558506.8610130668,13.233022182130469
6830.0,1268043.62455925,177375.99050568,4.0,1287915.1612159903,14.068535314855877
6832.0,1288348.19552405,184310.183664784,2.0,532.7965312586936,6.278139608804636
6834.0,1258363.33750935,214478.533135667,3.0,34715.92222506495,10.45495371444203
6835.0,1283079.70604666,233961.422627613,4.0,158285.206114376,11.972153786760156
6836.0,1283419.714559,233952.246819615,4.0,128936.7780027469,11.767077470207019
6837.0,1257506.26608448,248596.4104186,4.0,793207.3346936033,13.583839922551242
6838.0,1261612.42026468,246609.974448577,4.0,653655.1133445663,13.390335141715573
6840.0,1273576.81630893,229242.803422794,4.0,2436839.9535006653,14.706212656876946
6841.0,1256339.41865927,213205.508110359,4.0,467263.84068775584,13.05464934646873
6842.0,1255999.71165092,213217.392910376,3.0,307493.66122799454,12.63620975212354
6843.0,1270552.84100983,253255.520823374,3.0,209556.11575028,12.252746838087349
6844.0,1271047.19569834,253502.64632763,3.0,204161.6548154657,12.226667384588989
6845.0,1275882.01343128,212893.722958043,4.0,766824.6133195113,13.55001338838588
6846.0,1276052.01016746,212890.362382039,3.0,148245.07703036314,11.906622109093512
6847.0,1277467.65823291,201750.74854663,3.0,582271.0854943651,13.274691400906882
6848.0,1277459.37016889,201509.635842383,1.0,0.0,
6849.0,1270069.86296134,218179.472915456,4.0,362406.50839891896,12.800521812147862
6852.0,1256196.70537913,249108.50155513,4.0,167951.86775489885,12.031432715877077
6853.0,1255526.80445044,249121.084211141,4.0,218451.78924771436,12.294320624997054
6854.0,1258395.09565338,241067.396906897,4.0,68977.3640788926,11.14153367292934
6855.0,1258441.30128543,241732.953963578,4.0,351505.5141489171,12.769980677588947
6856.0,1258502.2434295,196829.122557595,4.0,381481.2482020185,12.851816975686075
6857.0,1278366.89656983,270640.54413718,4.0,2721658.2374790884,14.816751898645489
6859.0,1275228.63352662,262889.074113235,3.0,7868.466615785725,8.970618483264648
6860.0,1275622.35813501,262878.609217227,3.0,101203.97590245018,11.524893322637384
6861.0,1263501.26557861,232035.763105646,3.0,268316.3328896142,12.499921910034656
6862.0,1274491.23077387,214903.367248103,4.0,155640.77045726194,11.955305877338498
6863.0,1266355.81431752,246006.903791949,4.0,2510350.214894318,14.735932829221204
6864.0,1266713.31492589,245999.302767947,4.0,1684896.2490046432,14.337214546581873
6865.0,1281705.55366126,268388.520134866,4.0,393065.15776527865,12.88173067294919
6866.0,1270419.1624817,261451.406655774,4.0,2634368.240793323,14.784153954396661
6867.0,1270971.58885026,261439.20723176,4.0,1939658.1103724053,14.478022283742067
6869.0,1263091.34314619,250335.381044388,3.0,1356209.1081445487,14.120203945139535
6870.0,1274497.91416587,246081.934128031,4.0,519985.72401979216,13.161556636372655
6871.0,1264202.73399533,233699.039587349,4.0,195389.3866076661,12.182749700880564
6872.0,1280160.34937167,219412.577044725,4.0,339509.3708792799,12.735256827600784
6873.0,1269453.73361671,242793.206444666,4.0,428368.749939745,12.967739668909386
6875.0,1264827.72650796,262907.912961259,3.0,25281.92955615823,10.137845172727685
6876.0,1271170.82763447,246964.801776931,4.0,611977.4390279526,13.324450696481547
6877.0,1271055.46763435,247239.724785224,3.0,193724.8738975413,12.174194255696548
6878.0,1285857.43641751,207796.330952823,5.0,164056.3082506936,12.007964990869652
6879.0,1285851.5377935,207368.008968383,4.0,302391.75018433377,12.619478641778915
6880.0,1276942.75608838,207694.462344721,3.0,418409.71144630894,12.944216402377222
6881.0,1276868.7030963,207541.10868056104,3.0,45526.14502973247,10.726042055948538
6882.0,1274233.41765361,256365.364026561,4.0,52687.649268890666,10.872136347838953
6883.0,1274239.1532056,256697.749882907,4.0,77980.16896585147,11.264209829318691
6884.0,1282191.03231774,255939.07122612,4.0,375798.8483884517,12.83680930153012
6885.0,1253269.33980814,235905.141157612,4.0,41261.63200640491,10.627688340045733
6886.0,1288116.97587581,192795.344505459,1.0,0.0,
6887.0,1288401.82566811,192563.683577225,2.0,46591.99999999999,10.749184131556358
6888.0,1265366.70641252,227832.26818934095,3.0,1058112.4757643992,13.871997195546115
6889.0,1265395.84970854,227864.43382138,2.0,80314.68688119923,11.29370778335013
6890.0,1279647.64569114,264023.689922407,4.0,160894.10957132184,11.988501723058144
6891.0,1279354.99404284,264490.196546882,3.0,93182.0,11.442309848973883
6894.0,1285939.89196959,178520.48657085,3.0,167428.89114835317,12.028314009651098
6895.0,1265111.16228426,275488.385486141,3.0,162934.26189298055,12.001102097171012
6896.0,1265417.18724456,275481.896334141,3.0,254844.7083879859,12.448409651919055
6897.0,1270653.37201793,243171.386157051,4.0,176499.78255764864,12.081074923386733
6898.0,1270659.43268993,264758.035267159,3.0,225373.41665484503,12.32551393510033
6899.0,1270998.62526628,264750.571651146,4.0,429928.1304369485,12.971373335181822
6900.0,1270321.8759536,242283.258988142,4.0,447887.85986960615,13.012298167272588
6901.0,1272192.21899551,235707.051045403,2.0,673.7986371072864,6.512931308274186
6902.0,1276686.01016811,245353.705263287,4.0,337244.4784277727,12.728563401594307
6903.0,1285007.73209663,204641.898885593,4.0,779333.1023001706,13.566193835896259
6904.0,1277709.14527316,206781.66989578295,3.0,88130.86272265839,11.386578065251038
6905.0,1264524.52663566,233690.302755341,4.0,264017.2561821348,12.483769744318566
6906.0,1267651.59652686,260586.630206883,4.0,1562161.8952967874,14.261581250167591
6907.0,1254864.39670576,213916.315087095,3.0,78526.35184146662,11.271189539686446
6908.0,1269400.47192065,240916.249258742,4.0,253317.20534392787,12.442397758451747
6909.0,1269694.66526495,240908.324714735,4.0,382322.3352611311,12.85401934136566
6910.0,1262537.15268162,237473.765351221,3.0,31303.581718876,10.351487801894384
6911.0,1287426.57465911,248716.971826732,4.0,711792.290729166,13.475541421329678
6912.0,1288086.51891579,248700.779314712,4.0,408495.0198989887,12.920235002018135
6913.0,1277607.73048906,231232.092448831,4.0,533563.0163062338,13.187332461410591
6914.0,1277882.94904934,231224.493088812,4.0,513782.487991544,13.149555279759717
6915.0,1280460.10335597,215895.085713118,4.0,63911.42832774549,11.065253471443965
6916.0,1269571.10609682,230097.55471965697,5.0,1117555.4989062175,13.926654267687427
6917.0,1269892.60024115,230089.385759652,4.0,548741.800230001,13.21538330062662
6920.0,1257029.95830798,251070.46814914,4.0,45871.43004496088,10.733597763145388
6921.0,1257035.67875598,251730.306677818,4.0,49451.57490739344,10.808749185024867
6922.0,1273785.51205315,251410.832949489,2.0,29972.14838730717,10.308023842336326
6923.0,1273787.78501314,251665.346549749,4.0,320964.9453943038,12.679087191769804
6925.0,1274637.34072602,263076.060289428,2.0,26011.551600570558,10.166296010664643
6926.0,1255369.92784229,256934.263163149,3.0,8869.693132406417,9.09039547858413
6927.0,1253655.16745652,216007.900433242,1.0,0.0,
6928.0,1270600.06667387,230057.274271622,4.0,293133.30979249143,12.588382766753108
6929.0,1274646.37221402,286501.895961419,3.0,23173.33428571428,10.050757512369305
6930.0,1287836.16672353,176175.967976451,4.0,301984.9020333705,12.618132301840317
6931.0,1288080.19539578,176170.911592439,1.0,0.0,
6933.0,1282827.7236464,254489.054776639,4.0,496608.51066112367,13.115557289769045
6935.0,1281576.18412511,220696.766102031,4.0,599367.6320026271,13.303630431743661
6936.0,1261445.96388051,197793.799422577,3.0,126746.33980969289,11.749943043795392
6937.0,1260320.23747934,256388.638266578,4.0,252441.31074545643,12.438934067989626
6938.0,1260052.86691907,256392.95289059,4.0,255506.94691547583,12.451004877749325
6939.0,1276910.56946434,235991.562597692,2.0,125055.48013702566,11.736512758912319
6940.0,1277017.55154444,220331.233365655,4.0,116640.49441036972,11.666851786005532
6941.0,1277008.88223244,220071.39925339803,3.0,380.8759977728184,5.942473856988213
6942.0,1277362.10597681,263240.532033607,3.0,46693.700244060376,10.751364536143255
6943.0,1270916.3442422,230052.402527615,4.0,321558.70746248105,12.680935410849544
6944.0,1271232.06571452,230047.38614361,4.0,331405.13224663405,12.711096870416645
6945.0,1277948.78783341,246000.285039946,3.0,76351.38239114164,11.243101416457218
6946.0,1278041.3651135,245997.407407939,1.0,0.0,
6947.0,1266527.05246171,173940.671590164,4.0,106540.47137511957,11.576280204856918
6948.0,1267609.50737481,249497.643507525,4.0,1322999.3980459403,14.095411988105258
6949.0,1268493.59057572,235874.484389573,3.0,15605.084938410884,9.655352097715436
6950.0,1285311.68358494,206521.03655152,3.0,10690.854213054425,9.277143908502454
6951.0,1285297.41126493,205713.93485470104,3.0,43738.30643310526,10.685979574530664
6952.0,1275435.33061484,243110.256044984,4.0,50812.95504422391,10.835906621609947
6953.0,1275455.31019884,243649.989549547,4.0,537882.1165492197,13.195394700914113
6954.0,1271103.3389304,224324.150553748,5.0,1036058.253890562,13.850933929844834
6955.0,1283588.54361518,200570.514689431,4.0,2184738.6106113247,14.597006750344871
6956.0,1283585.28934318,200246.195457101,4.0,2027763.96383611,14.522444248278555
6957.0,1261592.37732065,266866.157637313,2.0,29.0,3.367295829986474
6958.0,1261400.44925646,267305.803781763,2.0,22.0,3.091042453358316
6959.0,1279656.39762715,215358.62619257,3.0,113650.71619047898,11.640885130980843
6961.0,1283057.09126264,227582.660445094,1.0,0.0,
6962.0,1283098.42220667,227780.841501296,3.0,48347.64972023381,10.786172889984
6963.0,1286358.07552202,195279.443580016,4.0,341987.21015152405,12.742528618127682
6964.0,1286653.51680231,194944.346427664,1.0,0.0,
6965.0,1256806.67792375,253730.416567862,4.0,438927.4460365879,12.992089407411282
6966.0,1274197.68312556,253257.609079376,3.0,16279.084918619885,9.697636429046767
6967.0,1273474.73547682,239856.777961656,3.0,978668.3961893852,13.793948147270358
6968.0,1274512.99320589,239835.196649641,3.0,432657.0365911496,12.97770062983687
6969.0,1276217.69023164,229109.368990645,4.0,658370.1311326697,13.397522561478558
6970.0,1276539.84875996,229101.859166637,4.0,486046.80545298354,13.094060205761787
6971.0,1266100.53495727,270493.163209021,1.0,0.0,
6972.0,1271269.85137856,205993.761350974,3.0,19679.475053269805,9.887331496128015
6973.0,1277236.87756068,250658.782900721,4.0,298757.3423067472,12.60738695868484
6974.0,1277240.35128868,251318.925941393,4.0,487306.1291203156,13.09664780646708
6975.0,1271891.3281792,254777.374072939,4.0,97117.61593972032,11.483678058419132
6976.0,1271974.36638728,254774.823224932,1.0,0.0,
6977.0,1277735.31781718,225617.311707079,4.0,348219.74608061294,12.760589013727897
6978.0,1257898.76035687,255973.659130156,2.0,103546.01224375694,11.547771355640435
6979.0,1256583.07075553,244845.372014761,2.0,1216.4404340573635,7.103684196008199
6980.0,1279667.71615516,232280.458785892,4.0,16778.80725470332,9.727871896130274
6981.0,1279583.81413908,232555.20662617695,3.0,53795.28947969886,10.892941186177186
6982.0,1286094.59769775,192926.686457604,4.0,832439.2917389716,13.632115575341667
6983.0,1257121.25533208,243321.7658052,3.0,1327.0917000201844,7.19074513520029
6984.0,1280440.98892395,214849.176400051,4.0,55314.19573400723,10.920784858618342
6985.0,1280431.67199595,214374.606799558,4.0,198934.71020704904,12.20073196046171
6986.0,1253621.0625605,235887.123493597,3.0,1337603.280707351,14.106389973991497
6987.0,1253284.66627215,236604.91767032404,5.0,1298681.9028399405,14.07686038717391
6988.0,1282243.3471978,259798.074366078,3.0,349670.48915715184,12.764746530463208
6989.0,1262764.22506586,263312.85273768,3.0,104701.16243672978,11.558865499344558
6990.0,1262766.24669786,263482.814017847,1.0,0.0,
6991.0,1265870.26116504,285158.70114404,2.0,93180.0,11.442288385370787
6992.0,1266067.78538923,285672.128600568,2.0,46591.99999999999,10.749184131556358
6993.0,1277355.9409208,234449.204772115,3.0,189836.83268740028,12.153920206854368
6994.0,1258153.41635713,206522.269191518,4.0,143365.05829796602,11.873149511472777
6995.0,1257760.99683674,212223.536973357,4.0,195809.1673432053,12.184895827917183
6996.0,1257504.61418048,212231.668493375,4.0,89897.97095619563,11.406430650196057
6997.0,1256994.57321994,213182.640718341,3.0,13782.57959562675,9.531160725569727
6998.0,1256674.27005161,213193.815566361,4.0,387327.55974248966,12.86702602161433
6999.0,1282096.37042965,212661.726733804,4.0,37483.81538531071,10.531664529071803
7000.0,1279594.53420308,231177.770400763,3.0,118861.8653371904,11.685717302362967
7001.0,1275630.09368703,265581.978819996,1.0,0.0,
7002.0,1275964.21867937,265573.936835989,3.0,47079.28478863066,10.759588369853356
7003.0,1283979.66361558,206535.529287532,3.0,19402.916683908323,9.87317867828217
7004.0,1284088.82380769,206534.370823532,3.0,17189.652125303874,9.752062861133373
7005.0,1284111.60588771,261149.28127946,4.0,128877.15930673704,11.766614976226323
7006.0,1284433.36083205,261245.877887562,4.0,161337.14132554067,11.99125150000959
7007.0,1261792.36874487,195157.952315882,3.0,1548843.6900637054,14.253019204083666
7008.0,1282348.0536299,211541.845068663,3.0,88644.98324663186,11.392394719338519
7009.0,1282422.47705398,225578.13429904,3.0,46813.71558719846,10.7539315070722
7010.0,1272915.79858024,227551.991901055,4.0,743646.0020850473,13.519320396935624
7011.0,1257432.3062764,243395.769901276,3.0,1408757.1517150132,14.158218420962111
7012.0,1266207.47767738,228758.874654293,4.0,110774.65984020953,11.615253325335912
7013.0,1267742.30462295,271781.083210349,1.0,0.0,
7014.0,1269795.33598505,283701.200470552,4.0,184662.46144134703,12.12628490482376
7017.0,1288269.27379598,183806.040304258,3.0,71608.94351711098,11.178975254605058
7018.0,1288249.54579595,183158.375599593,1.0,0.0,
7019.0,1294478.44244233,185211.048369706,4.0,859350.9289450555,13.663932649489942
7020.0,1275064.90975045,274802.20935744,3.0,112119.8221882986,11.627323419372175
7021.0,1275397.04261479,274789.845581427,4.0,205895.79941814477,12.235125491730285
7022.0,1262638.34634572,279567.465938315,3.0,122869.54487154802,11.718878460708488
7023.0,1271089.04926638,275379.642254025,4.0,345101.0213424032,12.751592468636636
7024.0,1273076.68472442,272794.77441138,2.0,46592.0,10.749184131556358
7025.0,1273742.20536509,272827.923275426,3.0,96370.98390191076,11.475960438421842
7026.0,1261439.0324885,285207.591448098,3.0,93181.99999999996,11.442309848973883
7027.0,1261193.30692025,285214.535640106,1.0,0.0,
7028.0,1283991.7649276,200565.144897416,3.0,983906.7494340544,13.79928640470842
7029.0,1262775.65252186,194473.640059188,3.0,929971.9377766756,13.742909690240499
7030.0,1262442.69028153,194479.384763196,4.0,2024159.51477791,14.520665117933182
7031.0,1270374.78168164,245924.37476787,4.0,72803.44235795746,11.195518518203649
7032.0,1283360.92665495,264379.292546764,4.0,163230.74087388,12.002920066971818
7033.0,1279477.55417097,200885.035009757,3.0,135165.9108076003,11.814258271801581
7034.0,1260276.3274633,189831.209718436,3.0,50599.66467550436,10.831700228287282
7035.0,1279382.37490687,217304.103570566,2.0,749779.5406508765,13.527534496503128
7036.0,1279358.55570684,216324.830289558,4.0,765859.9079686394,13.54875454422732
7038.0,1272409.07941173,228900.564638436,3.0,492676.0707048189,13.107607179674138
7039.0,1259483.8214785,187878.679476425,2.0,5539.237617860073,8.61961215616696
7040.0,1263758.22404288,266522.069124967,3.0,46615.99999999999,10.74969910882291
7041.0,1256213.39267515,249033.286195055,3.0,30390.362333976573,10.321880808642545
7042.0,1258521.3657335,189438.611702025,1.0,0.0,
7043.0,1284913.80774453,199438.216384262,4.0,153201.38000066188,11.939508544085276
7044.0,1284907.33235253,199187.935744017,4.0,682959.6556856725,13.434191067533998
7045.0,1282892.15756646,260103.371006384,3.0,285117.62119613244,12.560657080062454
7046.0,1278038.5022655,278752.793361485,3.0,70487.26853617266,11.163187384352964
7047.0,1278198.28504966,279029.010001764,1.0,0.0,
7048.0,1279051.56684253,244840.052142754,3.0,130218.04944626548,11.776965627768098
7049.0,1279055.66687454,245039.649134964,3.0,20035.114790550146,9.905241752554712
7050.0,1292812.97664863,186476.892914996,1.0,0.0,
7051.0,1271830.41982713,280004.746194765,3.0,181664.9972284675,12.109919595366978
7052.0,1272156.26430747,279992.647506759,3.0,91038.78144190257,11.419040864405714
7053.0,1271950.79851526,177847.677546158,4.0,775516.115694924,13.56128404242075
7054.0,1270421.6224497,174571.501350805,4.0,122615.68346267582,11.71681021814181
7055.0,1270711.20094599,174568.071270794,3.0,46622.0,10.749827811712468
7056.0,1270787.54398607,271728.136778295,1.0,0.0,
7057.0,1270807.03409809,271996.911818564,3.0,394888.6610722813,12.88635913344716
7058.0,1275324.04114272,284482.37371935,1.0,0.0,
7059.0,1279900.7894994,225569.866587028,4.0,754160.2793009091,13.533360196416984
7060.0,1280200.45887572,225563.27605901696,3.0,50819.28424007217,10.83603117255758
7061.0,1273533.60997288,251394.198453471,4.0,65571.94810567518,11.090903263136212
7062.0,1262474.95888956,251646.43646973404,3.0,429389.38383727975,12.970119440873125
7063.0,1262313.54487339,251649.287861735,3.0,643261.2125467181,13.37430616107908
7064.0,1277635.86623308,233493.277539134,4.0,587693.4693035246,13.283960780242802
7065.0,1261083.79831213,261027.531199336,4.0,159597.19483593284,11.980408387627422
7066.0,1261097.48720814,261873.389120206,3.0,117293.58481842048,11.672435342765947
7067.0,1276663.62668009,232808.630306438,4.0,417755.1978919706,12.942650888970228
7068.0,1276695.09612012,233507.119075149,2.0,217240.26162285864,12.288759216451401
7069.0,1286756.39392242,247503.391601488,1.0,0.0,
7070.0,1285868.99737751,208652.355785698,4.0,56263.99617494181,10.937810110003738
7071.0,1281329.28402886,254653.336632803,3.0,4422.691685729023,8.394503768391203
7072.0,1281329.41266887,254851.76895301,3.0,99241.70274516502,11.505313595509863
7075.0,1256767.83056371,215645.968784869,1.0,0.0,
7076.0,1259199.7134462,257541.794107765,3.0,186349.99999999997,12.135381904907405
7077.0,1259202.90832621,257736.40031597004,3.0,93181.99999999996,11.442309848973883
7078.0,1282612.73945418,198953.414911777,3.0,39197.34155325283,10.57636420595978
7079.0,1282631.54323019,272353.918986931,3.0,114969.60860366494,11.652423099407512
7080.0,1282754.84153433,272544.444555134,1.0,0.0,
7082.0,1262044.50141712,188189.773684755,4.0,2184985.9220312512,14.59711994348478
7083.0,1265356.57879651,244987.270958915,4.0,141554.74038274825,11.860441779083843
7084.0,1282031.37714958,264390.81913878,4.0,1648512.3506261338,14.315383833504763
7085.0,1261783.34608886,210822.860619932,1.0,0.0,
7086.0,1261557.25860062,210826.634891927,4.0,191519.69088749296,12.162745906794534
7087.0,1273811.76722117,240172.321257979,3.0,70760.91261428723,11.167062045509478
7088.0,1274322.56184569,240161.84656997,3.0,3726.418838569728,8.223202954551423
7089.0,1264917.41726007,246967.165296942,4.0,136886.19782194163,11.826905186777863
7090.0,1265157.22846031,246960.838192925,4.0,361813.58088824456,12.798884388243382
7091.0,1273981.85189334,247425.375025406,3.0,106282.08413682466,11.573852009549983
7092.0,1274113.24235748,247421.447217405,3.0,37455.06923152538,10.530897339772356
7093.0,1275556.42911096,228369.529309899,4.0,275597.22151203244,12.526695736474421
7094.0,1275878.25887129,228361.544733882,4.0,216636.318596152,12.28597527537551
7096.0,1272439.13419576,211737.07438086,3.0,53576.619751301005,10.888868053226822
7097.0,1272437.68305977,211416.934220538,4.0,656093.5822113822,13.394058713561888
7098.0,1276721.81983215,246574.013552532,4.0,103538.16530615208,11.547695570636469
7099.0,1272476.6268678,228899.948510438,3.0,112473.84545289446,11.630475988734656
7100.0,1265717.07281289,249765.434675798,4.0,131956.14929984597,11.790224944103215
7101.0,1266086.66916525,249767.806067809,4.0,233940.7632643883,12.362823213849579
7104.0,1256287.86237122,200201.138433054,3.0,280091.61774928315,12.542872034878537
7105.0,1287349.99801902,189996.729718596,4.0,178943.2303864632,12.094823885841638
7106.0,1277688.13189714,246569.558832526,4.0,91098.827554816,11.419700213294936
7107.0,1277712.01336916,247133.989425108,4.0,47987.77857123356,10.778701644371308
7108.0,1273574.41406892,242381.711852238,3.0,47253.815576913104,10.763288682612087
7109.0,1273831.92696519,242482.669036344,4.0,310523.08248414774,12.646013517316113
7110.0,1273264.2880526,232205.871969819,4.0,29210.65608696197,10.282288856168979
7111.0,1282608.59219018,227026.999836519,3.0,58847.68206722172,10.982707724779708
7112.0,1263360.55293846,270807.791817352,1.0,0.0,
7113.0,1263174.77572228,270827.310473368,3.0,93182.0,11.442309848973883
7114.0,1264369.2822195,287032.418841958,3.0,113545.49790054276,11.639958898139511
7115.0,1264371.19690751,287148.958938077,1.0,0.0,
7116.0,1279068.63077855,273765.390924379,3.0,864941.0296339287,13.670416609756467
7117.0,1279399.41388288,273753.487692371,4.0,999033.2933338018,13.814543383735831
7118.0,1257100.95485206,204592.366533548,4.0,819124.3667472563,13.615991203257117
7119.0,1256740.32470769,204606.613253564,4.0,659390.9018055501,13.399071811838121
7120.0,1279866.43660337,231457.829857051,3.0,831976.0364695031,13.631558917068242
7121.0,1285199.97574483,200548.28307341,4.0,2008399.652149559,14.512848769944883
7122.0,1285604.99302524,200542.913025394,4.0,1092802.1510730332,13.90425573620177
7123.0,1275109.11570249,222686.202392071,3.0,835185.8996629708,13.63540961338056
7124.0,1289406.41683714,248668.39352268,4.0,333432.2520419691,12.717194981398682
7125.0,1260946.33629599,254355.968760505,4.0,1158233.538227894,13.962406590553586
7126.0,1274650.76984602,232758.410274386,4.0,780698.3320804784,13.567944095665059
7127.0,1271471.49112277,248564.41112257505,3.0,112738.61118517826,11.632827242819031
7128.0,1261084.81962414,194506.116667211,2.0,239671.93536088645,12.387026331218559
7129.0,1260774.88451982,194512.508411229,4.0,523406.850508641,13.168114357469108
7130.0,1255667.32585859,197128.112765908,1.0,0.0,
7131.0,1255484.7802584,197133.298749909,4.0,142078.37139505747,11.864134095569208
7132.0,1265548.34314871,265635.547908053,3.0,520.1498608650447,6.2541169640268075
7133.0,1265740.87786891,265532.159043953,4.0,801355.6819883753,13.5940601749168
7134.0,1257858.50813283,197673.655294463,4.0,177582.19135598195,12.087188830615945
7135.0,1257197.53667615,197718.201150507,4.0,93816.13355340448,11.449092119707343
7136.0,1257751.25149272,241078.740074903,4.0,246457.22868520644,12.41494374294787
7137.0,1262143.24829721,255699.740665883,4.0,436955.788630646,12.987587298778092
7138.0,1281055.70489259,226968.291292459,4.0,207017.63775016487,12.240559275140171
7139.0,1281071.6017886,227389.331740886,4.0,285354.44217396365,12.561487343301064
7140.0,1256401.10160334,205281.452422246,4.0,1353522.3106827678,14.11822087159681
7141.0,1255726.44777864,243594.088749483,3.0,230584.44835774685,12.348372444637228
7142.0,1255610.96669053,243813.630253702,5.0,688563.3150948178,13.442362553844731
7143.0,1262326.22884141,252339.720182434,4.0,867072.7426129632,13.67287815375752
7144.0,1262337.76100142,253003.063991114,4.0,1048211.3532698596,13.862595796497288
7145.0,1277226.04620066,249618.254515648,4.0,17077.474048933513,9.745515566999142
7146.0,1277233.14655267,249982.513588026,4.0,52069.05041014034,10.860326009196728
7147.0,1266670.25758186,227902.275933415,4.0,218173.69214390116,12.293046777485763
7148.0,1252852.3767357,239897.139753699,2.0,53466.91236965019,10.886818281178218
7149.0,1252867.53686371,240559.432042375,4.0,354247.8092800231,12.777751973426602
7150.0,1272053.79473937,220916.784662262,4.0,130556.28705523416,11.779559731184742
7151.0,1277051.95007248,272520.155211106,3.0,119909.44343703566,11.694492098856875
7152.0,1262612.4963617,168595.420832679,3.0,46820.83507325745,10.75408357670937
7153.0,1262056.71172112,168596.633056685,2.0,30625.201736197792,10.32957853512975
7154.0,1279677.89593117,229184.136542723,4.0,397637.3346680863,12.89329564942686
7155.0,1279999.7834195,229175.597854719,4.0,659164.7166486278,13.398728731643438
7156.0,1283097.61715068,209550.077386618,3.0,82973.40611048111,11.32627542712957
7157.0,1283405.18835099,209545.767690614,3.0,288060.0776473212,12.570924340305602
7158.0,1285264.77222489,186233.073522747,4.0,119266.93323908072,11.68911939648185
7159.0,1264760.9375799,211024.056076139,3.0,18123.625872231783,9.80497166290302
7160.0,1264915.70730805,210664.42490775895,3.0,106622.14112185802,11.577046471978322
7161.0,1257448.36688441,237538.920039281,1.0,0.0,
7162.0,1257267.25770022,237536.936807275,4.0,426687.7767891146,12.963807822853239
7163.0,1281227.45842876,194258.357370958,4.0,333289.2496002519,12.716766009350959
7164.0,1285706.44326535,205158.216134131,4.0,1189123.7249048778,13.988727228211223
7165.0,1285685.93478532,204890.869189858,4.0,1581741.188267375,14.274036816117922
7166.0,1280733.98764426,222582.010647967,4.0,1277550.3466817292,14.06045501060181
7167.0,1280724.50246024,222357.641047731,1.0,0.0,
7168.0,1275798.3114792,225295.321498752,4.0,498321.9972222459,13.119001727831069
7169.0,1267998.06891121,262168.252352506,1.0,0.0,
7170.0,1275656.02770306,216414.706385657,2.0,981.3207970944992,6.888899416399161
7171.0,1275816.24063122,216410.523985654,4.0,122096.02895784553,11.712563136702148
7172.0,1281633.35231717,263579.687233955,3.0,151006.93218395198,11.92508102324629
7173.0,1267964.75204718,173607.248357818,4.0,665631.6920011495,13.408491781540036
7174.0,1279844.93855534,180830.248045206,2.0,3245.796953098955,8.08511619316021
7175.0,1271248.40952255,282018.089620829,3.0,144657.71028271015,11.88212561200972
7176.0,1271250.52696255,282110.289236918,1.0,0.0,
7177.0,1280812.16076434,227403.812700897,4.0,440275.68547418073,12.995156367584862
7178.0,1280828.48748435,227834.997213349,4.0,520345.9777292591,13.162249211102928
7179.0,1265410.18103656,234975.267044663,4.0,203959.14313956347,12.225674974040261
7180.0,1265710.14730887,234968.636516646,4.0,331021.86736899527,12.709939716735931
7181.0,1251244.43145406,238421.369768187,4.0,47408.92704554222,10.766565824244632
7182.0,1280576.74847609,203952.969860896,3.0,82619.83695733167,11.322005087544447
7183.0,1279773.27077927,221081.695126429,4.0,205546.24027074868,12.23342630108965
7184.0,1279759.92133926,220751.38639009,3.0,47493.94396849375,10.768357486494372
7185.0,1267550.18103875,237939.00880768904,3.0,53945.3128935796,10.895726088201812
7186.0,1275438.69311084,265944.660804376,3.0,2424401.280454645,14.701095157212338
7187.0,1252372.34524721,213320.58203049,3.0,599852.9227441751,13.30443977538961
7188.0,1252362.5903672,213083.339406237,2.0,46592.0,10.749184131556358
7189.0,1280710.91654024,230049.100063607,3.0,49271.3808387734,10.805098681099691
7190.0,1280722.97030024,230473.789856046,4.0,100802.4619210006,11.5209180581406
7191.0,1257173.28413212,258439.222716689,4.0,1053827.8679245925,13.867939681581875
7192.0,1257322.30416428,258706.08082896503,3.0,33276.24261441825,10.41259898635022
7193.0,1274246.05413361,218174.333779454,4.0,339467.3192354948,12.735132959890887
7194.0,1274234.9567256,217627.939218894,3.0,199136.14314539827,12.201744006201032
7195.0,1253149.80137601,216402.303569645,3.0,35120.69679512278,10.46654588796006
7196.0,1252889.55382374,215320.885072529,2.0,4976.063869562867,8.512394469859725
7197.0,1260778.32579982,253028.11384715105,3.0,29142.63261761178,10.279957419443727
7200.0,1272300.84837162,265147.782467559,3.0,109880.03994677118,11.607144503758208
7201.0,1254371.32022525,216901.724434152,3.0,554057.3645475298,13.225023506483566
7202.0,1273093.19518843,244793.776622713,4.0,665915.6488338282,13.408918288098647
7203.0,1273112.61413245,245457.017071396,4.0,83018.52099949031,11.32681900645786
7204.0,1265919.20164509,276454.103375137,3.0,187626.3450160095,12.142207737549693
7205.0,1266491.36983767,276260.97646293,4.0,232857.36709374277,12.358181386706432
7206.0,1266706.33591789,176455.846376732,2.0,23295.0,10.055994024250897
7207.0,1266701.04561388,176206.197224483,3.0,139764.99999999997,11.847717719783347
7208.0,1268880.81483212,275668.727630332,2.0,0.0,
7209.0,1269168.04888041,276400.195983082,3.0,65705.7114481531,11.092941132934087
7210.0,1265482.73598064,239670.633641466,4.0,458678.4398506025,13.036104676756821
7211.0,1260738.83312778,205129.579398096,4.0,377260.6957734236,12.840691728178944
7212.0,1273613.75026096,264674.616771072,4.0,223786.63637905504,12.318448360740447
7213.0,1274286.17413366,264655.372419044,4.0,460006.2767137257,13.038995413402024
7214.0,1276699.21650413,222345.531159729,2.0,1548.753148579642,7.345205465922491
7215.0,1276693.52722412,222071.24597545,3.0,58568.30790183408,10.977949008480978
7216.0,1269581.79275283,230523.28643210203,4.0,715478.2758281032,13.480706515292828
7217.0,1280856.46969238,204178.536005124,1.0,0.0,
7218.0,1284331.15142395,209532.791050598,4.0,147200.65514928068,11.899551936009404
7219.0,1284325.17932793,209102.832266167,4.0,617332.5024765596,13.333163059638943
7220.0,1255584.6908505,252555.124918655,4.0,182840.8482165781,12.11637137155425
7221.0,1255588.65571451,252815.123446926,4.0,193595.977714152,12.173528677338908
7222.0,1274399.33630978,209736.292938814,4.0,746541.231696278,13.52320612778675
7223.0,1274374.60139774,209073.792906135,4.0,626717.8797009881,13.348251765725994
7225.0,1262879.23236197,193803.586618498,3.0,87360.93593059489,11.377803504412585
7226.0,1262774.23485786,193805.405498505,3.0,12482.312873962295,9.432067951191883
7227.0,1269418.63531266,278949.687953681,1.0,0.0,
7228.0,1266679.48100586,262862.043329209,4.0,64138.92874368361,11.06880677126301
7229.0,1273008.27378035,203626.65914055696,3.0,71456.63072925874,11.176845981421051
7230.0,1270969.03966625,261108.448063418,3.0,299993.6003169552,12.611516421133986
7231.0,1281483.09804502,264395.117314786,4.0,216211.1677963393,12.284010837785363
7232.0,1257305.44496426,200962.313089833,3.0,2071428.6105825545,14.543749077237413
7233.0,1256823.90915577,201078.604545951,3.0,2020330.0771526217,14.518771460559321
7234.0,1276990.87538442,253299.918391421,4.0,774653.5179239422,13.560171134721738
7235.0,1277256.25381669,253294.764855415,4.0,946155.0849152884,13.760161772140313
7236.0,1261150.5317522,251037.075509101,3.0,60814.328798087125,11.015580711209376
7237.0,1260882.45616792,251042.512821108,3.0,44370.34280776968,10.700326570459172
7238.0,1272187.25342751,234786.041380465,3.0,150183.09066525134,11.919610433181436
7239.0,1272516.78590783,234779.642468452,4.0,59263.44448818937,10.989747944449997
7240.0,1279961.80153146,227858.068701372,4.0,325060.3636871692,12.69176617848743
7241.0,1279973.11058748,228283.987485811,4.0,374827.3622446969,12.834220831603492
7242.0,1266674.95313385,243605.607405499,4.0,223530.93337267128,12.317305087810759
7243.0,1267035.43825422,243600.818669483,4.0,324773.17086796707,12.690882281850437
7244.0,1264771.81585191,263570.321409941,3.0,68557.16792284953,11.135423244408683
7245.0,1264388.35268351,263579.812545955,3.0,739666.2079943935,13.513954293139706
7247.0,1287536.69421121,189193.43474178,3.0,1937713.7207621771,14.477019341616371
7248.0,1280678.7870042,213711.010382891,4.0,157609.4297503239,11.967875288057108
7249.0,1264162.41809128,232706.560290337,4.0,1187869.395486561,13.987671836402148
7250.0,1264185.42564331,233069.141282707,4.0,597800.4965202333,13.301012359410809
7251.0,1272320.89521964,245478.312943414,3.0,4326.628968193088,8.372543988499567
7252.0,1272340.39621165,246143.120368093,3.0,17884.3678558542,9.791682306134403
7253.0,1261767.14077683,265643.943556055,3.0,669016.2917690998,13.41356369123403
7254.0,1264983.47326012,258933.606909186,4.0,246974.39480485156,12.417039945478866
7255.0,1276677.6968881,285667.692888573,3.0,179316.39119346274,12.09690707311406
7256.0,1276883.59512831,285826.346776724,1.0,0.0,
7257.0,1275724.90847112,272123.843658701,3.0,470727.7273535188,13.062035132290207
7258.0,1276384.2735918,272100.483786672,3.0,167956.6544277541,12.031461215736648
7259.0,1262053.77072912,191812.825144455,4.0,533202.130868559,13.186655863656348
7261.0,1267809.76350302,282724.949141547,4.0,716072.5221750977,13.481536728767551
7262.0,1280355.14719586,213605.379662782,4.0,87860.14870991715,11.383501610106498
7263.0,1291052.57562283,181372.163309768,3.0,62456.369930623616,11.042223510842398
7264.0,1291044.55597481,181061.209837452,1.0,0.0,
7265.0,1273005.27410033,220280.746581614,4.0,80380.12998589047,11.29452228514409
7266.0,1275395.27723879,273018.746059611,3.0,93182.0,11.442309848973883
7267.0,1275724.35039112,273006.796619609,4.0,319903.9257536326,12.675775997677356
7268.0,1270064.77771333,269418.396999925,4.0,618258.0423260222,13.334661193509364
7269.0,1270397.52638566,269411.714567915,4.0,479391.539647474,13.080272953032525
7270.0,1273147.98744449,239058.41277684303,3.0,262949.10008852434,12.479715756644357
7271.0,1260921.68343197,253025.81099914,3.0,53185.42527550346,10.881539676808792
7272.0,1270112.98494537,262120.04147245,1.0,0.0,
7273.0,1268917.47812815,229687.683167249,4.0,1054161.794974339,13.868256501970908
7274.0,1257852.00816482,197404.876670182,4.0,91821.602067812,11.427602865568796
7275.0,1256876.78109182,256569.738298774,3.0,52876.78767057679,10.875719725149667
7276.0,1282556.42924613,233619.191011265,3.0,95860.55085185276,11.47064981911744
7277.0,1282565.00499013,233973.581731632,3.0,17702.452585154082,9.781458473095796
7278.0,1276724.10463215,223627.611609042,4.0,579962.2345521669,13.270718267561577
7279.0,1270680.21476996,244034.334893927,4.0,143218.9329708857,11.872129738253088
7280.0,1267269.85054247,249218.28446725,4.0,20550.97408600625,9.930663619579892
7281.0,1285724.26444936,205430.10010241004,3.0,107343.72541152762,11.583791351775918
7282.0,1261301.81751236,169422.436897531,1.0,0.0,
7283.0,1260811.14531985,169185.738849282,3.0,197650.6593368585,12.19425640460016
7284.0,1271222.12184252,175125.359527364,1.0,0.0,
7285.0,1271890.90526719,175125.887719378,3.0,184464.01382855652,12.125209676438885
7286.0,1279619.66674711,170478.518754616,3.0,15402.15410013497,9.642262655252038
7287.0,1279605.37113109,169863.58396998,3.0,1541.28095238095,7.340369136924719
7288.0,1281247.08767678,251232.506165311,3.0,22726.640137710383,10.031293089717899
7289.0,1265554.68862072,253215.660343334,4.0,1435608.720332768,14.17709951258429
7290.0,1272803.94808413,232511.264738128,4.0,312518.97776764166,12.652420475171125
7291.0,1272981.25413232,232585.80854621495,3.0,112277.97250700711,11.628732972840453
7292.0,1270643.06494592,206010.810886994,4.0,38145.826348626455,10.549171629643372
7293.0,1270982.95006627,206001.565830991,4.0,121210.40476277414,11.705283196810308
7294.0,1259297.7992063,188536.879285112,1.0,0.0,
7295.0,1284848.94265647,190261.793782875,2.0,46592.0,10.749184131556358
7296.0,1285380.46752101,190238.009078845,4.0,2088402.8518795576,14.551910146098697
7297.0,1257179.31037213,206561.083079562,4.0,1985959.476375474,14.5016127187343
7298.0,1256818.55913976,206575.28448757497,3.0,636555.8135093414,13.36382738128815
7299.0,1259851.39261487,241777.122219622,3.0,46591.99999999999,10.749184131556358
7300.0,1263032.42007414,259648.459837928,4.0,1007739.1405605148,13.823219904995293
7301.0,1278992.87826647,208306.192137346,4.0,1612274.5730211989,14.293156518202403
7302.0,1279324.50425081,207627.264648646,4.0,813488.2189160518,13.609086723564701
7303.0,1268658.85303989,245697.275439635,4.0,49699.72399410851,10.81375465863084
7304.0,1265057.18570819,264225.927042603,4.0,344722.0377509358,12.750493683594295
7305.0,1275375.97867876,230379.755551949,4.0,122865.12489567936,11.718842487145023
7306.0,1282587.57715015,210526.693259627,4.0,479521.1436652929,13.080543267568693
7307.0,1282588.76870215,209900.609866977,4.0,151118.49702183425,11.92581955653193
7308.0,1254201.71657708,207704.724488735,3.0,58198.11211589312,10.971608195322158
7309.0,1275954.53528737,230845.108000427,4.0,101609.0941141611,11.528888319118476
7310.0,1260397.18154342,259797.06553407,3.0,543515.1102180321,13.205812786846053
7311.0,1260411.29469545,260377.738238677,4.0,222552.9538634006,12.312920347163828
7312.0,1268900.37777613,282054.97275686305,6.0,1767621.3515600632,14.385145331572907
7313.0,1268901.53592014,282311.519509137,3.0,49922.91247027877,10.818235344095418
7314.0,1258670.16368566,260150.814782441,1.0,0.0,
7315.0,1259148.77987815,260452.769214749,3.0,246908.8521739463,12.41677452796697
7316.0,1265452.93687661,277954.553808674,2.0,2.0,0.6931471805599453
7317.0,1265722.00420488,277767.246416479,3.0,69885.99999999999,11.154620622038925
7318.0,1264859.532204,274566.606157199,2.0,2134.072767472859,7.665787530377273
7319.0,1264868.19690801,275333.457997978,2.0,9145.703288753191,9.121039462050954
7320.0,1281105.83794864,228280.678429797,4.0,511190.6868966174,13.144497963758653
7321.0,1259019.03242202,203184.851972103,4.0,917273.0189197268,13.729160437481518
7322.0,1258995.449766,202520.307331428,4.0,1057447.829274352,13.871368854666082
7325.0,1279752.17759524,217502.776402771,3.0,284408.90114744764,12.558168274408256
7326.0,1279907.0890834,217498.51457876,3.0,242255.12148227863,12.397746670839254
7327.0,1277021.17490445,222338.677463725,4.0,687635.8678927992,13.441014715023302
7328.0,1277015.60172045,222067.945111439,4.0,766190.3511859449,13.549185918094405
7329.0,1262757.43536985,193137.345785812,3.0,37160.35663395613,10.522997790135653
7330.0,1264313.50346744,257628.154811859,4.0,205661.2653478338,12.233985751384276
7331.0,1262634.87197772,264503.897602901,3.0,46599.99999999999,10.749355820113736
7332.0,1262637.56746572,264953.888195351,3.0,46807.99999999999,10.753809407468072
7333.0,1274372.08568574,231242.92150484,4.0,129505.73104276528,11.771480414298988
7334.0,1274631.00152601,231237.312288836,4.0,182454.0763438248,12.11425378386672
7335.0,1280712.75999624,251568.749301642,1.0,0.0,
7336.0,1267898.95364711,226281.86677976,3.0,581041.9217139321,13.272578187644008
7338.0,1257829.5921648,250428.756468475,3.0,88644.08080705813,11.392384538907159
7339.0,1257840.65552481,251064.774901137,4.0,85605.89460835455,11.35750942200607
7340.0,1268233.34302345,245040.089134961,4.0,68594.60912900696,11.13596922650082
7341.0,1261301.80247235,255711.223609895,4.0,1138521.3463886117,13.945240913882941
7342.0,1272369.15173168,220603.722645938,4.0,117418.19091894611,11.673497122575167
7343.0,1272363.19467568,220298.079573631,4.0,17974.416715394895,9.796704732293334
7344.0,1269709.00446497,241447.102507278,4.0,260281.3591579767,12.469518475502374
7345.0,1280738.03359626,216842.573010087,4.0,125568.31425069094,11.74060522611541
7348.0,1257395.55600436,203920.171332851,4.0,592628.3193112694,13.292322701220195
7349.0,1289757.0004535,190999.300855622,3.0,523125.7029487428,13.167577063974065
7350.0,1266628.2717898,287081.882330015,3.0,363614.8698850197,12.803850536722663
7351.0,1266781.73866996,287077.946650013,1.0,0.0,
7352.0,1266407.27940558,178725.419883057,4.0,34921.79925294338,10.46086653362455
7353.0,1269401.60478465,179173.955755517,4.0,723061.7847791876,13.491249953615858
7354.0,1276923.29644035,260599.6206709,4.0,136112.5515020982,11.821237407033147
7355.0,1277577.49068102,260577.987198874,4.0,688326.5564231395,13.442018650270581
7356.0,1276357.93016778,221434.601238787,4.0,935634.2937088652,13.748979967262464
7357.0,1264921.96023606,254558.39288871,4.0,241916.88511011,12.396349496188156
7358.0,1264263.11146739,254571.361400723,4.0,146776.83191538087,11.896668561967637
7359.0,1266388.97732556,243221.158061102,4.0,141303.6675993635,11.858666524452987
7360.0,1266675.42884585,243213.299757093,4.0,322171.9851064468,12.682840797175185
7362.0,1284926.91200055,200226.91827307604,3.0,172086.09665592245,12.055750192509285
7363.0,1294158.743946,188492.794101059,3.0,538463.9815934276,13.196475886792694
7364.0,1256771.89059572,189926.305014521,4.0,77018.11972520921,11.251795994258766
7365.0,1284970.0316806,249835.107379869,3.0,31031.62614981548,10.342762161799731
7366.0,1285060.93900868,249832.59294787,4.0,6483.6936858071895,8.777045640192332
7367.0,1274115.00613348,285203.707608089,2.0,46592.0,10.749184131556358
7368.0,1274607.23941398,285183.876952067,1.0,0.0,
7369.0,1262096.97405717,286139.043673053,3.0,604812.1007211547,13.31267311145345
7370.0,1267408.63339061,234310.783139974,3.0,718701.018760471,13.48520072096001
7371.0,1267484.72350268,234309.093539983,4.0,1763192.6897205045,14.382636751902478
7372.0,1257098.74358805,220494.346517831,3.0,1518113.0111657567,14.232978681574913
7373.0,1256489.20278743,219879.093205199,1.0,0.0,
7374.0,1267346.92292655,244624.378030539,4.0,170692.20887740832,12.047617265546451
7375.0,1275637.06610304,217900.194579169,2.0,38123.78339909109,10.54859360255704
7376.0,1275903.05605531,217893.21883516,4.0,480323.6229251477,13.082215370131024
7377.0,1262195.39088927,237075.841574803,4.0,162171.30826109243,11.996408513901034
7378.0,1280086.65561159,217899.965907171,4.0,175503.76572101825,12.075415778757677
7379.0,1280346.51372387,217892.503315166,4.0,184931.9098249564,12.12774298131136
7380.0,1280406.60677992,207433.575752452,3.0,7539.698317470585,8.927937449255996
7381.0,1280402.46796392,207197.252040207,3.0,2227890.991605488,14.616565952263915
7382.0,1265461.66814062,233121.860322759,4.0,560098.1437779041,13.23586730410192
7383.0,1265469.27242862,233423.763235062,5.0,709333.3665385253,13.472080887587392
7384.0,1276775.02738421,225696.906971157,4.0,1206361.4960054138,14.003119359285353
7385.0,1271717.13925102,269096.983239591,3.0,55138.94328808484,10.917611520231745
7386.0,1272065.40299538,269083.580039591,1.0,0.0,
7387.0,1279639.90418713,227866.856093377,4.0,455354.7191884485,13.028831996812796
7388.0,1259201.45853421,189505.370486096,3.0,1668592.4221384851,14.32749096799097
7389.0,1260390.06768742,192034.860792682,4.0,823907.1456713701,13.621813115249893
7390.0,1260206.41680723,192042.596344694,3.0,110139.7135860646,11.60950496235971
7392.0,1284502.45452811,241174.380971,3.0,121446.15044012312,11.707226237263688
7393.0,1284512.10182412,241307.404651135,3.0,219244.69032445367,12.297943692492852
7394.0,1288175.96000388,246571.787504539,3.0,61553.57416411107,11.02766319920546
7395.0,1289041.54483676,247281.140721262,3.0,48578.09473125278,10.79092798258684
7398.0,1263418.78903453,266261.7835567,4.0,865462.9336238803,13.671019826134675
7399.0,1263434.08164254,266922.226757377,4.0,1225247.0242658912,14.018653034093791
7400.0,1271228.94430652,242727.173164591,4.0,245014.80777554936,12.409073927600648
7401.0,1270447.25924972,248687.251442701,3.0,120902.85587305058,11.702742658102641
7402.0,1274629.79909401,232062.951009676,4.0,278360.98065254354,12.536674041917603
7404.0,1267642.43447885,259794.045502067,4.0,1851504.2279466968,14.431508962858283
7405.0,1271641.77029094,263074.835201427,3.0,49688.245331038655,10.813523671657288
7406.0,1279932.88594744,216310.548497543,4.0,367873.6832441485,12.815494906172653
7407.0,1278757.88204223,174180.016614407,1.0,0.0,
7408.0,1279123.6627786,282449.66421327,2.0,46592.00000000001,10.749184131556358
7409.0,1279406.42866689,282448.173717275,3.0,136441.00103755752,11.82364757333913
7410.0,1288668.89664438,185332.735729828,4.0,242041.99629217965,12.396866528480214
7411.0,1288660.73363638,185078.175921559,3.0,306510.2544879442,12.63300649052939
7412.0,1277821.75564127,263225.277505592,3.0,50906.78519760286,10.837751498125932
7413.0,1281497.61734104,171958.020068124,1.0,0.0,
7414.0,1270862.45752215,286660.28047359,3.0,540262.2876170387,13.199810018427076
7415.0,1273076.59384441,274487.294029117,4.0,120210.39422136532,11.696998771731948
7416.0,1276248.71218367,204087.540101022,1.0,0.0,
7420.0,1278214.57503368,205178.526790142,1.0,0.0,
7421.0,1278341.3149378,205141.065222114,2.0,46591.99999999999,10.749184131556358
7423.0,1261623.54455268,247142.08491312,3.0,185925.66067773715,12.133102199028881
7424.0,1260926.78186397,247157.050737128,4.0,208891.53522550265,12.249570426022391
7425.0,1259644.94352666,248282.851314291,4.0,181471.6986868833,12.108854990428863
7426.0,1272848.86494818,245464.140079394,4.0,70038.16311572999,11.156795559838427
7427.0,1277234.95493667,237822.673447579,1.0,0.0,
7428.0,1277396.70860083,237824.272807568,4.0,89327.24103637757,11.400061771145356
7429.0,1272102.12760341,247479.527793467,4.0,30602.62744419479,10.328841148443725
7430.0,1272110.00920342,247741.32945773,4.0,19777.642818299017,9.892307428120851
7431.0,1257471.90326844,216519.350225762,4.0,343122.8334945693,12.745843777184671
7432.0,1257132.07978009,216526.915793762,4.0,355314.2580052854,12.780757910686884
7433.0,1255142.38992205,205961.358214945,4.0,251420.79630222148,12.434883293682889
7434.0,1254811.0486737,205972.226950958,3.0,152288.08555002202,11.933529305685376
7436.0,1269142.54564838,228265.883165792,4.0,218813.58517443103,12.295975437065158
7437.0,1268827.04529606,228552.689374074,4.0,137664.75073377206,11.83257666599012
7438.0,1281536.51129308,225626.562011078,4.0,104501.62884318808,11.55695793728168
7439.0,1283512.0890871,195913.647356659,4.0,323746.0644423476,12.687714735759364
7440.0,1283495.56678309,195263.101051986,4.0,1462268.516902744,14.19549956651984
7441.0,1277356.4245048,213835.248655006,4.0,87848.5143938039,11.383369182758583
7442.0,1283115.4297587,235281.11978097295,3.0,51939.17250224402,10.857828553288595
7443.0,1283126.7689587,235714.246565416,3.0,2558.3138687612927,7.84710367545657
7444.0,1258642.05642164,201938.644482821,4.0,1461071.1977122943,14.194680421723625
7445.0,1269096.61528035,181597.233070001,2.0,39.72228327228329,3.6819123217212764
7446.0,1270467.74737774,284867.365399748,3.0,52076.475333906674,10.860468596671819
7447.0,1294380.02369022,180864.640365243,1.0,0.0,
7448.0,1294374.63751422,180590.043820962,4.0,690172.6348661355,13.444697040737946
7449.0,1280758.76415628,179378.67319572,4.0,899278.4863225211,13.709348038923828
7451.0,1277566.31487301,279027.812497765,4.0,184504.77338908848,12.125430614155624
7452.0,1277590.92108104,279279.529490024,1.0,0.0,
7453.0,1282895.68249446,236132.035749838,3.0,66409.98497721345,11.103602700322016
7454.0,1283068.27135864,236113.001957819,3.0,23292.715384615385,10.055895946233223
7455.0,1270922.6539382,230472.197664052,4.0,86475.55366073125,11.367617036337418
7456.0,1257704.14064467,238380.35178414,3.0,419405.3318301082,12.946593110364159
7458.0,1286625.29773028,191812.815672457,3.0,217516.00855621844,12.290027729359666
7459.0,1276452.74424787,212533.228301674,4.0,242368.00909552828,12.398212548789227
7460.0,1276715.81458414,212528.012045667,4.0,155362.2609089251,11.953514836128615
7461.0,1280885.49164441,256836.234171048,4.0,693672.6235757379,13.449755404237926
7462.0,1281562.41087711,256818.146939024,3.0,384875.1468764612,12.860674266847933
7463.0,1258172.45994115,246959.67646493003,3.0,53148.37524050373,10.880842813980241
7464.0,1258182.26966916,247389.600817367,4.0,45802.47521380782,10.732093412611556
7465.0,1265437.84273259,232141.490209758,4.0,323166.2921371064,12.685922306059826
7466.0,1283866.75667146,254086.155320227,1.0,0.0,
7467.0,1276780.18981621,268543.976519033,4.0,32902.257514396006,10.401296551858238
7468.0,1257831.4577008,244720.52510263,3.0,363062.1180648585,12.802329222752537
7469.0,1264575.80964372,170035.640994161,4.0,527910.8059251696,13.176682620246401
7470.0,1256398.30339533,199334.834752157,2.0,38078.51841919183,10.547405581089365
7471.0,1256273.25641921,199337.883584172,3.0,367112.1919210543,12.813422780377334
7472.0,1265686.89143685,285889.67439279,1.0,0.0,
7473.0,1265691.83927685,286087.327576995,3.0,186888.1143200316,12.13826539762818
7474.0,1280482.17221999,276752.126095444,2.0,91412.231986367,11.423134577660422
7475.0,1280899.41810842,276748.905615434,2.0,52185.72886127984,10.862564343029852
7478.0,1278980.16639446,267155.329349607,4.0,1287364.3362172043,14.068107536039843
7479.0,1255870.55939479,217960.79745923,4.0,111661.0687653378,11.623223390422858
7480.0,1255691.09744261,217968.732499242,1.0,0.0,
7481.0,1254674.02435356,199981.86163282403,3.0,93181.99999999996,11.442309848973883
7482.0,1254619.68950552,200186.77068904,1.0,0.0,
7483.0,1266288.91415747,257579.906875804,4.0,323507.1007626005,12.68697634248931
7484.0,1276284.87749571,258630.333244875,4.0,185721.12915958112,12.132001522018355
7485.0,1259954.38717498,259056.636221319,2.0,840901.9506800218,13.64223034557097
7486.0,1259397.10711041,259067.775293335,3.0,833190.0164071621,13.633017006068604
7487.0,1268463.85732768,241734.694507584,4.0,738558.6862468753,13.512455844616664
7488.0,1268766.24388801,241725.690859571,4.0,192719.89857706247,12.168993111017665
7489.0,1261987.82109706,209102.41850616,1.0,0.0,
7490.0,1261923.343209,238799.917864576,4.0,124100.07305407755,11.728843559863577
7491.0,1266724.66756591,232129.767841741,4.0,296956.1410666487,12.601339733703812
7492.0,1267046.57374224,232121.674017742,4.0,1544185.675526298,14.250007258506548
7493.0,1264235.77361137,253238.153783366,4.0,672033.9490112314,13.418064137591179
7494.0,1287615.29510731,200491.308801353,1.0,0.0,
7495.0,1288052.86374775,191773.425976425,4.0,131320.06730265755,11.785392884124212
7496.0,1288329.58534804,191740.55826439,5.0,296999.38109766884,12.601485333936433
7497.0,1270261.92036954,205214.675014183,4.0,94520.50597404625,11.4565720843763
7498.0,1270253.77105752,204919.203781888,4.0,161655.57778998266,11.993223287909244
7499.0,1281755.0581093,247244.695281222,4.0,301704.5658022759,12.617203558616584
7500.0,1281762.5187173,247904.630001903,4.0,244790.2220101645,12.40815688605364
7501.0,1276462.57099988,226131.064283594,4.0,658978.1647599001,13.398445679035705
7502.0,1255350.53251426,255810.155833989,4.0,1990745.1185160845,14.504019558033844
7503.0,1255356.11421026,256465.34220266304,3.0,94212.24451401048,11.4533054363424
7504.0,1265862.62142102,243624.459053516,4.0,202100.1735774864,12.216518762260648
7506.0,1267497.8858707,251563.665973648,4.0,300471.1611325654,12.613107058743255
7507.0,1267504.7595347,251823.198261917,4.0,414835.01179577113,12.935636158226236
7508.0,1284401.81235202,252493.954486594,3.0,164570.0520632261,12.011091606948533
7509.0,1255554.97897847,250709.157492772,4.0,306711.0900045526,12.633661508576601
7510.0,1257444.5148524,258087.818940327,1.0,0.0,
7511.0,1257450.83178042,258433.550844684,4.0,872859.6109042553,13.67953000963835
7512.0,1264658.04311579,174606.379238844,4.0,89381.68021896844,11.400671020911874
7513.0,1270449.97969772,282031.609300837,4.0,930903.2339210216,13.743910613071069
7514.0,1271423.88587472,171245.4729314,3.0,306017.95742793794,12.631399063617682
7515.0,1271731.38328303,171238.561507389,4.0,889626.0310101431,13.698556463527575
7516.0,1275884.82642329,277530.395216241,3.0,254425.40853133652,12.446762981763221
7517.0,1276375.9425838,277512.562576219,4.0,144947.56136117538,11.884127310208106
7518.0,1271088.04273838,272224.889418796,4.0,1170903.8025851145,13.973286489406156
7519.0,1271750.61752306,272201.962954774,4.0,1251184.0931402245,14.0396009354093
7520.0,1264660.80785179,191761.740600407,4.0,501088.7417826626,13.12453849368817
7521.0,1264376.5817395,191769.052280411,4.0,1379587.3168026877,14.137294966615123
7522.0,1268881.42276812,190436.710775048,4.0,333504.4748590922,12.717411562116139
7523.0,1268924.20388816,189783.525110379,3.0,81262.16480326233,11.305435809640501
7524.0,1256604.72521955,237339.107111081,4.0,111986.11199454394,11.626130142539875
7525.0,1256196.30902714,198281.022847086,3.0,168955.59692338202,12.037391219284652
7526.0,1256158.29731509,198042.98463884,2.0,46591.99999999999,10.749184131556358
7527.0,1268577.03953581,208026.374089062,3.0,89597.85835512656,11.403086696390824
7528.0,1268910.73700815,208019.781577051,3.0,46319.61089507416,10.743320711846183
7529.0,1262275.96944936,266295.206020728,3.0,36585.96373649049,10.50741994136534
7530.0,1258632.51382962,251051.011125118,4.0,51258.025478926014,10.844627479451734
7531.0,1274192.01515755,237481.730855227,4.0,320134.6986789429,12.676497119580008
7532.0,1274452.23838982,237476.60880722097,3.0,226310.749262106,12.329664330547033
7533.0,1271647.74040295,264067.397506446,4.0,375020.4370485388,12.834735802263646
7534.0,1255604.64189053,253742.088759869,4.0,95097.5179953254,11.462658149300422
7535.0,1255616.71049854,254413.707512558,4.0,131672.5010542664,11.788073066037965
7536.0,1261949.12298502,270452.463816985,1.0,0.0,
7537.0,1270509.57041779,212149.435405284,3.0,735560.5497183291,13.508388140201196
7538.0,1281333.03500487,208692.674249738,4.0,492899.5709225063,13.108060722176772
7539.0,1278923.7655624,225222.574618667,4.0,1246448.2150132696,14.035808636769298
7540.0,1279354.70201084,269790.696776316,3.0,250300.9837725073,12.430419407785722
7541.0,1267219.64625442,250279.434292331,4.0,67355.93971735644,11.117746369744296
7542.0,1281911.51775746,230389.527519956,3.0,454426.468621136,13.026791394299009
7546.0,1281461.904829,209631.419146702,3.0,31007.735578801483,10.341991987138702
7547.0,1281784.23295733,209629.208522707,3.0,19280.831842719464,9.866866712603068
7549.0,1258373.74858136,203879.102212816,4.0,2777568.4372402085,14.837086440062828
7550.0,1263279.47037838,170721.269922867,3.0,52135.698178411454,10.861605178874917
7551.0,1263103.5140902,170726.445410863,1.0,0.0,
7553.0,1275063.24312645,272739.448075324,2.0,25.33333333333333,3.232121051618221
7554.0,1275063.37567045,273035.636491627,3.0,61977.110137125455,11.034520404522642
7555.0,1272266.39403558,177183.687401474,1.0,0.0,
7556.0,1264084.7381552,286666.137433589,3.0,232928.0,12.358484671917985
7557.0,1289167.02950889,184305.76305677,3.0,242090.29555648647,12.397066057680313
7558.0,1273222.04862857,176512.824296787,1.0,0.0,
7559.0,1273648.83448499,176498.15140077504,3.0,557267.3649102002,13.230800412557482
7560.0,1262499.78724158,277396.1339681,2.0,23295.000000000007,10.055994024250898
7561.0,1280872.70066839,256505.580282703,4.0,401218.9938472668,12.902262676539689
7562.0,1279863.30629936,255208.566137373,3.0,1790308.6499595668,14.397898593097578
7564.0,1275401.3821988,231219.369056806,4.0,127709.43987701552,11.757512961583075
7565.0,1275649.16383106,231212.997664809,3.0,38834.42976604313,10.56706249723991
7566.0,1278719.10911418,254070.586168215,3.0,20299.362540850165,9.918344762608264
7567.0,1278813.32844229,254296.654584438,3.0,328482.15273822466,12.702237785866894
7568.0,1263598.71089071,193790.270650491,4.0,1927644.6682849484,14.47180943648509
7572.0,1264964.9837881,246306.804400265,4.0,421974.0363868604,12.952699065975779
7573.0,1265389.96126054,246292.969840243,4.0,710395.82780163,13.473577597615867
7574.0,1262109.72797719,194485.130491197,3.0,1188459.8909940124,13.988168817626901
7575.0,1262093.77853717,193817.728634506,4.0,1934622.587381994,14.475422820141592
7576.0,1274957.97855034,265006.915331408,3.0,559430.1492065354,13.234673953911795
7577.0,1288227.64691593,187236.110259771,3.0,349812.87807968125,12.765153656439796
7578.0,1288497.25491621,187245.440243781,4.0,671403.4078815711,13.417125439299477
7579.0,1272494.52248381,198121.07731092,3.0,154663.10891131897,11.949004539547175
7580.0,1286060.38905771,185418.560369909,1.0,0.0,
7581.0,1286162.43449782,185416.481009915,3.0,93182.0,11.442309848973883
7582.0,1255218.64566612,236659.415270388,3.0,56131.36416856426,10.935450011374465
7583.0,1270393.30360167,224259.310105681,4.0,284589.415397691,12.558802772792701
7584.0,1287005.20640267,205663.494662642,3.0,71699.08261101594,11.180233231680416
7585.0,1284635.24524824,209098.485770166,4.0,283564.5161544305,12.555194946469403
7586.0,1284629.18163225,208669.552905723,3.0,25434.21411070377,10.143850558831952
7587.0,1270422.65131369,271404.247689962,4.0,599770.5288074873,13.304302409057348
7588.0,1270423.89214569,272003.970250577,3.0,784193.246861561,13.572410757303112
7589.0,1269007.70404825,264267.91878666,3.0,370884.24585897714,12.823645287134694
7590.0,1269221.89188847,264310.969538704,3.0,235584.2966092525,12.369824075776089
7591.0,1262359.92829745,189799.462710395,3.0,82835.94255518616,11.324617335014802
7592.0,1258424.1254774,256215.75506641,2.0,8496.483902826503,9.047407698407133
7593.0,1271506.3798268,246166.700080112,4.0,1150496.762569131,13.95570437451977
7595.0,1257647.87933262,219204.91867651,3.0,60766.02984632782,11.014786192179516
7596.0,1270947.40421024,204607.838277563,4.0,312866.47556598,12.653531782868638
7597.0,1281559.90169311,223852.410329267,3.0,448525.44894695375,13.013720701227843
7598.0,1281979.39788553,223660.626649067,4.0,431022.95349932107,12.97391662404675
7599.0,1258739.80330174,188226.41106078,1.0,0.0,
7600.0,1274865.36453424,253498.622711629,4.0,338470.82837382244,12.732193188518389
7601.0,1281503.59698905,254848.012089014,3.0,145677.07321652872,11.889147623703577
7602.0,1262817.6967459,249544.579763576,3.0,49187.98919460083,10.8034047506168
7603.0,1262171.83741724,249558.691315591,4.0,119563.54529761124,11.691603268832202
7604.0,1276914.23250434,260704.322239012,3.0,213358.87671391352,12.2707308940966
7605.0,1277704.01080915,270509.706825048,4.0,1848867.1377102,14.430083651492287
7606.0,1278073.62911353,270531.039433062,4.0,2289473.4870669064,14.64383243078376
7607.0,1269275.70942453,225514.870938972,4.0,2574689.9895206997,14.76123969241308
7608.0,1279333.22668283,268064.267462537,3.0,33631.327110397,10.423213266054933
7609.0,1279339.10361083,268463.807686955,3.0,30123.54751417231,10.313062454333377
7611.0,1257812.75952478,189238.90968582,4.0,1091336.7447528315,13.902913874159127
7612.0,1286361.88550602,195492.429052234,3.0,423160.4447783615,12.955506688188072
7613.0,1257183.82973213,197176.688125953,4.0,1351423.4413310108,14.116668995910265
7614.0,1277849.9402813,230124.502815694,4.0,487549.3958377194,13.097146889082351
7615.0,1277869.85528933,230783.735072359,4.0,454847.47563994565,13.027717423361103
7616.0,1257989.44752496,256222.173370421,2.0,46591.99999999999,10.749184131556358
7617.0,1258037.27882101,256451.230010644,1.0,0.0,
7618.0,1259488.6036225,254371.850936517,4.0,349446.8095295707,12.764106638886693
7619.0,1287219.73190689,249554.445875585,1.0,0.0,
7620.0,1287239.73446691,249778.821427822,4.0,1235107.6800267946,14.026668714548459
7621.0,1280278.64441179,199309.835776135,4.0,278993.0072660235,12.538941996926766
7622.0,1280246.65791576,198890.652543709,3.0,7020.864448647099,8.856641630271566
7623.0,1283406.39206299,181227.014637619,3.0,1141849.5283183262,13.948159898974156
7624.0,1283769.57836737,180895.156077281,3.0,606667.088104362,13.315735465062147
7625.0,1287019.74086669,186593.43301111495,3.0,136299.92301044438,11.822613052830791
7626.0,1257721.76234069,192275.660856932,4.0,256692.943668278,12.45563587784985
7627.0,1257060.14493202,192290.66079294696,3.0,131184.87996487587,11.784362904680853
7628.0,1258398.38800539,260549.000382841,3.0,357876.103103161,12.787942124765658
7629.0,1257215.32541217,259806.594366089,4.0,1384042.844885361,14.140519371967695
7630.0,1279036.88082652,205369.927622348,2.0,7709.948233467403,8.950266752328272
7631.0,1279394.87909888,205349.838790327,3.0,24919.904205354105,10.123422128807087
7632.0,1260959.06820001,255027.152441189,4.0,824627.1650473553,13.622686642014957
7633.0,1272884.84722021,254621.728056774,3.0,57680.56525310351,10.9626755717219
7634.0,1273533.95090088,225778.429467246,3.0,95637.45229332274,11.468319782711832
7635.0,1273752.9976851,225772.975387231,2.0,42508.95121274469,10.657469949506373
7636.0,1280352.41362786,269759.412360281,4.0,612880.1870731353,13.325924742426812
7637.0,1275164.59359056,225737.656603202,4.0,171759.99899748276,12.05385342671593
7638.0,1266408.13246159,243610.806509495,4.0,241970.1939766396,12.396569832167557
7639.0,1281839.03564538,195934.655484676,3.0,521902.4625879354,13.165235996125709
7640.0,1282121.68569368,195927.78905268,4.0,732464.8270855857,13.504170601089877
7641.0,1272718.57650004,274525.269965157,1.0,0.0,
7642.0,1267183.62366238,176209.269736484,2.0,23295.0,10.055994024250897
7643.0,1284228.20671983,265113.681155518,2.0,630007.9386576562,13.353487699332222
7644.0,1267649.29303886,242730.411308601,4.0,291199.59986010817,12.581764221196952
7645.0,1277172.3084086,201930.696962819,3.0,632629.5218020969,13.357640256172473
7647.0,1266693.77719788,264186.125314564,4.0,627085.2692796035,13.348837806029735
7648.0,1270693.97195397,198956.726207778,3.0,55574.70837942699,10.925483491484883
7649.0,1274068.60402143,207314.91130434,3.0,77806.66534304859,11.261982379286607
7650.0,1287564.90873925,248182.736370176,2.0,3325.6897273271898,8.10943236836805
7651.0,1264292.51991542,256171.340474367,3.0,48449.76425066173,10.78828275147966
7652.0,1277588.68492104,260245.55577454,4.0,486097.3855951606,13.094164264691909
7653.0,1272097.27070741,238192.484391958,3.0,92632.78503400156,11.436398408016558
7654.0,1280600.08274812,202315.177219212,3.0,92229.92019467012,11.432039870943367
7656.0,1265575.98878074,195080.023355812,4.0,2086632.8069276293,14.551062227564518
7657.0,1267913.57169513,240964.892202795,4.0,500408.2816695874,13.123179607537038
7658.0,1270527.38507381,176521.964968801,2.0,46592.0,10.749184131556358
7659.0,1270633.69713791,176556.942952842,3.0,139768.0,11.84773918415428
7660.0,1257452.91939642,235955.859237656,1.0,0.0,
7661.0,1257108.90794006,235964.174501672,3.0,186349.99999999997,12.135381904907405
7662.0,1279242.11039473,251835.938741922,3.0,35736.522984227035,10.483928497585353
7663.0,1279512.19218701,251730.304437816,4.0,113562.4393403442,11.640108090986214
7664.0,1277495.26776893,236607.062374324,2.0,6.36060606060606,1.850123665360107
7665.0,1272760.40056409,235835.579941541,4.0,505744.9630304872,13.133787795574538
7666.0,1255909.53897883,209238.516682297,4.0,835878.4935397266,13.636238538847742
7667.0,1282724.94924629,211534.90318065896,3.0,21291.290869275945,9.966053388706834
7668.0,1272786.37330012,251714.964853793,3.0,395105.5512670125,12.886908226584282
7669.0,1273069.39179641,251789.399093881,4.0,310202.7947731284,12.644981539268542
7670.0,1273071.14699641,236369.457830086,3.0,731270.2566356957,13.502538378526674
7671.0,1269023.89988826,240923.525482744,4.0,156606.03399794962,11.961488593073346
7672.0,1269239.45419249,240920.587178752,4.0,186054.69388099475,12.133795962593819
7673.0,1261857.15466492,254344.916600496,4.0,1970784.116999843,14.4939420504556
7674.0,1276351.38091977,221128.772118479,4.0,153435.83603436366,11.941037752329615
7675.0,1258278.40035726,211831.120396957,4.0,385645.4572968595,12.862673721951031
7676.0,1257511.66698048,248862.274354875,4.0,666764.0313386541,13.410191486200265
7677.0,1256882.54979584,248876.295346886,4.0,381476.75227366,12.85180519016615
7678.0,1280196.2790997,225669.363739133,3.0,35016.56133743167,10.463576409626167
7679.0,1261276.58858433,253019.20306313,4.0,306660.0198790383,12.633494985814739
7680.0,1261038.21309608,253023.939319134,3.0,68572.7705344776,11.13565080393173
7681.0,1261238.5194643,237330.044135064,3.0,41102.31931677316,10.623819829957194
7682.0,1271215.53816251,242262.589420125,4.0,396600.5090843726,12.890684778688724
7683.0,1253159.26198402,241882.027819738,3.0,25041.82471140632,10.128302694420285
7684.0,1262383.20644146,255136.678521305,3.0,175519.79850416383,12.0755071275148
7685.0,1262395.17853747,255696.303673878,4.0,549303.7776324137,13.216406896482402
7686.0,1264748.83722788,251605.856501684,4.0,139837.94558989987,11.848239499633705
7687.0,1279408.0959309,223841.85167326,4.0,996422.0054857978,13.811926147118061
7688.0,1255300.41155422,253744.917815879,4.0,124403.62893186908,11.731286630339785
7689.0,1258417.2557174,187583.140020132,1.0,0.0,
7690.0,1288311.82586001,190519.900919139,4.0,735117.9608973116,13.507786256334418
7691.0,1277500.12440895,236757.045286477,4.0,49011.81637061951,10.79981669844148
7692.0,1282803.92447838,194598.456059307,4.0,687889.769606288,13.4413838854836
7694.0,1283254.61644684,196159.074684903,1.0,0.0,
7695.0,1283253.05875084,195904.616508648,3.0,55568.24705415197,10.925367220952808
7696.0,1285656.5503373,255895.855482087,4.0,1072141.9356428902,13.885169014500377
7697.0,1280979.8539485,224745.409242183,4.0,234559.58772324416,12.365464940018768
7698.0,1280992.69087651,225165.270938605,4.0,361151.690005864,12.797053342980336
7699.0,1265434.32401259,266865.563205317,3.0,199142.3791238624,12.201775320862085
7700.0,1265446.4995646,267527.597637996,3.0,1787421.5285754984,14.396284652489038
7702.0,1253970.83843285,250893.335924953,3.0,372935.1593273932,12.8291598479314
7703.0,1260694.03395973,258372.354428619,4.0,2171033.5743430126,14.590713913661627
7704.0,1260725.04931976,259703.692349985,4.0,1079886.5738786417,13.892366569398533
7705.0,1282891.86361447,258768.271613017,3.0,681900.8091591458,13.432639485132393
7706.0,1275740.08031113,243639.48036553,4.0,376533.99530246656,12.83876361511396
7707.0,1276019.86981542,243629.215597525,4.0,216490.81028829308,12.285303378818451
7708.0,1271751.11390705,275145.990157798,4.0,539368.5821214136,13.198154442017014
7709.0,1269932.3553772,286482.692249402,3.0,93184.0,11.442331312116304
7710.0,1270113.64766538,286480.369433403,2.0,139746.0,11.847581768067462
7713.0,1278200.00357766,202399.557571307,4.0,1015376.7271325908,13.830770261331832
7714.0,1278976.89567445,202353.350019246,4.0,626512.5533642682,13.34792409041084
7715.0,1283848.79609545,253165.194551289,4.0,184445.74565974387,12.125110637753366
7716.0,1262141.00087322,195808.484156549,4.0,108420.31363023524,11.593770745544283
7717.0,1261807.75876087,195814.37094055105,3.0,52281.34976351797,10.864394985375768
7718.0,1252471.46710332,211654.139148772,3.0,93273.7,11.443293460710004
7719.0,1252263.6571191,211660.918028787,2.0,46592.0,10.749184131556358
7720.0,1260961.67517601,248786.942834795,4.0,249685.2320506224,12.427956331750028
7721.0,1260313.63447134,248800.51038681,4.0,304552.7774516847,12.626599676077534
7722.0,1275616.50443901,262630.981760979,3.0,55556.029519305936,10.925147331379225
7723.0,1287393.21222708,189952.819702551,3.0,63835.32370903543,11.064061979269015
7724.0,1287779.84006748,189945.281974554,1.0,0.0,
7725.0,1264187.55421931,211038.231948152,1.0,0.0,
7726.0,1264047.53085917,211041.513740152,4.0,145965.42519799792,11.891125058933335
7727.0,1266377.55870156,264855.258115262,4.0,366171.0701848693,12.810855908060562
7728.0,1256229.31753916,250963.360053033,3.0,54588.978608998346,10.907587284379082
7729.0,1262835.93156193,236392.544742107,4.0,237671.0904836677,12.378643024090863
7730.0,1278776.69497025,236725.050278455,3.0,44505.21815192062,10.703361723120612
7731.0,1273108.04651645,211089.740364194,3.0,48914.14384468197,10.797821873818632
7732.0,1273104.94878845,210451.01197955,3.0,19842.119395819795,9.895562199519624
7733.0,1267546.51275074,267146.372357607,4.0,556195.3753834385,13.228874906082636
7735.0,1282870.99718244,211193.862156302,2.0,135054.53112973634,11.813433910155416
7736.0,1282853.52639842,210519.308107615,4.0,347226.5447466371,12.757732712609247
7737.0,1279146.45343463,230327.954463899,3.0,291889.3100796011,12.584129934313443
7738.0,1279062.62060255,231191.780832782,4.0,278067.08826281247,12.535617688245031
7739.0,1283488.99430308,245891.489007831,3.0,240636.14789403512,12.391041311861311
7740.0,1283917.91302352,246479.517040431,4.0,49101.95832093343,10.801654197323982
7741.0,1286639.5253783,251121.475573197,3.0,211073.51639557307,12.259961770710786
7742.0,1286645.13689831,252131.81080623003,3.0,70142.62318869517,11.158285922320397
7745.0,1279189.96287468,173771.751653984,3.0,262425.10666687274,12.47772101237004
7746.0,1282008.54649356,274599.769165233,2.0,75628.7401912586,11.233591651184677
7747.0,1292277.08500007,187399.986227944,3.0,21468.93608423653,9.974362336046335
7748.0,1291854.22919165,186742.16766727003,3.0,7378.600525047693,8.90633926885999
7749.0,1270444.32683372,280703.016787484,4.0,2418847.767667487,14.698801855684412
7751.0,1266248.72990142,242763.571052626,2.0,9935.833595749227,9.203903056423238
7752.0,1266377.73879756,242761.721324638,4.0,27207.035535730916,10.211230878239386
7753.0,1271999.1448833,205696.492294669,4.0,43680.63330651609,10.684660109089231
7754.0,1276378.69253579,246023.936559975,4.0,102243.64220178626,11.535113893016222
7755.0,1276395.37989581,246583.860976547,4.0,58532.41984827532,10.97733606515651
7756.0,1270024.02974528,215869.726545095,4.0,231001.46170211877,12.35017931719871
7757.0,1270254.21464153,215865.798737094,3.0,83674.42180763604,11.334688616078193
7758.0,1276364.48427978,221740.640663102,4.0,709602.5718322138,13.472460334311714
7759.0,1256580.95625952,236755.247398481,4.0,907407.6371929508,13.718347062743643
7760.0,1256832.59715578,255208.878457382,4.0,983062.2364078288,13.798427709849276
7761.0,1276712.32639214,251321.171061397,4.0,568838.1308868567,13.25135119264841
7762.0,1281984.51865354,204177.029125124,3.0,66773.25376356182,11.109057886585102
7763.0,1277368.17516081,214435.620111629,4.0,158205.98555894167,11.971653168991491
7764.0,1277362.58591281,214135.733583316,4.0,185329.74253551333,12.129891909568535
7765.0,1265324.08702047,243637.223149523,4.0,141649.46470477857,11.86111072625243
7766.0,1286705.89728238,205410.427910388,3.0,371120.6266342774,12.824282427919234
7767.0,1286701.37305836,205138.4665021,3.0,251073.1575434129,12.433499639962834
7768.0,1261514.24196057,249041.062067062,3.0,75220.07927978555,11.228173485995928
7769.0,1261519.78000858,249306.92440334,4.0,101859.41691034762,11.531348875999942
7770.0,1266214.89002939,250304.655028358,3.0,11308.49360445426,9.333309368767623
7771.0,1269548.6143848,208007.155337036,3.0,52314.45045606523,10.86502791124053
7774.0,1267021.66110222,187954.847668514,2.0,46592.0,10.749184131556358
7775.0,1279384.25381887,272433.167499021,4.0,1024332.730789592,13.839551964214198
7776.0,1279392.69573888,273093.841739684,4.0,1253712.1192586292,14.04161940385059
7777.0,1268650.13451189,252982.22975109503,3.0,191658.26759921468,12.163469208929712
7778.0,1266520.7487177,242758.371884629,2.0,374.1766608101837,5.92472804099742
7779.0,1266623.1559498,242755.781356618,2.0,43247.91989344332,10.674704416254139
7780.0,1279004.77196248,174126.279846355,3.0,109780.70258292533,11.606240042000739
7781.0,1272826.08715616,249272.86769929496,3.0,85247.64160366826,11.353315730289996
7782.0,1261046.10711209,200465.520769313,4.0,425725.5878408132,12.961550257693226
7783.0,1285414.07737705,244278.754670188,3.0,638478.0598461644,13.366842591837976
7784.0,1260636.48093568,251678.123061761,3.0,26407.727360054243,10.18141194933759
7785.0,1281064.3574366,263930.529986307,2.0,46591.99999999999,10.749184131556358
7786.0,1282026.83974157,207454.665608481,3.0,49353.67289189521,10.806767467459881
7787.0,1282387.39314994,207446.296840474,4.0,743689.3139934337,13.519378637882276
7788.0,1274918.32805429,222996.75592839695,3.0,163225.90412013748,12.002890435142803
7789.0,1266313.10801348,259561.671613827,4.0,2353304.069183944,14.671330885533038
7791.0,1262365.24260144,267612.963270083,3.0,86143.89710755584,11.363774399139828
7792.0,1262127.29258521,267619.742790088,3.0,67726.55790694551,11.123233670113535
7793.0,1278216.43954568,246808.25553678,3.0,462755.3712148224,13.044953837531693
7794.0,1278575.75212204,246779.153904751,5.0,516531.11229442776,13.15489080250294
7795.0,1254914.85232182,252040.579062134,4.0,112637.89570126552,11.631933489587976
7796.0,1281511.09996505,251890.283061981,3.0,91175.96024825104,11.420546547546301
7797.0,1258844.29686984,248300.870962307,4.0,300772.96490498894,12.614110989708072
7798.0,1258201.63376518,248314.922162324,4.0,282150.8848386114,12.550197259449826
7799.0,1279716.19935521,207276.477640301,2.0,11252.626423009488,9.328356840208128
7800.0,1286331.35865799,247560.788785547,4.0,958829.9993905678,13.773469069528662
7801.0,1286606.97856227,247638.982897624,1.0,0.0,
7803.0,1277862.12268132,281369.707732171,3.0,235614.6384453316,12.36995286144967
7804.0,1277577.74328902,281275.576660067,1.0,0.0,
7805.0,1285835.36524948,253617.05816774105,3.0,227870.54972980937,12.336532982354429
7807.0,1281617.74834916,208695.062729746,3.0,284204.41628275724,12.557449033872599
7808.0,1260233.98698327,251683.673909768,4.0,843218.825726547,13.644981783045793
7809.0,1259969.38256699,251687.684405774,4.0,95024.03197949992,11.46188510679688
7810.0,1272682.55262801,269550.605064064,3.0,30612.44549197871,10.329161920678313
7811.0,1272811.84702814,269689.886280209,3.0,48832.91786576284,10.796159910866619
7812.0,1275197.02136658,217399.415058658,4.0,57440.04880420031,10.958497053377043
7813.0,1273944.6669333,246292.103344247,3.0,395127.6820226996,12.886964237277734
7814.0,1273958.97957332,246889.42072086,4.0,243290.1522528733,12.402010052214155
7815.0,1255186.52598609,196710.696957469,3.0,1059477.8517307858,13.8732867520178
7816.0,1255356.58960226,203009.956291929,3.0,135533.8354071584,11.816976595931996
7817.0,1255156.96598606,203017.943811938,3.0,48498.73822229538,10.789293060552005
7818.0,1264577.25092371,246582.304880545,3.0,137585.28802255585,11.83199928032447
7819.0,1256564.20329951,198799.25606361,4.0,240022.1960607812,12.388486681634374
7820.0,1256401.89328334,198803.35711962,2.0,10953.43351883866,9.301408249458191
7821.0,1277678.17029713,268516.253127009,4.0,103204.301141156,11.544465808885487
7822.0,1277679.68933713,268633.524551123,3.0,29386.96156659587,10.28830637082921
7823.0,1258398.95786138,204537.94208549,4.0,1929762.962752425,14.472907736111692
7824.0,1258067.15472504,204552.17171751,4.0,471805.9418499482,13.064323039877994
7825.0,1287619.87155531,201148.526978016,3.0,191804.0006357523,12.164229299585957
7826.0,1281048.36038058,269038.36589554,4.0,527543.1811445697,13.175986000971719
7827.0,1281387.60972492,269060.231047556,4.0,472256.18478216336,13.065276881693379
7828.0,1268237.01758346,245175.378223106,4.0,138322.60565548812,11.83734395805921
7829.0,1262790.68560988,234849.831588537,4.0,128426.70418550522,11.763113625136505
7830.0,1270984.78014627,244452.651950359,4.0,240092.066030642,12.388777737226222
7831.0,1258118.36458109,286321.01800923,3.0,644368.5698450276,13.376026154801577
7832.0,1262219.4062493,166777.61833483,3.0,710955.0606688772,13.474364500977508
7833.0,1284973.09568059,178307.974890634,2.0,46591.99999999999,10.749184131556358
7834.0,1261406.55684046,251031.855029106,4.0,412699.6931911032,12.930475472321698
7835.0,1284856.71008047,190598.756087214,1.0,0.0,
7836.0,1284756.57836838,193861.749562562,4.0,185085.09401980543,12.128570965982382
7837.0,1285112.87257674,193851.75909854504,3.0,173124.38341135066,12.061765594394513
7838.0,1281599.96722914,227377.302236885,4.0,198172.46888379432,12.196892985497108
7839.0,1260793.26410383,240342.581418157,4.0,772303.2130474253,13.55713251491051
7840.0,1275908.68498331,253325.395063445,4.0,1154747.741678372,13.959392472610812
7843.0,1254203.21654509,235889.963045597,4.0,2117872.9154920503,14.56592280121489
7844.0,1264874.72017202,238671.185192436,4.0,56783.414589472646,10.946999565405703
7845.0,1272165.24792348,263707.261762083,1.0,0.0,
7846.0,1255057.14825796,257482.246651709,1.0,0.0,
7847.0,1265160.28650831,248542.32913854704,3.0,39793.815864361095,10.591466798907327
7848.0,1265445.6091326,248523.875442535,4.0,74288.60106931496,11.215712801295716
7849.0,1265531.07121269,252134.569334224,3.0,85608.03714129177,11.357534449559791
7850.0,1272540.13067587,253447.68875958,4.0,494812.5679488016,13.111934319236102
7851.0,1272546.44856387,254099.543736234,4.0,582740.0679680033,13.275496513368815
7852.0,1282158.84735772,249890.736243933,3.0,51417.86921788015,10.847741041180255
7853.0,1273597.09246895,243391.016301274,3.0,429381.0593615869,12.970100053909452
7854.0,1273598.88018095,243608.010285497,1.0,0.0,
7855.0,1260388.02832742,198485.875775293,3.0,210711.08489212304,12.258243208242902
7856.0,1260363.2229514,197820.805246606,3.0,37757.48543050058,10.53893902457008
7857.0,1260754.6608398,193850.489082545,4.0,404939.3161752195,12.911492498257655
7858.0,1280430.31833194,223801.897369221,4.0,1257780.820192939,14.044859472281479
7859.0,1261042.29079209,188175.547636732,4.0,229384.47021633547,12.34315478398538
7860.0,1282332.96934189,174346.910950571,4.0,704823.3282018021,13.46570245209409
7861.0,1282326.99398188,174036.958502263,3.0,769618.871679714,13.553650699446338
7862.0,1282091.23263764,174354.543782577,3.0,57685.06143543291,10.962753518376562
7864.0,1281067.19826859,272222.532426804,3.0,900035.7889432117,13.710189807008279
7867.0,1264810.05201195,232818.088290453,3.0,1836140.4377802175,14.42317633840297
7868.0,1280903.70124443,248587.760178596,3.0,46454.86862657945,10.746236553099816
7869.0,1253446.86966431,251310.637621388,3.0,186350.0,12.135381904907405
7870.0,1253653.18486452,251547.36811763,1.0,0.0,
7871.0,1257617.81834058,196610.415613368,3.0,186691.99182533476,12.137215435333678
7872.0,1257601.16285257,195936.347068682,2.0,89790.62971305536,11.405235902666066
7873.0,1277249.78892069,204490.553733438,3.0,138566.03226278382,11.839102258232456
7874.0,1274071.91762143,231647.448225245,4.0,128298.87815133498,11.762117806616434
7875.0,1283777.41433537,260400.777534693,3.0,300202.1934915209,12.61221150492203
7876.0,1284009.1221756,260392.264766678,3.0,165741.8896787052,12.01818697580241
7877.0,1275424.23845482,222985.622040376,4.0,296678.716587066,12.600405069924546
7878.0,1256805.51389176,199869.413376704,3.0,35450.660828898006,10.475897172940211
7879.0,1265454.6465086,237140.225318879,4.0,347070.9849167015,12.757284605491211
7880.0,1284345.19436796,205193.960454166,4.0,585339.8307827861,13.279947864873652
7881.0,1283377.13983896,207825.51194486,4.0,1616438.333706285,14.295735727387978
7882.0,1283373.09363095,207396.469192415,3.0,1659131.9839481222,14.321805122336126
7883.0,1279505.14495499,252590.542838693,4.0,524065.72741715785,13.169372389439202
7884.0,1279497.15449099,252919.407351032,1.0,0.0,
7885.0,1260968.10167201,234889.665188566,2.0,46591.99999999999,10.749184131556358
7886.0,1260896.64151195,235097.41674079,1.0,0.0,
7887.0,1281058.91218859,275690.107854351,4.0,173761.46872647517,12.06543876830752
7888.0,1264145.36861926,280826.232467607,3.0,104872.3686296633,11.560499352915171
7889.0,1263989.17860311,280831.372179613,4.0,699501.3683457315,13.458123029262646
7890.0,1266183.71358135,243226.048749104,2.0,26687.64469461833,10.19195599176868
7891.0,1263518.56701863,210421.44903551,4.0,124130.01660249296,11.729084816260833
7892.0,1260383.89418341,287065.208473995,3.0,5705.045544069453,8.64910624544914
7893.0,1260118.78544715,287072.233050004,3.0,2364.580952380953,7.768356098072604
7894.0,1250189.36502098,241699.663403541,3.0,171993.2091427907,12.055210273288205
7895.0,1249505.01826827,242177.05450803,1.0,0.0,
7896.0,1278124.72024958,217544.365586802,4.0,628653.1598787716,13.351334968460252
7897.0,1278436.8413379,217535.101458803,4.0,253454.04489451088,12.44293780311231
7898.0,1274710.11423008,209731.241738811,4.0,2797117.4823700152,14.844099974294494
7899.0,1275017.8767264,209726.240138799,4.0,314776.81029685604,12.659619127935425
7900.0,1257127.19331609,205251.985606223,4.0,1197072.9841182183,13.9953899552112
7901.0,1256766.60905971,205266.25459823,4.0,1183513.3909624785,13.983998022584863
7902.0,1266411.51038159,238745.147944525,4.0,55572.28541470396,10.925439892199995
7903.0,1266681.78974186,238739.318568513,3.0,1540652.1462964378,14.247716356372074
7904.0,1285102.02252872,259744.280510023,4.0,118211.87352360912,11.6802338317315
7905.0,1285402.51180904,259735.622718006,3.0,74695.08008956419,11.221169506697064
7906.0,1283328.58547091,253175.8241833,3.0,59515.62246699855,10.993994119540792
7907.0,1273332.02053268,236415.190054134,3.0,999538.731163008,13.815049182710085
7909.0,1283465.84966305,234831.436324507,3.0,442441.772954853,13.000064148229148
7910.0,1257258.41782822,199949.205184788,3.0,52516.64525555743,10.868885450816006
7911.0,1257253.63402021,199770.629440606,1.0,0.0,
7912.0,1295389.58663526,181699.024494097,1.0,0.0,
7913.0,1295720.97639561,181686.750894085,3.0,1645054.3602628454,14.3132839873881
7916.0,1273196.53291653,216474.425105706,3.0,203549.14711882485,12.223662763889553
7917.0,1273446.27486879,216468.220433712,1.0,0.0,
7918.0,1286634.7379863,248984.572338998,2.0,20.0,2.995732273553991
7919.0,1255446.69046636,199781.176320612,4.0,1400225.9283902918,14.15214415898719
7920.0,1255212.47472212,199786.72064063,3.0,380745.063798246,12.849885306256418
7921.0,1271651.85784295,264731.595971122,3.0,198087.70436460516,12.196465162939079
7922.0,1294038.46893787,187322.783283859,3.0,2225.0762984219623,7.707546485438004
7923.0,1294210.62477806,186871.187763393,4.0,40850.24201615896,10.617668024778775
7924.0,1277589.36728904,258921.462269172,4.0,513371.85422704567,13.148755723608327
7925.0,1281013.07801254,212220.308301359,1.0,0.0,
7926.0,1281153.56754868,212215.889357358,4.0,111935.88906183808,11.625681567292146
7927.0,1258861.87984586,249098.207283124,4.0,351191.24851370795,12.769086221621993
7928.0,1284735.99737635,261335.983039647,4.0,145735.02673141455,11.88954536638935
7929.0,1254851.50825775,248132.353586137,4.0,70692.90743853214,11.166100527736837
7930.0,1280584.6250841,251245.288949326,3.0,90467.6383639358,11.41274747859966
7931.0,1277601.77151304,231527.850721121,4.0,635294.2799881394,13.361843603575085
7932.0,1277884.49464934,231519.792353123,4.0,692528.4414856089,13.448104586937593
7933.0,1266527.36119771,198210.793983012,3.0,1548397.4099275663,14.252731024943056
7934.0,1266265.24657343,198212.73132701204,3.0,99033.39628249848,11.503212408418522
7935.0,1264456.54845959,235259.94461295,4.0,493708.7661751137,13.109701080166111
7936.0,1279040.83161052,233339.997666985,3.0,302938.6946361347,12.6212857360869
7937.0,1268046.83127926,226430.677851915,3.0,26819.734030327218,10.196893239945602
7938.0,1276055.61970347,222359.480599746,4.0,940364.8847344748,13.754023254175108
7939.0,1276377.2378158,222352.385815725,3.0,531442.3098054063,13.183349928644231
7940.0,1281310.20799685,214009.623311192,3.0,608447.2269970974,13.318665461267663
7941.0,1281324.61970887,214355.995983541,3.0,731984.3418556177,13.503514401807033
7942.0,1270003.21681726,241439.093035281,4.0,411278.32781952585,12.927025460925375
7943.0,1270297.64273757,241431.381099269,4.0,591636.8903346173,13.290648364762125
7944.0,1276358.39435977,233526.746339172,4.0,332261.0081637328,12.713676108197387
7945.0,1276932.57496837,259272.941885546,3.0,93182.0,11.442309848973883
7946.0,1276930.41816837,259581.36479786,1.0,0.0,
7947.0,1271753.08139506,209716.220426798,3.0,326912.97627960314,12.69744928687585
7948.0,1273599.74731696,248761.392690778,3.0,325990.1681245964,12.694622500767045
7949.0,1273617.82802097,249528.944947556,4.0,1299047.1361864132,14.077141581512036
7950.0,1287639.94496332,202051.14656294897,3.0,394954.266901215,12.886525257183314
7951.0,1287634.63757132,201802.699202687,3.0,636505.9698377007,13.363749076099323
7952.0,1255042.80150595,235876.015909582,3.0,118215.21511904136,11.680262099181324
7953.0,1267905.49329512,240669.234986484,4.0,701967.7913454855,13.461642800681133
7954.0,1255340.57942626,243814.980333716,2.0,208473.778467722,12.247568549567458
7955.0,1255294.66646621,243815.781549707,4.0,184948.35116947183,12.12783188221395
7956.0,1280477.13055599,181705.840430111,1.0,0.0,
7957.0,1280672.81094019,181711.711854115,4.0,185824.3556529072,12.132557182093374
7958.0,1261672.18653673,266313.359876752,1.0,0.0,
7959.0,1284156.77151977,249854.616883889,4.0,344914.1044937791,12.751050692532903
7962.0,1258691.89885369,192596.234681264,3.0,41381.74097425085,10.630595023257678
7963.0,1280440.95250796,259173.47590144,3.0,143003.31640903986,11.870623100644728
7964.0,1280448.89868397,259490.996221766,1.0,0.0,
7965.0,1265124.56414028,268198.939782679,3.0,114105.12599017988,11.644875460258929
7966.0,1275536.99147893,227516.962397024,4.0,198403.38270007152,12.198057523587115
7967.0,1275614.03531902,258318.83782056,4.0,236574.17233377256,12.374017062834003
7968.0,1276289.3400237,258298.802108541,4.0,172178.4584982144,12.056286767321447
7969.0,1292087.41965587,185449.048177943,3.0,262310.61855862255,12.477284647531272
7970.0,1256736.26467568,191958.795320615,4.0,490669.4572836573,13.103525976985434
7972.0,1273514.35870886,224673.74793011,4.0,1348339.8786179295,14.114384674146825
7973.0,1273843.3082132,224665.950426102,3.0,1240818.974923881,14.031282183219382
7974.0,1259772.8977028,194533.66847524,4.0,1217520.91199192,14.012327309965436
7975.0,1257415.23574838,242417.474924281,5.0,2506363.3939855904,14.734343413496545
7976.0,1283482.32793507,194584.258939296,4.0,2243487.3736068853,14.62354207639343
7977.0,1272332.36139566,225406.963994861,4.0,529717.6007695448,13.18009931478792
7978.0,1272609.62072393,225571.210715026,4.0,707208.1868410459,13.46908036665407
7979.0,1281840.12556539,226482.75420396,4.0,411767.6007696098,12.92821439337914
7980.0,1286340.401986,191820.53906446704,3.0,505864.5598393114,13.134024244138292
7981.0,1278805.86028229,207612.128200635,2.0,65009.13241743179,11.082283037738472
7982.0,1278793.75794627,207161.883400172,3.0,54637.67983649432,10.908479030614231
7983.0,1280702.99398023,195317.66233204296,3.0,93182.0,11.442309848973883
7984.0,1280699.55890822,195144.272571877,1.0,0.0,
7985.0,1286968.64185864,204317.456645265,4.0,1175683.3236246137,13.9773600885455
7986.0,1286962.05197063,203929.086660862,3.0,324322.8626017782,12.689494788120044
7988.0,1281617.46815716,222037.056023404,1.0,0.0,
7989.0,1281613.50457315,221926.051031291,4.0,238021.14855273056,12.380114808171097
7991.0,1266756.49591795,173288.105637491,4.0,17540.6290326537,9.772275128034186
7992.0,1264630.02743576,171341.231587499,3.0,810764.2570692596,13.60573260905258
7993.0,1264606.35652374,170778.033890918,4.0,415591.0666299136,12.937457042860482
7994.0,1282605.73555017,191774.882680416,2.0,449482.57977546006,13.015852377471996
7995.0,1282597.77529417,191474.97740010903,3.0,403206.5380504814,12.907204211010807
7996.0,1275625.31775102,230425.079648003,3.0,27454.73779864797,10.220294029445114
7997.0,1275942.01759134,230416.452319995,4.0,164227.72443241483,12.009009307255674
7998.0,1276114.87813553,215424.79201664,3.0,11440.00850502958,9.344872008380154
7999.0,1276303.11755972,215420.275024638,3.0,13618.721349275846,9.519200694920242
8000.0,1258182.63971716,207189.401352212,4.0,87671.86556972735,11.381356323810172
8001.0,1256545.01206748,258721.938364968,3.0,48901.38956070459,10.797561091433552
8002.0,1256550.88381149,258991.959485248,3.0,47372.07619746623,10.765788224331738
8003.0,1256354.87401929,258921.812989175,4.0,1676036.2458701015,14.33194218620446
8006.0,1280117.87372363,245882.723567829,3.0,966312.9500534344,13.781243025588
8007.0,1280603.77759612,245290.748399228,3.0,722755.6695965749,13.490826504325964
8008.0,1289303.61030903,190615.104119226,3.0,192351.05342688644,12.167077384780399
8009.0,1289405.48474114,190701.431031317,2.0,124847.11142076024,11.734845159042674
8010.0,1273223.84517257,255396.532985568,4.0,186006.0244673545,12.133534341780239
8011.0,1273230.47512457,256061.846266255,3.0,89965.76899217763,11.407184532431716
8012.0,1263452.04484256,234837.037028521,4.0,212940.2626409492,12.268766948271374
8013.0,1277920.90207337,251643.323637724,1.0,0.0,
8014.0,1277921.83186537,251957.618614048,3.0,50548.04546584035,10.830679558336906
8017.0,1268356.01374358,226130.948123604,4.0,64434.17961382894,11.073399510645302
8018.0,1279561.16191505,257206.350523427,4.0,512661.11187723937,13.147370305231007
8019.0,1279564.58450706,257537.63692376,4.0,276096.5011571209,12.528505725462438
8020.0,1259189.88048619,252361.434358463,4.0,94392.83051163418,11.455220401279423
8021.0,1264686.28093982,193098.471865773,4.0,958765.314820718,13.77340160527341
8022.0,1278338.62136981,223287.530584693,4.0,307898.2517116173,12.637524655791948
8023.0,1278343.94386581,223593.940376997,4.0,182627.55086881807,12.115204116751855
8024.0,1253747.99177662,241860.457323715,4.0,163982.7232892052,12.007516355459549
8025.0,1253762.90416063,242520.015084386,4.0,97409.95780506314,11.486683720596476
8026.0,1265776.53495693,232827.241186455,4.0,193701.57620664043,12.174073986722023
8027.0,1265782.09431694,233055.267938688,2.0,5387.79536828345,8.59189155764857
8028.0,1262060.12573713,189458.201590046,3.0,46633.96666666666,10.750084453022618
8029.0,1262057.93213713,189280.746229872,4.0,180919.85423478336,12.10580941790266
8030.0,1260474.9589515,281569.327380374,1.0,0.0,
8031.0,1265319.38135648,281380.189652175,3.0,178663.51964779332,12.093259537318097
8032.0,1265811.92631698,281370.36194016,3.0,134674.4046158844,11.810615326643358
8033.0,1271343.79845063,276038.743310705,3.0,144062.94087802086,11.878005572493079
8034.0,1280344.29714786,220318.917397648,3.0,39863.261943678575,10.593210425432998
8035.0,1280497.19974001,220313.447637647,2.0,727.6710858936376,6.589849141010856
8036.0,1263247.62666635,189785.956534386,3.0,50820.72553414908,10.836059533319848
8037.0,1263061.10500216,189787.23109439,1.0,0.0,
8038.0,1278638.08601011,226530.968668014,4.0,189379.9122410243,12.151510394135887
8039.0,1272962.7217163,266017.297156438,4.0,130215.8907338257,11.77694904995617
8040.0,1272040.53553936,244417.894830331,4.0,163461.3021506602,12.004331557211524
8041.0,1262339.02608941,261261.679039568,1.0,0.0,
8043.0,1262077.78384915,253007.239543125,4.0,602618.672603512,13.309039891928283
8044.0,1260623.77821566,255032.45004119,4.0,670291.3632025738,13.41546776729
8045.0,1260293.92451933,255037.424761206,4.0,495161.62445646734,13.112639502310184
8048.0,1251043.75964585,240594.517930418,4.0,13223.803160731624,9.489773754387931
8049.0,1251058.92105387,241260.46641109895,3.0,12408.926155243513,9.42617134385382
8050.0,1287002.20281868,205480.432006449,4.0,395076.2560172045,12.886834078459
8051.0,1286992.20448266,204812.879877776,2.0,139764.0,11.847710564890653
8052.0,1265387.80375654,264217.377218604,4.0,476180.9291164648,13.073553164178492
8053.0,1281653.2814052,204994.63936595604,3.0,20243.91674508694,9.91560961975324
8054.0,1281647.24498919,204728.24026168897,3.0,6608.8643017140175,8.796167102911957
8055.0,1256205.88643514,187916.335604474,2.0,46591.99999999999,10.749184131556358
8056.0,1263164.66685827,269572.383560091,3.0,1140034.8395391398,13.946569380902945
8057.0,1263941.90020306,270185.221576706,3.0,465758.0,13.051421464913206
8058.0,1260666.38506371,257045.724859253,3.0,189314.38280686623,12.151164313216954
8059.0,1260669.96938372,257217.725499436,4.0,580746.8938517689,13.272070302106547
8060.0,1262587.71524167,168744.58096084,2.0,44849.91445881082,10.711076960212232
8061.0,1274513.08472589,215838.775825068,4.0,373514.4078948987,12.83071185816548
8062.0,1281681.19769323,223570.613656983,4.0,279510.0,12.54079334911258
8063.0,1264969.40926011,250301.616628349,4.0,142176.81032603438,11.864826705176647
8064.0,1282935.5196785,261742.96614407,3.0,621666.1072016385,13.340158422447793
8065.0,1257125.61494808,259520.285245791,3.0,122421.05272815876,11.715221633683221
8066.0,1256845.19945979,259525.949565798,3.0,613395.0197248172,13.326764411497956
8067.0,1264206.01514733,238363.46269612,3.0,150059.8961110642,11.918789800783502
8068.0,1263878.383275,238369.188392133,4.0,548278.1800303226,13.21453806492331
8069.0,1282247.77465381,257522.247547746,3.0,36560.50505586333,10.506723839910943
8070.0,1288328.88717203,191185.68107982,4.0,441597.8220701901,12.998154842026588
8071.0,1288619.85965233,191177.989815816,3.0,546949.2265291715,13.21211125539422
8072.0,1274525.18904589,251385.828085467,3.0,158913.18295615437,11.976113312935947
8073.0,1256915.91555586,250436.971380487,3.0,295502.9480677597,12.596434092319166
8074.0,1283545.64703913,242567.190508425,4.0,808670.905556067,13.603147321629594
8077.0,1282324.33714989,202284.609027177,4.0,65142.42173712834,11.084331255559
8078.0,1258039.41987702,195390.586044118,1.0,0.0,
8079.0,1258132.62371711,195239.64082796904,3.0,590787.8630281128,13.289212286144853
8080.0,1285002.81670463,204367.397829309,4.0,1050553.2058149038,13.864827446071155
8081.0,1280691.61798021,214369.312527552,4.0,241554.3070892005,12.394849600869744
8082.0,1253335.23766419,211998.189005136,3.0,206840.7237164582,12.23970432542329
8083.0,1279936.18348344,217290.482514545,4.0,384151.83995106106,12.858793169952568
8084.0,1276890.13381632,261928.502208263,4.0,2275057.453857245,14.637515864491045
8085.0,1274567.37400594,272582.514315173,2.0,232920.0,12.358450325951056
8086.0,1295370.35469924,185827.532018334,3.0,135068.4879821544,11.81353724716443
8087.0,1295816.34170771,185808.22168231,3.0,185531.03781589936,12.130977466795498
8088.0,1291982.65152778,187689.044340238,4.0,349637.10838700645,12.764651062402264
8091.0,1284727.38451235,242890.023212761,4.0,132940.56032859674,11.797657392485116
8092.0,1255697.89597061,193643.306746334,4.0,1138256.945680817,13.945008655248094
8093.0,1255357.80713826,193485.978618175,4.0,893942.927598592,13.703397212742654
8094.0,1269750.253425,213569.490638733,4.0,124890.47393476688,11.735192423667504
8095.0,1269978.28113724,213565.004430741,4.0,224925.89809501168,12.323526285141687
8096.0,1282817.24396639,253847.163703978,4.0,431780.6268996349,12.97567293014535
8097.0,1274997.31800638,245403.85969533,4.0,274597.5726158576,12.523061932567751
8098.0,1275267.25547865,245396.477487326,4.0,242637.4710363869,12.399323719609443
8099.0,1262110.83364119,245056.502126977,3.0,419192.0388595348,12.946084420538439
8101.0,1256056.03638698,241491.928875327,3.0,263450.6931544456,12.48162150670038
8103.0,1277961.59685741,265865.605508283,3.0,496439.1713267063,13.115216240010549
8104.0,1277973.92165743,266550.372868985,1.0,0.0,
8105.0,1253565.20374444,236898.096230626,4.0,137386.14721875914,11.830550832863455
8106.0,1270672.39134595,207376.595208392,2.0,11752.630459138703,9.371832363380278
8107.0,1270663.15870595,206924.189959928,3.0,41138.4075230021,10.624697453731496
8108.0,1281331.06425287,254151.759224296,3.0,221437.48245105965,12.307895582357741
8109.0,1258547.24138154,198687.754623502,4.0,713991.1488626566,13.478625844693982
8110.0,1285453.43654509,255489.827385664,4.0,322933.13333330664,12.685200563229762
8111.0,1285406.64268903,255678.810617864,3.0,231311.7333333724,12.351521574703662
8112.0,1271985.1616513,179138.124779478,4.0,1588109.0611850573,14.278054596759091
8113.0,1272633.78961997,179128.171755478,4.0,1205941.327815402,14.002771004849821
8116.0,1270772.82321805,169368.155809477,3.0,292243.85029463033,12.58534383649403
8117.0,1271090.35141037,169041.967137143,3.0,507286.6803097979,13.136831567167897
8118.0,1283564.20083116,183637.021936089,3.0,31216.64260007944,10.348706648250687
8119.0,1283765.67091136,183628.477040082,3.0,11533.001507910503,9.352967900973395
8120.0,1261670.93520874,187833.574260384,3.0,212501.0927042277,12.26670240947093
8121.0,1261035.45847209,187846.92824439696,3.0,109735.53145750726,11.605828490424582
8122.0,1274910.62821428,244210.605230108,4.0,844238.0309031593,13.646189760952362
8123.0,1275190.44792658,244200.233518109,4.0,848999.7743782571,13.651814199543457
8124.0,1281529.64716507,265054.784643456,4.0,399432.6023954628,12.897800325063736
8125.0,1278315.97541778,226540.150364026,4.0,55774.194830099965,10.929066583160674
8127.0,1280612.85138813,202613.578499526,4.0,849980.1638938282,13.6529682915987
8128.0,1281400.94335693,196321.09862107,1.0,0.0,
8129.0,1265783.62750095,233117.97648274904,5.0,387292.6513401703,12.86693589124633
8130.0,1287628.98368332,201570.674754456,3.0,175994.52911159376,12.078208188943936
8131.0,1258884.07664588,250161.878708214,4.0,2764660.5795902894,14.832428429378222
8132.0,1295084.95303495,183603.772336051,4.0,156915.88970007515,11.963465206379073
8133.0,1295082.41562694,183344.469743788,2.0,46592.0,10.749184131556358
8134.0,1266875.79652606,252657.638518766,4.0,711517.2222139632,13.475154901720098
8137.0,1275065.09515844,275239.473293886,3.0,100195.24724896518,11.51487603386288
8138.0,1280777.35666829,180491.75562886905,3.0,2741488.383407148,14.824011536504532
8139.0,1254896.61974579,250974.863669038,3.0,43341.73379101052,10.676871278697453
8140.0,1274357.34130172,243374.630189255,4.0,1801479.7848871755,14.404118987840146
8141.0,1274602.27845398,243369.302445248,3.0,1230973.6853430094,14.023316028287423
8142.0,1276972.8649524,250659.902324721,4.0,310155.8469180347,12.644830182127597
8143.0,1256467.18480341,216542.019153789,4.0,235159.69008414145,12.368020094621725
8144.0,1262874.90692197,237724.384615466,4.0,300286.7316330286,12.612493069289094
8146.0,1259118.92227812,191214.072439849,4.0,2122273.902715988,14.567998667449258
8147.0,1274788.11506216,247401.795697376,4.0,32768.32459426958,10.397217614181098
8148.0,1275053.43339844,247394.146097377,4.0,114164.8968294571,11.645399145672414
8149.0,1284963.92569658,210384.003915474,3.0,265290.2568406672,12.488579814388002
8150.0,1279877.17343538,264469.281858861,3.0,166721.7900715008,12.024081774482665
8151.0,1283385.31468697,208256.079049304,2.0,46591.99999999999,10.749184131556358
8152.0,1276567.97074398,229524.29699108,4.0,135364.6507673857,11.81572753275591
8153.0,1276576.369976,229824.202527389,4.0,88819.58603905873,11.394362468162623
8154.0,1258888.40304588,250418.009460464,4.0,428690.76689232665,12.968491114897466
8155.0,1258899.33251789,251046.426165119,4.0,176843.9066293024,12.083022739017718
8156.0,1274082.48914145,207871.456072897,4.0,169142.80028724807,12.038498609231137
8157.0,1269677.55601694,265181.964483589,4.0,166773.21104224052,12.024390150746031
8158.0,1280622.99513215,229624.912287176,4.0,253080.46486519283,12.441462760090147
8159.0,1280284.6302678,182139.717550561,2.0,46591.99999999999,10.749184131556358
8160.0,1262093.93668117,240555.875946373,2.0,1255.52251265811,7.135307109665957
8161.0,1253021.21929587,212539.752205685,2.0,8097.108722530992,8.999262329103807
8162.0,1253012.60643187,212281.273741424,3.0,75909.21027197961,11.237293303478626
8163.0,1272865.7228682,252908.970359027,3.0,7745.205904509617,8.954829337973322
8164.0,1273412.27333276,252888.666295007,3.0,26117.739374006047,10.170370031942221
8165.0,1257884.82371686,214809.949776009,3.0,125483.5699593199,11.739930112324837
8166.0,1257857.67318884,214442.805519626,3.0,84026.33676759346,11.338885561631809
8167.0,1268989.64600024,262145.437120482,2.0,2406.8007862706736,7.7860536700333105
8168.0,1269323.66897658,262137.902016476,3.0,23834.21034098333,10.078877236860754
8169.0,1265206.45111635,238665.940776438,3.0,19690.4772500393,9.887890409533403
8170.0,1265304.92862046,258264.015420511,4.0,127239.53123083484,11.753826661722648
8171.0,1282302.47110187,262424.733120769,4.0,816058.5657085357,13.612241403072415
8172.0,1270920.04241821,256434.808122635,3.0,223074.6402311031,12.315261703996024
8173.0,1271581.24318688,256414.645754606,3.0,231076.95308731045,12.350506064276466
8174.0,1272961.3690123,265354.939907759,4.0,70408.44378184102,11.162068475036866
8175.0,1273218.14475656,265347.766339764,1.0,0.0,
8176.0,1282370.21407793,269701.152648211,4.0,343498.1604360806,12.746937035276725
8177.0,1255198.8543701,197141.425085917,3.0,1129109.9331860568,13.936940210566863
8178.0,1281424.85964496,209908.53767499296,3.0,31052.45061419175,10.34343300901991
8179.0,1271074.22648236,194391.991291106,4.0,113889.01531182532,11.642979703272863
8180.0,1271068.40625836,194096.384250805,2.0,51.2,3.9357395320454622
8181.0,1255568.34704249,216562.67688180495,3.0,226509.34313176197,12.33054147308432
8182.0,1255556.84477048,215911.47214514003,3.0,377885.9230561472,12.842347638196946
8183.0,1275568.32440697,249122.302387148,4.0,1845300.6120165023,14.428152755526847
8184.0,1271238.85739453,230467.384032041,4.0,137529.7975403699,11.831595881995185
8185.0,1270670.33752196,224423.093273848,4.0,271429.6526546677,12.511458278537987
8188.0,1272039.43646735,181258.237037659,3.0,59868.41290278002,10.999904314511404
8189.0,1272018.78590733,180451.335404828,4.0,1874259.1809846016,14.443724035837826
8190.0,1291080.85114285,182026.750894442,3.0,133230.7824384152,11.799838109776577
8191.0,1264470.7495476,178230.766698554,3.0,131981.33333328887,11.790415777426835
8192.0,1270423.4836977,272733.059019327,4.0,1397549.9704282817,14.150231240386995
8193.0,1263325.41124243,280543.475155324,1.0,0.0,
8194.0,1263330.14845844,280850.431891635,4.0,1068045.9724016313,13.881341342895734
8195.0,1267487.40388669,285783.302232683,1.0,0.0,
8196.0,1267488.12638269,286057.635352969,3.0,639915.9490840723,13.369092117155237
8197.0,1268113.04177533,241742.154411584,4.0,538658.9275878142,13.19683786219003
8198.0,1285411.67059304,244101.99089400505,3.0,410455.9329777032,12.92502385248423
8199.0,1285665.61785731,244097.735982001,4.0,412604.1628858569,12.930243968966977
8200.0,1276234.82667965,237321.401447058,3.0,313926.6557108991,12.65691465706767
8201.0,1276660.67852008,237310.561255053,3.0,1283066.6655349284,14.064763602914216
8202.0,1275705.02821511,269912.120712429,1.0,0.0,
8203.0,1276369.86808778,269889.957064405,3.0,194329.11685915204,12.177308479306417
8204.0,1280509.11935602,226991.037916481,4.0,399623.7347881721,12.89827872035944
8205.0,1283847.84524745,245886.038895831,4.0,151772.09455050417,11.93013529667921
8206.0,1255946.26883487,237351.14154309,3.0,7097.764075757848,8.867535094524689
8207.0,1257533.6019565,249925.286387965,4.0,1631377.6561607933,14.304935403641544
8208.0,1256905.20496385,249930.516659975,4.0,1863955.497551972,14.43821139923879
8209.0,1266520.0210377,195050.945979774,4.0,1084436.8095503063,13.89657134065458
8210.0,1282319.99071787,201510.616770387,4.0,107621.14951079064,11.5863724641868
8211.0,1283052.01420663,206842.83904784903,3.0,1215350.4447180028,14.01054302503498
8212.0,1251467.37852629,215370.341392577,3.0,712048.0370037064,13.475900655820105
8213.0,1269084.23928033,270843.637897387,4.0,262142.0004806162,12.476641622488799
8215.0,1282382.91974194,207152.388616174,4.0,1465230.30244692,14.197522991113642
8216.0,1285430.99072106,192361.342777014,3.0,46555.80372147353,10.748406952086693
8217.0,1285419.73024106,191955.289144605,4.0,120380.03685252488,11.698408991236661
8219.0,1271714.34430702,268914.275975406,4.0,1391062.9612664469,14.145578733192835
8223.0,1281036.12454057,273691.604300305,2.0,469253.1436435269,13.058897653719926
8224.0,1281039.51097257,274006.325452626,3.0,471822.4075413596,13.064357938556958
8225.0,1264245.41994737,170035.487458155,4.0,502699.1802573564,13.127747218999719
8226.0,1263916.83332303,170035.177442163,4.0,563921.5854640697,13.242670487949107
8227.0,1279185.82937066,221104.79119046,4.0,1265350.5762735803,14.050859777142973
8228.0,1268387.86142361,245702.605167642,4.0,1586024.063510263,14.276740853514706
8232.0,1283246.67814283,258738.546620995,3.0,186406.46656347532,12.135684872496016
8233.0,1268708.79582395,227789.187293306,4.0,247980.2867761176,12.421104533181738
8234.0,1278226.73119369,247134.706993103,3.0,362625.8120870017,12.801126760888971
8235.0,1278202.54488966,255919.145786107,4.0,97382.312160035,11.486399873139709
8236.0,1271751.94129905,271371.438345924,4.0,700418.8496641684,13.459433791744669
8237.0,1285845.64179349,206939.91104795,4.0,477226.8906064064,13.075747318427988
8238.0,1257731.13206869,259371.947901636,4.0,604265.7535649139,13.311769369495908
8239.0,1257736.72099671,259629.780733898,3.0,39457.559318106265,10.58298092561367
8240.0,1256199.11414713,249654.075955689,4.0,527741.0247823143,13.176360958995256
8241.0,1256202.84579514,249914.50885196,4.0,2186472.5992562207,14.597800117973474
8242.0,1267078.37489428,233383.113059029,4.0,722374.1569857324,13.49029850661574
8243.0,1267078.74628627,233693.288675338,3.0,97757.83229443563,11.490248600411991
8244.0,1281903.84095745,244077.845293984,4.0,80160.43335452866,11.291785322423449
8245.0,1279204.13439469,249283.32830731603,3.0,18872.969711926256,9.845486003400644
8246.0,1284451.30041607,234364.862116039,3.0,81084.13014164178,11.303242538361355
8247.0,1256258.89129919,253066.034999177,4.0,128867.92426103327,11.766543315920877
8248.0,1256270.6736992,253735.888951868,4.0,394232.02850566927,12.88469491978039
8249.0,1283835.99487942,206537.052935541,3.0,26309.26250278525,10.177676342580467
8250.0,1292352.90733615,182152.276590571,3.0,7509.994622199128,8.923990028672588
8251.0,1275394.84907879,284479.076823354,1.0,0.0,
8252.0,1275460.79973486,284476.005975351,3.0,88870.02975543495,11.394930241552258
8253.0,1281795.37170935,224254.995161682,3.0,961620.0349183028,13.776374677527631
8254.0,1281793.03308535,225137.508826584,4.0,859425.5779966522,13.664019512501326
8255.0,1284563.98918417,259747.155518025,1.0,0.0,
8256.0,1284802.92275243,259753.77260603,4.0,169978.2271169163,12.04342563204715
8257.0,1277808.89311326,255267.413817436,3.0,2126342.3989224075,14.56991387803133
8258.0,1289404.45197314,248403.820594415,4.0,95680.5713546408,11.468770540682524
8259.0,1262125.6495772,195152.51372388,3.0,2024212.316840776,14.520691203512802
8260.0,1284726.28345634,240562.894954383,3.0,74626.87251797011,11.220255942748203
8261.0,1256860.96784382,245293.279535219,3.0,329200.01673893386,12.70442079863236
8262.0,1282337.01497389,191983.233912632,3.0,1681310.801134668,14.335084285922045
8263.0,1282336.9907179,191782.98303243503,3.0,813154.5695428031,13.608676492897839
8264.0,1281569.37542111,196599.285053357,4.0,259484.4257580742,12.466451963440493
8265.0,1280016.62034751,268591.789063081,1.0,0.0,
8266.0,1279512.333627,219408.975380719,4.0,672336.9158278129,13.418514856703938
8267.0,1273323.48971666,230850.492192432,4.0,287634.234163194,12.569444931692178
8268.0,1273335.95064469,231265.43094486,4.0,220348.078307228,12.302963749139424
8269.0,1276934.89157636,258941.663997203,4.0,727744.1956604146,13.497704885843207
8270.0,1283996.6163196,207818.739976853,4.0,1249996.363013093,14.038651199684725
8271.0,1267555.45431876,253714.13707985,4.0,352833.0739432133,12.77375034572537
8272.0,1267560.91659077,253980.024632126,4.0,136134.4201802737,11.821398060267137
8273.0,1278607.59724207,222916.085784316,4.0,808073.9036000476,13.602408798172123
8274.0,1278616.07097009,223281.204504684,4.0,626721.1146686679,13.348256927473306
8275.0,1281730.38066928,274611.546701252,3.0,122947.69507529834,11.719514300622729
8278.0,1264787.07793193,235253.331812948,4.0,817662.927344798,13.614205461400378
8279.0,1264508.64676364,252037.452086136,4.0,36272.790631754986,10.498823169812217
8280.0,1278861.22796233,214105.57550329,3.0,71343.72579969693,11.175264683505096
8281.0,1284910.83001654,206525.567687526,3.0,37422.38253023548,10.530024267770115
8282.0,1254445.77417734,215426.544656634,3.0,210144.68238579456,12.25555153621492
8283.0,1278400.62028186,210702.704715803,3.0,52165.37180789224,10.862174178412225
8284.0,1278543.56127401,210694.65421979097,3.0,179309.1364756587,12.096866614656726
8285.0,1278382.57599385,201412.393538296,4.0,145517.36061889914,11.88805067544436
8286.0,1278286.28850575,201936.75405082095,3.0,26935.94729484952,10.201217004158329
8287.0,1278966.67199445,201871.083906755,3.0,6382.437112592602,8.761305295967622
8288.0,1272180.0690435,230032.709983602,4.0,1294964.5253731443,14.073993859206315
8289.0,1265678.16702084,261560.906111881,4.0,1679536.7934014627,14.334028595148771
8290.0,1276548.99960797,259284.890685558,1.0,0.0,
8291.0,1284393.36089601,195897.692348644,4.0,1678617.8991528903,14.33348133371764
8292.0,1284333.35315195,195247.546299979,3.0,1701978.609397393,14.347302020114853
8293.0,1281641.11020519,204457.393733412,4.0,465357.63241368905,13.050561490927059
8294.0,1281628.90482917,203918.662148863,4.0,65661.82396130901,11.092272969550493
8295.0,1258200.98941319,216861.922706112,2.0,93180.0,11.442288385370787
8296.0,1258071.15402105,216868.486674115,2.0,139764.0,11.847710564890653
8297.0,1275282.34962267,251359.889461443,4.0,173026.03951109067,12.061197379558456
8298.0,1275590.34667899,251349.416053429,3.0,125293.65393668976,11.738415492647766
8299.0,1278453.45644192,229669.41449523,6.0,735482.4456151063,13.508281951458184
8300.0,1278446.26092191,230109.204959676,4.0,130940.0439223197,11.782494817433545
8301.0,1270939.71000223,247513.925041497,4.0,254184.9806370449,12.445817551165183
8302.0,1270661.21316995,248176.60645017,4.0,255039.23894765292,12.449172690528613
8303.0,1262525.17271361,237068.736614808,4.0,184220.7727419108,12.123890169202362
8304.0,1269260.25534451,230531.31497611105,4.0,218139.38828809932,12.292889533261782
8305.0,1257334.70147629,253725.015671864,4.0,385596.8925641869,12.86254778298322
8306.0,1279343.88351484,206022.976519004,4.0,286311.0794187927,12.564834188971009
8307.0,1279336.54751483,205753.44685474,3.0,85150.52445233651,11.352175845230253
8308.0,1283826.11763142,249860.679219902,4.0,410834.05536389584,12.92594465370737
8309.0,1260971.70762402,255715.7272259,4.0,994093.3488115912,13.80958639351453
8310.0,1259408.73501442,259536.829117805,1.0,0.0,
8311.0,1259410.47024642,259606.808637887,3.0,58126.88968233991,10.97038365302511
8312.0,1259113.94954212,285652.642392546,4.0,49827.93736181173,10.816331096917045
8313.0,1258513.58166949,285671.857560575,4.0,451301.7527353074,13.019891469555185
8314.0,1275743.57311115,281178.294035971,3.0,134989.78206415844,11.812954366142414
8315.0,1270592.81336187,256806.61413902,4.0,547665.0548986185,13.213419165374265
8316.0,1270924.54929821,256797.350395009,3.0,471891.3412650808,13.06450402888134
8317.0,1275185.14706257,226589.677852064,4.0,162278.3856523866,11.997068569356104
8318.0,1275510.63954291,226581.624092057,4.0,220370.7409976588,12.303066593354185
8319.0,1276172.06341559,249633.868339673,4.0,117915.33975746256,11.677722186267912
8320.0,1255580.7279065,252295.132662401,4.0,149556.2625913987,11.915427939419347
8321.0,1254919.30211382,252300.695350394,4.0,252542.68057202845,12.439335545381688
8322.0,1290256.87085401,189488.549942076,4.0,1234241.2840035162,14.025966994320616
8323.0,1290468.66272622,189668.020726264,3.0,112095.34853583618,11.62710511431743
8324.0,1258109.19792509,194582.859003291,4.0,2557975.2806611457,14.754726597532851
8325.0,1256876.91990782,248610.454706624,4.0,684723.6270110719,13.436770571613362
8326.0,1276983.80095242,203999.67642094204,3.0,663724.7189397283,13.405622762586512
8327.0,1276981.43346441,203936.626052871,3.0,372654.0,12.828405654184877
8328.0,1261286.39696833,252357.452406451,4.0,360907.6355620444,12.796377347409136
8329.0,1277979.52959344,212503.300493643,3.0,189217.62757022685,12.150653100235784
8330.0,1256642.03453158,239465.196393251,2.0,52.4077368108328,3.959054229489641
8331.0,1256678.34582762,239827.538217634,3.0,6543.390572747574,8.786210746309562
8332.0,1271864.02347517,230037.665695608,3.0,943499.5612764144,13.757351178794783
8333.0,1273414.33074076,277953.497040674,4.0,111451.51701581953,11.621344950348291
8334.0,1270092.72875336,274735.71412538,3.0,134593.62915982658,11.810015363421966
8335.0,1283177.48044676,252012.092214108,3.0,210486.2085195041,12.257175412236123
8336.0,1283867.42854346,251995.304502085,2.0,63642.32136681397,11.06103395832346
8337.0,1252005.27836683,238179.903015941,3.0,7201.370186756955,8.882026590614934
8338.0,1251854.31510268,238323.267240092,3.0,159352.66314337676,11.97887503224663
8339.0,1284756.18764837,201533.036994413,3.0,198587.05654560967,12.198982854982969
8340.0,1254245.67779313,251768.02315785,4.0,240614.4142529773,12.390950990341578
8341.0,1265580.42775674,254545.898168698,4.0,291173.93604093307,12.581676085944887
8342.0,1281550.11532509,256482.401530683,4.0,231857.04081134184,12.353876257317715
8343.0,1256480.15523542,195768.87039651,1.0,0.0,
8344.0,1275764.19019917,214258.881999448,6.0,1367163.2446198328,14.128248526732731
8345.0,1276136.41912755,214278.125711471,4.0,771463.1058631127,13.556044128336774
8346.0,1261769.21949683,263644.366210014,1.0,0.0,
8347.0,1253963.72393684,210646.577547744,4.0,497381.1741768143,13.117111961176816
8348.0,1253943.00220881,209962.293771043,4.0,735220.9607213065,13.507926359847492
8350.0,1260611.69066365,254360.158712506,4.0,1067009.774163416,13.880370690657507
8351.0,1266098.04087727,232819.68080245,4.0,265125.3700469929,12.487958087611386
8352.0,1265321.81969248,259586.474045858,3.0,54905.87972729476,10.913375720620778
8353.0,1274551.8675099297,227089.594524577,6.0,726493.5558881705,13.495984891874912
8354.0,1274535.1398299,227533.018781036,4.0,690857.5551409877,13.445688938432816
8355.0,1273331.82072468,180908.456237286,3.0,39380.71348759569,10.581031470048178
8356.0,1264044.69591516,191775.354744419,4.0,437769.6073019899,12.989448040240358
8357.0,1276681.9232561,282830.007637665,3.0,38603.99280763584,10.561110990715639
8358.0,1272811.49106014,248784.5071228,4.0,211517.0958349506,12.262061105572716
8359.0,1255880.7620828,205952.787718937,3.0,181452.5135003948,12.10874926484836
8360.0,1260324.48451936,249332.33413136,4.0,271590.24869806133,12.512049770848584
8361.0,1259666.53635868,249346.78552337,4.0,350522.78778560204,12.76718099842357
8362.0,1281096.46137263,197087.880573854,4.0,114740.6453480803,11.650429602578605
8363.0,1281269.93478081,197083.261501864,1.0,0.0,
8364.0,1264612.20657174,244090.214701995,4.0,710540.8997626839,13.473781789623496
8365.0,1285179.19040081,192368.316153035,3.0,8770.106922233868,9.07910427710877
8366.0,1279462.57618695,220762.696726099,3.0,12879.864535317816,9.463420482158767
8367.0,1279696.7098832,220753.790550098,3.0,64638.40657694296,11.076564042163156
8368.0,1268409.65111963,270114.712840647,3.0,2750866.294868048,14.827426436351185
8369.0,1268678.64203191,270109.414280638,3.0,253644.08815737828,12.443687335636206
8371.0,1258851.88867785,248566.644082576,4.0,523664.4619028931,13.16860641831806
8372.0,1266359.75588554,263532.217793897,4.0,156547.98403607204,11.961117849227191
8373.0,1281774.89439732,250560.088884622,4.0,152462.78789013307,11.93467583141819
8374.0,1267016.4278222,243205.469101086,4.0,487304.76662093896,13.096645010480739
8375.0,1275610.11538301,212899.098254055,4.0,575025.589492563,13.262169822254565
8376.0,1279611.26777111,222391.92015177,3.0,4399.942788023456,8.389346817099876
8378.0,1261891.51485696,237963.854887724,4.0,243366.0456154933,12.402321949457292
8379.0,1277490.26117693,248825.697330847,4.0,1694528.3336993696,14.342914990868717
8380.0,1277494.94853693,249135.161331162,3.0,300837.88522139424,12.614326811336435
8382.0,1269772.35934503,227692.635293201,4.0,109992.74864465457,11.60816972118941
8383.0,1269457.3901287,227979.276125491,4.0,69711.44924626237,11.152119847910912
8384.0,1262407.47805749,256477.796858683,3.0,302798.6030150219,12.620823186978058
8385.0,1282916.57612649,200580.015937433,4.0,2379570.548795508,14.68243058768354
8386.0,1284652.65433627,242468.916780338,3.0,209240.23820810972,12.251238335928315
8387.0,1269248.1615205,208949.046154007,2.0,23432.41950926579,10.061875791610614
8388.0,1271387.74520269,252884.660023004,3.0,43747.00521524684,10.686178437219871
8389.0,1271064.09457836,269398.702151909,6.0,1437435.5781847588,14.178371235473593
8390.0,1271721.43582703,269377.752071887,4.0,155640.304598869,11.95530288416975
8391.0,1278123.80261758,235658.20234136295,3.0,38298.78634410863,10.55317348652328
8392.0,1258716.78595771,255929.518458113,4.0,1874100.223167682,14.443639221229686
8393.0,1275325.35704672,237562.38755931,4.0,154785.89801482554,11.949798137892637
8394.0,1275468.81643887,237767.528167516,1.0,0.0,
8395.0,1264780.21540391,197074.734909847,3.0,160773.34007152182,11.987750826406284
8396.0,1264504.51159564,197073.000317842,4.0,411812.0493936788,12.928322333452945
8397.0,1264966.5651001,257612.036091834,4.0,258120.57342343064,12.461182093585471
8398.0,1290271.18810202,185855.854770362,3.0,1251376.2446692684,14.0397544993626
8399.0,1269368.24036862,244883.507758811,4.0,81059.46035781754,11.30293824284232
8400.0,1271384.87909068,252594.034294695,3.0,52192.96200545622,10.862702937299007
8401.0,1270711.81707399,245311.86545524,3.0,43192.88511716578,10.673431064306364
8402.0,1271007.75973029,245304.250671238,4.0,310385.7807713254,12.64557125687119
8403.0,1254815.33475371,245145.133167073,4.0,1250813.083756704,14.039304364821879
8404.0,1266654.12471783,198371.70969517497,3.0,1475418.7535895775,14.204452408202565
8405.0,1265066.39172421,197076.536445856,3.0,132588.0744139901,11.795002416143287
8406.0,1265051.0918842,196416.561021179,3.0,139042.85546630382,11.842537477301455
8407.0,1283469.05663906,247558.020401537,4.0,34011.91235770024,10.434466105697124
8408.0,1272981.58520432,251150.94040522,5.0,1072202.2723798018,13.885225289735203
8409.0,1276513.36619994,268552.961351037,3.0,2877.585411990789,7.9647068228630005
8410.0,1283810.9857914,248532.590002537,3.0,182373.1389318437,12.113810081149818
8411.0,1263981.1668271,280280.390035048,4.0,352005.1533064089,12.771401094548095
8412.0,1268278.3944795,225914.28617137705,3.0,622935.9073071533,13.342198914960727
8413.0,1283032.12479861,205891.627718881,3.0,267960.3775372436,12.498594403552557
8414.0,1265433.30110058,248028.921714023,3.0,160756.35037461694,11.987645145982825
8415.0,1271266.31793857,244019.240749925,4.0,147715.25033216958,11.903041715269028
8416.0,1271278.70046657,244445.040430352,4.0,239413.3391311009,12.38594678956421
8417.0,1281184.87129271,213220.057614386,4.0,2138591.609468886,14.57565804392137
8418.0,1262718.17559381,245575.314735517,4.0,472764.8881349837,13.06635347864245
8419.0,1262125.3149212,245592.631343529,6.0,722105.5780074585,13.489926637111637
8420.0,1255603.70883453,201075.125185937,4.0,437011.8773915422,12.987715653094055
8421.0,1260836.46941587,261944.86764827403,3.0,117842.40207808398,11.677103435162326
8422.0,1258663.82282166,260783.450367078,1.0,0.0,
8423.0,1258297.25270928,256216.572026402,3.0,44998.81845371665,10.714391511823672
8424.0,1258304.25430928,256630.883194834,3.0,9911.996776584092,9.201501098105545
8425.0,1261607.42647266,246371.078896329,4.0,1375388.843584313,14.13424704443779
8426.0,1263496.2268586,236379.484070092,4.0,201271.66121690572,12.212410822864683
8427.0,1271083.72318637,194701.941755414,3.0,83327.33739065133,11.33053195427547
8428.0,1264064.61943519,177768.396586075,3.0,698548.0,13.456759174001025
8429.0,1263979.8052911,177957.009386271,3.0,465746.6666666667,13.051397131522855
8430.0,1287207.83661088,206498.547783494,1.0,0.0,
8431.0,1293812.73184964,184942.660081431,3.0,2480032.835865641,14.723782358321918
8432.0,1268310.56926353,260306.484414592,3.0,1550889.5301650271,14.254339214712344
8433.0,1269401.53099266,246213.986352161,3.0,83260.38402814044,11.329728133134923
8436.0,1278621.31436209,223587.620185003,3.0,305893.26158581075,12.630991501736224
8438.0,1279281.85669877,226512.619291991,4.0,454330.7575155855,13.026580752549702
8439.0,1264877.89406002,252419.479862526,3.0,118956.19959807293,11.686510633734626
8440.0,1265017.41342016,252417.16786252,3.0,216785.4455396441,12.286663413174377
8441.0,1265284.01527643,268194.627142668,3.0,119834.06647655828,11.693863285480544
8442.0,1265788.39812495,268180.984134659,3.0,848949.560355524,13.651755052875508
8443.0,1277450.0417849,246565.877424523,4.0,51272.28112287152,10.844905556139688
8444.0,1277571.86437702,246572.223536536,2.0,2811.4287821962566,7.941448096519109
8445.0,1253798.58448067,210653.004043758,3.0,402877.8563919274,12.906388709112903
8446.0,1264911.17418805,254025.970104173,4.0,154902.81558373402,11.95055320302307
8448.0,1258020.884133,212215.265677348,4.0,285340.24097896577,12.561437575201166
8449.0,1258013.10461299,211833.811724961,3.0,106168.76301712947,11.572785210975532
8450.0,1278651.48786612,227028.507676527,4.0,264187.3793590752,12.484413900660167
8451.0,1279567.88601106,258532.151036784,4.0,199754.746091378,12.20484562350334
8452.0,1279742.28556325,258527.50342077,1.0,0.0,
8453.0,1289074.59238879,181421.098541811,3.0,925033.981254012,13.737585752310618
8454.0,1263974.8847151,187914.008180469,4.0,1138918.7642513756,13.945589917894017
8455.0,1275485.36760688,188466.497845039,3.0,174328.592549918,12.068697260222871
8456.0,1268633.82878387,274760.099853396,1.0,0.0,
8457.0,1271588.9679229,278505.190481231,3.0,114603.15175478344,11.649230585107839
8458.0,1260005.05309503,253701.617719829,4.0,442546.2324939207,13.000300218184695
8459.0,1269757.01553701,271416.542601973,4.0,202780.66885926196,12.219880224949016
8461.0,1278019.62796147,174113.143718332,1.0,0.0,
8462.0,1278020.94226548,173788.572518006,3.0,142116.39008291895,11.86440164932629
8463.0,1274988.70027837,207438.705672458,4.0,364797.01354304206,12.807096350589159
8464.0,1275701.5551271,207419.432072446,3.0,197815.385700629,12.19508947927428
8465.0,1253717.87798458,240543.377642363,4.0,296324.24528182,12.599209557017334
8466.0,1253392.87139226,240549.48029837,4.0,577201.9015170767,13.265947400258057
8467.0,1270075.38232134,180478.26910086,4.0,980631.3207850988,13.795951848118616
8468.0,1266866.50193405,189774.493622378,4.0,314005.1710103198,12.657164732940522
8469.0,1266884.58231807,189113.712117702,3.0,169626.69452853283,12.041355386938609
8470.0,1270181.12753744,276060.412878722,3.0,16714.738902114732,9.724046178158744
8471.0,1270092.26846536,276729.217679411,3.0,67990.3536237328,11.127121115620861
8472.0,1266380.28017356,175919.790376186,3.0,461612.7754235964,13.042481670187316
8473.0,1266367.87332554,175261.49277551504,3.0,368822.5331368378,12.818070867325355
8474.0,1267314.95639852,173937.016742155,4.0,57431.29484721752,10.958344640134166
8476.0,1265710.04919687,249508.403699547,4.0,95716.49240173317,11.469145896989556
8477.0,1253132.49039999,240554.412394375,4.0,421736.5319090161,12.952136066072631
8478.0,1253137.80988799,240872.751338691,3.0,29573.725268853614,10.294641586272837
8479.0,1262945.60036203,240322.403370127,4.0,210179.5397910532,12.25571739582281
8480.0,1262958.62986605,240831.456810653,3.0,110574.01765516488,11.6134404187284
8481.0,1272635.03928396,265364.280451775,3.0,86555.27652401898,11.368538523783833
8482.0,1278124.30194558,214664.940879866,1.0,0.0,
8483.0,1278118.23832957,214420.114255607,4.0,296122.4056682072,12.598528180487993
8484.0,1254190.47843307,192724.741625398,1.0,0.0,
8485.0,1254182.41347307,192503.849401161,3.0,139767.99999999997,11.84773918415428
8486.0,1278392.85029785,216347.536913589,4.0,402472.9321527133,12.90538312426939
8487.0,1278385.68562585,216087.637201324,4.0,78991.31715258917,11.277093215947774
8488.0,1280282.69228379,199974.458112821,3.0,1406252.0291296905,14.156438587870495
8489.0,1278932.99391441,216335.412241578,4.0,533290.663585934,13.186821889564893
8490.0,1278990.57413846,267814.907398283,4.0,728589.1936425545,13.498865331772928
8491.0,1279329.49311481,267804.333638281,3.0,370511.8271341343,12.822640645298211
8492.0,1256651.3229156,201973.144386858,4.0,619056.0254782833,13.33595105722895
8493.0,1256285.67862722,201993.748994887,3.0,314819.4454262703,12.659754564349134
8494.0,1273202.72382854,216784.463570029,3.0,114660.1214403737,11.649727565596416
8495.0,1273422.01246877,216779.100050032,1.0,0.0,
8496.0,1283675.64383927,175618.864103884,4.0,293227.63461338496,12.588704496304189
8497.0,1284468.26035208,175592.77360785,3.0,186350.0,12.135381904907405
8498.0,1293973.38733782,188086.828020647,4.0,244162.51600765405,12.405589331774701
8499.0,1294068.07418591,188301.905652866,3.0,288414.10272450227,12.572152583074287
8500.0,1272582.58629191,187751.318196297,1.0,0.0,
8501.0,1269354.24632061,176916.882857203,3.0,916238.7480437435,13.728032251664203
8503.0,1272625.28504395,242044.327083901,4.0,269323.4507374788,12.503668355355535
8505.0,1259152.42154215,287375.837466314,3.0,46994.7367585631,10.757790890561175
8506.0,1259335.53667834,247222.789489195,3.0,18036.320065749733,9.800142785322182
8507.0,1281840.75052539,249896.46129994103,3.0,25469.886004988508,10.1452520923054
8508.0,1284849.69235247,240614.864682436,1.0,0.0,
8509.0,1276895.09932032,256289.880890489,4.0,896425.1826680994,13.706170113629097
8510.0,1272061.34296337,270031.30682455,3.0,43724.48760180468,10.685663581163015
8511.0,1276241.63019966,229531.945887089,4.0,215699.1760898983,12.28164001266619
8512.0,1273886.97771725,240908.48913073505,3.0,98330.0381203221,11.49608483545156
8513.0,1261989.19972105,202468.525955364,1.0,0.0,
8514.0,1271560.32651486,244011.605933905,4.0,143157.25283793776,11.871698975243046
8515.0,1263338.15402645,249667.422387704,4.0,421653.8915720452,12.951940094349608
8516.0,1261411.97181647,261019.420031324,4.0,159517.08666969242,11.97990632192516
8517.0,1282084.83865364,206570.800903574,4.0,2486532.7466052813,14.72639982680902
8518.0,1282371.95385394,206564.290055558,4.0,1951447.6032481897,14.484082015766662
8519.0,1276887.65413631,247492.192817479,1.0,0.0,
8520.0,1277324.69164076,247484.097329468,2.0,46591.99999999999,10.749184131556358
8521.0,1279698.64460319,230075.405471638,4.0,498213.6527400221,13.11878428556966
8522.0,1280020.80172352,230067.598367631,4.0,1119881.2954537526,13.928733251452336
8523.0,1252507.50441535,212585.212749735,1.0,0.0,
8526.0,1267452.46334265,248953.086514965,4.0,579227.485232654,13.269450572713408
8527.0,1278425.6035139,204965.160709932,3.0,137056.45091967445,11.828148170449337
8528.0,1278678.72505015,204404.062469348,3.0,526565.8888803488,13.174131747798063
8529.0,1271166.10392246,249892.531507939,4.0,94709.58176270798,11.458570454232232
8530.0,1271394.45912269,250164.500788212,4.0,15872.739222080709,9.67235840241194
8531.0,1281914.53810947,230462.771488041,4.0,475514.5962439416,13.07215285711883
8533.0,1271688.49528299,253479.320567608,4.0,88905.72140940279,11.395331777242175
8534.0,1279811.82514732,221995.77429536,4.0,201874.78748242505,12.215402920239866
8535.0,1279792.85369129,221566.221334934,4.0,268501.18541495496,12.500610607874588
8536.0,1276628.38271205,231555.917601153,4.0,323097.3820811262,12.685709049276285
8537.0,1276644.80524006,232145.846177757,4.0,409372.6117965738,12.922381051575275
8538.0,1286378.56000203,203276.814404204,1.0,0.0,
8539.0,1254572.68860947,217478.831250742,3.0,595960.6039673928,13.297929843136886
8541.0,1273836.8945172,224298.727705732,4.0,151527.9264601671,11.928525220014718
8543.0,1267518.13841473,235549.166501239,4.0,202341.0471073961,12.217709904736093
8544.0,1267749.86859097,235544.072357237,1.0,0.0,
8545.0,1257886.45558886,253719.909367859,4.0,304949.8909434956,12.627902750103603
8546.0,1257897.95293286,254387.52972053,4.0,1149840.7772829265,13.955134036217133
8547.0,1256530.99869147,253064.048439175,4.0,293030.9392642604,12.588033477183037
8548.0,1256542.67024349,253733.119927868,4.0,493352.04909427336,13.108978293705842
8549.0,1275215.29464661,209723.441930801,3.0,342285.68209678034,12.743400995121034
8550.0,1275188.19000657,208964.27610603,4.0,305298.2619771846,12.629044485870816
8551.0,1280591.26354811,265098.340355501,4.0,210012.852423981,12.254924009845796
8552.0,1257319.40458028,201456.046658337,3.0,1027373.6186108688,13.842516218868678
8553.0,1273744.65976509,277941.63419266,4.0,151240.65373120812,11.926627580471116
8554.0,1281092.02137262,181656.249006063,3.0,59807.21071171198,10.998881513132895
8555.0,1262068.50365715,264464.63590686,1.0,0.0,
8556.0,1262111.19978519,264637.66605103,2.0,46591.99999999999,10.749184131556358
8557.0,1282489.51923005,227794.784349307,4.0,77051.31606354417,11.252226921245402
8558.0,1282661.72595023,227790.871325299,4.0,121171.40534262171,11.704961395265283
8559.0,1272519.13957185,238659.095976427,4.0,384252.6461465743,12.85905554790042
8560.0,1272829.22590816,238652.683560416,4.0,621643.3728164654,13.340121851689602
8561.0,1268091.8935513,240953.280362785,4.0,629739.9614402762,13.353062253540408
8562.0,1265842.70378901,271155.397769704,3.0,953763.2345344136,13.768170737798462
8563.0,1263134.53764224,231150.946912736,1.0,0.0,
8564.0,1257521.95274049,237002.895526737,1.0,0.0,
8565.0,1257314.78774828,237005.620902732,4.0,289173.4701358873,12.574782029705716
8566.0,1281107.79692464,194280.114874989,3.0,93182.0,11.442309848973883
8567.0,1265642.5329088,246784.232944757,3.0,221618.60769923663,12.308713200091901
8568.0,1284123.42675173,234813.675812498,4.0,215912.72736888708,12.282629565061308
8569.0,1259326.11216633,246796.890416756,4.0,157553.81796165678,11.967522380225068
8570.0,1259125.22019812,246621.321840584,4.0,148349.75659002224,11.907327984935836
8571.0,1274937.74303032,259332.833149597,4.0,578915.9633228292,13.268912604955224
8572.0,1256246.64457919,252290.068022385,3.0,39625.05904375527,10.587217001241696
8573.0,1269690.16132894,170655.820258796,3.0,787218.3359039311,13.576260917009801
8574.0,1266065.49438123,281006.853779793,1.0,0.0,
8575.0,1266249.20164542,281081.665683866,3.0,153863.2192541204,11.943819300062726
8576.0,1276699.29951212,283762.836822614,4.0,329760.34222862334,12.706121433934953
8577.0,1277217.40511265,283743.829270601,3.0,129744.22688093904,11.77332030586436
8578.0,1277882.74501733,179421.165547773,3.0,390745.2600311434,12.875811117771615
8579.0,1260619.01411965,238610.377576381,2.0,0.0,
8580.0,1260785.96029583,238992.853800774,4.0,15926.139777687264,9.675717049476557
8581.0,1272068.54731539,216589.274961829,4.0,202217.960382236,12.217101406461778
8582.0,1272339.25707565,216583.942929819,1.0,0.0,
8583.0,1274113.04517348,231248.552736849,4.0,122400.3235142357,11.71505229214703
8584.0,1280074.03653958,205311.731590286,3.0,398694.5191038815,12.895950786357178
8585.0,1286099.94873776,195793.83526054,4.0,1010452.1710978978,13.825908482788648
8588.0,1284557.69030418,250506.327860564,4.0,68984.86344453409,11.141642389145126
8589.0,1284558.02630417,251167.766837239,3.0,10473.78918703709,9.256631147372898
8590.0,1282420.04793398,225255.587354705,3.0,59453.04056573184,10.992942045735072
8591.0,1282416.00921398,225398.99189885,3.0,17102.46949474131,9.746978146961077
8592.0,1284134.02841574,247862.342001855,4.0,244084.8148607884,12.405271045764275
8593.0,1269229.67633647,208013.480777055,3.0,82319.93573766119,11.31836858986697
8594.0,1260247.40528728,200486.451521337,3.0,35074.65937722277,10.465234193654021
8595.0,1258288.68317327,259360.393789634,4.0,571314.3542801962,13.255694870040523
8596.0,1281639.57606119,222553.415895939,3.0,2327596.3260413017,14.660346673331246
8597.0,1289150.46394087,189170.850101754,4.0,1971689.386636956,14.494401289891039
8598.0,1289441.42957318,189166.813749745,4.0,1704349.3511294737,14.348693983626495
8599.0,1252478.14883132,211347.95930846,3.0,186352.0,12.135392637342433
8600.0,1252459.8548793,210778.973579884,2.0,46591.99999999999,10.749184131556358
8601.0,1259526.79485454,189842.555126444,3.0,836240.4895468215,13.636671517620679
8602.0,1262489.55664957,196458.11833322,4.0,384788.3181999064,12.86044863920452
8603.0,1262474.24432956,195802.596732542,4.0,753683.7673994846,13.53272815238255
8604.0,1283466.37625505,237073.927910805,3.0,52624.324678197365,10.870933738184002
8605.0,1283571.11059116,237398.789415136,1.0,0.0,
8606.0,1287974.31437168,188649.285877213,3.0,1928183.534272324,14.472088943746604
8607.0,1280911.30489244,257497.88012372,4.0,453108.1215255425,13.023886054850236
8608.0,1275193.70411858,229229.117150769,4.0,1072064.9341228756,13.88509719165424
8609.0,1255824.83241875,216942.324754193,4.0,119747.03463317348,11.693136751986792
8610.0,1285850.37606549,255812.574138001,1.0,0.0,
8611.0,1266053.64727722,264862.881155267,4.0,506452.35255821375,13.135185526297587
8612.0,1281631.71750118,198639.528383449,1.0,0.0,
8613.0,1281590.31826913,198617.796159431,3.0,93182.0,11.442309848973883
8614.0,1256537.35952348,207908.739144936,3.0,130956.7708240984,11.78262255401421
8615.0,1256367.9379553,207912.238152951,3.0,51593.613229249015,10.851153169181986
8616.0,1262563.24349765,238351.898408115,3.0,335265.90263850935,12.722679235182252
8618.0,1281814.91302136,254905.931257069,3.0,104494.46766110943,11.556889407943562
8619.0,1278231.8981697,257577.399355799,3.0,136517.38004403043,11.824207211831736
8620.0,1278237.7787457,257909.156220138,3.0,2039463.6966855796,14.528197437476193
8621.0,1266982.78814217,260074.185342357,4.0,155924.5680574638,11.95712763119625
8622.0,1278997.50521047,203370.048452288,3.0,234552.68504084484,12.365435511317791
8623.0,1272782.53406811,252234.885430336,4.0,248963.9824897121,12.425063516348528
8624.0,1271088.74513838,274600.87841323,3.0,138520.3552241317,11.838772562937931
8625.0,1271751.59979506,274582.893901214,4.0,1044375.4062291394,13.858929567300375
8626.0,1269806.76971306,285687.993688583,3.0,135003.2458150946,11.813054100206312
8627.0,1282032.06150158,191792.174584433,3.0,272217.5382179161,12.514356798490226
8629.0,1255083.15638599,191860.771576509,3.0,884683.9999999999,13.692985798081306
8630.0,1282935.49113451,242866.689900741,3.0,12892.66607955372,9.464413907715613
8631.0,1282942.86284652,243240.134701118,3.0,80687.2873193746,11.298336311729594
8632.0,1282555.93875012,255138.182457298,3.0,60338.24532818547,11.007721432545207
8633.0,1264833.12836397,270192.301576719,4.0,105526.0626968212,11.566713241169252
8634.0,1264846.63261999,270853.701833397,3.0,59886.64302665591,11.0002087713692
8635.0,1281774.35468532,192967.781497642,4.0,189124.3546919048,12.15016003901295
8636.0,1259729.20816675,253039.59051916,4.0,262735.2634967568,12.478902201521265
8637.0,1259741.06243876,253703.997943833,4.0,340587.8832248422,12.738428471782983
8638.0,1263054.80548215,261143.204223454,3.0,279502.0,12.540764727186753
8639.0,1260816.62525585,241691.268395528,4.0,1532176.1576577928,14.24219960808867
8640.0,1286329.90361798,202486.80185939404,3.0,112654.06226707155,11.632077006169567
8641.0,1274474.08184585,223670.75752908,4.0,622180.6914354482,13.340985830234235
8642.0,1262878.27831396,285531.34408842,3.0,1221123.891846353,14.015282215468991
8643.0,1262806.81258589,285432.382040322,3.0,678659.8864914991,13.427875377499614
8644.0,1283659.04678325,178602.34762693904,3.0,377953.1707025653,12.842525579896842
8645.0,1277094.03493653,175132.227623373,3.0,860768.0100435691,13.66558030464562
8646.0,1277080.12357651,174466.904806703,3.0,1170039.3592364402,13.97254794658114
8648.0,1278371.47698584,237534.003431275,4.0,481904.0503421929,13.085500307536437
8649.0,1287949.72128364,202044.208898932,3.0,327584.67192092765,12.699501840858254
8650.0,1266000.28714916,228076.5840296,4.0,33350.89363232043,10.414839846556601
8651.0,1258116.09066109,251719.682037801,4.0,50102.32250074304,10.82182264329875
8652.0,1253264.17577612,210675.369099781,4.0,332360.98902227206,12.713976973530514
8653.0,1252963.53667182,210684.579403788,4.0,434753.6122069064,12.98253474088105
8654.0,1277815.63589726,228566.908830091,4.0,669250.428966437,13.413913602348305
8655.0,1281671.78431721,220696.067606032,1.0,0.0,
8656.0,1276142.54181555,214600.086671799,4.0,313516.0563916614,12.655605854303912
8657.0,1273886.46558924,235502.204645202,4.0,1250718.1287104674,14.039228447283206
8658.0,1275843.66309525,223945.748441368,3.0,49253.19719797032,10.804729562218457
8659.0,1276099.39160751,223938.28815335,4.0,464146.2157049757,13.047954901622322
8660.0,1252615.51964746,241228.327083066,3.0,213763.46455544865,12.272625376887364
8661.0,1262639.66096972,232998.561378628,3.0,552029.9608124878,13.221357600620514
8662.0,1279662.63775516,228718.633886248,4.0,369510.4074430912,12.819934185260852
8663.0,1279984.40645948,228709.83631824,4.0,481210.2364123014,13.084059535533669
8664.0,1275673.69695108,254662.540344819,3.0,6404.574332752056,8.764767753535644
8665.0,1280674.3966042,211241.560908347,4.0,2115231.531125932,14.564674835452532
8666.0,1257114.34787607,189915.222326517,4.0,120649.87980271368,11.70064807480497
8667.0,1273518.26885286,251915.247926012,4.0,337178.2219659819,12.728366918107126
8668.0,1262749.50359383,211070.297484174,4.0,2103497.464200226,14.559111976497475
8669.0,1285674.61625731,178656.085098982,3.0,614707.926979823,13.328902518500618
8670.0,1285842.60147348,178740.64657107004,3.0,92593.90952380952,11.4359786465901
8673.0,1283636.17574322,170386.765986517,3.0,279502.0,12.540764727186753
8674.0,1293667.4899935,187237.311347768,4.0,84847.97823852654,11.348616442900903
8675.0,1280752.16415627,223090.675672486,2.0,593882.2419521163,13.294436332819613
8676.0,1281051.03692459,223449.332440853,3.0,565090.0975601468,13.244740462123657
8677.0,1269340.32574458,213577.675662741,4.0,250158.2774848556,12.429849106454258
8678.0,1261612.57348068,237969.961511731,4.0,162920.84567847,12.001019752507961
8681.0,1278447.76453792,251947.252790034,4.0,117461.53061755424,11.67386615996006
8682.0,1278713.47103418,251942.012342036,3.0,66768.54027129563,11.10898729456854
8683.0,1275143.97426254,214887.565072089,4.0,307121.4116045761,12.634998425928039
8684.0,1275391.93765478,214881.434832081,4.0,156181.78860932926,11.958775919381397
8685.0,1282859.12742244,256451.443258643,3.0,61113.6884252066,11.02049115321378
8686.0,1282913.91999848,256480.498618677,1.0,0.0,
8687.0,1277421.66917686,245344.208559275,4.0,113779.44593199209,11.642017168649542
8688.0,1277436.72031288,245992.741423935,4.0,87990.78390157643,11.384987359584766
8689.0,1280346.08588386,267772.421574235,4.0,340130.4277658525,12.737084434108464
8690.0,1280785.12434831,267763.969222233,4.0,155618.5063104172,11.955162818811127
8691.0,1277993.04005745,212851.98055800804,3.0,293865.57812244527,12.590877724494536
8692.0,1278247.16620171,212845.596430004,4.0,398198.2814956104,12.89470535492138
8693.0,1262717.5410978,191800.448888451,4.0,713956.5498489338,13.478577384916694
8694.0,1281845.5914214,196592.56786935,1.0,0.0,
8695.0,1282134.6994537,196585.536445349,3.0,50817.56755125158,10.835997391723355
8696.0,1280140.43340364,218811.258388102,3.0,72164.11465963224,11.186698174447217
8697.0,1258553.95325354,198951.787263766,4.0,519653.25087843626,13.160917042897003
8698.0,1269250.4236645,224293.64008972,4.0,148438.31406905316,11.907924757450733
8699.0,1282288.68895784,253197.075127319,3.0,37947.49438667221,10.543958756577483
8700.0,1282291.99993385,253858.727991998,4.0,64979.15715388778,11.081821838284672
8701.0,1272063.74616338,245276.967279211,4.0,208856.4755071852,12.249402574985407
8702.0,1261847.26359291,287507.810906455,3.0,46759.6269230769,10.752775437005777
8703.0,1253016.03491187,245982.697455928,4.0,2781652.1849298086,14.838555620259733
8704.0,1253057.31433591,245984.768623933,1.0,0.0,
8705.0,1271347.06091464,200868.64857773497,3.0,124484.64611992992,11.731937662943915
8706.0,1271826.49560313,200343.696577191,3.0,65271.693938927805,11.086313744087468
8707.0,1283994.90105559,241020.392746851,1.0,0.0,
8708.0,1270807.32638609,222780.497496173,3.0,31671.99227075776,10.363188044745705
8709.0,1270895.34693018,222778.506008163,4.0,68792.27083558548,11.138846675104519
8710.0,1272176.66686749,225670.412635133,4.0,585509.0025712178,13.280236837770563
8711.0,1260369.9732874,251053.125941128,3.0,133565.24768261125,11.802345384110907
8712.0,1260222.59824724,251041.416373104,4.0,1006314.8522741856,13.821805555103161
8713.0,1263570.93898667,252981.8330791,4.0,1650359.6513896766,14.316503792663834
8714.0,1273580.48165293,257714.588347942,4.0,1693549.8792026094,14.342337404129287
8716.0,1276363.09023178,269223.931847721,3.0,116768.90802929449,11.667952115559858
8717.0,1286133.99257779,252187.512502283,3.0,5502.909391318431,8.61303221159955
8718.0,1272263.21131559,226788.73551628,4.0,476964.27171600267,13.075196865002292
8719.0,1259442.84944645,215122.220112324,3.0,185173.1361329357,12.129046537395087
8720.0,1272584.74968392,252425.967414528,4.0,100162.47152732436,11.51454886182146
8721.0,1278281.43512975,263210.021953568,4.0,293278.4751170585,12.588877863650094
8722.0,1282878.66284645,257243.269755453,3.0,31975.313815549987,10.372719440802323
8723.0,1279395.09369089,229191.63855873,4.0,213646.26203353453,12.272076945171563
8724.0,1276983.27666442,252638.56799075,4.0,691484.5572399773,13.446596097574352
8725.0,1279089.82130657,207350.714376375,3.0,263386.94713593205,12.481379511770825
8726.0,1285802.23705745,251802.656309888,4.0,923811.7575288631,13.736263604250825
8727.0,1285783.07040143,252465.832822561,4.0,1073837.1562115175,13.886748918915739
8728.0,1279464.04959495,249278.928051308,4.0,15051.63768514674,9.61924208054578
8729.0,1261617.97341669,246875.62872085,4.0,452038.6739132607,13.021523016909171
8730.0,1268608.65559983,258449.497340694,3.0,110604.59676491447,11.613716929276444
8731.0,1268952.72350419,258441.043260694,3.0,91940.59931839968,11.428897987920653
8732.0,1267789.518447,276764.330127448,4.0,1599043.4417319032,14.284916159509525
8733.0,1267772.73470299,277426.433808133,4.0,194165.5675438031,12.17646651501925
8734.0,1280138.05055565,218755.723028049,3.0,20055.344080921022,9.90625093492165
8735.0,1280395.74623591,218748.002900034,4.0,209899.68755707535,12.254385017275341
8736.0,1271847.07467516,213527.585230693,1.0,0.0,
8737.0,1272007.72363532,213525.071118698,4.0,134510.8283900136,11.809399983259334
8738.0,1282038.40172559,254506.815608665,4.0,55171.63097626559,10.91820416856769
8739.0,1282295.96550186,254501.557368651,4.0,104930.18408277526,11.561050494489265
8740.0,1281864.87878141,213831.274895012,4.0,218149.69269138933,12.292936769847529
8741.0,1281938.51775749,213580.276046753,4.0,223755.6868023644,12.318310051690613
8742.0,1284165.97324777,194569.598523289,1.0,0.0,
8743.0,1281578.49548513,257273.958971485,3.0,73437.3640053986,11.204188131477519
8744.0,1282238.31833379,257258.385211483,3.0,27553.07991774067,10.223869602079999
8745.0,1268251.04311948,255285.046009451,4.0,1850081.7659040508,14.430740393863788
8746.0,1276995.47314443,221114.848598465,4.0,116126.16259180184,11.66243248762083
8747.0,1277035.17055246,220840.693270177,4.0,41367.04541084844,10.630239838264668
8748.0,1258228.80074121,249644.683891684,4.0,515370.1715049571,13.152640701068794
8749.0,1263756.85527487,193787.384890482,4.0,2066390.929189076,14.541314131085665
8750.0,1256587.60976353,245113.687407047,3.0,446860.8792630698,13.010002593079284
8751.0,1264099.99831522,266903.446981356,4.0,890931.1512173056,13.700022432106312
8752.0,1271121.55640242,210520.234955609,3.0,405077.36624336144,12.911833355606582
8753.0,1270576.01259385,210080.54778716,1.0,0.0,
8754.0,1255091.149538,204631.839237586,4.0,870267.1732310073,13.676555539154368
8755.0,1281447.09254098,244723.719022647,3.0,262472.9088278569,12.477903151222561
8756.0,1281672.89490922,244697.849006608,4.0,1049530.6385312255,13.863853611271898
8757.0,1263604.29815471,254583.552312732,4.0,78665.96643117625,11.272965894001414
8758.0,1276193.0377516,252985.86059910097,3.0,537647.9131620866,13.194959188405182
8759.0,1276841.66015227,252967.781943083,3.0,494765.6775979452,13.1118395508818
8760.0,1255763.11337869,194337.582907051,3.0,131772.65740299062,11.78883342431622
8761.0,1255581.53597049,194425.796283141,1.0,0.0,
8762.0,1268841.99928008,189157.091637745,4.0,158872.65370439593,11.975858240196368
8763.0,1268815.92158405,188463.145205036,3.0,45503.482852958805,10.725544148228405
8764.0,1268904.13137615,282886.141077712,4.0,35587.003822185994,10.47973578901452
8765.0,1269345.50289659,282862.288405702,4.0,184981.68245107064,12.128012085380277
8766.0,1271883.4495872,254130.34879227,3.0,16167.485679356492,9.690757447553013
8767.0,1266060.98910123,169351.352033466,2.0,46592.00000000001,10.749184131556358
8768.0,1277278.44140072,181246.620909646,3.0,98199.24232607716,11.494753778692397
8769.0,1277266.5425207,180890.789293274,3.0,12906.07344599223,9.46545328932046
8770.0,1269599.76056086,169152.34326525,3.0,229836.33590390327,12.345122751583455
8771.0,1256567.26633951,235974.739493683,4.0,159771.69625712765,11.981501176834055
8772.0,1255905.92803483,235986.4169337,3.0,77050.1123366957,11.25221129871859
8774.0,1274874.20050226,254687.39167285,3.0,472144.4581831603,13.065040273215068
8775.0,1275199.35928659,254677.28472884,3.0,511931.6024011296,13.145946306037537
8776.0,1264905.85591605,253759.535927892,4.0,224746.55147271985,12.32272860837953
8777.0,1265565.04260473,253750.788215891,4.0,264239.4715086755,12.484611060019814
8778.0,1278994.52229847,268074.649350554,3.0,77853.79956643726,11.26258798231955
8779.0,1284173.56019178,256818.59577103,3.0,185737.65508493796,12.132090500532627
8780.0,1255590.69411451,217971.034643248,3.0,245510.191907654,12.411093740253786
8781.0,1282836.0995824,208119.576009154,2.0,443634.9456953404,13.002757308847315
8782.0,1282834.62291041,207902.801480934,2.0,485499.2295395393,13.09293297977001
8783.0,1258818.76938182,247022.716720998,4.0,482720.9806752213,13.087194085952023
8784.0,1287439.65632312,248968.010418981,4.0,937659.0014580644,13.751141624001255
8785.0,1256437.71638738,215882.859025106,4.0,749004.1445308946,13.526499795903131
8786.0,1282322.96313389,202028.057346925,4.0,153340.80295377708,11.940418193526572
8787.0,1274432.0671898,281930.944788739,4.0,436429.4195941169,12.98638194495414
8788.0,1274006.60216537,181737.588718146,4.0,203589.04725272377,12.223858766792638
8789.0,1273997.74814935,181406.6136778,3.0,65736.83357553762,11.093414680185633
8790.0,1273077.02136442,231271.064160869,4.0,231939.8200830767,12.354233220805801
8791.0,1275129.46674252,213936.889487118,4.0,1257916.8150909117,14.044967589327182
8792.0,1264411.17514753,265569.44569999,4.0,716387.3860389505,13.481976341586197
8793.0,1264078.7503152,265578.769475996,4.0,502419.58741946967,13.127190881074114
8794.0,1283658.03987125,267080.397701532,3.0,151510.7246763415,11.92841169136892
8795.0,1283700.34099129,268319.778758809,4.0,276192.10924012784,12.528851950541725
8796.0,1275768.00971916,213600.386254773,3.0,337690.35389037075,12.729884641827026
8797.0,1281585.70022112,197824.957182616,3.0,166807.37181926242,12.024594963489315
8798.0,1276466.53323989,254639.658808798,4.0,126033.38635030611,11.744302121869167
8799.0,1276469.74981588,255306.879289478,4.0,166116.31883185278,12.020443537806486
8800.0,1281587.16114913,198075.67974287304,3.0,105469.94700061154,11.566181328763768
8801.0,1274575.34706195,235494.10096518704,3.0,716767.3940139655,13.482506651346469
8802.0,1274587.43205397,235973.614437684,4.0,95362.62771714294,11.465442037678153
8803.0,1268183.5711834,237435.133223176,3.0,99548.4695251762,11.508399935443235
8804.0,1268086.7485273,237673.737063423,1.0,0.0,
8805.0,1251745.32188657,210743.82439585,1.0,0.0,
8806.0,1263313.61041042,243275.850157157,4.0,1062092.539970117,13.875751614436096
8807.0,1261870.00304894,255012.932025179,4.0,636979.1319164336,13.364492174074877
8808.0,1286137.12614579,255213.700985387,3.0,55924.59999998429,10.931759633896172
8809.0,1286141.24160179,255388.922425568,3.0,46594.0,10.749227056459247
8810.0,1265300.72388445,280113.271250874,3.0,175593.78589386592,12.075928571708845
8811.0,1265143.67569229,279800.818834558,1.0,0.0,
8812.0,1289106.99910884,182497.605614915,4.0,953344.8986082112,13.767732025461555
8813.0,1259138.70442215,286002.047512904,1.0,0.0,
8814.0,1280322.10169183,170460.736290589,4.0,915965.7867453488,13.727734292244028
8815.0,1269435.01028869,180933.14711731704,3.0,403724.87408189295,12.908488920206434
8816.0,1254116.075361,243174.250669047,4.0,57519.31205965534,10.959876032303507
8817.0,1253776.75580865,243179.951405063,4.0,92815.28095607864,11.438366570693406
8818.0,1265791.41386895,268346.127494827,3.0,704983.3190309602,13.46592942056549
8819.0,1266413.70788559,268332.916870818,3.0,48315.4742401677,10.785507165973929
8820.0,1266249.95102142,254796.327800959,4.0,209394.39927484025,12.25197483052239
8822.0,1256617.62083556,237758.516071513,4.0,50529.84313392888,10.830319393866509
8823.0,1256630.48662758,238178.549031943,4.0,325809.68495836895,12.694068701406746
8824.0,1254676.56796958,239054.671592832,3.0,101879.73902838636,11.531548367531283
8825.0,1262196.03229727,210288.005707383,3.0,64033.41066152087,11.067160267711769
8826.0,1261990.91325706,210291.426955387,1.0,0.0,
8827.0,1280866.1393244,256225.969978422,4.0,154834.92220763376,11.950114810351439
8828.0,1285318.94534495,197220.576509997,3.0,182137.3729040765,12.112516477519803
8829.0,1285525.52825716,197218.154557988,4.0,436338.293711389,12.98617312448182
8830.0,1276303.48568772,264597.641538993,4.0,464627.9727139215,13.048992305672002
8831.0,1266934.39121412,256110.66738629303,3.0,40909.94657065527,10.619128504900965
8832.0,1271400.6739707,246169.72664012,3.0,179241.46859059576,12.096489162297644
8833.0,1265370.79396452,245508.135407448,3.0,52581.69627355816,10.870123358576706
8834.0,1265728.37265289,245500.295215443,4.0,333036.77403512783,12.716008195403278
8835.0,1283840.45356743,263221.701057583,4.0,237772.4959434361,12.379069596093098
8836.0,1285949.2137616,243885.874861777,2.0,67788.24855449064,11.12414413375094
8837.0,1285915.73190556,244094.292461991,3.0,213766.07399038217,12.272637583926636
8838.0,1256739.99171568,194433.295995146,3.0,2021242.2170844828,14.51922283932033
8839.0,1271087.93310638,276045.047438711,4.0,238395.28269239477,12.381685426613444
8840.0,1267634.42923084,259199.635901466,4.0,69324.26738534216,11.146550302600403
8841.0,1280163.61119567,223574.923032984,3.0,345039.6435831074,12.751414598348514
8842.0,1266190.17028536,244950.059118867,3.0,59010.96573122466,10.98547856546932
8843.0,1276301.99589571,231564.594721168,4.0,225323.86016876463,12.325294024802094
8844.0,1276318.82853574,232154.523681775,4.0,313136.6907969976,12.654395086002935
8845.0,1260584.26288763,200477.834433332,4.0,235881.90602401347,12.371086560563452
8846.0,1254437.84764932,253112.47915923604,3.0,82320.52097863895,11.318375699188573
8847.0,1285216.58598484,251409.099637493,3.0,139768.0,11.84773918415428
8848.0,1285216.95641685,251499.098165572,1.0,0.0,
8849.0,1256550.32605149,218397.216851681,4.0,44571.27308134784,10.704844829170717
8850.0,1275965.10872737,265268.40889968,4.0,517468.3393449947,13.156703622240416
8851.0,1263614.24010673,250325.980468377,3.0,34336.65689324007,10.443968776574312
8852.0,1285466.8721931,249822.704563856,2.0,13910.55277381676,9.540403023438957
8853.0,1274055.23166941,232181.350753799,4.0,373079.13756326895,12.82954584117111
8854.0,1260136.17520717,261679.26944001,3.0,93244.88841582138,11.44298452008749
8855.0,1268079.15998329,286892.663193822,3.0,90678.38923789652,11.415074341317432
8856.0,1270891.99685018,280832.555283621,1.0,0.0,
8857.0,1276134.72325554,205769.654534757,1.0,0.0,
8858.0,1276297.76491971,205609.285446584,3.0,93182.0,11.442309848973883
8859.0,1264469.27313159,232104.191777721,2.0,26.40223969201898,3.273448843372732
8861.0,1272336.06053166,179789.581484154,1.0,0.0,
8862.0,1272651.34533198,179784.830828145,4.0,102075.69255314284,11.533469900912669
8863.0,1281736.00140528,274998.810701638,3.0,33390.833882976214,10.416036706659284
8864.0,1254259.95068915,214848.626192048,2.0,46592.0,10.749184131556358
8865.0,1253967.30204885,214860.012688056,1.0,0.0,
8866.0,1280918.65394844,245935.228719875,3.0,129482.1624067452,11.771298408601568
8868.0,1259122.99088612,206496.892231494,4.0,88741.97513737666,11.393488282262133
8869.0,1282596.54035017,236665.720998392,3.0,296678.7636711235,12.600405228628395
8870.0,1267752.85611096,270792.45754534,4.0,2625107.9931570226,14.78063259341192
8871.0,1268417.74487965,270777.734153315,4.0,1555870.3683198856,14.25754566940153
8872.0,1272958.36805229,264031.804098412,4.0,143469.54408558185,11.873878055319086
8873.0,1261230.68119228,199129.888639957,4.0,185888.04330394225,12.1328998537494
8874.0,1259538.57629456,246518.294832483,4.0,130619.04027735618,11.780040275989418
8875.0,1270641.62923393,242752.782316625,4.0,295152.01653223386,12.59524581287397
8876.0,1274078.23717344,230090.696799651,3.0,10184.72935495475,9.228644755402073
8877.0,1274088.01374945,230414.07209599,4.0,252731.48884387975,12.440082895205082
8878.0,1276455.23864788,252648.61099875,3.0,340791.1796654321,12.739025192338968
8880.0,1271575.34718688,255931.147066116,3.0,83934.62848927466,11.337793542574975
8881.0,1282779.54527836,229370.872414917,3.0,51564.71435154043,10.850592887154498
8882.0,1282627.2332142,230003.567007571,1.0,0.0,
8883.0,1254999.0201299,217279.094098538,3.0,133277.57785031697,11.800189283843553
8884.0,1254670.29340957,216818.914258063,1.0,0.0,
8885.0,1280672.16166019,221047.676822394,4.0,72471.16204976647,11.190943996882545
8886.0,1261664.10877673,249037.880307063,3.0,129465.39982171888,11.771168941578164
8889.0,1279010.06623448,174442.642406672,3.0,290630.5961286303,12.579808310634736
8890.0,1274401.93176576,273936.379724547,4.0,2357872.8285643184,14.67327042671851
8891.0,1274400.87531777,275263.464013919,4.0,1532908.0612381303,14.242677182955774
8892.0,1295743.35885963,183577.631664023,4.0,318497.87228044186,12.671371073533868
8893.0,1276776.0638002,216127.474705353,4.0,113100.31791137476,11.636030472987748
8894.0,1267607.74391882,256623.219514832,4.0,30250.756832253897,10.317276482394075
8895.0,1268267.60446349,256607.30482681104,3.0,32544.65131351774,10.390368311968995
8896.0,1280324.62463583,251249.719093323,3.0,248410.61443517116,12.422838359349004
8897.0,1288105.8118438,246818.934320793,4.0,148277.2425074783,11.906839060568135
8898.0,1288073.38310777,247115.735537097,4.0,113078.05510692054,11.635833612392908
8899.0,1263447.49994655,246325.403824285,3.0,211864.9198792088,12.263704180193743
8900.0,1272949.05208428,231582.03401719,3.0,103059.66112603052,11.543063333753683
8901.0,1272969.36082031,232215.079649836,3.0,61421.791197340026,11.025519956665313
8902.0,1277920.38303338,207212.369480222,3.0,74956.96230404213,11.224669391865483
8903.0,1281774.85170932,228682.97219021604,3.0,83712.3722262566,11.335142061877068
8904.0,1281781.39993332,228948.650142491,3.0,39901.82408914934,10.59417731835302
8905.0,1283157.37715073,249208.869811237,4.0,378940.3014808247,12.845133955775905
8906.0,1283488.01068707,249202.677235231,4.0,635342.5675244748,13.361919608826236
8907.0,1271886.27109119,275581.346254244,1.0,0.0,
8908.0,1278075.94015354,178429.81975475,3.0,141847.13138230325,11.862505217137223
8909.0,1273767.51966912,196640.118333399,2.0,49006.87862670891,10.799715947377312
8911.0,1279850.08882736,222888.612440288,4.0,1491668.440145524,14.21540580994665
8912.0,1274689.23039007,238614.235496387,4.0,293462.9390198182,12.589506637772367
8913.0,1270459.86385773,199386.666304216,3.0,219935.28953399736,12.30108864358546
8914.0,1270408.16478568,198965.565119788,3.0,368506.19274609536,12.817212795751448
8915.0,1265248.7787964,251596.606837675,4.0,402563.4588206559,12.905608025079687
8916.0,1259790.00560682,256397.194362596,4.0,155391.22167200176,11.953701226722986
8917.0,1259527.13898253,256401.437114596,4.0,115886.43907892672,11.660366017123483
8918.0,1277845.39077729,250643.022452697,3.0,331873.1050185923,12.712507961036893
8919.0,1287092.58848277,207353.309832379,3.0,49829.6699002769,10.816365866735685
8920.0,1279705.2780752,270835.554569378,3.0,61123.287175753896,11.02064820472
8921.0,1279910.20287541,270829.253769368,1.0,0.0,
8922.0,1252612.10723145,241059.070506886,1.0,0.0,
8923.0,1282213.38002977,229851.842591405,3.0,563756.7930796146,13.242378219535055
8924.0,1282501.31878206,229500.330143049,3.0,223039.62479547627,12.31510472432313
8925.0,1265147.3498683,269356.941703871,4.0,1539090.076560208,14.246701940387133
8926.0,1265809.55882898,269339.932871848,3.0,2361796.281929553,14.674933023895202
8927.0,1279362.43461885,269126.545223624,4.0,1074402.1511903286,13.887274926413964
8928.0,1279513.00421901,222007.253271386,4.0,320026.9530844417,12.676160499617778
8929.0,1274280.96382965,205410.37997438,4.0,165031.87025481727,12.013893887290566
8932.0,1273089.87826043,278959.525521696,4.0,785716.5275755008,13.574351354421225
8933.0,1266094.84401326,281181.171027973,1.0,0.0,
8934.0,1266247.34506942,281178.144467965,3.0,243689.17728108063,12.403648828619268
8935.0,1253624.0510405,250460.428660512,4.0,1086598.7683767765,13.898562979633775
8936.0,1253624.04777649,250684.165428743,1.0,0.0,
8937.0,1273076.56331642,275781.491534442,2.0,4780.578266949438,8.472316794517708
8938.0,1267140.48107034,276110.481998786,3.0,154710.70759398298,11.949312249382332
8939.0,1267128.22974232,276774.004623458,4.0,1146057.9478282458,13.951838740273594
8940.0,1266754.46903794,178975.732075319,3.0,7014.864891881465,8.855786732462487
8941.0,1267273.49227047,275445.089678094,3.0,1968431.6313544272,14.492747657421369
8942.0,1267157.68215835,275633.432142287,2.0,973.6053990694662,6.881006087127812
8943.0,1289182.83098091,184825.31224130103,3.0,76361.78089930734,11.243237599978764
8944.0,1272292.28113961,178484.973866805,1.0,0.0,
8945.0,1272454.69349177,178481.59953080103,3.0,93182.0,11.442309848973883
8946.0,1272055.20318736,225242.998810694,4.0,436446.054130684,12.986420059294776
8948.0,1273757.69650111,209487.38887456097,3.0,83017.89732057965,11.326811493902278
8949.0,1273538.25502889,209088.157706156,3.0,222941.8812073843,12.314666394085927
8950.0,1253820.8603847,249134.863731161,3.0,130274.03429107532,11.777395466900778
8952.0,1257236.71414819,209184.010250241,4.0,2520968.963219588,14.740153894797004
8953.0,1278011.73324147,249091.348403111,3.0,108005.3266660798,11.589935825872338
8954.0,1258093.57098107,250426.075700477,3.0,100353.31379817025,11.516452376082547
8955.0,1275353.31992674,213282.850446448,3.0,77192.3927221252,11.254056191288651
8956.0,1275338.16709472,212904.474894062,3.0,306869.8516071681,12.634179000550004
8957.0,1280024.89554752,269455.24435997,1.0,0.0,
8958.0,1272147.66264346,220581.278805912,4.0,277942.5606084814,12.535169754808388
8959.0,1272129.44382745,219658.817044973,4.0,444784.783450799,13.005345811465531
8960.0,1286784.10317045,249376.594547406,3.0,139768.0,11.84773918415428
8961.0,1278376.26335384,271391.403849944,1.0,0.0,
8962.0,1264056.19293918,284807.731991693,3.0,243584.23722102464,12.403218105092987
8963.0,1277359.5029688,220583.922133923,2.0,3663.0892348356488,8.20606212361658
8964.0,1277350.47570479,220324.049941659,4.0,55219.66041435505,10.919074335779525
8965.0,1284065.19916767,190288.535222903,1.0,0.0,
8966.0,1284668.43910429,190269.871542886,3.0,339131.5671702278,12.734143414816794
8967.0,1260319.12951136,249066.432755083,4.0,212756.13015091908,12.26790185989087
8968.0,1259661.38218267,249080.895347103,4.0,285949.4229130211,12.563570231201965
8969.0,1276817.02335225,265241.773123652,4.0,282409.2708624295,12.551112612895336
8970.0,1261013.91191207,251671.772021756,3.0,45047.39106005036,10.715470349262961
8971.0,1256052.56259498,194594.389179304,3.0,169126.47113029603,12.038402063914466
8972.0,1255770.67869069,194605.351419315,4.0,191291.72915364467,12.161554919541489
8973.0,1276181.30808759,227502.226205006,3.0,100795.53580516472,11.520849345991502
8974.0,1277017.24050444,268537.08179903,3.0,25372.47235092296,10.141420099596218
8975.0,1270539.92043382,261639.59955196097,3.0,1192506.430976406,13.991567894582424
8976.0,1270543.97624183,261807.066432133,1.0,0.0,
8977.0,1273298.83160464,233535.680355176,2.0,5404.599287642743,8.595005589978607
8980.0,1260159.65546319,196505.134333268,4.0,372776.6116310453,12.828734622784335
8981.0,1277027.46392846,222644.192280024,4.0,524839.9208781937,13.170848582465494
8982.0,1256099.71408303,190992.057143614,3.0,103835.03324690265,11.550558699966778
8983.0,1256103.91158703,190683.590839297,4.0,134574.07951620998,11.809870103474204
8984.0,1266824.78289402,242005.89732386204,3.0,81523.6098317284,11.308647948463415
8986.0,1270299.87595357,218174.904979452,4.0,789042.0849426459,13.578574938003282
8987.0,1280943.40358047,213915.071311086,4.0,255563.5939298821,12.45122655757671
8988.0,1281097.65689263,213932.658191115,3.0,37435.71864903503,10.53038057173002
8989.0,1264801.64548394,232498.381282121,4.0,1223586.4739670951,14.017296836904794
8990.0,1264479.5700276,232506.171938136,3.0,162958.32296841947,12.001249759785017
8991.0,1264176.3324593,210405.627211496,1.0,0.0,
8992.0,1264037.55453916,210408.738763496,4.0,78423.37239158856,11.269877279150034
8993.0,1274286.74533366,263993.925570369,4.0,255151.850338336,12.44961413842873
8994.0,1257346.45110831,254393.006776541,4.0,1879650.194875028,14.446596250937766
8995.0,1275123.76690251,230385.878623962,4.0,226918.7228061715,12.33234718303656
8996.0,1265957.66647713,257587.825531811,4.0,255010.8207958229,12.44906125773367
8997.0,1273478.31186083,265340.194819748,1.0,0.0,
8998.0,1273613.63314097,265336.195203751,4.0,301192.8383745956,12.615505997648425
8999.0,1257954.63594092,201252.328898132,4.0,883112.1557982983,13.691207488279266
9000.0,1283282.36742286,257048.726203263,3.0,93189.75016895431,11.44239301789784
9001.0,1262981.59569007,256475.298874676,4.0,64121.10875201551,11.068528898402052
9002.0,1275138.16779852,224634.916698068,4.0,861079.8379553698,13.665942506120706
9003.0,1281341.44575688,207175.78394419,3.0,982861.2801514392,13.79822327030176
9004.0,1269046.10718429,241717.358251557,4.0,112868.74306585506,11.633980856765179
9005.0,1255925.79645085,253068.48088719,3.0,13302.30983991628,9.495692971304736
9006.0,1277122.43941656,203080.616259992,3.0,849559.4796655376,13.652473234906758
9007.0,1277322.79960877,203052.363395974,2.0,56.46736934563022,4.033662937609906
9008.0,1266826.79633401,242086.294827938,2.0,46592.0,10.749184131556358
9009.0,1266831.87537402,242289.050348148,3.0,110642.1226194062,11.614056151073322
9010.0,1276516.30123994,236250.140517965,1.0,0.0,
9011.0,1276713.82642414,236423.874086142,3.0,179166.41208565386,12.096070329397556
9012.0,1280560.65862007,210569.603595659,1.0,0.0,
9013.0,1280595.16114812,210316.180875406,3.0,48181.90374445848,10.78273878855674
9014.0,1264797.01655594,246708.699632674,1.0,0.0,
9015.0,1264585.00356372,246900.536496863,3.0,87622.03449544121,11.380787780630861
9016.0,1282938.49503851,274961.825869605,3.0,109702.39719205246,11.605526498276639
9017.0,1277600.17932105,213530.504142702,4.0,99888.80372490145,11.51181288352998
9018.0,1277754.7705532,213527.79585470297,3.0,48181.64074296764,10.782733330030029
9019.0,1266803.48401399,275612.048014268,3.0,93182.0,11.442309848973883
9020.0,1266708.3684299,275923.086734593,1.0,0.0,
9021.0,1271236.89182653,190678.633207291,1.0,0.0,
9022.0,1264835.46929197,233366.090787008,4.0,2762231.759907006,14.831549519607437
9023.0,1264515.77041164,233374.044515014,4.0,311102.0731690793,12.64787634685928
9024.0,1269929.3455852,256825.176123038,3.0,688123.8360144735,13.44172409492555
9025.0,1269988.67288125,240900.405162722,4.0,506877.531562215,13.136024698290075
9026.0,1274083.35691744,209741.428746819,4.0,435492.7895064592,12.984233518321233
9028.0,1274585.67845395,219300.726548612,3.0,119263.8216779681,11.689093307090452
9029.0,1274574.89400595,218734.18242003,4.0,193823.9164557516,12.174705378749087
9030.0,1257273.87613223,237746.61648750296,3.0,54155.84660747297,10.899621217191184
9031.0,1257266.05526823,211850.820492983,4.0,202144.7496325596,12.216739302100208
9032.0,1256966.72745992,211858.885772988,4.0,74490.99314628712,11.218433499693703
9033.0,1271387.22449869,228834.716318369,4.0,288191.01419462083,12.571378783000485
9034.0,1271071.96894637,229121.460190669,4.0,485983.5775882563,13.093930111341036
9035.0,1281677.58815722,259818.794110104,1.0,0.0,
9036.0,1281907.65657346,259810.369598091,4.0,94036.75874484084,11.45144103528886
9038.0,1276049.64824747,222078.102231458,3.0,398206.1390249304,12.894725087431942
9039.0,1255170.44854608,200315.231681168,3.0,588318.2057834745,13.285023246801517
9041.0,1276892.99372032,262373.813312709,4.0,127575.75892453275,11.756465654764432
9042.0,1266736.74039792,178039.426218361,4.0,115193.85058245696,11.654371645458529
9043.0,1256543.26441948,240501.985002324,4.0,283077.8178207818,12.553477113458518
9044.0,1256557.5743715,241099.605866924,3.0,121111.5310810117,11.704467144504475
9045.0,1287016.52038668,202471.119491369,3.0,52960.72998697076,10.87730597425779
9046.0,1287170.73395485,202467.596803367,3.0,96085.4013183853,11.472992672059531
9048.0,1269395.97816065,226576.088988051,4.0,11324.635800163374,9.334735790908153
9049.0,1281696.75084524,206009.269895002,4.0,1008250.8540529856,13.823727559799957
9051.0,1286789.66189046,195000.075003728,4.0,865696.0806589631,13.67128917982728
9052.0,1287004.78125067,194890.732731611,2.0,202126.6825229392,12.216649921015147
9053.0,1261647.5373207,256226.497210413,3.0,93135.26118314535,11.441808136813258
9054.0,1279245.24492273,217516.13499477497,3.0,603127.7286273031,13.30988427521405
9055.0,1255773.88304269,197620.268286407,3.0,56247.86204864342,10.937523311320227
9056.0,1255494.09654641,197458.511038244,3.0,17117.28407777705,9.747843996794266
9057.0,1283242.52070282,199256.588160083,4.0,1846237.211583344,14.42866018610548
9059.0,1262540.78884162,199097.076351926,3.0,2278710.1409925823,14.639120113211535
9060.0,1275963.09989537,265929.485956356,4.0,1546712.342660305,14.25164216699071
9061.0,1275977.72024739,266589.431813031,3.0,49977.76836142776,10.819333552760376
9062.0,1275438.79288684,223654.612505063,4.0,774228.3254650915,13.559622103210593
9063.0,1275445.71442284,223954.831769377,4.0,577421.7555205533,13.266328223922622
9064.0,1294381.39834623,180934.716013327,3.0,83918.84530497351,11.337605483501893
9065.0,1295008.39188287,180561.489708945,4.0,653744.3751466384,13.390471690342057
9066.0,1274864.81439024,230392.924191967,4.0,312495.0398717813,12.652343875622325
9067.0,1262316.6518174,203094.554884017,2.0,5691.062000582334,8.646652153040764
9068.0,1270347.01534562,197666.723198459,3.0,50841.272664230346,10.836463757724742
9069.0,1270346.36702561,197146.532669917,1.0,0.0,
9070.0,1276260.47787967,256972.525883183,4.0,286168.1218172276,12.56433475561438
9073.0,1254713.77296162,240523.420970336,4.0,56895.682302381785,10.948974735027521
9074.0,1274494.00146186,214596.603087783,4.0,186137.89077798603,12.134243026301192
9075.0,1269780.92856103,215114.222480327,4.0,183468.35415432573,12.119797474679702
9076.0,1269765.59851302,214354.41262354,3.0,34093.29238461682,10.43685593965935
9077.0,1280357.48940387,268941.026887432,4.0,891965.231804868,13.70118243300526
9079.0,1255895.66134682,208580.594121635,4.0,1440139.528183153,14.180250561429842
9080.0,1265373.81630053,245633.731631577,3.0,105894.11540801998,11.570194962604777
9081.0,1272486.41297981,229439.612766996,3.0,947.079164100105,6.8533826843069265
9082.0,1272488.66885181,229596.247647151,4.0,440611.14516196767,12.995918008450264
9083.0,1264432.18397956,243140.908845022,5.0,1474335.0055239608,14.203717602382905
9084.0,1266022.09943719,251407.317493483,1.0,0.0,
9085.0,1269789.31633705,282842.336661667,3.0,394490.323172637,12.885349889620288
9086.0,1286170.11558582,177935.966762245,1.0,0.0,
9087.0,1286322.44499397,177933.25021824203,3.0,55800.77415887983,10.929543022088213
9088.0,1261068.91543213,260361.850494653,4.0,206912.859372944,12.24005301440226
9089.0,1260851.0444559,260367.114878654,1.0,0.0,
9090.0,1267904.34564711,189001.338357583,3.0,104300.90129684607,11.555035282340272
9091.0,1269390.56676865,189785.572342381,3.0,138478.8203417338,11.838472671195479
9092.0,1255357.92393827,239852.50007365603,5.0,872833.7842231026,13.679500420615184
9093.0,1266626.83217381,235568.768165261,4.0,53084.56242432707,10.879641438488713
9094.0,1266712.9064779,235567.64086926,2.0,42133.41076986111,10.64859630991737
9095.0,1264385.33239551,192435.902649105,5.0,1410066.062463074,14.159147114067483
9096.0,1287196.20013086,186156.164914668,4.0,198678.7160240369,12.199444306667875
9097.0,1281385.16844492,269726.341256246,4.0,936781.3695606184,13.750205203750019
9098.0,1266226.7565254,196393.938365147,4.0,319258.5086206688,12.673756425444623
9099.0,1274869.55743025,219295.958868608,3.0,433084.5077576381,12.978688155973321
9100.0,1280454.93247597,252572.957878679,3.0,202509.12495721868,12.21854022603062
9101.0,1275727.63711113,222081.659607455,4.0,1272493.507225909,14.056488925017302
9102.0,1252388.82422324,212581.508685723,1.0,0.0,
9103.0,1252325.60745516,212284.205453426,3.0,66766.79943650191,11.108961221548505
9104.0,1259500.55703051,255054.109113216,4.0,243380.3326271748,12.402380653588743
9105.0,1259512.44778253,255737.107385918,4.0,132967.1243938024,11.797857191639636
9106.0,1290300.94586205,188586.68005316,3.0,19999.05010772529,9.903440056794487
9107.0,1262911.025258,252992.585015103,4.0,1479156.403631691,14.206982485683785
9110.0,1275064.39595845,275684.687246338,3.0,86305.98282627026,11.36565420058134
9111.0,1269312.94520056,276501.722703174,3.0,176368.61826988126,12.080331505764182
9112.0,1285514.08243315,248437.865778446,3.0,52560.14450525922,10.869713402493739
9114.0,1265531.27070069,193742.241274431,4.0,1259931.1600158133,14.046567642527036
9115.0,1284298.80601591,203016.35949192903,3.0,93182.0,11.442309848973883
9116.0,1284298.34009591,202990.199811906,1.0,0.0,
9117.0,1265725.26078089,250029.784180075,4.0,33134.21261907838,10.408321641423582
9118.0,1265958.37745312,250040.74117209003,3.0,4960.091834976816,8.509179534663865
9119.0,1262758.23127384,202971.42950788105,3.0,116072.40031210725,11.661969416015365
9120.0,1283537.22220713,265360.229571775,3.0,540709.6991027556,13.200637813257584
9121.0,1284171.18483177,265340.339523748,1.0,0.0,
9123.0,1271554.43384285,230462.591008037,3.0,942449.5773833024,13.756237698075633
9124.0,1282832.5044464,251739.045173824,3.0,32239.963588728235,10.380962067238048
9125.0,1283100.02489468,251733.724341825,3.0,29818.728666817668,10.302891953835703
9126.0,1271363.33745866,273754.989004374,1.0,0.0,
9127.0,1265632.26718079,172651.389412835,4.0,666914.8725722783,13.410417689424781
9128.0,1282417.48492599,273677.039372295,4.0,1245888.685476394,14.035359636839821
9129.0,1282551.87839812,273902.807628512,3.0,133878.46233256813,11.80468766984377
9130.0,1271638.54161894,178366.508522689,1.0,0.0,
9131.0,1265279.05988443,241713.000939563,3.0,73962.10068360751,11.211308088066978
9132.0,1265292.60452445,242325.029612184,4.0,111453.40581039892,11.621361897435467
9133.0,1258195.90934917,197919.33395071296,3.0,46086.734696035695,10.73828043694829
9134.0,1258810.44323781,200321.55520117297,3.0,47729.20665069288,10.773298788254698
9135.0,1258600.66122159,200330.127361178,1.0,0.0,
9136.0,1263767.05738688,266912.836037368,4.0,1261564.4783057088,14.047863158167447
9137.0,1264933.97860408,234592.82262826,1.0,0.0,
9138.0,1264937.02910008,234807.815972492,3.0,59800.62328035849,10.998771362632876
9139.0,1261313.02980037,241041.519338876,4.0,416063.2611835316,12.938592597834626
9140.0,1261324.75184838,241697.113835543,4.0,305360.0528285944,12.6292468604234
9141.0,1274034.5178134,205948.70074293,4.0,841283.9473462537,13.642684512584552
9142.0,1285940.86963359,243334.39927721,3.0,121051.39509083096,11.703970487213722
9143.0,1286129.25478578,243330.257261217,3.0,395680.0981003233,12.888361330683647
9144.0,1250295.41993308,242045.954987898,3.0,2333.7375914004037,7.7552263778200095
9145.0,1257356.88675632,202808.292035714,4.0,298143.1509780114,12.605329022555086
9146.0,1257351.34806831,202600.755331501,4.0,954396.2210502754,13.76883419025494
9147.0,1259763.80451879,187873.050228432,2.0,3724.058829383679,8.222569435636219
9148.0,1261525.54282458,249572.589875609,4.0,153916.41466848832,11.944164972154278
9149.0,1279078.10418656,231754.910305366,4.0,99598.53725131502,11.508902757233068
9150.0,1277419.79743285,216111.999633342,4.0,211722.16003058356,12.263030128218121
9151.0,1277395.02911283,215403.976464614,4.0,133141.95948669073,11.799171202536936
9152.0,1283608.1023352,202517.599043414,4.0,2406869.5235893107,14.693837508228778
9153.0,1283604.6229752,202193.047811091,4.0,622027.4210794007,13.340739456086244
9155.0,1265709.00625287,176584.604008868,4.0,927903.3946611666,13.740682905768857
9156.0,1258623.65526961,187248.48357178303,3.0,69430.32776186148,11.148079050488898
9157.0,1258279.51088527,187260.680371791,3.0,158.93333333333334,5.06848482708303
9158.0,1277624.65330507,214729.973903924,4.0,189739.71686747437,12.15340850073259
9159.0,1277874.24434532,214724.378767923,1.0,0.0,
9160.0,1269238.7347044798,229679.56931123097,5.0,1099263.8704936446,13.910151305106405
9161.0,1269249.5453925,230105.706271678,4.0,139592.64868924808,11.846483808104692
9162.0,1286862.13683453,191176.463927805,2.0,46591.99999999999,10.749184131556358
9163.0,1287040.89465871,191171.775287807,1.0,0.0,
9164.0,1289428.45485316,188610.395189181,4.0,69884.33389382453,11.154596781412247
9165.0,1273520.7760528603,225040.597274482,5.0,437191.6935646517,12.988127035938096
9166.0,1273697.88562106,225036.380122483,1.0,0.0,
9167.0,1279558.01164305,197878.35174267,1.0,0.0,
9168.0,1279748.46828325,197873.441982672,3.0,186350.0,12.135381904907405
9169.0,1268422.92503965,240942.712106764,4.0,962678.0851368716,13.777474351548165
9170.0,1268744.48375998,240932.444778755,4.0,138430.2695919744,11.83812200917663
9171.0,1274871.32683825,254294.508600444,3.0,85583.63759080239,11.357249394218254
9172.0,1254487.82198538,251489.628725573,1.0,0.0,
9173.0,1264804.49885994,245333.131823272,4.0,255136.5381680344,12.449554124637897
9174.0,1264903.94225204,245331.396271259,2.0,4220.639116614579,8.347741844997485
9175.0,1256543.12361948,198035.528894827,4.0,72111.35057718503,11.185966739137507
9176.0,1264220.47082734,169420.280737534,4.0,10271.17977016939,9.237097171706568
9177.0,1263902.31594703,169434.326625541,4.0,99985.62434223085,11.51278169805857
9180.0,1279407.0972749,282777.672789603,3.0,194515.6211546061,12.178267753235176
9181.0,1262095.31952918,285863.334232762,3.0,727900.3595593714,13.497919449074315
9182.0,1281712.58412525,225620.427803084,2.0,2246.7139141100934,7.717223945036444
9183.0,1281808.53766136,225617.084635079,4.0,509339.757006828,13.140870571885364
9184.0,1267749.93092696,179186.80087553,3.0,186747.7132086068,12.13751385771852
9185.0,1273442.37330079,178653.532266989,1.0,0.0,
9186.0,1288714.55238843,187893.042292446,3.0,1010957.9561509608,13.826408910739216
9187.0,1288826.97472455,187895.065908447,3.0,955757.4565028892,13.770259453257642
9188.0,1275667.08440706,253334.569591463,3.0,23263.53320353386,10.054642314946838
9189.0,1264636.63537177,257620.179771841,4.0,53472.28395296223,10.886918741692254
9190.0,1261471.49962454,233230.135074869,3.0,93182.0,11.442309848973883
9191.0,1261283.02692033,233077.877154708,4.0,531753.428246245,13.183935180143243
9192.0,1277525.54328898,237821.074343577,4.0,170170.05865438492,12.044553561046536
9193.0,1272773.61643611,211414.068428531,4.0,226146.74549285293,12.328939383879835
9194.0,1263349.46007445,258974.96902123105,3.0,115980.25598484452,11.66117524857444
9195.0,1266212.94186938,252669.653238773,4.0,1125816.28457613,13.934018916800085
9196.0,1271818.68299513,197621.573694408,4.0,536999.6755836452,13.19375276936353
9197.0,1272478.5642118,197601.305406392,4.0,416956.5231418012,12.940737234294541
9198.0,1291366.21280715,183586.195952028,3.0,48207.32363614578,10.783266231155201
9199.0,1291293.48525506,183229.346287668,1.0,0.0,
9200.0,1280120.38751562,246046.181935996,3.0,39377.43429405713,10.580948197558083
9201.0,1281776.97836532,223020.70236042104,3.0,263622.1003089327,12.482271918418288
9202.0,1281904.12998146,223020.17384842,3.0,1254088.6863748117,14.041919720461197
9203.0,1272289.41566761,244402.860078305,4.0,168285.39008965052,12.03341656767432
9204.0,1284823.95193644,193377.102842063,1.0,0.0,
9205.0,1285118.25644875,193370.193082049,4.0,160390.59387668173,11.985367331028488
9206.0,1256783.02377973,252401.5586465,4.0,149808.2612903959,11.917111497345658
9207.0,1256519.08035547,252405.961526513,4.0,186349.0359110712,12.135376731355365
9208.0,1280975.2785245,203522.843396455,1.0,0.0,
9209.0,1280967.93273249,203122.540100038,3.0,93182.0,11.442309848973883
9210.0,1254731.51536162,191424.082168058,2.0,512292.0,13.146650053955277
9211.0,1274349.24651772,208142.631113186,3.0,254057.5398268302,12.445316055096852
9212.0,1254143.53168103,244429.179566339,4.0,370420.5365264097,12.822394224402961
9213.0,1254148.09334503,244633.217902541,2.0,232920.0,12.358450325951056
9214.0,1258150.47773314,253717.730871856,4.0,276740.2967807344,12.530834788639995
9215.0,1258161.99242114,254385.047160536,4.0,827220.431916954,13.625826482524289
9216.0,1257971.86653295,201900.784642786,3.0,39832.32535172734,10.59243405638786
9217.0,1272434.43013176,280652.898771435,4.0,1095866.9168206486,13.907056312858801
9218.0,1260248.24189527,211675.253260791,2.0,263187.07747739664,12.48062037949771
9219.0,1260189.68624721,210923.574988022,4.0,673707.1810167516,13.420550845963863
9220.0,1260646.82608768,236756.538406476,4.0,162519.66497534543,11.99855428866307
9221.0,1260370.87191141,236761.385510489,4.0,129150.7246353508,11.768735409312356
9222.0,1253720.47606459,215698.437136918,1.0,0.0,
9223.0,1253369.41609624,239570.968489364,3.0,176593.65683606485,12.081606648251343
9224.0,1253121.09571198,239579.62103337,2.0,79382.17696824846,11.282029150605105
9225.0,1286758.19315442,247806.932017803,3.0,417949.9408229658,12.943116945538504
9226.0,1286949.46899462,247803.248305798,4.0,390855.6223972687,12.876093518596232
9227.0,1271339.52152264,196855.770109624,1.0,0.0,
9228.0,1276529.52395995,206149.205959141,3.0,188922.85371012788,12.14909402928517
9229.0,1261445.9468565,237504.296743244,4.0,53471.89354644068,10.886911440565054
9230.0,1261439.7135765,237974.570407733,3.0,78168.9983904536,11.266628407910508
9231.0,1273285.51800463,263360.523905724,3.0,38699.29811073096,10.563576742179784
9232.0,1273613.98482096,263351.459969714,4.0,60524.849450283305,11.010809294405947
9233.0,1271170.36145847,232252.935201868,4.0,303740.60994899884,12.623929359410903
9234.0,1271572.64638688,232250.486753866,3.0,471498.1750933032,13.063670510620382
9235.0,1256442.22787538,188957.889589533,3.0,593873.5483013081,13.294421694034638
9236.0,1276048.79659946,234152.288355812,4.0,38244.86574157746,10.551764601266798
9237.0,1255592.58486651,253071.037943184,4.0,31483.023823848453,10.357203753313755
9238.0,1277281.33119272,231241.054048836,4.0,355955.8901280424,12.782562098022703
9239.0,1254250.05865714,252042.788662136,4.0,40964.56890857206,10.620462799112074
9240.0,1262154.20234522,247130.708273098,3.0,166369.41356825727,12.02196597778286
9241.0,1260583.01123962,287200.060250133,3.0,110155.42731973066,11.609647623097738
9242.0,1260379.59005541,287556.064474493,1.0,0.0,
9243.0,1274854.38328624,189277.850869864,2.0,0.0,
9244.0,1274784.88043816,188791.58053337,3.0,1485.6018788044137,7.3035752747148734
9247.0,1263093.48945019,263442.486337811,2.0,46591.99999999998,10.749184131556357
9248.0,1278439.50962591,177113.676713407,4.0,105576.13999784796,11.567187677734355
9249.0,1278424.19205789,176454.947112739,3.0,32497.931620131552,10.388931723835071
9250.0,1267610.82199882,284320.893399194,1.0,0.0,
9251.0,1264951.18718009,187122.993971661,4.0,1489249.060662,14.213782564745058
9252.0,1282740.01747032,233970.590243623,4.0,21601.82052236972,9.980532873563648
9253.0,1253422.93136029,241865.917995721,3.0,426785.6567773004,12.964037191418832
9254.0,1253438.1203523,242525.433708385,4.0,1816454.8183438496,14.412397257415725
9255.0,1255172.62704208,216183.816465423,3.0,51184.88866614296,10.843199624224866
9256.0,1255168.14313808,215924.116497144,3.0,52906.00130520995,10.876272057635106
9257.0,1256070.36637101,200135.598848984,3.0,249815.38322731623,12.428477456952516
9258.0,1274890.68306227,243670.831661567,4.0,1034566.2674939346,13.849492831625986
9259.0,1275170.45253456,243660.517421558,4.0,760732.6894805039,13.542037312956134
9260.0,1274054.79858142,206761.605639771,3.0,136213.62976290795,11.821979739371388
9261.0,1279818.53343531,263954.70713833,4.0,1051821.6248915286,13.866034099815295
9262.0,1282190.31679775,228668.902686194,3.0,102043.17101899705,11.533151248007673
9263.0,1255738.37987466,204646.817221597,4.0,929186.3837377032,13.742064626023396
9264.0,1276178.6831276,250268.190516323,3.0,32130.74359624483,10.37756859520484
9265.0,1263987.23082711,242867.899884745,3.0,978466.2649392084,13.793741588922678
9266.0,1252654.48835151,237135.345766872,3.0,115529.77915605558,11.657283603902966
9267.0,1261590.80151266,238561.03613632903,3.0,90086.16443371592,11.408521873910823
9268.0,1253110.56815997,208075.57018511,4.0,232934.0,12.358510430619061
9269.0,1252939.89859179,208082.237833112,3.0,672790.9098476355,13.419189876621592
9270.0,1285447.99628909,205165.263366133,3.0,464938.9536983619,13.049661393582095
9271.0,1258592.30493358,247757.471473753,3.0,7295.706332466122,8.895041280459736
9272.0,1287492.33273917,187440.633139983,4.0,238972.2762101386,12.38410282506447
9273.0,1287480.41869116,186987.761651516,1.0,0.0,
9274.0,1253506.28163238,245586.649391517,3.0,152796.25543658822,11.936860649109223
9275.0,1263527.64644264,211053.990412161,4.0,669986.9344537233,13.415013490361668
9276.0,1253982.51491286,211313.043020427,4.0,414600.7560252692,12.935071302487385
9277.0,1269780.58865704,280713.329747498,4.0,1154326.8686382489,13.959027934329628
9278.0,1265537.28017269,252408.588790506,4.0,988333.2579359557,13.803775225458454
9279.0,1263250.54922636,243379.130797267,4.0,1062764.9151406076,13.87638448059972
9280.0,1274958.20325434,263018.362241372,3.0,10403.09614567256,9.249858747138402
9281.0,1275345.16248673,263009.831041366,3.0,15902.820505090229,9.674251762733778
9282.0,1286262.24960192,199873.21062471,4.0,510853.6420086225,13.143838413305348
9283.0,1286635.6349463,199864.102720708,3.0,178068.48149916634,12.089923482808972
9284.0,1277597.05887304,232118.621217728,4.0,740567.677221531,13.515172302465919
9285.0,1252985.62089585,211351.917004466,3.0,179340.8998513735,12.097043742065512
9286.0,1256444.65437138,194822.174139544,1.0,0.0,
9287.0,1273359.26424471,244786.66935870104,5.0,2627354.761008696,14.781488103710178
9288.0,1275197.46066259,229655.212063208,4.0,494058.5291459061,13.110409269204293
9289.0,1278943.00991443,200403.213825256,3.0,114849.9477218369,11.651381752930696
9290.0,1254334.78390522,211956.967949092,4.0,187979.1349393843,12.144086251287888
9291.0,1254314.9804492,211298.141196415,4.0,454062.3052652011,13.025989703874412
9292.0,1282131.95698969,196446.879869208,3.0,89717.16123412177,11.404417347854064
9293.0,1270756.68907404,277652.818512365,1.0,0.0,
9294.0,1270760.38257805,278044.956816763,3.0,90156.39883060272,11.409301205930626
9295.0,1260456.46787949,286023.239768937,1.0,0.0,
9296.0,1260124.71261515,286033.216792941,3.0,227945.94258266385,12.336863785889681
9297.0,1268576.78558381,189166.881973743,4.0,168668.4755474181,12.03569038413342
9298.0,1268263.74846348,189178.37931776,3.0,1178223.0889083955,13.979518004642602
9300.0,1275410.53080681,282969.828245804,1.0,0.0,
9301.0,1275602.960823,283178.675862014,2.0,46591.99999999999,10.749184131556358
9302.0,1271103.7181944,280027.441362798,4.0,1776069.1840253845,14.389913156744775
9303.0,1268297.82750352,169653.935777768,2.0,46494.00000000001,10.747078550992006
9304.0,1268268.23697549,169170.432481274,3.0,46645.00000000001,10.750321019395061
9305.0,1275695.69330309,232834.564642459,3.0,19557.55754737917,9.88111706602604
9306.0,1277518.54693696,222328.088919714,3.0,93644.8173397995,11.447264365601953
9307.0,1260297.14371933,248002.567409992,4.0,1244108.180792485,14.033929510552118
9308.0,1262715.5423778,209750.683658823,4.0,2301872.4370985124,14.649233452783513
9309.0,1268946.65560019,257911.615548149,3.0,337020.8243639037,12.727900000790067
9310.0,1268949.78552018,258176.480508417,3.0,373999.1998236829,12.832008936885511
9311.0,1282107.53478166,226253.83964373203,3.0,50174.41631857217,10.823260540683517
9312.0,1284966.69049659,251414.847989485,2.0,46592.0,10.749184131556358
9313.0,1284966.83091259,251504.663797587,1.0,0.0,
9314.0,1272080.28120339,241821.634603664,2.0,98.0,4.584967478670572
9315.0,1267001.13649419,262191.935360521,4.0,909721.8990374692,13.72089422633284
9316.0,1262680.34263377,258325.68326057505,3.0,69362.67770680597,11.147104216632043
9317.0,1263593.18596271,254050.488440186,4.0,50229.67055993902,10.824361178091069
9319.0,1266421.1045576,238058.440999821,2.0,167060.6168102622,12.026112000451185
9321.0,1256067.655459,215216.149072424,4.0,211010.19111430467,12.259661710411766
9322.0,1277850.0515133,213526.12686269,2.0,19487.118382086937,9.877508930471887
9323.0,1277844.09516129,213233.80231839404,3.0,116271.70184041985,11.663684988524828
9324.0,1273877.02270924,225770.167707235,3.0,14212.029185513677,9.561844010721252
9325.0,1273887.34450124,226195.930267662,3.0,884832.7705507299,13.693153946305225
9327.0,1271880.26129919,174551.925606787,3.0,350657.0664257424,12.76756400612402
9328.0,1271867.71403518,173883.922342107,4.0,1040708.5788956312,13.855412364981646
9329.0,1273086.34648442,231579.326305181,3.0,51905.874870445536,10.857187258710143
9330.0,1273807.82437316,247695.282289684,1.0,0.0,
9331.0,1274118.94251747,247686.113649681,4.0,60371.47084350634,11.008271935308592
9332.0,1258611.2897656,216782.314898029,3.0,573071.6593390418,13.258766047806056
9333.0,1258454.26678944,216451.117393687,3.0,406586.40137348353,12.91555173488882
9334.0,1282204.32460576,229601.34339115,4.0,266643.7634023462,12.493668827052232
9335.0,1278415.82168987,236437.02199015,3.0,122595.26457508391,11.716643676738968
9336.0,1268887.02219212,245692.894255638,4.0,797518.9803363397,13.58926091315271
9337.0,1281380.58284491,228692.212062225,4.0,363892.4335380068,12.804613590688303
9338.0,1285082.9553287,259085.248381346,4.0,139610.6864532624,11.84661301690537
9339.0,1288030.97933173,190919.195063546,2.0,98469.26726086665,11.497499770971821
9340.0,1273547.3652368898,226514.35023599904,3.0,77142.1253597683,11.253404783363074
9341.0,1273406.07742876,226753.959644243,3.0,91825.13195499824,11.42764130771377
9343.0,1263732.42717884,263999.884226382,3.0,335864.452827244,12.724462943347309
9344.0,1263734.68113084,264260.129730642,3.0,428916.1194939753,12.969016653137452
9345.0,1274269.19186163,212241.658957377,1.0,0.0,
9346.0,1277938.1386174,177116.87191341803,3.0,160698.6670544831,11.987286257070688
9347.0,1277932.11660139,176871.126377165,1.0,0.0,
9348.0,1279078.42962655,176450.604904726,3.0,350682.8801919358,12.767637618831609
9349.0,1279084.52473056,176078.699176341,1.0,0.0,
9350.0,1280491.62758,279324.665554076,2.0,10560.811202532792,9.264905372731535
9351.0,1264062.31594719,285196.177752078,2.0,5395.27548547612,8.593278939498127
9352.0,1282269.41145383,171027.557027176,4.0,2463702.1904672896,14.71717573207247
9353.0,1277666.22968911,244675.615790591,4.0,598669.7476427245,13.302465385559463
9354.0,1271215.33381051,240658.945962474,3.0,52357.28767958618,10.8658464172991
9355.0,1264778.98378792,267545.921414003,4.0,1625867.196071823,14.301551890521708
9356.0,1264446.88605958,267555.828550026,4.0,1682801.4429349392,14.335970488158878
9357.0,1272799.82014813,248524.762930527,4.0,420721.93254007626,12.949727401664152
9358.0,1277939.9958974,205440.850374416,3.0,22329.10956798973,10.013646467997473
9359.0,1277295.57656874,264564.910658956,3.0,264840.3526333284,12.486882480533623
9360.0,1287923.04019561,186729.919987261,2.0,46592.0,10.749184131556358
9361.0,1273111.32210045,224089.967001513,4.0,147380.0899593408,11.900770174711228
9363.0,1263985.76292311,174609.622054845,3.0,16395.093956320485,9.704737420053451
9364.0,1285895.37561753,256771.124026984,2.0,36451.92721696664,10.503749608932543
9365.0,1285885.26476952,256863.320059076,2.0,7678.364950885077,8.946161906455758
9366.0,1258466.65258145,195227.62015596,4.0,1248049.2137520486,14.0370922612302
9367.0,1267465.90558267,249473.701939508,3.0,150061.44682993414,11.918800134729462
9368.0,1286233.21945788,245838.582895786,3.0,517.9507348874491,6.249880131341698
9369.0,1285821.16710547,197213.386237994,3.0,254511.9245134442,12.44710296854479
9370.0,1285818.36921746,197034.758973807,1.0,0.0,
9374.0,1281975.49926153,252328.278262421,1.0,0.0,
9375.0,1255964.38365088,202003.944194898,4.0,274325.53104306245,12.52207074967436
9376.0,1257839.00816481,196867.318013638,4.0,414677.3199584934,12.93525595450137
9377.0,1275833.18674323,217080.417362332,3.0,213292.3156290624,12.270418877692634
9378.0,1276155.19397557,217072.635858327,4.0,86849.4595435882,11.371931548778136
9379.0,1262430.60138552,207109.849672124,4.0,589559.215498426,13.287130444293771
9380.0,1262114.89104919,207118.662344128,4.0,446992.6194797477,13.010297362228405
9381.0,1275323.35871072,247386.322929367,4.0,104704.24161224972,11.558894908093908
9382.0,1262104.51933718,253674.820855811,4.0,903792.9295662132,13.71435555292165
9383.0,1262934.83300203,271039.903561592,1.0,0.0,
9385.0,1273905.80677326,229240.007838786,3.0,1357136.8142698803,14.120887754862297
9386.0,1273909.41272527,229666.026015222,4.0,1376406.7977997938,14.13498689171904
9387.0,1274168.41285354,236404.064742118,4.0,556391.9447616618,13.2292282615033
9388.0,1267626.52075084,258539.100476786,4.0,112449.83294706102,11.63026247181109
9389.0,1267630.47479884,258869.395773128,4.0,292801.1792002596,12.587249088384475
9390.0,1262912.999338,192466.210681126,3.0,50724.40239925381,10.834162383436915
9391.0,1256593.70390753,245451.04171139,4.0,614197.576615546,13.328071941386067
9392.0,1256625.27504356,245794.25854373,1.0,0.0,
9393.0,1281207.03103673,281179.144787967,1.0,0.0,
9394.0,1263628.96279474,187133.48837167,3.0,569575.4965543383,13.252646619464857
9395.0,1279733.80754723,273738.912972346,4.0,1625429.434126172,14.301282605988128
9396.0,1273084.82155642,277965.821840674,3.0,238301.87206260263,12.381293518962828
9397.0,1282234.79238179,260457.455614746,3.0,694896.3869260416,13.451518029873219
9398.0,1282158.64460571,244067.554989964,3.0,35232.55839124784,10.469725888376372
9399.0,1276435.48805586,249622.594035655,3.0,51686.80788205086,10.852957861244489
9400.0,1279760.92434725,198373.45478317104,3.0,61874.40408106846,11.032861868811578
9401.0,1277816.84652127,229044.785822585,3.0,855158.1678436022,13.65904172244
9402.0,1277836.88255329,229698.507295251,4.0,408811.0530723276,12.921008355354274
9403.0,1280619.17817214,204941.674565896,4.0,352521.8471737937,12.772867877111912
9404.0,1256286.06147522,237764.559719518,3.0,59181.92999732245,10.98837153774623
9405.0,1255958.18153888,237770.839527518,4.0,76331.53266518233,11.242841404050933
9406.0,1256958.43216391,238172.471271932,4.0,412931.9035168415,12.931037975822745
9407.0,1265516.70474868,251606.838133693,4.0,92253.7505932811,11.432298217914042
9409.0,1263781.9861549,267573.289094031,3.0,641992.4503614486,13.372331823041348
9410.0,1263465.34698658,247114.689969093,4.0,151204.8138611884,11.926390579927032
9411.0,1278344.0666178,266513.326660946,2.0,284718.02892456023,12.559254597304534
9412.0,1278304.73695377,266844.781061292,3.0,645805.0560032947,13.378252966330008
9413.0,1282940.56031851,202259.94598715,3.0,32368.77165381779,10.384949399144915
9414.0,1282939.90188651,202198.432003096,3.0,2485.5352432308264,7.818243304967824
9415.0,1290010.05702975,188594.53861317,4.0,55257.50739912202,10.919759490676173
9416.0,1280895.71730842,204935.852421895,4.0,36535.826749716216,10.506048612947422
9417.0,1280892.55724442,204746.175621703,3.0,6053.558005441615,8.708401478234803
9419.0,1274132.57694949,190631.008311257,4.0,215952.28703352372,12.282812768902454
9420.0,1276842.58994427,281840.904596642,3.0,17434.186021704954,9.766188271567652
9421.0,1277732.50808918,281797.49922061,4.0,471938.601186527,13.064604173874331
9422.0,1268864.99499211,189783.265270382,3.0,45830.75644191859,10.732710682754664
9423.0,1275720.45861512,277868.688464582,3.0,685165.3633320521,13.437415494434708
9424.0,1285007.02668864,254163.050168306,3.0,14.9,2.7013612129514133
9425.0,1263780.9309869,211961.090317085,1.0,0.0,
9426.0,1280915.94566044,230043.650911614,3.0,2226212.291341747,14.615812175246822
9427.0,1265476.29770863,249761.107251793,3.0,34312.89141009119,10.443276405402598
9428.0,1265482.46698864,250008.48075605897,3.0,13784.138482521745,9.53127382477089
9429.0,1279651.27129115,228292.743005812,4.0,390939.6484150404,12.876308475174334
9430.0,1268391.56484762,236316.78307803,4.0,254733.52394723785,12.44797327361458
9431.0,1268518.33559975,236367.180262089,4.0,554398.7901251273,13.225639544541465
9432.0,1281506.73842904,253877.384760007,4.0,232657.5479249223,12.357322900008601
9433.0,1287936.82989164,187226.78443576404,3.0,204273.8153591378,12.227216604990653
9434.0,1283904.9189755,261838.300608173,4.0,392457.1079543783,12.880182531136079
9435.0,1271972.04357128,263396.769601762,3.0,93182.0,11.442309848973883
9436.0,1272240.47608356,263389.363137752,1.0,0.0,
9437.0,1276221.94219963,263938.956802323,4.0,494160.51853540033,13.110615679696169
9438.0,1273561.7109649,242294.385644153,3.0,124841.62891208424,11.734801244297703
9439.0,1263023.19076212,205726.35866271,3.0,91152.746471191,11.420291910987933
9440.0,1262722.31831381,205734.840326712,4.0,592967.1745238267,13.292894321513197
9441.0,1267668.11287887,262176.082048506,1.0,0.0,
9442.0,1253297.96803217,250469.295476526,2.0,93180.0,11.442288385370787
9443.0,1253311.09699218,250911.943540975,2.0,46591.99999999999,10.749184131556358
9444.0,1272351.49918768,242207.376940057,1.0,0.0,
9445.0,1271040.74392232,254160.209016308,4.0,509190.23701903,13.14057697230607
9446.0,1271039.05169833,254797.815032959,4.0,1239650.0827804452,14.030339706451668
9447.0,1256815.09949176,242746.034348622,1.0,0.0,
9448.0,1270606.63620989,230480.317408055,4.0,73536.0761897925,11.205531397296236
9449.0,1292287.13812009,184475.27652894,4.0,1019394.6195445772,13.834719498813111
9450.0,1292061.42893586,184249.24056071,4.0,1335075.9488367196,14.10449873871268
9451.0,1278093.49132155,178983.276651323,1.0,0.0,
9452.0,1285093.48518471,178941.958187282,1.0,0.0,
9453.0,1278140.7195456,279514.312786266,3.0,308088.15614147484,12.638141242240781
9454.0,1279559.15340306,281266.257492065,2.0,113542.773063824,11.63993490009939
9455.0,1265818.99876498,269856.982088372,3.0,979775.7746261954,13.79507902306588
9456.0,1266427.9421256,269825.245256349,3.0,56193.72155441634,10.936560313527485
9457.0,1252967.46409582,239660.080489457,1.0,0.0,
9458.0,1252561.0649914,239715.642409518,3.0,130719.95832198796,11.780812591259538
9459.0,1286331.74547398,246824.922800794,3.0,46608.66666666667,10.749541782792994
9460.0,1286560.29165022,246820.313904792,1.0,0.0,
9461.0,1274624.089782,263322.924609691,3.0,802948.5929934417,13.596045972191497
9462.0,1274623.242998,263984.366850361,4.0,130823.29780839756,11.781602819945348
9463.0,1285084.07539271,248425.62923443303,3.0,46466.07787333408,10.74647781725459
9466.0,1272589.80907592,200053.028800905,3.0,145627.46134054795,11.888807005068609
9467.0,1272582.14801991,199798.011264637,5.0,280039.1899567099,12.542684836488428
9468.0,1280913.15660444,258828.711485088,4.0,2458570.167734435,14.715090506299102
9469.0,1258185.63939716,255757.667769939,4.0,2033315.3186307773,14.525178180746401
9470.0,1258188.69315717,255938.406586125,4.0,1958022.68166309,14.487445686103092
9471.0,1280100.02239561,209950.123531029,4.0,541803.733206989,13.202659098987741
9472.0,1280160.24140367,209570.251274645,3.0,3649.470681226265,8.20233741721817
9473.0,1260443.83959147,284110.662870973,3.0,69885.99999999997,11.154620622038925
9474.0,1265595.76138875,170737.162594885,4.0,386766.6326829061,12.86557677380121
9475.0,1267236.62654243,265496.571523905,4.0,403734.0022680043,12.908511529868372
9476.0,1273165.9358605,242106.007083952,3.0,254659.82473650124,12.447683912901718
9477.0,1281512.36242905,193573.937466264,4.0,54107.129411154674,10.89872123824366
9478.0,1281787.29823734,193567.95519425,4.0,106711.49283429937,11.577884143151023
9480.0,1280418.56997994,213707.354510874,4.0,93655.5275036566,11.447378729127314
9481.0,1271808.68139511,278013.344336733,1.0,0.0,
9482.0,1269095.51326434,180491.579116866,2.0,52904.3017107485,10.876239932323804
9483.0,1279638.81893913,280618.342739403,1.0,0.0,
9484.0,1264138.68650725,235708.689445406,4.0,134689.35647876345,11.81072634278624
9485.0,1277653.6752571,267195.909957647,4.0,2610668.524404962,14.775116886119484
9486.0,1257437.2534124,257767.920315996,3.0,64524.35528427249,11.074798032816982
9487.0,1257178.31133214,257773.123004004,3.0,119161.92940713953,11.688238598431107
9488.0,1264006.87415513,243669.392045557,4.0,197549.48563754893,12.193744392128472
9489.0,1263745.58167486,243674.249645561,3.0,67546.1742825628,11.120566706441243
9490.0,1261051.4719121,188617.162613183,3.0,103244.33893645226,11.54485368061749
9491.0,1291517.27251929,186660.008371189,2.0,695471.3983565782,13.452345165641763
9492.0,1283966.95820756,203026.782723948,4.0,185635.6929136321,12.131541391801925
9493.0,1278458.75532192,207519.124104545,3.0,46607.46666666665,10.749516036176884
9494.0,1278659.45177013,207506.176328525,1.0,0.0,
9497.0,1256445.65597138,188693.811061263,3.0,117143.63583353334,11.67115611752246
9498.0,1280070.58085957,270703.318281248,1.0,0.0,
9499.0,1280364.48645988,270694.35636124,3.0,67074.520585116,11.113559527823123
9500.0,1284694.63161631,235657.082917362,1.0,0.0,
9501.0,1253951.39817683,243839.568877742,1.0,0.0,
9502.0,1264252.22237937,254038.29388018,4.0,104805.107888387,11.559857789074359
9503.0,1273590.55806895,230843.930528432,4.0,247467.73979763588,12.419035508243356
9504.0,1273841.4404372,230837.833376423,4.0,203320.33182653924,12.222538003600325
9505.0,1262245.94327332,241584.219371423,1.0,0.0,
9506.0,1257153.42198811,216893.43509014,4.0,498429.2310600268,13.11921689453496
9507.0,1282826.5356144,249214.984627232,4.0,699967.8405923554,13.458789670959254
9508.0,1277687.87269713,218525.336339816,1.0,0.0,
9509.0,1273524.16709287,232197.812961817,4.0,44034.000673861454,10.692717357076326
9510.0,1286394.21024205,244081.218989983,3.0,17747.94706943408,9.784025130154602
9511.0,1286642.3665943,244055.59863795305,3.0,114528.14031659917,11.648575838737878
9512.0,1270937.68177822,249620.36241965,4.0,338498.6567434539,12.732275403065008
9513.0,1263642.99626675,256722.248506933,4.0,72966.20489414,11.197751666282024
9514.0,1257954.99645293,187395.43966794,3.0,238866.90977642583,12.383661812947798
9515.0,1278183.45304964,252615.834806725,4.0,945230.554547658,13.759184149785595
9516.0,1284099.5297917,233934.072291598,3.0,7910.811078867673,8.975985593920631
9517.0,1281416.33407696,197054.642749831,1.0,0.0,
9518.0,1258511.9986295,258951.53964521,1.0,0.0,
9519.0,1258452.82550944,259086.376957342,2.0,46591.99999999999,10.749184131556358
9520.0,1271697.046771,180456.208108827,3.0,2203663.3232614025,14.605631680445457
9521.0,1278479.29106595,236143.731237859,3.0,53300.18978061504,10.88369517075951
9522.0,1269845.1551211,208001.272777036,1.0,0.0,
9523.0,1267397.0458066,178034.878634349,4.0,225127.0502098131,12.324420189420968
9524.0,1257689.28176466,257444.911099672,3.0,258249.16593203635,12.461680157284652
9525.0,1257170.86877212,257455.20076367297,3.0,93182.0,11.442309848973883
9526.0,1262111.41072918,234862.996580541,4.0,114496.89549805812,11.648302988054775
9527.0,1261971.97533704,234865.75773254,2.0,81.17921668750358,4.396659262281957
9528.0,1283582.68537517,254096.822008237,3.0,640797.5764704958,13.37046889269183
9529.0,1279941.33439544,221560.503510922,3.0,121271.46122139912,11.705786792901236
9530.0,1280091.7534036,221554.591766909,4.0,127193.61240444831,11.753465711681084
9531.0,1256893.81155585,249408.039027438,3.0,122191.2773738004,11.713342943252163
9532.0,1255821.74217874,207265.449096277,4.0,443796.8673607777,13.003122230782392
9533.0,1273887.03582925,260357.528638646,1.0,0.0,
9534.0,1262786.70468187,248747.01803475604,3.0,59659.68446323207,10.996411769138094
9535.0,1258644.75101364,215143.120336354,4.0,173348.0935401036,12.063056953303075
9536.0,1267340.31761454,244264.046382174,3.0,49244.36480051014,10.804550219759523
9538.0,1265785.79345295,281887.187028691,3.0,152507.6342892955,11.934969934690011
9539.0,1265957.73962912,281881.802836686,2.0,106511.577260864,11.576008964898254
9542.0,1255085.65411399,193382.750842065,4.0,108581.68584354584,11.595258033619494
9543.0,1271274.83333057,227193.977500692,4.0,1436728.9176097852,14.177879502595918
9544.0,1254174.21334505,207284.243336305,4.0,412428.001962409,12.929816928825682
9545.0,1254136.18652903,206624.197127625,3.0,122063.11408282584,11.712293518494866
9546.0,1272911.80152425,257069.739579275,3.0,48159.22049992533,10.782267894218935
9547.0,1288060.66425976,192056.788280711,3.0,76165.02707892914,11.240657674100563
9548.0,1274224.01381359,228811.22723034,3.0,84155.82697283251,11.340425442293904
9549.0,1278931.97029841,228737.726046264,2.0,204.81612407419547,5.322112620897276
9550.0,1286354.91475402,200201.185345054,3.0,178489.75032005436,12.092286457377005
9551.0,1263117.13015422,267591.54010205,4.0,400910.1081406311,12.901492511933672
9552.0,1255193.71817811,201088.145537958,3.0,105658.55639018196,11.567968007840397
9553.0,1253487.55920036,244714.011694625,3.0,64536.84761103339,11.074991620456329
9554.0,1274285.56286965,265316.820227727,4.0,646275.1591459209,13.378980635027133
9555.0,1274284.95262966,265978.195524409,4.0,846852.5567551886,13.649281881450552
9556.0,1279429.00473092,247051.148721024,3.0,599331.7025871283,13.30357048440829
9557.0,1279428.38629892,247101.619121075,3.0,1079812.1452310088,13.892297644370238
9558.0,1269527.55044878,224457.810393885,4.0,232210.0309101304,12.355397546753558
9559.0,1258526.34864551,186694.543091223,4.0,79649.35356765655,11.285389199393855
9560.0,1267254.81809445,236795.856934518,3.0,83606.70388864302,11.33387898591328
9561.0,1267259.75671846,236969.747622699,1.0,0.0,
9562.0,1281698.56908524,212673.685005814,4.0,148636.58819778997,11.909259600324798
9563.0,1274133.93720549,213641.045262814,3.0,90786.89417558104,11.416270216898422
9564.0,1286914.36179459,200059.168896899,3.0,195876.12704042348,12.185237733517575
9565.0,1287190.28115487,200052.452736899,2.0,7300.770361430305,8.895735150531749
9566.0,1277221.74565665,249288.94347532105,3.0,30567.497271895976,10.327692542769825
9567.0,1277793.71928924,260570.875646874,3.0,161595.05670852377,11.992848834926281
9568.0,1280938.99481246,213781.985614955,4.0,374789.4510680414,12.834119683454158
9569.0,1281120.84089266,213819.490126997,3.0,38961.954023981656,10.570340911118423
9570.0,1278404.43916187,233723.126819372,4.0,76951.91210350601,11.250935987606853
9571.0,1278284.78124174,235753.935141459,3.0,108684.25481682023,11.596202212726284
9572.0,1266428.7032776,244054.75281395,4.0,176793.1301917306,12.082735572049137
9573.0,1259752.66711077,254369.01042451,4.0,401502.66131033225,12.902969440766244
9574.0,1282559.24518213,225064.644186512,3.0,46907.495960855485,10.755932770252812
9575.0,1282581.73299015,225557.576923013,1.0,0.0,
9576.0,1280448.47967596,251247.617397323,3.0,72184.94075409438,11.186986726312652
9577.0,1280448.98789996,251576.566837654,1.0,0.0,
9578.0,1283399.17324698,209115.81057018004,3.0,398817.7118049545,12.896259728834242
9579.0,1272798.62821212,202715.345347628,3.0,98246.01369268722,11.495229955805977
9580.0,1272666.54251599,202160.872387052,3.0,95396.13261417816,11.465793317979216
9581.0,1258338.98390932,213803.339598984,4.0,216809.5350369392,12.286774528378192
9583.0,1252785.80470364,214816.080656022,2.0,2692.2379875358138,7.898128092331013
9584.0,1265213.78250836,238975.952936754,3.0,30322.493117670103,10.319645063211953
9585.0,1265219.76542036,239212.810088992,3.0,71359.92546582951,11.175491722772257
9586.0,1273310.98872465,230435.265312016,4.0,494514.06699746015,13.11133087655124
9587.0,1262358.82724144,285277.293080166,3.0,586823.7338490406,13.282479770665212
9588.0,1253143.568416,241217.367083043,4.0,17221.403124172906,9.75390825690223
9589.0,1271106.95051439,195964.531068712,4.0,149414.4056557503,11.914478970431013
9590.0,1271714.31313902,195927.249020666,1.0,0.0,
9591.0,1259173.34736618,197187.229757965,3.0,1877735.6973462752,14.44557719260873
9592.0,1263020.24682611,252449.455542549,3.0,74521.04717222521,11.218836876847405
9593.0,1262899.58532199,252451.389238551,3.0,663989.4474509958,13.406021535939207
9594.0,1257770.46141274,220436.252181768,2.0,76.27846153846154,4.334390611919253
9595.0,1257928.6166129,220482.730389819,3.0,1824628.8154863424,14.41688713553782
9596.0,1255040.00950594,203353.529092282,4.0,525126.6677254811,13.171394784330445
9597.0,1264431.57277957,234376.262692049,3.0,23412.540027978,10.06102705643494
9598.0,1264221.75594735,234380.578916043,3.0,64626.15134019819,11.076374427361095
9599.0,1260087.91018312,236766.214566499,3.0,39270.61172240592,10.578231724797455
9601.0,1278020.29490547,223899.25736931,4.0,375190.2451060471,12.835188496591913
9602.0,1278351.88447382,223891.884057313,3.0,137303.003896648,11.829945469860858
9603.0,1286696.45408235,184725.081137195,3.0,683627.240610112,13.43516807818638
9604.0,1287237.94253092,184719.120817199,3.0,595870.2464072324,13.297778214975382
9605.0,1274047.9724694,206487.991367489,3.0,232938.2004530141,12.358528463259816
9606.0,1284904.00032052,201204.061954081,4.0,621263.3809019288,13.339510394836159
9607.0,1260903.40496795,203725.959812656,3.0,124901.73018794398,11.735282548603344
9608.0,1261148.45661619,203471.465540394,4.0,94161.20060458336,11.45276349253876
9610.0,1267150.30718234,249087.175859109,4.0,30107.51145857222,10.312529969723194
9611.0,1267153.55684635,249220.985587239,4.0,9451.796152337662,9.1539600714574
9612.0,1278181.86220165,251952.525110036,4.0,134719.6718130319,11.810951393406024
9613.0,1265651.67959681,259577.545277849,4.0,155702.62721648737,11.955703231260255
9614.0,1265824.53521299,259573.39340584,3.0,62511.23489673468,11.043101577917652
9615.0,1280266.85311578,259881.122430161,3.0,104393.98372672884,11.555927325631556
9616.0,1280753.28518027,259869.073918149,4.0,85744.87722847382,11.35913162246782
9617.0,1284696.37702431,249841.593587875,3.0,21743.001687428132,9.987047223242936
9618.0,1263386.90820248,245029.137006953,3.0,37342.474178507175,10.527886675706862
9619.0,1263246.51409034,245032.213166952,4.0,100007.36204403882,11.512999082700764
9621.0,1271761.52363507,210462.870539561,3.0,112969.44291029622,11.63487264440224
9622.0,1271760.24869107,210346.332683444,4.0,613394.1011787809,13.326762914018039
9624.0,1263681.3449388,279508.011986256,3.0,463025.67718722025,13.04553778981835
9625.0,1262592.20471367,279459.515346214,3.0,305873.9304588244,12.630928304077885
9626.0,1268716.72395195,178021.332074344,3.0,34398.258991839975,10.445761231378398
9627.0,1268713.64753595,177870.631914183,3.0,76787.56423390763,11.248797981986991
9628.0,1273270.47109261,220277.511701614,1.0,0.0,
9629.0,1269114.06763236,280723.415059507,4.0,196856.56082494868,12.19023062487388
9630.0,1263540.51153065,191116.80459974697,3.0,110466.3334915016,11.612466079232252
9631.0,1263532.06308264,190449.129079059,4.0,214612.40364673865,12.276588906421484
9632.0,1273076.89899641,273981.546316594,3.0,335114.8859188712,12.722228695057087
9633.0,1280075.86527558,275058.067469701,4.0,146377.96889593804,11.893947383501759
9634.0,1256393.55305932,192644.89829731,4.0,293005.0471930682,12.587945113765748
9635.0,1281772.16409332,207460.576648489,3.0,114056.65577451944,11.644450584400976
9636.0,1276705.23359212,204518.475589469,4.0,77561.01080090583,11.25882014177432
9637.0,1287413.34931509,205654.956614628,3.0,93182.0,11.442309848973883
9638.0,1287530.78246722,205652.500230625,4.0,373026.4855317877,12.829404702892724
9639.0,1262393.57815348,235742.888869449,2.0,3790.20451614052,8.240175258662926
9641.0,1276732.34706415,254814.649912968,4.0,861539.1154131512,13.666475737765191
9642.0,1262916.77623402,253260.102199376,3.0,121953.0767672541,11.711391633069583
9643.0,1269376.37124862,240020.827817827,4.0,75798.80936615638,11.235837863936602
9644.0,1256193.84381112,249375.069939405,3.0,31764.91001666809,10.366117500914253
9645.0,1255531.05744244,249386.947571412,4.0,70873.89831654397,11.16865749687459
9646.0,1275730.62104712,208374.104713425,4.0,220154.76492595192,12.302086054946729
9647.0,1276606.25772002,208171.138889208,3.0,165902.60993725868,12.019156208045498
9648.0,1273198.27339654,225208.317402661,4.0,454492.6079653968,13.026936928364872
9649.0,1285865.14009751,185553.031282052,4.0,439885.9640740288,12.994270799744406
9650.0,1284812.06086443,250500.433204561,4.0,57217.98104906068,10.954623481973579
9651.0,1284812.44275244,251162.07032524,3.0,10337.270847101432,9.24351117193766
9652.0,1274854.89343023,227253.393692747,4.0,104010.80914416313,11.55225010680123
9653.0,1274857.22251824,227530.145757034,4.0,380446.1371314664,12.8490998881334
9654.0,1276453.68747987,216135.316561371,4.0,89572.55142272168,11.402804206301031
9655.0,1276436.76530385,215417.068304628,3.0,24927.438034454244,10.123724404869119
9656.0,1257736.26890071,287435.219546378,1.0,0.0,
9657.0,1257737.78627671,287640.138074592,2.0,46591.99999999999,10.749184131556358
9658.0,1266400.04190157,286940.225113869,1.0,0.0,
9659.0,1266626.47748581,286918.375449851,3.0,179249.69173375957,12.096535038704515
9660.0,1269911.57457717,169201.383201301,3.0,138346.56712172585,11.837517171909218
9661.0,1270180.36280145,169191.361249298,3.0,60436.51994711515,11.009348836090894
9662.0,1260910.79696795,246386.385968342,4.0,1517526.2133065148,14.232592075774184
9663.0,1277764.65471321,217033.904658288,4.0,157046.70744287796,11.96429853972237
9664.0,1261142.77386419,234882.207204565,4.0,225450.6286436301,12.325856472240242
9665.0,1251326.39785413,211956.037197083,4.0,129222.8012502406,11.769293335024848
9666.0,1251208.43843003,211960.821965098,3.0,1980747.431837292,14.498984822265896
9667.0,1282854.76262243,209898.648586974,4.0,108291.89489652702,11.592585590821228
9668.0,1283102.47571068,209896.709258974,3.0,19396.4398529107,9.872844815474336
9670.0,1261397.96336846,260353.900670648,4.0,269211.12034985825,12.503251184777152
9671.0,1257903.20227687,187543.054836094,1.0,0.0,
9672.0,1277881.58719334,216100.537105337,3.0,258941.21965253423,12.464356363775849
9673.0,1278047.7633855,215386.693008602,3.0,232839.1488237984,12.358103145751944
9674.0,1272957.20926829,263369.583937734,4.0,136811.8487611782,11.826361894171136
9675.0,1272957.7994763,263700.467138067,3.0,292278.17298200907,12.585461274968718
9676.0,1265230.65348437,284770.600535646,3.0,41969.5702476478,10.644700116762413
9677.0,1269724.19371298,179169.346155509,4.0,838055.7427206022,13.638839896011614
9678.0,1282570.32191813,260445.127870739,4.0,685919.4540795987,13.438515485936337
9679.0,1282892.22579047,260433.305022731,3.0,615629.8328013584,13.330401141113386
9680.0,1262887.56861798,238197.950247958,3.0,68792.93789027314,11.138856371709172
9681.0,1262891.52432999,238345.896808103,3.0,474921.9187733789,13.070905687974925
9682.0,1277690.43864913,224210.13634564,3.0,7287.244808219711,8.893880812305607
9684.0,1286051.8392337,255498.578681678,3.0,176997.3999999086,12.083890322182025
9685.0,1275539.24575093,246048.917807996,4.0,264185.0866878159,12.48440522242121
9686.0,1268906.29086414,254741.39090490303,3.0,48639.61208121533,10.792193541304284
9687.0,1272052.55224337,244821.656174734,4.0,223869.4319498934,12.318818267808128
9688.0,1272194.93880351,235153.012452841,3.0,141481.30093509154,11.859922838464387
9689.0,1280794.92255631,268273.834630758,1.0,0.0,
9690.0,1280637.05906816,230051.05935961,3.0,19615.876267614596,9.884094530988403
9691.0,1280500.56754802,200644.993537501,3.0,244321.00588879763,12.406238237539586
9692.0,1259488.44848651,240365.142442182,4.0,1095951.7515877604,13.907133723247147
9693.0,1259499.70499851,241048.218154877,3.0,252229.38083944557,12.438094193901422
9694.0,1277268.1412407,245998.162031949,4.0,138736.6182654801,11.840332582024093
9695.0,1253378.11292824,239887.709353685,4.0,534114.4022530294,13.18836533142588
9696.0,1273738.79563709,275121.813389763,3.0,203660.53491801952,12.224209842246903
9697.0,1261289.85495235,280289.483859062,3.0,821887.5911736191,13.619358914290071
9698.0,1272934.73490027,277306.59182401,4.0,251353.23670558943,12.434614546322829
9699.0,1270475.34148975,286240.964057148,3.0,87411.7192436188,11.3783846401103
9700.0,1275828.53682323,205371.669446349,4.0,1235543.951609065,14.027021877723078
9701.0,1275808.51947922,204571.541445524,4.0,1330498.4548508269,14.1010642080695
9702.0,1283103.63283068,209980.035211056,3.0,37601.19177526048,10.534791025026218
9703.0,1283411.20409499,209975.725835055,3.0,348992.6686765424,12.76280619430645
9704.0,1249256.94530803,213623.774990797,3.0,2306006.1151465853,14.651027631649162
9705.0,1250073.86588486,213043.235150203,3.0,2220985.5002994845,14.613461574399372
9706.0,1270619.6056819,231317.423968911,4.0,206055.33136551885,12.235900010567244
9708.0,1276786.34034421,214586.844559774,4.0,194418.09959876048,12.177766271606377
9709.0,1256298.65565123,238184.699943945,4.0,258559.6579284437,12.462881731326847
9710.0,1280712.46668424,224513.451993942,3.0,91625.57043007071,11.425465664872936
9711.0,1280720.02380425,224753.301274195,3.0,49083.74701440129,10.801283240947415
9712.0,1264628.21866776,256960.839547172,4.0,93484.586327949,11.44555184957968
9713.0,1262745.89533783,282400.376917228,4.0,1693175.4694004315,14.342116299808644
9714.0,1269339.66008058,282048.255572855,3.0,214020.96526239303,12.273829257721243
9715.0,1290589.89575034,189769.966390371,2.0,28668.11243313827,10.263540719009924
9716.0,1273257.8270606,269609.76109612,3.0,196558.576128232,12.18871576321396
9717.0,1273309.69643666,270054.650632575,3.0,528140.0821476728,13.177116834598559
9718.0,1255523.36912245,248906.311666921,4.0,233313.9366435888,12.360140193231718
9719.0,1286660.81965032,249378.913139403,3.0,231735.336516318,12.353351208573294
9720.0,1273255.3284366,230097.914271668,4.0,396615.8442668471,12.890723444514036
9721.0,1274870.73919025,243131.238573015,4.0,4581.128056882278,8.429700547410528
9722.0,1275150.47749454,243120.850476995,4.0,49264.97027464058,10.804968565379566
9723.0,1259165.63875817,196789.935613558,3.0,340126.3796559416,12.737072532397619
9724.0,1278070.21509753,216356.43976159405,3.0,141918.00667886643,11.863004752059105
9725.0,1275795.93752719,204097.409541041,4.0,1488962.41638043,14.213590070501674
9726.0,1275247.55602264,249428.687923461,4.0,810807.0492080516,13.605785387661374
9729.0,1269387.63896063,240439.98250626,4.0,83937.25052174334,11.337824781070479
9730.0,1280136.02527565,190692.183031306,2.0,492648.2582989156,13.107550726372232
9731.0,1280919.45087644,190763.547383383,3.0,631581.7200926124,13.355982618722834
9732.0,1282724.80255829,212167.994445309,3.0,31245.877681684666,10.349642732277015
9733.0,1282770.75391833,211615.844620734,3.0,14466.443151506792,9.579586980944356
9734.0,1276306.81311172,264116.598850504,4.0,112056.61269438852,11.62675949305567
9735.0,1253171.15696003,207953.106504992,1.0,0.0,
9736.0,1283540.79603113,196150.037948906,4.0,236992.20531137288,12.375782530594865
9737.0,1264008.66877913,252045.742070138,4.0,107110.20534156468,11.581613539866021
9740.0,1277496.83077694,177892.563946202,1.0,0.0,
9741.0,1265843.281901,188881.684021458,1.0,0.0,
9742.0,1282329.17049389,227798.427421302,4.0,189043.34440549443,12.149731603227226
9743.0,1267148.63063835,283407.314198256,4.0,354285.65844160883,12.777858811461348
9744.0,1267752.29150297,283397.940566242,3.0,6506.081443137522,8.780492625113187
9745.0,1280778.0958683,226515.265627995,4.0,284019.74688238784,12.556799046002169
9746.0,1276385.6682798,275314.262157962,3.0,58422.37134424072,10.975454166426395
9747.0,1277923.76133738,275138.748045787,1.0,0.0,
9748.0,1254041.61027293,239876.404201671,4.0,1040815.222210533,13.855514831564001
9750.0,1283725.06796731,193975.185338676,3.0,190226.4806480888,12.155970644681608
9751.0,1264516.58897164,270861.506633401,4.0,588073.4975119235,13.28460721483802
9752.0,1257116.26358807,243122.39607700697,3.0,68041.84829789052,11.127878211012835
9753.0,1271128.86808242,222773.459736168,4.0,176533.7634211325,12.081267431231813
9754.0,1271450.89041875,222766.58741615704,5.0,283796.30321238056,12.556012017592163
9755.0,1276268.02808768,230408.292575985,4.0,101172.07706779146,11.524578079460587
9756.0,1280032.28895554,264461.980738848,4.0,972881.3038713436,13.78801736387204
9757.0,1279417.4207309,265152.446531564,3.0,86088.49149766371,11.363131017111023
9758.0,1279321.8851788,265294.407171711,3.0,135347.43942214266,11.815600376667284
9760.0,1280854.26988438,255700.758393884,4.0,396662.569176891,12.890841246560093
9761.0,1278226.01989768,257245.734011456,4.0,526237.919332561,13.17350870757758
9762.0,1278877.56716235,257226.281275436,4.0,758435.7385051398,13.539013352369025
9763.0,1283790.55539139,184510.622896984,3.0,102409.35520239838,11.53673334681295
9764.0,1288231.52710794,185957.120306462,2.0,0.0,
9765.0,1288427.93293214,185326.28235381804,3.0,139764.0,11.847710564890653
9766.0,1294382.36391424,187367.0273159,4.0,84401.6413266965,11.343342127393731
9767.0,1295020.55393088,186946.864755481,4.0,72507.3956940417,11.191443845213133
9768.0,1269090.35608034,181148.05578954503,3.0,355531.96037808334,12.781370426795078
9769.0,1259828.71715885,190469.120503083,3.0,131482.39021977133,11.78662820695404
9770.0,1259710.11203873,190520.39205513903,3.0,117846.74047274336,11.677140249710616
9771.0,1284294.8223999,200560.959233418,3.0,1972600.1626306197,14.49486310994683
9772.0,1268225.48119944,253702.473719835,4.0,371567.4417743497,12.825485665760223
9773.0,1287014.52857868,195435.579068169,4.0,370443.9584976769,12.822457453161883
9774.0,1287507.64141119,195439.534460172,3.0,232923.0,12.358463205826894
9775.0,1284804.03264043,195890.98137264,3.0,52016.42821799165,10.859314874938123
9776.0,1285152.42963278,195885.286844626,2.0,1316.4739388538371,7.182712182959063
9777.0,1264085.4527152,266242.364932671,4.0,777290.3629213906,13.563569256995809
9778.0,1284222.92723183,260776.72659108,1.0,0.0,
9779.0,1282637.42809421,262544.350016892,1.0,0.0,
9780.0,1284462.96313608,190928.599927559,4.0,1783507.619769843,14.394092556140807
9781.0,1263081.47639418,265607.408196032,3.0,461967.7796552024,13.043250426625804
9782.0,1263085.45501818,266271.493508711,4.0,950534.201568166,13.76477942297569
9783.0,1274629.772854,190941.414519563,2.0,16.0,2.772588722239781
9784.0,1274222.49541359,226613.659420103,4.0,219712.34625804325,12.300074452779398
9785.0,1257030.27523598,214339.431375533,3.0,37750.16270852296,10.538745064827431
9786.0,1268566.07070379,243669.782125562,4.0,64093.73157695095,11.068101846815662
9787.0,1284025.14476763,209824.064074904,1.0,0.0,
9788.0,1284015.11596762,209107.178058162,3.0,279017.06965530245,12.539028240492211
9789.0,1278881.75839436,257557.898363784,4.0,301395.1667565576,12.616177529069038
9790.0,1282587.72742215,259111.522557378,3.0,50845.39360512472,10.836544809470222
9791.0,1270277.62801754,229644.437151194,4.0,155486.14106095614,11.954311881619628
9792.0,1255288.2524502,217476.487442732,3.0,12680.117460534955,9.44779049139744
9793.0,1272736.15947607,204599.775301561,3.0,369490.3208905462,12.819879823873157
9794.0,1279651.04626715,266474.663684919,4.0,401544.7615184381,12.90307429187951
9795.0,1261549.11428061,210562.850635663,4.0,59925.62643921608,11.000859512968697
9796.0,1269371.48772863,224721.158298165,4.0,452458.3535990275,13.02245100164128
9797.0,1269648.58366491,224885.038554326,4.0,646274.9890488774,13.378980371831089
9798.0,1259444.09488645,187338.779315874,1.0,0.0,
9799.0,1286970.30029064,204662.781445622,1.0,0.0,
9800.0,1282700.38956627,268354.237702832,3.0,82714.82717747637,11.323154153665499
9801.0,1261745.61386481,193156.889721841,4.0,936454.251344068,13.749855948999334
9802.0,1263853.98333897,248990.668147013,4.0,495950.06345860846,13.114230522127773
9803.0,1258073.27805305,241072.827690899,4.0,95635.78300980073,11.468302328272696
9804.0,1258085.03856507,241739.191851586,4.0,76685.91317930233,11.247473309200746
9805.0,1272419.05413175,226525.348251998,4.0,980569.2226658948,13.795888521479805
9806.0,1265815.42199698,227422.447196931,3.0,1029240.174693208,13.844331393502747
9807.0,1257167.52656412,220203.90779753,3.0,529899.858248958,13.180443320975549
9808.0,1257462.79402043,219956.87944528495,3.0,185143.83229174893,12.128888273833077
9809.0,1282345.71737391,175008.159655258,4.0,435227.79630979977,12.983624842681406
9810.0,1283659.12089525,174959.979303196,4.0,200597.8601276072,12.20905748709319
9811.0,1257293.91875625,251068.219765142,4.0,60280.0006239189,11.006755663090779
9812.0,1272768.9596041,210453.826571554,4.0,31646.024278095047,10.362367804456005
9813.0,1284114.70041572,196424.210301176,1.0,0.0,
9814.0,1264403.57213953,193105.12178579,4.0,917096.0904850602,13.728967533627754
9815.0,1268989.84350424,244630.728686541,3.0,120220.60146642146,11.697083679628562
9816.0,1277952.70450541,263220.932033584,3.0,24298.61195289016,10.098174506416917
9817.0,1263238.62929034,244505.042286411,4.0,307331.10458847415,12.635680961963006
9818.0,1282369.49126193,269036.353479534,4.0,152745.66561070885,11.936529500923937
9819.0,1281616.77228516,227799.519901305,4.0,192533.83563648997,12.168027186804528
9820.0,1270284.28708956,230072.786719635,4.0,310856.6533448569,12.647087163183585
9821.0,1267116.95351832,193026.177401707,3.0,194876.67503316017,12.180122201746666
9822.0,1266802.36561398,193035.985145718,4.0,656304.6243621575,13.39438032654724
9823.0,1276324.80357574,206985.243335992,1.0,0.0,
9824.0,1256407.41789134,215205.123536408,4.0,214800.01463259727,12.277462709738806
9825.0,1269811.18078507,216634.26600188,2.0,85568.21742087284,11.35706920137173
9826.0,1269795.79857706,215874.255057096,3.0,97919.33679798372,11.491899324826809
9827.0,1264324.86199546,188693.987253264,4.0,835961.2021536995,13.636337482082855
9830.0,1284746.18105637,193504.571130186,1.0,0.0,
9831.0,1284883.95148851,169744.040545866,4.0,516270.7575844465,13.154386630845066
9832.0,1285407.99571304,169632.959713742,3.0,93182.0,11.442309848973883
9833.0,1270845.16721813,276485.283471167,1.0,0.0,
9834.0,1271087.81598638,276480.761167154,3.0,255788.10055851648,12.452104648508957
9835.0,1264749.20433189,287019.281753957,4.0,1289441.2536544616,14.069719545805091
9836.0,1250744.04175754,213418.314126581,4.0,884354.8334346244,13.692613656370279
9838.0,1280202.74201171,216303.839185536,4.0,258870.2249165553,12.46408215300987
9839.0,1281584.44953312,230471.329568043,3.0,414189.0347260145,12.93407775421322
9840.0,1265693.03678085,234348.875236019,3.0,698563.3855399378,13.456781198787448
9841.0,1259166.15773417,251041.820533112,3.0,65938.22955209596,11.096473666888503
9842.0,1264623.67735575,244549.994606465,4.0,545849.3883305572,13.21009837112623
9843.0,1278400.82501787,216657.333521903,3.0,293213.10209297284,12.588654934534327
9844.0,1275594.05176699,248435.333298445,4.0,542738.2803460818,13.204382494409444
9845.0,1275597.64459899,248691.508018702,3.0,52100.667906889,10.860933047369247
9846.0,1287096.02253076,185195.407601684,3.0,65131.00138493357,11.084155926593962
9847.0,1287504.24902719,184838.245297313,3.0,2612.049162614592,7.867890312047138
9848.0,1286411.56256206,249799.971635833,4.0,173303.19457065943,12.062797909294094
9849.0,1276962.7336884,249620.314227656,3.0,39738.48621685684,10.590075423202547
9850.0,1276969.20223241,249987.935220033,4.0,74946.24122604096,11.224526351853436
9851.0,1273930.52229328,178474.279338807,3.0,186350.0,12.135381904907405
9852.0,1274190.80062956,178480.599210814,4.0,1525540.0998078205,14.237859069130858
9853.0,1283301.64985488,274819.900621459,2.0,2335.307190955009,7.755898720745339
9854.0,1283285.41068687,274967.393741608,3.0,47098.7236095013,10.760001180051349
9855.0,1290850.35552661,182854.985775292,3.0,262917.6584594197,12.479596176432711
9856.0,1291129.67424691,182845.144943282,3.0,109100.04625693032,11.600020595807601
9857.0,1277081.82501651,215401.182864621,4.0,215495.07104179988,12.280693316068543
9858.0,1286145.4791058,206271.621383265,2.0,2325.744861502581,7.751795637252518
9859.0,1263712.46788283,191781.665464431,4.0,338005.4681434213,12.73081735227341
9860.0,1275432.11371882,223347.596056744,4.0,360599.6709670616,12.79552367729132
9861.0,1252735.49769558,238109.042599872,4.0,71306.46687688427,11.174742301824978
9862.0,1277073.32140051,236767.522342488,4.0,317678.23927084275,12.668794323328312
9863.0,1277245.38437669,236763.298278496,3.0,103888.47324108428,11.551073230038643
9864.0,1251139.56258994,215236.766480446,3.0,916348.8881785984,13.728152453430067
9865.0,1272615.40216394,235144.864484832,4.0,127674.70373659984,11.757240931063572
9866.0,1257590.29021256,210496.228427589,4.0,1831750.659840534,14.420782712246266
9867.0,1280746.11398026,222869.090776265,4.0,1210799.9759921196,14.006791836301586
9868.0,1281025.39519656,222863.353304252,1.0,0.0,
9870.0,1254410.5869133,241190.666347027,4.0,166279.2631250308,12.021423961825787
9871.0,1260247.49712728,261048.14470335803,3.0,73638.62598814061,11.206924976674037
9872.0,1287782.40070747,192385.113721043,3.0,56013.232561262936,10.933343237540685
9873.0,1287765.60185945,191782.385272428,3.0,94155.86007546046,11.452706774054464
9874.0,1257831.80842081,196598.519357353,4.0,279526.2972092613,12.540851653767742
9875.0,1262266.88484134,239359.78384915003,3.0,243893.62387362932,12.40448744148275
9876.0,1262275.27952935,239720.49181751895,3.0,548253.273795799,13.214492637618072
9877.0,1270564.92830583,239988.139561787,4.0,191316.15155855368,12.161682582384694
9878.0,1270576.45777786,240407.906090215,4.0,84368.37472854134,11.342947903356032
9879.0,1286612.02937828,249795.216115832,4.0,441755.2769344395,12.998511335632813
9880.0,1286637.00179429,250320.275700375,2.0,12462.286328835406,9.43046226899456
9881.0,1271882.20024319,196543.777981311,1.0,0.0,
9882.0,1286872.36089854,202474.412099376,3.0,124453.84634774394,11.73169021408988
9883.0,1262967.68561006,243800.039085701,4.0,1910446.096864504,14.46284733132006
9884.0,1262968.08260207,243832.001325727,4.0,1046255.7666867332,13.86072841253812
9885.0,1275329.41023073,247704.340977699,4.0,217840.259088798,12.29151731670058
9886.0,1275583.48152699,247700.719601691,4.0,280473.4383953188,12.54423430568332
9887.0,1278784.94527426,201030.925825894,3.0,2689.1647888089,7.896985936953047
9888.0,1279987.0190035,263886.683330268,3.0,88621.4024891501,11.392128670504468
9889.0,1280323.99634783,263750.467714131,3.0,77352.53409848099,11.25612861691875
9890.0,1287808.9944995,248192.946994185,3.0,120985.74264637491,11.70342798826765
9892.0,1257088.12355605,191270.474871904,4.0,598784.6126219117,13.30265723417324
9893.0,1257105.21238805,190652.992823273,4.0,267118.3455250195,12.495447080846557
9894.0,1282285.47404584,245910.783535853,4.0,254122.57476275152,12.44557200740356
9895.0,1278988.58533847,218037.977107316,4.0,1925295.4849633572,14.470590012606568
9896.0,1279248.16121073,218030.249427304,4.0,2085557.5438654448,14.550546784597834
9897.0,1274244.83890161,257030.115003243,4.0,169384.9345440466,12.039929123030609
9898.0,1274250.54392561,257362.467387587,4.0,950174.7231174564,13.764401165736691
9900.0,1286465.61203413,206933.636103943,4.0,72010.84497359148,11.184572011288656
9901.0,1286464.27801812,206846.175367847,2.0,4317.986674698598,8.370544525080783
9902.0,1260666.56483971,278417.597841144,3.0,630836.7433729661,13.354802381222063
9903.0,1261115.79332016,278568.282257304,3.0,34828.0460785483,10.458178262979338
9904.0,1269364.12164861,177359.51024965904,3.0,481968.0087377228,13.085633018916587
9905.0,1278470.03711393,254367.07308051,2.0,12484.923670937227,9.43227708903377
9906.0,1269429.83870468,274746.898765385,4.0,116116.24091684082,11.662347045213956
9907.0,1269761.28356902,274741.255757377,3.0,171134.99866620926,12.050207989904786
9908.0,1267263.26526245,241123.42538695,3.0,358837.6961348783,12.790625465339597
9909.0,1260381.44765541,251682.413109764,3.0,26163.31475753057,10.172113508458763
9910.0,1282324.42873389,242984.739244863,3.0,69901.88325884254,11.154847870045556
9911.0,1282945.62527852,243380.107501268,3.0,162303.9168716451,11.997225886739786
9913.0,1259115.96131812,187611.044852152,3.0,738839.0902238684,13.512835436335058
9914.0,1275386.98130278,218718.879636005,4.0,96336.85270343162,11.475606211012751
9915.0,1252698.84361555,236980.83293470705,3.0,71258.6872328831,11.174072016774069
9916.0,1277258.8748727,180655.06698903404,3.0,53566.6432078268,10.888681825120127
9917.0,1269288.35403253,188465.762933031,3.0,55327.61751069127,10.921027475335409
9918.0,1257775.37251675,212925.665486082,4.0,259888.33604769252,12.468007341006471
9919.0,1271211.39646651,199355.453760177,2.0,31103.92730589416,10.345089370126974
9920.0,1279652.22930714,219434.323092744,4.0,1021083.5965236098,13.836374970899472
9921.0,1274818.5421342,207853.482376888,3.0,62788.29026183086,11.047523874271443
9922.0,1284613.80435222,245213.485743135,4.0,165860.48762609373,12.018902277986967
9923.0,1270660.66430594,226334.980827808,4.0,128755.45909426168,11.765670218359226
9924.0,1282832.2357744,252022.111222118,3.0,276536.5326271801,12.53009821645068
9925.0,1282580.39571014,208313.274761349,3.0,97160.40667533784,11.484118568732482
9926.0,1262723.96957782,245841.258799791,4.0,451850.7092013295,13.021107114879229
9927.0,1281573.95711711,257147.36639536903,3.0,115057.06191909174,11.653183474884335
9928.0,1286326.23929799,243325.925549209,3.0,349193.0981003325,12.763380337862028
9929.0,1267850.44651106,237931.426791683,2.0,54586.95773596545,10.907550263894517
9930.0,1266710.23454189,239216.504617006,4.0,1695746.7389102865,14.34363375571067
9931.0,1270150.94814542,223404.780376807,3.0,396059.6083374215,12.8893200050133
9932.0,1270811.37496209,270100.729288623,3.0,2806.491641023698,7.939690455943362
9933.0,1270819.8834421,270732.382857278,4.0,35671.70480560015,10.482113071031991
9934.0,1272574.4833159,199523.11385636,4.0,139770.0,11.847753493478953
9935.0,1273165.3807245,199511.020096347,1.0,0.0,
9936.0,1279017.9093705,238042.4088718,4.0,126791.27959953928,11.750297545746005
9937.0,1256254.48841919,252810.000438914,3.0,50978.434420799655,10.839157967784166
9938.0,1252192.58345503,213184.68955034,1.0,0.0,
9939.0,1270935.52926622,231312.499424905,4.0,148693.91697500437,11.909645223575204
9940.0,1270938.20510623,231486.601121083,1.0,0.0,
9941.0,1275064.15973444,273630.79143624,3.0,93182.0,11.442309848973883
9942.0,1275285.27743067,273506.635532111,1.0,0.0,
9943.0,1262751.33104984,270805.078601345,3.0,279510.0,12.54079334911258
9944.0,1263826.27473094,247373.079217359,2.0,40325.958599425605,10.604750674550308
9945.0,1274916.66040629,257011.081275225,4.0,122925.8111093384,11.719336290666655
9946.0,1275588.56882298,256991.803707197,4.0,110538.74348593506,11.61312135826941
9947.0,1257569.19837253,251069.493365139,4.0,283674.3532022544,12.55558221559051
9948.0,1264881.18833202,243636.492525533,3.0,15451.435992398578,9.645457222498637
9949.0,1275240.20927063,210421.271243513,3.0,197460.15410944933,12.193292091624214
9950.0,1257875.26301284,253066.121975183,4.0,171296.75584465446,12.051152745689528
9951.0,1282808.76863837,253186.447159305,4.0,327820.2833270676,12.700220820519311
9952.0,1272886.29010022,254753.679288909,4.0,46940.86370420431,10.756643869410516
9953.0,1255923.41949084,209898.871306986,5.0,2005335.107078604,14.511321740457243
9954.0,1280591.98303612,228693.767134219,4.0,338585.33522736194,12.732531437723662
9955.0,1251887.73135872,211915.545101047,3.0,93181.99999999996,11.442309848973883
9956.0,1251970.76828679,211553.89294067,1.0,0.0,
9957.0,1266716.8519499,231816.807457417,4.0,321486.6630511625,12.680711338288187
9958.0,1265337.16183649,284242.843415111,3.0,75671.13720128767,11.234152088005503
9959.0,1281987.35423754,223737.430937156,2.0,19161.770745458427,9.860672466119754
9960.0,1269926.02340919,187140.078259677,4.0,698499.537746093,13.456689795898109
9962.0,1276385.1299118,272984.016523585,3.0,155146.03635293178,11.952122122356712
9963.0,1273097.60171643,280633.428051412,2.0,45915.13638396066,10.734550110400624
9964.0,1273101.83659644,281970.991636783,4.0,216334.89970536475,12.284582947540587
9965.0,1282294.57145385,255144.410745308,3.0,183198.04884909425,12.118323080778412
9966.0,1268273.74353549,257135.877563357,4.0,194719.9523050188,12.179317663279967
9967.0,1278846.90546632,254939.500729099,3.0,2266353.17134779,14.633682565154636
9968.0,1280061.09330757,253904.07404004,2.0,8352.033391641766,9.030260308155826
9969.0,1260897.40791194,210837.764171943,5.0,300146.9050509059,12.612027317285516
9970.0,1264052.82122718,192442.817337111,4.0,357613.9406251121,12.787209305372631
9971.0,1284951.61145657,209524.094218597,4.0,69118.58152528219,11.14357888135304
9972.0,1263274.80541837,246330.530736282,3.0,400290.06090166833,12.89994471554843
9973.0,1277752.88696921,249096.67909111097,3.0,240320.22189000784,12.3897275708681
9974.0,1259452.91799046,252356.871734455,4.0,173098.2981276331,12.061614909386524
9975.0,1259201.0832382,253045.045559168,4.0,141324.31695993018,11.858812648416158
9976.0,1280924.06796445,257828.750844061,4.0,1910385.0614200905,14.462815382541436
9977.0,1280927.77465245,258161.943420395,3.0,222270.8720200918,12.311652061318032
9979.0,1268679.71486391,176215.488232493,1.0,0.0,
9980.0,1274118.41790949,238625.968424395,2.0,206003.6508626507,12.235649170248902
9981.0,1289977.91206972,170354.343778491,4.0,51173.31247480757,10.842973434408012
9982.0,1270756.68312204,286006.702360913,3.0,67021.34042427636,11.112766361453522
9983.0,1270757.58341004,286333.318233252,1.0,0.0,
9984.0,1281348.16492489,227805.370653316,4.0,359713.2234043875,12.793062391322113
9985.0,1282499.85817407,228240.780189767,4.0,96734.68721376256,11.479727326673366
9986.0,1282839.58483042,228232.731677756,4.0,104141.9359219717,11.553510016153973
9987.0,1282014.43654157,213900.997839078,4.0,57646.50891945898,10.962084967392798
9988.0,1280269.73561178,230060.806431621,3.0,50003.54847415555,10.81984925137518
9989.0,1280351.15871586,230058.645983621,3.0,12622.565975423888,9.443241441530573
9990.0,1278928.9928904,261231.32710354,3.0,88434.77356566007,11.39002053740494
9991.0,1279953.86751546,216872.200210124,3.0,8174.58590815151,9.008785341045401
9992.0,1280213.27839573,216861.903698117,4.0,301263.3127254604,12.615739954430367
9993.0,1263072.95671417,206472.449735478,1.0,0.0,
9994.0,1276368.07679178,221912.428375289,4.0,993523.2676301304,13.809012760558984
9995.0,1257090.15075605,240423.02289024,4.0,859981.1769101082,13.664665780676332
9996.0,1257103.36925206,241088.995626912,4.0,157075.90171595218,11.96448441792602
9998.0,1262460.94416954,250344.915764391,3.0,190827.96931985143,12.159127616979784
9999.0,1262467.87325755,250988.633973062,4.0,410869.0205508474,12.926029757896456
10000.0,1283639.86143923,203864.138628796,3.0,286060.7333253693,12.563959421542519
10001.0,1283633.27123122,203587.284228519,4.0,59407.36074785914,10.992173415987622
10002.0,1281797.48780534,195686.475196421,1.0,0.0,
10003.0,1281795.26930934,195586.50034833,2.0,46592.0,10.749184131556358
10004.0,1275777.99787918,203416.850180343,3.0,227119.6420078307,12.333232214920843
10005.0,1287695.30611539,191783.09196043,3.0,135625.03421152357,11.817649255527694
10006.0,1255807.28425872,216556.935441792,3.0,85417.8942057137,11.355310891852223
10007.0,1264941.29054008,255632.844857812,4.0,866077.1681764594,13.671729292323421
10008.0,1270912.49809819,225277.85602672404,5.0,2082286.1362485213,14.548976952070591
10009.0,1252433.90351927,238182.912551939,4.0,29287.86570396957,10.28492856942933
10010.0,1255395.89693031,203999.763076946,4.0,454012.8243155762,13.025880724015671
10011.0,1286746.83456241,195426.664060161,4.0,557815.1604811677,13.231782932868871
10012.0,1271147.01995444,233005.681442648,4.0,93390.5366203639,11.444545298102502
10013.0,1271099.7729784,233186.291938826,1.0,0.0,
10014.0,1272616.72171594,178478.313770801,4.0,326090.0,12.694928695867167
10015.0,1281180.46022071,245130.593199059,3.0,124794.69662836118,11.734425239049473
10016.0,1281190.72230072,245929.39441587,3.0,218299.15339262816,12.29362166434741
10017.0,1271892.02865919,205976.236486956,3.0,9089.151890467188,9.114836881439933
10018.0,1286953.69600262,247574.035505563,1.0,0.0,
10019.0,1286952.04441862,247663.60254564896,3.0,93182.0,11.442309848973883
10020.0,1285457.35846509,205709.835078686,4.0,406183.0264259191,12.914559141006999
10021.0,1266257.74334143,239190.889512971,4.0,542796.0773064335,13.20448898014156
10023.0,1280015.23679551,229641.119583189,4.0,950474.7077067124,13.764716831094944
10024.0,1269022.70827226,266118.59750855,4.0,637960.506847279,13.366031658917658
10025.0,1277186.06264862,205926.23424691,4.0,59854.60027121747,10.999673571377604
10026.0,1277305.43941675,205982.690822974,3.0,37051.74035532799,10.52007060277428
10027.0,1270009.60920127,227435.384796932,4.0,897740.7038773574,13.707636557122278
10028.0,1256118.21539505,259266.011453524,3.0,47531.13728385141,10.769140297027482
10029.0,1255633.99293055,259047.940669313,3.0,158519.4664471566,11.973632681459422
10030.0,1270317.35070559,232137.681185752,3.0,58767.00137077455,10.981335775177094
10031.0,1270318.39467359,232189.285729811,1.0,0.0,
10032.0,1265740.12490889,250951.57662901297,3.0,151855.06344160816,11.930681814940076
10033.0,1265741.7991489,251283.965045363,4.0,89742.4123851434,11.404698761106966
10034.0,1276839.98661627,252641.304886743,3.0,437968.2004547285,12.98990158502142
10035.0,1264032.95121115,260350.969598636,3.0,1323069.5797738037,14.09546503413578
10036.0,1268366.41099159,233350.211234987,3.0,158429.13593348005,11.973062680421753
10037.0,1268374.51633559,233666.19619531895,3.0,107444.4008808597,11.584728791646945
10038.0,1275891.1433513,251669.139829755,1.0,0.0,
10039.0,1266042.07838121,245753.62903969,4.0,467973.33870984986,13.056166604708316
10040.0,1282309.94188587,178805.818347141,3.0,213523.021510702,12.271499934927617
10041.0,1267818.39671902,284723.801751599,4.0,118864.67151260808,11.685740910795202
10042.0,1279175.92876266,173101.072869301,4.0,422871.79393911775,12.954824324473702
10043.0,1279167.54527465,172660.680740848,1.0,0.0,
10044.0,1293139.03866495,184314.69976078,3.0,173602.20249045445,12.064521768284902
10045.0,1254187.35049707,249125.391667143,4.0,280798.1244137228,12.545391271673177
10046.0,1254016.0663369,249129.81848315903,3.0,27131.97910820489,10.208468352059956
10047.0,1277000.10700043,219808.325909123,4.0,47924.312690897474,10.777378226463014
10050.0,1274170.42238954,249754.298163787,3.0,103874.03687138924,11.550934260118511
10051.0,1253629.77609649,237231.069286972,4.0,256144.94736394915,12.453498763871023
10052.0,1259993.28963901,253038.030135155,4.0,246773.05649441003,12.416224393637245
10053.0,1277581.39519303,212860.120654017,3.0,24105.94798172728,10.090213893248643
10054.0,1281706.44633324,269052.497095555,4.0,99878.1656869176,11.51170637905604
10055.0,1282037.97062159,269044.425287545,4.0,171350.20249931674,12.051464709089723
10057.0,1274685.56639007,209068.439242125,4.0,2316093.4658446605,14.65539247344304
10058.0,1274999.99979839,209063.572490126,4.0,1744188.0727727567,14.371799717529395
10059.0,1278596.70585006,247104.823473081,3.0,24336.9985471008,10.099753045342899
10061.0,1274266.90181363,259021.337725282,4.0,312429.8165794692,12.65213513598947
10062.0,1274938.07275832,259001.513277262,4.0,431528.3038773435,12.975088381508169
10063.0,1258005.86941299,203233.432580158,4.0,1933745.7833516223,14.47496950031196
10064.0,1263741.59217085,265042.441795453,3.0,611875.7002997043,13.324284436780585
10065.0,1273781.94085313,227124.061596617,3.0,102146.55168164776,11.53416384227654
10066.0,1257496.45635647,211845.014092967,3.0,50506.341893575,10.829854189429676
10067.0,1272000.73477131,205865.528006852,3.0,36501.18435368762,10.505099987090393
10068.0,1279943.64837945,216620.027537867,4.0,39474.57680325063,10.583412118439414
10069.0,1281722.71762927,273967.696908593,4.0,549966.5880090714,13.217612806288939
10070.0,1281727.12345327,274332.311372966,3.0,213856.88289940247,12.273062298778457
10071.0,1277893.89292134,179736.173484087,1.0,0.0,
10072.0,1283937.48319954,170380.701666519,2.0,46592.0,10.749184131556358
10073.0,1284095.4205437,170377.50678651,1.0,0.0,
10074.0,1265081.13841222,283601.00117445,3.0,65376.88778477905,11.087924077199323
10075.0,1265029.38129218,284116.523094982,3.0,78906.24046767519,11.276015597086163
10076.0,1287515.1479712,192699.288313374,3.0,26411.46309567269,10.18155340306274
10077.0,1287502.72576319,192588.499449253,4.0,68770.44004626495,11.138529281104882
10078.0,1273481.40869282,240179.113257989,5.0,491534.0985427026,13.105286592648582
10079.0,1287537.75750722,185722.85310623,3.0,9600.681747212666,9.169589390269111
10080.0,1259958.02922298,251027.921973094,4.0,63504.19081283612,11.05886117975561
10081.0,1285280.67968091,241979.341611832,2.0,46591.99999999999,10.749184131556358
10082.0,1285759.2561294,242672.67390054505,5.0,233053.31481481492,12.359022525320478
10083.0,1260145.16106318,212769.066061914,1.0,0.0,
10084.0,1260090.32490312,212770.434189916,4.0,164900.30643094066,12.013096366829412
10085.0,1285166.19040079,248326.813170329,3.0,52569.362539107846,10.869888767795668
10086.0,1287445.67302713,246305.402864262,3.0,46602.78095238095,10.74941549542285
10087.0,1281976.00812553,226476.887387961,3.0,142786.66582484855,11.869106947951066
10088.0,1262037.40106511,259384.744509652,1.0,0.0,
10089.0,1287588.54675527,204301.660421252,5.0,1160869.3533388542,13.96467972492422
10090.0,1271768.54693107,224362.36540179,3.0,1007156.2467132116,13.822641320253629
10091.0,1259940.31274296,281584.214484379,2.0,46592.0,10.749184131556358
10092.0,1293861.2284897,186557.580083072,4.0,363314.8986816052,12.803025226676459
10093.0,1289517.99008524,186792.796147317,3.0,290556.1529307934,12.579552134118789
10094.0,1286407.06029007,246457.948464423,2.0,46592.0,10.749184131556358
10095.0,1286749.68365042,246634.794288591,3.0,143449.2273044879,11.873736434880454
10096.0,1275835.61720724,246600.43211256,4.0,94690.69038882785,11.45837096799361
10097.0,1276480.8911919,255638.542969823,3.0,39560.991114000266,10.585598838860639
10098.0,1262259.88580133,239059.05642484096,3.0,105763.51355559402,11.568960876504118
10099.0,1284406.70502402,193871.52639456105,3.0,160096.5154532735,11.983532133933917
10100.0,1254385.46819328,191875.904760525,3.0,139767.99999999994,11.84773918415428
10101.0,1254144.18812902,191888.247608542,1.0,0.0,
10102.0,1267594.18027081,255566.038521737,4.0,176876.15071041853,12.08320505314176
10103.0,1274020.33176538,266377.502468809,1.0,0.0,
10104.0,1274294.20920566,266369.28531681,3.0,78037.88539315992,11.264949697921443
10105.0,1256124.34301105,244434.88561435,3.0,86207.38542643955,11.364511130782574
10106.0,1267874.48190309,249571.778227597,3.0,2445075.727198058,14.709586652680622
10107.0,1266024.80023719,262877.382849231,4.0,91282.54999529032,11.421714920115194
10110.0,1279061.93394655,273105.955531701,3.0,1536154.697257094,14.24479290197849
10111.0,1275388.92747878,261045.17420736,3.0,123435.12914624716,11.723471026976645
10112.0,1263615.31588273,255111.436729282,4.0,401208.5332501483,12.902236604161148
10113.0,1263620.82506673,255375.379129544,4.0,382546.6381879123,12.854605854718919
10115.0,1255963.54800288,211241.733132347,4.0,914444.4717910954,13.72607202522224
10116.0,1251039.52770984,212749.7531019,4.0,692977.8813399669,13.448753360404329
10117.0,1250717.11068551,212762.70356591,3.0,275874.8688787359,12.527702668266622
10118.0,1264460.82039559,268216.892486691,4.0,1005764.5933779608,13.82125859965254
10119.0,1261545.50538461,239372.079785153,4.0,91923.67591092124,11.428713902050735
10120.0,1261554.79767261,239732.255593523,4.0,340490.70059264416,12.738143093163933
10121.0,1253788.94966467,235331.361125022,1.0,0.0,
10122.0,1278005.84972146,213230.911566392,3.0,106748.78956235205,11.578233592032223
10123.0,1274565.49867794,218168.302291453,4.0,197279.7463470173,12.192378032646216
10124.0,1271494.6518268,228953.39164649,3.0,71574.55766852699,11.178494949975539
10125.0,1271293.65880258,229138.247582674,1.0,0.0,
10126.0,1272403.59096372,201057.053057924,3.0,101665.1148886226,11.529439503414356
10127.0,1272326.45496364,200727.430721581,3.0,113208.2667678342,11.636984470069207
10128.0,1279090.07167457,277746.922320455,1.0,0.0,
10134.0,1272145.12849946,250712.935028777,4.0,243266.85317691744,12.401914281006615
10135.0,1272421.97477174,250726.889396787,4.0,366887.1654161704,12.812809628581807
10136.0,1272462.60625978,197081.503933862,4.0,96509.03645519438,11.477391924965676
10137.0,1256563.43593951,208564.009865612,5.0,1742053.7769820986,14.370575306745932
10140.0,1273054.24088439,243461.137197345,3.0,124289.02061607737,11.730364943879703
10141.0,1254826.91350573,206452.514055446,3.0,365839.8823245463,12.809951036673636
10142.0,1254815.01225771,206092.187655076,3.0,184429.81323913008,12.125024254038102
10143.0,1279654.62009116,224541.03234598003,3.0,289476.16556765744,12.575828242960519
10144.0,1279669.21618716,225206.404698655,3.0,78404.24900620866,11.269633401377686
10145.0,1279808.3812433,210297.099851385,1.0,0.0,
10146.0,1279791.30713129,209966.617931053,3.0,628201.1469364763,13.350615691835536
10147.0,1281683.96607722,245450.48983939,3.0,443769.0734226933,13.003059601209046
10148.0,1281704.61894125,245920.004335865,4.0,382540.2523872344,12.85458916171122
10149.0,1259975.272295,213083.932878241,1.0,0.0,
10150.0,1259859.15767089,213082.952910244,3.0,93182.0,11.442309848973883
10151.0,1266209.25687738,237433.354663178,1.0,0.0,
10152.0,1266379.04919755,237429.465895176,4.0,51423.93944937808,10.847859091058677
10153.0,1280352.97561187,268431.357958913,4.0,374255.193913824,12.832693180378824
10154.0,1281748.24121329,217744.64072302,4.0,271331.4503852251,12.511096416680296
10155.0,1281890.02278143,217738.227027014,4.0,152674.2658243916,11.936061949331725
10156.0,1274605.91525398,230399.971103966,4.0,311137.8568384416,12.647991362523417
10157.0,1266246.84932542,197712.960318506,4.0,194614.9689394707,12.178778367355743
10158.0,1258173.85789315,255071.115641236,4.0,668509.2233548424,13.41280547251922
10159.0,1264758.51569189,252033.245750129,4.0,125941.05838342108,11.743569285877685
10160.0,1275114.6032545,230081.678431645,3.0,83338.49854723747,11.330665888822283
10161.0,1275200.83864659,230080.95107165,3.0,119891.88088987136,11.69434562304199
10162.0,1256451.26851539,194724.746171445,1.0,0.0,
10163.0,1281777.72703733,249239.947507262,4.0,147988.3928398702,11.90488912291308
10164.0,1282051.56441361,249233.396979257,4.0,94509.9740129526,11.456460653022951
10165.0,1269254.34136049,241459.658923298,3.0,23779.04383432922,10.07655996061927
10166.0,1269414.66417666,241455.340075299,4.0,117569.92979241192,11.674788582705974
10167.0,1270290.67518556,259467.545149744,3.0,103726.46080465493,11.549512528540363
10168.0,1258276.40362126,258819.714109078,4.0,647183.888479812,13.380385750225905
10169.0,1258282.54403727,259090.054461345,4.0,108404.49841982768,11.593624865464545
10170.0,1254980.42070588,216862.898450106,1.0,0.0,
10171.0,1282606.72243017,211202.017676309,2.0,68867.84500152797,11.139944657233553
10172.0,1255011.33404991,212592.826893732,4.0,177492.89571127846,12.086685862934807
10173.0,1254992.82064189,211934.281613067,4.0,273937.48132483574,12.520655188988078
10175.0,1288523.61645223,202029.762754917,3.0,93182.0,11.442309848973883
10176.0,1288522.10528423,201957.990914851,1.0,0.0,
10177.0,1256006.31568293,239449.845353246,3.0,42095.427297814254,10.64769439851759
10178.0,1275519.66968691,245389.373871326,4.0,204689.8153119645,12.2292510161955
10179.0,1275799.5569192,245381.12254332,4.0,167128.0256264163,12.026515418212943
10180.0,1281242.53420478,253882.298104018,3.0,166621.67520871933,12.023481103545814
10181.0,1275867.85074328,212544.884109691,4.0,699548.1951447568,13.458189970134883
10182.0,1276453.94635987,205351.528390318,4.0,763327.565691669,13.545442530971325
10183.0,1276727.67020015,205336.226950303,4.0,350192.1459741591,12.766237271324139
10184.0,1279156.97669864,220667.01384601,4.0,266018.19904431334,12.491320002883294
10185.0,1257500.90813246,248330.546098337,4.0,444473.7718596327,13.004646326255093
10186.0,1271534.54968284,243128.723501012,4.0,55451.582566361925,10.923265532792557
10187.0,1271548.05560285,243585.718317479,4.0,62852.452366426005,11.04854523261159
10188.0,1266452.92042963,239186.747496977,3.0,17217.267765660516,9.753668099054938
10189.0,1282059.40626961,229209.272350758,3.0,33231.71496024407,10.411259968811537
10190.0,1276096.03762351,223334.252632737,4.0,922151.5872574184,13.73446490036677
10191.0,1278716.87948219,253928.529016063,4.0,38204.45214575545,10.550707336121645
10192.0,1264307.34532343,280291.146899059,1.0,0.0,
10193.0,1284988.36960061,253615.916151747,4.0,23724.076476046277,10.07424569652644
10194.0,1295160.69370703,185836.809202343,3.0,81231.5561278546,11.305059072919915
10195.0,1271751.21528305,272535.882571116,3.0,651403.5363666257,13.38688460068062
10196.0,1281934.75724548,245446.422639385,4.0,81430.87122731694,11.307509733499078
10197.0,1282787.54982236,245903.350831851,4.0,313521.62707924214,12.655623622574394
10198.0,1282072.23135762,193561.755066246,4.0,166239.7570412047,12.021186344837789
10199.0,1256623.14973156,211219.149836332,4.0,1881852.5973035572,14.447767273692175
10200.0,1256293.27837123,211230.434316337,4.0,1195998.662742897,13.994492095384143
10201.0,1287088.02873877,189199.858933777,3.0,316541.2560489015,12.66520886293684
10202.0,1260636.84087168,239662.125161454,3.0,41703.775355028985,10.63834693978057
10203.0,1260459.38218349,239665.31965746,4.0,556535.7012140437,13.229486600764979
10204.0,1281088.31570862,227811.029725328,4.0,380222.17900055606,12.848511042423299
10205.0,1278220.24434568,268499.084870979,3.0,10469.681619729105,9.256238894589341
10206.0,1278066.37228152,268964.94970347,3.0,22500.701351058,10.021301758864835
10207.0,1274194.09784555,244762.54046267303,3.0,156792.10968740142,11.962676064761142
10208.0,1282321.17119788,201767.116290659,4.0,54490.160181429,10.905775417220998
10209.0,1263397.98001051,285315.665048212,3.0,742045.3359105771,13.517165619892955
10210.0,1263183.28324229,285321.716568217,1.0,0.0,
10211.0,1285753.7453454,178470.55818679897,3.0,435326.7258623789,12.983852122077435
10212.0,1274052.83173342,285745.790808648,3.0,49526.908487960405,10.810271406674046
10213.0,1274835.29112622,285713.150808617,1.0,0.0,
10214.0,1283539.09164713,258209.427580446,3.0,78914.76575328012,11.276123634486472
10215.0,1269486.29163274,270548.705417082,4.0,190789.3058750992,12.158924987552881
10216.0,1253778.29782465,243990.446829885,1.0,0.0,
10217.0,1253773.23612864,244162.324142069,4.0,112378.43113326312,11.629627304195571
10220.0,1276279.8181037,251983.080502078,3.0,339993.55791492347,12.736681949103794
10221.0,1271864.80197117,226197.285915673,4.0,1131477.6815615054,13.93903501921383
10222.0,1273875.23922123,253011.445559129,3.0,129030.77101739107,11.76780618991739
10223.0,1274195.38066156,252997.73394312,3.0,4283.291879880827,8.362477123759591
10224.0,1283192.22649477,201548.141314432,3.0,53706.27060972899,10.891285044810632
10225.0,1261315.92509638,237507.862055257,3.0,5147.369107138553,8.546241010145135
10226.0,1262420.6660255,234057.941155717,3.0,7872.409697423937,8.971119482274133
10227.0,1262428.1062815,234413.952548087,4.0,49323.83932191235,10.806162799380548
10228.0,1248869.41225162,214287.757263467,1.0,0.0,
10229.0,1281920.01023747,213215.718030378,4.0,741836.570111099,13.51688424197466
10230.0,1287547.42745923,251380.843829453,3.0,197396.4974348332,12.192969662332882
10231.0,1270805.12069009,285342.753240228,3.0,2968.5283287381912,7.995821596780638
10232.0,1271128.65880242,285336.516376227,3.0,33530.8775453053,10.42022201106248
10233.0,1276478.36786389,260851.180863157,1.0,0.0,
10235.0,1275398.02719079,275671.367118329,4.0,109777.79537339948,11.606213559677776
10236.0,1275399.79787879,276552.739023238,3.0,661803.5036271091,13.402723968543137
10237.0,1263372.70641048,191119.14642374203,3.0,104256.6582896251,11.554611006107155
10238.0,1275132.66687052,224402.952217832,3.0,123256.93019390824,11.72202631907798
10239.0,1284393.95801601,256143.545914337,2.0,0.0,
10240.0,1284865.94528049,256249.993530437,3.0,139764.0,11.847710564890653
10241.0,1274148.19339751,223677.907097086,4.0,49462.385738074205,10.808967775619223
10242.0,1254581.59638548,252033.962934121,4.0,28672.10338436181,10.263679921528544
10243.0,1264484.42993161,232698.46025832,3.0,175093.5298191561,12.073075566244315
10244.0,1280195.1160277,215899.927249119,3.0,13880.438996145933,9.538235861525047
10245.0,1260804.85296784,241025.292010859,4.0,1100544.3040843827,13.911315437279509
10247.0,1263168.03031427,231587.676065192,4.0,925895.4378028292,13.73851658911309
10248.0,1281481.13087702,247250.048305228,4.0,597533.4503978721,13.300565545150254
10250.0,1269670.40248093,240012.747817814,4.0,247250.53513669284,12.418157413837289
10251.0,1279325.61253881,264533.876546919,1.0,0.0,
10253.0,1269093.57720034,272535.473739117,1.0,0.0,
10254.0,1270806.27915409,272253.899210826,3.0,471293.9302089221,13.063237234002074
10255.0,1278610.99289007,283554.292950407,1.0,0.0,
10256.0,1278827.0003143,283548.735830396,3.0,242409.98303918607,12.398385716484311
10257.0,1264144.22161126,231975.700897589,4.0,2421625.5954438816,14.699949606275299
10258.0,1263822.14487493,232008.721505627,4.0,2255584.0096655767,14.628919481718896
10259.0,1258866.49725387,249364.816371396,4.0,377820.081611036,12.842173386715892
10260.0,1280763.82156429,249258.173875287,4.0,278477.43013035454,12.53709229424091
10261.0,1271747.84619506,195306.369980037,4.0,1023371.2700102788,13.838612901879415
10262.0,1272071.04728338,195302.981884032,1.0,0.0,
10263.0,1276079.39231148,245372.77284731,4.0,121479.99950544658,11.707504915088617
10264.0,1276359.21291977,245364.39063929,4.0,55315.1795483258,10.920802644388461
10265.0,1278608.93452208,245807.521967754,2.0,1492.2078091771357,7.308012053355134
10266.0,1278812.05714628,245803.349039748,4.0,329580.4969878657,12.70557590350662
10267.0,1261254.9134483,283701.328086555,3.0,93182.0,11.442309848973883
10268.0,1260768.25232781,283686.674518541,3.0,500520.8167372277,13.123404468755067
10269.0,1287182.15782686,185794.05080229,1.0,0.0,
10270.0,1263540.89181864,191784.924600437,2.0,109982.62429835432,11.60807767137336
10271.0,1280159.26405966,223444.20712885296,3.0,252401.14500370025,12.438774946103646
10272.0,1274128.22200549,244088.473901987,4.0,1192749.3530387797,13.991771580966788
10273.0,1274143.45362151,244763.989934683,3.0,285486.96996238857,12.561951667675533
10274.0,1279117.4534986,222615.217943996,4.0,199812.19613528848,12.20513318505178
10275.0,1279111.1047626,222437.175319821,2.0,93180.0,11.442288385370787
10276.0,1272616.86545995,263378.976961747,1.0,0.0,
10277.0,1276191.2923436,227928.236829445,3.0,27090.57551522412,10.206941179416939
10278.0,1274204.68216556,254046.739704192,4.0,148769.24407046463,11.910151686942337
10279.0,1277510.01119295,249976.833204016,4.0,197786.24953843903,12.194942178759584
10280.0,1282891.93708646,259101.27750136,3.0,433155.179248089,12.978851324416578
10281.0,1266871.54359806,234322.708003983,4.0,161343.3837106381,11.991290190817457
10282.0,1257106.61136407,255776.496121958,3.0,936908.7897062064,13.750341213586173
10285.0,1254476.28918536,191872.63410452,3.0,465788.0,13.05148587397086
10286.0,1263044.63850614,178177.723818496,1.0,0.0,
10287.0,1291516.5966793,183471.384495914,3.0,50540.735455890106,10.830534932792977
10288.0,1266278.11370945,187131.157043666,3.0,316233.1564719909,12.664235057437876
10289.0,1265948.39550112,187129.197747663,4.0,187577.8303418096,12.14194913342076
10290.0,1285549.03840119,243452.737325341,3.0,927198.4711613838,13.739922922129468
10291.0,1285789.54611343,243337.727021217,3.0,602487.5484255791,13.30882227761983
10292.0,1283646.18623924,186917.860531449,1.0,0.0,
10293.0,1284393.690624,186104.126962617,3.0,95168.21245316774,11.463401262218644
10294.0,1281855.15666941,191797.506296441,3.0,155901.4202246246,11.95697916484802
10295.0,1274359.55358973,230825.087712407,4.0,147843.60678279892,11.903910283106592
10296.0,1274618.49003799,230818.7071044,4.0,206943.4009087622,12.240200609298387
10297.0,1257299.64803626,251728.015349805,4.0,55168.93525185594,10.91815530667578
10298.0,1261408.50173646,193166.21253784,2.0,323577.0886503214,12.687192660208515
10299.0,1278814.66636229,212265.448973402,3.0,1800753.1494122138,14.403715551694805
10300.0,1278942.70943442,211981.493837118,4.0,1911614.6603807197,14.463458814824298
10301.0,1278970.12831445,202032.728578925,4.0,584120.1324965771,13.277861946985473
10302.0,1260756.1427598,205787.350022763,2.0,88438.30644895275,11.390060485635534
10304.0,1277110.06738454,214259.007631451,3.0,329626.2052647321,12.705714580121356
10305.0,1277107.70655254,214140.901903316,3.0,202636.1374272316,12.219167223238616
10306.0,1255780.62486671,215904.19432112604,5.0,633968.425205281,13.359754429663846
10307.0,1255752.94934668,215226.36065644,4.0,119574.48951976631,11.69169479941763
10308.0,1281706.85842925,232798.453794435,3.0,307575.0749238312,12.636474482523662
10309.0,1262946.77949804,193802.4166345,3.0,188280.1602981804,12.145686346896596
10310.0,1267730.15735894,234303.689315975,4.0,946474.2220236008,13.760499014208971
10311.0,1282329.63014188,275700.490062356,4.0,199116.8656524671,12.201647195919527
10312.0,1269092.00305633,282309.830869123,1.0,0.0,
10313.0,1272680.94802001,180895.851245284,3.0,48791.76635526722,10.795316855377912
10314.0,1272879.28946021,180891.500205278,1.0,0.0,
10315.0,1261313.11472836,281666.878036469,4.0,983845.6226652344,13.799224276190923
10316.0,1280307.18009181,169847.67452997,4.0,630692.442157237,13.354573609318862
10317.0,1271248.53713854,270725.519049272,1.0,0.0,
10318.0,1283349.00607893,197914.256510705,5.0,2450617.686239599,14.711850667577291
10319.0,1254258.58979315,252577.786294684,3.0,57950.32844005934,10.967341516397381
10320.0,1288225.12685193,253078.317431197,2.0,186344.0,12.13534970691119
10321.0,1288622.91744433,253076.264631197,3.0,279502.0,12.540764727186753
10322.0,1260230.76554327,260601.744318902,4.0,259503.86434291623,12.466526872972063
10323.0,1260257.44067928,190465.37643908,2.0,189536.29421710817,12.152335811377467
10324.0,1259802.44189481,256967.040635183,3.0,58859.92678447741,10.98291577789402
10325.0,1259539.71440655,256971.236155182,3.0,55443.03881988618,10.923111445130129
10326.0,1258773.28912577,194559.246203274,4.0,1776834.5261485344,14.390343983019518
10327.0,1283125.5163507,228168.125149682,3.0,113548.18045577376,11.639982523237759
10328.0,1268176.78967939,227837.858077347,4.0,100726.54279452826,11.52016462684002
10329.0,1268393.41687962,228076.074781597,4.0,145871.91019991218,11.890484188215687
10330.0,1263561.45572267,247647.99697764203,3.0,117354.65298111812,11.672955850950018
10331.0,1255885.1968348,244461.842926368,3.0,96922.08356414194,11.481662672472211
10332.0,1255878.26211481,245067.427630991,3.0,310732.69780107785,12.646688328984789
10333.0,1257739.40010071,240395.165034205,4.0,1007322.1240764586,13.82280600543072
10334.0,1270887.20715417,240876.133546695,4.0,1663977.597597871,14.324721437290615
10337.0,1274657.57560603,181726.548078135,4.0,222694.16293930425,12.313554642481234
10338.0,1274477.27870984,181399.478509799,3.0,108298.24386472168,11.592644217388743
10339.0,1269988.70865725,174576.752998814,1.0,0.0,
10340.0,1281354.43097289,207937.75712896895,3.0,1095423.2468373512,13.906651373342603
10341.0,1270793.46424207,232611.77078624105,3.0,89458.74424489353,11.40153283983146
10342.0,1270860.3892981398,232581.01853020492,5.0,558945.9282910484,13.233808018104533
10343.0,1277951.8104894,237810.492007568,4.0,955432.2555146576,13.769919140635274
10344.0,1279009.10399449,261858.95046418897,3.0,245674.13620830057,12.411761287230961
10347.0,1274545.36914192,217111.910738364,4.0,66713.59840863454,11.108164085316618
10348.0,1274506.43186188,225328.160026774,4.0,410023.3009445165,12.923969268637629
10349.0,1269422.60740867,227575.070237085,4.0,108243.71117969535,11.592140548839449
10350.0,1272307.72856362,222517.907095894,1.0,0.0,
10351.0,1251417.02921423,211952.390861079,3.0,37354.8850142933,10.528218972217326
10353.0,1270713.972914,245397.159279332,3.0,23654.880743188227,10.071324746547075
10355.0,1256774.96502772,258717.280252963,1.0,0.0,
10356.0,1255403.49206632,241832.306475684,4.0,1102558.504467732,13.913143950172081
10357.0,1284379.05875199,246936.0443369,3.0,53547.70737125769,10.88832826209773
10358.0,1284634.06188825,246933.772976905,4.0,479124.2358556844,13.079715207806936
10359.0,1269010.67512025,240450.780714259,3.0,17908.91390069428,9.793053851155332
10360.0,1261496.41360855,235760.859301463,4.0,529484.1088321537,13.179658431924805
10361.0,1278368.62130584,214415.613967597,4.0,636332.3600514176,13.363476284522761
10362.0,1278343.75128981,213224.256718382,3.0,644450.3814330634,13.37615311070654
10363.0,1276208.92255162,236788.74109451505,5.0,387046.3051984835,12.866299616529895
10364.0,1265744.3762369,236208.460453928,4.0,87845.3138489593,11.383332749551146
10365.0,1271135.63941042,223079.43912847296,6.0,524864.692867648,13.170895780485079
10366.0,1264852.6195,237693.114663437,4.0,605915.8381763145,13.314496374509435
10367.0,1264868.70346801,238351.880360112,4.0,512081.7252070544,13.14623951082883
10368.0,1281516.46380505,205868.59623085,3.0,13061.15466663071,9.477397811374853
10369.0,1255770.07632269,206505.291847497,3.0,75966.59203404751,11.238048944126142
10370.0,1260235.37706326,191186.682039812,3.0,111652.39386984012,11.623145697878938
10371.0,1264064.82679519,285359.015064254,3.0,122885.91861346812,11.719011713021272
10372.0,1264065.38877919,285402.571352288,3.0,174780.56144742903,12.07128653148573
10373.0,1264931.46378808,186459.550770983,4.0,375437.5028203662,12.83584729910473
10374.0,1275028.93151042,284609.334423482,3.0,139764.0,11.847710564890653
10375.0,1272651.05765198,227161.990364656,3.0,30855.478303173542,10.33706959227733
10376.0,1278176.19884163,231783.41481739297,3.0,42714.67258525376,10.662297760456347
10377.0,1278490.02034596,231773.393185377,4.0,55807.26365232932,10.929659312878448
10378.0,1276295.95845571,262615.626816958,4.0,157591.0457025685,11.967758638183723
10379.0,1256942.31081989,241092.027114928,2.0,6141.501971100759,8.722824611926873
10380.0,1253276.12329614,215178.53665638,3.0,86771.24755370761,11.371030596391998
10381.0,1253040.6985279,215186.741648391,2.0,17433.21022560427,9.766132299731153
10382.0,1278625.4026181,259551.809405819,1.0,0.0,
10383.0,1278827.69490631,259544.571581811,4.0,1000994.2629456891,13.816504326957945
10384.0,1278056.75973751,228336.473245859,3.0,65489.81065137682,11.08964984694783
10385.0,1270852.13176213,197650.972606435,1.0,0.0,
10386.0,1270389.22129767,253510.427511632,3.0,233275.21995794144,12.359974237014399
10387.0,1271050.96401834,253827.57515996703,3.0,362565.2453725767,12.800959724315803
10388.0,1278715.77285819,253267.425655395,4.0,74597.37121055023,11.219860547106489
10389.0,1259093.6103421,212181.160397321,4.0,247657.3865174087,12.419801564009738
10390.0,1265678.28350084,237135.823782876,3.0,1437.7044853026234,7.270803013200145
10391.0,1255411.01334633,242162.25860402,4.0,102386.33180895267,11.53650850425031
10392.0,1271889.38821121,245281.451823205,4.0,51880.36328495563,10.856695640814415
10393.0,1271880.9837312,246156.18302410803,3.0,43120.98115306374,10.671764959337548
10394.0,1282002.40242955,273943.148108557,3.0,162036.54240962982,11.995577159207151
10395.0,1265439.75089259,286590.428889513,3.0,138278.54477797545,11.837025370245556
10396.0,1271784.21387509,284147.583063006,4.0,279277.61475472304,12.539961601047526
10397.0,1271786.47441909,284464.42203933,4.0,40199.32519680549,10.601605488317107
10399.0,1275725.53605513,271507.338314071,3.0,622045.589784712,13.340768664509149
10400.0,1279500.87596299,276926.694607615,3.0,58334.65416320655,10.973951606779023
10401.0,1273988.08517335,258478.264636725,2.0,186344.0,12.13534970691119
10402.0,1273990.56907734,258698.253372952,3.0,235663.5825987157,12.370160569556578
10403.0,1265315.08868447,281114.772563905,4.0,147154.58070657638,11.899238882681532
10404.0,1260892.99319194,261032.246783346,1.0,0.0,
10405.0,1265303.93322845,242787.873132661,3.0,71662.40649384663,11.179721572402903
10406.0,1271977.87921929,207772.102984801,1.0,0.0,
10407.0,1272565.04862788,207762.253896788,3.0,164085.79399976143,12.008144704164259
10409.0,1257261.00573222,219297.518228605,4.0,159650.96391722784,11.980745235814823
10410.0,1279130.12933861,203362.37126828695,3.0,93182.0,11.442309848973883
10411.0,1274266.78206964,219306.081876606,4.0,756606.3345782198,13.536598363572953
10412.0,1273569.01771691,256717.087418929,4.0,107437.70077946162,11.584666430925894
10413.0,1255399.60265832,257941.552828178,4.0,117520.07074518432,11.674364412831787
10414.0,1259553.17008656,258528.60447678,2.0,8892.246061109308,9.09293494689075
10415.0,1259543.94800656,258795.29682904496,3.0,240105.9344198125,12.388835498354595
10416.0,1277651.5850171,267084.036165535,1.0,0.0,
10417.0,1269683.39627294,224194.549465612,4.0,197046.089201705,12.191192935695447
10419.0,1260983.92023203,238323.399464086,3.0,113571.17047034844,11.640184971990447
10420.0,1260725.75242376,238327.968360096,3.0,184841.6141450754,12.12725459760716
10421.0,1269115.72708836,281384.315988183,4.0,183789.3177214824,12.121545368180374
10422.0,1269783.11224104,281375.748372167,4.0,968497.5638235738,13.783501246414122
10423.0,1260797.56298384,188397.347060964,1.0,0.0,
10424.0,1260798.46915984,188180.489588737,3.0,139768.0,11.84773918415428
10426.0,1274109.04850148,283899.559638754,1.0,0.0,
10427.0,1288242.29088394,182920.182511359,1.0,0.0,
10428.0,1263587.6259627,253783.387255922,4.0,103468.96739517713,11.547027014798324
10429.0,1262928.28145002,253795.100791931,3.0,60990.7994381547,11.018478302896918
10430.0,1274922.94085431,212028.351629153,3.0,1497281.4678427265,14.219161666999009
10431.0,1262032.11856911,187168.185843706,4.0,1865089.0325169037,14.438819348535564
10432.0,1262780.07575387,170313.108002439,1.0,0.0,
10433.0,1262620.0383137,170380.49040252,3.0,95362.01926300608,11.465435657232348
10434.0,1271936.64433925,278193.373520911,1.0,0.0,
10435.0,1272783.62891611,280432.026195198,1.0,0.0,
10436.0,1272764.32645209,280643.99790743,4.0,197834.5951056048,12.195186582299291
10437.0,1288689.99174841,247641.246001631,4.0,17140.674694452708,9.74920955511407
10438.0,1289043.85325277,247638.980913624,4.0,59868.50542493207,10.999905859935378
10439.0,1285428.47660907,245855.174447805,3.0,22623.321459538205,10.02673657618227
10440.0,1271892.87576321,237773.023591518,3.0,16074.634063842695,9.684997784544544
10441.0,1270468.57348974,194943.409147665,3.0,265583.7441126696,12.489685490316282
10442.0,1270725.01816201,194948.763131678,3.0,516150.69361821614,13.154154043723533
10443.0,1276747.18559217,247683.181617677,4.0,102204.54129010125,11.534731391088409
10444.0,1277163.8937526,247754.35601773896,3.0,46434.44905118106,10.745796899192612
10445.0,1273735.02891709,249525.270131558,1.0,0.0,
10447.0,1255711.96227463,203987.269636929,4.0,509240.8667146597,13.140676399150921
10448.0,1265788.68586895,241531.373355374,3.0,66729.60564164954,11.108403996119206
10449.0,1265806.76292497,242313.22839617697,3.0,35100.84146202321,10.465980382443616
10450.0,1279329.40908282,210844.047627941,1.0,0.0,
10451.0,1279687.50354718,210832.727051929,3.0,123492.61963838244,11.723936673251371
10453.0,1267070.72657426,245991.285679936,4.0,135445.01590207353,11.816321050247625
10454.0,1253282.01404814,216498.646545738,3.0,157401.66951118864,11.966556221714708
10455.0,1256537.24304348,243332.294637218,1.0,0.0,
10456.0,1275185.91147858,221937.32923930895,3.0,271888.709497545,12.513148105291847
10457.0,1274950.57535033,205873.890566856,4.0,541897.656443427,13.202832436841822
10458.0,1256367.83657931,257256.33273147,3.0,372075.7651068153,12.826852782159415
10459.0,1256071.042211,257262.211323485,1.0,0.0,
10460.0,1270180.87755345,248345.163890347,3.0,144345.85402270922,11.879967462979327
10461.0,1273932.3749653,237486.812199235,4.0,451783.0041679622,13.020957264264998
10462.0,1276551.80210397,229281.416222826,3.0,19484.391384322087,9.877368982197588
10463.0,1276902.31288832,229274.009118825,3.0,20508.38725577723,9.928589215881988
10464.0,1261574.27005664,240328.925290138,4.0,261016.56834648264,12.472339164544767
10465.0,1272090.8576514,209712.680458784,1.0,0.0,
10466.0,1287469.58310716,186575.89137910295,3.0,47885.48714152113,10.776567755058847
10467.0,1287649.47021134,186569.980659097,1.0,0.0,
10468.0,1284958.99462458,201858.55897875095,3.0,662474.6649590337,13.403737594540017
10469.0,1262457.16330554,267610.343814075,3.0,153004.87228859583,11.938225044891032
10470.0,1275617.58482301,203678.086532608,1.0,0.0,
10471.0,1264726.57181986,264234.477250621,4.0,203389.7510688303,12.222879373268228
10472.0,1270291.34808156,275828.282446489,1.0,0.0,
10473.0,1270423.9091697,275825.142350495,3.0,71212.48732536951,11.17342346580541
10474.0,1279029.39922652,232973.628642604,2.0,42813.66454900042,10.664612595779172
10475.0,1278973.23922645,227020.12578851,4.0,425939.4524807376,12.962052484823129
10476.0,1271298.96913859,254789.911480948,4.0,481863.5041343165,13.085416166484558
10477.0,1275773.92440717,237392.325223133,1.0,0.0,
10478.0,1273408.07678875,246114.456688061,4.0,1276236.432046173,14.059426017294745
10479.0,1273797.11768515,264007.835650384,3.0,48666.01222055337,10.79273616440907
10480.0,1261937.06692101,251010.813045084,4.0,101347.72959709908,11.526312750021916
10481.0,1272211.12677152,224979.812954426,4.0,98886.66101358944,11.501729635042258
10482.0,1267191.74308638,197703.400958493,3.0,1156823.1509244924,13.961188143087915
10483.0,1285838.19628948,258400.974140644,4.0,519042.1954159451,13.159740460222718
10485.0,1267533.80996674,190436.457207054,4.0,604897.6262843277,13.312814509941708
10486.0,1277204.39269663,283115.979477957,4.0,158885.92359896336,11.975941762061854
10487.0,1259585.19171859,245443.710383371,3.0,75176.24817796043,11.227590611349891
10488.0,1259589.4705666,245644.084655583,4.0,47357.38116236265,10.765477971626169
10489.0,1284301.41228791,203183.133444101,1.0,0.0,
10490.0,1275329.55263072,264624.831747025,1.0,0.0,
10491.0,1268893.89752012,253950.07820008704,3.0,217897.2313179449,12.291778814647053
10492.0,1278534.28178601,213493.405518666,1.0,0.0,
10493.0,1278595.13004206,213491.375630662,3.0,67270.4797347578,11.116476782475683
10494.0,1257592.14518856,252388.217142493,4.0,126879.22863450705,11.750990957361758
10495.0,1282041.8610536,265747.211396173,3.0,605974.7676467336,13.31459362663794
10496.0,1254439.53040133,215220.913488433,3.0,1230469.8144047162,14.022906617349994
10497.0,1277627.96863307,265354.233859763,3.0,183177.9268393008,12.118213237278024
10501.0,1281020.73087655,211896.00282903,2.0,51600.41767460413,10.851285045905966
10502.0,1285799.42995344,251140.050037205,4.0,1059966.1878852544,13.873747567358032
10504.0,1280406.48108391,198189.564734995,1.0,0.0,
10505.0,1280404.42367592,198106.62815889705,3.0,84451.3894797698,11.343931375383834
10506.0,1275561.33887096,241186.46231502303,3.0,434924.6057354837,12.982927974900836
10508.0,1281175.1560927,247256.474097237,3.0,72385.1359447631,11.189756252665584
10509.0,1274277.26859765,261009.340991318,3.0,243528.7092833859,12.40299011715599
10510.0,1284654.56908827,195893.423932642,3.0,97305.5898859473,11.485611716533644
10511.0,1283752.29459135,257503.376187727,3.0,93182.0,11.442309848973883
10512.0,1283754.53676735,257672.873915896,1.0,0.0,
10513.0,1260234.07063127,246161.67051211,3.0,21210.88790829659,9.962269909402764
10514.0,1259600.83011861,246176.06123213505,3.0,1103.191927336034,7.005963008954163
10515.0,1280799.23001233,280682.775059462,1.0,0.0,
10516.0,1273492.00773284,240681.829802498,3.0,38228.67884772907,10.551341268095124
10517.0,1264607.97661974,172438.195620626,1.0,0.0,
10518.0,1264602.95921174,171990.062948167,3.0,253457.79020851385,12.44295258009617
10519.0,1276158.14085557,283774.219670624,3.0,290605.8081597008,12.579723016703516
10520.0,1261089.79895213,286439.533849359,3.0,111059.23790121514,11.61781901272645
10521.0,1254892.1705938,250714.81528477403,3.0,262863.067518082,12.47938851974681
10522.0,1263064.50333816,243684.021293581,4.0,1076584.0890574886,13.889303706119504
10523.0,1263036.86129013,243684.226349577,4.0,2076711.9188055552,14.5462963926152
10524.0,1263868.00401099,198402.359551206,3.0,1635642.905834112,14.307546499602337
10525.0,1256879.41430783,193424.769466117,1.0,0.0,
10526.0,1256857.5003238,192635.0751293,3.0,49156.48617351972,10.802764083776273
10527.0,1264217.34711534,268997.397191495,2.0,0.0,
10528.0,1260130.55447115,195184.743291914,4.0,809811.7834306099,13.60455713351238
10529.0,1256840.64566779,244122.478446022,3.0,255850.93403207077,12.452350264928434
10530.0,1266443.47652562,228108.600669622,4.0,209973.93092556755,12.254738663544112
10531.0,1260353.90410338,235783.331365481,2.0,200327.35482651016,12.207708081607807
10532.0,1277541.49240899,229078.512094617,3.0,459240.4669979261,13.037329245100198
10533.0,1277560.789625,229705.87503926497,5.0,441262.4897053119,12.997395192110217
10534.0,1260415.90167145,191181.781175807,3.0,631591.1687918293,13.355997578985678
10535.0,1260431.54595947,190665.169335291,3.0,644630.478395791,13.376432529895066
10536.0,1259771.11491878,258524.00242877,2.0,13008.112583550148,9.473328486697104
10537.0,1259793.91440681,258790.481533051,3.0,260687.07386599545,12.471076016283428
10538.0,1276180.76811959,250663.29765272103,3.0,278691.82959630433,12.53786189691654
10539.0,1283606.2683512,195911.099452659,3.0,3800.5455834463096,8.242899909999766
10540.0,1276280.41387969,258961.864765227,4.0,758337.031488182,13.538883198374899
10543.0,1262077.75991315,277786.7011365,3.0,1012442.5827299422,13.827876367939977
10544.0,1261624.51210469,277357.347664058,1.0,0.0,
10546.0,1265799.22455697,278754.042001486,3.0,58471.568273409015,10.976295902657272
10547.0,1265811.75441298,279449.818194196,3.0,1058893.0156885176,13.87273459557898
10548.0,1274092.09118946,234175.115747839,4.0,957049.8100917347,13.771610717243364
10549.0,1283066.06598264,233521.729635164,4.0,1059438.031144411,13.873249166206394
10550.0,1283406.349759,233512.291939154,4.0,834471.5305836401,13.6345539059642
10551.0,1255882.63056281,235081.95485276,3.0,36341.52350003373,10.5007162645726
10552.0,1253984.91024086,237815.162919566,3.0,79975.8885514517,11.289480475121135
10553.0,1262445.53770553,233113.333410755,3.0,506734.18529792567,13.135741855732396
10554.0,1277919.33682537,266552.145476997,1.0,0.0,
10555.0,1261680.23671274,251660.444981739,3.0,87027.08731377793,11.373974697612084
10556.0,1277773.52607322,222060.683287427,4.0,410838.9089191714,12.925956467544474
10557.0,1278738.04677822,217313.510354578,4.0,49986.21763607753,10.81950259913414
10558.0,1281816.24370937,211552.398220673,3.0,349050.2202510032,12.762971088399647
10559.0,1284900.14764853,198813.261631623,4.0,222440.9827510892,12.312417099341953
10560.0,1263694.5000748,260085.215870366,3.0,1173677.242319669,13.97565232020923
10561.0,1263700.29335481,260268.161342561,1.0,0.0,
10562.0,1263074.79133818,264491.994754881,3.0,139544.0,11.84613524269797
10563.0,1259585.6930306,192269.642808929,3.0,129302.1048743382,11.76990684362465
10564.0,1265515.65098867,193073.692089751,4.0,1050007.2351174934,13.864307612698054
10565.0,1265499.90327665,192404.371577069,4.0,1084887.0733643663,13.896986459691503
10566.0,1278277.06341773,221143.241878495,3.0,3966.792409257691,8.285713089741947
10567.0,1250811.79714961,215103.211024314,3.0,1173030.7265755464,13.975101322156597
10568.0,1285841.77043349,184607.477361083,2.0,561189.239291073,13.237813452563092
10569.0,1262093.01872917,268284.274886772,3.0,76914.90924276244,11.25045501502117
10570.0,1262081.65719315,268414.145030901,1.0,0.0,
10571.0,1277061.3628085,224223.558553651,3.0,36401.6761579375,10.502370100859627
10572.0,1288077.78957178,247645.589169636,3.0,39252.91363964419,10.57778095331261
10573.0,1270512.99960178,227872.748765379,4.0,49018.38214867316,10.799950652634427
10574.0,1270205.58251348,228168.873821691,4.0,144845.47988936055,11.883422797252264
10575.0,1256238.28137918,198543.868159354,3.0,235046.63948963137,12.367539239347867
10576.0,1274430.8067098,212994.669262156,2.0,187490.14351409872,12.141481555086054
10577.0,1255548.67715447,250448.596020505,4.0,546974.4137169966,13.212157304655618
10578.0,1274553.85733393,217619.494674891,4.0,192524.4127337614,12.167978244065239
10579.0,1282461.68895802,205252.534150228,1.0,0.0,
10580.0,1283017.03788659,205228.561094195,4.0,73604.6414196207,11.20646336549518
10581.0,1282439.704382,226534.94799602,3.0,46799.86539427027,10.753635605710796
10583.0,1270801.20107408,222486.212631866,4.0,75793.56562887039,11.23576868186477
10584.0,1270800.96389009,222474.822551861,4.0,163397.65746223583,12.003942125088848
10585.0,1265697.51050887,262885.071809232,4.0,855836.5033735377,13.659834636149068
10586.0,1285849.83372949,257140.216187358,2.0,17818.437733918363,9.78798902792901
10587.0,1281884.69074944,243563.736749455,3.0,227958.505126494,12.33691889631423
10588.0,1278994.28447448,203209.451012135,3.0,263427.9659612816,12.481535235629101
10589.0,1277103.77311254,213944.073551118,3.0,234146.3944314059,12.363701815951194
10590.0,1288092.96505979,249492.289843529,3.0,112427.02661332463,11.630059637834671
10592.0,1272757.79397209,190664.42162329,1.0,0.0,
10593.0,1265324.85937248,281902.952404708,3.0,860669.4395517384,13.665465783502883
10594.0,1271458.74833876,178677.049899012,3.0,93182.0,11.442309848973883
10595.0,1271522.85253082,178622.086122945,1.0,0.0,
10596.0,1265095.24830024,245397.756079331,4.0,183571.9261648238,12.120361837877969
10597.0,1263132.98282623,268252.028230727,4.0,773198.1673017358,13.558290656036391
10598.0,1282076.14214163,262433.08288078,1.0,0.0,
10599.0,1252572.57513542,240067.94948187505,3.0,74572.25119049524,11.219523749038784
10600.0,1268293.69361551,258853.54214111,4.0,417337.774432794,12.941651183529576
10601.0,1269331.77784058,213143.782478303,4.0,487232.9414617962,13.096497606929953
10602.0,1275121.97887051,223963.050201386,3.0,300027.82275184704,12.611630491844174
10603.0,1263808.02807492,190444.642551064,4.0,235097.22688165767,12.367754438974364
10604.0,1280053.78066756,272408.788618997,2.0,16172.049263877172,9.691039677001209
10605.0,1283314.6577269,183647.573104098,3.0,19216.368427034253,9.863517717066559
10606.0,1282148.2069737,181142.72247754,3.0,41304.038755503854,10.628715564858092
10607.0,1282152.28665371,180711.759085089,2.0,916.6098005644296,6.820681864320315
10608.0,1272775.1925641,211734.07438086,3.0,10985.125825305668,9.30429743903674
10609.0,1264875.29822001,280815.579219595,3.0,59677.65627705629,10.99671296260945
10610.0,1263853.48138697,285410.408280298,2.0,74954.42138841002,11.224635492963749
10611.0,1278530.28505,174623.782438859,1.0,0.0,
10612.0,1278527.854266,174450.181414679,3.0,91290.3285096487,11.421800130080953
10613.0,1281448.41273299,217754.834963024,4.0,380579.5143567105,12.8494504077942
10614.0,1283767.25983936,255631.740473807,1.0,0.0,
10615.0,1255925.63043486,236666.244326383,3.0,195285.59575158576,12.182218359672609
10616.0,1256846.09347579,217407.402578667,4.0,185795.31450867932,12.132400887114292
10618.0,1266681.75396587,244509.142318428,3.0,44396.08895409107,10.700906657920891
10619.0,1279659.60594715,267134.860549584,4.0,800537.1664997723,13.593038239447633
10620.0,1288508.31334822,187888.830708444,4.0,1459032.0422858354,14.193283789077224
10621.0,1258414.46634141,253715.553399846,4.0,229551.91324831155,12.343884484420728
10622.0,1263895.15812302,262641.798976988,2.0,316079.88050604134,12.663750247035471
10623.0,1263420.15677853,262480.88070482,2.0,270744.20137441985,12.508929747734243
10624.0,1263991.70353112,243048.919852927,3.0,110931.28700615418,11.616666252631996
10625.0,1263721.43997884,243052.64823693,4.0,1133083.409547663,13.940453155612596
10626.0,1258357.54717334,250423.397556484,3.0,309488.9864878846,12.64267778562027
10627.0,1277518.93240896,252628.43615073,4.0,1077210.1007812654,13.889885016761308
10628.0,1277521.43634497,253289.645111412,4.0,1096802.642283255,13.907909816311271
10629.0,1282322.13932589,249887.573811933,4.0,361542.16342587455,12.798133948429387
10630.0,1263112.65937021,194627.021307334,3.0,211198.9209156389,12.26055572150024
10631.0,1282913.97247849,211864.33230099097,3.0,251839.26571634837,12.436546328531689
10632.0,1282902.86783847,211528.168268651,4.0,228730.00018922304,12.340297548448682
10633.0,1279642.28805913,265814.386116236,3.0,60696.66756759567,11.013644075500917
10634.0,1264126.12388325,235266.286180958,3.0,486200.06952592207,13.094375483862756
10637.0,1283677.79801527,207105.020296112,1.0,0.0,
10638.0,1283675.75212727,206963.957895979,4.0,2075974.425066668,14.545941203859984
10639.0,1255241.39069015,235606.267429307,4.0,4991.576973536771,8.515507165580502
10640.0,1280214.98245972,225194.677018642,4.0,424794.7345418693,12.959361353686788
10641.0,1280208.00709972,225371.715418831,3.0,45391.871146789104,10.723088318367944
10642.0,1267166.36881436,249740.471091777,4.0,530262.5956705381,13.181127626356096
10643.0,1267190.92023839,250009.78488405,4.0,69869.34870493563,11.154382329976439
10644.0,1271976.98680329,212059.662605196,4.0,409806.1957920796,12.923439633735796
10646.0,1264019.12311514,189774.218998373,3.0,12635.741527118867,9.444284706435688
10647.0,1265777.60612494,278464.038993195,3.0,186346.0,12.135360439691786
10648.0,1290424.30291818,182311.489838734,1.0,0.0,
10649.0,1290395.68487015,181393.00970979,3.0,581558.4019826262,13.273466679229884
10650.0,1257766.07069273,168296.264608383,3.0,55233.05746156911,10.919316920073282
10651.0,1257326.79664429,168223.383520305,1.0,0.0,
10652.0,1273398.73758875,242298.08375616404,3.0,448133.6975507125,13.01284689890798
10653.0,1263936.75025105,240988.851818815,4.0,619771.9943106569,13.337106938272408
10654.0,1263940.34506705,241139.046698973,4.0,1722004.1561318217,14.358999377516158
10655.0,1268925.45092817,228027.40790154,4.0,207946.57726926,12.245036485642766
10656.0,1257528.17219649,249659.572019696,4.0,564163.1683965272,13.243098794306983
10657.0,1264885.20503603,242852.690284729,4.0,175254.19125395518,12.073992720467947
10658.0,1279487.86745098,263169.991169527,4.0,1806150.74623216,14.406708479150176
10659.0,1265423.44151658,247630.347057611,3.0,47056.40651246029,10.759102299664576
10660.0,1255680.2638426,238520.094248295,4.0,158700.79566460164,11.974775920141514
10661.0,1254782.23478568,254424.843320578,3.0,137818.57488506124,11.833693424450402
10662.0,1254783.83516969,254590.388280749,1.0,0.0,
10663.0,1260921.27171996,246891.383280858,4.0,368494.4589804074,12.8171809538103
10664.0,1280894.64447641,229619.108127177,3.0,2162025.3559650104,14.586556005125937
10665.0,1278742.03429821,234080.375139743,4.0,690797.9683574652,13.44560268425072
10666.0,1278429.9909699,234569.092644244,4.0,47264.03985480981,10.763505028568941
10667.0,1271912.91083522,196838.315773606,1.0,0.0,
10668.0,1269681.74436894,240432.098986238,4.0,157868.32669472566,11.969516589208979
10669.0,1256190.24867512,217946.662675217,4.0,206499.3921283479,12.238052747690505
10670.0,1270584.62673786,256142.472762331,4.0,807258.4853655191,13.601399200012189
10671.0,1263254.89105035,169720.313569844,4.0,83820.3861210967,11.336431528019355
10672.0,1262778.30602586,169750.569057867,1.0,0.0,
10673.0,1281683.88569322,171697.758115858,3.0,203700.0599991349,12.224403896761418
10674.0,1284969.17536059,202507.348419413,3.0,543218.6483062982,13.205267185098132
10675.0,1275987.49157539,242781.20452465105,3.0,80068.92048436296,11.290643048827212
10676.0,1276289.25343171,214903.046352103,3.0,41091.84426632786,10.623564944450843
10677.0,1276469.94040789,214898.641168103,3.0,45185.04419925024,10.718521430519715
10678.0,1269560.46737681,229671.398751229,4.0,85847.938296515,11.360332850853968
10679.0,1256460.6447714,195062.639227793,3.0,187078.2603098842,12.139282312619143
10680.0,1255784.3735387,195090.112251818,4.0,180500.5309727089,12.103488998427803
10681.0,1271621.11877093,273658.976780266,3.0,88923.27651146293,11.395529215256476
10684.0,1271013.10225829,245515.080303445,2.0,46592.0,10.749184131556358
10685.0,1277143.17887259,177120.51204142,4.0,403137.2388060668,12.907032325900326
10686.0,1272717.88030805,221820.579095185,4.0,46995.42139600616,10.75780545884059
10687.0,1272879.92594022,221816.608983189,3.0,4904.744334334548,8.497958247161792
10688.0,1265427.09732458,247779.026225775,4.0,129670.77193357436,11.772753993587402
10689.0,1279668.41305116,267793.75949426,4.0,409553.5080500498,12.922822840527989
10690.0,1279671.93004316,268053.829190537,3.0,29816.656245164064,10.302822450749323
10691.0,1269575.48766483,228742.184670269,4.0,191075.36693916903,12.160423220502642
10692.0,1254562.19651346,250876.656500936,3.0,77198.81794014365,11.254139424239472
10693.0,1254557.75689745,251318.313781396,3.0,109485.42799683394,11.603546741728591
10694.0,1272386.55256371,252220.69157432,3.0,208281.9588434776,12.246648012088945
10695.0,1285725.67091337,168977.949921072,3.0,179316.72393287413,12.09690892871187
10696.0,1285967.37939361,168971.797345072,2.0,224911.92609737665,12.323464164986877
10697.0,1270726.22949001,279816.323666573,1.0,0.0,
10698.0,1271103.95640239,279812.343378574,3.0,1837391.8747025796,14.423857664638494
10699.0,1268610.20023984,228314.326941833,4.0,150367.68772008174,11.920838825129275
10700.0,1275272.49823067,265698.55667612,1.0,0.0,
10701.0,1260383.25770341,237507.513319254,4.0,13329.685630071388,9.4977488292541
10702.0,1263965.18263508,247103.979313076,1.0,0.0,
10703.0,1263257.03114636,234402.112996072,3.0,171221.67790735525,12.050714357964353
10704.0,1269421.28196867,241706.752299547,3.0,29379.218310342392,10.288042843190881
10705.0,1285677.91251332,204350.292229295,4.0,1307403.9484628637,14.083554010244063
10706.0,1251028.73865384,239928.590505734,4.0,28833.042585917097,10.2692773204756
10707.0,1250756.62505355,239932.847017735,3.0,154111.0347422792,11.945428626416655
10708.0,1268078.3233113,228362.431517884,4.0,192520.14735422283,12.167956088813714
10709.0,1270052.54808132,245410.497839347,4.0,185671.81973484744,12.131735984262884
10710.0,1277690.99212115,223607.150041014,4.0,117241.30552221164,11.671989530230347
10711.0,1278012.95276147,223600.33736901,4.0,460148.4222433223,13.039304373473387
10712.0,1262866.20023395,268252.464902729,3.0,366914.1214947653,12.812883098277451
10713.0,1262875.25367397,268631.468743116,1.0,0.0,
10715.0,1272159.63243547,279780.85365054,1.0,0.0,
10716.0,1261844.76951291,287308.817562252,1.0,0.0,
10717.0,1268264.40990348,189001.492533579,3.0,1138230.7826013789,13.94498566976997
10718.0,1272437.65809976,210114.027403206,2.0,4241.233449030722,8.352609413710802
10719.0,1272752.58200409,210086.784331173,4.0,5928.699394750746,8.687560141587284
10720.0,1259124.03517413,247061.417073041,3.0,67263.56881270984,11.116374043843662
10721.0,1272755.49637209,246925.110256895,4.0,202794.5917186802,12.21994888228972
10722.0,1278795.91314627,231200.096096799,4.0,73424.95198044824,11.204019102072031
10723.0,1266460.48503764,270547.658825085,1.0,0.0,
10724.0,1266771.98116596,270543.435401082,3.0,326072.0,12.694873494858815
10725.0,1276267.02514368,259956.459198236,4.0,183789.5670432419,12.121546724742299
10726.0,1255037.18012995,213520.812942684,3.0,91243.12809529988,11.421282960064248
10727.0,1254382.75952128,213544.031374708,1.0,0.0,
10728.0,1274161.93650152,208419.604937464,3.0,132391.479095497,11.79351856312926
10729.0,1273634.06680499,206214.295047209,2.0,61513.90850777278,11.027018582823445
10730.0,1255288.3600982,253073.248567194,3.0,30709.08020804056,10.332313662092178
10731.0,1266575.58782175,255590.670393765,3.0,67538.73368357643,11.120456544631077
10732.0,1266598.45886178,255989.25714618,3.0,42503.010537547874,10.657330188581343
10733.0,1273241.11026058,228393.62665392496,3.0,172358.7511538912,12.057333346135477
10734.0,1261627.5383447,255706.773817882,4.0,610707.436349827,13.322373295901176
10735.0,1271290.15813059,244842.039342761,4.0,462168.6977900128,13.043685250145662
10736.0,1271301.58328259,245296.675183222,4.0,607599.0402184807,13.317270470075254
10737.0,1258522.73974951,285909.842648819,3.0,108599.85849136575,11.595425383455025
10738.0,1270928.92101021,171256.596899405,4.0,505504.0705745624,13.133311369981087
10739.0,1252809.03894366,216183.441745415,3.0,101345.95357397448,11.526295225813989
10740.0,1252779.26307163,215325.19182454,4.0,48245.8705160365,10.784065517944647
10741.0,1266559.39754973,189442.284982026,1.0,0.0,
10743.0,1264897.88222004,244313.408814222,5.0,296938.58116035804,12.601280598959425
10744.0,1282680.25606225,242871.549164742,3.0,2325.7435371432466,7.751795067817868
10745.0,1271958.62955527,200341.065985188,3.0,57329.998250213896,10.956579295381129
10746.0,1282363.74982193,206261.598727256,3.0,47837.7089551942,10.7755694977452
10747.0,1272074.04862739,221834.512151197,4.0,70307.27016947039,11.160630488802584
10748.0,1273592.11083694,236411.309158131,4.0,688694.2530290271,13.442552696832701
10749.0,1273908.49605326,236410.363238126,4.0,613288.0404462602,13.326589991091739
10750.0,1277589.69996104,258259.415996507,3.0,52070.71703725908,10.860358016702788
10751.0,1277945.8022974,258248.486268491,1.0,0.0,
10752.0,1274767.22763814,246621.241776586,3.0,42602.38869103138,10.659665603244877
10753.0,1265974.76881315,250298.546100348,4.0,203007.7076663032,12.22099922610265
10754.0,1284529.27532814,262025.634560362,4.0,171272.24123963667,12.051009623543226
10755.0,1276532.15090396,212106.04474924496,3.0,433148.3633691676,12.978835588872196
10756.0,1264814.32458796,210666.795979768,2.0,46592.0,10.749184131556358
10757.0,1264803.99127594,210390.108555481,1.0,0.0,
10758.0,1269322.58596857,256180.798458368,4.0,1113980.9527289837,13.92345060123431
10759.0,1274270.49336563,192132.237560794,5.0,1293444.8408009822,14.072819636329026
10760.0,1274380.43640575,191844.9464885,3.0,1294241.321213541,14.073435229092478
10761.0,1278331.92588179,178931.643883273,1.0,0.0,
10762.0,1278785.44921026,177771.718058079,4.0,112003.3995595295,11.626284503026667
10763.0,1271783.37989108,256106.157882303,1.0,0.0,
10764.0,1267981.5843672,197007.975549772,4.0,116474.0,11.665423351114764
10765.0,1267810.24644703,197013.118269786,3.0,279498.0,12.540750415916627
10766.0,1269228.12126447,229252.479262799,4.0,80982.69119985885,11.30199072192922
10767.0,1256535.53865948,197762.816510558,3.0,30755.8599353888,10.333835822083593
10768.0,1266329.47806151,244946.991534874,3.0,87444.65394271942,11.378761345847586
10769.0,1283395.11750299,233072.416226715,4.0,320966.14176725986,12.679090919188464
10770.0,1285054.18278468,177450.089449748,1.0,0.0,
10771.0,1274827.45650221,249436.740403473,4.0,1147107.0025196224,13.952753680792286
10772.0,1254577.08067347,251759.090741843,3.0,18396.458981549647,9.819913478421933
10773.0,1254854.71363376,207295.421192318,4.0,638426.2542658029,13.366761449375197
10774.0,1274090.25880545,218177.331795454,3.0,46914.37182839529,10.756079343066041
10775.0,1284702.49676833,256275.24313047496,3.0,46592.0,10.749184131556358
10776.0,1267971.03153518,242722.219756588,4.0,331328.7595051979,12.710866392565054
10777.0,1260634.62659967,236058.593317762,3.0,194333.2572733331,12.177329785275077
10778.0,1271880.33541119,241812.947627664,1.0,0.0,
10779.0,1277189.16959262,235718.672357425,1.0,0.0,
10780.0,1277222.94188066,235765.407205462,3.0,46668.32533345982,10.750820955151552
10781.0,1279741.23967524,207148.401416168,3.0,59681.72364512814,10.996781115913802
10782.0,1262262.49111333,239170.958120957,3.0,117026.8411247467,11.670158598791762
10783.0,1275597.858487,257323.715771541,4.0,419874.23476028605,12.94771050437119
10784.0,1259656.11383067,213363.243662521,1.0,0.0,
10785.0,1259631.31888665,212874.45460602603,3.0,54796.257175104656,10.911377170879208
10787.0,1264544.87895568,246314.298864275,4.0,198639.32975777547,12.199246046020976
10788.0,1267038.01764622,266163.230916589,4.0,2356978.1760476725,14.672890922667795
10789.0,1260395.11498342,259711.944957986,4.0,915517.673091368,13.72724494721553
10790.0,1268724.50411196,178410.300458729,3.0,4499.678703606205,8.411761274010747
10791.0,1258835.15971783,168568.930016652,3.0,38345.63759649681,10.554396047952146
10792.0,1258343.99965332,168607.158944696,3.0,2160.368373937831,7.678034029627059
10793.0,1282554.88691013,275568.880398229,4.0,118792.4250792268,11.68513292191843
10794.0,1267365.18731056,245464.635183394,4.0,393363.3890031195,12.882489117574229
10795.0,1278251.74853772,260224.338302508,4.0,162207.33483833223,11.996630640592507
10796.0,1276909.70725633,229516.289439067,4.0,228140.2726341289,12.337715949611107
10797.0,1270233.35083351,199952.792832792,1.0,0.0,
10798.0,1271807.79486711,266945.724421397,3.0,1045591.4498956504,13.860093264035735
10799.0,1272316.18885164,266929.725445375,3.0,1692377.524821977,14.341644917677222
10800.0,1259098.7527421,187231.503603771,4.0,552779.5100290095,13.222714484954523
10801.0,1259082.39581409,186711.41246724097,3.0,265083.2353726672,12.487799151396532
10802.0,1279773.49682727,250596.325684652,4.0,467343.3457674659,13.054819482288472
10803.0,1280033.50053954,250591.624628648,4.0,856828.9285554829,13.660993561032495
10804.0,1274858.29208624,216743.970193982,4.0,66027.38374065123,11.0978248401206
10805.0,1260493.93335153,251680.522997767,3.0,18651.649444812927,9.833689863242313
10806.0,1257739.69014871,259766.970110044,4.0,428927.4863592085,12.96904315415735
10807.0,1263551.13655466,252053.27851814,3.0,210607.0552861096,12.257749379004581
10808.0,1262643.16784973,255131.090233296,4.0,1401634.706865435,14.153149761176058
10809.0,1256722.70205167,192637.961337298,3.0,91316.2125658148,11.422083625471503
10810.0,1270304.39038557,231322.353760913,3.0,120549.17892289268,11.699813072494397
10811.0,1270420.0394737,231320.545056909,3.0,189713.4182625368,12.153269887541422
10812.0,1260512.50807154,242789.317036659,3.0,2228309.381100399,14.61675373084708
10813.0,1277079.90866451,237033.840678766,4.0,31641.849288769365,10.36223586798551
10814.0,1281120.68076465,228697.613278225,4.0,619877.799773726,13.337277640455929
10815.0,1281057.20025259,206888.293063894,4.0,2794316.209655869,14.843097986932108
10816.0,1276410.38571982,223930.234649345,4.0,1215262.9057653476,14.010470994695252
10817.0,1263820.64157894,236157.768933862,3.0,29571.44823351928,10.29456458809359
10818.0,1284291.53766389,260368.986622661,1.0,0.0,
10819.0,1264488.01783562,269546.625736058,4.0,1594530.1354494994,14.282089664877047
10820.0,1286198.63353784,247691.481137678,4.0,1679739.3699052976,14.334149202383326
10821.0,1280453.19986796,224521.536345959,4.0,426923.7931914776,12.964360806005477
10822.0,1280474.26047599,225183.918554634,4.0,588228.0742645914,13.284870033076587
10823.0,1273600.50258096,250809.910580873,3.0,267817.76564680453,12.498062049272633
10824.0,1277721.78962517,174458.70928669,3.0,293532.46989547665,12.589743542098796
10825.0,1278154.98885761,174454.115814686,3.0,202096.47595608307,12.216500466109961
10826.0,1278857.83263433,174445.022310674,3.0,175216.7358190693,12.07377897700374
10827.0,1278611.03948209,173780.124709994,3.0,53543.429627360856,10.888248372313777
10830.0,1285269.9736969003,252630.83211873495,6.0,488186.5837672432,13.09845295554586
10831.0,1285724.04198536,252622.585462734,3.0,885845.2086049172,13.694297506203116
10832.0,1267907.17047912,271781.705546349,1.0,0.0,
10833.0,1256591.88438754,219327.45090062905,3.0,17797.286726553917,9.7868012935689
10834.0,1256571.09078752,218861.996756151,4.0,9940.791793016471,9.204401953723268
10835.0,1267338.15716654,262183.912128523,2.0,28140.46355932619,10.2449638038563
10836.0,1262686.80784978,244513.599022418,4.0,151544.12353813535,11.928632106004262
10837.0,1262582.00004166,244516.782446429,1.0,0.0,
10838.0,1260506.55991155,197157.582845926,4.0,992270.9277348396,13.80775146161447
10840.0,1264727.46717986,246971.527536944,4.0,135044.6299059809,11.81336059468326
10841.0,1264587.46250772,246974.743024945,3.0,61709.89739003744,11.03019960853683
10842.0,1284903.52588852,192234.673080891,1.0,0.0,
10843.0,1275395.27557479,272520.333387107,1.0,0.0,
10844.0,1280215.81413972,220734.37922208,3.0,256043.62686205443,12.453103126372199
10845.0,1271661.54257897,179142.750123486,3.0,277869.4539848931,12.53490669239847
10846.0,1274149.04184552,287018.670809954,3.0,507045.63720790914,13.136356292739068
10847.0,1283825.01919942,250657.762292713,3.0,30586.243563970504,10.32830563012656
10848.0,1283994.8275836,251179.812085256,3.0,813.5300441279528,6.701382857910688
10849.0,1261533.23639259,210034.912715122,3.0,2211.829386277044,7.70157522868965
10850.0,1260873.36791192,210046.100043133,3.0,16110.550635002695,9.687229655289123
10851.0,1279648.53081115,231736.628513336,4.0,168175.34396100848,12.032762428148194
10853.0,1275696.4202791,217387.207442641,2.0,132050.01678931018,11.790936044868854
10854.0,1275840.85995924,217383.73761864,4.0,438137.77302297007,12.990288690178769
10855.0,1256388.76368332,258055.492860287,3.0,96715.35493477678,11.479527458233582
10856.0,1256052.88937898,258062.287164301,1.0,0.0,
10857.0,1270844.97886613,249623.77483566097,3.0,82820.96424033867,11.32443649963428
10858.0,1279209.51596269,236980.116390705,3.0,99264.96915808658,11.505548009928331
10859.0,1282011.46642956,231789.877729401,4.0,51102.6146455463,10.841590942114623
10860.0,1282024.19705358,232229.67248185,4.0,57468.94207514688,10.958999943034925
10861.0,1275391.25919078,241925.637675777,4.0,299831.034188867,12.610974375600286
10862.0,1263570.19223468,239000.311464787,4.0,679500.0060370939,13.429112521457947
10863.0,1284641.32435225,209528.442634597,4.0,72658.89274149302,11.193531066758625
10864.0,1276136.33835955,260623.077950925,1.0,0.0,
10865.0,1278728.5569862,218044.800275326,4.0,55367.73799641762,10.921752356470654
10866.0,1285599.98220924,256805.92581901,3.0,55150.261499979584,10.917816766283817
10867.0,1285483.93715312,256968.96389918,1.0,0.0,
10868.0,1281679.26105322,171306.772003457,2.0,28455.825535444743,10.256108182580705
10869.0,1278506.27032997,264091.692098469,1.0,0.0,
10870.0,1278509.50520998,264525.140034914,3.0,104022.880809911,11.552366161712952
10871.0,1293160.75380097,185127.199729607,3.0,46591.99999999999,10.749184131556358
10872.0,1293147.62720896,184632.246321112,3.0,113986.46668946676,11.643835007079366
10873.0,1287633.44563532,192561.207225233,4.0,26318.219082951346,10.178016719128335
10874.0,1272923.00523625,228388.608605906,4.0,459849.4229849875,13.038654373540425
10875.0,1269194.26468843,270762.926473305,4.0,21111.3299158546,9.957565138187912
10876.0,1280173.04524368,212549.112397701,3.0,1181690.9316893097,13.982456963644298
10877.0,1263862.11556298,237706.123815447,4.0,215008.2498073032,12.278431677570403
10878.0,1263533.02141865,237712.071591467,4.0,256661.3503558569,12.455512792047983
10879.0,1275629.31647103,263299.90924966295,6.0,753066.4229203205,13.531908713941228
10880.0,1275971.41317537,263284.982081652,3.0,296751.47166914504,12.60065027174907
10881.0,1277952.35116141,224827.540314272,3.0,187762.0554298688,12.142930777577623
10882.0,1253029.87081589,239438.605865225,3.0,112697.1995570825,11.63245985106858
10883.0,1252815.14979167,239446.199081242,1.0,0.0,
10884.0,1256300.48765123,239024.171048805,4.0,1770015.0797201474,14.386498624129622
10885.0,1255994.25238693,239030.109672815,4.0,1603111.9824100006,14.28745728717419
10886.0,1260932.30583198,247423.319281399,4.0,146598.99610546816,11.895456220563139
10887.0,1278450.05720991,253272.311159387,3.0,88712.29538318746,11.393153776314444
10888.0,1273099.64990844,251528.57874161,4.0,304870.8181020812,12.627643418661805
10889.0,1273516.07851687,251653.371189743,4.0,173075.7032638426,12.06148436888532
10890.0,1281770.09580532,248571.113202587,4.0,185687.64736310256,12.13182122581274
10891.0,1271878.00113919,244826.348078743,4.0,117947.9608656248,11.677998796561113
10892.0,1259798.19127081,195190.101883918,4.0,1111527.2482388287,13.921245526920659
10893.0,1270628.97144191,205464.470726445,4.0,101904.92575368832,11.531795557136615
10894.0,1254465.27836935,215946.58561717,4.0,96540.12438490114,11.477713997642295
10895.0,1254454.84662534,215673.498896897,4.0,95694.2513206443,11.468913505842053
10896.0,1285140.61862476,250492.66648455,4.0,181333.3591125371,12.108092379334687
10897.0,1267327.62865452,174595.248678833,4.0,674211.7431044598,13.421299499465562
10898.0,1277355.06136879,178149.08445847,1.0,0.0,
10899.0,1273007.60382834,190351.34155896297,3.0,4328.177710854092,8.372901880416734
10900.0,1272999.55499634,189704.62104630505,3.0,40967.76774492657,10.6205408839437
10901.0,1261278.20311233,239376.62602517,3.0,47429.28235885595,10.766995088224922
10902.0,1263166.23146626,236386.2658941,4.0,254145.27546112135,12.445661333133586
10903.0,1277428.56351288,265360.743043765,1.0,0.0,
10905.0,1281365.4280289,228275.288349792,4.0,451368.50737861806,13.020039374380197
10907.0,1281425.74316496,229605.878495157,4.0,134212.5593477539,11.80718008593474
10908.0,1281432.36716497,229761.281759322,1.0,0.0,
10909.0,1274490.65170187,249145.658995166,4.0,1124698.527061424,13.933025581763287
10910.0,1282281.11839783,226422.6190999,2.0,107169.08160354308,11.582163068141007
10913.0,1272484.61406781,229321.029342875,4.0,133476.4694013245,11.80168048212086
10914.0,1284185.62118378,257730.205115959,4.0,2215407.8064316334,14.610947055770792
10915.0,1284195.12934379,258449.094140694,3.0,559937.385663292,13.235580245144432
10916.0,1295392.50036326,181868.662958279,3.0,730067.7173236356,13.500892572279346
10917.0,1278172.55871363,176011.376808286,1.0,0.0,
10918.0,1278169.50719362,175788.686952055,3.0,185986.98107413156,12.133431956020528
10919.0,1282888.95481446,277234.459791929,3.0,945690.734976678,13.759670875955166
10920.0,1273774.87102912,284064.176726922,3.0,1428296.7919787075,14.171993237806545
10922.0,1272626.17253195,262535.45996888,2.0,8015.194496667308,8.989094331332794
10923.0,1288160.70214786,184713.645809188,2.0,518711.8155081841,13.159103739158873
10924.0,1259411.96336642,282128.732116938,1.0,0.0,
10926.0,1292765.77562457,187514.04901206505,3.0,105571.96188783158,11.567148102573796
10927.0,1287200.18861088,248722.544050738,3.0,93329.04835791822,11.443886681978483
10928.0,1272359.27998768,238662.463080436,4.0,194451.83348258628,12.177939768609052
10929.0,1272367.92037168,239074.720808849,3.0,152852.36843027384,11.937227822326664
10930.0,1281851.13503739,211881.493709013,3.0,5739.820348446329,8.655183190643731
10931.0,1282092.56825365,211877.535373002,5.0,108678.86714438185,11.596152639713246
10932.0,1254680.41212958,239201.790440992,3.0,59714.872137534825,10.997336382888392
10933.0,1254491.76163338,239205.085032985,1.0,0.0,
10934.0,1279873.12223537,204973.895301938,3.0,93182.0,11.442309848973883
10935.0,1271040.17272232,267813.587526292,3.0,94692.13798723884,11.45838625552969
10936.0,1271374.73669067,267802.83066228,1.0,0.0,
10937.0,1256256.82531519,243798.922285691,4.0,843618.8295353092,13.645456047792033
10938.0,1283506.21932709,255904.39020209,3.0,616169.8022788862,13.331277857580474
10939.0,1284077.97241569,255889.894202068,1.0,0.0,
10940.0,1257252.90992421,195449.256508186,3.0,48367.37874463192,10.786580872589907
10941.0,1271310.37989061,225869.082523331,5.0,1748911.0210984454,14.374503878549055
10942.0,1260132.10237516,209898.846090972,3.0,361511.1645403648,12.798048204033144
10943.0,1263559.42487466,238690.701864466,4.0,701833.891553975,13.461452033290628
10944.0,1286847.74118651,185412.628017902,2.0,32312.724051434856,10.383216365120282
10945.0,1275799.13304721,284460.253079325,4.0,1517658.853836536,14.232679477713223
10946.0,1279461.87045895,280471.979859248,1.0,0.0,
10947.0,1266667.26609385,174597.346470833,4.0,655902.2418127824,13.393767035194545
10948.0,1282343.25350191,274987.017741635,3.0,79835.50516786754,11.287723611402903
10951.0,1287606.18489929,176853.767145142,2.0,170433.44351064248,12.046100138853767
10952.0,1277882.60524133,256592.303866789,3.0,1050441.3231105474,13.864720941553488
10953.0,1279566.14783506,257869.420412108,4.0,1739348.122809037,14.369020958931069
10954.0,1266806.42167799,249749.173875779,4.0,400015.4106947817,12.899258352084937
10955.0,1283069.88915065,253840.92319198,3.0,79639.47795081747,11.285265203043858
10956.0,1251601.89334242,211372.477964491,4.0,244204.0752742912,12.405759528784404
10957.0,1251439.41897425,211377.460556492,3.0,1797178.8278983077,14.401728675504648
10958.0,1288807.26874052,187254.609523788,3.0,509673.2832484029,13.141525178333582
10959.0,1255514.58864243,248374.550962374,4.0,63420.74979880877,11.05754637077251
10960.0,1254856.19817775,248388.475442395,4.0,65980.2931176293,11.097111387295126
10961.0,1274877.43999025,230812.399712399,4.0,211233.11356781115,12.260717606250711
10963.0,1270667.46872194,270108.104264632,2.0,9440.028959299369,9.152714326857232
10964.0,1270674.25451395,270735.013129279,4.0,23106.56774367265,10.047872174007114
10965.0,1262117.1498652,254342.018360496,4.0,2541434.732619436,14.74823933488596
10966.0,1267733.31121494,283731.243670583,3.0,107984.60189301104,11.589743920876854
10967.0,1267991.64075121,283726.448406577,3.0,199103.36693921263,12.20157940070394
10968.0,1282358.41810992,175669.321383923,4.0,214767.7145350771,12.277312325548431
10969.0,1275058.21125445,277893.531920612,4.0,922767.2498484604,13.735132314674123
10970.0,1273545.00894889,223998.186329424,3.0,51629.43828511532,10.851847298192496
10971.0,1268421.61892764,244901.790510818,3.0,38510.78419590074,10.558693590037112
10972.0,1285447.33222508,255229.900089398,3.0,102495.59999995797,11.53757514980954
10973.0,1285514.72057715,193046.452281728,3.0,40061.23741334053,10.598164497742767
10974.0,1285462.2465931,192978.784121647,3.0,3915.31555651788,8.272651207097018
10975.0,1253051.33302391,208198.141449243,1.0,0.0,
10976.0,1258239.82659721,250176.259636223,4.0,2774140.898317367,14.835851671039034
10977.0,1258245.05757323,250424.53899647304,3.0,458102.1259219496,13.034847420601785
10978.0,1272818.21675615,230443.180640012,4.0,620575.6715211993,13.338402828683058
10979.0,1266592.95921378,234328.893347993,3.0,10746.656519815237,9.282349963766082
10980.0,1268079.4568793,179184.269035533,4.0,375254.3793420078,12.835359419892653
10981.0,1276106.55039151,237326.858791068,1.0,0.0,
10982.0,1257408.97987637,215175.081232384,3.0,210058.73009282132,12.255142437708722
10983.0,1257069.82371603,215183.694096386,4.0,381991.0341821752,12.85315241658598
10984.0,1255073.29161797,241837.563371688,4.0,983987.3212167098,13.79936829100901
10985.0,1255081.66563399,242497.501996353,4.0,122852.63545548836,11.718740830348349
10986.0,1283189.87084676,201224.120962098,3.0,301275.8879932901,12.615781695342216
10987.0,1256899.44310784,249673.926323712,4.0,516635.6812730689,13.1550932266994
10988.0,1285030.00403266,205720.33210270095,3.0,82940.18103537247,11.325874916524931
10989.0,1285026.40627265,205568.583430544,3.0,154122.18016127613,11.94550094450869
10990.0,1253674.94403255,211984.923917115,4.0,193216.50516572164,12.171566627575977
10991.0,1261270.07056832,264412.081538796,2.0,46581.99999999999,10.748969479399353
10992.0,1272772.2175241,212344.355597481,3.0,192943.90392546172,12.170154772403235
10993.0,1272408.15685172,212122.288141251,2.0,106657.42054058988,11.577377299918691
10994.0,1272575.0407559,226262.022363737,4.0,614943.9500486752,13.329286404503087
10995.0,1266948.23339014,236492.394278213,4.0,263392.45992708066,12.48140044194036
10996.0,1281582.53778912,197282.097662061,4.0,462816.0384209996,13.045084928889167
10997.0,1274100.53342946,230831.454816416,4.0,177535.67348396903,12.086926845078834
10998.0,1278692.40940216,270635.329609171,5.0,1784544.7146931835,14.394673878865548
10999.0,1272787.01534812,234773.945252448,3.0,60334.798499558114,11.007664305808051
11000.0,1285887.46688153,169924.88733004,3.0,364053.4260973733,12.805055910841267
11001.0,1285695.08665733,169343.659489453,1.0,0.0,
11002.0,1264189.57226731,233223.842402861,2.0,52872.21207911263,10.875633188322313
11003.0,1264193.81207532,233382.028451025,4.0,172351.4107929103,12.057290757539072
11004.0,1263816.47165893,191112.048375741,3.0,3996.555557777578,8.293188158577749
11005.0,1263704.62801082,191113.975479737,3.0,146480.98871088636,11.894650929126858
11007.0,1270070.94110534,246201.116656154,4.0,677119.6216613536,13.425603230024986
11009.0,1283521.29049511,268666.769863158,3.0,302025.83775372343,12.618267848173252
11010.0,1262734.98231383,246346.732848302,4.0,841188.0680007916,13.642570538212686
11011.0,1265654.68318081,247279.21355325,3.0,68787.23528695886,11.13877347308816
11012.0,1284077.68998368,190942.473207563,1.0,0.0,
11013.0,1253632.5989445,244711.692782626,1.0,0.0,
11014.0,1283164.73510274,249872.621107906,3.0,263998.7016930067,12.48369946428684
11015.0,1267095.09860629,271467.717002019,4.0,647504.9635783304,13.380881738284486
11016.0,1267096.15371029,271745.235530317,1.0,0.0,
11017.0,1282291.30604585,224742.100506186,2.0,18.999999999999982,2.9444389791664394
11019.0,1269180.10360043,246966.692208931,3.0,612090.1904412356,13.32463492063859
11020.0,1281012.76498854,248585.65125060096,3.0,7463.927457900216,8.917837023549112
11021.0,1281201.57401273,248581.991474584,3.0,7691.370155145612,8.94785422024967
11022.0,1274304.93195768,226765.595484257,1.0,0.0,
11023.0,1274303.53234167,226932.084956422,3.0,57936.02677550672,10.967094694161949
11024.0,1272939.07211627,229645.218975201,3.0,39536.36201276206,10.584976084721326
11025.0,1256976.11459592,255779.010553956,3.0,467541.1025886767,13.055242543821922
11026.0,1256982.44163594,256046.636986241,3.0,289782.0031239466,12.576884205918793
11027.0,1260375.2826634,192539.417849198,4.0,1462085.7273693637,14.195374554624324
11028.0,1278598.58316207,222625.892824009,4.0,1034904.1617436038,13.849819383045032
11030.0,1256913.78166786,236490.590822205,2.0,107.98891856353674,4.682028615966697
11031.0,1285169.3442568,200222.566849068,2.0,1447.1598831253964,7.277358213357868
11032.0,1269857.00811312,218943.871316239,3.0,358808.35555513547,12.790543696396005
11033.0,1255304.16649821,211264.283660382,4.0,750754.1673528999,13.528833536749785
11034.0,1276964.46629639,265236.924035639,2.0,85583.77227980657,11.357250967987516
11035.0,1286881.49933055,205134.769670099,1.0,0.0,
11036.0,1262112.02884118,266960.145349413,4.0,606153.9593461574,13.314889291111092
11037.0,1265176.67754832,270845.896777391,3.0,59896.41544617325,11.000371940011972
11038.0,1264774.79121192,234810.988836497,4.0,1702265.4340774126,14.347470530172908
11039.0,1285547.03974518,259731.24806201496,3.0,131021.59565214854,11.783117440903117
11040.0,1283575.59974316,199251.621312082,3.0,1232879.0762629278,14.024862704557574
11041.0,1267962.76843117,230137.883999705,4.0,307676.4689750968,12.636804084466766
11042.0,1268283.9938395,230129.839391693,4.0,605958.615678916,13.314566971760634
11043.0,1255510.07190643,248109.249650106,4.0,72868.68089974533,11.196414208397359
11044.0,1263565.21489067,252711.263734818,4.0,2203922.0711349044,14.605749090705563
11045.0,1283598.69651119,236488.174118206,4.0,353187.232074859,12.774753597780112
11047.0,1274047.31730141,275275.949261919,4.0,2279420.4919092767,14.63943179840867
11048.0,1286818.96697849,248334.969970345,3.0,81966.23406021974,11.314062661688409
11049.0,1286948.12877062,248148.644274145,3.0,54959.4049099926,10.91435009914461
11050.0,1277856.3884093,254109.86956025695,3.0,112172.13487688232,11.627789888970254
11051.0,1287779.09267546,189563.77189415705,3.0,85156.61554573993,11.352247375917763
11052.0,1258697.75939769,259622.0920939,3.0,74127.13571374147,11.213536948211994
11053.0,1258294.57226127,259619.667261899,4.0,87127.78326217763,11.375131093172978
11054.0,1276271.48773569,259624.928061903,4.0,110757.31167500552,11.615096705367058
11055.0,1276750.05893618,259609.883773878,1.0,0.0,
11056.0,1276162.86130357,217375.700242639,4.0,120221.38785966585,11.697090220859124
11057.0,1282691.41190226,212542.845069692,3.0,84970.85352289269,11.350063576938224
11058.0,1264720.98948386,240738.68529056,4.0,2702431.2774940915,14.809662398937792
11059.0,1264726.25329186,240976.055594802,2.0,1391367.4870272551,14.14579762510599
11060.0,1280279.78879578,199891.508160725,1.0,0.0,
11061.0,1284149.12876776,193420.849530101,5.0,128071.62520183288,11.760344958289103
11062.0,1284403.42944001,193062.934201732,3.0,122325.4481989508,11.714440380151844
11064.0,1281214.08217275,222890.359448284,1.0,0.0,
11065.0,1281315.50783685,223024.56456841496,3.0,93182.0,11.442309848973883
11066.0,1257852.51043682,207861.329160899,4.0,1815453.7320352688,14.411845984540847
11067.0,1271088.73893037,272737.070795327,4.0,1171014.2004593872,13.973380769286331
11068.0,1271751.51710705,272730.439243317,2.0,600728.617329913,13.305898559673395
11070.0,1280987.26962851,215884.81902511403,3.0,57009.74849296558,10.950977558385754
11071.0,1273960.91915733,203854.235140786,3.0,36400.59566983117,10.502340418046735
11072.0,1274064.45669343,203878.96832481,3.0,34161.34267218322,10.43884995252185
11073.0,1283043.99225461,232641.98793827,3.0,268069.71262966417,12.499002347419674
11074.0,1275300.93618269,252119.616950214,3.0,705.1643804215369,6.558430939352325
11075.0,1264775.71447591,245633.999983579,2.0,270.89199279461167,5.601720190863924
11076.0,1254254.44419314,252317.770102412,4.0,50826.34414311133,10.836170084641903
11077.0,1276559.77490398,201532.524546415,1.0,0.0,
11078.0,1255703.02493063,240506.769770324,4.0,125330.13812758132,11.738706639716037
11079.0,1269301.29924855,174583.37866281,4.0,900565.3821270351,13.710778047433314
11080.0,1289750.42797349,189866.305782467,3.0,30296.917547907804,10.31880125523035
11081.0,1256952.8416359,211201.803788319,4.0,1564381.180845645,14.263000892160383
11082.0,1274385.09848575,195243.946875975,4.0,522945.23535220674,13.16723202504464
11083.0,1260435.48131947,190535.189239144,3.0,391294.7557605389,12.877216406014494
11084.0,1262138.29520921,246359.414896309,4.0,1036735.4616030928,13.851587354960477
11085.0,1286048.5495697,244555.770862475,4.0,249489.38944000943,12.427171665974848
11086.0,1286104.16851376,244629.055150539,3.0,86312.43601173717,11.365728968795684
11087.0,1258189.83587717,247766.170609757,5.0,95731.29261413644,11.46930051055619
11088.0,1263983.71012311,280455.309651226,3.0,412570.3988593494,12.930162134096898
11089.0,1263722.29495484,280467.231827244,1.0,0.0,
11090.0,1267571.73150277,188662.804533228,3.0,76603.50631634469,11.24639812904588
11091.0,1269423.23761667,279572.318290323,1.0,0.0,
11092.0,1269775.47614503,279566.874386325,3.0,68759.21127287697,11.13836598870495
11093.0,1267018.65188621,285655.73685655,1.0,0.0,
11094.0,1267167.57777436,285653.340568557,3.0,348336.670113092,12.760924733939092
11095.0,1256936.67139588,259255.24178952,1.0,0.0,
11096.0,1256556.8398435,259265.827709526,5.0,1203070.2847138853,14.00038741778374
11097.0,1254790.20060968,205340.906374305,3.0,327733.2452822896,12.699955279899084
11098.0,1257443.4912364,195943.930428684,3.0,46600.0,10.749355820113736
11099.0,1257437.1503724,195706.51622045,1.0,0.0,
11100.0,1272027.28030734,243975.878957868,4.0,171022.26277252616,12.049549018662798
11101.0,1267318.98167852,264171.76345855,4.0,915615.9159976027,13.727352250043586
11102.0,1259479.81168649,187073.209011599,2.0,1.0,0.0
11103.0,1259496.0137345,186854.755379379,2.0,23294.999999999996,10.055994024250897
11104.0,1283560.90425515,265037.823043436,3.0,1071354.2107402326,13.884434023733588
11106.0,1265982.02308515,176764.979945049,3.0,145306.28062834236,11.886599073870869
11107.0,1262985.42737009,204408.808837354,4.0,618518.004412825,13.335081580193464
11108.0,1262684.47325777,204417.325189367,4.0,602999.3019102298,13.309671318014175
11109.0,1280654.98060417,218739.101012036,4.0,84351.51041521561,11.3427479943368
11110.0,1280631.96492416,218413.402835697,4.0,181588.10151881407,12.109496222731936
11111.0,1295209.86157908,182849.661679283,1.0,0.0,
11112.0,1295734.82049161,182799.831727237,4.0,1066270.5420597058,13.879677643309085
11113.0,1266462.35742164,270817.936201364,3.0,123192.79435576648,11.721505840999079
11114.0,1266471.98174165,271480.172746032,4.0,112288.9093001946,11.628830376278646
11115.0,1263706.98660281,245022.124590948,3.0,45532.52748307729,10.726182239265055
11116.0,1278875.76300235,223275.284568682,4.0,1531088.323763444,14.241489363219724
11117.0,1284073.83795168,205868.601542845,3.0,131923.86541986046,11.789980258046327
11118.0,1279868.03404337,204655.078021616,1.0,0.0,
11119.0,1268929.62705617,208984.247178048,3.0,405604.7042017689,12.913134329322446
11121.0,1262089.71882516,233983.848739639,3.0,178093.43746914854,12.090063621148833
11122.0,1261777.41764085,233989.799843654,4.0,2047972.178507947,14.532360680336346
11123.0,1272724.71762006,222126.453207508,4.0,67250.76395088133,11.116183657263969
11124.0,1277528.97375298,255275.659193441,4.0,2331253.72036259,14.661916758238979
11125.0,1278448.82034591,252610.72715871,4.0,768368.1868135788,13.552024307163105
11126.0,1255393.97341031,201996.238850892,4.0,244289.33556263504,12.406108603254268
11127.0,1255277.38633819,201653.30643454203,3.0,90259.76950681186,11.410447119719542
11128.0,1272585.21982791,257412.270395637,3.0,1598564.9523758113,14.28461687998515
11129.0,1263582.13021868,276489.972431168,1.0,0.0,
11130.0,1262188.01623327,210024.12833111,3.0,37379.99469796488,10.528890939168047
11131.0,1286386.18931404,250326.038836375,2.0,506.3178335028506,6.2271646015490045
11132.0,1270039.10974531,216629.62491387097,3.0,196570.01968508,12.18877398109469
11133.0,1270269.18443353,216626.230929866,3.0,154123.8291371104,11.945511643598278
11134.0,1256888.18070784,249142.16689916,4.0,123811.83290843177,11.726518215508626
11135.0,1261505.59140056,197134.717373908,3.0,1942245.3515419743,14.479355259473197
11136.0,1261490.42807256,196477.65900524,3.0,454760.625195059,13.027526461022331
11137.0,1279153.30809064,219120.76136443004,3.0,1513992.2031411286,14.230260563125537
11138.0,1279502.83692299,219110.623572409,4.0,1763925.0573884211,14.3830520301727
11139.0,1284056.91411166,210865.688971967,1.0,0.0,
11140.0,1271584.19134688,256656.394938856,3.0,619411.4243651537,13.336524990595825
11141.0,1281746.28025329,246579.971888542,4.0,312558.86488142546,12.652548098040201
11142.0,1278366.87589782,238181.109095946,2.0,172182.41518206763,12.056309747190275
11143.0,1278368.90808983,238270.397608027,3.0,219234.5694866656,12.297897529133635
11144.0,1255126.37251404,202247.487043142,1.0,0.0,
11145.0,1271690.527731,236566.634598285,1.0,0.0,
11146.0,1256095.51625903,191300.524343938,4.0,329146.03504547256,12.704256806782066
11147.0,1257177.47702813,236747.342246473,4.0,1021336.07575609,13.836622206310679
11148.0,1284993.37779261,203842.173124775,4.0,573471.0032980366,13.259462653328304
11149.0,1285398.80838503,243218.306349099,3.0,147752.27739283338,11.903292348975837
11150.0,1259821.26045483,210580.165259674,2.0,34785.85296003384,10.456966058972268
11151.0,1276212.14994362,212887.196430042,4.0,273611.85904251144,12.519465808244812
11152.0,1271104.2470904,222450.768791839,6.0,357337.48069295083,12.786435938294261
11153.0,1276808.13759224,214890.001424089,4.0,87467.6541362506,11.379024336987733
11154.0,1261447.48292051,233996.231907651,4.0,88454.98274572298,11.390249032039929
11155.0,1261450.13648851,234122.783523783,3.0,8800.056845295887,9.082513460138149
11156.0,1283139.40083072,265557.598275974,3.0,85577.66822715613,11.357179642896597
11157.0,1283110.95929469,265713.612420127,3.0,46592.0,10.749184131556358
11158.0,1286125.57664178,243589.405677482,3.0,171658.19723836437,12.053260553285131
11159.0,1276715.88741614,251981.190390065,4.0,320555.4450226867,12.677810535771483
11160.0,1276719.23423214,252643.61951075503,3.0,104815.5925789555,11.559957823952153
11161.0,1253452.33027232,243185.401901066,3.0,1923257.570584322,14.46953095766301
11162.0,1274956.38930234,265958.617156386,4.0,587082.079875968,13.28291991846596
11164.0,1273940.0091413,246097.733680055,4.0,1366273.2698370663,14.127597350230547
11165.0,1262141.97463322,234419.470564082,4.0,133936.37130886494,11.80512012518175
11166.0,1262096.19850516,234420.374820083,4.0,145431.275607705,11.887458921416414
11167.0,1252483.99196732,210750.194443852,1.0,0.0,
11168.0,1264502.61425163,270200.50464873,3.0,548254.0183280924,13.21449399562508
11169.0,1270709.14878599,194387.955195099,3.0,245014.49649844065,12.409072657157816
11170.0,1253898.11484878,235894.923365593,3.0,1561130.9636353245,14.260921093246376
11171.0,1256040.20931497,190161.99346277103,3.0,88903.70773077648,11.395309127390185
11172.0,1264764.9448119,196418.269373178,3.0,36135.82078652405,10.495039917905606
11173.0,1264489.21207562,196420.102717176,4.0,203300.6092249989,12.222440996291725
11174.0,1278969.76121044,266494.210884929,4.0,710820.8242579626,13.474175671763653
11175.0,1272564.08568388,255416.918777585,4.0,120089.44535182662,11.695992122039906
11176.0,1272893.96856423,255406.725881577,4.0,61809.38804995549,11.031810542102052
11177.0,1269208.36830445,206953.177415967,4.0,187555.49451773957,12.141830051363176
11178.0,1269527.31128077,206947.111815959,3.0,341489.70138843014,12.741072800549759
11179.0,1262203.59722528,251006.566709071,4.0,868521.021774592,13.674547069061896
11180.0,1262210.55127329,251651.098229736,3.0,676793.1544564025,13.425120972649125
11181.0,1277130.89055257,203345.558660269,3.0,762433.5976708791,13.544270698649784
11182.0,1255065.74044997,241507.748075351,3.0,134831.1278587551,11.811778369636189
11183.0,1285266.24006489,254313.670328453,4.0,17677.368776943447,9.780040500282604
11184.0,1285265.43232089,254601.16844075904,3.0,47.16666666666666,3.8536874284151823
11185.0,1283302.87788689,237078.332710817,3.0,5039.328757178301,8.525028169096215
11186.0,1273827.77643718,242289.019180149,3.0,110303.79067186778,11.61099357157643
11187.0,1274087.65285344,242293.41022014603,3.0,125577.00769387143,11.740674456496581
11188.0,1258441.24419743,194571.051579282,4.0,2167146.71219212,14.588921981130367
11189.0,1254787.14096169,243824.63844572,4.0,92346.23163533244,11.43330017954667
11190.0,1251590.45769441,238240.267112002,3.0,390505.7957151954,12.87519808993201
11191.0,1283884.95020749,203860.11635679,4.0,219436.54538150283,12.298818382603418
11192.0,1284316.42572792,203853.032388791,3.0,160355.43695933966,11.98514811137117
11193.0,1277573.89816903,230132.074335694,3.0,408100.1136691759,12.919267799926512
11194.0,1270008.95659328,215109.685712323,4.0,328400.9880220771,12.701990665149298
11195.0,1268016.98948723,251812.296373904,3.0,415333.3432133953,12.936836713449697
11196.0,1275509.4961189,254001.74079214,4.0,645463.8293157774,13.377724452556711
11197.0,1275527.18904692,254667.069176823,3.0,202727.3622810338,12.219617312382843
11198.0,1268440.30558367,278081.037456796,3.0,421013.3161441908,12.950419741960484
11199.0,1271565.18712287,273352.292683959,2.0,135296.99079717728,11.815227572944638
11200.0,1265421.94974057,278391.994193122,2.0,23294.0,10.055951095662596
11201.0,1264042.39146717,179171.052523509,2.0,14.666666666666664,2.6855773452501515
11202.0,1261273.70736833,287311.505562246,2.0,46591.99999999999,10.749184131556358
11203.0,1260966.09213601,287279.824858218,1.0,0.0,
11205.0,1262974.06877807,187148.670451686,5.0,1872715.7141582863,14.442900188890992
11208.0,1285165.24064079,193246.895801932,3.0,54727.45949822355,10.910120864245002
11209.0,1271168.95563446,232928.262626559,5.0,353501.38643959165,12.775642686346693
11210.0,1270923.04664221,256676.489722878,3.0,334232.93715026934,12.719593445494453
11211.0,1259225.55626222,186702.614899233,4.0,186350.9999999999,12.135387271139317
11212.0,1259850.91722287,212135.160845265,2.0,969.773246578865,6.87706227775626
11213.0,1259610.47447063,212164.592845306,4.0,53841.057372629766,10.893791603290506
11214.0,1263413.89828251,265597.416132018,3.0,109712.99628978186,11.60562311043834
11215.0,1277612.39679305,214130.25134331,4.0,183260.7640403576,12.118665357671038
11216.0,1277885.99794534,256260.422970459,3.0,646461.0202066107,13.379268181805724
11217.0,1266655.62046184,237682.846311435,3.0,885950.4456084102,13.694416297558503
11218.0,1266662.57482985,237961.057319716,4.0,1144426.8033504968,13.95041446119673
11219.0,1257050.06717201,192630.998393297,2.0,84648.7113943335,11.346265164696844
11220.0,1268203.63051142,252482.685750589,3.0,17008.03939761774,9.741441416995894
11221.0,1254233.07120112,251327.704501405,4.0,681997.2158699064,13.432780854515077
11222.0,1264469.5169076,250310.615988359,4.0,117092.88963287874,11.670722827271527
11223.0,1278710.89561018,248347.313778356,2.0,46592.0,10.749184131556358
11224.0,1280613.17100413,211903.546765029,4.0,188009.64023303436,12.144248518332713
11225.0,1276855.29464829,281410.855252206,3.0,103815.88986465328,11.55037431954586
11227.0,1273293.81944464,178779.700971112,2.0,46592.0,10.749184131556358
11228.0,1273308.06418066,178779.700971112,1.0,0.0,
11229.0,1285884.15910552,205427.201798394,4.0,2219.904662707435,7.705219529217794
11230.0,1256844.66729979,207230.156232253,4.0,871855.4474751739,13.678378917905478
11231.0,1256403.93065934,207245.55642426,3.0,177437.4917742782,12.086373666856908
11232.0,1274291.64062966,249150.97297917295,3.0,448332.0055835945,13.013289320822
11233.0,1276856.62271228,206255.209991246,3.0,26133.81938025768,10.170985516231784
11234.0,1276829.56402425,205848.437510833,2.0,0.0,
11235.0,1275172.40101457,216426.517393664,4.0,118940.1149299564,11.686375409545274
11236.0,1280620.72473215,205289.343174264,4.0,906629.6429655356,13.717489313805817
11237.0,1284424.90348804,194408.264827117,2.0,185808.38963441263,12.132471258456627
11239.0,1257442.69104441,258007.470652238,1.0,0.0,
11240.0,1274531.32024591,226606.018012092,4.0,222818.5329842176,12.314112965731198
11241.0,1276316.62475973,213263.997134432,4.0,533530.4363975639,13.18727139851381
11242.0,1276387.4576558,212883.729870036,4.0,158981.9040652739,11.97654566381519
11243.0,1265718.70468488,235278.585700974,4.0,221204.92146090232,12.3068447973019
11244.0,1266543.08164573,239184.834728971,2.0,12713.408265522035,9.45041248445336
11245.0,1254677.24348958,202045.467394933,1.0,0.0,
11246.0,1266390.65150157,281427.714516222,3.0,367498.9021298039,12.814475610228673
11247.0,1284027.14284763,264135.255618513,3.0,46599.99999999999,10.749355820113736
11248.0,1270727.11627401,245917.13591986903,3.0,185536.15857988843,12.131005066993193
11249.0,1252737.63779159,211340.699148461,2.0,232920.0,12.358450325951056
11250.0,1284962.02150458,246899.245168865,2.0,99635.59524935544,11.509274761748587
11251.0,1282548.74847811,253191.760503307,4.0,218388.2010986489,12.294029497119938
11252.0,1268279.88689551,257664.711163893,4.0,135846.3951203306,11.819280078766901
11253.0,1268044.51761526,245178.839471102,4.0,236002.46191777632,12.37159751580832
11254.0,1277396.98348084,204749.068997711,1.0,0.0,
11255.0,1277687.53605713,204741.226501703,3.0,213895.28230197396,12.273241839203022
11256.0,1276036.22149545,215162.625872374,4.0,66726.91692080299,11.108363702534518
11257.0,1276029.38616744,214909.228432104,3.0,47230.54600655683,10.762796123411034
11258.0,1275435.56095083,213281.77076643697,3.0,34727.54853598087,10.455288556894377
11259.0,1277376.46188082,223912.838745326,4.0,126996.9215554494,11.751918125426071
11260.0,1280288.06956379,262484.204480827,4.0,83771.40999656937,11.33584705876661
11261.0,1271773.95832308,281732.070548534,3.0,61782.4771258464,11.031375061587276
11262.0,1262596.87434569,233593.688803241,2.0,270.3930996607529,5.599876824837103
11263.0,1274411.88709378,279801.688850567,4.0,1144276.982598398,13.950283539272073
11264.0,1270674.94443396,272513.90657109,1.0,0.0,
11265.0,1270798.42712209,272511.282507092,2.0,46592.0,10.749184131556358
11266.0,1264563.28215569,239295.74660107505,3.0,126910.18463498072,11.751234907652893
11267.0,1264574.38282771,239690.584361494,3.0,171768.92475098683,12.05390539179304
11268.0,1270047.86366531,179164.754667506,4.0,602061.4001046211,13.308114712619243
11269.0,1270034.1796333,178511.615850836,3.0,53797.45183058086,10.892981381284327
11270.0,1285434.40147308,246513.435568467,3.0,224741.8334938801,12.322707615717661
11271.0,1280112.45311561,221984.208407357,4.0,72123.76412098033,11.186138868425884
11273.0,1253273.42512013,236055.15498176205,3.0,3025.366266732924,8.014787443047071
11274.0,1260397.19107942,193199.408377886,3.0,323156.13332677045,12.685890870324544
11275.0,1280363.40933987,205965.997318953,4.0,311297.0844077703,12.648502990525802
11276.0,1281020.99302055,210570.192203671,3.0,1862538.0378196076,14.437450652017699
11277.0,1286946.09529862,248464.216114476,3.0,50584.86073920605,10.83140761563049
11278.0,1287424.48838711,248452.47038646,3.0,214072.0504413991,12.27406792164415
11279.0,1275528.69067892,205379.227846354,4.0,62468.48892172871,11.042417531332065
11282.0,1282910.41241449,229978.413855538,5.0,2398274.692326963,14.690260158604241
11283.0,1255685.54499461,203327.723076254,4.0,441603.2878915319,12.998167219323854
11284.0,1255669.44528259,202866.353923783,1.0,0.0,
11285.0,1266168.73662134,244060.580909967,4.0,125763.62997724768,11.742159471569366
11286.0,1285066.36288069,196009.797052756,1.0,0.0,
11287.0,1265481.87972464,269528.929224044,3.0,2182452.474872752,14.595959790913673
11288.0,1272232.58833955,232270.672417894,4.0,455501.7456389746,13.029154828032599
11289.0,1272219.52734753,232584.205538213,3.0,1250031.5215558277,14.038679326205196
11292.0,1260408.78224744,205138.1748541,3.0,93181.99999999996,11.442309848973883
11293.0,1280711.52806023,183001.976943433,2.0,73105.09638311455,11.199653361270949
11294.0,1281416.44921295,182991.090863422,3.0,302417.0261648908,12.619562225157862
11295.0,1270918.9941622,280032.47547479,3.0,73843.33081968008,11.209700976768255
11296.0,1258597.78883758,200690.831361547,3.0,599069.6215298959,13.303133099942608
11297.0,1266473.65822165,241782.644523636,1.0,0.0,
11298.0,1269298.08798455,242591.631724462,1.0,0.0,
11299.0,1269221.69214447,258169.66553241,4.0,445014.47110186215,13.005862079949663
11300.0,1262817.6773539,209079.841482148,3.0,189677.87073439293,12.153082495108972
11301.0,1262690.59300178,209082.881162137,3.0,1922170.885791848,14.468965774961665
11302.0,1280965.99833249,224145.245721564,4.0,1199384.4432777048,13.997319019211973
11303.0,1264664.3554358,192428.009273097,4.0,928597.31970977,13.741430468186202
11304.0,1258908.0241019,251546.218805626,3.0,49000.3437412031,10.799582592194751
11305.0,1258641.22870964,251550.793269634,3.0,7509.681238326763,8.92394829889422
11306.0,1269105.69336034,189147.213365734,4.0,282356.5600723282,12.550925948662597
11307.0,1269081.07556832,188464.217013031,3.0,89451.5763190899,11.401452711130279
11308.0,1277686.49176913,223301.128984705,4.0,185886.47043198065,12.13289139231967
11309.0,1279569.89125906,258863.574269116,3.0,2703881.992260252,14.810199073277069
11310.0,1274821.66322219,249136.940147161,4.0,1342653.658721491,14.110158555963661
11311.0,1275241.79557464,249128.648819149,4.0,1572733.4708765417,14.268325727681637
11312.0,1272608.38251594,215058.128400266,3.0,74376.18449755,11.216891068738592
11314.0,1265572.76996472,243631.016493514,4.0,707455.9191609222,13.469430601485586
11315.0,1280337.09605984,229632.536927193,4.0,153982.64523674778,11.944595181777531
11316.0,1270470.55902575,285183.848408073,3.0,46800.82521367522,10.753656114521121
11317.0,1270470.69489774,285349.885784239,3.0,88981.43213428855,11.396182999243868
11318.0,1261292.14532034,283923.306646779,1.0,0.0,
11319.0,1269757.23435302,271911.231242478,3.0,110929.23186174028,11.616647726177407
11320.0,1269939.3015532,271908.201034471,1.0,0.0,
11321.0,1283209.33542278,257429.582395658,1.0,0.0,
11322.0,1266601.86302179,256255.264186442,4.0,98257.93716330928,11.495351311845738
11323.0,1264974.99063613,258271.768380508,4.0,242469.28610694947,12.39863032610915
11324.0,1278215.42021768,207195.395144209,3.0,22767.9247083394,10.033108013417078
11325.0,1269497.23192075,271421.341129974,3.0,55459.4308199767,10.92340705622451
11326.0,1258106.06275709,195506.284988239,1.0,0.0,
11327.0,1273948.84606931,203360.401156291,3.0,55725.64348149811,10.92819570563465
11328.0,1274957.49394234,265297.445251703,4.0,697618.4787758815,13.455427640297009
11329.0,1283329.55763091,265719.936196133,1.0,0.0,
11330.0,1283547.89574313,265699.880772114,4.0,855760.1751081162,13.65974544660292
11331.0,1274130.3059735,248215.536178216,3.0,137585.31631774662,11.83199948598009
11332.0,1274803.47621419,248195.333490193,3.0,30854.15067029917,10.337026563891108
11333.0,1253833.80521671,249590.130547628,2.0,21015.26736911662,9.953004470133283
11335.0,1270054.45163332,217404.566290662,4.0,293026.9697474599,12.588019930682805
11336.0,1275840.27794324,205850.733126834,3.0,355747.3551963419,12.781976081479886
11337.0,1281547.54905309,197566.86547035,1.0,0.0,
11338.0,1287930.41453162,186982.756083518,3.0,157570.18266369603,11.967626242209693
11339.0,1253871.39932875,252054.357558146,1.0,0.0,
11340.0,1276313.34687173,266579.301253021,3.0,25655.77847678365,10.152524106972745
11341.0,1270091.11262536,246997.91064097,4.0,1364237.0687657502,14.126105906363827
11342.0,1270754.10110603,246984.698096961,4.0,1096440.300761322,13.907579400087771
11343.0,1280514.70431603,249920.09349195697,3.0,51836.16401999868,10.855843331760475
11344.0,1280283.58994779,227849.585437357,4.0,278533.16113351693,12.537292401758515
11345.0,1285199.90291283,188268.786676824,4.0,1082393.3163201096,13.894685180949095
11347.0,1271606.94059491,236398.259622112,3.0,53601.69620221194,10.889335992121838
11348.0,1276662.56664808,281849.685780659,2.0,20530.01279858516,9.929643133421706
11349.0,1276669.47346409,282170.991892993,3.0,331989.15969049576,12.7128575958309
11351.0,1258710.4401657,239695.716265485,4.0,1747878.682254831,14.373913429044691
11352.0,1280842.28831637,255181.299833342,3.0,396845.5673078411,12.891302484764921
11353.0,1281008.09305254,225644.292635098,4.0,229796.8386964429,12.344950887541692
11354.0,1284223.13062383,198001.791102797,3.0,258074.31282778675,12.461002856646092
11355.0,1284884.3363205,197988.770814776,4.0,612412.7181359509,13.325161710244258
11356.0,1255711.51081863,200145.843264997,3.0,35532.54305199939,10.478204261235577
11357.0,1272379.14481971,194361.13925907,4.0,138094.30079684927,11.835692069877085
11358.0,1285226.16108885,206946.812935963,4.0,981040.7720186468,13.796369299374609
11359.0,1260625.00887166,251047.756917119,3.0,90485.47794995154,11.41294465217077
11360.0,1276758.43589619,215409.381648615,3.0,14466.37512912461,9.579582278852667
11361.0,1276837.24511227,215407.498448625,3.0,38876.51842037817,10.568145707763849
11362.0,1285547.29363318,248494.827634498,3.0,66477.96360619956,11.104625797384472
11363.0,1286501.85670616,204058.618564993,1.0,0.0,
11364.0,1254136.21308902,216894.35669013896,3.0,7362.365558511883,8.904136567489132
11365.0,1253834.39843272,216452.431377694,3.0,93083.66402475594,11.441253980895407
11366.0,1265076.02686022,265550.82861197,4.0,391383.32254591055,12.877442723291557
11367.0,1265085.44740424,266213.237060651,4.0,1165637.286197414,13.968778522196226
11368.0,1278630.20281009,225228.875802681,4.0,423918.03395007696,12.95729539937064
11369.0,1278612.09260209,225597.969179049,4.0,457732.7939399261,13.034040873495893
11370.0,1281928.12473348,199274.771200106,4.0,410734.628150591,12.925702611341869
11371.0,1281924.51385348,198954.88371177003,3.0,540852.8519338728,13.200902528103372
11372.0,1259155.36119016,250413.873972461,3.0,96173.3157136047,11.473907214741434
11373.0,1278481.64536995,261551.807103872,2.0,1211.0903098814117,7.099276315406243
11374.0,1267101.3899343,273289.79834789,3.0,397794.76746098825,12.893691491622658
11375.0,1267103.4890063,274122.459404752,2.0,12184.366972534215,9.407909013337955
11376.0,1269741.661553,213135.524622291,4.0,404644.2701652395,12.910763614846427
11377.0,1272058.66117138,210135.76519522103,3.0,180801.8294993511,12.105156845801357
11378.0,1274087.30706145,219309.453908622,1.0,0.0,
11379.0,1278848.48882632,238169.544423923,3.0,27880.0389055394,10.235666260337597
11380.0,1257666.90909263,256416.52633062,3.0,644017.4968316888,13.375481173710726
11381.0,1282318.29190187,209153.049034223,4.0,129206.36725209272,11.769166151253254
11382.0,1281668.52057321,263097.614657462,4.0,1987388.3742385588,14.502331960028245
11383.0,1269959.08600122,194940.989179656,1.0,0.0,
11384.0,1270204.71313748,194942.155835658,3.0,175639.05534130038,12.076186346280982
11385.0,1272552.03947587,194998.026171714,3.0,440373.2573433828,12.995377958425111
11386.0,1272897.29598823,194964.70796369,1.0,0.0,
11387.0,1275308.6277667,212142.924621284,3.0,46759.58964445337,10.752774639765919
11388.0,1262736.86717783,251641.821941718,3.0,69831.89272513072,11.153846100229028
11389.0,1271482.59838678,211044.940236151,1.0,0.0,
11391.0,1255582.6186585,234814.090212494,4.0,141695.7378785919,11.861437346740814
11392.0,1269720.33022498,241872.672555715,4.0,331080.6009812882,12.710117132212401
11393.0,1258561.77347755,212198.092813328,4.0,432356.96337514697,12.977006830134087
11394.0,1273540.20773289,226122.090523586,4.0,943807.997353756,13.757678031806817
11395.0,1266462.81706963,227220.091932714,3.0,99716.60275498353,11.510087469217055
11396.0,1275102.7613984903,222380.54914376096,4.0,1820401.9402981335,14.414567880987676
11397.0,1252215.51318306,212288.122125432,4.0,460618.7448826397,13.040325962202902
11398.0,1251960.57411079,212299.269453436,1.0,0.0,
11399.0,1263270.21649037,252445.450294554,3.0,996066.5080535876,13.811569309491578
11401.0,1257886.53693286,198734.032447547,4.0,525641.6190264493,13.17237492685794
11403.0,1273402.00856474,245884.666159824,3.0,453587.9798291785,13.024944531549805
11404.0,1264257.60919538,266899.002437353,3.0,45930.02279110775,10.734874273533688
11405.0,1263587.3903787,239620.868009418,4.0,647287.403467467,13.380545684229107
11406.0,1254682.98134558,212604.366925746,3.0,63992.54467363768,11.066521866081972
11407.0,1262904.82973799,233101.648738742,3.0,134521.56335150436,11.8094797874898
11408.0,1277719.84639317,247393.796657369,3.0,49459.42467105398,10.808907908800998
11409.0,1272367.12645169,224716.54383415,4.0,723243.6615116864,13.491501458903244
11411.0,1281775.16537333,251222.585269302,4.0,90539.3521160708,11.413539865188676
11412.0,1281775.19686133,251569.609205648,1.0,0.0,
11413.0,1281608.58764514,205561.412486538,3.0,6393.440479768595,8.76302781871678
11414.0,1261541.13757659,210298.927947387,3.0,7720.79468489908,8.951672576179453
11415.0,1267167.33073436,286391.560537308,3.0,686867.5415804348,13.439896745599446
11416.0,1265584.10718074,188698.656821266,3.0,285978.1396388589,12.563670652051535
11417.0,1277376.79000881,259921.258814201,1.0,0.0,
11418.0,1257797.00989276,213818.635470986,4.0,190132.14218918092,12.155474594611078
11419.0,1256248.45955518,252410.475638509,3.0,45706.8467815233,10.730003385825
11420.0,1267334.27499053,243934.424301833,4.0,266932.2215504978,12.494750053285753
11421.0,1267490.3189587,243931.112301826,4.0,392825.31397531606,12.881120298333304
11422.0,1250853.07234965,239283.242665067,3.0,368916.5263173758,12.818325681489908
11423.0,1250568.52303736,239317.27837710097,3.0,47627.76007701655,10.771171065122763
11424.0,1278187.66367365,232080.075681686,4.0,247370.1998171767,12.418641278238281
11425.0,1278498.67845796,232044.882465661,4.0,116713.24169033824,11.667475279621199
11426.0,1255809.51849873,235603.019045293,3.0,1516.3776724864451,7.324079659507432
11427.0,1275668.91282307,267921.232646391,1.0,0.0,
11428.0,1275103.1137825,217913.92910718903,3.0,325171.57793002576,12.692108254097143
11429.0,1275369.88683876,217907.066579178,3.0,99541.9330474163,11.50833427202925
11430.0,1282008.34367757,254867.342393026,1.0,0.0,
11431.0,1256060.50614698,206951.129863963,3.0,89038.1109561685,11.396819770047916
11432.0,1277192.96684062,266559.650372997,3.0,163805.2154749587,12.006433290400672
11433.0,1266787.32983798,248969.477938995,4.0,246625.40670565877,12.415625892408842
11434.0,1279096.40729058,207595.355912626,1.0,0.0,
11435.0,1260385.80752742,237682.664551437,3.0,27984.567523985144,10.23940847735524
11436.0,1265759.58058892,232154.150945768,5.0,2556089.4047076744,14.753989072235468
11437.0,1283160.83353475,249520.616243556,1.0,0.0,
11438.0,1273754.39730111,196211.960700959,5.0,548007.974071312,13.214045117049306
11439.0,1261614.59351268,286711.90735364,2.0,48326.039145570736,10.785725807116332
11440.0,1261552.62020062,287004.070169941,3.0,51635.70416167477,10.8519686533065
11441.0,1279420.02245891,275744.397134408,4.0,89912.41076622641,11.406591261723863
11442.0,1263523.59556264,189781.758326381,3.0,45587.83714208245,10.727396230583583
11443.0,1279095.68223457,276416.54343909,4.0,354661.9014329428,12.778920224315984
11444.0,1277077.52120851,206889.0492879,4.0,105125.96306498804,11.56291455837467
11445.0,1282605.62956618,235294.811364979,4.0,77626.09066521272,11.259658869574597
11446.0,1277021.08562446,268869.925319359,3.0,125494.5443287314,11.740017565124852
11447.0,1275142.01163852,242892.369644761,4.0,149555.21854970136,11.915420958465669
11448.0,1275426.92677481,242883.221676752,4.0,112436.59357596796,11.63014472907923
11449.0,1273565.19422892,256384.399418578,4.0,54245.03690209532,10.901266781541974
11450.0,1282369.78297393,270366.881608903,3.0,24968.961320577484,10.125388785315224
11451.0,1252351.49551919,241233.80765906,3.0,176301.99749954412,12.079953698438306
11454.0,1271813.80209912,227999.639581516,4.0,502113.4142551011,13.126581297967657
11455.0,1256810.92297976,188619.107765183,3.0,74927.31816662673,11.224273831534422
11456.0,1285992.42828964,195700.318012446,3.0,1365632.3790596062,14.127128160681869
11457.0,1272386.5627397,252616.91781471705,3.0,20582.285919700484,9.932186078035068
11458.0,1281113.81663664,194661.737083375,1.0,0.0,
11459.0,1280131.40357964,246765.568304732,3.0,5914.833443940735,8.685218617764258
11460.0,1275889.19058329,228787.433630317,4.0,139431.71397939412,11.84533025487256
11461.0,1270289.58827356,178509.355690837,2.0,32710.61161336716,10.39545481841226
11462.0,1258037.94838901,285689.92412059,4.0,249347.55768876435,12.426603016215108
11463.0,1257498.47376446,285708.812888607,4.0,101350.3222955662,11.52633833190041
11464.0,1278212.53503367,219276.312916577,3.0,55503.13749755376,10.924194829624136
11465.0,1274823.4387742,214588.642767787,4.0,353850.71170374186,12.776630384816707
11466.0,1286812.31014648,200840.643073708,3.0,642322.293403372,13.3728454713519
11467.0,1262977.32170607,256208.449658394,4.0,95052.75873605678,11.462187371546483
11468.0,1289137.51610085,188618.211829185,4.0,48327.6385969646,10.785758903661263
11469.0,1276862.0705203,219807.536533132,3.0,86720.38309508994,11.370444234273148
11470.0,1268731.10647996,240459.635050267,3.0,89884.46493185582,11.406280401654831
11471.0,1255980.39280291,202633.562051535,2.0,65041.465389229736,11.082780274552595
11472.0,1263729.98621884,263623.911873996,1.0,0.0,
11473.0,1285012.43513663,204908.184133872,4.0,2039979.0223166416,14.52845008258941
11474.0,1269531.54123278,226656.524828136,3.0,16753.091038202394,9.72633805982205
11475.0,1285095.68102472,248350.498802349,3.0,90727.50143137744,11.41561580327878
11476.0,1273045.22578038,194244.598522946,1.0,0.0,
11477.0,1292498.19277631,184362.861744836,3.0,42690.10060627187,10.661722336419924
11478.0,1273152.40798849,240212.100714013,4.0,176534.2535547518,12.08127020765786
11479.0,1280612.31897213,203282.820612207,4.0,128099.87593219194,11.760565519361265
11480.0,1286009.14112166,199526.096832365,3.0,2217.8144564186746,7.7042775108578105
11481.0,1286242.10790589,199525.03942436,3.0,225431.10774488805,12.325769882355672
11482.0,1273004.83909234,268007.002502486,4.0,284688.62321436114,12.55915131185778
11483.0,1273314.72101265,267996.807942465,1.0,0.0,
11484.0,1250422.16342121,213431.406926602,3.0,463696.1834080684,13.046984839610438
11487.0,1270091.17361736,244477.562670395,4.0,164933.4059925204,12.013297071368967
11488.0,1272817.68325216,227117.055708617,3.0,103600.43658192524,11.548296822909888
11489.0,1270775.72312206,281030.551891819,1.0,0.0,
11490.0,1261359.03133641,172895.371877089,3.0,1025959.5919963106,13.841138919918091
11491.0,1261338.1550484,172439.712036625,1.0,0.0,
11492.0,1268322.33105555,176285.918888554,1.0,0.0,
11493.0,1277516.68735296,251971.603126064,4.0,382345.07503041415,12.854078817600644
11494.0,1275575.47301497,221145.92399050304,3.0,104004.43653015382,11.552188836157429
11495.0,1256674.26115562,202792.736259699,3.0,54759.06134406845,10.91069813798572
11496.0,1256299.41545923,202706.746307611,1.0,0.0,
11497.0,1276503.49906392,227494.857501,4.0,109868.33909995315,11.607038010623835
11498.0,1272969.32734831,235505.642277196,1.0,0.0,
11499.0,1258190.35786118,257819.10290804497,3.0,46226.00203807291,10.741297733425954
11500.0,1257872.23517284,215163.14395237,3.0,209103.04864845556,12.250582465169147
11501.0,1268255.30097547,226024.44207549104,3.0,23780.587538887117,10.076624877209827
11502.0,1267940.17534316,226311.38805978,3.0,25783.76266300661,10.157500218636224
11503.0,1267721.70724693,233679.092835337,3.0,830692.3015608563,13.630014730372226
11505.0,1266538.99178971,268165.252486646,1.0,0.0,
11506.0,1254071.00950496,212169.441933304,1.0,0.0,
11507.0,1254064.95964895,211969.26119710496,3.0,65687.37150977069,11.092661971533978
11508.0,1262212.1434653,210815.702539921,3.0,178770.93914923051,12.093860595789252
11509.0,1262204.05226529,210551.844107643,3.0,45258.06425629052,10.720136148858188
11510.0,1271088.39998637,272468.723915055,3.0,621032.7087505203,13.339139030624388
11511.0,1271438.37630674,272457.43226704,1.0,0.0,
11512.0,1271323.20069061,226479.993691966,2.0,12230.074731620663,9.411653339179365
11513.0,1268255.51556748,225900.589659363,1.0,0.0,
11514.0,1275431.10392682,281895.633172706,3.0,110166.17633501154,11.609745198779024
11515.0,1276368.08696778,278180.656720906,3.0,303961.71166456904,12.624657023984371
11517.0,1261531.0634646,250357.387188405,3.0,95277.499839483,11.464548963545136
11518.0,1255104.15472201,243819.105645716,3.0,13200.862387754794,9.48803743884606
11519.0,1258799.6994938,199872.078720719,3.0,306800.3078999698,12.633952352060033
11520.0,1263101.16759419,266931.61453338,4.0,1059786.3818051012,13.873577919180075
11521.0,1264234.21687536,250965.089397028,4.0,689770.5781301828,13.444114325821067
11522.0,1287276.09760295,205657.82765463,1.0,0.0,
11523.0,1279208.91692269,260876.094847187,1.0,0.0,
11524.0,1279609.7087311,260867.912767172,3.0,93182.0,11.442309848973883
11525.0,1257040.750948,195349.811836079,4.0,521968.6392086646,13.165362786915692
11526.0,1270738.53259403,270069.137160599,3.0,71687.10280661637,11.180066133233764
11527.0,1272847.22360417,200322.93152117697,3.0,39070.25607835403,10.573116742375065
11528.0,1254697.90851359,239861.862889662,4.0,1088589.0019717813,13.900392922020842
11529.0,1276442.09861585,225279.036442727,4.0,1004427.4145840018,13.819928200381332
11530.0,1266411.02814159,232457.863970086,4.0,135357.18385971853,11.815672369804762
11531.0,1266732.66033392,232449.88726607,4.0,279990.85590007115,12.542512224118372
11532.0,1265880.60132505,277656.047824368,1.0,0.0,
11533.0,1266783.54212597,271473.94669804,4.0,1044864.3761810516,13.85939765139963
11534.0,1261306.61802436,169689.730657801,1.0,0.0,
11535.0,1278762.89221823,177114.625257403,3.0,161807.76328403622,11.99416426319737
11536.0,1278733.21772221,176452.691176727,4.0,295667.95988010324,12.596992346503907
11537.0,1258419.5808374,286598.833113521,4.0,124416.29614191536,11.731388448633101
11538.0,1283647.05862324,192902.658937573,1.0,0.0,
11539.0,1283987.91193558,180695.655149072,4.0,2223230.78099388,14.614472002669874
11540.0,1284195.05683179,180506.377964884,3.0,2200922.146595495,14.604386988049967
11541.0,1288015.32576372,249552.95640358297,3.0,1252477.278890648,14.040633971170346
11542.0,1258913.58250192,251865.885813951,3.0,15239.832808206414,9.63166785859033
11543.0,1258646.78186163,251870.24734996297,3.0,39419.228854327,10.582009018220264
11544.0,1256289.55197123,244753.670062676,3.0,82008.43203908723,11.31457735070474
11545.0,1283537.44300713,193152.582969829,1.0,0.0,
11546.0,1261568.54372063,268093.013830572,1.0,0.0,
11547.0,1260083.26877511,212940.652302101,1.0,0.0,
11548.0,1270056.26987332,268755.549575254,3.0,407787.9115814084,12.918502493675303
11549.0,1285220.99840085,206522.03328752503,3.0,27079.492175129864,10.2065319740856
11550.0,1275896.97765531,255323.09215349,3.0,55359.065546390426,10.921595710567992
11551.0,1266221.47236539,237123.174822852,3.0,25160.23588275853,10.133020086078796
11552.0,1270403.44529767,269875.909832403,4.0,826969.3721859575,13.625522938478374
11553.0,1278316.87928978,235839.313253537,2.0,48.2191298897181,3.875755827997065
11554.0,1275376.94719078,218327.318035617,2.0,46592.0,10.749184131556358
11555.0,1271752.16805106,274029.066252649,3.0,1664661.6864132332,14.32513246940712
11556.0,1290264.47808601,171603.20905976,2.0,42825.83105608284,10.664896728867026
11557.0,1269312.25688057,276741.03623943,3.0,272414.282971232,12.515079285697986
11558.0,1291096.34195887,180576.429356948,3.0,635820.473228835,13.3626715276778
11559.0,1264395.98263553,281040.902611822,1.0,0.0,
11560.0,1269969.65944123,213131.021390289,4.0,599726.366941517,13.304228775076057
11561.0,1270199.07864147,213126.443278283,4.0,226428.10201286612,12.330182743106757
11562.0,1279958.76575546,265805.150276229,4.0,152371.16990626635,11.934074730495658
11563.0,1279991.60594749,266464.824132904,4.0,294109.7140841357,12.591708153864467
11564.0,1281764.65522932,203914.41907684496,3.0,43563.74073779135,10.681980448883023
11565.0,1283941.47404754,232616.20125024,1.0,0.0,
11566.0,1265629.69534078,246283.27691224203,3.0,142018.12748089267,11.863709986751914
11567.0,1265632.71569279,246402.388912365,3.0,365947.1101270351,12.810244094091606
11568.0,1280332.33196384,266454.989188895,4.0,249324.6592438882,12.426511178554557
11569.0,1264018.71370713,282161.298324972,4.0,232334.65067383836,12.355934071103691
11570.0,1264030.26551515,282368.045653194,1.0,0.0,
11571.0,1266813.15691,250019.114292055,4.0,70353.10344787936,11.16128217596724
11572.0,1268644.53086388,245167.467119098,5.0,721070.7951676246,13.488492601693098
11574.0,1255984.20976292,206843.723271847,3.0,32625.279183867275,10.392842701948297
11575.0,1255905.80931483,206846.143495858,2.0,2604.076758121968,7.864833479899385
11576.0,1258084.54147707,193925.285818622,3.0,64320.30983463542,11.07163072092202
11577.0,1282852.61497442,256187.500858381,3.0,32665.762528356405,10.394082790898189
11578.0,1255171.49910608,242166.123756021,1.0,0.0,
11579.0,1280433.08108395,230481.840352058,4.0,57817.26419730159,10.965042698596559
11580.0,1272730.97778006,225998.593051463,4.0,718098.1344052803,13.48436151613553
11581.0,1285438.78368108,192643.282169312,3.0,31705.768922875883,10.364253928256886
11582.0,1268239.19275147,234294.016419962,2.0,210231.79131042576,12.255965969140302
11583.0,1268390.34897561,234291.143715963,4.0,313200.1212261004,12.654597630155225
11584.0,1251841.87254266,237925.253927678,4.0,392888.8966524275,12.88128214516359
11585.0,1273705.98763706,194639.76831536004,3.0,60330.06629954976,11.007585870382485
11586.0,1281471.044925,263973.735618353,3.0,124708.7005477394,11.733735901068505
11587.0,1281256.7340128,264134.058818519,1.0,0.0,
11588.0,1281090.28089263,181713.39031811096,3.0,9905.783085420093,9.200874015615893
11589.0,1274211.39832558,192133.106680781,4.0,1524404.7534922564,14.237114566247943
11590.0,1276552.18501598,179094.849259436,3.0,416183.0796474417,12.938880537736216
11591.0,1287827.38323551,192679.53407335296,3.0,166657.47644681396,12.023695945896764
11592.0,1270475.69784175,247526.047089517,3.0,30858.27706484412,10.337160293666535
11593.0,1279508.059323,218023.683475301,4.0,1414933.468702932,14.162593069369567
11594.0,1259359.46743037,212172.690957308,4.0,130353.1306910502,11.778002436649373
11595.0,1259348.84208636,211779.009996906,3.0,121008.24909368396,11.703613996583082
11596.0,1285071.1912327,251156.28882122,3.0,29596.716724193084,10.295418712679947
11597.0,1280474.20735599,225363.512346819,4.0,222078.55040357888,12.310786428917867
11598.0,1278252.73637772,260389.718526676,3.0,56923.39078821609,10.949461621550654
11599.0,1271560.83576286,230882.564256474,3.0,898291.1254518374,13.708249487898586
11600.0,1264000.44074713,281608.925780416,3.0,99315.90830304212,11.506061041663552
11601.0,1263649.84234676,281618.913620427,1.0,0.0,
11602.0,1259731.64611875,261707.958336025,1.0,0.0,
11603.0,1264845.21495599,168989.919393092,3.0,93182.0,11.442309848973883
11604.0,1264784.81745192,168728.460576817,3.0,153981.78349720262,11.94458958541987
11605.0,1265321.79473247,281642.071380451,4.0,733405.3919192507,13.505453886541138
11606.0,1264661.10903579,281639.985428438,4.0,682865.58245445,13.434053314578868
11607.0,1260367.9831434,285442.469912335,1.0,0.0,
11608.0,1260123.75555915,285449.149016351,4.0,98260.9567765568,11.495382042867954
11609.0,1264645.05297178,258279.521276519,4.0,48009.41298598697,10.779152374538905
11610.0,1277629.56344907,205462.087558433,4.0,388572.878098733,12.87023601961106
11611.0,1277873.83621733,205448.38125442,3.0,180189.7659984909,12.101765830082417
11612.0,1265191.41834834,248966.415922984,3.0,161772.21999341072,11.993944575376087
11613.0,1279627.68345112,210965.509964079,3.0,519181.3030627954,13.160008432673518
11614.0,1259267.24349427,211766.335436895,3.0,417246.0836821765,12.941431455457687
11615.0,1282049.95026961,254763.283256918,1.0,0.0,
11616.0,1258870.81219786,213788.326158956,4.0,170853.15295245798,12.048559711879786
11617.0,1262186.27805726,250348.599796399,4.0,1029913.3278584268,13.844985208954936
11618.0,1276418.01042384,247356.41912134,4.0,121571.61769840088,11.708258814185012
11619.0,1276423.15768784,247686.815793678,4.0,187903.62498018125,12.143684477286682
11621.0,1261561.95287262,287517.513690457,3.0,17768.326811684987,9.78517275867869
11622.0,1261276.95504834,287526.209178463,3.0,107443.77739355293,11.584722988746927
11623.0,1259727.07888675,204486.299845442,4.0,1024149.6214798077,13.839373188634248
11625.0,1265549.54065271,252949.59627907,4.0,2043062.9735231835,14.52996069736934
11626.0,1257293.01488425,238387.734952152,3.0,328748.7912157644,12.703049185557129
11627.0,1265161.4719163,236841.44407056304,3.0,24482.307749124484,10.105706002980618
11628.0,1260854.47952791,197808.552318603,3.0,83094.56117631133,11.32773452955979
11629.0,1260839.50941588,197149.961789921,4.0,1170175.5658254505,13.972664351777693
11630.0,1285097.07078472,200224.50585708,2.0,43948.34156455238,10.690770167806415
11631.0,1281785.07871734,249897.507891938,3.0,66323.75456145054,11.102303401015094
11632.0,1278364.71122582,237267.919975013,4.0,389098.2586601442,12.871587183661022
11633.0,1259980.84087101,252347.716918454,4.0,148398.02616601993,11.907653308858901
11634.0,1259716.87946273,252352.294326454,4.0,238882.96129852225,12.383729009290798
11635.0,1270086.73860936,200196.757569045,1.0,0.0,
11636.0,1271957.03473927,268433.404550925,1.0,0.0,
11637.0,1285238.46681687,242365.14398022,1.0,0.0,
11638.0,1285166.05132879,243012.774572894,3.0,46689.99999999999,10.751285287964983
11639.0,1269493.59640074,258162.851900399,3.0,70752.23585425243,11.166939417186391
11640.0,1269501.01700875,258824.326333076,4.0,1319513.8490333052,14.092773930537966
11641.0,1274124.73285349,247955.838833943,3.0,74188.49451860829,11.214364356736251
11642.0,1261423.79172048,261763.853888094,3.0,49395.84256569026,10.807621541045215
11643.0,1266619.9174858,284740.207191616,3.0,733827.6076085224,13.506029412992714
11644.0,1270151.38609742,169708.723681822,1.0,0.0,
11645.0,1270190.30731346,169653.84982577,3.0,107878.75826921249,11.588763266890911
11646.0,1288201.6945319,184780.571185261,3.0,474652.4559474789,13.070338143524893
11647.0,1293128.93204094,183941.697200403,4.0,269244.89944983914,12.503376651291717
11648.0,1262070.81175314,176387.026920661,3.0,28100.758726717784,10.243551855908128
11649.0,1261822.36964089,176396.77956067,2.0,5.999999999999999,1.791759469228055
11650.0,1261689.70096876,264417.163202807,3.0,326064.0,12.694848960099193
11651.0,1284985.01427262,203380.910276309,3.0,257085.84784459407,12.457165346404796
11652.0,1285663.2648973,203374.507716298,3.0,92912.5909509305,11.439414447921061
11653.0,1259573.62608659,211137.11950025,3.0,196398.6892487268,12.187902000993912
11654.0,1266079.66135725,266186.008132622,4.0,1680297.0870895537,14.33448117329883
11655.0,1268083.0847833,240626.051370442,4.0,817188.5844293445,13.613625172700948
11656.0,1271306.0517626,255414.085433587,1.0,0.0,
11657.0,1278415.63468188,234089.338723749,5.0,258578.7869932593,12.462955711766755
11658.0,1266433.90404561,277016.492687702,1.0,0.0,
11659.0,1266644.77207783,276985.37230368,2.0,46592.0,10.749184131556358
11660.0,1274636.34399001,221165.941654518,2.0,43398.09230579279,10.678170763034675
11663.0,1267312.46788651,263509.964929879,3.0,75355.02474202814,11.229965887193291
11664.0,1254178.36918506,248804.336498812,4.0,503230.2053718244,13.128803009140423
11665.0,1262403.96759349,256216.232122406,4.0,303232.25551813724,12.622254310727033
11666.0,1277349.38552879,222637.010200024,3.0,107088.90832414616,11.581414687339285
11667.0,1277494.35013694,222633.776344016,2.0,1314.4464488991373,7.181170904579449
11668.0,1262315.65149739,243978.459693879,2.0,7427.101180303404,8.912890910883812
11669.0,1265418.74404457,235285.220196977,4.0,218491.3608733965,12.294501754399263
11670.0,1274214.08568558,255106.154297277,4.0,114081.80516948778,11.644671059238636
11671.0,1274877.26021425,255086.51948125695,3.0,195689.91470919724,12.18428661761165
11672.0,1265588.71383674,188449.54251702095,3.0,346975.22189578466,12.757008649739031
11673.0,1258644.01738164,251710.708981797,3.0,61331.099441154685,11.024042325104624
11674.0,1286960.38137864,202145.726403043,1.0,0.0,
11675.0,1284944.46707256,209025.335050091,1.0,0.0,
11676.0,1258655.42160565,252369.712246463,4.0,76324.98900305202,11.242755673522518
11677.0,1264017.17265114,211849.616140977,1.0,0.0,
11678.0,1264011.43089113,211692.24769282303,3.0,74858.5557071374,11.223355688020064
11679.0,1276795.89778422,212100.87674923203,3.0,373964.6954291803,12.831916674692787
11680.0,1287265.33779494,248290.480242297,2.0,3056.706465998029,8.025093296998627
11681.0,1257190.68304415,197447.444798231,4.0,53975.63686778045,10.896288054623827
11682.0,1256527.95670746,197490.101886272,3.0,19148.988842840667,9.860005191274285
11683.0,1285884.79430553,256277.792698473,3.0,593499.711442944,13.293792006836197
11684.0,1286002.94368166,256352.549434543,3.0,243780.08671294103,12.404021813911385
11685.0,1255501.99056242,197794.20428659,2.0,44860.16054383416,10.71130538684252
11686.0,1272921.33861226,225044.454234496,4.0,523163.13379402726,13.167648613710591
11687.0,1271203.5769465,250693.16869275304,3.0,127531.79380280765,11.756120975654069
11688.0,1264472.9043636,245016.94545494,3.0,132884.43888232217,11.797235148924315
11689.0,1265528.30711669,241624.473899469,4.0,1714273.8130323386,14.35450011627506
11690.0,1265544.2595007,242319.539116174,4.0,1471592.2495940032,14.201855535546267
11691.0,1272020.82597134,225933.920283407,4.0,741208.5831728677,13.51603735343
11692.0,1272297.95365162,226097.990811571,4.0,700301.9088367694,13.45926681938139
11693.0,1266111.20785329,267510.860101968,3.0,2184225.554902397,14.59677188656854
11694.0,1271089.82289837,277044.153359741,3.0,521123.3088859448,13.163741970056115
11695.0,1271379.41317068,277034.277391732,1.0,0.0,
11696.0,1264237.29265136,266237.942404673,3.0,546676.1538902908,13.211611865659043
11697.0,1267008.7713742,189775.117942378,1.0,0.0,
11698.0,1271099.03185838,278523.092369244,3.0,2448257.2862905622,14.710887017700562
11699.0,1276069.04754348,281491.078868285,1.0,0.0,
11700.0,1282035.38630159,232669.638434291,3.0,296941.1686787355,12.601289312906578
11701.0,1285612.36864126,200869.636097729,3.0,419522.2065794791,12.946871739315473
11702.0,1286335.21036999,204606.744453564,4.0,288002.6535060287,12.570724972638239
11703.0,1286477.34854613,204603.211013556,3.0,277673.7038904819,12.534201976303105
11704.0,1260302.63741533,248268.409778267,4.0,157743.15635078,11.968723396583028
11705.0,1280459.76773998,258175.383356422,1.0,0.0,
11706.0,1267654.65060686,260850.825535148,4.0,256763.79396484056,12.45591185162454
11707.0,1280693.56908421,223913.671705335,3.0,40587.45506325288,10.611214309253183
11708.0,1269062.5854563,242236.4021561,3.0,27575.871820721142,10.224696459967198
11709.0,1269064.57169631,242316.576812178,3.0,37624.806739913285,10.535418865557276
11710.0,1277293.92991273,181727.193454131,4.0,389850.6195294775,12.873518917884816
11712.0,1260386.14416742,286607.207769528,2.0,37270.31614936035,10.52595247511402
11713.0,1284249.94451186,235250.063076943,4.0,51354.097238970986,10.84650000261122
11714.0,1273613.56357296,265727.13402015,3.0,382348.2100476399,12.854087017011537
11715.0,1273948.35358931,265717.416196138,1.0,0.0,
11716.0,1284373.27929598,189435.07890202096,3.0,437535.1686338933,12.988912366997969
11718.0,1258602.4324856,211160.315020278,5.0,1825243.7655698196,14.41722410625427
11719.0,1274552.99147792,217415.050834671,3.0,65792.56447646779,11.094262109050826
11720.0,1274545.15192592,205673.935878649,1.0,0.0,
11722.0,1280882.28524441,200834.366529703,3.0,23298.666666666664,10.05615141330982
11723.0,1280996.33030052,200704.273281559,3.0,96180.2436919329,11.473979248535377
11724.0,1279870.37260337,231025.244128615,3.0,2226614.0668942905,14.615992633913434
11725.0,1274883.43736626,231625.060833231,3.0,76025.6756402236,11.238826399585637
11726.0,1253168.34921603,242266.91946812,2.0,159.5508271539384,5.072362537003753
11727.0,1254721.35171361,254425.980792582,3.0,46742.15238095238,10.752401657117137
11728.0,1265752.93201292,236518.306598231,4.0,110156.21625946046,11.609654785131637
11729.0,1263690.79044281,282172.835732982,3.0,98376.01450017552,11.49655229824773
11730.0,1263348.97713046,282184.406549007,3.0,1247504.5533090096,14.036655756548251
11732.0,1278772.41874625,219732.205973044,4.0,126627.36509713987,11.749003919340145
11733.0,1278766.79705024,219412.050772727,3.0,109813.10727351274,11.606535175008757
11734.0,1274402.31166977,273059.238155663,4.0,1306229.1308628167,14.082655018194671
11735.0,1279718.98085922,272421.775499001,4.0,370664.4229587453,12.823052411937383
11736.0,1270186.76862545,169489.9938256,3.0,74550.57027981975,11.219232969792328
11737.0,1277743.42111319,175792.81687205998,3.0,346377.0064930354,12.755283074982959
11738.0,1269514.37720077,244880.823022798,3.0,51757.75279696937,10.854329512408667
11739.0,1270290.50820956,287130.047578067,1.0,0.0,
11740.0,1257891.86141287,204559.153989509,4.0,29601.46847456491,10.295579249708778
11741.0,1271816.72139512,242709.637740582,4.0,312698.41997669265,12.652994490592402
11742.0,1263918.21815504,240175.373097986,3.0,813575.8175540348,13.609194400504396
11743.0,1266780.32561396,260078.508542359,4.0,146366.32306453495,11.893867820335343
11744.0,1281540.65599708,256218.548026413,4.0,130294.9122144932,11.777555715646782
11745.0,1282056.94726162,209904.451402992,4.0,207728.12870477897,12.243985430183043
11746.0,1255068.16035397,244678.59179058703,3.0,5107.101608347715,8.538387322347063
11747.0,1254960.07004987,244680.67447859,3.0,33935.936818689275,10.432229815024362
11748.0,1287606.06777929,203183.368068099,4.0,65908.69050805914,11.096025585969851
11749.0,1288027.72013173,203539.663940474,3.0,31235.85005930168,10.349321754518185
11750.0,1266888.79063807,237400.344551146,3.0,110628.860136802,11.61393627559345
11751.0,1281023.83385256,249254.074483275,4.0,164961.47474065414,12.013467239200242
11752.0,1279485.44223498,201368.930050239,4.0,201147.2371688593,12.211792442105178
11753.0,1259380.50480638,258397.983996645,1.0,0.0,
11754.0,1263015.76490611,172659.638372853,3.0,204707.33756449228,12.229336616461234
11755.0,1261983.09175305,260682.545342982,1.0,0.0,
11756.0,1263311.32106641,172646.985892832,3.0,31807.59279121732,10.367460307287372
11757.0,1270798.84613009,272726.985867321,3.0,765233.678891234,13.54793652876739
11758.0,1273224.35474056,272484.966283068,1.0,0.0,
11759.0,1273742.43602109,272471.634635061,3.0,146633.0881669559,11.895688746698374
11760.0,1264092.43140322,191107.293111742,3.0,179263.1351006798,12.096610033884158
11761.0,1265718.41271688,264208.826370597,4.0,1050030.4563197214,13.864329727731821
11762.0,1277698.40549715,223905.75900133,4.0,95518.37660843342,11.467073933176662
11763.0,1266089.18065326,232466.141474083,4.0,495522.2906401961,13.113367617896127
11764.0,1278167.51672962,231511.486881107,4.0,248536.0777285344,12.423343295987108
11765.0,1262159.88240923,247397.246449381,4.0,209163.0983796525,12.25086960163494
11766.0,1262165.91031325,247680.161585674,4.0,204470.7433351473,12.228180179854501
11767.0,1263905.80836302,239615.93917740896,3.0,500272.4633164372,13.122908155618601
11769.0,1271137.31397043,286655.306073576,3.0,1193832.2172535742,13.992679041497434
11770.0,1287672.48921937,249846.881651893,3.0,148940.58795254413,11.911302766836704
11771.0,1287998.61421169,249801.913907841,1.0,0.0,
11772.0,1273382.81893273,284390.930007264,1.0,0.0,
11773.0,1281504.68754904,254520.262712672,3.0,126612.52209496545,11.7488866945036
11775.0,1262751.96848984,247128.984881103,4.0,260866.33342846044,12.471763422662207
11776.0,1274223.46590959,217119.83457838,3.0,55634.046546130536,10.926550640782157
11777.0,1274214.41144557,216759.719186008,2.0,12723.102519634582,9.451174715929508
11778.0,1282472.83852604,200592.489345446,3.0,2471723.4778283257,14.720426229582797
11780.0,1283620.1967992,203033.084867954,4.0,42475.48069827673,10.656682263680961
11782.0,1254533.66044943,236358.548070073,3.0,208916.1724407372,12.24968836168902
11783.0,1254611.9244495,236720.448294446,4.0,918671.5400866969,13.730683927317429
11784.0,1258340.67088532,218179.378387466,3.0,431431.85669454094,12.974864855121643
11785.0,1258328.36381331,217874.14177914,3.0,91382.75191359733,11.422812029717406
11786.0,1281852.8528614,186474.289906994,1.0,0.0,
11787.0,1265974.16183715,258908.988861173,4.0,215119.89985813232,12.278950825426332
11789.0,1270935.40984222,240398.22634621,3.0,111533.34913768538,11.622078920567446
11790.0,1287707.54886739,249238.52657926097,3.0,1048354.678647894,13.862732520431642
11791.0,1274275.59275764,260677.420350984,4.0,327867.7178998232,12.700365506933428
11792.0,1269808.11780907,244875.356526792,3.0,30804.51253858595,10.335416469223029
11793.0,1269315.70961656,252952.16645506,3.0,2414227.483875011,14.696889911442094
11794.0,1273364.06341271,236835.789926559,3.0,228354.95874531684,12.338656533925064
11795.0,1262364.29930544,259166.429949433,4.0,637305.5634961547,13.365004511055831
11796.0,1262372.15920946,259664.706173941,4.0,426548.73418184585,12.963481904759693
11797.0,1276147.98501556,214906.489936113,3.0,80047.06057028586,11.290369997829192
11798.0,1280415.84786794,207961.22164098904,3.0,106335.70838996032,11.574356428805167
11799.0,1277748.6586812,248830.143218845,3.0,649692.117653633,13.384253864508791
11800.0,1278855.39596233,213805.763150975,1.0,0.0,
11801.0,1283495.45785508,249866.609331906,4.0,408945.44019827264,12.921337028078394
11802.0,1266716.62788591,266170.872644603,4.0,2047629.5700335472,14.532193374774803
11803.0,1259550.96605456,210455.386635557,4.0,1846222.123654703,14.428652013813101
11806.0,1267967.21758318,251552.218165636,3.0,297830.01584935834,12.604278186125201
11807.0,1267550.41591875,280748.517395526,3.0,139767.99999999997,11.84773918415428
11808.0,1267787.176623,280744.276883528,3.0,204397.7122281148,12.2278229446273
11809.0,1267093.23243029,228823.361374363,4.0,274753.9742157442,12.523631337004726
11810.0,1269982.52459325,248192.996210188,3.0,26025.354981490043,10.166826533408976
11812.0,1265798.11498897,281631.99163644,3.0,179369.04850012553,12.097200685852208
11813.0,1257447.95056441,205239.237254202,4.0,784530.2038474445,13.57284035117565
11814.0,1267333.27166253,280751.983571529,2.0,46591.99999999999,10.749184131556358
11815.0,1280995.16460453,216284.134161517,4.0,80192.65456391676,11.292187200681486
11816.0,1281211.97260475,216285.290641516,1.0,0.0,
11817.0,1277715.92216916,174124.381862342,1.0,0.0,
11818.0,1293893.81959373,187984.11531654,3.0,46649.68809523808,10.75042152019179
11819.0,1283196.89676678,177852.494826168,1.0,0.0,
11820.0,1276254.90411967,201651.108930528,1.0,0.0,
11821.0,1279820.76345132,222385.52091977,4.0,76368.29953567628,11.243322961504855
11822.0,1256984.01609993,239011.905320793,4.0,2336388.841845273,14.664117065347329
11823.0,1255692.50985861,206460.933639452,3.0,16119.840817644052,9.687806141175885
11824.0,1281704.04543725,268121.605958596,3.0,168830.16078704648,12.036648522831424
11825.0,1281994.04908554,268114.226054594,1.0,0.0,
11826.0,1282353.23212591,263731.905090109,3.0,70918.4577171865,11.169286013155098
11827.0,1282518.89516608,263725.084226102,3.0,20035.57619622801,9.905264782139005
11828.0,1273230.80875657,227059.110940546,4.0,539815.2167501969,13.198982168776348
11829.0,1279741.05657125,247286.624625266,3.0,1502676.4773803032,14.22275839432126
11830.0,1270014.71384127,241864.921899706,4.0,460705.5643818342,13.040514428953596
11831.0,1270158.89630543,280996.169747785,2.0,46592.0,10.749184131556358
11832.0,1270157.73483342,281098.985491887,1.0,0.0,
11833.0,1282780.09311835,245442.290095374,2.0,143914.66522189986,11.876975800274106
11834.0,1282785.42086236,245671.195759609,2.0,105341.23729566568,11.564960238702838
11835.0,1280430.97516395,173740.970853955,4.0,2207294.9951744154,14.607278339729648
11836.0,1280512.11865203,173404.640165612,3.0,2761905.8472580644,14.83143152375994
11837.0,1271751.49285106,274867.413965508,4.0,785998.5939843105,13.57471028258571
11838.0,1271936.96261124,274870.943821505,1.0,0.0,
11841.0,1259453.54173446,285643.904856548,3.0,2238067.6474048635,14.621123394119648
11842.0,1273584.11909293,230095.033375666,4.0,262575.4197965416,12.478293633257827
11843.0,1262792.99959388,249013.130035028,4.0,348502.06484845123,12.76139943412485
11844.0,1271390.09067468,268059.211718529,3.0,213388.00748691388,12.270867418927239
11845.0,1271400.49912269,268572.41837506,1.0,0.0,
11846.0,1255598.61469051,209906.542602986,4.0,1640498.2036026851,14.310510536352329
11847.0,1282186.96409374,184665.814193144,3.0,147352.75081680648,11.90058465658206
11848.0,1259217.08483823,189847.266742453,4.0,1757331.8642220972,14.379307230507077
11849.0,1265469.64778863,249500.154355526,4.0,102291.45906998798,11.535581459402387
11850.0,1278361.45042582,248620.340146631,2.0,263498.3462116044,12.481802370707063
11851.0,1266201.94846137,242475.094892338,2.0,22457.044751759528,10.019359641352061
11852.0,1254477.01980937,217415.726738676,3.0,696918.5766144885,13.454423863140347
11853.0,1276990.99186443,257949.076732188,1.0,0.0,
11854.0,1264519.67396365,197726.020990521,4.0,656169.3505307776,13.39417419090654
11855.0,1268297.52894352,259183.756349444,4.0,124263.46164287554,11.730159281292392
11856.0,1268527.01534376,242908.458540782,3.0,17566.78265498847,9.773765048590313
11857.0,1268913.16548815,242962.531884834,3.0,21733.98298699269,9.986632350839418
11858.0,1279017.0724425,237784.33821553,1.0,0.0,
11859.0,1268652.69751988,260827.566079125,4.0,1664864.9483388765,14.325254565998133
11860.0,1270844.56254613,201418.8577943,1.0,0.0,
11861.0,1271112.0961144,201125.922049999,4.0,127277.81837369392,11.754127522494672
11862.0,1280595.56633212,211304.095244423,3.0,2315203.109357167,14.655007977877272
11865.0,1288690.1075884,183232.267183676,3.0,26026.753131355985,10.166880254570978
11866.0,1285206.95904084,177014.92234531,1.0,0.0,
11867.0,1262708.49220179,281368.67822817,2.0,0.0,
11868.0,1277932.77279338,216359.654673591,4.0,337585.80038413545,12.72957498034584
11869.0,1255504.93769842,247807.647217795,3.0,42494.30434310911,10.657125330475377
11870.0,1261662.38634473,257027.03826724,4.0,653650.463616833,13.390328028263575
11871.0,1253777.14755265,209967.942091048,3.0,578364.4068309744,13.267959410642348
11872.0,1253761.58422464,209508.881930575,1.0,0.0,
11873.0,1264431.25386757,242014.36682786,4.0,29431.982315562465,10.289837195926944
11874.0,1264425.78538756,242339.887148201,4.0,11949.967332048947,9.388483823636166
11875.0,1267400.32631861,233374.684963018,4.0,2122198.6612601555,14.567963213595
11876.0,1258621.52464561,250420.718132481,3.0,58962.27826370977,10.984653166953006
11877.0,1255635.51421055,236929.227046654,4.0,159262.9458720287,11.978311862890324
11878.0,1272086.0889474,242023.71818786897,3.0,283597.0309677777,12.555309604501309
11879.0,1272105.70206742,242701.012396574,4.0,452931.725356428,13.023496676453798
11880.0,1261910.89668098,238403.372712165,3.0,51950.58983819305,10.85804835042236
11881.0,1262628.71645771,170811.559394956,3.0,334542.819102757,12.720520159633738
11882.0,1262170.58026524,170836.438306972,1.0,0.0,
11883.0,1265377.28644453,176583.667624861,4.0,1140141.0962133904,13.946662581320213
11884.0,1270115.17752138,282838.619797677,3.0,47029.29632034633,10.758526012470073
11885.0,1270107.54302537,283101.380757943,1.0,0.0,
11889.0,1278850.15417032,234232.463395894,3.0,1284917.3029276684,14.066204918542228
11890.0,1266891.50878207,253457.35736759,4.0,304862.62294391904,12.627616537544217
11891.0,1267549.99006276,253448.193719581,4.0,328688.87131792546,12.702866902425452
11892.0,1290314.32282206,189154.707765743,4.0,1329494.4740815354,14.10030933326811
11893.0,1290374.99923813,188584.67941315504,3.0,29731.00330709352,10.299945662718159
11894.0,1259825.62755884,257221.011259437,3.0,2248643.29077114,14.625837610434424
11895.0,1264531.63127567,247986.052081987,4.0,202382.67475035763,12.21791561367214
11896.0,1264093.70762722,247921.489521921,5.0,865158.3983659429,13.670667888647888
11897.0,1261195.19735225,199796.207488641,4.0,206928.84024789117,12.240130246227714
11900.0,1280618.05484414,200923.12550579,3.0,90159.08964140048,11.409331051517611
11901.0,1281541.24722908,194317.368379027,3.0,4943.78977705847,8.505887477411983
11902.0,1271656.72696295,224651.654170081,3.0,71173.91729725183,11.172881700190029
11903.0,1260383.13923942,192761.763193429,3.0,283321.3038363372,12.554336881848842
11907.0,1263647.01527476,256986.208891198,4.0,60995.24139180492,11.018551130142102
11908.0,1282051.4072936,217730.739859,1.0,0.0,
11910.0,1265098.28599624,266875.124485329,4.0,203430.3246841422,12.223078840393203
11911.0,1256980.14313993,217401.58107465497,3.0,186135.9595569851,12.13423265103041
11913.0,1273738.55346109,275286.852109939,3.0,461550.2471459655,13.042346204887693
11914.0,1270651.63115393,177322.964713618,1.0,0.0,
11915.0,1258966.55254996,206502.039559498,1.0,0.0,
11916.0,1259594.81079061,211818.801548943,4.0,151412.30320526223,11.92776187959838
11917.0,1274735.00357412,245411.094255343,4.0,292950.91740495426,12.587760356577364
11918.0,1264536.90653966,238357.678952128,4.0,273568.1188127854,12.51930593313392
11920.0,1277235.59666467,268530.200583011,3.0,92861.23094876256,11.438861517449466
11921.0,1274232.4878616,202699.068163604,4.0,49185.03705778551,10.803344731383303
11922.0,1274775.04978216,202707.648515612,4.0,583727.9289067793,13.27719027809719
11923.0,1271087.56241837,271889.987530455,3.0,410165.5851208998,12.924316223297044
11925.0,1260123.08042315,286346.015705258,3.0,131261.08516538376,11.784943635290384
11926.0,1259829.69840685,286254.812761173,2.0,88548.44258274975,11.391305055058
11927.0,1295374.75399525,187243.466163784,4.0,348765.281920738,12.762154430285246
11928.0,1295644.86138752,187018.220915556,2.0,32026.3881035347,10.374315470198264
11929.0,1266864.37495805,280758.957011536,1.0,0.0,
11930.0,1265824.86263698,281109.086867899,3.0,94794.07513245851,11.459462187687237
11931.0,1253573.00752044,250904.556724966,1.0,0.0,
11932.0,1286482.11065814,247979.360817969,3.0,585190.0955709243,13.279692023123165
11933.0,1277688.98552914,228925.478942469,4.0,1323045.576890444,14.095446892156358
11934.0,1285973.86528163,202494.934723392,3.0,201128.5011293101,12.211699291871252
11935.0,1262805.5983139,270497.401417032,3.0,372638.0,12.828362717993418
11936.0,1272691.08939601,270015.817032546,3.0,152542.10652997185,11.935195945311953
11937.0,1287179.93933086,185736.840946242,2.0,504.94125767341495,6.224442101070714
11938.0,1280357.86540388,205696.506374672,3.0,192307.28986936723,12.166849839695413
11939.0,1276964.6435124,265046.348291457,3.0,52624.40382009774,10.870935242086263
11940.0,1263767.30077888,167082.842463136,3.0,1080894.563121904,13.893299555436888
11942.0,1267597.0093268,171985.676196158,3.0,103704.6576286649,11.549302307660923
11943.0,1265749.48286091,266039.057604462,3.0,614468.3608069256,13.328512718960372
11944.0,1269127.80747236,189784.418806389,3.0,123897.93453888698,11.72721339708996
11945.0,1264276.2226994,170791.519458935,4.0,280994.62436965137,12.546090817775783
11946.0,1286796.44633846,252444.841014549,3.0,330329.10860038444,12.70784473525966
11947.0,1286808.92237048,252555.863094658,2.0,85781.1135546222,11.359554139504707
11948.0,1284384.88032,242478.400364339,4.0,520387.03600287327,13.162328113709252
11949.0,1286820.30880249,190530.82277514003,3.0,1578876.3389215304,14.27222397409842
11951.0,1274365.89509374,194624.108283341,4.0,189230.0242188218,12.150718613384251
11952.0,1274481.64318985,194621.37305133,1.0,0.0,
11953.0,1282958.90579054,203044.412931964,3.0,57450.86556661318,10.958685349597054
11954.0,1262116.61642519,245322.540655255,4.0,462697.5319115232,13.044828840779985
11955.0,1281362.83282889,273994.17786862,3.0,493523.477917372,13.109325711024704
11956.0,1290474.56691822,183895.67268835,3.0,27549.912722165773,10.223754646596579
11957.0,1290753.93511051,183885.538544342,3.0,74818.71898511266,11.222823386465974
11958.0,1253493.53296036,210665.03188376097,3.0,301155.1258063406,12.615380779101848
11959.0,1277992.65490545,226549.36623603097,3.0,37608.61636325453,10.53498846172236
11960.0,1255889.23881881,235341.87030904004,3.0,212354.56591764232,12.266012637359289
11961.0,1260246.50531928,252359.460982457,4.0,852924.8428222514,13.656426713356625
11962.0,1261697.79543276,258848.37580511,3.0,560886.7781293693,13.237274342619855
11963.0,1261704.08343276,259181.247869447,3.0,846572.5662148824,13.648951201883964
11964.0,1284142.74527974,202513.690563411,4.0,1636940.515216619,14.308339518012296
11965.0,1276169.04632758,217886.243795156,4.0,446829.1975490227,13.009931692182244
11966.0,1281496.14655703,248576.24478659,4.0,427338.8881887916,12.965332626591886
11967.0,1256924.95491588,258444.14495669297,3.0,1056696.6532145666,13.870658235219192
11968.0,1272101.01867542,223058.426392451,4.0,2386462.5072841947,14.685322704969124
11969.0,1277872.60556133,205886.479110867,4.0,93215.33333333331,11.442667507885549
11970.0,1268492.22244772,242249.8620601,4.0,489078.3593406193,13.100277999669649
11971.0,1268782.66411202,242243.046508104,4.0,188964.5883688068,12.14931491335911
11973.0,1268276.8078555,257399.649019614,4.0,85091.42927511934,11.351481595918647
11974.0,1254902.21680181,251308.350517377,3.0,70315.11795836136,11.160742103873321
11975.0,1262584.72439367,239843.172969639,1.0,0.0,
11976.0,1257232.75056419,199045.051199868,3.0,96855.78182677344,11.480978365832522
11977.0,1275466.98309486,214572.997135773,4.0,64431.90460402667,11.073364202521892
11979.0,1257852.80573283,217893.28648316895,3.0,66204.40762571317,11.10050232015756
11980.0,1257824.49872479,217363.965650618,4.0,20315.77287281561,9.919152852138993
11981.0,1264057.83697118,246064.575280011,4.0,2428854.025058229,14.702930109454769
11982.0,1257198.87069215,217902.067603171,4.0,804306.6282882023,13.597735853922734
11983.0,1278760.45157823,229674.580127224,4.0,215808.7997315325,12.282148108229354
11984.0,1263829.33514695,282167.961364985,3.0,49800.00221492654,10.81577030748918
11985.0,1273026.34622836,221201.785750553,4.0,407099.089180179,12.916811897151744
11986.0,1270421.2881137,282987.068309829,3.0,49974.5930876732,10.819270017017757
11988.0,1277762.94930521,188670.497781247,3.0,1313110.9300300882,14.087909635649243
11989.0,1287425.5388831,176184.487656459,4.0,511965.0296567416,13.146011600237317
11990.0,1276296.04575171,215156.454672366,4.0,55048.03449258818,10.915961437473243
11991.0,1283687.76819128,205541.611014515,1.0,0.0,
11992.0,1276869.06002429,206497.276423499,4.0,244892.4850174928,12.408574556546581
11993.0,1266063.59902123,265524.496003941,4.0,442399.3020502461,12.999968151544909
11994.0,1262644.88080974,268707.855431199,2.0,46592.0,10.749184131556358
11996.0,1271251.42168255,231307.573920906,4.0,175196.16854480465,12.073661588208795
11997.0,1275733.76639113,222366.579991743,4.0,1720471.162980253,14.358108743242388
11998.0,1284952.63443257,251821.011893913,1.0,0.0,
11999.0,1284938.46316856,252220.038966313,3.0,139768.0,11.84773918415428
12000.0,1266963.03294216,258554.985340804,3.0,34159.400386451154,10.438793094658612
12001.0,1256343.51120327,256327.391994521,4.0,799411.8841153843,13.591631591442809
12002.0,1256143.82000308,256331.309306532,3.0,833785.6691260027,13.63373165685729
12003.0,1264619.87620376,256307.2542665,3.0,142591.00488472855,11.867735705623017
12004.0,1264294.60945143,256316.447802514,3.0,62384.43003881772,11.041071004613881
12005.0,1263609.80701873,254847.494713008,4.0,47906.38971237506,10.777004171420488
12006.0,1252169.090719,238602.128232375,3.0,20123.46707022256,9.909641928961927
12007.0,1252189.47587103,239245.492777035,4.0,66136.24283429903,11.09947217866732
12008.0,1271017.79877031,213544.217422709,4.0,182327.8866456768,12.11356192014546
12009.0,1274266.54258163,258690.082812935,4.0,206335.04013030083,12.237256535001409
12010.0,1286285.08249794,200526.492097378,4.0,536344.3159653781,13.192531614347304
12011.0,1286565.86675423,200519.712577373,3.0,350958.02733450633,12.768421915054144
12012.0,1282495.73279805,228133.249565646,3.0,58910.4294973056,10.983773425225968
12013.0,1284589.8559362,205579.95347856,4.0,322196.6734585631,12.682917425210395
12014.0,1284583.5200002,205187.77383016,3.0,183960.49327950188,12.122476303100047
12015.0,1270560.39742583,213548.877838716,3.0,545047.815772062,13.20862880515844
12016.0,1258391.46934937,252374.15154247,4.0,130259.6638068754,11.777285151157981
12017.0,1258403.31056538,253057.847031176,4.0,154308.81334247804,11.946711154947405
12019.0,1267675.90059088,231540.250657141,1.0,0.0,
12020.0,1267682.23063889,231792.453537405,4.0,1595050.2455293091,14.28241579560416
12021.0,1265993.28913316,176585.29591286197,3.0,279982.8155920427,12.542483507382432
12022.0,1273300.77285264,179775.248812139,3.0,39037.69814391378,10.572283077311114
12023.0,1275520.45349492,277334.299152032,2.0,1172.1482964064285,7.066593494902352
12024.0,1275594.56485499,277873.410896584,3.0,408955.70376419066,12.92136212540463
12025.0,1271095.99678639,278035.435856745,3.0,2135886.654937384,14.574392413486379
12026.0,1290478.80672623,169781.291489899,2.0,1105.5657349500011,7.008112460266494
12027.0,1290750.09459852,169491.358945608,3.0,49479.41836922681,10.809312071571265
12028.0,1272637.09995596,274178.550540805,1.0,0.0,
12029.0,1272413.97541173,274836.743757471,3.0,94082.41574484804,11.451926440362826
12030.0,1283928.09875153,170100.001762226,1.0,0.0,
12032.0,1281403.12870094,174376.269798607,3.0,65489.72698177542,11.089648569349775
12033.0,1255604.75248252,244468.313710377,3.0,39975.91498511443,10.596032426373652
12034.0,1255609.53891453,244668.162990585,3.0,3307.057692077871,8.103814158271978
12035.0,1277007.00690444,205484.543238461,1.0,0.0,
12037.0,1257356.18038832,255771.65164195,4.0,1552572.198881343,14.25542359662397
12038.0,1286048.6873617,208649.588745698,2.0,2215.984875532524,7.703452222723181
12039.0,1276053.79493546,276528.223951206,3.0,541027.1657811971,13.201224770581241
12040.0,1271263.89502656,205446.898630425,4.0,157221.10709932272,11.965408419043618
12041.0,1281941.30412549,204450.574469402,4.0,478767.02813971136,13.078969386760315
12042.0,1254661.82588956,238538.789800301,4.0,57786.47404119113,10.964510014146944
12043.0,1281272.65682881,248580.60696259103,3.0,21469.5475837804,9.974390818633129
12044.0,1275367.19986276,241273.087147102,3.0,54455.43065219541,10.905137859883537
12045.0,1277863.79231332,259243.931773514,3.0,156346.93421669747,11.95983275423002
12046.0,1277864.51141731,259574.84876585,3.0,93286.9661634417,11.443435678935709
12047.0,1259128.31530213,187885.37502843104,3.0,892334.1428990816,13.701595941079857
12048.0,1274622.385078,264645.749059036,3.0,156914.46695772253,11.963456139427311
12049.0,1259271.90429428,247742.49150572703,3.0,30952.26774825884,10.340201546777763
12050.0,1266440.18654162,234332.286052004,3.0,39161.02850513152,10.575437360475533
12051.0,1262183.04836126,250090.501940131,4.0,1814134.2637602864,14.411118922221577
12052.0,1265636.13662079,246535.720624492,3.0,337956.9873266078,12.730673909937215
12053.0,1263209.4794023,237940.86019969,3.0,181196.95852602733,12.107339887273694
12055.0,1260119.72445515,286909.911513835,3.0,46641.79047619042,10.750252209571196
12056.0,1259452.89731847,286929.292057857,3.0,208596.80793650777,12.248158519113932
12057.0,1279750.97516325,275733.1632144,3.0,66031.74633947019,11.097890910506159
12058.0,1258923.14480592,246447.63550441,3.0,76814.50789362319,11.249148806160372
12059.0,1251926.37206276,240578.2102184,4.0,171442.40807746764,12.05200267623096
12060.0,1270648.41892993,258794.217469051,3.0,2415385.151367438,14.697369315320637
12061.0,1252904.34319976,242273.26724413,2.0,22101.482310627456,10.00339995813563
12062.0,1261436.3300885,285885.786648795,1.0,0.0,
12063.0,1260781.15191182,285906.929944813,3.0,790886.9142264811,13.580910270949568
12064.0,1263992.46993111,281068.693587855,3.0,83121.2086930824,11.32805516721072
12065.0,1269765.54993702,277400.898704097,4.0,908879.2013534628,13.719967472528348
12066.0,1266108.55300528,280566.336659342,1.0,0.0,
12067.0,1266287.23409346,280562.936019346,4.0,243651.81322030493,12.403495490149584
12068.0,1284585.1125122,173612.116133824,1.0,0.0,
12069.0,1284947.66227257,173601.157157809,3.0,551080.9614927584,13.219637012899625
12070.0,1264297.77220343,248276.597106278,1.0,0.0,
12071.0,1282771.71551834,271961.086154535,3.0,163189.08884587965,12.002664861715065
12072.0,1271475.05310677,281474.662868276,2.0,46591.99999999999,10.749184131556358
12073.0,1271475.45336278,281599.719764397,1.0,0.0,
12076.0,1276830.82680826,215143.058000356,4.0,63264.69094455456,11.05508264751785
12077.0,1267522.03767873,237585.224743336,1.0,0.0,
12078.0,1267435.36139064,237941.908071697,3.0,68831.85512248102,11.139421927266326
12079.0,1280616.02463613,263632.544385999,3.0,54475.57204821336,10.905507660872201
12080.0,1269870.00843313,256161.99961035,4.0,523046.36894246354,13.167425398662854
12081.0,1262217.58506529,199105.148159921,1.0,0.0,
12082.0,1275922.94514333,279934.241746694,1.0,0.0,
12083.0,1263908.55972302,169692.742113814,3.0,86052.20952228636,11.362709478501042
12084.0,1269425.92990467,271422.657417983,3.0,51282.94863847744,10.845113590691787
12085.0,1269422.89348868,272751.41095534,2.0,46744.40272041089,10.752449799643227
12086.0,1263315.71671441,280000.368594766,3.0,93182.0,11.442309848973883
12087.0,1286595.43424226,245831.11511977,2.0,67.09750013791574,4.2061467875148555
12088.0,1282517.71411008,276512.148879185,3.0,361262.61388678657,12.797360435132848
12089.0,1277192.69848862,207784.295176819,3.0,426434.927902904,12.963215061947396
12090.0,1278063.64389752,208100.342793137,1.0,0.0,
12091.0,1266386.41527757,265516.831299931,4.0,519243.6563458207,13.160128524708162
12093.0,1280111.41900362,259533.564733803,1.0,0.0,
12094.0,1256839.09353979,196520.823293284,3.0,2942.630040954152,7.987059032194999
12095.0,1257321.89802028,195949.8562527,3.0,25826.242671893368,10.159146411780533
12096.0,1280877.1615964,247262.708657235,3.0,105106.20815236092,11.562726624124924
12098.0,1286354.86752202,195100.172923833,3.0,49950.85051346367,10.818794811228306
12099.0,1271587.61681889,226033.144859508,4.0,1189576.8558592568,13.989108218541427
12100.0,1282428.30150199,245920.448239863,4.0,386816.7761292111,12.8657064132061
12101.0,1280398.39020391,281683.581460491,4.0,2233315.6639081477,14.618997883978869
12102.0,1280401.29740392,282759.750229582,3.0,2364229.4931358933,14.675962731111007
12103.0,1277048.00818448,271529.171658084,4.0,1992563.3211079969,14.504932468869521
12104.0,1262711.1300258,283523.601046368,3.0,47602.00000000001,10.770630056143553
12105.0,1262193.68125726,176939.629161224,1.0,0.0,
12106.0,1262223.1837853,176750.068201035,3.0,79942.35369860493,11.289061075146916
12107.0,1271001.06289829,177854.05290617,3.0,93182.0,11.442309848973883
12108.0,1270984.17253028,177230.161385521,1.0,0.0,
12109.0,1283067.88755065,207828.89351286003,3.0,106630.79799684658,11.577127660777212
12110.0,1280214.49951573,281691.480404496,4.0,189647.99896244175,12.152924995848313
12111.0,1280217.27839573,282211.793621033,2.0,23191.7,10.05154973502283
12112.0,1254875.22275378,235348.94480504104,3.0,45745.43787887436,10.730847347236898
12113.0,1258265.65040524,211498.009868622,3.0,445433.8338880924,13.00680399384828
12114.0,1271986.1773953,226624.733212113,4.0,447313.33551529126,13.011014602335107
12115.0,1254910.18627381,251767.880757853,4.0,55909.194325649056,10.931484123715629
12116.0,1288808.92691652,187744.302132294,1.0,0.0,
12117.0,1251797.73449463,215564.382288784,3.0,518498.07526898495,13.15869159453101
12118.0,1269215.50974447,244078.248493984,3.0,72838.9447558057,11.196006046584019
12120.0,1281697.72946924,266993.462533444,3.0,231682.01493042093,12.353121085182506
12121.0,1265734.64689289,245760.204463705,4.0,500916.8829150198,13.124195463938452
12122.0,1284907.91468853,241659.623787507,1.0,0.0,
12123.0,1286245.2676499,204608.98195757004,3.0,307786.9354089259,12.637163054420881
12124.0,1283086.53676666,236819.08816655,3.0,59.71538461538461,4.089589685950098
12125.0,1278659.49017014,267824.5025343,3.0,654677.4892506568,13.391898010533735
12126.0,1258059.88502903,193267.711033955,1.0,0.0,
12127.0,1275001.96895039,267941.73031041,3.0,352913.3866109803,12.773977942100563
12128.0,1275321.97189471,267931.385222405,3.0,157428.73857486973,11.966728181366967
12129.0,1286683.37145835,185204.313137695,3.0,246986.9955450874,12.417090964609043
12130.0,1257459.16150843,244940.372142866,3.0,350911.0995858208,12.768288192834557
12131.0,1264635.03133976,245014.118702933,3.0,428992.0801119344,12.9691937364622
12132.0,1269871.20888112,229236.128286779,3.0,28173.48726615902,10.246136646824489
12133.0,1278714.36869818,252605.716726705,4.0,690260.7261411728,13.444824669173544
12134.0,1273528.11589287,252884.362806991,3.0,64109.75437340681,11.068351805643545
12135.0,1273210.10866055,277295.326095998,3.0,108151.23796075369,11.591285878017066
12136.0,1266902.38148609,276114.422606781,2.0,107979.40879744054,11.589695828645608
12137.0,1266791.54903798,276392.547407076,3.0,75140.18592917154,11.22711079356157
12138.0,1283345.44108693,206544.193671539,4.0,1708843.1547357028,14.351327181839064
12139.0,1280318.02719583,277546.811472252,3.0,569807.2423906877,13.253053411373536
12140.0,1279900.21305141,278632.374289364,3.0,404003.1455910257,12.909177943029375
12141.0,1264757.8762679,172466.058084652,1.0,0.0,
12142.0,1264894.91633204,171993.625956163,4.0,484031.7493834777,13.089905781447069
12145.0,1281685.13439722,226042.69308351,2.0,3168.036849435486,8.06086738463292
12146.0,1279713.65177122,206001.904710993,4.0,199211.3930944794,12.202121816746502
12148.0,1255147.95913805,195360.585788086,4.0,711800.8212010327,13.475553405753873
12149.0,1273109.67512445,196970.130813748,3.0,19203.780133675245,9.862862420599415
12150.0,1275202.0997666,177780.622250095,2.0,46592.0,10.749184131556358
12151.0,1275530.08139892,177779.817770094,1.0,0.0,
12152.0,1264756.8946359,176674.328872964,1.0,0.0,
12153.0,1264377.38717951,176753.546857044,2.0,46592.0,10.749184131556358
12154.0,1265320.64286047,173946.40029417,3.0,98829.09466165728,11.501147320766268
12155.0,1254663.83836956,211945.668109074,4.0,220699.0865910424,12.304555453545925
12156.0,1281331.58617286,227383.41250889,4.0,311947.124150159,12.650588978551603
12157.0,1275253.33195864,249728.676211759,4.0,75890.73957210808,11.237049947667487
12158.0,1277665.91935311,267856.080198333,3.0,365336.263698502,12.808573478862362
12159.0,1268918.49880016,255529.55960971105,3.0,588707.4073551447,13.285684577500714
12160.0,1276138.24914356,216402.741521642,4.0,45790.51635738773,10.73183228222848
12161.0,1254476.92470537,206464.349319458,3.0,133705.6398045594,11.803395944732609
12162.0,1275285.88799068,246057.030640006,4.0,320395.9277470831,12.677312784192583
12165.0,1255338.62934625,245136.731311068,4.0,54493.730576426846,10.905840938739349
12166.0,1274231.3540376,229663.453215212,4.0,1268630.242178932,14.053448326916339
12167.0,1274235.10501359,230089.35324765704,3.0,51664.353043581184,10.852523326428974
12168.0,1287408.7666591,205375.730438352,1.0,0.0,
12169.0,1277033.76242447,222950.17301634,4.0,338147.3252918182,12.731236953144265
12170.0,1265144.96074829,278503.126865223,1.0,0.0,
12171.0,1259927.43216695,282194.149653003,1.0,0.0,
12172.0,1260045.84727107,283383.930070221,2.0,46592.0,10.749184131556358
12173.0,1252034.43779087,212709.475981861,3.0,60332.39210307928,11.007624420956716
12174.0,1274874.89573425,217407.23656266896,3.0,33816.101755264724,10.42869235132847
12175.0,1274867.30450225,217103.986194357,3.0,12393.279633193108,9.424909639611906
12176.0,1267741.43524694,269800.043528318,3.0,1164805.932197328,13.96806504930078
12177.0,1280591.75762811,198637.958847448,3.0,455405.7226495952,13.028943998737466
12178.0,1280978.3431645,198630.39814344,3.0,380558.7342194672,12.84939580500085
12179.0,1288084.36601979,248436.289010435,4.0,98147.5138563176,11.494226869341183
12180.0,1261395.54768845,189156.332789734,3.0,2469471.1731584626,14.719514585745651
12181.0,1252172.31510301,238457.322408229,2.0,296.2022808937097,5.691042602322988
12182.0,1282059.06015761,249892.541043937,3.0,16512.037984273855,9.711844968682826
12183.0,1283216.3937908,183651.785712108,3.0,30501.742628415443,10.325539096321224
12184.0,1266193.41898936,169692.962273806,1.0,0.0,
12185.0,1295724.4353396,181853.771566257,3.0,1553008.5783284148,14.255704625829937
12186.0,1279752.89087525,249933.57995598,4.0,420948.90953746,12.950266750282493
12187.0,1279994.52357949,249929.309299976,4.0,561380.4019976802,13.238154033140766
12188.0,1254473.81545736,216198.206481427,4.0,261239.4526293368,12.473192708735485
12189.0,1254279.52643317,216217.750417456,1.0,0.0,
12190.0,1281400.89017294,196215.312060967,1.0,0.0,
12191.0,1267799.37572701,196346.34265309604,3.0,69883.99999999999,11.154592003594335
12192.0,1267798.82551901,196312.580925062,1.0,0.0,
12193.0,1262782.95594588,240806.692394629,3.0,20495.39315528606,9.927955415739861
12194.0,1268537.44247976,281391.321556181,3.0,49058.81584493385,10.800775180646616
12195.0,1270759.91313805,174942.096103176,1.0,0.0,
12196.0,1272300.07902762,263484.989249855,1.0,0.0,
12197.0,1272303.12920362,264049.277826428,4.0,958563.9687030084,13.773191577585228
12198.0,1275235.70635863,179097.653739437,3.0,624486.0399778968,13.344684254379416
12199.0,1271996.78533131,274497.998029128,1.0,0.0,
12200.0,1275063.59544645,273202.34548381,1.0,0.0,
12203.0,1271548.04312284,230042.568223611,3.0,1156073.8114424725,13.960540176904871
12204.0,1265305.45092446,242845.44030071804,3.0,60750.83340936346,11.014536079781344
12205.0,1256097.90403503,215894.130705118,4.0,682311.6089812656,13.433241737141058
12206.0,1268885.75313613,253420.963127553,3.0,357735.594204535,12.78754942883584
12207.0,1268889.70526412,253690.054455817,4.0,403317.1617189458,12.907478533189288
12208.0,1288602.74586031,190512.211639121,4.0,829232.469854335,13.62825581682623
12209.0,1277195.16959263,265038.76102744,1.0,0.0,
12210.0,1256798.28419575,200100.59532894203,3.0,142351.76668451933,11.866056503479323
12211.0,1283873.51321547,242445.473900303,3.0,818596.3603620024,13.615346396856603
12212.0,1283894.61420749,243520.363181412,3.0,2269983.980893602,14.63528333255762
12213.0,1283706.2540153,264861.092099264,1.0,0.0,
12214.0,1273425.58987677,246905.04043287,3.0,315840.32759540726,12.662992072446217
12215.0,1255519.11485043,248640.411314651,4.0,802291.2032246718,13.59522691723526
12216.0,1263492.2658986,244109.689070016,4.0,184375.79185004075,12.12473130084688
12217.0,1270208.23640148,213560.40603072903,3.0,65622.48110051088,11.09167361592696
12218.0,1254923.75318582,252560.803702667,4.0,473378.0750050716,13.067649661100761
12219.0,1278768.62738624,230100.647199661,4.0,37429.994830446645,10.530227662785899
12220.0,1278907.55039439,230096.95823966,5.0,310099.92898294993,12.644649876075132
12221.0,1277992.79954545,214122.378959298,1.0,0.0,
12223.0,1263230.42487434,243379.308333263,4.0,2190816.936052717,14.599785062395288
12224.0,1279520.90149902,218443.009107724,2.0,133444.42603818834,11.801440385793914
12225.0,1264943.01265208,192420.125113085,4.0,1268264.0875179234,14.053159663207122
12228.0,1293476.54746531,188873.980661452,1.0,0.0,
12229.0,1269247.24849649,283423.037590265,1.0,0.0,
12230.0,1293175.89914499,185671.675378174,3.0,93182.0,11.442309848973883
12231.0,1293200.37312903,185666.095026165,1.0,0.0,
12232.0,1256120.86006705,207254.578696266,4.0,219960.8159298572,12.301204700061394
12233.0,1274924.12888631,257343.304315567,4.0,655047.5655356862,13.392463131119198
12234.0,1272836.04907617,231584.248929188,4.0,194217.31592141767,12.176732996268163
12235.0,1269480.58660874,270093.632840618,3.0,48509.081024298095,10.789506297013194
12236.0,1269513.83716877,270092.521288618,1.0,0.0,
12237.0,1280972.2247005,221035.848406389,4.0,93008.00948613044,11.440440891933756
12238.0,1280959.16665249,220721.120022058,4.0,127592.65978956663,11.756598123078055
12239.0,1271853.37253116,192774.761529446,1.0,0.0,
12241.0,1262066.00004114,239363.015849158,3.0,63584.008205988735,11.060117274408983
12242.0,1285474.69504111,252472.292406574,3.0,278103.8621023274,12.535749927584552
12243.0,1278654.12140213,267494.613125965,1.0,0.0,
12244.0,1263310.90897042,243058.515308931,4.0,1167266.9599467868,13.970175642559957
12245.0,1262809.1524259,243065.406060949,1.0,0.0,
12246.0,1281717.01292527,213761.385614932,3.0,135335.6227652553,11.815513066757315
12247.0,1272842.78034018,249832.551283866,3.0,116428.34865273822,11.665031329753791
12248.0,1273520.67038886,252186.508854285,4.0,201165.0758337176,12.211881122785801
12250.0,1277893.82994534,232109.824609727,4.0,748296.018233594,13.525553924971296
12251.0,1279587.97157907,225942.893083408,4.0,583614.4306000315,13.276995822192836
12252.0,1262597.73847368,252998.888503119,4.0,2709033.2978216982,14.812102412546398
12253.0,1284938.48780856,252483.138230592,3.0,283979.0110257855,12.556655609573463
12254.0,1275605.564215,262166.581440508,1.0,0.0,
12255.0,1262380.50826547,268232.147718713,3.0,121337.49337494143,11.706331143420224
12256.0,1270335.9428336,242769.23831664,4.0,322017.2048272794,12.682360254239772
12257.0,1268637.56798387,206964.690183982,3.0,12842.774573860832,9.460536642207154
12258.0,1268889.43160012,206959.609799966,4.0,87580.59131800412,11.380314692079617
12259.0,1254900.9064658,208610.201993659,4.0,471322.0903548577,13.063296982924923
12260.0,1276372.18898378,277845.023504555,4.0,303783.2142294549,12.624069614916385
12263.0,1265525.48529269,169080.190497175,1.0,0.0,
12264.0,1257523.11542849,207879.24640891,4.0,2366961.2461122605,14.677117515785943
12265.0,1257512.56394048,207209.351432219,4.0,1398345.6115778584,14.150800389804573
12266.0,1263102.4484262,237952.846055701,1.0,0.0,
12267.0,1262881.10244197,237956.112487704,4.0,82742.87257226527,11.323493157472514
12268.0,1265858.60010903,193065.410553738,3.0,53382.46681142684,10.88523763416927
12269.0,1276115.02251953,246592.32254456,4.0,82379.4453903634,11.319091235633875
12270.0,1279422.84101892,255493.903161675,3.0,49560.0225797175,10.810939791346637
12271.0,1279553.90405905,255490.29196167,1.0,0.0,
12272.0,1272246.69822757,238664.834472433,3.0,71611.43520552084,11.179010049770834
12273.0,1257426.59133239,191261.094327897,4.0,793643.5973058107,13.5843897695651
12275.0,1264620.43197976,187121.02091565696,3.0,1259856.603159293,14.046508465434718
12276.0,1270776.98885006,283347.579094186,3.0,122697.0351868834,11.717473467300985
12277.0,1271118.47211441,283350.147990197,4.0,85903.15831581046,11.36097587465163
12278.0,1266489.37540567,278517.196689248,3.0,61341.83846822364,11.024217408986683
12279.0,1266711.97636589,278514.341393247,1.0,0.0,
12280.0,1266216.37105338,190439.071671054,4.0,211725.6046135624,12.263046397440759
12281.0,1261691.23831275,277968.446480677,1.0,0.0,
12282.0,1261681.33316074,277987.354256704,4.0,939515.7704031809,13.753119883648134
12283.0,1273775.97272512,210206.454027295,1.0,0.0,
12284.0,1273898.98002125,209744.425482824,3.0,172427.56743056804,12.057732528318072
12285.0,1277885.32076134,221037.609558389,1.0,0.0,
12286.0,1276250.40440767,229831.893151388,4.0,121450.6506843523,11.707263292047521
12287.0,1288840.88122055,188423.061620995,4.0,96988.51400029055,11.482347838106083
12288.0,1257090.89616404,201552.736770436,3.0,46796.2160915338,10.753557625891975
12289.0,1257086.56842004,201396.151170269,1.0,0.0,
12290.0,1259747.97514276,193877.225914568,4.0,1526436.254657788,14.238446331135304
12291.0,1263504.72157861,199495.704128325,1.0,0.0,
12292.0,1263370.58999448,199076.916287899,3.0,186350.0,12.135381904907405
12293.0,1274857.62309423,252383.21157448,4.0,109225.27959164424,11.601167813593374
12294.0,1274902.46059829,252540.251958638,3.0,4881.229899546365,8.493152495688888
12295.0,1264296.40900342,256441.293690637,3.0,26463.52956765369,10.183522821352453
12296.0,1280398.22258791,197856.580798656,4.0,327668.9964528958,12.69975922066856
12297.0,1260652.70531969,256383.251450583,3.0,151538.8157363699,11.928597080596507
12298.0,1257807.67658077,188912.319157496,4.0,1766554.588899618,14.384541647596324
12299.0,1269426.53092867,280056.662098825,3.0,75298.05021506452,11.229209519894502
12300.0,1269777.53809704,280051.178898811,4.0,141133.11192902186,11.857458780253678
12301.0,1269099.79243234,276939.532879636,3.0,4951.990498392941,8.507544895621262
12302.0,1269100.94532834,277246.027343944,3.0,68442.13767546465,11.133743961817949
12303.0,1271451.49669075,175886.628328145,3.0,164004.508522501,12.007649197419324
12305.0,1271684.86040299,279542.354066297,1.0,0.0,
12307.0,1264410.82084355,246317.003888279,1.0,0.0,
12308.0,1278348.95500182,269159.42867966,4.0,86905.79413238681,11.372579984892505
12309.0,1259642.17847066,234195.526499853,3.0,226851.2642208362,12.332049858013924
12311.0,1275714.26475911,234817.450788498,3.0,245759.47006447043,12.412108572625929
12312.0,1275892.5071913,234812.189924493,3.0,48749.86004795646,10.794457605610724
12313.0,1286457.14323412,251125.561525196,3.0,79319.10176019018,11.281234258315832
12314.0,1265047.7654202,263563.486785933,4.0,135560.54703381023,11.81717366107586
12315.0,1270210.56350549,194031.439482734,1.0,0.0,
12316.0,1272354.30622767,242303.644780159,3.0,606401.9378982849,13.315298309047746
12317.0,1272365.71537969,242693.377900556,4.0,470517.0599567152,13.061587496556843
12318.0,1268906.45688014,252472.022070572,3.0,2349888.628542115,14.669878492887563
12319.0,1269094.48696034,224557.035929993,4.0,276589.3859687788,12.530289324261696
12320.0,1282013.45887756,245915.465007856,4.0,111419.1492422316,11.621054487952687
12321.0,1269359.2591206098,228504.168414026,6.0,408135.4345823666,12.919354345809715
12322.0,1253720.3185606,215169.625232384,4.0,1377221.4387431047,14.13557857723146
12323.0,1281894.21663745,182535.870638967,2.0,46592.0,10.749184131556358
12324.0,1282043.87577359,182533.276462957,1.0,0.0,
12325.0,1274676.42104605,272128.398794696,2.0,23294.0,10.055951095662596
12326.0,1274567.51704594,272473.465675056,3.0,186346.0,12.135360439691786
12327.0,1273970.06482133,194943.586299673,1.0,0.0,
12328.0,1274375.33829375,194934.011515662,4.0,292465.96612458624,12.586103583754646
12329.0,1272714.38494805,251868.653237954,3.0,315593.3482874964,12.662209791329643
12330.0,1272959.1459083,252034.068214133,5.0,380526.804604815,12.84931189954465
12331.0,1267883.5455191,233976.233635634,1.0,0.0,
12332.0,1275235.32408662,248797.169202805,4.0,55468.96298062837,10.92357891773532
12333.0,1278181.79295364,258580.780540824,2.0,14814.972980243558,9.603393636195241
12334.0,1278243.84498571,258901.261501163,3.0,295369.2957739284,12.59598170249208
12335.0,1256512.79363546,196944.67513372,3.0,260914.83344424568,12.471949324411844
12336.0,1285152.72486478,191852.759480506,4.0,114859.8425212945,11.651467903368196
12337.0,1256910.08547586,257887.959420115,1.0,0.0,
12339.0,1278409.18552987,217017.235410273,4.0,261248.69251579684,12.47322807752441
12340.0,1274231.0863256,217422.86677068504,3.0,114051.49702261965,11.644405353646727
12341.0,1275136.45554252,230807.131680384,4.0,187047.16041519196,12.139116058774624
12342.0,1264367.92490749,261599.057663918,4.0,1103537.3387627313,13.914031340774113
12343.0,1264108.02122723,261606.625215933,2.0,101669.05665696829,11.529478274746456
12344.0,1275874.04165527,234156.992099822,3.0,13697.392766098244,9.524960784661229
12345.0,1270947.52920224,224587.313754022,4.0,279156.2431481326,12.53952691533933
12346.0,1270791.77688207,224850.68559429,4.0,156832.93122905478,11.962936385440669
12347.0,1278458.41349792,205575.525318548,3.0,427931.2792873346,12.96671789925964
12348.0,1285871.02464151,245846.05009579696,3.0,802.5983539350669,6.687854406915023
12349.0,1272528.01752385,239071.390120849,4.0,267131.8590856797,12.49549766972999
12350.0,1282846.04281442,255921.128698111,4.0,680306.7874061586,13.430299133361375
12351.0,1274021.50206938,205416.802246392,3.0,1029595.4152650614,13.844676482325877
12352.0,1274735.39634211,208117.347657159,1.0,0.0,
12353.0,1283299.95430288,236956.149542689,3.0,46756.74883016674,10.752713884301498
12355.0,1262663.17277776,256212.713402405,4.0,564844.1087033823,13.244305058258039
12356.0,1278027.21324149,249966.288244009,3.0,25766.79655002022,10.156841986645807
12357.0,1262750.94685784,264950.82157135,3.0,183272.8518076184,12.11873131488065
12358.0,1262752.91767384,265616.039108038,4.0,919289.2510393116,13.73135609723406
12359.0,1270380.93720165,246195.24395214,3.0,53042.93672519976,10.878856991449153
12360.0,1269514.04452877,226376.433179855,3.0,24093.853212047143,10.089712033505059
12361.0,1265324.80196448,174274.482918501,4.0,187607.337949632,12.142106429659401
12363.0,1281408.62674895,277388.542800084,2.0,49951.87530263586,10.81881532696827
12364.0,1271953.23256326,200066.219392911,2.0,36.66666666666666,3.601868077124306
12365.0,1275922.45003933,252663.613878772,3.0,779162.4108452834,13.565974789445203
12366.0,1270992.74366628,264085.507394463,3.0,371028.6773781684,12.824034636117553
12367.0,1277589.02610503,259583.50950186,4.0,114684.11355092542,11.649936789173719
12368.0,1265767.65604493,232474.23824209,4.0,1481627.0804334923,14.208651420537395
12369.0,1280194.0812757,224529.615705967,4.0,504693.7842286807,13.131707156478154
12370.0,1256502.21558744,196474.229245231,1.0,0.0,
12371.0,1279712.72133921,204960.041989923,2.0,46592.0,10.749184131556358
12372.0,1279689.62623519,204696.441477656,1.0,0.0,
12373.0,1264071.1860272,193111.97279378804,3.0,640202.0373265762,13.369539088841133
12374.0,1250071.55682886,245015.538990945,3.0,54585.30807464586,10.907520042641758
12375.0,1250132.64367692,244884.276782811,3.0,51654.18606080837,10.852326517939543
12376.0,1280127.77791564,206910.25459991404,3.0,538424.4235077304,13.196402419411065
12377.0,1280121.82745163,206643.960839644,3.0,85287.24543368493,11.353780196317055
12378.0,1293876.75860171,181268.703533664,4.0,2180814.943489261,14.595209192197911
12380.0,1273525.31768487,252609.482422709,4.0,93731.49468117637,11.448189534281221
12381.0,1273415.39045276,196507.205565274,4.0,186104.01730839655,12.13406102922377
12382.0,1281511.67769305,228938.11638248,4.0,287493.71660463326,12.56895628369248
12383.0,1284980.3000326,203120.845828041,3.0,91264.95416199608,11.421522139245031
12384.0,1272924.73131625,242763.789868638,4.0,526095.7681306482,13.1732385438368
12385.0,1272945.14040428,243464.22974135,3.0,131020.48639388822,11.783108974642648
12386.0,1263517.78289063,251626.810165703,4.0,171673.97080778313,12.05335243846746
12388.0,1287212.86445089,186585.879603103,3.0,108701.49921636388,11.596360865253047
12391.0,1287996.1804837,184054.892848521,4.0,2790990.74483394,14.841907196437697
12392.0,1268145.47115137,284718.918871596,3.0,112815.74831221632,11.633511220998104
12393.0,1268146.93015936,284984.695895866,1.0,0.0,
12394.0,1293823.01101767,185240.117809728,4.0,2407673.3850033507,14.694171438754177
12395.0,1265667.07620482,247774.010161757,3.0,46045.47438515208,10.73738476074442
12396.0,1270796.10040207,249506.89451554403,3.0,142439.8039401685,11.866674760952748
12397.0,1270842.41822612,249535.047987565,4.0,173399.09445297928,12.063351121013785
12398.0,1263313.21738641,243250.437165126,4.0,2211967.9202712504,14.609393138929349
12399.0,1272659.81125198,227978.331549495,4.0,816509.2720571044,13.612793547185014
12400.0,1251863.62153469,238609.324392378,3.0,117131.69917212435,11.67105421467879
12401.0,1273890.38226125,244511.497966424,3.0,2182522.883728325,14.595992051739815
12402.0,1273908.20869327,244770.817326695,4.0,540371.9110711698,13.200012905684652
12403.0,1263102.0337702,238194.029991955,1.0,0.0,
12404.0,1264316.20522745,244095.426605999,4.0,452199.9356523024,13.021879696526797
12405.0,1273246.46258059,204544.340357497,3.0,1160974.5496025605,13.964770339339465
12406.0,1273180.11198851,204302.425861254,4.0,1382335.8452328534,14.139285267703334
12407.0,1269764.20779303,276735.32065542,3.0,704230.0208395384,13.464860315921273
12408.0,1274867.50168625,280167.452242941,1.0,0.0,
12409.0,1275068.67448646,280157.768850923,3.0,80057.29495165369,11.29049784421224
12410.0,1290207.06842196,171707.842403874,3.0,90534.95517616608,11.413491300155114
12411.0,1278357.94584982,237001.859814733,4.0,310107.8882515842,12.644675542532127
12412.0,1283287.14854287,205221.527046189,4.0,483077.51601920975,13.087932408410392
12413.0,1278602.74124207,212294.48206143096,3.0,1772264.486583324,14.38776865780338
12415.0,1284634.10323225,241623.934187472,3.0,116348.7763440054,11.664347651648965
12416.0,1284876.65164849,241795.943339646,1.0,0.0,
12417.0,1264671.80849181,191101.58117573,4.0,422741.8368010026,12.954516956819223
12418.0,1282555.18412612,269696.959752217,3.0,159340.48905326528,11.978798632173184
12419.0,1253959.39555284,206160.685255155,1.0,0.0,
12420.0,1253742.53705661,206078.230983064,3.0,364593.922438845,12.80653947196776
12421.0,1274873.22507825,254558.62092071804,3.0,41968.65604837905,10.644678334094154
12422.0,1279930.33471543,268444.924166933,1.0,0.0,
12425.0,1264873.94161202,248972.297778994,3.0,240166.53254956825,12.389087847320006
12426.0,1264686.66577183,248975.37752299,3.0,178551.49845558277,12.092632345345725
12427.0,1263996.04637912,281329.457492128,4.0,117347.24712412384,11.672892742325901
12428.0,1267392.1082066,233072.712098703,4.0,1289857.020803974,14.07004193360896
12429.0,1255814.80029073,199353.373760179,2.0,174223.0233887519,12.068091501078074
12430.0,1255278.3538902,199346.998720169,4.0,1685973.2137157489,14.3378535299419
12431.0,1276705.21388014,249993.356468037,4.0,129165.584443749,11.768850460572322
12432.0,1275095.41823047,235961.242085665,2.0,13320.144638940088,9.49703280281471
12433.0,1255122.50281803,205328.761734307,4.0,480817.0810591029,13.08324218790134
12434.0,1276939.52479237,258279.109564528,4.0,177496.81460409626,12.086707941844162
12435.0,1277219.85228066,258270.618748516,2.0,92033.01382119028,11.429902637543895
12436.0,1257033.35593998,202710.877507612,4.0,871153.3337500878,13.677573283681918
12437.0,1270650.00715393,206279.90579927,4.0,114129.18997227792,11.645086331109665
12438.0,1268295.02174352,235882.795429587,3.0,59700.08830265726,10.997088778486086
12439.0,1279691.09996319,204345.897861287,3.0,987062.2901614564,13.802488427023475
12440.0,1259378.61405438,212879.851278037,4.0,94385.26714536604,11.455140271578296
12441.0,1282942.43763052,202522.001219422,4.0,2690127.162571693,14.805099022792204
12442.0,1277458.10348091,227045.484700531,4.0,633176.6862514772,13.358504787377928
12443.0,1261264.32484032,253686.161719814,4.0,790233.3766961108,13.580083594356598
12444.0,1259122.11651812,259343.125821605,1.0,0.0,
12445.0,1281503.76038104,249246.369075269,4.0,360780.6273687005,12.796025372183326
12446.0,1271802.77457911,197101.773245871,4.0,326143.4996818971,12.695092746570001
12447.0,1255431.16425835,241171.873451009,2.0,1810.9411023283224,7.501601935172514
12448.0,1277551.478265,217850.85083513,3.0,498998.7793891462,13.120358928616728
12449.0,1277375.01932082,214735.570319936,4.0,81676.74164370612,11.310524560315454
12450.0,1262252.65258533,238794.486120567,3.0,59781.98726535971,10.998459678265649
12451.0,1267672.63979088,245457.675567389,4.0,309889.208604828,12.643970120984402
12452.0,1262373.01751345,205086.403590053,4.0,358181.41495973803,12.788794882728189
12453.0,1262354.34788144,204426.668997377,3.0,199901.4970152824,12.205580009281272
12454.0,1274989.48370238,252698.1479588,4.0,63781.59782079298,11.06321999231662
12455.0,1255274.24099419,209918.686283007,4.0,1501601.0637080555,14.22204247263728
12456.0,1274516.12638989,215958.333969191,2.0,444.24607143455137,6.096378623854526
12457.0,1284042.49580765,195252.574523985,3.0,1739373.015391926,14.36903527027245
12458.0,1278570.74098603,246332.334896281,3.0,178650.100373777,12.093184425297338
12459.0,1286287.71308994,184860.589041337,1.0,0.0,
12460.0,1263661.90993078,211050.787980154,2.0,198432.67109186048,12.198205133117865
12461.0,1282220.00172578,276244.931918919,1.0,0.0,
12462.0,1282011.18098956,274252.298060879,1.0,0.0,
12463.0,1278570.63013804,213219.528078377,4.0,646474.1262755602,13.379288455164346
12464.0,1273051.98072439,230442.329568014,4.0,567202.4177296131,13.24847151676081
12465.0,1267980.71070319,283938.109078795,1.0,0.0,
12466.0,1270005.40152127,258150.026172385,4.0,135919.4782116819,11.819817917401437
12467.0,1283089.52262266,196399.72543714903,3.0,122889.4125505873,11.71904014498068
12468.0,1283507.4037111,196393.935421154,3.0,224909.4710635515,12.323453249393085
12469.0,1279241.07692273,251268.652085349,4.0,167561.8504223122,12.029107818341556
12470.0,1279511.52421901,251263.868661344,3.0,82702.25404859726,11.323002136367043
12471.0,1266910.27057409,198367.914751172,2.0,46592.0,10.749184131556358
12472.0,1276227.15250364,255977.850682169,4.0,2753479.22851069,14.828375843988411
12473.0,1276138.40991154,247362.295409337,4.0,130399.89627611155,11.778361133045781
12474.0,1251608.75619043,211596.428300723,3.0,52769.72075966965,10.873692834736474
12475.0,1278381.56389785,232991.522018626,3.0,20568.02555054379,9.931492991192318
12476.0,1278707.83065018,232982.510178611,3.0,189291.94867156452,12.151045804182832
12477.0,1280734.21138826,272234.49402681,3.0,670120.6911642824,13.415213111210688
12478.0,1278448.42527391,276440.095183119,3.0,98134.26780002062,11.494091899542099
12479.0,1276387.91595981,276515.6987032,4.0,513106.72268292727,13.148239138935294
12480.0,1277192.71064863,276486.39534317,2.0,21939.69638188968,9.99605289516873
12481.0,1284917.57280053,199680.39968051,4.0,129675.0115178994,11.772786688040876
12482.0,1268606.76292783,188462.296117023,3.0,49978.86026058321,10.819355400219031
12483.0,1262725.65392981,187699.76677224,3.0,61786.800064259296,11.03144502943872
12484.0,1256571.55241951,199063.26342389,4.0,326857.5656155555,12.69727977582991
12485.0,1256270.4601312,199071.326719895,4.0,671207.1732846252,13.416833121331639
12486.0,1280758.40889227,202494.00096339,1.0,0.0,
12487.0,1260397.83869544,187860.214324415,1.0,0.0,
12488.0,1283058.85311864,207414.25197643,4.0,1267852.756541936,14.05283528463556
12489.0,1276300.11922371,220322.23202166,4.0,425316.573612076,12.960589049709052
12490.0,1276595.67967202,220347.387541682,4.0,277885.2936521872,12.534963694762789
12491.0,1273819.20914118,230092.932319656,3.0,89450.24284277133,11.401437803776906
12492.0,1265685.54206085,248518.779314533,3.0,156090.441933024,11.958190874219026
12493.0,1279160.66533865,246517.91390447304,3.0,1493937.8860110398,14.216926068182122
12494.0,1279171.41273065,247105.469809085,4.0,1893405.2267384916,14.453887473177232
12495.0,1286275.15142593,191562.0930482,1.0,0.0,
12496.0,1286268.98643392,191086.43423171304,3.0,149179.19496189023,11.912903513073426
12497.0,1268907.72523214,283527.032790378,3.0,32286.44810787621,10.382402857945825
12498.0,1294533.33933839,186821.813491344,4.0,123826.15119552624,11.726633854368815
12499.0,1273754.6725651,279724.885906488,4.0,1413631.4080134574,14.161672418199666
12500.0,1274212.02462958,279961.961874723,3.0,605530.4075181142,13.313860059571692
12501.0,1284826.11430444,189764.383094355,3.0,508817.2774801691,13.139844247743167
12502.0,1257762.80099674,241744.89297159,4.0,161937.044969289,11.994962927384897
12503.0,1257774.34819674,242410.94506827,4.0,275715.2640661577,12.527123960245937
12505.0,1277101.49855253,213840.98484700904,3.0,113866.20280694251,11.642779378510623
12506.0,1253578.31984045,248819.977522835,2.0,5439.55490830677,8.601452518176725
12507.0,1281571.76159711,259848.804222122,3.0,108557.52588002692,11.595035503902942
12508.0,1252318.21148716,211352.435340464,2.0,46591.99999999999,10.749184131556358
12509.0,1252379.82979122,211106.200588211,1.0,0.0,
12510.0,1262573.45936966,251644.702197731,3.0,564966.6894235915,13.244522051618155
12511.0,1263626.97329074,255669.916281849,4.0,690100.3370300356,13.444592281987122
12512.0,1263630.99204274,255933.905914113,4.0,136182.5893145103,11.821751832768005
12513.0,1294368.96071422,187446.30993999503,3.0,62704.361190152784,11.046186280663841
12514.0,1273078.14667642,273154.756619751,2.0,46592.0,10.749184131556358
12515.0,1273742.0026131,273131.601483732,3.0,139266.53858232655,11.84414491973042
12516.0,1271764.71953908,195860.274108604,1.0,0.0,
12517.0,1271757.28549106,195616.216508359,4.0,1975308.732665029,14.496235264437333
12518.0,1263991.86365911,193113.498105794,4.0,542065.3343029466,13.203141816151426
12519.0,1261865.65597694,237082.336358815,4.0,243414.64018649267,12.402521606397586
12520.0,1273270.20766862,239779.038313583,1.0,0.0,
12521.0,1266430.74890961,270020.364616543,1.0,0.0,
12522.0,1262357.57988144,284999.637463883,3.0,136967.29524685894,11.827497455486062
12523.0,1262092.17424917,285001.164055884,3.0,48889.41411020457,10.797316171663793
12524.0,1267529.15678273,264167.009858549,3.0,1713233.3828472844,14.353893010202016
12525.0,1280645.12134017,219400.982612714,4.0,161003.85362988373,11.989183579269488
12526.0,1280907.78489244,219456.385044768,4.0,166587.80566368464,12.023277810739962
12527.0,1283855.85215946,257500.236795723,1.0,0.0,
12528.0,1268015.36350323,244111.198254019,3.0,21328.35622834793,9.96779274465841
12529.0,1282315.13113387,208681.572233737,4.0,171631.6342382144,12.053105797753407
12530.0,1282314.33618987,208296.57402533304,3.0,224468.2684048297,12.321489632766195
12531.0,1284782.9746564,259094.401853353,3.0,208915.3616189671,12.249684480594828
12532.0,1280735.91910025,259166.172733426,3.0,62322.61234121686,11.040079597849926
12533.0,1263029.58378613,247659.720049649,3.0,156140.70097914868,11.958512809091312
12534.0,1267124.67006232,233992.217187658,2.0,3359.2748553590422,8.119480412808013
12535.0,1269277.77963252,213578.881998748,4.0,274269.13201390515,12.521865136921797
12536.0,1271349.72824265,210629.336395726,4.0,1201640.575414767,13.999198327243764
12537.0,1270588.45214586,213118.829134271,4.0,435857.4856788588,12.98507060118924
12539.0,1284975.4680326,244547.63934245697,3.0,262765.3143450373,12.479016571893364
12542.0,1272181.8941955,250136.522164181,3.0,8750.019118668606,9.07681116433997
12543.0,1259330.86147834,216652.998929903,1.0,0.0,
12545.0,1282791.70335837,265723.645828143,3.0,160121.62694073547,11.983688973813917
12546.0,1282794.31622237,266349.82867679,3.0,56497.19187081634,10.941946214497897
12547.0,1261200.98967226,236425.376358137,3.0,276649.46528311446,12.530506515496318
12548.0,1283227.87897481,235797.622693494,3.0,145472.33530105025,11.88774121212769
12549.0,1283308.18623888,236106.575781822,3.0,96619.38180167253,11.47853463984401
12550.0,1256120.85053106,244277.56503818897,3.0,66371.28011657354,11.103019713532294
12551.0,1259172.61117418,188866.459637448,3.0,1992343.901167206,14.504822343374109
12552.0,1271301.5258746,261429.347647741,3.0,611876.8214242761,13.324286269053944
12553.0,1275266.28568666,250840.772404909,4.0,301817.9893434478,12.617579430376605
12554.0,1276181.6614316,250827.586036891,3.0,314994.7064355448,12.660311112700041
12555.0,1275863.29989527,247696.69009769,4.0,271593.3483923972,12.51206118391169
12556.0,1276143.30821556,247692.729457676,4.0,233115.3541307389,12.359288692141302
12557.0,1270109.47313738,256156.45957835004,3.0,47520.63978331012,10.76891941739939
12558.0,1273215.95154056,217447.512082711,3.0,46636.99999999999,10.750149496485612
12559.0,1273382.75333273,217443.091794699,1.0,0.0,
12560.0,1274255.48587762,210756.749195859,1.0,0.0,
12561.0,1274421.47832578,210754.592715859,4.0,102350.62881434865,11.536159734835572
12562.0,1275711.78507911,242874.075372741,4.0,119595.80224358132,11.691873021584893
12563.0,1258270.26390925,258549.371836796,4.0,166589.7119373053,12.023289253730681
12564.0,1257713.52387668,258559.691964805,3.0,131742.9703891219,11.788608109299854
12565.0,1268544.74564777,243244.051373124,3.0,14183.559937416734,9.559838821991923
12566.0,1255066.39395396,204013.063556954,4.0,304135.14798002667,12.625227447322068
12567.0,1288793.19565251,192118.490552768,1.0,0.0,
12568.0,1285119.20787275,260338.24518263305,3.0,37669.253182713815,10.536599475236413
12569.0,1276172.68543158,218134.141971409,4.0,666195.7070217105,13.409338760742735
12570.0,1263301.7072424,247937.43204993,4.0,430344.1474667938,12.972340510512145
12572.0,1280659.10655618,218860.43086816405,3.0,1609.0954966348063,7.383427496775467
12573.0,1271877.28721918,252589.404726699,3.0,170969.48400525548,12.049240363449993
12574.0,1276061.05407147,281165.918419957,1.0,0.0,
12576.0,1278290.97381775,265193.670851603,3.0,52404.8134799476,10.866753726394577
12577.0,1275579.27979897,256659.901498869,4.0,126194.46336235252,11.745579356196203
12578.0,1280013.33522752,268291.90413478,1.0,0.0,
12579.0,1266756.40734194,233391.28758703204,3.0,1097984.966874268,13.908987209586545
12580.0,1281765.85401331,213704.891918883,3.0,291444.34873721044,12.582604353123449
12581.0,1256110.08445103,243801.378349692,3.0,728623.1623698846,13.498911953292701
12584.0,1255078.22172998,245140.874031067,4.0,135920.605017907,11.819826207615387
12585.0,1255084.18428999,245486.691887423,1.0,0.0,
12586.0,1254869.04694577,235089.029284775,3.0,100238.47824188884,11.515307408308354
12587.0,1267077.71575826,246251.151024207,3.0,194503.58254497292,12.178205861125365
12588.0,1264767.28695591,252421.255094528,3.0,26510.821528715765,10.185308288192415
12589.0,1291807.63149559,185459.85227395603,3.0,775005.3516121937,13.5606252136177
12590.0,1281920.64505348,261124.016895428,1.0,0.0,
12591.0,1283472.70399906,247874.953521863,4.0,548454.5300335432,13.214859656507334
12592.0,1264962.2363961,196099.368124843,3.0,54747.17238618711,10.91048100043066
12593.0,1271165.81093046,231930.783649534,3.0,113446.730776533,11.63908867336734
12594.0,1271318.49304262,231929.843361542,1.0,0.0,
12595.0,1275686.68671109,236114.612517819,3.0,139765.0,11.847717719783347
12596.0,1275905.69778331,236227.585061938,2.0,23295.0,10.055994024250897
12597.0,1270386.93387365,232056.078305662,4.0,354452.7186152477,12.778330241207897
12598.0,1256496.55907543,250440.53995649505,3.0,269380.993777967,12.503881990276474
12599.0,1260152.63741519,193507.218426198,3.0,56801.044486139,10.947309993380646
12600.0,1260140.82640716,192805.041657478,2.0,244.1443227381624,5.497759537065745
12601.0,1270379.42206565,198445.97395125,4.0,809730.5969186148,13.6044568749294
12602.0,1287074.25024275,188672.462325245,3.0,2351263.803479553,14.67046353027852
12603.0,1275270.02648667,221764.531991124,4.0,984791.4114390024,13.800185132692299
12604.0,1266866.85694206,229029.233310565,4.0,114728.77358358727,11.650326131148216
12605.0,1251847.78134267,241898.062891752,3.0,51565.51262085187,10.850608367956488
12606.0,1273906.71160527,248487.18264249,1.0,0.0,
12607.0,1256250.56649919,252550.029174656,3.0,54707.19984476735,10.909750603967147
12608.0,1271738.25169905,194996.688187718,4.0,790483.4114071658,13.580399950474305
12609.0,1281419.38783696,212207.529101342,3.0,14915.26482475122,9.610140452389693
12610.0,1264955.7741241,245775.568943724,4.0,144611.87021740602,11.881808675361155
12611.0,1255389.4852183,200278.208513126,1.0,0.0,
12612.0,1255385.7867223,200155.955136999,3.0,84142.48058761621,11.340266838378776
12613.0,1284211.52531181,197233.289086014,3.0,85676.4770545389,11.358333586798913
12614.0,1269059.08779231,268776.087559268,2.0,7319.164039893238,8.898251398233413
12615.0,1282850.34924643,209149.072650209,4.0,68924.34303028633,11.140764704185871
12616.0,1273233.14245257,224517.642969951,4.0,1537112.557019859,14.245416251472388
12617.0,1266639.52177382,173287.891749486,4.0,412645.4584054697,12.930344049036284
12618.0,1256376.98813131,198538.751039341,2.0,11079.61867742186,9.312862544313912
12619.0,1262391.65098548,283531.861846372,3.0,186812.00000000003,12.137858042542284
12621.0,1285710.45836934,168298.532640383,3.0,89750.19659883031,11.404785496864342
12623.0,1262099.56823318,286627.886169553,3.0,321824.61211481126,12.681761993259684
12625.0,1270621.2539379,232407.309922025,3.0,71369.22387770154,11.17562201727661
12626.0,1270691.80299397,232393.25123401004,5.0,854783.7113205908,13.658603746701106
12627.0,1280281.2385878,247275.245745257,3.0,494279.8443010544,13.110857122216569
12628.0,1276356.31237577,268557.91085504,4.0,176170.04972673388,12.079204999186764
12629.0,1271223.87217851,224750.878682181,3.0,59213.92579489525,10.988912026231027
12630.0,1280124.51679564,222376.24040775,3.0,7356.895695474653,8.903393342242344
12631.0,1284142.14124775,235146.16566883,4.0,144524.5868254435,11.88120492310171
12632.0,1278803.14770629,231491.567649096,3.0,40841.32711917649,10.617449767323023
12634.0,1273458.00978081,239051.967208833,4.0,2038865.0807823767,14.527903878059988
12635.0,1273493.21310884,239051.231656834,2.0,427872.9951849678,12.966581690305805
12636.0,1277048.88972048,271859.297610432,4.0,1523353.2847668938,14.236424571337665
12637.0,1294794.01101865,183095.087343529,2.0,155274.64237445925,11.952950714249576
12638.0,1255374.86384229,213898.42337507,4.0,396020.2852190906,12.889220714225381
12639.0,1273407.89074075,208946.316809997,3.0,47341.11388384656,10.765134412234477
12640.0,1273295.96446864,208433.726601481,2.0,56538.11879248665,10.942670358541356
12641.0,1273558.79826091,233530.34115517105,3.0,94287.00286007716,11.454098631551695
12643.0,1278213.84242567,219359.872788668,3.0,241716.177158873,12.395519495187738
12644.0,1265955.40369312,256927.149307132,4.0,196419.88601640484,12.188009922406154
12645.0,1278849.37759432,213505.953678668,3.0,78853.46791581731,11.275346572601178
12646.0,1271112.20702641,195631.612476364,4.0,1286098.5693207746,14.067123828836776
12647.0,1271102.7109624,195321.716412053,3.0,559395.3073525622,13.234611670999334
12648.0,1278426.41093789,278527.651729256,4.0,1132441.5230127375,13.939886499697337
12649.0,1279064.88799454,278157.78241688,3.0,992312.160660475,13.807793014851402
12650.0,1269469.64209671,264562.885698959,3.0,5885.880171328514,8.68031157033415
12651.0,1254153.48867303,217030.138258278,3.0,91139.34328500672,11.420144859229117
12652.0,1254092.54256098,216941.755858198,3.0,48211.96481409677,10.783362501891672
12653.0,1276995.25957642,232799.744482428,4.0,1652474.031043497,14.317784135633511
12654.0,1273576.65650092,257381.568059608,4.0,1434877.632552222,14.176590130057097
12655.0,1274109.02450147,249456.027123481,4.0,1710776.4715761675,14.35245790236223
12656.0,1274162.24459752,249366.953139395,4.0,89658.21933164205,11.403760157280695
12657.0,1279742.24127524,197623.51763041303,3.0,93182.0,11.442309848973883
12658.0,1281488.59442903,247909.981681898,4.0,503200.6137523243,13.128744204066201
12659.0,1271979.13182729,212117.835085258,4.0,238623.8684700977,12.382643819141888
12660.0,1274510.29573388,187483.310836032,1.0,0.0,
12661.0,1262458.76996154,243599.718637496,1.0,0.0,
12662.0,1282948.78310253,243540.076333433,3.0,295214.00161622226,12.595455801532905
12663.0,1257250.50704421,212515.834637657,3.0,40581.94372040496,10.611078510714844
12664.0,1256980.66966793,212524.24929367,4.0,27930.571113944607,10.237477106776874
12665.0,1274847.18936622,250843.010548905,4.0,285438.81983177207,12.561782993807261
12666.0,1275438.33522283,253341.425847471,3.0,208214.6629933764,12.24632486012488
12667.0,1274957.98443834,263068.815169424,3.0,121114.00061436927,11.704487534868285
12669.0,1252646.77545549,242554.58391642605,3.0,1319010.6456107325,14.09239250263787
12670.0,1270088.86622536,261118.162303433,1.0,0.0,
12671.0,1259249.44432625,255741.182841927,4.0,176532.33891707638,12.081259361898356
12672.0,1259264.27338228,256405.6782666,4.0,126721.73262766557,11.749748879837242
12673.0,1275855.98725526,213272.99483043,3.0,586928.0286579551,13.282657482533294
12674.0,1271213.27966651,248572.108594581,4.0,67499.63092940404,11.11987740913314
12675.0,1271102.56337839,248835.565426856,3.0,40606.83781615426,10.611691750526017
12676.0,1259422.19005443,214448.487887636,3.0,47804.81365458171,10.77488161747998
12677.0,1260116.49053514,284426.265559301,3.0,279206.09523809515,12.539705480714062
12678.0,1259447.52400646,284445.01621531,3.0,465208.8952380952,13.050241820763903
12679.0,1284724.11616035,175584.351719841,1.0,0.0,
12681.0,1262127.8804892,245854.396207795,4.0,276792.63899755984,12.531023909155138
12682.0,1272375.7960197,220909.834902257,4.0,77344.0458173789,11.256018875887433
12683.0,1270709.732466,194304.605627015,3.0,216485.9319801508,12.285280845006973
12684.0,1271516.18065882,214319.528847501,1.0,0.0,
12685.0,1256523.02589147,197312.75116609,4.0,1265031.0313395415,14.05060721054608
12686.0,1276734.55506416,255299.126329467,4.0,90775.51243889924,11.416144841421097
12687.0,1279192.74437867,265486.3027879,1.0,0.0,
12688.0,1282115.43500566,195589.340924323,4.0,97876.90945258904,11.491465942196946
12689.0,1282108.94687766,195285.484540015,4.0,1318898.1374999727,14.092307201651309
12690.0,1283759.47436735,233943.075875595,4.0,79299.27251771458,11.280984233781549
12691.0,1277026.53868046,220591.097685933,3.0,22890.63934054204,10.038483343554454
12692.0,1263935.40612306,170805.365858942,3.0,140162.5960379355,11.850558427958845
12693.0,1266662.29860584,276781.856015474,3.0,160697.4343299281,11.987278586009653
12695.0,1273281.65285262,272151.397066727,1.0,0.0,
12696.0,1273742.7404691,272140.304266721,3.0,216983.0097996328,12.28757433360309
12697.0,1277926.83941738,277123.908815816,3.0,73840.59920133541,11.209663984004797
12698.0,1280414.21433192,275710.191502377,2.0,35589.927938817,10.479817953742902
12699.0,1258985.94486998,259615.911997885,1.0,0.0,
12700.0,1281514.89030105,191806.777912453,1.0,0.0,
12701.0,1283590.77785519,244056.731181964,3.0,47677.25982165368,10.77220982990432
12702.0,1284085.82873569,244046.601581946,1.0,0.0,
12703.0,1266385.59217356,237669.375527412,3.0,86233.48984359397,11.3648138944668
12704.0,1275166.14904656,208400.419593439,3.0,128174.89891407988,11.76115100799608
12705.0,1254795.9965777,244693.286958605,4.0,963895.0287780324,13.778737676354499
12706.0,1272431.68965176,279982.252178743,3.0,49125.78421343424,10.802139312676394
12707.0,1272433.16209975,280321.023827091,3.0,1178465.033373055,13.979723330466772
12708.0,1271306.9366266,177851.99940216503,3.0,242343.36147324988,12.398110848586606
12709.0,1282011.21279757,175683.47747994997,3.0,29617.68456344725,10.29612691337689
12710.0,1274755.62002213,273923.938828543,3.0,1308450.586834869,14.084354237025586
12711.0,1282593.92294216,186140.041202649,1.0,0.0,
12712.0,1282565.92460613,185934.00984244,3.0,519964.7957075986,13.161516387703513
12713.0,1262586.22967367,252335.394742429,4.0,1712205.532231959,14.353292882351743
12714.0,1281005.57638054,216831.884050086,3.0,48830.03646625576,10.796100903855669
12715.0,1266324.9288775,173941.621414155,3.0,30941.479832740108,10.339852952095761
12716.0,1262095.69226517,167915.057311982,4.0,1070240.8064411152,13.883394233866223
12717.0,1270127.7362414,280044.80488281,3.0,205202.20198090663,12.23175112312228
12718.0,1282546.36921412,245918.671663865,4.0,156413.0693700565,11.960255667349257
12719.0,1276670.19359209,233528.625891179,2.0,165720.457075245,12.018057654305112
12720.0,1256710.30505966,257782.435644016,3.0,93182.0,11.442309848973883
12721.0,1256381.78371532,257788.959292024,4.0,238961.39911097471,12.384057307873583
12722.0,1260134.84611917,241036.83626686,6.0,1847939.8751022688,14.429581995536669
12723.0,1269993.86148925,214349.810575545,4.0,200743.98207913965,12.209785654169844
12724.0,1270223.67140949,214345.167247534,3.0,96653.61595520306,11.478888896820266
12725.0,1282037.15730959,268377.089350864,3.0,211475.76833637705,12.261865700391184
12726.0,1282255.45081381,268369.571014851,3.0,221092.4661217145,12.306336291736333
12727.0,1271272.78744256,206263.274631262,3.0,45122.86601750104,10.717144404046062
12728.0,1263224.86391433,250332.98078838,3.0,828741.8241022564,13.627663955096903
12729.0,1280400.19602792,197936.141630724,1.0,0.0,
12731.0,1263515.22353062,237049.556518778,4.0,229710.1350966636,12.344573510893445
12732.0,1256930.80886789,258984.274493247,1.0,0.0,
12733.0,1274046.1597974,276603.627663285,3.0,1235912.8529325798,14.027320407177914
12734.0,1282725.2894703,178873.232939214,1.0,0.0,
12735.0,1290126.60730188,183386.720303833,2.0,781.5648675052537,6.661298150262397
12736.0,1266741.41790193,232795.785506427,4.0,1260162.0171230938,14.046750855679644
12737.0,1284265.27852787,200886.701057747,3.0,47015.75469648756,10.75823803083136
12738.0,1284546.65459216,200882.88742575,1.0,0.0,
12739.0,1255570.35721849,200149.874112993,4.0,1712547.3897148585,14.353492521561826
12740.0,1279131.28645861,258213.140220448,1.0,0.0,
12741.0,1281540.70521308,209157.963018224,4.0,169832.51239595312,12.042568009182709
12742.0,1283746.28051133,233502.863203153,4.0,397966.4143983941,12.894122894772199
12743.0,1256577.12553951,216909.168978155,3.0,55765.24760313503,10.92890615153597
12744.0,1283091.01638266,209131.496202201,4.0,424057.55726747913,12.957624473273489
12745.0,1273759.73259711,238611.638056383,3.0,467248.359296826,13.054616213908382
12746.0,1273760.12498112,238650.967400417,3.0,216211.8036838556,12.284013778829472
12748.0,1256965.89808391,199308.112000138,1.0,0.0,
12749.0,1256578.88931552,199329.931840152,4.0,59166.127323501365,10.988104483528819
12750.0,1254440.38012934,236553.407270268,2.0,7.333333333333334,1.9924301646902063
12751.0,1258139.28675711,253061.985463172,4.0,166610.2699862978,12.023412651390547
12752.0,1264457.26333959,247134.517361104,3.0,71675.45089927169,11.17990358161803
12753.0,1282147.6134377,192419.204537079,2.0,306807.7552682358,12.633976626083514
12754.0,1282195.26066975,191953.562744603,3.0,775708.8265768207,13.561532505267932
12756.0,1281949.9009255,202298.8586272,3.0,68324.13429426782,11.132018340306454
12757.0,1255952.63075487,257797.481596023,1.0,0.0,
12758.0,1271280.13355458,246704.969648674,3.0,1462380.9515108797,14.195576454098612
12759.0,1268574.1989598,243822.158125713,3.0,53414.59782269599,10.885839355056426
12760.0,1268837.16337608,243811.964269713,1.0,0.0,
12761.0,1258383.57565337,192260.631352916,3.0,509544.371733139,13.141272216632377
12762.0,1262781.81392987,244122.425582021,4.0,1109208.593470395,13.919157340142716
12763.0,1265934.3279811,177513.594217822,4.0,1807262.568652688,14.407323865411712
12765.0,1274860.79634224,227953.267997473,4.0,257820.1963675252,12.460017707642626
12766.0,1275725.29624712,271742.805706307,3.0,533540.751051952,13.18729073115911
12767.0,1279155.10725863,169260.95395337,2.0,200071.03818277712,12.2064277733787
12769.0,1281319.26700485,171706.257123873,3.0,43541.31530529086,10.681465543456985
12770.0,1265208.44881235,238747.992104515,2.0,7168.516281788578,8.87745397798019
12771.0,1258671.99178167,216518.367313758,2.0,46592.0,10.749184131556358
12772.0,1273614.41528496,237492.294183239,4.0,141353.13739611828,11.859016558815405
12773.0,1294422.92877828,183110.087983549,3.0,291628.9126298036,12.583237425881148
12774.0,1281688.98015723,226487.675739974,2.0,2838.793897601151,7.9511345570082295
12775.0,1258123.76778111,287413.065690354,1.0,0.0,
12776.0,1262959.77156205,189790.33675839,1.0,0.0,
12777.0,1259020.23415002,192589.281913251,4.0,1238245.0601521642,14.0292056610641
12778.0,1284109.05606371,189799.184182391,3.0,93182.0,11.442309848973883
12779.0,1283031.69401461,268342.820422828,3.0,436286.3203306146,12.986054004805387
12780.0,1283302.38278289,268333.492678821,3.0,254123.92236211305,12.445577310339711
12781.0,1264799.38372394,235695.681637391,4.0,447583.7427614508,13.011618933852
12782.0,1255493.1661144,192678.995001346,4.0,276964.6914148163,12.531645309228216
12783.0,1261671.15242474,264655.043651044,3.0,419200.0,12.94610341198897
12784.0,1275993.0020394,232163.19753778,4.0,182774.9138883112,12.116010696026464
12785.0,1280803.32678032,207951.386376992,3.0,60678.23791665988,11.013340394093234
12786.0,1278330.18437779,222922.22191231,4.0,300254.7929271193,12.61238670293595
12787.0,1278323.63980179,222631.548952013,3.0,6216.815542228673,8.73501308392869
12788.0,1264143.15306726,268886.578823388,1.0,0.0,
12789.0,1291378.55168715,180900.369965285,4.0,322799.6796146508,12.68478722285777
12790.0,1284305.32825591,176885.80151318,1.0,0.0,
12791.0,1280145.41241165,180157.078764528,4.0,1295748.6721342928,14.074599211266008
12792.0,1269682.07275294,284953.940375835,1.0,0.0,
12793.0,1269801.92356905,284952.897111833,3.0,50029.551920040925,10.820369148216697
12794.0,1266171.83601335,271486.170378044,4.0,69604.07303768258,11.150578365266604
12795.0,1266181.45937335,271813.853450388,1.0,0.0,
12796.0,1271112.0184184,281853.377364665,3.0,49330.94502502984,10.80630685125146
12797.0,1271388.35576269,281836.309140638,1.0,0.0,
12798.0,1272228.32587555,215065.649360269,3.0,64816.620794539165,11.079317343194358
12800.0,1265100.28599624,245629.161455572,3.0,65338.51143437316,11.08733690305247
12801.0,1265163.64311631,270184.098184705,4.0,172681.65304256367,12.059205022489959
12802.0,1255217.71587412,197800.37062259004,3.0,1239735.4773969837,14.030408590144422
12803.0,1284879.6860805,255243.234041408,3.0,96267.8666666509,11.474889862628803
12804.0,1253116.81948797,239891.581993699,3.0,172932.86463230758,12.060658732453728
12805.0,1280761.03974028,260182.957118466,3.0,29431.881432294944,10.289833768246153
12806.0,1281567.77106911,260163.038526446,3.0,83647.37926134028,11.334365376113546
12808.0,1275663.66546306,252673.168310776,3.0,6752.422270035797,8.817656574313702
12809.0,1253525.8436164,246541.546096504,3.0,637011.9284849863,13.364543660415055
12810.0,1263225.40388232,243682.828397572,3.0,44643.78836579704,10.706470458279579
12811.0,1270778.86616206,247518.338097498,4.0,155422.10065248964,11.953899924644674
12812.0,1254942.27612984,209929.630155012,4.0,1191501.9914068657,13.990725246863947
12813.0,1270001.61412926,270170.680264696,3.0,5443.820211763321,8.602236338200912
12814.0,1272948.29227628,205129.947142094,2.0,145179.97555156672,11.885729462437983
12815.0,1265703.80119686,249256.181427285,4.0,66346.59343300016,11.102647696060979
12818.0,1287242.23712292,202871.123267785,4.0,128389.06180309922,11.762820478159872
12819.0,1264482.04279561,196114.186300859,3.0,72143.17727553697,11.186407996675028
12820.0,1283581.99347118,266045.714756474,3.0,231908.82071989583,12.354099559259769
12821.0,1271170.43166646,228596.627934128,4.0,235634.92767470385,12.37003896966427
12822.0,1270855.40011413,228883.342878416,4.0,487904.12826016126,13.097874207051513
12823.0,1273234.02597257,227544.440349042,4.0,1077562.3556410742,13.890211969950167
12824.0,1287043.94848272,252553.652854651,2.0,130963.54042485316,11.782674246078289
12825.0,1287493.81632318,203616.712324545,4.0,160560.83285090854,11.986428170619874
12830.0,1269371.03595261,215122.431760326,3.0,123380.25899051366,11.723026401890245
12831.0,1262934.03345002,254062.616312206,3.0,8833.11846488637,9.086263398280508
12832.0,1274388.01643775,239032.768808812,4.0,240645.49969348183,12.391080173926776
12833.0,1285243.41305687,208232.311049268,4.0,166657.6431711962,12.02369694629772
12834.0,1274497.75410187,224882.842330322,3.0,65098.13695294436,11.08365120955281
12835.0,1257278.13597223,213833.406095013,4.0,127318.5980049239,11.754447869749821
12836.0,1259063.80266206,186121.66494663095,3.0,18328.01754600871,9.81618618146639
12837.0,1270220.84139349,283947.139926806,1.0,0.0,
12838.0,1266242.42775741,282299.625813112,2.0,379.9018374098974,5.939912896743867
12839.0,1289695.73088543,166888.483934939,4.0,185828.0096273292,12.132576845492633
12840.0,1285975.53753762,197210.895741984,3.0,173503.90676111,12.06395539547064
12841.0,1256603.16157155,200213.475713059,3.0,298133.6093661193,12.605297018584691
12842.0,1267740.79710294,243584.363053471,3.0,51310.96185577669,10.845659689731399
12843.0,1278145.1834816,230772.57072036,3.0,35292.950131783735,10.471438509995464
12844.0,1262067.65456913,205095.043974057,4.0,446477.5224402518,13.009144336352339
12845.0,1272565.06341189,198760.951039568,1.0,0.0,
12846.0,1271306.8700026,245507.041583449,1.0,0.0,
12847.0,1283056.75135863,207137.094408154,3.0,652181.8400153749,13.38807869775371
12848.0,1283493.93555108,251189.41963726297,3.0,62779.202197505445,11.047379122406715
12849.0,1267620.29636683,229293.584862843,4.0,631667.9322921272,13.356119111457245
12851.0,1266866.24836606,197041.450877815,3.0,56914.60417103142,10.94930725099616
12852.0,1267737.59665495,269466.516295969,3.0,1248269.527049204,14.037268771780816
12854.0,1258840.60918984,248033.35313803,4.0,1531438.4425312595,14.24171801021357
12856.0,1251592.14537442,210992.175884098,4.0,176686.95113712375,12.082134808026446
12857.0,1251332.60911815,210999.716876104,3.0,1553954.988677612,14.25631384467532
12858.0,1272391.10475571,270021.391816542,4.0,218949.02556520543,12.296594221729599
12859.0,1260329.84080736,249598.285363629,4.0,438071.9648618403,12.990138479199803
12860.0,1259671.96419869,249612.812915653,4.0,516360.197469404,13.154559858046408
12863.0,1270374.48868965,244863.841134787,4.0,173408.8768225836,12.063407534766739
12866.0,1282534.9598061,265731.714756146,3.0,361671.1742755696,12.798490719645674
12868.0,1268944.33246419,278477.273233205,3.0,45403.18144274625,10.723337457405659
12869.0,1268947.71300818,278736.403281465,2.0,14.0,2.6390573296152584
12870.0,1295993.13428389,182529.572398961,1.0,0.0,
12871.0,1262985.82365808,256739.239290938,3.0,30868.887373062327,10.337504074509843
12872.0,1274128.6537495,194629.737851351,1.0,0.0,
12873.0,1257153.23299611,205901.494470879,4.0,1826297.4308794583,14.41780121344392
12874.0,1279296.91903478,200669.782529533,1.0,0.0,
12875.0,1279829.06233133,200659.363585517,4.0,55934.19954644273,10.9319312707548
12876.0,1275720.12498312,243099.681580976,4.0,68246.07263380794,11.130875167564506
12877.0,1273477.65016483,215798.703377023,1.0,0.0,
12878.0,1261629.09968869,247407.806513384,4.0,213029.82460829205,12.269187456524621
12879.0,1285384.87110502,256596.8885068,3.0,131820.58140730445,11.789197045212251
12880.0,1283176.97651076,252518.937014624,3.0,75784.9020630598,11.235654370565124
12881.0,1256760.50966771,250438.294516489,3.0,225442.8177769599,12.32582182606504
12882.0,1289701.55898143,187952.029428512,4.0,313995.9960543612,12.657135513389859
12883.0,1267173.89502236,237669.696999416,1.0,0.0,
12884.0,1281283.79628482,249249.85003528,4.0,70703.94437123908,11.166256640586424
12885.0,1281294.78905283,249906.317235947,3.0,5369.407120252688,8.588472775495752
12886.0,1269049.56254429,255525.509433702,3.0,653553.3141138874,13.390179391142448
12887.0,1269057.6973923,256188.983482376,4.0,1095507.8666298925,13.906728618849833
12888.0,1282021.04972558,223092.944024488,4.0,934659.6510508584,13.747937732431984
12889.0,1282401.11820596,223329.145304739,3.0,1479498.165726584,14.207213511028854
12890.0,1274377.16146174,179759.214764118,3.0,328903.6108900531,12.703520010803576
12892.0,1269266.91384052,187147.310899675,3.0,437628.38980646577,12.989125404142913
12893.0,1287434.45427512,176857.131945148,4.0,1018969.425907454,13.834302307738495
12894.0,1271597.6214269,275818.814286485,1.0,0.0,
12895.0,1264940.88209209,263162.928513527,3.0,4792.814611312185,8.474873119361334
12896.0,1283441.79526302,236492.312870204,1.0,0.0,
12897.0,1255508.45808242,191012.915703639,3.0,174303.1141742669,12.068551098097023
12898.0,1269023.80932826,209047.481610104,2.0,341237.4516464702,12.740333853073254
12899.0,1278163.02168962,249228.22443525505,3.0,47768.86242139215,10.774129292439
12900.0,1278282.04306574,249226.034803256,1.0,0.0,
12901.0,1260930.36029598,211661.04628478,3.0,26854.280139057428,10.198180496508584
12902.0,1260765.49475981,211666.388492793,4.0,87168.52434794507,11.37559858542302
12903.0,1257466.56438842,243759.593005657,3.0,247538.23910761997,12.419320350501692
12904.0,1257135.65328409,244182.37655808,3.0,129864.1426044813,11.774244126096415
12905.0,1270682.59505796,271399.447177961,3.0,230752.6584489159,12.34910167320411
12906.0,1285432.62950507,246316.584240273,3.0,86030.23968536491,11.362454137678755
12907.0,1266826.77137402,250288.79352434,4.0,97656.9787178659,11.489216400396018
12908.0,1278742.63698621,283784.670742646,3.0,414976.4887725789,12.93597714404791
12909.0,1279032.14853851,233061.715426698,3.0,216862.5521465653,12.287019031593672
12910.0,1279519.90053901,232729.367970362,2.0,91060.46648659694,11.419279031724288
12911.0,1256636.84918758,211872.098380998,4.0,906855.3569509048,13.717738242235383
12912.0,1280689.7872602,223793.671961203,3.0,93030.68504465344,11.440684664431648
12913.0,1281669.80012521,244560.899758473,4.0,889952.7151113836,13.69892361120859
12914.0,1266056.11710122,236627.876966357,1.0,0.0,
12915.0,1264587.68893972,211575.985100701,4.0,225632.33266153812,12.326662106872108
12916.0,1267122.49188632,280572.229971349,3.0,52319.43811854573,10.865123246748981
12917.0,1267451.32657465,280480.829267249,1.0,0.0,
12918.0,1267775.74423899,278090.258256808,3.0,253709.99515592505,12.443947142351417
12919.0,1264696.18737184,283329.581462175,3.0,604052.9675725515,13.311417167728543
12920.0,1264026.44727515,283349.298582196,1.0,0.0,
12921.0,1288330.70867604,202916.541123822,3.0,28232.40302109358,10.248225640582401
12922.0,1288269.28819597,202036.271554932,3.0,149515.12799062213,11.91515285726618
12923.0,1254395.75260928,240530.191658348,3.0,31551.19901699886,10.3593668709556
12924.0,1256853.13091581,239434.478953227,1.0,0.0,
12925.0,1256696.58461164,239413.70173721,2.0,46592.0,10.749184131556358
12926.0,1277356.32120879,222943.171352342,4.0,146610.13065935086,11.895532170135452
12927.0,1286101.50220975,197208.86393398,3.0,59277.16955541048,10.989979511789059
12928.0,1281432.55058897,212682.032781824,4.0,155109.58614004403,11.951887153444545
12929.0,1280437.85407595,254677.696504831,3.0,24393.48549849543,10.102071387867134
12931.0,1271639.88312294,262743.854913086,3.0,179463.660050748,12.097728015443744
12932.0,1279477.05842696,230415.864735991,3.0,69192.6083426066,11.144649320042255
12933.0,1271291.72965059,254151.944248289,3.0,129076.77052293358,11.768162626662749
12934.0,1258380.05405337,251715.195189804,4.0,221800.4951344412,12.309533586242356
12935.0,1265714.17585288,237669.417191416,1.0,0.0,
12936.0,1265682.91146885,237889.314343646,3.0,1505381.5019391892,14.224556913702628
12937.0,1265335.01028448,244079.272813976,3.0,66843.69828557827,11.11011231160323
12938.0,1266054.97566122,246273.636848226,3.0,2684654.158735792,14.803062472688918
12939.0,1285238.33196887,247999.991665989,4.0,197826.77819946368,12.19514706918697
12940.0,1290412.69107817,182927.328495353,3.0,390824.3725554185,12.87601356300809
12941.0,1278460.41938592,177773.05668208,1.0,0.0,
12942.0,1284299.64716791,207238.708040252,2.0,15624.342483746304,9.656585392678934
12943.0,1284298.05465591,207118.659720138,2.0,56165.35681193621,10.936055418978773
12944.0,1266709.22865389,272800.307851389,4.0,406227.5065987422,12.914668642720873
12947.0,1258688.72726968,260468.464766756,3.0,636785.3341939969,13.364187882772853
12948.0,1269174.00260842,246719.26750467703,3.0,273555.1111607799,12.519258383875195
12949.0,1285223.25984085,261484.12575981,3.0,265336.05173463584,12.488752421336969
12951.0,1269740.43025699,258851.58841310404,3.0,1312604.5238513816,14.087523907497141
12952.0,1269746.70616101,259480.240381747,3.0,5393.280493415716,8.592909104631062
12953.0,1281045.15762858,176390.79236066304,3.0,72382.8159549129,11.189724201513101
12954.0,1281589.85862114,176367.93412064,4.0,235913.2187711915,12.371219299312024
12955.0,1279212.8552267,174123.626918346,1.0,0.0,
12956.0,1264367.4813235,270858.388553396,2.0,46592.0,10.749184131556358
12957.0,1264316.76753144,270701.290057242,1.0,0.0,
12958.0,1279564.43685906,277423.609296128,2.0,606990.8835779622,13.316269051111655
12959.0,1261438.11255249,285386.354520276,1.0,0.0,
12960.0,1281585.58374113,257506.974267736,4.0,205375.09781409637,12.232593331610163
12961.0,1280147.79429966,213324.59969449,3.0,111918.0156150596,11.625521878794933
12962.0,1267568.34404677,236973.234214708,3.0,2656047.6303635454,14.79234972253647
12963.0,1267818.48657502,236958.093478695,2.0,2648.082460533797,7.8815910572570065
12964.0,1279210.5077707,200890.861121759,2.0,84797.96515761604,11.348026825709262
12965.0,1252993.42403185,211633.28257276103,3.0,239915.04983866523,12.388040180660292
12966.0,1252746.2361916,211642.806476772,3.0,7854.782022526432,8.96887780014891
12967.0,1280678.4539482,223433.944024846,3.0,138757.83336433873,11.84048548669498
12968.0,1267091.51659028,271136.136969686,1.0,0.0,
12969.0,1266018.68311718,235271.951140955,4.0,55302.38142198511,10.920571250271912
12970.0,1255593.29353851,200735.412929595,3.0,337380.4492547613,12.728966502112092
12971.0,1261033.28036009,187741.95141229,3.0,56187.490294329225,10.936449418476773
12972.0,1260779.55645582,187712.847796261,1.0,0.0,
12973.0,1287662.83110735,183210.907951653,1.0,0.0,
12974.0,1270432.3553777,198373.032191172,1.0,0.0,
12975.0,1277645.91020109,266780.428805232,1.0,0.0,
12976.0,1272375.9663237,269200.39411971,3.0,63894.279716817226,11.0649851170599
12977.0,1272676.680308,269238.011207744,3.0,10689.973720406584,9.277061545681793
12978.0,1253341.72355221,238562.482984334,3.0,53945.969299358,10.895738256113159
12979.0,1268821.15780805,270106.609160632,2.0,4663.407667185896,8.44750171893283
12980.0,1270760.76907404,247248.483313233,4.0,499818.8155412889,13.122000942815426
12981.0,1256792.44233973,205915.586310908,4.0,1508659.4962975578,14.226732063710681
12982.0,1282454.32934202,213213.092430368,3.0,256889.88306465663,12.456402801492077
12983.0,1271711.26981102,268713.417415202,4.0,124912.66139010982,11.735370063194507
12985.0,1265462.56318061,282504.060117334,1.0,0.0,
12986.0,1281084.25599661,180657.68804504,3.0,93181.99999999996,11.442309848973883
12987.0,1291129.1998149,183767.145712227,3.0,92213.0999328009,11.431857481152697
12988.0,1270771.31205006,282026.678868845,3.0,692614.5943262505,13.448228982524943
12989.0,1270775.81957006,282981.897749811,3.0,148737.06246503865,11.90993534460038
12990.0,1279441.29861893,279823.044498578,3.0,245088.6452578212,12.409375241465602
12991.0,1258707.3391097,187900.261108458,3.0,62004.60235739249,11.034963892843049
12992.0,1280234.10117975,210929.050060034,3.0,239706.83251724744,12.387171924468662
12993.0,1261641.1767447,247973.949745968,4.0,1109425.2752237765,13.919352669130639
12994.0,1267348.20702255,244694.39723061,4.0,429650.2450249521,12.970726773030865
12995.0,1274769.73349415,213297.880974457,4.0,2762252.970490057,14.831557198362681
12996.0,1269291.48728053,212894.65044604204,3.0,39633.71682792771,10.587435470026046
12997.0,1272635.65509196,208567.434697613,3.0,63444.26779800025,11.057917127028354
12998.0,1255749.58883467,193858.838138551,4.0,159830.16572298587,11.981867066232498
12999.0,1272582.8671239,252028.167990118,3.0,253042.26165120257,12.441311795859294
13000.0,1280707.59366024,195609.915644348,1.0,0.0,
13001.0,1273770.61675712,223021.85359241095,4.0,1015859.2960892752,13.831245409429094
13002.0,1279781.52005927,210624.043147728,4.0,128084.8697487844,11.76044836809697
13004.0,1278494.28050596,200406.359809265,3.0,31962.701726851345,10.372324930939754
13006.0,1270284.45278555,217399.901970655,4.0,697264.6165338935,13.454920268387824
13007.0,1271621.53445092,273746.664588362,1.0,0.0,
13008.0,1265439.0251326,232185.229665801,4.0,1258583.5215481436,14.04549745730544
13009.0,1260993.17642404,233887.943459541,1.0,0.0,
13010.0,1260761.4363918,233708.770915359,4.0,181600.8786800428,12.109566583684115
13011.0,1281122.62892465,258135.031100377,1.0,0.0,
13012.0,1281593.58502114,258132.960572377,4.0,524346.9975770746,13.169908953256027
13013.0,1251023.03791784,239524.443945318,3.0,32838.90242298766,10.39936914105253
13014.0,1274875.19199026,254822.42124098504,3.0,392117.25045890006,12.879316182362146
13015.0,1280127.50201163,180156.667052522,1.0,0.0,
13016.0,1281382.72326092,270393.660424933,3.0,400684.5265186779,12.900929679753528
13017.0,1277796.75928925,284575.949335456,3.0,175557.30344961764,12.075720783975948
13018.0,1264304.01297143,256969.221435174,4.0,171597.7752994806,12.052908501496718
13020.0,1264089.88017121,287446.240858391,3.0,2726805.506540543,14.818641337883626
13021.0,1297408.34010933,184943.360241428,3.0,518915.1565943152,13.159495674014464
13022.0,1297436.43687735,184797.969457284,2.0,225935.4468198978,12.328004603913119
13023.0,1263176.88004227,198585.862143397,3.0,182441.83351833536,12.114186680755049
13024.0,1258664.44483766,215824.244689047,3.0,1559216.9956070932,14.259694327325864
13025.0,1296245.27911614,184333.410672799,4.0,83100.3127494233,11.327803744367424
13026.0,1296232.98260413,184075.895728543,4.0,28519.12175248707,10.258330079961766
13027.0,1291536.18912731,166722.41539076,2.0,47303.61077957121,10.764341909400926
13028.0,1290960.39111073,164149.959580138,2.0,875.38300179353,6.774661506923228
13029.0,1276205.22309561,283153.774677992,3.0,54118.24044489114,10.898926569651449
13030.0,1276176.03973559,283411.30504626,3.0,131678.37652856964,11.78811768692063
13031.0,1295150.11597902,185180.228849664,3.0,383952.41452219366,12.858273903375961
13032.0,1283570.81433517,276217.208846897,3.0,148179.8016864236,11.906181691640853
13033.0,1269712.10814497,170082.825314209,3.0,322548.3359038345,12.684008282758843
13034.0,1270465.00459374,170077.326946199,1.0,0.0,
13035.0,1258001.00163698,284922.014615804,4.0,224411.9119374895,12.321238534722198
13036.0,1257787.08112475,285153.622104034,3.0,31167.40924104296,10.347128252240653
13037.0,1272437.05214776,281987.873172805,4.0,629589.2125654126,13.352822842147905
13038.0,1272440.33758776,282615.015573442,3.0,262537.56962334766,12.478149473147443
13039.0,1289935.52992567,168770.492640868,4.0,94009.54275362311,11.451151574755036
13040.0,1275638.19435903,230853.619808435,3.0,13243.579068148185,9.491268115328179
13041.0,1279648.28773914,219105.152788401,3.0,1240533.0552047126,14.031051728437504
13042.0,1282613.61939017,235728.154661432,2.0,68.66666666666667,4.229263880121471
13043.0,1261831.95920891,253011.188983127,4.0,452230.08112544206,13.021946358341625
13045.0,1264583.43364371,211461.496844575,3.0,67734.24639521293,11.123347186171783
13046.0,1274832.46763821,215767.676880985,4.0,205927.69422770504,12.235280387262552
13047.0,1264440.00548357,194444.962299153,4.0,342770.9323791481,12.744817667417221
13048.0,1272883.44466022,250994.335093066,3.0,459040.6892272187,13.036894132667573
13049.0,1264436.72823557,248979.487091005,3.0,50299.251228820445,10.825745469870082
13050.0,1284000.7727996,208094.195785135,1.0,0.0,
13053.0,1275724.18271112,276540.579919219,3.0,592190.5155709825,13.291583678937085
13054.0,1284887.85536051,169948.179938063,3.0,587612.9433200713,13.283823750473008
13055.0,1285391.39897703,169930.161250055,1.0,0.0,
13056.0,1264714.45437986,284124.402006984,4.0,356385.80005648936,12.783769131070374
13057.0,1264434.43530756,284130.210391,1.0,0.0,
13058.0,1290701.86535046,180845.931757227,2.0,45836.24971464863,10.73283053553413
13059.0,1290936.5447107,180838.110573217,3.0,47895.42529696558,10.77677527355553
13060.0,1270716.729458,193608.356346294,3.0,89647.23433065819,11.403637628927282
13061.0,1270727.31998602,192633.515769303,2.0,58318.09767379339,10.97366774738842
13062.0,1261515.97527258,236419.006630138,4.0,442403.3037359586,12.99997719691997
13063.0,1265996.25694117,250627.90994069,1.0,0.0,
13064.0,1266297.00471747,258240.487932488,4.0,526703.0120856282,13.174392124243107
13065.0,1279535.07961103,204006.323396951,3.0,66278.81923142483,11.101625656527027
13066.0,1279522.34898701,203339.666948259,2.0,1543.4430592740505,7.3417709526067645
13067.0,1262131.52944921,239722.895977512,3.0,236756.931331199,12.374789287625882
13068.0,1261820.05405688,239728.03344953095,3.0,323790.3919759177,12.687851647073623
13069.0,1262501.32298559,258329.889660567,1.0,0.0,
13070.0,1276711.90316014,222957.159192353,4.0,194632.42010199133,12.178868033532183
13071.0,1285992.76716964,197929.039614722,3.0,93181.99999999996,11.442309848973883
13072.0,1265464.00407661,249266.121651292,3.0,41996.23317974371,10.64533520704688
13073.0,1264522.64509965,237699.277351454,4.0,112365.85748176384,11.62951541123856
13074.0,1281636.45074917,211884.774221018,2.0,47143.74674538376,10.760956654565932
13075.0,1275530.61157493,191120.474871755,1.0,0.0,
13076.0,1275229.55378261,190676.297271296,3.0,387874.7495590191,12.868437756076014
13077.0,1263157.99063426,231196.291360795,1.0,0.0,
13078.0,1284157.11071976,255575.138233751,1.0,0.0,
13079.0,1267929.63070314,251222.15122129,3.0,304152.00822087715,12.625282882458855
13081.0,1254293.88304117,210632.095947728,4.0,594662.7021484722,13.295749636641073
13082.0,1254272.63574515,209951.118603036,4.0,924302.7520063438,13.736794950643594
13083.0,1282487.42086205,246259.595888212,3.0,77195.1242439825,11.254091576556984
13084.0,1282793.20467037,246359.73444831403,3.0,330968.55434662773,12.709778647872293
13085.0,1263149.43325825,268937.54855144,3.0,639592.9103655003,13.368587175398796
13086.0,1262627.40087372,269425.226055935,3.0,93182.0,11.442309848973883
13088.0,1263691.56311481,283484.46101433,1.0,0.0,
13089.0,1263367.42001048,283378.518358216,3.0,487985.8313492417,13.09804165029338
13090.0,1275397.84050278,273396.303755999,1.0,0.0,
13093.0,1264687.96100383,260928.83129523703,3.0,199821.2321506628,12.205178406570985
13094.0,1264361.11261949,260938.839167237,4.0,1033476.417453495,13.84843883970477
13095.0,1275906.77029531,218141.27643542,4.0,252813.52474397045,12.440407439602142
13096.0,1265445.5716926,232482.74384211,4.0,1629468.954016964,14.303764724618581
13097.0,1263004.0982821,205068.567046031,3.0,131579.379044492,11.787365591404747
13098.0,1257286.36496425,214016.053711191,1.0,0.0,
13099.0,1255300.52739421,194144.303738847,3.0,86055.8881813667,11.362752226740433
13101.0,1275464.43551086,273506.439308107,1.0,0.0,
13102.0,1288652.17325236,184818.277169302,3.0,388107.4213695581,12.869037439486867
13103.0,1270865.37585814,286837.41564177,1.0,0.0,
13104.0,1257261.31574821,237326.879463062,3.0,286374.89389609173,12.565057049248846
13105.0,1272408.16312373,187055.85176359105,3.0,542104.8219141336,13.20321466008829
13106.0,1271495.9454588,281740.047508538,1.0,0.0,
13107.0,1262015.04349709,280387.468243167,1.0,0.0,
13108.0,1281307.78969285,192240.672376901,1.0,0.0,
13109.0,1278117.19698557,235409.72714109704,3.0,21281.307543671028,9.965584386289313
13110.0,1255275.22230619,236932.922918662,3.0,39144.8566515073,10.575024317348014
13111.0,1261884.20189695,241700.808363542,3.0,24703.138845764115,10.11468559331812
13112.0,1259903.27869493,199830.028608665,4.0,285278.9704924684,12.561222824328777
13113.0,1257288.40925224,250433.802420482,3.0,60382.79117840991,11.00845942906239
13114.0,1278867.47436234,222910.33941631,4.0,1288480.503919195,14.068974178125156
13115.0,1253441.53436831,216098.360913321,1.0,0.0,
13116.0,1258690.12522168,254380.081272528,4.0,464127.54327193706,13.047914671177672
13117.0,1272531.41419585,235513.97462920804,5.0,221021.4313745408,12.306014950343597
13118.0,1273449.1649808,238639.798120409,3.0,487260.4941770407,13.096554154699787
13119.0,1264465.72330759,231967.151329577,4.0,1314552.4612462246,14.0890068320143
13120.0,1277606.28754506,213830.391055003,4.0,76760.80466721939,11.248449432964286
13121.0,1277753.70853721,213827.151183009,1.0,0.0,
13122.0,1272815.28434014,270078.184712604,3.0,241811.904379513,12.39591544828972
13123.0,1286539.8697622,196079.365500823,3.0,127922.4393422069,11.75917941660531
13124.0,1281034.82892457,249910.88907595,3.0,40826.89864605015,10.617096423702755
13125.0,1279677.32869917,268453.046854943,4.0,59984.22607369404,11.001836907868531
13126.0,1262805.3148579,249278.8683393,3.0,50578.31582805451,10.831278222478105
13127.0,1273737.51966909,276615.08436729,4.0,829402.088718353,13.628460345139876
13128.0,1292267.33076006,185162.161969647,4.0,1144676.779006345,13.950632866041987
13129.0,1268764.169392,275421.074958071,3.0,291233.22609534883,12.581879689397848
13130.0,1261285.75421634,168580.639648676,3.0,61883.818255963415,11.033014006984466
13131.0,1261278.16304833,168196.153568283,3.0,811134.1402740849,13.606188720498086
13132.0,1259158.89533417,209584.260746658,3.0,252772.2238935366,12.440244061379408
13133.0,1288642.66016436,188692.84779726,3.0,142629.99702831748,11.868009122682562
13135.0,1273177.15960452,215496.36276871,3.0,278706.42573697603,12.537914269311091
13136.0,1273536.85605289,215487.966800705,2.0,46591.99999999999,10.749184131556358
13137.0,1265749.43754891,251620.832501709,3.0,21508.648790566567,9.976210402555818
13138.0,1262414.0767775,233742.6881634,3.0,91701.52334024003,11.426294270322932
13139.0,1258063.29219703,216683.363985926,3.0,283867.49594877934,12.556262844708064
13140.0,1257793.63293277,216686.06312193,3.0,330574.5959487792,12.708587619156347
13141.0,1279767.68876326,218016.961043298,3.0,380991.5352916511,12.850532436779755
13144.0,1270094.16049735,275398.119246051,3.0,172377.4105085345,12.057441599093748
13145.0,1266732.66398191,177806.394538119,3.0,47596.97886808221,10.770524569047323
13146.0,1266372.24798155,177793.750826105,1.0,0.0,
13147.0,1281681.83417323,214349.600271538,3.0,73850.41978646595,11.209796972255706
13148.0,1281456.22175699,194431.992827147,4.0,420421.28021966014,12.949012535684949
13149.0,1283112.16403069,251197.003957272,4.0,120771.74557983124,11.70165764291864
13150.0,1267883.8368471,237441.997991189,3.0,60105.21026965799,11.003851810104385
13152.0,1272351.20753968,283490.966614336,1.0,0.0,
13153.0,1272445.23288377,283490.73627834,3.0,191877.81057654403,12.164614045172248
13154.0,1267495.2427987,285391.092376277,3.0,482876.6058018436,13.087516425465187
13155.0,1290863.87162262,181949.282862365,3.0,273175.75467102847,12.517870657026979
13156.0,1272557.39473988,221823.982679188,4.0,19694.05922778649,9.888072307205809
13157.0,1280844.03865236,249914.265715957,3.0,8637.313940879805,9.063846926990639
13158.0,1266813.786158,241566.890987411,1.0,0.0,
13159.0,1256022.25590695,196685.92895744703,3.0,988152.6628786116,13.803592481877084
13161.0,1282351.58156592,212654.570253804,3.0,66533.73735693951,11.105464426672045
13163.0,1261730.72548079,245863.148463801,3.0,5855.937240462505,8.675211338449584
13164.0,1275768.50943117,223947.511577368,3.0,95177.57943895314,11.46349968294757
13165.0,1281476.11218901,223252.427288651,2.0,46592.00000000001,10.749184131556358
13166.0,1281783.27526133,223260.421400666,3.0,96653.29744894756,11.478885601477643
13168.0,1265918.27550109,188450.653109014,4.0,473869.63094845135,13.068687522653581
13169.0,1282316.15244588,228920.560350463,4.0,387578.4313518779,12.867673510783433
13170.0,1282422.58892599,229531.457055077,3.0,412751.6116776436,12.930601266505565
13171.0,1281048.42406058,233033.541922674,2.0,8.0,2.0794415416798357
13172.0,1273382.89445272,280624.007763401,1.0,0.0,
13173.0,1266899.78897409,287131.067930073,1.0,0.0,
13174.0,1267167.09092636,287129.068890065,3.0,182122.65319542395,12.112435657733903
13177.0,1264920.80798006,168918.962145016,1.0,0.0,
13178.0,1264132.56055525,276408.348879084,3.0,1589910.370519873,14.279188201865306
13181.0,1269046.49099229,267794.224070266,3.0,141439.04393086903,11.859624118310085
13183.0,1271741.19953905,202041.56288293,4.0,135718.54893925885,11.818338527264668
13184.0,1286746.76038641,246138.355312094,1.0,0.0,
13185.0,1272071.01515539,283314.608022153,2.0,46592.0,10.749184131556358
13186.0,1272444.54161976,283300.709142148,3.0,109623.7486464574,11.604809314753757
13187.0,1278440.4571459,177581.882793888,1.0,0.0,
13188.0,1277813.80485727,227907.28054142,4.0,825354.6910181692,13.62356850143091
13189.0,1278049.22828151,271824.465994388,4.0,2680608.194753211,14.80155426508118
13190.0,1255953.41385888,218889.221140191,3.0,379934.38968383154,12.847753858068575
13191.0,1273913.08427727,230092.152799651,3.0,48742.911518094064,10.794315061096652
13192.0,1260603.86423165,261039.393407345,1.0,0.0,
13193.0,1258872.60880587,249630.941491663,4.0,524977.5981382298,13.171110870450466
13194.0,1267102.37515029,235247.956452936,3.0,1329746.580325527,14.100498940934047
13195.0,1258096.11792508,205212.321030185,4.0,126377.46247158403,11.747028441565844
13196.0,1278487.49151395,205573.955462545,1.0,0.0,
13197.0,1259144.57578215,195728.913788468,3.0,14525.304166351229,9.58364752238562
13198.0,1282532.7871981,245810.779503748,1.0,0.0,
13199.0,1276271.58712769,257304.126907527,4.0,281840.3721053909,12.549096133286001
13200.0,1281688.08025323,251903.999285996,1.0,0.0,
13201.0,1255369.72867428,203340.152516261,4.0,556769.61575786,13.229906817112989
13202.0,1254454.57660934,254067.757112205,1.0,0.0,
13203.0,1281150.66495669,264410.4322588,3.0,126219.92416431918,11.745781094316621
13204.0,1282849.35052642,228653.347614184,4.0,160139.04254757697,11.983797732762598
13205.0,1279447.56703494,260523.339326814,3.0,440321.436157488,12.995260275903943
13206.0,1282826.91391839,227787.117725298,3.0,40612.84208122759,10.611839602994577
13207.0,1282968.15737455,227783.909085289,3.0,84729.28345495349,11.347216552352236
13208.0,1274592.06622997,211391.743692502,1.0,0.0,
13210.0,1272099.59288341,218139.208851412,4.0,114854.97727331372,11.651425544342462
13211.0,1259147.90519015,207159.998856172,3.0,67021.71287535492,11.112771918639357
13212.0,1273424.56005277,250091.975028142,3.0,477237.15567856486,13.075768828032668
13213.0,1262962.53335406,255388.06380155697,3.0,151240.40076517963,11.926625907863693
13214.0,1253200.31177606,208321.89978537,1.0,0.0,
13215.0,1252811.11567967,208336.450569376,3.0,740812.7382720927,13.515503157457971
13216.0,1284152.85382375,252498.980662599,4.0,193706.52168195124,12.174099517811012
13217.0,1284152.17798376,253158.994807273,3.0,98960.50579663244,11.5024761181753
13218.0,1276131.67698354,216142.964497373,4.0,106421.82834310309,11.575165988449152
13219.0,1282098.88159765,226028.098907501,4.0,89710.84158833923,11.404346905719215
13220.0,1274595.25061397,253368.861495495,1.0,0.0,
13221.0,1263552.87370667,211825.807756945,1.0,0.0,
13222.0,1271105.93867439,222472.483351856,4.0,151459.42612198013,11.928073053686518
13223.0,1277097.88799253,216119.971089348,4.0,316891.5164434984,12.666314774867848
13224.0,1276384.12005579,276846.736143529,3.0,406731.8338357564,12.915909362340235
13225.0,1277031.59416847,276822.511439502,2.0,1007.48908771817,6.915216462713219
13226.0,1281378.85055691,185327.057265818,1.0,0.0,
13228.0,1267159.83467035,249480.255731508,4.0,109165.08043107954,11.600616514881441
13229.0,1278393.00056987,233357.272930995,3.0,45509.94385865389,10.72568612740531
13230.0,1278719.2360902,233348.574114993,3.0,258086.4571319644,12.461049912931212
13231.0,1254342.90396923,212226.925069362,3.0,46971.28535353532,10.75729174406146
13232.0,1254141.72521703,212235.362701371,1.0,0.0,
13233.0,1270197.56977746,264768.207107171,3.0,135714.85947970444,11.818311342257664
13234.0,1276253.27154367,236403.778662115,1.0,0.0,
13235.0,1276321.93253574,236707.075622424,3.0,261913.2455193767,12.475768603937743
13237.0,1277252.46181668,230308.362975881,1.0,0.0,
13238.0,1255805.37219472,199027.021055847,4.0,136339.404457914,11.822902676841474
13240.0,1255081.90608199,191486.406200126,2.0,139763.99999999994,11.84771056489065
13241.0,1267133.05259033,235557.634341255,4.0,1307817.32407143,14.083870140749998
13242.0,1269261.28452851,241711.012139559,4.0,33405.652728248046,10.41648040800547
13244.0,1257137.77827609,244418.897134334,3.0,46607.09393939393,10.749508038986955
13246.0,1281408.44102095,220277.368597612,2.0,71.93553113553112,4.275770317009818
13247.0,1267005.51281419,242745.350892618,3.0,424129.44546247146,12.957793983522839
13248.0,1267313.12964651,242738.213164613,4.0,768205.1891782416,13.551812149854518
13250.0,1255970.1001949,238190.789159954,3.0,110151.67530266906,11.60961356139916
13251.0,1262118.33098519,232940.699298576,4.0,2746888.3176484164,14.82597930813459
13252.0,1291731.39085552,181349.016365752,3.0,94673.70650705809,11.458191590221507
13253.0,1291714.9709515,180732.995309114,1.0,0.0,
13255.0,1284085.28473568,196072.248700827,1.0,0.0,
13256.0,1258321.97635731,200000.598784849,2.0,46591.99999999999,10.749184131556358
13257.0,1257925.47357289,200201.369409055,3.0,2238165.493823888,14.621167112315709
13258.0,1274572.37662995,208137.65044117,1.0,0.0,
13259.0,1281056.02738859,198162.208126962,1.0,0.0,
13260.0,1281054.14514859,198089.626942888,4.0,209424.19874930975,12.252117133059384
13261.0,1273792.81586115,252325.35768643,2.0,27968.06276816736,10.238818522737905
13262.0,1275119.2416545,252693.352374807,3.0,7794.33319094214,8.96115223465673
13263.0,1270765.01547405,168908.797472998,1.0,0.0,
13264.0,1281642.99142119,228504.232094035,2.0,12592.28008396484,9.440839213418457
13265.0,1273063.93182839,223037.39823243,4.0,1788852.6580696832,14.3970849991604
13266.0,1273145.73381248,223399.357784808,3.0,171829.27992132984,12.054256704286196
13267.0,1254182.35702507,206475.22695148,3.0,106052.6722318431,11.57169115752396
13268.0,1283316.6012789,205966.185606956,1.0,0.0,
13271.0,1283522.39942311,257510.346299738,3.0,181149.92239113443,12.107080267899915
13272.0,1275415.35032681,242570.489388436,4.0,665138.4858343635,13.407750547332082
13273.0,1289754.62547749,190030.07378263804,3.0,5309.230109322693,8.57720211489597
13275.0,1278379.14232984,253846.300151989,4.0,220894.8154321992,12.305441918929969
13276.0,1272588.70571591,200328.122113183,4.0,276787.9090284967,12.531006820516167
13277.0,1261981.55895305,241612.88695545503,3.0,28321.571795821605,10.251379047532405
13278.0,1274198.91410156,225762.030875221,3.0,34920.056605533806,10.460816630958348
13279.0,1262156.35357723,196464.453629225,3.0,243313.81828942552,12.402107322429787
13281.0,1263922.14397904,240348.925610155,4.0,1154935.6807625557,13.95955521273595
13282.0,1286096.44147375,196846.401405618,1.0,0.0,
13283.0,1258209.88739718,198447.148863256,3.0,42354.21968000136,10.653823333369328
13287.0,1270237.39806551,224522.614425957,4.0,164286.94077708473,12.009369816855898
13289.0,1276747.53631218,220342.95675768,3.0,173928.67603975243,12.066400586343976
13290.0,1255074.01795398,234843.659684524,1.0,0.0,
13293.0,1291106.54304688,189009.619509593,2.0,36668.04694269696,10.509660999289665
13295.0,1270921.00497821,175891.217896149,3.0,162870.14593674528,12.000708511599287
13296.0,1270917.9334902,175608.542311862,1.0,0.0,
13297.0,1294793.21082665,183355.762671798,1.0,0.0,
13298.0,1293057.22023287,181303.172653705,4.0,243785.01286838137,12.404042021081441
13299.0,1261742.57648881,239368.397033155,3.0,23548.50888211494,10.066817780332306
13300.0,1274860.83992624,227090.498716578,4.0,488567.4871861619,13.099232892788109
13301.0,1257369.45731632,203260.65197219,4.0,731550.9457132183,13.502922142558146
13302.0,1285720.22508936,205703.024774686,5.0,110759.06561954237,11.615112541167177
13303.0,1258831.97174983,259895.206398174,1.0,0.0,
13304.0,1256578.68784352,255786.69720996905,3.0,234073.2069658607,12.36338919569385
13305.0,1266706.84279789,245739.208431676,4.0,398038.5251370419,12.894304076408803
13306.0,1284219.03942382,243244.033005118,3.0,40398.05101330013,10.6065368205405
13307.0,1260559.7855756,199147.198911965,4.0,286581.796354613,12.5657792764993
13308.0,1283989.50150359,207259.957320273,1.0,0.0,
13309.0,1263956.08388308,187126.291891664,3.0,1132304.8223845651,13.939765779221407
13310.0,1259452.10730246,285468.164440364,3.0,2421985.690629118,14.70009829499726
13311.0,1261296.19421636,169109.417185217,3.0,23942.40877226304,10.083406591104001
13312.0,1274441.77912581,283225.993686065,3.0,56568.42967348839,10.943206328954005
13313.0,1281143.78476468,264253.432258636,1.0,0.0,
13314.0,1284058.77855965,190165.651958779,1.0,0.0,
13315.0,1269918.61393718,210550.481611654,4.0,1013170.9036696664,13.82859547943484
13316.0,1270467.88779375,210541.760139644,3.0,272100.79751979787,12.513927855747557
13317.0,1285015.99123263,260349.346878648,3.0,12956.550210096775,9.469356746979553
13318.0,1261212.76458426,198464.957183272,4.0,692114.8676172419,13.447507214490917
13319.0,1266526.7828297,276783.962959468,3.0,33806.96741964464,10.428422196903743
13320.0,1276706.37464812,247925.945201918,5.0,66997.65952386349,11.112412965283301
13321.0,1276712.26015213,248359.956786364,4.0,91383.79356240816,11.422823428398802
13322.0,1253681.20054455,251332.488629401,3.0,372638.0,12.828362717993418
13323.0,1273968.56875733,248750.059378758,1.0,0.0,
13324.0,1266216.04657339,195727.06866847,3.0,249397.86937356176,12.426804769182606
13325.0,1278629.47481009,253929.914488062,3.0,100351.7026483105,11.516436321178805
13326.0,1285659.3002893,203115.961348027,3.0,116942.94269664628,11.669441425571133
13327.0,1280485.427772,217131.989074379,1.0,0.0,
13328.0,1277193.95506462,282379.678805202,4.0,686836.078554312,13.439850938009414
13329.0,1271247.81336254,213539.617998704,4.0,76486.1965378156,11.244865566119664
13331.0,1273550.9469329,255123.970873296,3.0,27904.834451164334,10.2365552306181
13332.0,1256537.85168348,242018.598763868,3.0,66148.4567594739,11.099656839860142
13333.0,1256488.05974743,242113.849899963,4.0,2055514.8551326063,14.536036912310548
13336.0,1276785.90303221,229819.258335382,3.0,49922.477888035326,10.81822663899162
13337.0,1276796.04735222,230150.482399717,1.0,0.0,
13338.0,1274209.62667757,227111.524572611,4.0,474323.281558365,13.069644396805549
13339.0,1274213.23230958,227535.82159704,4.0,982061.4077311195,13.797409118712554
13340.0,1280224.97689174,264919.259331316,3.0,216138.7479379429,12.283675832011392
13341.0,1252808.68783966,236344.696102053,3.0,39423.255165886585,10.582111153803968
13342.0,1257167.67587613,257318.317819536,1.0,0.0,
13344.0,1270046.28593731,245140.602671072,4.0,126946.580551333,11.75152165137292
13345.0,1267744.34103896,201041.329025909,1.0,0.0,
13346.0,1267515.49079873,201024.251649886,3.0,592906.6247432586,13.292792203091054
13347.0,1273607.25880496,283104.823381945,1.0,0.0,
13348.0,1273770.70469312,283099.617621943,3.0,152044.57305928846,11.931929000651959
13349.0,1293392.03975321,182610.345839038,3.0,40271.65991481061,10.603403272633704
13350.0,1280658.13906817,281050.127315834,3.0,1901282.307128864,14.458039114983977
13351.0,1277324.54962477,212690.32442984,1.0,0.0,
13352.0,1277920.33221738,283330.187094167,3.0,379079.9027229792,12.845502286970664
13353.0,1255902.57245083,235866.274149567,4.0,185639.9258377052,12.1315641938598
13354.0,1275423.78699882,221455.258966818,4.0,1878689.4624933868,14.446084997304432
13355.0,1253980.21212886,237580.275623322,3.0,112531.65828986188,11.630989868060077
13356.0,1264258.63607538,252041.631542131,4.0,823587.4067577017,13.621424963535265
13357.0,1276221.22533563,284031.625302896,3.0,328711.2241275308,12.702934906095571
13360.0,1271898.14379521,175527.45059979,3.0,105172.41004164563,11.56335628292752
13361.0,1271895.94430721,175405.991207659,3.0,55066.48166341226,10.916296491771998
13362.0,1283970.95065556,246552.228464514,1.0,0.0,
13363.0,1264811.61924395,236138.253541842,4.0,330974.6194911056,12.709796973144666
13364.0,1272436.10168375,211096.727564201,3.0,248259.3470662764,12.422229233026508
13365.0,1282918.0942065,233965.784163624,4.0,27995.931046928632,10.239814458844855
13366.0,1276962.47781639,231249.806624845,4.0,537993.9910843548,13.19560267009336
13367.0,1273467.81714082,239526.792745322,3.0,1137669.089894829,13.944492069216851
13368.0,1273777.81125313,239520.405289307,3.0,93880.054495213,11.449773230442135
13369.0,1254763.36803366,204643.070853591,4.0,1036336.2006711568,13.851202167179332
13370.0,1265008.74385215,241808.75601165,3.0,43115.54905070385,10.671638977868808
13371.0,1265020.74385217,242329.530860186,3.0,905.7535881223118,6.80876729126037
13372.0,1283851.00147144,252505.11915861105,3.0,91830.07616927524,11.427695150066826
13373.0,1276019.97874343,212116.165133253,3.0,1254298.8937109043,14.04208732401517
13374.0,1267786.23435099,282815.939733639,3.0,90636.7519149166,11.41461506005226
13375.0,1264703.07517985,283609.852182463,3.0,511822.1983417951,13.145732574846168
13376.0,1277719.78898516,272495.910155073,3.0,114423.05057248792,11.647657828649496
13377.0,1280175.11673169,281131.972947925,3.0,1656955.58545689,14.320492491859293
13378.0,1267493.8258387,272428.928395003,1.0,0.0,
13379.0,1267493.09713469,272785.76852338,3.0,56349.18733678128,10.939323097656409
13381.0,1294891.50989875,187629.636660174,1.0,0.0,
13382.0,1271875.88133119,236932.874662668,4.0,146372.74686572817,11.89391170789156
13383.0,1270066.34494533,243628.936109513,4.0,134692.58011447798,11.810750276356213
13384.0,1263954.89655507,240025.98826582695,3.0,2443370.9453532915,14.70888917880883
13385.0,1275986.7779754,216406.402257636,3.0,46760.50972556703,10.752794316415535
13386.0,1282685.93881425,243170.054445043,2.0,6367.875269280129,8.759021140221856
13387.0,1286459.12185812,206508.12909551,3.0,70406.57886137094,11.162041987515362
13388.0,1286606.56352226,206506.504135504,1.0,0.0,
13389.0,1264246.73911537,253771.580535904,4.0,169666.4255789865,12.041589585914542
13390.0,1286559.72013022,247149.725297123,1.0,0.0,
13391.0,1255716.42384264,214366.732815549,1.0,0.0,
13392.0,1255701.36118662,213887.069711059,4.0,174366.7478438911,12.068916106245203
13393.0,1288906.67110862,187513.542452052,2.0,89486.3207965081,11.401841052319204
13395.0,1260944.27690399,247989.089777991,4.0,1151529.4077911305,13.956601536597734
13396.0,1261051.6342801,192514.659065172,3.0,1336798.9121381666,14.105788442482444
13398.0,1261496.93130456,240330.292778134,2.0,5000.723805501808,8.517337942039722
13399.0,1260270.2995593,253700.369015828,4.0,1250509.0395912426,14.039061258055165
13400.0,1264288.83287542,255915.348218098,3.0,141293.29051214873,11.858593083554764
13401.0,1279245.68095472,225215.58089067004,3.0,13858.72578756502,9.536670333998538
13402.0,1280978.79756451,253887.12357603,3.0,276472.16080545366,12.52986541062762
13403.0,1282859.39187042,174329.48349455,3.0,186350.0,12.135381904907405
13404.0,1283646.60780723,174303.42218253,3.0,93182.0,11.442309848973883
13405.0,1281681.27084522,271700.33959426,3.0,759845.3241019332,13.540870170630813
13406.0,1274952.42213434,181726.641902134,5.0,896523.1647080703,13.706279410743218
13407.0,1270109.79665737,282036.795988843,3.0,134711.08083247257,11.810887622062346
13408.0,1279405.51724289,223263.206808671,3.0,972542.8787563628,13.78766944476893
13409.0,1274321.08184569,207034.610632047,4.0,120307.58343423944,11.69780693766708
13410.0,1279321.40485881,265823.343172252,4.0,251927.98898884896,12.436898567676211
13411.0,1274314.03954168,206757.571527764,3.0,90204.86206942143,11.409838607806652
13412.0,1274971.76031035,206743.453447744,4.0,151600.1701525478,11.929001874568062
13414.0,1273003.14290033,235810.781157508,2.0,223705.5145434998,12.318085798687564
13415.0,1265819.46270098,259170.848573431,3.0,17891.092993162732,9.79205826983847
13416.0,1256591.12880354,209882.915018961,4.0,2427937.175146563,14.70255255568119
13417.0,1284455.25779207,258182.675708428,1.0,0.0,
13418.0,1264866.29988401,248549.677874565,3.0,37243.36311963985,10.525229036648481
13419.0,1262012.20752908,258351.268860593,1.0,0.0,
13420.0,1281134.84742066,219447.804308757,2.0,250.5179513074945,5.523530579863493
13421.0,1279090.46501857,230092.102623656,3.0,48199.9063208178,10.783112356485304
13422.0,1283534.44467112,256133.753914326,3.0,551723.1633607723,13.220801683807421
13423.0,1283525.70483111,256411.345914602,3.0,502736.65348561655,13.127821760262364
13424.0,1281688.86700523,226947.929116443,2.0,2552.634077792474,7.844881076687665
13425.0,1268246.78263947,255021.270585179,4.0,432337.0460924264,12.97696076231702
13426.0,1271906.36421122,211481.049292594,3.0,951465.082829064,13.765758268070806
13427.0,1273320.56222866,243453.673005342,2.0,33389.900145569954,10.41600874238426
13428.0,1257382.74070834,286988.423513919,1.0,0.0,
13429.0,1257172.40259613,286993.316249922,3.0,232928.0,12.358484671917985
13430.0,1268882.85816012,277251.844559953,1.0,0.0,
13432.0,1281055.00409259,281655.800660461,3.0,49459.37372492749,10.80890687874145
13433.0,1277197.73618463,178783.767915115,3.0,87905.4281798157,11.38401683580315
13434.0,1286087.63148974,255982.388090163,3.0,1163918.3449150529,13.967302754396243
13435.0,1274879.19915827,255350.523897529,3.0,100113.5603582899,11.51406042424312
13436.0,1268727.35876796,270086.697800606,2.0,2995.102432344891,8.00473371108153
13437.0,1261766.44752884,265755.441412181,3.0,46787.0,10.753360665540567
13438.0,1287027.6889627,186891.702771425,3.0,133841.07784213303,11.804408388842065
13439.0,1268010.22276722,243919.335469812,3.0,12288.294069335992,9.41640238652493
13440.0,1257872.41725284,198206.219519004,3.0,64207.073330209096,11.069868660092077
13441.0,1257211.45795617,198252.92614305,4.0,70346.30737276343,11.161185571794109
13442.0,1276851.64434429,212525.325389668,2.0,82427.25953254437,11.319671480758547
13443.0,1280412.86559592,221972.650967345,3.0,64498.38004991803,11.074395386963317
13444.0,1280411.66450793,221955.961751327,3.0,38988.17736881288,10.571013734764822
13445.0,1257175.66237213,188606.71870917096,3.0,113957.69172391295,11.643582533263787
13446.0,1257310.38915627,188396.966836959,3.0,67956.47285210676,11.12662267408742
13447.0,1269428.44593668,274081.293516695,4.0,338495.2146408633,12.732265234279925
13448.0,1273738.1863571,275758.513550416,3.0,36914.86514940826,10.516369598483973
13450.0,1276269.81682369,180411.647148788,1.0,0.0,
13451.0,1276588.42866401,180411.201004788,4.0,488016.0319070045,13.098103536564112
13452.0,1269485.86283274,257500.326971725,3.0,67910.6484076305,11.125948126105703
13453.0,1282807.85292637,247570.951153561,3.0,36793.45152512031,10.513075160635506
13454.0,1269450.54334471,227338.707868844,5.0,54385.390237161846,10.903850834957973
13455.0,1257635.7953646,255193.411961362,3.0,616131.1933644115,13.331215196080365
13456.0,1254428.25155331,245154.864175081,1.0,0.0,
13457.0,1274960.80267835,263313.412481681,4.0,853180.4316346445,13.65672633005453
13458.0,1279852.31813936,246771.62142473497,3.0,42075.50559971633,10.647221035617024
13459.0,1264050.54461917,245647.366447583,3.0,122341.11038137182,11.714568408947715
13460.0,1278563.52709803,200576.45529744,3.0,166101.6355291552,12.020355142206462
13461.0,1274422.83691779,211073.676044181,3.0,116616.1120053404,11.666642725216278
13462.0,1261750.82973681,261364.816319674,3.0,184852.27766055413,12.12731228595808
13463.0,1265016.90065216,175593.825767845,1.0,0.0,
13464.0,1264684.22775581,175593.826727852,3.0,46796.19024661741,10.753557073605364
13465.0,1284786.6498564,182878.56612731505,3.0,519342.4534439492,13.16031877777913
13466.0,1284810.80460843,249838.881331876,3.0,2623.1899618431453,7.872146398839351
13467.0,1274047.20773341,216453.50555369296,3.0,93182.0,11.442309848973883
13468.0,1274206.52075757,216449.588241681,4.0,1510531.1893687316,14.22797192796956
13469.0,1256692.04265964,207722.155848756,3.0,240631.3068221,12.391021193850472
13470.0,1271219.88465852,229284.117022827,3.0,22912.67572179366,10.039445561373048
13471.0,1277939.7396414,211493.602060616,2.0,74418.28209663916,11.217456917740588
13472.0,1286136.51526579,205694.368902668,4.0,392084.7959350025,12.879233411540353
13473.0,1255621.15958653,255805.236537993,4.0,1845727.354625197,14.428383987917634
13474.0,1255624.56675455,256741.660218954,3.0,197448.8388182984,12.193234785807649
13475.0,1282052.29606161,209154.65530622,4.0,190195.0656698502,12.155805485906486
13476.0,1285546.79136118,207800.763656825,4.0,275955.88540630834,12.527996296439845
13477.0,1287133.75865881,249372.956403404,1.0,0.0,
13478.0,1257785.61424476,216512.601873755,3.0,60108.28327597221,11.003902935917706
13479.0,1272048.30686736,215569.373456791,3.0,38214.48309339504,10.550969861310351
13480.0,1286681.51449834,201366.162690237,1.0,0.0,
13481.0,1282995.35123058,204418.971205369,4.0,845937.3575198078,13.648200590361997
13482.0,1273817.95851718,222721.647512108,4.0,936869.7204423144,13.750299512538065
13484.0,1287195.07974687,191796.976120442,3.0,139587.88074426993,11.84644965138905
13485.0,1294895.78938676,186260.067570776,2.0,69104.91749149117,11.143381172078817
13486.0,1269437.59684868,264135.977090523,1.0,0.0,
13487.0,1269432.99486469,264276.373826668,3.0,71601.9597425377,11.17887772328
13488.0,1259516.84240653,168677.188064769,2.0,31520.35032477209,10.358388658274649
13491.0,1260734.33411978,193189.544505864,2.0,13149.975309643049,9.484175160010464
13492.0,1256280.49456322,198806.85478362403,3.0,307974.7056668492,12.637772934125032
13493.0,1274723.2201501,252388.005878493,1.0,0.0,
13494.0,1254041.30582492,207988.709449023,3.0,67908.28923305632,11.125913386111186
13495.0,1273191.37150854,216214.56078544297,3.0,280965.9917895635,12.54598891533177
13496.0,1273474.31646882,216207.553297445,1.0,0.0,
13497.0,1273687.34098104,194034.883066729,5.0,175142.5438379892,12.073355457568137
13498.0,1274347.23339772,194019.158650726,4.0,550910.3295801985,13.2193273336575
13499.0,1255691.85501061,257536.147771761,1.0,0.0,
13500.0,1274863.26911025,279898.333714664,1.0,0.0,
13501.0,1275064.42520645,279898.332370654,3.0,165392.20090847232,12.016074907548703
13503.0,1262348.55165742,279573.528914332,2.0,46591.99999999999,10.749184131556358
13504.0,1262279.82116136,279740.890450493,1.0,0.0,
13505.0,1270722.78686601,281709.108628511,1.0,0.0,
13506.0,1271111.32645041,281703.880276501,3.0,133860.19619119255,11.804551222298207
13507.0,1275189.28581458,217096.38254635,4.0,17692.829509158797,9.780914724004788
13508.0,1287822.96825951,201565.863746449,1.0,0.0,
13509.0,1264268.4683954,254835.307064995,4.0,94337.30998225189,11.454632042357645
13510.0,1285133.83417676,257713.140859947,1.0,0.0,
13511.0,1281920.22444548,244565.203246474,4.0,231359.81370338495,12.351729412728254
13512.0,1282291.75193384,244937.626734853,1.0,0.0,
13513.0,1273356.0585487,250094.395956144,3.0,197013.8870714705,12.191029497984209
13516.0,1294382.77761023,181005.401581392,2.0,1081.3819597069585,6.985995094458982
13517.0,1266069.24535725,285903.454872802,1.0,0.0,
13518.0,1267662.43537487,232745.999522373,3.0,18103.47314525749,9.803859085324376
13519.0,1281589.17260513,258477.545532718,4.0,605301.768037363,13.313482402802926
13520.0,1272275.9464836,243943.083117843,4.0,244881.7756428495,12.408530824666386
13521.0,1279781.76121128,218503.758995786,1.0,0.0,
13522.0,1279780.71564327,218436.276819721,4.0,230378.51807611567,12.347478965940127
13523.0,1266946.75147013,257167.68293938003,3.0,27779.76955145808,10.232063320790056
13524.0,1259850.39261487,212792.285517946,4.0,222676.472105184,12.313475199281626
13525.0,1251749.99542257,241751.278123602,3.0,5490.610580602648,8.610794745186952
13526.0,1257770.61232474,216155.151505381,3.0,203794.6346647447,12.22486807295093
13527.0,1274158.07531752,214603.7188638,3.0,46611.99999999999,10.749613297693154
13528.0,1270260.46334553,253635.747127771,3.0,156369.796126891,11.959978969050116
13529.0,1270681.73611397,254171.26540032,3.0,42695.12651894708,10.661840059657308
13530.0,1291291.98458306,185480.106865972,3.0,715628.3735512637,13.4809162798464
13531.0,1255572.33424249,216719.62804997,1.0,0.0,
13532.0,1253476.80169635,237233.903910965,3.0,46138.175354352,10.73939598509299
13533.0,1283064.15033464,183658.16036811503,3.0,37499.24670018574,10.532076123761689
13534.0,1259830.68599086,285827.074776724,2.0,134917.44258274135,11.812418333931761
13535.0,1276614.50770403,219685.612245008,5.0,493117.8032668919,13.1085033763402
13536.0,1280372.36633189,221058.803414404,4.0,138174.98322046793,11.83627615526464
13537.0,1278942.73074642,207153.441800162,3.0,48770.68127641168,10.794884617776342
13538.0,1286301.89152196,195968.769276708,4.0,676310.0719638936,13.424406936197801
13539.0,1286376.56857803,195882.859004632,2.0,20856.07099994019,9.945400359900802
13540.0,1280796.00198032,226980.073692471,4.0,422646.4130122668,12.954291205422365
13541.0,1279215.19506671,249943.115699992,3.0,244651.4654663821,12.407589886751985
13542.0,1270147.03838542,248390.575858399,4.0,198589.31713633455,12.198994238292123
13543.0,1273132.03403647,246120.704048067,3.0,36575.51178312334,10.507134218493732
13546.0,1255150.66973005,195115.486523837,3.0,141546.07465591433,11.86038055900692
13548.0,1263252.89597836,251632.563125715,4.0,940840.5876394511,13.754528996819493
13549.0,1278977.42719446,253923.952568054,4.0,288259.7148585046,12.571617140454979
13550.0,1279591.41221909,253912.666168049,1.0,0.0,
13551.0,1286875.29721855,187454.95889999,1.0,0.0,
13552.0,1281234.88396476,230480.104096055,3.0,588555.7453572869,13.28542692567776
13553.0,1266775.15076596,270811.759689361,4.0,1045595.557347202,13.860097192380294
13554.0,1273891.14507724,227538.65724504,4.0,1370618.289923419,14.130772502509597
13555.0,1254086.94550496,241854.762795702,4.0,295013.17060450395,12.594775280442311
13556.0,1275064.19090246,271980.208138555,1.0,0.0,
13557.0,1276433.63307986,248440.50814645,4.0,162846.3846374852,12.000562609889846
13558.0,1274401.22142977,276590.448591277,4.0,1574118.5904197693,14.269206048462976
13559.0,1277661.87436111,251962.794102058,3.0,51309.05331620393,10.84562249348718
13560.0,1284422.79264003,249848.287859887,3.0,51940.40202839292,10.857852225433085
13561.0,1279962.39077947,263154.234625518,3.0,266756.1222579041,12.494090120195484
13562.0,1287927.58809963,253055.565239176,3.0,184956.3716194466,12.127875247164338
13563.0,1263053.25265016,244117.354414016,4.0,232390.65674793872,12.356175099829596
13564.0,1266623.77540581,256911.107387125,4.0,284125.76281636674,12.557172245942676
13565.0,1276406.32146382,268556.334407046,3.0,45174.18569256881,10.71828108967691
13566.0,1277062.24498449,219454.517588764,2.0,2650.7469527974617,7.882596748242844
13567.0,1275779.94475918,283180.337942019,3.0,1353805.7812223171,14.118430281414136
13568.0,1263410.70404251,286156.454361066,4.0,2412722.4083372043,14.696266297930375
13569.0,1262934.14730603,286176.064601094,3.0,1405302.834703483,14.155763378238644
13571.0,1279899.6658514,215340.282064557,4.0,147618.407655935,11.902385896488566
13572.0,1274587.60920596,210752.55169186,1.0,0.0,
13573.0,1285386.39436902,257163.249915376,3.0,110976.4377339176,11.61707318509403
13574.0,1264322.99191545,258287.085884526,4.0,330072.34953980887,12.707067150442585
13575.0,1280356.97132386,270425.448456958,4.0,666948.161845477,13.410467603504934
13576.0,1278793.62930627,168730.877856821,3.0,339036.1048492974,12.733861884671668
13577.0,1279007.66073048,168727.168224826,2.0,246197.63818281263,12.413889899602855
13578.0,1269904.22059317,168881.983584985,1.0,0.0,
13579.0,1276386.3306798,274755.571021393,3.0,101662.44954976533,11.529413286222752
13582.0,1271521.80395482,277356.242640063,3.0,186350.0,12.135381904907405
13583.0,1280069.19570757,274393.031053022,3.0,75443.46461879504,11.231138841740535
13584.0,1283310.45689489,255120.286137283,3.0,31567.438988254013,10.359881456571726
13585.0,1277967.03058542,247125.457009107,3.0,38883.71799016016,10.568330881321309
13586.0,1275108.7288865,218171.867283449,3.0,415480.9037929117,12.937191932637619
13587.0,1275252.54194264,218168.319699451,1.0,0.0,
13588.0,1277529.45964098,237984.995623738,3.0,65963.21091578924,11.09685245523082
13589.0,1274938.73189431,258338.874876589,4.0,266997.9671103904,12.49499632353464
13590.0,1274488.72389387,224419.522393852,3.0,27759.85357085248,10.23134613978163
13591.0,1266395.22468558,231824.933153436,3.0,79382.68544208822,11.28203555597506
13592.0,1270445.69592172,280951.895891741,3.0,1074018.5898542644,13.886917862890222
13593.0,1279424.94994691,276116.288142785,3.0,40456.592682714,10.607984892709705
13595.0,1283471.94348706,197242.235582024,4.0,226522.8721321863,12.330601199523072
13596.0,1283814.15180741,197238.001662016,3.0,97126.96142302523,11.483774282297698
13597.0,1261635.0196247,247691.011633679,4.0,185310.47342178444,12.129787932110522
13598.0,1281435.94489297,217451.688274711,1.0,0.0,
13599.0,1274189.24875756,215785.558353007,2.0,46592.0,10.749184131556358
13600.0,1270801.44881809,232286.7005779,3.0,199420.0539777952,12.203168703056678
13601.0,1279069.34956256,238211.546983972,1.0,0.0,
13605.0,1261324.12260038,282228.686677039,1.0,0.0,
13606.0,1269099.45156834,276743.717647433,3.0,74200.73756178362,11.214529369291832
13607.0,1262740.16048983,246585.245168552,4.0,589168.0456787009,13.286466728696501
13608.0,1270679.07800196,190118.302966729,1.0,0.0,
13609.0,1285332.62412897,173905.973158121,3.0,408205.9513260017,12.919527108688158
13610.0,1285461.79545709,173902.233382121,1.0,0.0,
13611.0,1274402.65125377,272761.724939346,3.0,39812.39766800807,10.59193364196291
13613.0,1281946.2529255,211219.325068325,1.0,0.0,
13614.0,1282075.66610962,211215.933964327,4.0,137186.5478318992,11.829096941594461
13615.0,1265648.49911681,247031.82596901097,3.0,169599.99264524385,12.041197958974632
13616.0,1277808.27826525,255097.42104926697,3.0,50933.98284758963,10.83828561920839
13617.0,1279479.29657097,211295.889548406,3.0,609287.5076090212,13.320045533169056
13618.0,1279963.55577147,211272.442380384,1.0,0.0,
13619.0,1261157.70596021,196484.530685246,3.0,587510.5236647453,13.283649437460864
13620.0,1260215.42800725,245363.67051129,4.0,41156.64841912646,10.625140758525795
13621.0,1260223.17731926,245629.725743562,4.0,98173.90574257294,11.494495733395532
13622.0,1265182.62212433,237687.178919435,4.0,491075.12050063134,13.104352389983767
13623.0,1280458.85695598,231380.570144981,3.0,43946.09922262343,10.69071914428526
13625.0,1284401.39961602,193692.831226379,1.0,0.0,
13626.0,1273365.83570071,268872.947271362,1.0,0.0,
13627.0,1272228.81438754,227570.756957069,4.0,460949.8540885237,13.041044539681563
13628.0,1282167.86834972,244317.404206231,3.0,57785.6561542113,10.964495860440882
13629.0,1282166.95724572,244631.939310551,4.0,131084.6973262207,11.783598937738422
13630.0,1277993.36127345,265503.436611921,1.0,0.0,
13631.0,1277833.93900129,265869.7642923,3.0,571659.8190417825,13.25629937148976
13633.0,1273739.2821651,274789.094221428,3.0,64297.40817105112,11.071274601031519
13634.0,1274267.73547763,204866.54118982,1.0,0.0,
13635.0,1280736.12313226,275700.354574367,3.0,95347.06118788604,11.465278789241424
13636.0,1270188.28305745,286826.918617755,2.0,93164.0,11.442116659959298
13637.0,1284475.61139208,240014.161193818,1.0,0.0,
13638.0,1284542.78252816,240181.152297989,3.0,65179.708434437125,11.084903479144927
13639.0,1283769.53241536,196515.499837279,3.0,87018.61520253992,11.373877342594152
13640.0,1252290.36835113,209063.039050117,3.0,1000616.4059214732,13.81612677398565
13641.0,1273507.6294288505,224314.24866573507,4.0,144060.1509387446,11.87798620619197
13642.0,1274961.63435835,232057.005153671,3.0,180301.20606183863,12.102384098363926
13643.0,1258113.6529651,242404.776492268,4.0,232564.01600093735,12.356920803749537
13644.0,1269720.12977697,191287.726775914,2.0,46592.0,10.749184131556358
13645.0,1269736.374129,191084.757367715,2.0,93180.0,11.442288385370787
13646.0,1265319.89937247,281436.416596234,3.0,265274.327000542,12.4885197657507
13647.0,1264918.78570805,281448.385364249,1.0,0.0,
13649.0,1265117.47754826,232193.50684981,4.0,615818.2071964056,13.330707080772061
13650.0,1277762.43583322,256926.795003131,1.0,0.0,
13651.0,1277867.62136932,256924.634875134,3.0,965948.2859336352,13.780865577531456
13652.0,1288904.95917262,191826.696824476,2.0,5997.789941877736,8.699146337334861
13653.0,1289152.73984487,192036.662008688,3.0,449109.5100100687,13.01502203455875
13654.0,1278602.77081007,265187.140355602,3.0,232928.0,12.358484671917985
13655.0,1279017.0481865,199205.530176029,2.0,276777.09177645267,12.530967738377557
13656.0,1266274.43620545,256263.187066451,4.0,149047.57893484182,11.912020855665617
13657.0,1278610.30623408,263199.107905552,3.0,108297.19583425373,11.592634540080029
13658.0,1256390.89264333,242369.507820234,2.0,478.7383616384105,6.171154230305706
13659.0,1266282.83153346,256919.290427133,4.0,272519.52393378865,12.515465537982324
13660.0,1270239.3052655,223098.986008495,3.0,105728.19104967309,11.56862684443118
13661.0,1270583.69464186,223305.234648705,4.0,333337.5694461335,12.716910977553814
13662.0,1257197.26506016,207887.65095292,4.0,2119117.966377877,14.566510506478544
13663.0,1257187.40022814,207219.944584236,4.0,1360071.012905105,14.12304747172046
13664.0,1262544.16215363,192473.39928913105,3.0,13299.25001668643,9.49546292289706
13666.0,1272020.87121934,202224.52710712,2.0,79088.29366814016,11.278320148721875
13667.0,1283797.5080954,170295.888546422,1.0,0.0,
13668.0,1283797.5057914,169771.329249889,3.0,194711.4024733358,12.179273753966658
13669.0,1257511.05642048,286023.653464928,3.0,31307.851093067537,10.351624178719076
13670.0,1278872.66169035,238217.900007978,2.0,577.7036525900131,6.3590610254087645
13671.0,1271534.56120284,283117.709141955,1.0,0.0,
13672.0,1282101.09254165,174692.540518925,1.0,0.0,
13673.0,1257939.69168492,200718.352001578,3.0,2281518.6115881694,14.64035183692674
13674.0,1271163.75185846,231561.582625166,1.0,0.0,
13675.0,1268938.54929617,224820.363482267,4.0,727265.3331031178,13.497046659810842
13676.0,1272377.2999557,232331.617505953,4.0,706833.124500161,13.468549883779671
13677.0,1272471.11275579,232371.118369997,3.0,529596.4585789626,13.17987059660932
13678.0,1278261.02309772,203573.61363650896,3.0,50859.96336471724,10.836831318659636
13679.0,1278843.51737031,213214.02676637503,3.0,281567.37079379184,12.548127025791807
13680.0,1259947.22967097,250401.013748452,3.0,43125.0552980347,10.671859436606107
13681.0,1262617.0734497,168745.419552833,3.0,152369.86082526477,11.934066139063132
13682.0,1264154.54244328,280009.263250768,1.0,0.0,
13683.0,1260383.25309542,287205.534298137,2.0,17699.760653064233,9.781306396044743
13684.0,1268588.76427183,244095.180909991,4.0,151656.1182247381,11.929370856679691
13685.0,1278229.14783369,257389.750779614,1.0,0.0,
13686.0,1269724.70884898,268762.378631249,3.0,815212.1601955108,13.611203677604117
13687.0,1257002.25590795,201601.608066484,2.0,2609.601492239696,7.86695280369357
13688.0,1273038.70942837,194655.567483366,3.0,101792.66452210589,11.530693322762648
13689.0,1254223.8149451,250443.48843649,4.0,2231217.460748921,14.618057940985898
13690.0,1273845.34398921,246892.748144865,1.0,0.0,
13692.0,1262951.18135405,254860.133113027,3.0,7949.158290026095,8.980821326574759
13693.0,1286409.92019407,196062.177532807,4.0,753641.1905473678,13.532671659120226
13694.0,1268697.64036793,235119.030244812,1.0,0.0,
13695.0,1266352.23396553,262869.541313216,4.0,97488.79947104095,11.487492773166952
13697.0,1282027.32729357,231081.281376675,3.0,1842689.8223821537,14.426736922098362
13698.0,1280420.89017193,230056.796575621,3.0,10651.393938887592,9.273446048853234
13699.0,1269555.01464081,246211.303664163,3.0,82462.9964992472,11.320104944422472
13700.0,1273019.57298036,220895.841814235,4.0,862752.6972512136,13.66788336729696
13701.0,1284069.08268768,243247.248877123,3.0,88446.04615767488,11.390147997149278
13702.0,1279968.86553147,204970.307717934,1.0,0.0,
13703.0,1267629.17662284,241765.125547618,6.0,642254.6318962825,13.372740126929436
13705.0,1284685.6457603,205315.368710279,1.0,0.0,
13706.0,1273452.2489488,210065.990091145,1.0,0.0,
13708.0,1285874.63027352,209079.967434138,4.0,118137.51128597504,11.679604574835844
13709.0,1273614.76402096,260696.717246994,3.0,122504.95801713658,11.715906781757162
13710.0,1264845.00599599,240650.973866463,4.0,2550860.3063984644,14.751941235294662
13711.0,1268273.1733595,229703.638495266,4.0,1271760.8645693643,14.055913005655688
13712.0,1253741.31792061,244517.724654436,1.0,0.0,
13713.0,1279583.30489108,173766.020069987,3.0,46810.66666666666,10.753866376163788
13714.0,1266858.10302204,171369.160995528,3.0,52479.779708318645,10.868183225978036
13715.0,1266843.63812603,171034.986467183,1.0,0.0,
13716.0,1265055.33233219,210660.024651766,4.0,413869.0544273295,12.93330490912227
13717.0,1282404.70706996,227164.591388658,3.0,29630.280758990528,10.296552116020205
13718.0,1256294.73469123,255103.671353266,3.0,42745.76398189887,10.663025381312636
13719.0,1281245.23564477,252558.066550657,4.0,167725.3035399948,12.03008282217752
13721.0,1270483.39793776,197640.940478429,3.0,95794.6837844602,11.469962469563844
13722.0,1256179.18672311,189945.46731855,3.0,93760.60587876083,11.448500066807462
13723.0,1274678.08242205,236816.104230538,3.0,13251.198374291103,9.49184327066734
13726.0,1287850.00294754,192874.305017546,1.0,0.0,
13727.0,1263526.15825063,173970.237158194,3.0,125245.3712824507,11.738030062435492
13728.0,1276356.60760777,260616.569086909,1.0,0.0,
13729.0,1294190.84922603,186545.104371071,3.0,79672.33963839829,11.285677748560495
13731.0,1266014.84484518,242770.570028633,4.0,283944.14377720206,12.55653282095908
13732.0,1266169.03025334,242766.17041263,2.0,41735.02843311954,10.639096065562178
13733.0,1257473.89110844,205888.677894875,4.0,1231952.196946963,14.024110621143404
13734.0,1282132.62201369,213214.67406237096,5.0,543776.3755342896,13.206293366938345
13735.0,1259937.11095096,258387.870460629,1.0,0.0,
13736.0,1259947.43543097,258787.524861038,4.0,1171418.1456717453,13.973725663103247
13737.0,1276371.45272779,222074.546455443,4.0,494081.4338146653,13.110455628363162
13740.0,1276216.04395963,255646.288697824,4.0,2772883.842593162,14.835398435005507
13741.0,1262882.37706597,251637.319349721,4.0,1356559.0386261386,14.120461932895656
13742.0,1272363.36331569,237763.719463512,1.0,0.0,
13743.0,1272500.31973182,237760.977383509,4.0,94743.5694838951,11.458929252397668
13744.0,1287309.37344299,246362.780720323,3.0,57062.83030242847,10.951908225753053
13745.0,1278904.45196238,219407.234836712,3.0,24524.729033002204,10.10743723576915
13746.0,1261343.51005641,257694.998523921,4.0,832503.1565674328,13.63219229250214
13747.0,1291146.19584692,186266.077426776,2.0,23003.75612148152,10.043412791207352
13748.0,1264913.33655606,246785.273584753,3.0,82300.36626265358,11.318130836991267
13749.0,1269313.84907256,255517.343737692,3.0,955425.3121888548,13.769911873399954
13750.0,1267426.95620663,179525.747691885,3.0,14757.732978521824,9.599522494116899
13751.0,1267384.54161459,177384.014121681,4.0,1363356.2088199465,14.125460018295643
13752.0,1267376.14398257,176933.672809228,4.0,939876.1111199696,13.753503348879358
13753.0,1260889.23632793,235330.123301014,2.0,44180.76888465405,10.696044880277945
13754.0,1260905.66576795,235772.556453481,4.0,123202.64565512956,11.721585804324437
13755.0,1264824.01194796,236580.520742297,4.0,308796.86844002694,12.64043895601925
13756.0,1265665.12964483,260634.566462934,3.0,1802592.7744617683,14.404736616698415
13757.0,1266327.26026951,260618.58879891,4.0,1936410.8017409293,14.476346715291221
13758.0,1274901.75755829,256346.824378535,4.0,92391.3277485975,11.43378839769041
13760.0,1274720.5055901,194010.355514705,2.0,93180.0,11.442288385370787
13761.0,1264485.13988362,269373.950535879,3.0,1244728.7109644352,14.03442816129686
13762.0,1279021.3496905,269798.086856321,3.0,97532.46747883412,11.48794060133673
13763.0,1284203.67756781,259094.921597362,3.0,350591.79591245763,12.76737785105988
13765.0,1281781.29990132,209156.292746216,4.0,129301.3060267876,11.769900665457488
13766.0,1282817.11967839,195270.156476006,4.0,1486111.2795893007,14.21167338677862
13767.0,1271093.21265838,195011.78105174,3.0,635341.4184692934,13.361917800264559
13768.0,1273561.37074091,256051.713402241,4.0,89241.30475244512,11.399099269152778
13769.0,1259891.01981491,199164.407231987,4.0,413436.8206989337,12.932259990233817
13770.0,1285149.25606477,192651.793657318,3.0,123818.00508798056,11.726568065555778
13771.0,1281169.07666869,229830.783263385,1.0,0.0,
13772.0,1281198.12812473,230035.682143599,3.0,93182.0,11.442309848973883
13773.0,1267083.25316627,270306.863368839,1.0,0.0,
13774.0,1267087.94507028,270805.582857355,3.0,1100890.9951189824,13.91163040546194
13775.0,1267493.5830227,276104.676942781,3.0,148833.5576598709,11.91058389786262
13776.0,1250698.7406375,242601.45649246903,3.0,175542.82208196903,12.075638292591846
13777.0,1277977.62834543,225978.162651449,4.0,428617.8859742908,12.968321092308829
13779.0,1282411.47673397,227338.929948837,3.0,80294.3296589386,11.29345428298249
13780.0,1254630.83254552,237388.821607128,3.0,68248.59467571908,11.130912122003258
13781.0,1254312.8869452,237394.240231141,3.0,32564.444539314634,10.390976313850986
13782.0,1281751.2910693,204865.335493818,1.0,0.0,
13783.0,1281775.92914931,204454.331397399,4.0,366814.1136941229,12.81261049652529
13784.0,1282139.81817369,243557.57367745004,3.0,179854.58990420133,12.099903969533186
13785.0,1282144.8440937,243693.723693579,1.0,0.0,
13786.0,1266101.45950127,270538.380617067,1.0,0.0,
13787.0,1266130.09527729,270824.697673365,4.0,100763.16928096126,11.520528183732916
13788.0,1276925.62520835,260266.772542551,3.0,52442.05288720772,10.86746408446471
13789.0,1259610.73597462,232962.935458601,1.0,0.0,
13790.0,1252446.81359929,238256.160424024,3.0,9871.93916716437,9.197451583966982
13791.0,1252510.08348735,239239.848745018,4.0,272447.09930530423,12.515199743249866
13792.0,1266409.20958158,278288.463569015,3.0,118107.77292474076,11.679352816486544
13793.0,1267115.10379031,278276.529552996,3.0,188881.91144226363,12.148877291584638
13794.0,1279411.2298189,198520.560767323,3.0,138920.28798899002,11.841655579912224
13795.0,1284548.71692815,247475.758769453,3.0,400781.774880548,12.901172355863995
13796.0,1272165.10289948,249576.792627603,4.0,646441.808562867,13.379238463186015
13797.0,1293496.88506532,188368.087284938,1.0,0.0,
13800.0,1282546.88627011,224972.501274422,4.0,151167.8132839324,11.926145844960182
13801.0,1257072.65046802,194121.954042822,3.0,2073833.5307571809,14.544909399727256
13802.0,1281418.56959696,243845.860525742,1.0,0.0,
13803.0,1270989.86737828,206270.830343261,4.0,286239.6440174912,12.56458465509131
13804.0,1281080.33964461,210214.048523307,3.0,172590.02762648807,12.058674278595475
13805.0,1281878.34066942,171036.854243189,3.0,126666.3878467427,11.74931204182211
13806.0,1281882.98079742,170613.810146749,1.0,0.0,
13807.0,1254001.51945688,211971.76743710003,3.0,185999.18641048812,12.133497578548612
13808.0,1278370.60063383,215470.556368679,3.0,87714.0369077602,11.381837221513463
13809.0,1280583.2976601,210194.54529129,3.0,70276.36351983571,11.160190798216682
13810.0,1254631.71145752,215213.44961641697,3.0,862880.215514795,13.668031160333209
13811.0,1282710.64543828,224724.883994162,4.0,1690145.1180878514,14.340324951903787
13812.0,1271595.4757629,245289.076783225,4.0,1106118.2304200104,13.916367354465047
13813.0,1255749.41328268,242487.545004353,2.0,47344.631183184974,10.765208706402783
13814.0,1269215.12779246,257639.910715863,1.0,0.0,
13815.0,1287061.44217874,202866.67840378,1.0,0.0,
13816.0,1269728.94763298,269170.166535676,3.0,244791.03305188852,12.408160199259427
13817.0,1267089.13963029,237950.649895698,3.0,46697.57517969451,10.751447518961912
13818.0,1267028.26769422,238188.858727947,2.0,46290.15932888752,10.742684675991471
13819.0,1258307.28810129,257385.206139609,3.0,76649.39293444439,11.246996964300488
13820.0,1273950.80242132,263731.556354105,1.0,0.0,
13821.0,1259677.3913347,249878.807475924,4.0,1053888.8576293048,13.867997554353856
13822.0,1268052.50807928,284999.111575887,1.0,0.0,
13823.0,1283535.19238313,182928.992559358,3.0,845071.6534739856,13.647176699754882
13824.0,1289703.89587744,180091.315820456,2.0,46592.0,10.749184131556358
13825.0,1267167.05643037,287060.066777989,3.0,89350.61986209059,11.400323458023953
13826.0,1267342.54430254,287058.357081994,3.0,171.30476190476193,5.143444203570447
13828.0,1276120.18687153,225287.052826732,3.0,295981.1152620244,12.598050931480445
13829.0,1267760.47454298,271454.424714014,4.0,1515408.2320725964,14.231195420741676
13830.0,1273244.47640459,231576.19478517803,3.0,9290.274605450206,9.136723390622924
13831.0,1274855.42431024,217627.47368289495,3.0,73496.8662901213,11.204998048783455
13832.0,1289049.61933278,248412.547890425,3.0,11067.330558850885,9.311752854694737
13833.0,1266208.97994938,277271.728719965,3.0,727058.3890684664,13.49676206837787
13834.0,1267111.6467663,277134.757199824,3.0,729544.0107169561,13.500174975100464
13835.0,1281314.16364485,181088.360045478,3.0,65438.916530685696,11.088872414456889
13836.0,1281307.31954885,180479.578156859,1.0,0.0,
13837.0,1276435.03659986,217879.26843515,4.0,328560.03398912173,12.702474852079186
13838.0,1265064.43633221,260387.744766682,3.0,292019.0815581208,12.584574426917127
13839.0,1258119.3737971,243736.238381624,4.0,575707.3738187628,13.263354779021622
13840.0,1278707.46085818,265841.30835627,3.0,238892.0458014432,12.383767037663095
13841.0,1278710.63378619,266052.283972487,1.0,0.0,
13842.0,1267338.66993454,244174.201710075,3.0,55806.673971627366,10.929648746443565
13843.0,1262968.05175406,209521.562058598,1.0,0.0,
13844.0,1273899.16440526,226689.432924166,3.0,48632.954628676285,10.792056658876389
13845.0,1270027.7226733,242291.294764146,4.0,418048.1280818388,12.94335184383068
13846.0,1275849.77599126,212119.543053254,3.0,1284729.9665853423,14.066059111493237
13847.0,1255762.63337868,197965.206526756,1.0,0.0,
13848.0,1255222.73225813,197975.665214777,3.0,1307338.7708133864,14.083504156276396
13849.0,1273610.95762096,260365.609982654,3.0,191335.17387588008,12.161782006147675
13850.0,1273743.7467411,260361.722814649,1.0,0.0,
13851.0,1278944.24191442,263849.404482231,4.0,274316.2181628233,12.522036800817009
13852.0,1274798.55627818,247940.835249931,3.0,2544.5054923932294,7.84169160456192
13853.0,1274056.10827741,240618.62090644205,3.0,14864.037126070636,9.606699958767846
13854.0,1274842.39448622,218162.910931438,4.0,154455.32325009027,11.94766016359993
13855.0,1274837.10379821,217919.9970112,3.0,64339.39358148309,11.071927375530743
13856.0,1272953.78603628,264706.815171108,2.0,39963.27652399976,10.595716224496165
13857.0,1263185.20977029,237055.950246781,4.0,336060.2879386704,12.725045851238892
13858.0,1265207.44126035,240643.567402467,1.0,0.0,
13859.0,1277186.54296862,178436.89949876102,3.0,77580.66505755151,11.259073513495903
13860.0,1287914.3732516,182260.131310672,2.0,259699.32940654823,12.467279815462478
13861.0,1284756.81228837,179993.078764349,3.0,747371.6017389203,13.524317799243844
13862.0,1278375.99205784,248916.571826935,1.0,0.0,
13863.0,1278675.35794614,248911.248690933,3.0,186350.0,12.135381904907405
13864.0,1276266.46085568,230850.49379243,2.0,15361.96887959168,9.639650180752103
13865.0,1266658.61194985,240940.004138768,5.0,659120.4019363343,13.398661500796809
13866.0,1250688.39913349,242160.210028023,3.0,31248.385191567773,10.349722979959576
13867.0,1282516.89811008,228661.568094194,3.0,60641.61009818899,11.0127365717149
13868.0,1284356.10572797,240316.910250127,1.0,0.0,
13869.0,1284518.64972813,240389.65482620904,3.0,158303.1274819935,11.972267002351098
13870.0,1254893.03996979,236745.659494475,1.0,0.0,
13871.0,1282035.32793359,191953.249400601,3.0,94113.74798604308,11.452259414647353
13872.0,1253922.0068168,209302.472266376,3.0,83964.10764489876,11.33814469656941
13873.0,1253922.9907528,209156.398410216,1.0,0.0,
13874.0,1282425.51481399,224088.436121508,4.0,221617.29146603253,12.30870726089245
13875.0,1253258.47568011,208069.79130511,3.0,93181.99999999996,11.442309848973883
13876.0,1253318.95420818,207947.553416982,1.0,0.0,
13877.0,1274091.28210145,242422.475564286,4.0,145147.1768515026,11.885503519394542
13878.0,1282891.79007846,258435.266364679,3.0,93182.0,11.442309848973883
13879.0,1272262.50987558,243483.470509365,3.0,102573.17186120297,11.53833169469193
13880.0,1289410.62912513,187960.119924515,3.0,453840.2896440346,13.025500630207619
13881.0,1266069.17316523,286048.840408951,1.0,0.0,
13882.0,1266069.15774123,286080.173400983,4.0,195106.40254758557,12.181300342821006
13883.0,1262805.39588189,244512.813614428,4.0,250384.68676779213,12.43075376125733
13884.0,1274664.90987805,222387.956567764,4.0,386844.89944608585,12.865779115054401
13885.0,1255066.97142597,257802.807676032,1.0,0.0,
13886.0,1282044.0273896,248565.90161857,4.0,122384.8286271672,11.714925692253583
13887.0,1270648.95435393,264776.151683167,1.0,0.0,
13888.0,1270652.56395394,265194.401475608,3.0,72433.55620764487,11.1904249545295
13889.0,1282595.97868617,261493.116927817,3.0,187234.15441431917,12.140115275178312
13890.0,1275618.36504702,262709.961601064,3.0,54677.88143900899,10.90921454537275
13891.0,1278765.92402624,229959.778399527,4.0,300486.0268663741,12.613156532263528
13892.0,1256747.4001637,215194.090704396,3.0,328118.0756069124,12.701128809193088
13893.0,1265682.25630084,237259.630951002,4.0,179252.45879967074,12.096550475520763
13894.0,1265769.90404493,237132.989094868,4.0,76003.7641950113,11.23853814692368
13895.0,1271555.45841886,247757.955697745,4.0,39562.326870681136,10.585632602780429
13896.0,1268661.98193589,261948.428352281,1.0,0.0,
13897.0,1277770.72031322,221880.008791253,1.0,0.0,
13898.0,1275105.2781345,236336.596006051,4.0,211650.54410506287,12.262691816723288
13899.0,1260470.95043951,240348.068970159,4.0,496415.7618770267,13.11516908417962
13900.0,1284353.34227197,171464.066979617,1.0,0.0,
13901.0,1284370.55679998,170980.176227123,3.0,278092.7263484477,12.535709885074
13902.0,1273078.29854842,273026.321547627,1.0,0.0,
13903.0,1285010.58278464,187546.900596097,3.0,93182.0,11.442309848973883
13904.0,1275064.53151044,273913.072716534,4.0,1041546.74211656,13.85621741828874
13905.0,1262153.14000922,256219.635322407,3.0,59281.11566318495,10.990046080022037
13906.0,1285420.07276906,187048.710323587,1.0,0.0,
13907.0,1260055.28131908,204477.386117429,4.0,689878.5698825939,13.444270875408746
13908.0,1285416.73484905,191845.798200488,4.0,1847825.192358965,14.42951993383023
13911.0,1280254.84261976,249924.707315966,3.0,43874.6996550516,10.689093115275828
13912.0,1277438.49196088,219798.566421121,4.0,93944.41634230784,11.450458570848813
13913.0,1277257.7852727,219374.955732688,3.0,174909.47127049151,12.072023812030446
13914.0,1287499.90163518,184723.44561719903,3.0,68426.13406445134,11.133510107603488
13915.0,1287491.33830717,184497.42539297,3.0,115231.51019630664,11.654698515852115
13916.0,1265869.36087704,244526.764014438,4.0,81748.86143110358,11.311407161214238
13917.0,1282699.31084627,229499.192351043,3.0,330050.7525214256,12.707001717136816
13918.0,1282315.06092587,230004.636575565,3.0,978231.1774457006,13.793501298840475
13919.0,1282682.27807824,212644.050253794,3.0,32860.15035035017,10.400015967063146
13920.0,1282436.313022,226436.386139914,3.0,172248.30995390893,12.056692377239434
13921.0,1262358.36695343,258833.602877095,4.0,1298133.3162275134,14.07643787992999
13922.0,1265138.10910028,233047.753186688,3.0,905084.6214954468,13.715783722725655
13923.0,1273878.60338123,235179.201380864,4.0,2156430.242700519,14.583964747085922
13924.0,1277116.72850455,204261.882629201,1.0,0.0,
13925.0,1260905.84029596,246147.4284641,3.0,22648.44100483346,10.027846298733623
13926.0,1260281.82775131,246161.308976114,3.0,15300.923799889311,9.635668484635517
13927.0,1269229.07268848,258830.906685084,3.0,1151300.2058299992,13.956402475442248
13928.0,1285303.08646493,187486.910580024,3.0,136684.5330199535,11.825430870882329
13929.0,1263040.29930614,212157.756237298,4.0,1313137.6226415522,14.087929963208444
13930.0,1271087.75365038,276712.990031391,4.0,431563.9328250164,12.975170942667168
13931.0,1293164.50938499,185267.149297759,1.0,0.0,
13932.0,1264284.09175541,177691.223785996,2.0,744992.0,13.521128759049008
13933.0,1287183.39341086,205659.766982645,1.0,0.0,
13934.0,1274655.05624603,194927.481339648,2.0,46592.0,10.749184131556358
13935.0,1271080.19070637,270727.696521267,4.0,92046.9816442569,11.430054395729874
13936.0,1278476.00991394,207630.876872659,4.0,165690.53934738034,12.017877106717561
13937.0,1266528.12305371,237423.21527116,3.0,93174.26153753272,11.44222679877307
13938.0,1283525.57260711,257750.214907974,4.0,2191573.576839782,14.6001303720122
13939.0,1265221.40945236,239285.899817079,3.0,27973.932425714356,10.23902837072592
13942.0,1267297.1342545,196361.38495712,1.0,0.0,
13943.0,1275484.27147888,235483.430053174,4.0,425320.26846138266,12.96059773696341
13944.0,1275698.5472551,235478.703077167,1.0,0.0,
13945.0,1266949.84132615,257431.934395656,3.0,31631.03322794703,10.361893981841005
13946.0,1279632.09945112,263512.269377872,3.0,1197275.9244052707,13.995559471263617
13947.0,1284556.14342417,249844.902003884,3.0,11647.46467283406,9.36284381066073
13948.0,1283647.97759923,170996.451747149,3.0,424015.457900637,12.957525190862366
13949.0,1272446.83461177,283794.395478651,3.0,439315.58790819766,12.992973312849479
13950.0,1285835.88723348,253685.764407814,3.0,138348.77125599846,11.837533103758924
13951.0,1275371.19653477,262715.520001069,1.0,0.0,
13952.0,1271049.22814634,268342.228870824,3.0,85117.0897470701,11.351783113989454
13953.0,1271249.92037055,268335.693126813,1.0,0.0,
13954.0,1275174.87839057,226163.725595638,4.0,561417.9564283674,13.238220927486344
13955.0,1271678.85515498,252620.93387872,3.0,112454.1969744835,11.630301279718841
13957.0,1270069.64088133,259472.703293741,3.0,66124.06073707803,11.09928796470551
13959.0,1272743.70936407,229563.607903123,3.0,107913.7878120275,11.589087926326641
13961.0,1259101.8317821,258271.284732506,1.0,0.0,
13962.0,1287814.63264351,248442.89233845504,3.0,167709.30080890903,12.02998740726868
13963.0,1278880.35359436,271793.831178367,1.0,0.0,
13964.0,1277671.21855313,181237.663213626,1.0,0.0,
13965.0,1295355.68186723,186102.308338612,1.0,0.0,
13966.0,1286055.0764177,184061.64446452295,3.0,832447.039395763,13.632124882471706
13967.0,1283105.07673468,274973.11617361,1.0,0.0,
13968.0,1261276.35236032,254351.8369205,4.0,1367508.3255008238,14.128500901377345
13969.0,1260362.7400074,258380.13855662904,3.0,1589089.7458493086,14.278671923375999
13970.0,1278007.16536947,223294.311768696,4.0,691379.9471346806,13.446444802772634
13971.0,1254878.87760177,250195.346548244,3.0,769139.6175171019,13.553027789247665
13972.0,1274936.42149432,260658.119550958,4.0,166851.61396766154,12.024860157298223
13973.0,1286559.75949022,191814.543352455,3.0,286802.92343481444,12.56655058094301
13974.0,1286536.0131222,190817.320567444,3.0,219196.0510977129,12.297721818828546
13975.0,1286135.34265779,175943.83460021,1.0,0.0,
13976.0,1276925.32895236,181727.185198128,3.0,82826.63890737227,11.324505014565108
13977.0,1276925.28888835,180756.104813144,1.0,0.0,
13978.0,1280637.84415616,277861.456208572,3.0,7086.702187363466,8.865975375543131
13979.0,1254038.39996892,207709.038472742,1.0,0.0,
13980.0,1285747.45990539,243596.44369348895,3.0,223849.2777889066,12.31872823734676
13981.0,1265792.37809296,237756.678503513,1.0,0.0,
13984.0,1278102.90040956,284568.48347944,3.0,93182.0,11.442309848973883
13985.0,1278251.45720971,284564.80827944,1.0,0.0,
13986.0,1268603.96235183,244378.098286286,4.0,234112.3433638036,12.363556378974096
13987.0,1256063.74563499,241821.694955662,4.0,1898255.7828211293,14.456446013466799
13988.0,1285765.31584141,192935.195961609,3.0,81536.51271052723,11.308806207621137
13989.0,1286032.99212968,184940.084337428,1.0,0.0,
13990.0,1272359.41617969,268441.07315892,4.0,1628471.983351695,14.303152699590775
13991.0,1278515.01541798,265188.97830759,1.0,0.0,
13993.0,1255818.70448275,201708.36345858904,3.0,45189.90237118764,10.718628941995549
13994.0,1255813.97878674,201469.766786352,2.0,2771.8702218622107,7.927277541703795
13995.0,1276302.60677572,262971.400065333,3.0,90429.74177964916,11.41232849425825
13996.0,1272608.56753993,178113.873258427,1.0,0.0,
13997.0,1272768.59448411,281979.453524783,3.0,202353.5288409534,12.217771589445022
13998.0,1260294.72144732,188140.569076702,1.0,0.0,
13999.0,1270729.84561801,228112.023261636,4.0,74235.89750032254,11.215003105969867
14000.0,1270422.17726569,228406.991133928,4.0,363361.313181309,12.80315297132809
14001.0,1287746.39161943,247406.211377382,2.0,4299.015206487669,8.366141253705115
14002.0,1287804.42099549,247664.394545645,3.0,26003.598017096825,10.165990192702216
14003.0,1273315.50578065,248769.404466778,3.0,153932.39398975854,11.944268784940522
14004.0,1278805.07845828,255238.091385409,3.0,2114297.333482614,14.56423308523003
14005.0,1264889.88484403,239291.078953072,4.0,72166.63905960934,11.18673315521067
14006.0,1264900.37431604,239683.369513482,3.0,82777.94462800086,11.323916935663725
14007.0,1272347.61662766,268028.527366504,4.0,2149543.111672123,14.58076587132219
14008.0,1275179.35179856,227527.31542103,4.0,294781.21497397183,12.59398871601185
14009.0,1275310.2498467,227522.062493026,4.0,248283.0306786333,12.422324627149694
14011.0,1271894.67595521,251026.571573094,3.0,162297.13061129523,11.997184073810324
14012.0,1276043.59941545,220195.738837525,3.0,296263.2403036252,12.599003663440794
14013.0,1274958.59698234,264636.127043024,4.0,518207.3635703719,13.158130756909557
14014.0,1271897.18315521,199812.434176654,1.0,0.0,
14015.0,1266653.96727784,229318.328862861,4.0,122438.59740915362,11.715364937661766
14017.0,1262655.15799375,255692.707897872,4.0,1255723.6745875613,14.043222597496516
14019.0,1278769.24127424,175783.507816046,3.0,151714.5159254683,11.929755849127066
14020.0,1288144.73401985,181903.172078311,1.0,0.0,
14021.0,1267975.84945519,196342.4978531,2.0,6.0,1.791759469228055
14022.0,1254697.67587359,253106.292791218,3.0,86189.60101406605,11.364304811486585
14023.0,1284624.31910424,203847.914308786,3.0,142388.9658037093,11.866317787624212
14024.0,1261339.9851284,242612.513260484,3.0,144023.21685635793,11.877729793731426
14025.0,1261342.1104404,242903.044524774,2.0,118698.43000010253,11.684341353889415
14026.0,1276988.27071242,246006.064239949,4.0,185485.9510401476,12.130734422528912
14027.0,1276428.25778385,248071.630642071,4.0,79945.06356712335,11.289094972354903
14029.0,1262620.8913697,170563.679010704,4.0,156542.64042655792,11.961083714640607
14030.0,1262273.84055336,170577.177314714,1.0,0.0,
14031.0,1280721.16748424,274370.384461001,4.0,698088.5918654405,13.456101296133863
14032.0,1271560.48568286,175470.572711721,1.0,0.0,
14033.0,1263247.57316235,169267.202273369,3.0,55606.59766716131,10.926057136277208
14034.0,1274871.63653426,229231.88188678,4.0,1125126.8559672425,13.9334063481234
14035.0,1274876.26053426,229657.991903216,4.0,724897.7723376333,13.49378592022263
14036.0,1274525.9101979,176467.997928753,3.0,1379740.7321256013,14.137406164211315
14037.0,1284745.42451236,243772.927597672,3.0,81847.40989313972,11.312611937743172
14038.0,1273898.28050126,235990.481253698,4.0,228676.56389752025,12.34006389945393
14039.0,1260967.25162402,249052.674291074,4.0,139236.91025925428,11.843932151642218
14040.0,1270269.15128154,205474.428742453,4.0,78846.87456121501,11.275262953827717
14041.0,1271775.33528309,282004.694996819,3.0,235007.69816791103,12.367373550751083
14042.0,1260628.89335167,192030.307320684,1.0,0.0,
14043.0,1258854.71875785,285904.640920803,1.0,0.0,
14044.0,1263516.78129062,169428.02972953,1.0,0.0,
14046.0,1256539.13974749,258451.91762869095,3.0,1135958.2514727262,13.94298712712377
14047.0,1256295.58544323,258456.825404704,3.0,1244638.048748884,14.034355321716081
14048.0,1279856.29157935,199291.760320112,4.0,367145.1645802431,12.813512592645251
14049.0,1254029.01315291,249584.781491622,2.0,392.6943749745133,5.973031637505091
14052.0,1252585.12694342,236589.335654303,3.0,15497.6025302866,9.648440615478474
14053.0,1252367.69334321,236742.737254471,4.0,1463363.16091906,14.196247879491494
14054.0,1262947.25521004,287112.381274045,1.0,0.0,
14056.0,1273614.23845297,262535.246080875,3.0,83299.34688357759,11.330195987590916
14057.0,1273964.72952533,262528.472128868,1.0,0.0,
14058.0,1265279.69079643,256288.605626479,4.0,71331.10845655315,11.17508781498806
14059.0,1275083.84376647,236754.599462479,2.0,2553.3167534013005,7.845148480599479
14060.0,1282570.97811013,277049.763919741,2.0,46592.0,10.749184131556358
14062.0,1273557.5446929,255718.877497897,3.0,9908.09191619148,9.201107067533465
14063.0,1265454.42602861,232834.304802462,4.0,413359.57371665887,12.932073131696404
14064.0,1256650.80157159,212535.610189676,4.0,567331.410266293,13.24869890978172
14065.0,1283088.41503866,196319.733501077,1.0,0.0,
14066.0,1276374.5882158,234143.516387805,4.0,444323.7700429728,13.004308787477111
14067.0,1273856.75666121,203350.217412278,3.0,101496.29383996148,11.527777562905326
14068.0,1283330.89555092,252515.796278626,3.0,20561.4311023946,9.931172323294303
14069.0,1275047.33496644,268601.632199094,2.0,110836.73857486996,11.615813573921754
14070.0,1279811.33989932,175100.989159346,3.0,314723.3924300504,12.659449412765511
14071.0,1279809.92223531,174430.266406655,3.0,456269.0819421317,13.030838006439073
14072.0,1277958.20748141,238068.307431832,4.0,1149242.780502054,13.954613831727537
14073.0,1271409.7471227,271586.934282154,1.0,0.0,
14074.0,1276896.80440833,229093.539614633,4.0,413959.2469816723,12.93352281071985
14075.0,1273046.69790839,222119.31931948703,3.0,76497.60303880749,11.245014686497697
14076.0,1256822.39798777,241744.183659583,2.0,24052.942796724707,10.088012629658511
14077.0,1275540.48888694,205858.536582842,3.0,12338.207032603175,9.420455989706866
14078.0,1253979.13238485,207833.21831286,1.0,0.0,
14079.0,1265503.63460466,250941.262709007,3.0,33073.17735511558,10.406477881043443
14080.0,1262196.32791327,172734.948964924,1.0,0.0,
14081.0,1268659.18865588,213590.811150759,4.0,156263.64151455462,11.959299869480878
14082.0,1269220.43326446,213579.98798275,4.0,204097.1191843096,12.226351233971766
14083.0,1275181.72152656,254013.049528152,4.0,680451.7143012551,13.430512142349322
14084.0,1258746.15894973,193904.907578602,4.0,346515.6690958668,12.755683317645547
14085.0,1284063.94623967,192675.850041345,3.0,263594.9842323514,12.482169053479348
14086.0,1264704.47741984,176358.20944863596,3.0,242336.0367526313,12.398080623573346
14088.0,1278010.53381747,204919.823877886,2.0,120.83333333333331,4.794412185626619
14089.0,1265982.39114915,259569.605629846,3.0,168948.47781496937,12.037349082424248
14090.0,1275145.10021453,214580.46830377,4.0,333964.7277953443,12.718790660979034
14091.0,1274213.59422958,281520.65096432,1.0,0.0,
14092.0,1271479.32209878,248824.292530835,4.0,92453.93774621304,11.434465829160914
14093.0,1281521.73542106,255690.842425868,4.0,430357.3145085741,12.972371106583752
14094.0,1261786.59837686,234426.50275608903,5.0,1804378.930781555,14.405727007869595
14095.0,1258265.01290125,258287.82246053204,3.0,56912.59387376966,10.949271929081952
14096.0,1262665.18717775,190463.975159079,2.0,46591.99999999999,10.749184131556358
14097.0,1263312.97066641,279853.004754618,1.0,0.0,
14098.0,1267378.13118258,245984.449071929,4.0,577661.1675875275,13.266742760516685
14099.0,1271063.21009836,215848.726545066,3.0,70113.03479203791,11.15786400141507
14100.0,1271048.45189033,215088.928528294,4.0,250796.08846833897,12.432395491400536
14101.0,1255364.40713827,256746.854714945,3.0,48998.39109259068,10.799542741708601
14102.0,1260038.62288706,190712.06488733,3.0,64887.99820354593,11.080417958064722
14103.0,1262829.91453792,261148.814463466,1.0,0.0,
14104.0,1283390.41478297,260414.996350706,3.0,528046.3443543717,13.176939332234971
14105.0,1270320.71384159,207796.949064821,3.0,122057.6641711628,11.71224886918887
14106.0,1261929.903209,250352.038132399,3.0,31024.98908975276,10.342548258412883
14107.0,1260636.03376767,255720.308217898,4.0,590949.5701722164,13.289485963089612
14108.0,1250968.81948577,242075.334187925,5.0,792631.3853517623,13.583113556925428
14109.0,1275495.85803889,236845.410598576,3.0,191577.33967812848,12.163046868621283
14110.0,1275541.84415095,237343.937191084,3.0,73078.18913031636,11.199285230906282
14111.0,1267042.51140623,175920.564968184,3.0,495023.3202161373,13.112360151988865
14112.0,1272703.76254803,181755.823598161,4.0,719937.0005394956,13.486918987913254
14113.0,1283141.32211073,211525.219148651,4.0,102475.6460587854,11.5373804499029
14114.0,1269347.9615206,244753.860014677,1.0,0.0,
14115.0,1272173.17931549,229590.648223147,4.0,1151271.0636036498,13.956377162674094
14116.0,1261410.32324047,265765.809476182,1.0,0.0,
14117.0,1264741.35492387,241597.922091439,4.0,341189.33507885016,12.740192837015163
14118.0,1282989.27123056,227121.45929262004,3.0,206054.70749839116,12.235896982894687
14119.0,1283839.96537544,245227.747887149,2.0,4067.769234355792,8.310850028508229
14121.0,1266163.14833334,268668.232775167,2.0,32887.60554616314,10.400851134652806
14122.0,1255206.35235411,256468.32511466704,3.0,521810.589510361,13.16505994567271
14123.0,1275840.02405524,204571.989957526,1.0,0.0,
14124.0,1282992.99558257,232162.42556977304,3.0,325199.4594896415,12.692193994568438
14125.0,1273122.53336446,197061.230653837,3.0,233923.2508506913,12.362748352722512
14126.0,1280887.37810841,204435.421637386,3.0,324864.6080747851,12.691163783974806
14127.0,1257543.3729645,186563.63128309,2.0,46591.99999999999,10.749184131556358
14128.0,1257667.85629264,186396.466930911,1.0,0.0,
14129.0,1262754.88714585,266281.176196709,4.0,573419.1624008393,13.259372250779249
14130.0,1280889.74585241,219038.224788338,4.0,380352.2241246869,12.848853007982129
14131.0,1280877.5080284,218728.466196015,3.0,44443.40209096608,10.701971795525612
14132.0,1261972.02948104,210819.710731924,2.0,46591.99999999999,10.749184131556358
14133.0,1261587.06103265,238411.39370417604,3.0,35803.41313126806,10.485798506706567
14134.0,1257004.55350795,258712.510588959,2.0,1898.716916845557,7.548933630108713
14135.0,1262418.9809695,233977.294627637,3.0,47113.49507975401,10.760314758705567
14136.0,1262127.3378972,233983.100067645,3.0,170691.53385368438,12.047613310913354
14137.0,1255971.8374109,202252.615939155,3.0,1171.25383618379,7.0658301088375906
14140.0,1281297.97081283,201488.616834372,1.0,0.0,
14141.0,1281326.87001286,201271.643842146,3.0,90705.8393606819,11.415377015074759
14142.0,1267309.8507985,226884.860956371,4.0,53656.951975024,10.890366319813625
14143.0,1276773.6435762,213950.183119133,4.0,296716.13168155565,12.600531175146553
14144.0,1263826.77047494,236373.041190088,3.0,16699.530968847397,9.723135912312674
14145.0,1272659.39749199,266357.904772788,1.0,0.0,
14146.0,1280323.86117983,281414.27259621,1.0,0.0,
14147.0,1266892.93329409,285398.60879229,1.0,0.0,
14148.0,1258502.47670949,285359.938904256,4.0,1461038.2145313758,14.194657846811966
14150.0,1282307.86969386,231781.742241383,1.0,0.0,
14151.0,1287388.93235508,251395.44286947,1.0,0.0,
14152.0,1271554.06801885,254142.369784281,3.0,29882.51671984354,10.305028863271549
14153.0,1281744.02470128,277242.531279936,1.0,0.0,
14154.0,1295272.02221914,185524.090354025,1.0,0.0,
14155.0,1276691.55839212,204254.576517195,1.0,0.0,
14156.0,1286381.55545804,185468.370993957,3.0,37401.32025313739,10.529461283665588
14157.0,1275858.48754327,247370.332145348,4.0,132776.2672333361,11.79642078946148
14158.0,1286997.73331466,196070.760572821,3.0,46639.99999999999,10.750213821024374
14159.0,1254768.18102567,215208.099920422,3.0,672715.3229626674,13.419077522054659
14160.0,1282353.04607791,271969.894474536,3.0,146422.61790236336,11.894252362445002
14161.0,1257603.63267657,253070.199351192,4.0,233229.52996049376,12.359778354774821
14162.0,1279577.21113107,225576.983323038,4.0,596197.0747319353,13.298326553692661
14164.0,1254974.28720188,211275.688140392,4.0,547039.0203033262,13.21227541396652
14165.0,1271259.94129856,205187.397190154,4.0,214212.2712173699,12.274722723951355
14166.0,1285839.70188949,206514.953223512,3.0,179756.7585759376,12.09935987474257
14167.0,1286149.1388818,206511.543815508,4.0,147077.54927558798,11.898715272749788
14168.0,1260552.35447159,257048.031291261,3.0,242225.673993505,12.397625107759417
14169.0,1260334.40509537,257052.471611261,3.0,261401.30673268493,12.473812079137135
14170.0,1282057.94495761,192082.813112736,3.0,376425.8913371024,12.838476471089358
14171.0,1267304.6585425,242277.749484137,4.0,865448.1171223352,13.671002706246812
14172.0,1267478.48823868,242273.668140128,3.0,14222.288800315277,9.562565646826746
14173.0,1274339.8314777,232767.595938399,3.0,972019.2304302644,13.787130867640144
14174.0,1256358.67024329,219338.331156641,3.0,546246.2026571487,13.21082507371038
14175.0,1262596.24637768,240319.73994612705,3.0,140614.26491860926,11.853775710670345
14176.0,1286790.96601845,251781.466677874,3.0,340901.90804526967,12.739350055192377
14177.0,1266820.57291001,191366.442552,3.0,277256.5600181457,12.532698565953961
14178.0,1266828.31268601,191098.160887733,4.0,765891.0143048263,13.548795159624692
14179.0,1272633.27749196,265694.90771611,1.0,0.0,
14180.0,1263976.0421551,174280.158438504,3.0,17228.522038046096,9.754321547435723
14181.0,1267402.47691061,286905.066073835,2.0,82.63333333333334,4.4144131503730355
14182.0,1275623.77541502,230373.347807944,3.0,41263.47432805555,10.627732988801311
14183.0,1260172.6741512,241702.685675547,3.0,1819947.3644027312,14.414318137976927
14184.0,1258591.39907758,205192.168454155,2.0,51984.3532806721,10.85869805383593
14185.0,1258421.74026141,205199.12551017097,3.0,95634.3347811389,11.468287184990738
14186.0,1293193.85120901,186329.492594838,3.0,56187.15147963984,10.936443388385214
14187.0,1293186.79412101,186071.631282583,4.0,103934.2674261644,11.551513934320322
14188.0,1257801.94691677,216865.032914117,3.0,377609.9948046656,12.841617182195193
14189.0,1275940.70264734,227893.78153340504,3.0,138481.7042508599,11.838493496611884
14190.0,1259928.05648695,260115.764990404,4.0,477052.9072401197,13.075382680365635
14191.0,1271395.4312187,228254.205341771,3.0,276441.0709139618,12.529752952145019
14192.0,1268397.97163162,234699.65181237497,3.0,39793.557738741,10.591460312310058
14194.0,1284309.61107191,250512.146420568,4.0,143943.19717574224,11.87717403667938
14195.0,1284308.67475192,251173.375093251,3.0,42784.94082491076,10.663941469770931
14196.0,1260594.73168764,284108.088086963,1.0,0.0,
14197.0,1261433.9977365,285719.271512613,1.0,0.0,
14198.0,1260782.28938383,285737.315800637,4.0,1429814.9708200477,14.173055602829416
14199.0,1271919.63621123,176656.423080936,3.0,62359.63920549864,11.040673537483048
14200.0,1278151.05349761,174158.796838388,1.0,0.0,
14201.0,1285125.05568075,186284.824050799,2.0,46592.0,10.749184131556358
14202.0,1259768.58506279,205813.1786948,3.0,85243.37053243596,11.353265627106493
14204.0,1274044.40587741,202704.407043606,3.0,28708.96240098476,10.264964631778799
14205.0,1282514.44307008,235297.260196984,1.0,0.0,
14206.0,1268613.45713584,258845.803325102,3.0,483391.3992560574,13.088581954904692
14207.0,1281511.22297305,251227.5967253,4.0,184370.3998433489,12.12470205576279
14208.0,1279754.69337125,198123.367358923,3.0,48838.19949411238,10.796268062150181
14209.0,1278221.99429768,233231.080226868,3.0,59537.97086198408,10.994369553740183
14210.0,1277116.60677655,214580.80980777703,3.0,81568.03775448601,11.309192770034773
14211.0,1274533.18379791,247409.301233396,3.0,38030.35350867504,10.546139896400403
14212.0,1266217.10135739,228314.644189835,4.0,66187.34369394786,11.100244540776446
14213.0,1266433.75934161,228552.982622087,4.0,84019.23310995268,11.338801017211503
14214.0,1274829.0909982,278403.312721133,1.0,0.0,
14215.0,1275056.71787845,278398.491857126,3.0,50272.91585601775,10.825221758903758
14216.0,1268429.68452765,273201.826763809,3.0,515468.1077807433,13.152830713950639
14217.0,1269093.11230433,273189.487179786,3.0,97611.55912404916,11.488751199036518
14218.0,1272135.72171545,282613.275477439,1.0,0.0,
14219.0,1264133.88305126,249664.581171706,4.0,997749.2293847618,13.81325725055765
14220.0,1277735.45458518,207560.736584589,2.0,34183.492246926304,10.439498123683425
14221.0,1283946.87263955,268311.284358799,1.0,0.0,
14222.0,1257981.36515696,217356.974866614,3.0,66204.40762571317,11.10050232015756
14223.0,1252004.81743884,210055.256843135,2.0,11820.642277130324,9.377602627650518
14224.0,1276998.45804043,255079.561785251,3.0,864990.5810475984,13.670473896892418
14225.0,1292091.73133588,188980.491573557,3.0,140430.9993748987,11.85247153947111
14226.0,1273755.75160511,279939.505554706,3.0,720970.6847012973,13.488353756218975
14227.0,1275511.86853491,271755.691530317,1.0,0.0,
14228.0,1264068.76509918,285594.579224497,3.0,154085.797699455,11.945264854176164
14229.0,1264076.1328432,286132.058777049,2.0,183357.73561920229,12.119194363060542
14230.0,1276809.75237624,226551.191068038,3.0,59188.183224471926,10.988477193253098
14231.0,1284154.72198376,251176.782901242,4.0,295028.666793988,12.594827806173557
14232.0,1279155.72210664,278534.283601269,3.0,924370.4878609244,13.736868231148932
14233.0,1265343.0712765,234356.645924032,3.0,51414.27610209365,10.847671158056125
14234.0,1265673.29137284,248023.953202024,3.0,83477.53041679031,11.332332777820998
14235.0,1251914.98364675,210040.57281112703,3.0,1249878.0661407076,14.038556557433024
14236.0,1260281.21392731,238335.577576101,1.0,0.0,
14237.0,1260114.23037514,238338.435880095,4.0,454825.84993096,13.02766987726212
14238.0,1270213.27249748,196081.659772828,2.0,54224.721399069625,10.900892197813175
14239.0,1280341.55276385,265195.911363602,3.0,58260.59207864147,10.972681193157314
14240.0,1280325.22437984,265795.675204217,4.0,134518.68890423654,11.809458419332106
14241.0,1280684.80108421,219065.18075636,4.0,63277.4143278096,11.055283740794598
14242.0,1258913.98538192,210468.723851562,4.0,2829875.433027766,14.855743252052699
14243.0,1280743.02534026,231180.383264765,2.0,3016.6750422382847,8.011910524454589
14245.0,1271571.32817887,223533.751576945,4.0,879168.3606840798,13.686731694940944
14246.0,1271848.69605115,223696.615705103,3.0,716206.5861829207,13.481723932514967
14248.0,1294466.97793032,184839.943793327,3.0,276377.45101059834,12.529522786544117
14249.0,1258480.60534947,217246.513490498,3.0,93182.0,11.442309848973883
14250.0,1262734.13520983,192469.693625137,4.0,58795.0638423778,10.981813182103984
14253.0,1255875.76899479,234812.04266049,3.0,133607.95617367962,11.802665090509722
14254.0,1268190.51140741,235665.717413366,1.0,0.0,
14255.0,1277894.16428135,221548.172822908,1.0,0.0,
14256.0,1278024.15020148,221546.175446913,4.0,1817905.1751686556,14.413195393486113
14257.0,1270271.92331354,223832.000281245,4.0,424965.3278178789,12.959762862973603
14258.0,1273932.19550928,245772.93111971,3.0,988560.9301721908,13.804005558714135
14259.0,1277406.27845685,244680.948782593,4.0,199042.83482738884,12.201275330932477
14260.0,1260060.57200709,187210.942003742,1.0,0.0,
14261.0,1278885.95199436,257889.514556125,4.0,1853698.927927039,14.4326936213748
14262.0,1264718.23953186,263601.587073967,1.0,0.0,
14263.0,1279526.28633101,222394.51695177,3.0,119606.2443800741,11.691960329671483
14264.0,1280566.42271608,280547.367187321,1.0,0.0,
14265.0,1283653.47097525,174663.538918898,1.0,0.0,
14266.0,1261728.04733679,199117.072063938,2.0,4164.242633815093,8.334289697445307
14267.0,1259214.63274223,198905.73779171697,3.0,846872.4421658781,13.649305362724908
14269.0,1288250.26989195,201500.987842381,1.0,0.0,
14270.0,1283021.4525426,205409.897734389,4.0,776757.957449082,13.562884071746215
14271.0,1283855.81113546,257740.201851964,3.0,2058180.239857064,14.537332771646692
14272.0,1279088.93516257,275755.333134413,4.0,453139.6802269653,13.023955701808548
14273.0,1263076.12599418,201784.80915467403,3.0,130394.6861166473,11.778321177005152
14274.0,1286542.0593942,175125.139687374,1.0,0.0,
14275.0,1274255.56523763,211075.719372183,1.0,0.0,
14276.0,1271556.53688286,213099.572302252,1.0,0.0,
14277.0,1279000.92780247,268474.565510958,3.0,48374.303507997945,10.786724032460949
14278.0,1254190.62966508,238547.247080311,1.0,0.0,
14279.0,1275180.25336657,216736.351761982,4.0,44299.397761437125,10.698726361390868
14280.0,1272834.44933216,249553.141107589,4.0,912275.1143249178,13.723696884010094
14281.0,1262523.19402561,201311.684802189,3.0,28896.800343439067,10.271486153211297
14282.0,1262075.46231315,233544.8164832,3.0,75981.50632027042,11.238245251765822
14283.0,1257500.05251646,206548.455495551,4.0,1738225.3526819143,14.368375238474522
14284.0,1271707.84235501,235855.577317566,3.0,89713.31891667185,11.404374519930432
14286.0,1281692.66649324,212475.967245623,1.0,0.0,
14287.0,1260523.92637555,260365.361278653,1.0,0.0,
14288.0,1284232.71033584,170375.011426508,3.0,93181.99999999996,11.442309848973883
14289.0,1284246.72639985,170982.965219125,3.0,193166.9212338914,12.171309970956079
14290.0,1284769.08620839,183586.24452804,3.0,66713.57310264462,11.108163705993732
14291.0,1284812.78003243,183511.995311961,3.0,11735.254378373284,9.370352784946075
14292.0,1264048.80516317,245546.931247488,3.0,81560.09360897318,11.309095372419135
14293.0,1273046.31109238,279964.26862672,1.0,0.0,
14294.0,1265274.90110043,190439.109751046,3.0,216228.98103569468,12.284093222547341
14295.0,1271695.904691,254137.192952275,3.0,4619.043981141024,8.437943032173761
14296.0,1259105.15754211,194547.934523255,4.0,1682787.7477356086,14.335962349792277
14297.0,1272415.84350774,222745.30332014,1.0,0.0,
14298.0,1255175.84387408,200162.873089015,4.0,446383.5377485649,13.008933811565841
14299.0,1254947.34793785,200170.410177022,4.0,167925.42470762756,12.031275259282545
14300.0,1265543.4671807,252681.587958783,4.0,1650638.9630096836,14.316673021223615
14301.0,1262897.024298,252330.254006431,3.0,1382275.7127834917,14.13924176614942
14302.0,1254865.40982577,249398.502323434,4.0,89575.83319577796,11.402840843785244
14303.0,1254195.47939308,249415.98885144305,3.0,126271.02621697896,11.746185877563548
14304.0,1286155.6300178,206937.075783953,4.0,110665.3470987894,11.614266035353307
14305.0,1282201.13170975,198681.577471495,3.0,115774.11073783612,11.65939625036792
14306.0,1273504.46174885,231570.988129169,3.0,6397.867923150149,8.763720076837513
14307.0,1255670.77661058,242488.76183635,3.0,7887.4755664047825,8.973031409082994
14308.0,1260118.16669515,287238.532250181,3.0,24881.985714285696,10.121899355335765
14309.0,1259452.33859846,287256.910874188,3.0,139650.2412698412,11.846896299047026
14310.0,1282230.15033379,196445.462525204,1.0,0.0,
14311.0,1271684.97752298,177849.461994156,3.0,307900.6006989686,12.637532284865442
14312.0,1267188.17681438,237392.876391128,1.0,0.0,
14314.0,1259174.75159018,251541.645365626,3.0,73714.22168871349,11.207951026844045
14316.0,1251237.04796605,238968.575656742,1.0,0.0,
14317.0,1283626.73779121,203310.361860231,3.0,1400.0247962811864,7.24424522707592
14318.0,1274863.22674224,226597.731292084,4.0,157921.687824052,11.969854542452468
14319.0,1270435.07422571,282834.172949672,3.0,116020.87802162794,11.661525436838582
14320.0,1274620.61342999,190620.258295238,3.0,12422.778955401622,9.427287078881555
14321.0,1274856.26322223,190195.841526806,3.0,70861.54944709585,11.16848324449561
14322.0,1254846.03612974,247814.105905801,4.0,141721.43375046513,11.861618675711082
14323.0,1254150.24848104,247822.930673808,4.0,249577.5391837692,12.4275249241838
14324.0,1283055.02892663,233081.859106719,3.0,165198.7914026674,12.01490482407777
14325.0,1272777.23947611,231691.58499330297,3.0,7488.122202164371,8.921073337757752
14326.0,1270107.11518538,228693.592286229,4.0,206808.70055926256,12.239549493068255
14327.0,1270265.39736153,228867.555870399,3.0,5883.859694636966,8.679968236201976
14328.0,1259874.24266289,198498.907583311,4.0,506773.8238820951,13.135820076296675
14329.0,1274041.01810139,206209.229127198,4.0,553885.7984683117,13.224713804530765
14330.0,1262703.14378579,205077.059782043,4.0,391527.2259788479,12.877810334725146
14331.0,1285447.03206508,257042.471611261,1.0,0.0,
14332.0,1267550.72497475,236764.093542486,2.0,45969.45886153242,10.735732517174156
14333.0,1267455.50276665,237333.70461507104,3.0,2652591.996768617,14.791047831910724
14334.0,1278781.60441026,206720.349511728,3.0,40164.30075903743,10.600733839245303
14335.0,1276715.53836013,248601.728306606,1.0,0.0,
14337.0,1264086.9654832,287038.689177975,3.0,55239.3316374496,10.919430508200387
14338.0,1269595.49912085,273552.092812166,2.0,0.0,
14339.0,1280961.09151649,167971.65398404,1.0,0.0,
14340.0,1257486.53315645,285394.839128286,4.0,155000.0074119005,11.951180443720096
14341.0,1264454.16817158,267901.304518372,3.0,204801.5892931908,12.229796932338038
14342.0,1271571.00664288,255575.244857758,1.0,0.0,
14343.0,1271762.54168306,210782.693707883,3.0,40496.45540701442,10.608969728450003
14344.0,1260035.08419906,203813.530820742,4.0,1098120.383350525,13.909110533794479
14345.0,1267334.08369453,280851.242899641,1.0,0.0,
14346.0,1260434.23888747,203802.40979673,4.0,440153.3593448518,12.99487848913268
14347.0,1273171.73278852,242310.812396169,1.0,0.0,
14348.0,1277660.93637711,251646.026037723,1.0,0.0,
14349.0,1272441.72638777,282872.164693698,3.0,179704.43031308416,12.099068726408115
14350.0,1265932.2413251,187790.708212346,4.0,94546.84331324205,11.456850687101364
14351.0,1271786.0410111,275371.006798029,1.0,0.0,
14352.0,1262701.01648979,244685.3880786,4.0,120657.2558100441,11.700709208573883
14354.0,1274852.49349423,251374.763125449,4.0,151136.95582071753,11.925941696918366
14355.0,1258174.13315715,217880.220883146,3.0,48118.53521037413,10.781422729275633
14356.0,1264071.36349919,211690.786380813,3.0,94033.02001503792,11.45140127632463
14357.0,1265617.97918078,256935.247099146,4.0,140687.2544774152,11.854294652484812
14358.0,1257611.55062857,211512.388108626,4.0,359263.59099783376,12.791811634813243
14359.0,1279204.67116269,221590.115350947,4.0,2342011.849254017,14.666520882586445
14360.0,1270317.69745758,202237.676355138,1.0,0.0,
14361.0,1257441.1506924,215860.618961081,4.0,978756.3828474456,13.794038047693672
14362.0,1284154.43225576,251406.72926949,3.0,226655.18790156124,12.33118514559109
14363.0,1251406.02467023,238545.53648831,2.0,3767.8480207733273,8.23425930069314
14364.0,1264633.17405976,171990.396964163,3.0,345227.03593007417,12.751957554736624
14365.0,1264630.14225176,171675.435299844,1.0,0.0,
14367.0,1281856.6307814,222118.148439497,3.0,46736.514285714286,10.752281028626253
14368.0,1281932.69919749,222116.097239494,3.0,97849.35384127004,11.491184369238495
14369.0,1278666.57810614,260211.063998505,1.0,0.0,
14370.0,1277245.48248868,180243.572396606,3.0,65353.37014651795,11.087564288442124
14371.0,1266671.68209386,242754.553644627,3.0,254140.6536909533,12.445643147423917
14372.0,1280899.86623642,278676.472657412,3.0,103351.69295376811,11.545892945757252
14373.0,1286161.52371381,207364.933192387,5.0,223110.11578641023,12.315420721330899
14376.0,1274633.64914201,244220.929646119,3.0,845969.6067401834,13.648238712103986
14377.0,1272715.10475604,209477.949962541,3.0,27746.11741259503,10.230851196326197
14378.0,1270485.44811375,222787.619160175,4.0,118188.37504189396,11.680035029218093
14379.0,1250761.58044556,239468.483113259,3.0,254420.5770731904,12.446743991898773
14380.0,1255167.85245007,196058.318332806,3.0,815847.2405890458,13.611982411260687
14381.0,1270492.15544176,223093.639256492,3.0,127321.71620115184,11.754472360736159
14382.0,1268432.89380766,276090.480398759,3.0,1746332.8408369208,14.373028627704793
14383.0,1264649.32266778,174277.311974511,4.0,81667.77104835644,11.310414723808417
14384.0,1270772.43736206,175892.480040163,3.0,590045.3753790791,13.287954720346846
14385.0,1294498.43226635,185865.719602376,3.0,198612.7372271919,12.199112163618173
14386.0,1285681.95936131,204622.988485575,4.0,576511.6082753994,13.264750754265458
14388.0,1262951.09111404,200414.17478527097,3.0,232368.13936055463,12.356078200588138
14389.0,1283075.78643066,208256.279497296,3.0,507844.10865983646,13.137929806748694
14390.0,1261333.56976838,242201.941228062,4.0,143673.80672327869,11.875300777952754
14391.0,1261336.5654804,242393.718124256,1.0,0.0,
14392.0,1255341.23920225,245355.168879285,1.0,0.0,
14395.0,1284365.42035197,206193.908295184,2.0,21739.30335031589,9.986877115558077
14396.0,1274061.75890142,207040.566984057,4.0,119764.27522597264,11.693280716736005
14397.0,1255738.77712266,193077.509625748,3.0,96714.5530476332,11.479519166991013
14398.0,1255883.46813081,192929.75928960703,3.0,64742.698572713896,11.078176209847749
14399.0,1274342.20421371,207865.590600893,4.0,210199.7973077279,12.255813773141591
14400.0,1284718.53612834,255086.860025257,1.0,0.0,
14401.0,1280349.61637986,213342.888718501,3.0,61533.97447361769,11.027344731726402
14402.0,1258787.22576578,217850.003731117,2.0,93180.0,11.442288385370787
14403.0,1258662.20406966,217858.516499132,3.0,186350.0,12.135381904907405
14404.0,1278417.48837788,255912.758010104,1.0,0.0,
14405.0,1271842.86699516,218144.263635427,1.0,0.0,
14406.0,1282367.11231793,169177.08105728,4.0,1221007.276577858,14.01518671259831
14407.0,1282530.7678701,168548.08694464,4.0,604914.3999999998,13.312842239399357
14408.0,1275530.00792693,271513.413450077,1.0,0.0,
14409.0,1282501.69017406,173793.235878006,1.0,0.0,
14410.0,1274307.01758967,206481.383431479,3.0,143158.25040900055,11.87170594357729
14411.0,1274965.01202235,206466.475975469,4.0,221148.70700378937,12.306590636586138
14412.0,1262344.24260142,261540.046271861,1.0,0.0,
14413.0,1279367.71250686,222399.389335781,2.0,46591.99999999999,10.749184131556358
14414.0,1254023.2641609,239213.315688998,4.0,185187.4955989859,12.129124080550742
14415.0,1259208.03856622,198641.510655448,3.0,530873.3184866335,13.182278700173086
14416.0,1268289.85739151,258523.220924765,3.0,73981.67638470499,11.211572725101393
14417.0,1261675.25674474,257687.896507919,4.0,1113090.3162079367,13.92265077360333
14419.0,1289198.73421292,185342.811185837,2.0,2617.123576652836,7.869831122146209
14422.0,1281035.46182056,197339.790782124,4.0,352219.6664078589,12.772010312235627
14423.0,1274125.79550949,213315.881230474,2.0,53350.03349779375,10.884629884617121
14424.0,1271632.33265893,261419.46156773003,3.0,796421.0477340099,13.587883279419144
14425.0,1267403.3099346,287205.244314134,2.0,46131.8,10.739257795951016
14426.0,1268079.4152153,287193.338458136,3.0,227125.49565610525,12.333257988001453
14427.0,1260123.12336715,285270.834776163,1.0,0.0,
14428.0,1273104.70565245,282259.738069072,1.0,0.0,
14429.0,1280181.82636368,219834.134293154,5.0,452022.0090658919,13.021486150252576
14430.0,1280325.77983584,219828.575573146,3.0,157686.49765181766,11.968364148815086
14431.0,1285457.49984109,199430.364416257,4.0,204498.3279900165,12.22831507834363
14432.0,1276441.25874385,249998.777012035,4.0,102494.94549635962,11.537568764114074
14433.0,1258614.0981496,216200.255377427,1.0,0.0,
14434.0,1289190.80013292,185084.638129577,3.0,43336.62383887332,10.676753372629944
14435.0,1266218.9504454,169947.273122072,1.0,0.0,
14436.0,1275929.34373534,218736.040980026,1.0,0.0,
14437.0,1276602.96703203,259283.209597543,1.0,0.0,
14438.0,1281267.98790081,225635.572507098,4.0,190012.29451219717,12.154844057008086
14439.0,1260106.76778314,194526.534651235,4.0,682666.6161666947,13.433761902498855
14440.0,1275429.05074282,261972.448320299,3.0,2265099.552679596,14.633129268551306
14441.0,1286244.8772499,255540.455609724,1.0,0.0,
14442.0,1261383.97450444,259688.381693959,4.0,908474.8019842068,13.719522430588045
14443.0,1283465.30406305,247229.255665213,3.0,112264.78515657395,11.628615513247585
14444.0,1283245.96723083,261095.278143406,1.0,0.0,
14445.0,1270996.24568228,244849.905134767,4.0,418643.5328830845,12.944775079963005
14446.0,1284186.2353278,195901.693308651,1.0,0.0,
14448.0,1269114.76420836,281047.258899838,3.0,46633.66666666666,10.750078019922746
14449.0,1269915.62513718,169497.493473604,1.0,0.0,
14450.0,1255457.32265837,236151.58787787,4.0,43846.88523015145,10.68845896289774
14451.0,1259523.30730253,215486.26798470304,3.0,2762724.347608364,14.831727833314577
14452.0,1285425.44742505,199662.438400492,4.0,162847.9079895394,12.000571964380168
14453.0,1286011.57587366,199655.133312494,2.0,5161.388319757739,8.54896087650363
14454.0,1257082.39914003,254395.770552546,4.0,2425077.2354685063,14.701373931524264
14455.0,1270503.98616178,227231.798300728,4.0,1236182.092312238,14.027538230025892
14456.0,1270781.20670606,227395.678556889,4.0,836853.4815247722,13.637404282206504
14459.0,1283770.29785536,277379.734416083,1.0,0.0,
14460.0,1272310.08913963,262549.121664897,3.0,1302372.1700216036,14.079697905775454
14462.0,1264224.66634735,252700.538358808,4.0,2738499.6271435563,14.822920747052374
14463.0,1259686.85847071,203194.452356115,3.0,2021497.982824012,14.519349370201477
14464.0,1279658.13580315,232008.937697619,4.0,29978.16470327429,10.308224552413627
14466.0,1287172.59027486,246205.594032153,1.0,0.0,
14468.0,1282589.81958215,191175.070199803,3.0,155256.23986927353,11.95283219138271
14469.0,1282764.32710233,191169.657463804,3.0,93182.0,11.442309848973883
14470.0,1263994.03396311,243148.146029025,3.0,87861.4736475842,11.383516690068193
14471.0,1259621.33239064,212453.483981594,3.0,130368.8220255232,11.778122804990653
14472.0,1289968.87142971,187552.943284094,2.0,44854.9103811615,10.711188346023748
14473.0,1261600.16900066,254347.7821365,4.0,1611930.7217860816,14.29294322456569
14474.0,1254881.39760178,235608.821221307,2.0,288.1040449630445,5.663321682127445
14475.0,1282516.00966208,256718.887290925,1.0,0.0,
14476.0,1270834.46117012,277101.518415794,1.0,0.0,
14477.0,1273318.69048466,180431.69111681,4.0,176498.17473884806,12.081065813879059
14478.0,1269490.31332874,174582.108966812,1.0,0.0,
14480.0,1275451.21183084,283677.928150535,3.0,174948.11709002813,12.072244735177346
14481.0,1263638.88407475,172627.995428815,3.0,52179.187528801005,10.862438988021413
14482.0,1255933.60253087,236926.121766657,3.0,197664.4678312112,12.194326265293109
14483.0,1286775.77907445,249791.212467834,3.0,625986.3748868603,13.347083884488914
14484.0,1271824.45361914,201857.51833874,1.0,0.0,
14485.0,1272770.4664841,210773.82497187,4.0,80707.79825369199,11.298590482224997
14486.0,1272945.02520429,210772.38797988,1.0,0.0,
14487.0,1288695.53472441,188630.371573195,3.0,82750.1693955513,11.323581340313362
14488.0,1275182.96856657,227950.398237467,4.0,258436.07875638275,12.462403664814317
14490.0,1291388.87648717,181360.78833375903,3.0,103457.8872742115,11.546919922647392
14492.0,1257626.64643659,286544.835161462,1.0,0.0,
14493.0,1257287.16643624,286553.036953479,3.0,326071.99999999994,12.694873494858815
14494.0,1256635.62473957,201392.343426272,3.0,140762.85115145074,11.854831846639952
14495.0,1255946.95421088,201414.094658285,4.0,82893.86674697846,11.325316354634685
14496.0,1263762.47697088,286673.736793593,1.0,0.0,
14497.0,1267328.03383853,243593.992237478,4.0,464776.3014505057,13.049311496667713
14498.0,1267187.12631838,176439.437288716,2.0,1.0,0.0
14499.0,1280234.85970774,210629.802635729,4.0,77428.56271077415,11.257111018774985
14500.0,1272881.81406821,254357.730552509,2.0,49575.855359306544,10.811259207082955
14501.0,1273207.64082055,254345.941880494,4.0,529045.0798443422,13.178828924306721
14502.0,1268617.91377585,244637.811694548,4.0,420191.6363393408,12.948466163195285
14503.0,1273526.20517288,225352.442138806,4.0,405152.05505879386,12.912017720216607
14504.0,1285533.38259317,168982.844897076,1.0,0.0,
14505.0,1262675.26852176,280701.110291481,3.0,232632.24525962136,12.35721413912153
14506.0,1262179.94538526,280713.088979498,1.0,0.0,
14507.0,1283692.34099129,176284.727592558,3.0,465094.1245845766,13.049995082547095
14508.0,1293853.45159368,186296.200050816,4.0,631263.8145336619,13.355479143742008
14509.0,1270092.07819335,277123.095823824,1.0,0.0,
14510.0,1257030.83856398,285186.001304075,3.0,93182.0,11.442309848973883
14511.0,1256948.47325189,285804.8054647,1.0,0.0,
14513.0,1278067.35090552,228561.094814092,3.0,132830.57795896663,11.796829745234803
14514.0,1282053.33804561,228942.341790482,3.0,11630.702128256293,9.361403615853437
14515.0,1257708.20957267,192551.503161222,1.0,0.0,
14516.0,1257725.2620527,259101.195837364,3.0,25481.87702286227,10.145722773490213
14517.0,1273894.70571725,227961.786013469,3.0,180165.915048092,12.101633455588614
14518.0,1258126.34160511,287630.218202576,2.0,93179.99999999996,11.442288385370787
14519.0,1264063.35402718,285263.506392151,2.0,35060.694098944354,10.464835955739165
14520.0,1277511.39698495,279540.884626299,3.0,46723.0,10.751991827769352
14521.0,1278687.75097016,249593.901555628,1.0,0.0,
14522.0,1259147.25424615,195863.43154861,3.0,101192.93435786763,11.524784214799924
14523.0,1274375.46360575,216755.779858008,3.0,13549.846500997564,9.514130497904018
14524.0,1259182.28861418,197580.321854368,3.0,278982.6119314435,12.538904736034988
14525.0,1287038.07808271,252759.195702866,1.0,0.0,
14526.0,1278982.87762646,271071.503945619,1.0,0.0,
14527.0,1268555.49988778,213159.701774314,3.0,91048.47012753968,11.419147282461484
14528.0,1268659.85630389,213157.11745432,4.0,118288.77129000735,11.68088412821732
14529.0,1274183.55358955,215569.638224781,1.0,0.0,
14530.0,1257719.39293268,258830.443069085,4.0,729979.0972965612,13.50077117887429
14531.0,1265013.90430015,233361.130211011,3.0,87747.12847368895,11.382214416846107
14532.0,1271115.30872241,282573.850005403,3.0,294925.19374405686,12.594477022636358
14533.0,1267471.30686267,241768.559915617,3.0,46798.137539988864,10.753598684959766
14534.0,1266862.88452604,286316.688985229,1.0,0.0,
14535.0,1290335.39693409,249111.333619133,1.0,0.0,
14536.0,1271928.52952324,197097.178749874,1.0,0.0,
14538.0,1279942.14572345,255739.463353917,2.0,67728.53257905823,11.123262826228757
14540.0,1254602.6320975,209940.50381901895,3.0,1101129.2527374483,13.911846804579639
14541.0,1278852.74962632,180058.622956425,4.0,858995.3409947081,13.663518777196979
14542.0,1289733.66880547,181407.694381803,2.0,93180.0,11.442288385370787
14543.0,1289912.25606966,181404.06282980705,3.0,574110.177682842,13.260576604064852
14544.0,1275376.18245476,252117.03032621703,3.0,16059.687335729845,9.684067518801266
14545.0,1284596.98092821,201534.305090412,1.0,0.0,
14546.0,1275578.48351097,214569.599503756,4.0,37369.63639418672,10.528613792546905
14547.0,1273583.35627693,242795.678892672,3.0,768924.8736530918,13.552748550156407
14548.0,1282355.12287791,232220.538657844,3.0,47675.11266721672,10.772164793700577
14549.0,1257176.12502813,217392.863890648,4.0,505565.7932139764,13.13343346369924
14550.0,1265294.27972445,233126.11689876,3.0,42907.502903942914,10.666801982489936
14551.0,1256134.36688307,244886.368302807,4.0,450689.5089098104,13.018533931083235
14552.0,1284761.99833637,244552.762670472,3.0,1055492.6709386848,13.869518202559702
14553.0,1261319.47466438,279872.308818638,3.0,90045.81828838417,11.408073911862145
14554.0,1261196.10154425,279987.669458747,3.0,784726.0871646954,13.57309000232491
14555.0,1265823.47486098,233866.177379519,3.0,62223.20656140164,11.038483304986794
14556.0,1275527.01055092,227079.02991657,4.0,490894.4765981781,13.1039844684004
14557.0,1282059.28454161,192961.417657629,3.0,119421.14015302212,11.69041151747646
14558.0,1277234.13343267,258417.969212666,2.0,53313.12982557467,10.88393791800856
14559.0,1272254.73790757,257422.207419649,4.0,2314216.381517801,14.654581692095112
14560.0,1273048.22648439,194965.435643688,4.0,93970.66989415966,11.450737990160466
14561.0,1278274.34917773,235296.160740986,3.0,53692.7737118063,10.891033703691555
14562.0,1282374.15500593,197645.393534437,2.0,10010.441258109391,9.211383953066905
14563.0,1275063.01176645,276565.363663241,4.0,744741.3292341334,13.520792227988967
14564.0,1265911.38935708,196403.63289316,3.0,120349.26706240332,11.698153353142017
14565.0,1286009.32192166,206938.414023951,2.0,128827.61187091858,11.76623044755654
14566.0,1286324.93254597,188565.085941136,1.0,0.0,
14567.0,1276554.50520797,254637.54431279,4.0,2425659.858885606,14.701614152096342
14568.0,1267480.86750269,243590.42730948297,3.0,187747.82835385896,12.142855002868988
14569.0,1269206.95032045,247586.153265566,3.0,1915376.6165424355,14.465424827862336
14570.0,1269446.9373927,247579.804849565,3.0,744558.0283124053,13.520546070731562
14571.0,1282698.64415827,206116.964231104,1.0,0.0,
14572.0,1273388.99806874,224254.203545675,4.0,212440.2793338888,12.26641618941915
14573.0,1275094.53631048,281907.490132719,4.0,260596.37212215608,12.47072802232562
14574.0,1281972.52454153,226032.620571494,2.0,1305.8691303095118,7.17462409831423
14575.0,1253005.32623985,212010.129613146,5.0,697015.7262508806,13.4545632522584
14576.0,1261009.20951205,238322.951976091,3.0,20777.28033421876,9.941615377080055
14577.0,1250558.64054136,239019.1057688,1.0,0.0,
14578.0,1279688.33753118,216627.466833875,4.0,113195.5865961196,11.636872456324392
14579.0,1261583.29629664,238261.348392025,3.0,54828.10655555927,10.911958234800892
14580.0,1277368.48588081,220843.808406189,2.0,96.52460248446226,4.569797923876731
14581.0,1272900.10008423,256071.962042257,2.0,2240.478860329441,7.714444898934839
14582.0,1250999.9743018,212331.16238147,4.0,2152950.0893560527,14.582349594171642
14583.0,1270298.01643357,230920.089120507,4.0,302293.8267656429,12.619154759671323
14584.0,1276380.2444078,277180.537295878,4.0,288967.7076760327,12.574070222706181
14587.0,1270706.69636999,272255.231882825,1.0,0.0,
14589.0,1282019.00774157,173690.235429898,3.0,145070.16681429883,11.884972813420609
14590.0,1281797.99474934,173099.430181295,3.0,515049.8132954784,13.152018899813916
14591.0,1262677.90730576,280867.107667655,2.0,270708.2505962802,12.508796953882957
14592.0,1267538.70731074,279773.306706533,1.0,0.0,
14593.0,1267518.30116673,280086.44027485,3.0,113217.5136773072,11.637066147248015
14594.0,1285952.9496336,178865.330411196,1.0,0.0,
14595.0,1273763.15154111,196498.884989262,4.0,230230.42924670625,12.34683595266228
14596.0,1263351.28458646,250330.707828388,3.0,83028.54630740611,11.326939759062416
14597.0,1260083.5364871,193868.314170569,4.0,581077.1546774554,13.272638823364133
14598.0,1281202.90866874,213854.615695029,3.0,295567.3048668634,12.596651855940458
14599.0,1280827.83455636,209156.217610225,1.0,0.0,
14600.0,1291367.21773514,182836.655151263,3.0,99325.10103723589,11.506153597921003
14601.0,1251895.73366272,237533.529959276,4.0,876242.9968143443,13.683398725075712
14602.0,1251802.26307063,237507.798055246,3.0,39851.74174758436,10.592921390856295
14603.0,1282341.57631791,211208.966156319,4.0,55699.8637255255,10.927732979332948
14604.0,1285540.77958518,197976.339710772,4.0,569263.7536834276,13.252099144694151
14605.0,1275675.20351107,205855.030982837,3.0,287901.90197730245,12.570375082960183
14606.0,1262956.85751405,255124.097465292,4.0,424348.0435396298,12.958309254899696
14607.0,1286338.52006599,204796.438277751,3.0,37749.273610615695,10.538721512389143
14608.0,1258024.442533,285376.180056274,4.0,240199.1982910728,12.38922385094998
14609.0,1270127.09156939,279853.409874618,1.0,0.0,
14610.0,1281892.20153344,205257.394758224,1.0,0.0,
14611.0,1282341.0901099,205245.891462222,3.0,54810.10580444205,10.911629868424033
14612.0,1272001.14622732,268703.886599198,4.0,1503679.7599177316,14.223425835233437
14613.0,1273790.36178115,232189.67318581,4.0,191646.94417818365,12.163410125876904
14614.0,1257422.23606838,257102.24901931,2.0,46592.0,10.749184131556358
14615.0,1263867.59453899,237929.418279678,3.0,271701.03690506046,12.512457611767335
14616.0,1280301.17125981,201086.227201954,3.0,8962.145944235352,9.10076497999762
14617.0,1265357.70839651,186459.523186982,3.0,241486.7761441476,12.394569993408446
14618.0,1267256.88734245,189496.261878088,1.0,0.0,
14620.0,1271893.8882432,254985.489529148,1.0,0.0,
14621.0,1281543.91186908,195298.71353203096,3.0,343170.6034814113,12.745982988735722
14622.0,1269226.30001648,240444.30730626,3.0,38929.36063085256,10.569504016910747
14623.0,1268163.15716739,236236.536485955,4.0,267818.9535147815,12.498066484621946
14624.0,1292536.24589634,185151.638001636,3.0,2864.105968701179,7.960011527640869
14625.0,1260828.24925587,282237.452373058,1.0,0.0,
14626.0,1262802.69284189,277114.857999802,3.0,139765.00000000003,11.847717719783347
14627.0,1262986.41917808,277174.103567868,3.0,1234402.4515611138,14.026097566063719
14628.0,1258297.65520528,259755.425854027,3.0,65971.47073823646,11.09697766601474
14629.0,1254485.87382537,206612.949127614,3.0,114786.53373020096,11.650829453985452
14630.0,1281436.31993297,244345.541294247,1.0,0.0,
14631.0,1274182.29406954,225336.064218789,4.0,507182.7684509145,13.136626707653647
14632.0,1275792.4581672,214884.18945609,4.0,278519.1365809723,12.537242049026446
14633.0,1268270.67364749,256871.582203075,4.0,261587.2680871767,12.47452322798926
14634.0,1274263.42610162,258358.910588607,3.0,368618.4358611982,12.817517338868349
14635.0,1255337.51088224,202530.505475432,1.0,0.0,
14636.0,1277296.78360873,175130.601959378,3.0,299807.8889095825,12.61089717821231
14637.0,1270591.02891387,170011.574818134,1.0,0.0,
14638.0,1270488.80836977,169948.408290073,2.0,46592.0,10.749184131556358
14643.0,1282984.28927857,266344.183620781,1.0,0.0,
14644.0,1281284.89631683,267754.347846225,3.0,267733.9029729975,12.497748866887417
14645.0,1265888.18103705,242773.64254064896,2.0,1852.5111566863984,7.524297379654886
14646.0,1254208.8340171,239210.061096996,1.0,0.0,
14647.0,1272782.60491611,236915.02890265,4.0,230718.60493246795,12.348954086477864
14648.0,1268382.13310361,233966.854691625,3.0,76570.13067427893,11.245962340704628
14649.0,1256001.34320293,203315.097412243,4.0,367031.8243058773,12.813203838007114
14650.0,1255983.29865891,202864.615363777,1.0,0.0,
14651.0,1253855.24220873,208326.876425371,1.0,0.0,
14652.0,1280988.57439652,221368.125270724,1.0,0.0,
14653.0,1261280.08695233,239735.921577528,3.0,169058.4689003089,12.037999903895765
14654.0,1262090.76906517,206262.811335251,3.0,273781.7492842904,12.520086532508484
14655.0,1261907.84093697,206267.95930326,1.0,0.0,
14656.0,1280385.52146789,197356.958078131,2.0,13060.932487342086,9.477380800537448
14657.0,1265975.46698914,259013.780989274,3.0,31606.25892780974,10.36111044729801
14658.0,1283509.4433911,196519.311165273,3.0,180896.87302871677,12.105682385599476
14659.0,1273209.87870856,217144.6806584,3.0,187450.10892766123,12.141268003266376
14660.0,1273395.14341274,217139.802386388,1.0,0.0,
14661.0,1276426.31352784,224602.147034034,4.0,1420289.3153121965,14.166371152002224
14662.0,1276965.08146439,264575.85581097,4.0,314743.8920122736,12.659514545879611
14663.0,1277373.85759282,221413.113046765,2.0,526506.3035082433,13.174018582959794
14664.0,1254928.20297784,252820.913142934,4.0,881272.9814032287,13.689122710956646
14665.0,1255756.03433868,201635.268098518,3.0,48418.61602494239,10.78763964736861
14666.0,1255656.33737858,201495.933122382,2.0,4640.230089212802,8.442519232183262
14667.0,1267991.08305521,243578.36958146104,3.0,65982.36902721145,11.097142849370057
14668.0,1278978.87276246,252227.31192632,3.0,296917.99784293346,12.601211278122845
14669.0,1289698.63802144,180468.991212845,3.0,207058.07055501448,12.240754566987373
14670.0,1282200.86924575,184932.375025421,1.0,0.0,
14671.0,1279510.670523,180342.20049271,1.0,0.0,
14672.0,1279510.669563,180058.302764416,4.0,999652.8735227032,13.815163371224635
14673.0,1258855.84733385,255927.18149811,1.0,0.0,
14674.0,1266068.24106924,284748.46018362,4.0,685554.327914047,13.437983027818694
14675.0,1266069.00055724,285152.838936046,2.0,139763.99999999997,11.847710564890653
14676.0,1262326.30500141,241718.086891562,3.0,142809.05540833913,11.86926374010075
14677.0,1262395.61424948,241834.101419687,1.0,0.0,
14678.0,1256842.67881979,196653.293181419,3.0,38864.915269039935,10.567847201526602
14679.0,1260222.90333526,199155.855423972,4.0,200575.79511460377,12.208947484790013
14680.0,1271293.41797058,215844.290577069,3.0,68225.63202711374,11.130575609397518
14681.0,1274937.41330232,259664.156349942,4.0,149028.5829883113,11.911893398666482
14682.0,1280307.80741982,248599.273266613,3.0,55067.79362670945,10.916320316567571
14685.0,1269725.29412898,257493.97759571704,3.0,100874.32524321324,11.5216307165111
14686.0,1269731.33611299,257996.435900226,2.0,29222.779312291663,10.282703797560695
14687.0,1265111.07076426,267536.805574,4.0,1721984.2125879456,14.358987795860392
14688.0,1278858.53932233,222620.544408008,4.0,1255615.1872921365,14.043136199522003
14689.0,1255937.60285087,253738.983479872,4.0,43694.31226316144,10.684973218451828
14690.0,1286954.56941062,174696.736998931,3.0,83107.55361076051,11.327890874555667
14691.0,1266538.94289371,280558.586323336,1.0,0.0,
14692.0,1259209.75907822,168705.463264793,3.0,116172.8462036922,11.662834414540457
14693.0,1259154.52067816,168200.406176284,2.0,46592.0,10.749184131556358
14694.0,1274210.51877357,226873.090012357,4.0,107397.03841153935,11.584287885365145
14695.0,1273573.17982893,228816.65667034703,6.0,423771.3169370896,12.956949241867779
14696.0,1273766.20466112,228815.097630352,3.0,315488.7744833476,12.661878380245941
14697.0,1273586.31365293,252607.441078708,1.0,0.0,
14698.0,1272970.1111563,266358.861444801,1.0,0.0,
14699.0,1253846.28387272,246451.727664411,1.0,0.0,
14700.0,1280753.91967627,217066.724754319,1.0,0.0,
14701.0,1270755.32817803,273808.526988417,1.0,0.0,
14702.0,1271088.58539438,273803.205452412,3.0,59850.54816303894,10.999605869892195
14703.0,1279207.65509869,222383.322071761,2.0,46592.0,10.749184131556358
14704.0,1254877.10531378,250079.440564126,3.0,759568.2956748296,13.54050551886441
14705.0,1267879.55275109,250893.160052955,3.0,473225.7674486999,13.067327863214771
14707.0,1255243.88342616,215921.653905153,3.0,105359.74735446992,11.565135938487844
14708.0,1280406.78885992,219076.633172378,4.0,437644.3899599988,12.989161964524785
14709.0,1279117.3478346,219399.285076708,4.0,594369.1956407318,13.295255946750588
14710.0,1275592.28466299,251679.409525767,1.0,0.0,
14711.0,1255472.43286639,196702.223869473,4.0,950682.8652017714,13.764935810835347
14712.0,1283082.48396666,254313.60076046,1.0,0.0,
14713.0,1270666.22628994,264467.630338863,1.0,0.0,
14714.0,1292435.13748024,186623.708595142,2.0,474852.7665479331,13.070760069805402
14715.0,1260824.61571987,196491.409981251,3.0,799761.9353210938,13.592069381515465
14716.0,1258870.88374987,198399.845119208,3.0,12809.361053219623,9.45793151489735
14717.0,1263719.68573883,250324.084788382,3.0,17284.62876629736,9.757572874907693
14718.0,1272095.8074114,200851.430145711,4.0,983021.1530929388,13.79838591781226
14719.0,1272174.77445149,200866.834305733,3.0,95734.80682644092,11.469337219010743
14722.0,1285192.74515282,185795.837874293,2.0,25642.304777346184,10.151998796906849
14723.0,1285251.54323289,185773.287346274,3.0,192897.0467642709,12.169911889104625
14724.0,1281476.28178902,218438.332307726,1.0,0.0,
14725.0,1267746.24983895,193006.560313687,3.0,191514.9369209766,12.162721084148373
14726.0,1267735.78692694,192341.048824996,3.0,1074049.5762890836,13.886946713403729
14727.0,1271058.23992234,227559.758557066,3.0,279228.05205992406,12.539784117817279
14728.0,1264209.58698733,177821.359722137,1.0,0.0,
14729.0,1266799.93681398,249489.330547526,4.0,106894.91237535252,11.57960150350783
14730.0,1291034.3942468,181012.023277402,1.0,0.0,
14731.0,1266801.97943799,192010.915320665,4.0,876671.8016750311,13.683887972892673
14732.0,1266330.3747655,270367.579464898,1.0,0.0,
14733.0,1268282.95351951,257928.794620156,3.0,126097.64579834856,11.74481185245557
14734.0,1284640.35680026,241914.293867767,4.0,93223.29523809522,11.44275291834826
14735.0,1284974.6871686,241905.971051753,1.0,0.0,
14737.0,1273185.62578052,242780.265196651,3.0,743036.8807161461,13.518500960040194
14738.0,1273205.26059654,243456.922669336,3.0,193370.2647634884,12.172362100250343
14740.0,1284585.0268802,242736.685228601,3.0,1076.0977643901842,6.981096595692976
14741.0,1277696.96357715,204111.415045053,3.0,2403540.282016947,14.692453325908161
14742.0,1277674.40095313,203622.019076556,3.0,2485371.575904039,14.725932733861516
14743.0,1273743.28939709,197023.319997802,2.0,4805.796996866007,8.477578175884119
14744.0,1272730.48626006,182784.627311215,3.0,46925.22177545236,10.756310587611946
14745.0,1280809.43762833,245459.161455393,4.0,354819.0414134913,12.77936319599747
14746.0,1256409.50153935,200251.745921105,3.0,513915.180113986,13.14981351158664
14747.0,1273216.72120456,221197.518038556,1.0,0.0,
14748.0,1252260.3992631,215847.38536107505,3.0,323147.63484099705,12.685864571589514
14749.0,1259441.45347846,283607.981782451,3.0,46637.99999999999,10.750170938458275
14750.0,1259107.5581181,283616.367574468,3.0,93117.21666666665,11.441614372770562
14751.0,1269644.0538089,189112.991989702,4.0,230696.1424646135,12.348856723019072
14752.0,1257852.22800483,220158.024405479,2.0,23186.319153578683,10.051317692061803
14753.0,1255148.46269006,217482.78203474,3.0,181665.8513736893,12.109924297115949
14756.0,1283552.39116713,255114.537785277,4.0,864348.4696574351,13.669731287836766
14757.0,1259940.71363896,205808.676742792,1.0,0.0,
14758.0,1277951.1707454,238264.993384033,4.0,2096439.993764897,14.555751223082165
14759.0,1258831.09904583,190902.597303525,1.0,0.0,
14761.0,1256301.58838724,202542.934595451,3.0,464172.7915369875,13.04801215744023
14762.0,1262544.79965763,237732.283175483,3.0,71407.91872891074,11.176164048745374
14763.0,1273832.03589319,234177.298147842,3.0,1332980.7971200545,14.102928193295682
14765.0,1249903.93679668,242621.577900484,2.0,0.0,
14766.0,1264118.25252324,248985.057586998,4.0,1074397.9730403302,13.887271037592521
14767.0,1275714.10987912,270578.047881112,3.0,93182.0,11.442309848973883
14768.0,1276376.64600779,270555.974089086,4.0,461494.2154616453,13.042224798635537
14769.0,1275209.1391266,235486.66038918504,3.0,584983.29807707,13.279338575510819
14770.0,1275232.53541462,236334.784998044,4.0,260799.2554819738,12.471506254283527
14771.0,1271088.26680237,274719.020237356,3.0,103422.21640846408,11.546575076860233
14772.0,1272661.75051598,276388.843343064,1.0,0.0,
14773.0,1273160.6110605,276396.259663075,2.0,46592.0,10.749184131556358
14774.0,1283700.0273273,254456.207736611,2.0,0.0,
14775.0,1282522.61990209,194153.727930859,2.0,425856.3437141821,12.961857347051398
14776.0,1282672.84761424,194149.756858855,3.0,470668.7452298815,13.061909824568259
14777.0,1255321.93872224,211923.080205053,4.0,497206.69948345085,13.116761112951588
14778.0,1272080.81400339,222140.45346351,4.0,145533.3037965414,11.88816023147434
14779.0,1286656.11558633,192910.915833578,3.0,638744.8470871568,13.367260353284978
14780.0,1255776.48374669,197711.037758499,1.0,0.0,
14781.0,1257922.07562089,255761.75141795,3.0,1633894.4415447025,14.306476951057503
14784.0,1275718.92946312,261964.139584288,3.0,2179568.727326194,14.594637583692293
14785.0,1274587.95794196,286188.850969106,3.0,23535.36571428571,10.066259492881102
14786.0,1274971.84632635,286174.565273091,2.0,0.0,
14787.0,1268767.104112,180496.878636867,4.0,99897.02541071337,11.511895188524806
14788.0,1268754.94603199,179840.104684204,4.0,250421.9880477689,12.430902726045227
14791.0,1262604.08688968,168346.327136427,1.0,0.0,
14792.0,1272414.96491574,272181.07911475,3.0,2456391.336880958,14.714203894676952
14793.0,1263732.84484285,244664.60657458,4.0,61464.156123630346,11.026209456626738
14794.0,1277661.14604111,215397.37512061,3.0,256580.59293744905,12.45519809672688
14795.0,1273003.17010033,233146.836002782,1.0,0.0,
14796.0,1266733.00778992,234946.031524628,1.0,0.0,
14797.0,1253821.03100869,212198.441229329,1.0,0.0,
14798.0,1253814.4738887,211979.212301105,3.0,157176.04441679997,11.965121758158721
14799.0,1291612.9281994,180875.835565254,1.0,0.0,
14800.0,1267786.562415,275437.231758088,3.0,2014076.1597833456,14.515671166731044
14801.0,1275999.92267941,243088.966060966,3.0,27999.1366603471,10.239928955122945
14802.0,1286463.14387412,195789.537980527,3.0,292150.32880758576,12.58502377345717
14803.0,1271783.83921909,247214.491889194,4.0,81851.79996759963,11.3126655736094
14804.0,1260204.27216724,187456.882420003,1.0,0.0,
14805.0,1265489.48996465,250292.299060345,4.0,140433.40235608254,11.852488650797211
14806.0,1279192.94578667,269795.660040319,3.0,37007.323298395095,10.518871099025052
14807.0,1282082.00364563,211547.033420667,4.0,270066.8818720452,12.506424917942502
14808.0,1285829.24947347,255686.248569861,1.0,0.0,
14809.0,1267389.67185459,177657.240937963,3.0,91569.3341490949,11.42485171457916
14810.0,1281052.96799658,275853.334542513,1.0,0.0,
14811.0,1264142.36074726,280673.430547446,1.0,0.0,
14812.0,1284303.54873592,170067.352546185,1.0,0.0,
14813.0,1284299.4864639,169758.720993876,3.0,131607.0641933322,11.787575975713313
14814.0,1273097.22078843,211596.422092721,1.0,0.0,
14815.0,1273109.57573245,211409.924748525,3.0,78364.43839529637,11.269125511537846
14816.0,1276568.64427999,179752.260012105,4.0,234716.94626614032,12.366135583178595
14817.0,1272621.14629194,178799.421419129,3.0,419200.0,12.94610341198897
14818.0,1254874.52988978,249929.453043967,3.0,2545822.855529694,14.749964478117858
14819.0,1273595.73323694,259041.161533296,3.0,172564.02975554837,12.05852363356939
14820.0,1280190.75909969,226087.442971557,3.0,53012.82311145179,10.878289108769257
14821.0,1278041.6479295,227905.935389414,4.0,288143.37078471325,12.57121345047389
14822.0,1276438.69247186,248787.671154797,1.0,0.0,
14823.0,1265609.59863676,256279.279866472,4.0,60515.44446345365,11.010653891828103
14824.0,1273818.69995718,233525.005859166,4.0,981565.7839831064,13.796904314378382
14825.0,1278241.48114571,233888.32829155,3.0,18268.18612993756,9.812916363104394
14827.0,1278814.36127429,200261.44998511704,3.0,383.774030149113,5.950053916221978
14828.0,1281806.16594936,221487.58011885,3.0,192531.8966222116,12.168017115722549
14829.0,1281897.92300545,221487.101462841,1.0,0.0,
14830.0,1269964.46424122,240004.668713808,4.0,175073.96157933283,12.072963801215726
14832.0,1284151.50444776,253815.693943948,3.0,181776.83023592707,12.110535006156482
14833.0,1284582.2299522,189042.142389625,1.0,0.0,
14834.0,1262262.11255334,172130.889124304,1.0,0.0,
14835.0,1266697.73354988,193039.247225717,1.0,0.0,
14836.0,1272394.93317172,227568.834013075,4.0,523207.3869670897,13.167733197846346
14837.0,1279325.03148282,267489.696453959,1.0,0.0,
14838.0,1271584.07979488,244834.173870757,4.0,480603.0023805417,13.082796849415516
14839.0,1278655.26873013,268484.513030976,4.0,405351.2871761071,12.91250934587919
14840.0,1270779.82123406,190285.706166893,3.0,598693.2731146072,13.30250468103039
14841.0,1267343.44030254,244434.410542339,3.0,104708.41690723614,11.558934784336506
14842.0,1253197.88688006,208192.251401231,1.0,0.0,
14843.0,1262086.09648916,233912.75344356903,3.0,108809.46788709034,11.59735363063892
14844.0,1264262.59505139,211994.573837131,3.0,328497.8868539486,12.702285684173628
14845.0,1284627.45196824,196797.31750156,1.0,0.0,
14847.0,1268269.26225549,187800.790516347,3.0,127174.28050773244,11.753313712177281
14848.0,1264589.52881172,179121.452267468,1.0,0.0,
14849.0,1275050.77035843,215451.926160663,3.0,65170.76122183503,11.084766199814217
14850.0,1274373.32517374,244082.944365978,4.0,1337069.493285107,14.105990831760327
14851.0,1274628.363702,244077.20420597505,3.0,921020.5568645736,13.733237635145327
14852.0,1276339.76287176,244702.803054616,3.0,25834.554301376,10.159468188835525
14855.0,1257690.20074067,203248.012292176,4.0,710764.2317598963,13.474096052893355
14856.0,1264878.06135602,247962.291633964,2.0,167593.1192590871,12.029294411647307
14857.0,1254970.74486588,237789.869031534,4.0,93829.53256542064,11.449234931553907
14858.0,1281751.5672933,191962.906872615,3.0,48120.77600854023,10.781469296486852
14859.0,1279631.58105113,222893.444760293,3.0,664379.9482468358,13.406609476023274
14860.0,1271170.18955447,180463.174316838,2.0,2240.0542125092206,7.714255346569266
14861.0,1273784.33816513,205944.779206932,1.0,0.0,
14863.0,1274428.40088581,236397.844262108,4.0,491771.3401741316,13.105769131698386
14864.0,1261691.39191276,258519.521788761,3.0,105796.22348427078,11.569270102913595
14865.0,1286996.61689867,249530.553587556,1.0,0.0,
14866.0,1287023.4734107,249784.638003826,3.0,632941.2288609123,13.35813285141451
14867.0,1255619.34070654,245132.22379106295,3.0,78897.74556321127,11.27590793308241
14868.0,1279524.24338701,216630.860817879,1.0,0.0,
14869.0,1262272.05610535,193848.035002545,4.0,1236783.655010824,14.028024741180445
14870.0,1275950.39685535,204093.57062903,1.0,0.0,
14871.0,1259044.92867805,192245.508344904,3.0,1141082.8679742415,13.947488253704108
14873.0,1269588.97515284,247542.993201524,3.0,778704.386025933,13.565386774046882
14874.0,1280300.58233181,202626.060739532,4.0,1615442.6876978832,14.295119587107253
14875.0,1257024.45897998,250436.04811649,3.0,62599.405627485336,11.044511062274509
14876.0,1258654.00394164,187418.667251959,1.0,0.0,
14877.0,1280873.47161239,218618.436883911,3.0,129698.76007700407,11.772969810328261
14878.0,1282039.0621416,251481.095925555,1.0,0.0,
14879.0,1286127.73932979,181526.907757923,2.0,692650.3588442643,13.448280618160336
14880.0,1261305.14660037,278598.886161327,3.0,2616.185791249594,7.869472731175084
14881.0,1286015.49478567,173570.067045778,3.0,724702.1631310141,13.493516039957019
14882.0,1286930.0244506,173543.338405758,4.0,313413.9037273006,12.655279972078583
14885.0,1265511.90391667,251288.717365369,3.0,27571.426914427848,10.224535258733235
14886.0,1285546.60467318,198344.859647155,3.0,129698.87177719807,11.772970671555814
14887.0,1263570.79626667,234031.838179693,4.0,277839.93872671155,12.534800466883492
14888.0,1281945.28742149,201525.265410408,3.0,165.10897207367796,5.106605692718335
14889.0,1281943.7362535,201254.242306128,4.0,127416.972904072,11.755220238553184
14890.0,1284295.7052799,202847.552771762,1.0,0.0,
14891.0,1284782.3814404,252643.03749474895,3.0,46592.0,10.749184131556358
14892.0,1264226.86909935,171742.779043913,1.0,0.0,
14893.0,1255938.86403486,207261.071496278,4.0,57493.92284967349,10.95943453162901
14894.0,1280861.11078039,193980.294906676,3.0,93182.0,11.442309848973883
14895.0,1280791.22866832,193677.987770364,1.0,0.0,
14898.0,1281229.56050876,224407.662873834,1.0,0.0,
14899.0,1271634.44747494,262553.579648897,1.0,0.0,
14900.0,1281823.88146937,226037.946651503,4.0,467431.4315780984,13.055007946532541
14901.0,1281531.27212507,214980.302480176,3.0,70965.63088888957,11.169950966835314
14902.0,1281483.26239702,214306.101071492,3.0,78939.67350811801,11.276439213258424
14903.0,1284104.54655971,189695.200758293,1.0,0.0,
14904.0,1283303.24204689,267955.486854434,1.0,0.0,
14905.0,1282368.76358193,268365.665478855,3.0,80047.46324319064,11.29037502826865
14906.0,1268313.63748753,260570.655806869,3.0,1310724.7959606815,14.086090821534041
14907.0,1271126.88645042,270726.537737265,1.0,0.0,
14908.0,1267636.17655884,236787.653542519,3.0,2740358.90919649,14.823599458543818
14909.0,1267814.16900702,236799.521574527,2.0,19640.566859142156,9.885352443973723
14910.0,1268245.31908746,242243.599596098,4.0,355458.5940268567,12.78116404894369
14912.0,1278423.79999389,249324.674035355,1.0,0.0,
14913.0,1282821.44838239,252526.22738263,4.0,306921.13148142025,12.634346092852708
14916.0,1255334.81469025,236412.95088613,3.0,11192.623036483266,9.323010182816217
14917.0,1258706.2433017,195482.099644214,1.0,0.0,
14918.0,1260775.42128782,212207.082253337,3.0,389789.5582530253,12.873362278249463
14919.0,1260367.9942794,212197.159053326,2.0,45442.08071316315,10.724193842689186
14920.0,1264307.45060344,211035.421580151,1.0,0.0,
14921.0,1279336.43404283,215405.916752622,3.0,142198.12780491624,11.864976630335747
14922.0,1257750.31088471,191594.31807223,3.0,9236.064216725988,9.130871123322237
14923.0,1257764.66781273,191251.684855878,4.0,1152333.2630540514,13.957299369246977
14924.0,1289363.75584508,183729.542128175,1.0,0.0,
14925.0,1254926.05763383,256472.062650666,3.0,605061.5648722765,13.313085491955235
14926.0,1271295.1026426,200354.635201201,1.0,0.0,
14927.0,1272772.0698761,211093.846284211,4.0,139140.83369019898,11.843241891196055
14928.0,1260885.49520794,245177.658095106,4.0,56989.70287146525,10.950625879119459
14929.0,1254641.98896153,237796.282407552,3.0,13122.960700157366,9.482118700161738
14930.0,1273868.24453323,244094.314093992,4.0,2798932.9382676096,14.844748809035005
14932.0,1281130.93241265,209910.437898993,3.0,74932.58383106059,11.224344106029012
14933.0,1265990.78878115,228520.579166055,4.0,114135.28747490358,11.64513975600254
14934.0,1264719.46391585,250306.113332361,4.0,139872.06587407854,11.848483468622655
14935.0,1284351.42495996,244561.494574472,3.0,1212180.6451134195,14.007931481628262
14936.0,1294461.90049031,184715.599537194,1.0,0.0,
14937.0,1260972.86807202,249318.544435352,4.0,153865.15347306748,11.943831871012424
14939.0,1282680.86470225,223926.22191333803,3.0,1467588.7733672694,14.199131321779651
14940.0,1273334.38859668,220581.97070992,1.0,0.0,
14941.0,1262766.63940185,284995.043351874,1.0,0.0,
14942.0,1269278.84984052,173599.650277808,3.0,118823.35622436754,11.68539326780241
14943.0,1268622.21924785,173603.367845818,4.0,48481.090646293385,10.788929117319631
14944.0,1272679.27902801,277317.160080016,3.0,93181.99999999996,11.442309848973883
14945.0,1266337.25335751,261544.873663872,4.0,548880.8559953099,13.215636676894437
14946.0,1256549.70563549,198271.292223066,4.0,115734.85947249166,11.659057159699556
14947.0,1274953.05464633,262434.278080776,3.0,367019.7340337856,12.813170896800314
14948.0,1275394.31461479,262423.110464767,1.0,0.0,
14949.0,1260274.09155931,246905.228080869,4.0,385832.7196251401,12.863159185668763
14950.0,1257879.59306085,198470.343359277,4.0,181025.9213654225,12.10639551195777
14951.0,1281914.96134147,228498.228510022,2.0,489.3977554669998,6.19317556470259
14953.0,1265747.81847692,239664.81412145504,3.0,302085.6897203265,12.618465996905984
14954.0,1270828.34014611,271396.75424996,3.0,298240.0916560813,12.60565411780255
14955.0,1268512.20209575,228839.150366381,4.0,150939.25587001533,11.924632755854635
14956.0,1271867.28721918,197099.41631788,1.0,0.0,
14957.0,1257380.73808435,240417.788970232,4.0,897698.7028715884,13.707589770797304
14958.0,1268221.12913544,233966.855651632,1.0,0.0,
14959.0,1274160.24261352,214712.277711913,1.0,0.0,
14960.0,1268075.05559929,245178.290287107,1.0,0.0,
14961.0,1262760.99997786,238205.323879972,1.0,0.0,
14962.0,1282052.4755176,222881.252824277,1.0,0.0,
14963.0,1273975.43557334,194633.374011353,1.0,0.0,
14964.0,1276936.80396037,263255.786625624,4.0,89152.12914290675,11.398099505708362
14965.0,1287713.92909141,204082.573893026,3.0,306490.9139609648,12.632943389419697
14966.0,1287513.0285472,203900.92928484097,3.0,78360.03506899146,11.269069319595276
14967.0,1257286.37475625,238166.39351192105,3.0,439554.70470502565,12.993517458680184
14968.0,1286071.75225772,247297.149233282,1.0,0.0,
14969.0,1277782.27013724,227043.597852543,4.0,943919.2177338672,13.757795867031474
14970.0,1253702.53251258,216622.861201867,5.0,274089.4276988726,12.521209710583381
14974.0,1266299.60350147,277968.69940868,3.0,69201.41989599864,11.14477666012356
14975.0,1266795.15793398,277892.309520602,1.0,0.0,
14976.0,1273553.6817809,189692.040374294,3.0,20593.92252956256,9.932751288413105
14977.0,1253337.4928962,251300.029685378,1.0,0.0,
14978.0,1263290.02154639,171132.426211283,3.0,132113.74519680187,11.791418536549385
14979.0,1263100.9625382,171142.509859294,1.0,0.0,
14980.0,1266530.77489372,195717.333436459,4.0,1148093.8012247365,13.953613560907618
14981.0,1284658.37318428,210819.290123925,2.0,685.6986696552748,6.53043827416196
14982.0,1262745.92458583,246850.812528819,4.0,548899.3475509167,13.215670365888917
14983.0,1278730.5920582,212656.867469802,1.0,0.0,
14986.0,1289977.38451771,190247.554678857,4.0,123842.3843101673,11.72676494178879
14987.0,1280377.05561189,206629.42675963,2.0,13411.926544394826,9.503899630714189
14989.0,1269709.85220897,267780.631878257,3.0,900672.1453550534,13.71089659174134
14990.0,1282250.55942181,277305.269648001,1.0,0.0,
14991.0,1258785.84618178,286943.896409869,4.0,62065.629596741855,11.035947646049758
14992.0,1269997.37131326,223104.222872496,3.0,54451.72366970516,10.905069783869344
14993.0,1269889.86795315,226373.271131843,4.0,2676573.674576164,14.800048054898959
14994.0,1254901.0675538,251234.862133309,3.0,4533.602322889405,8.419272117227214
14995.0,1273166.0575885,214935.808144137,3.0,47126.66666666666,10.760594291056835
14996.0,1273311.99691665,214932.235280141,1.0,0.0,
14997.0,1283551.15494314,269853.403976366,1.0,0.0,
14998.0,1285045.57484867,257173.548091382,3.0,175849.98131755623,12.077386531661329
14999.0,1260889.28426394,245349.222383276,4.0,65565.88851536305,11.090810847545525
15001.0,1265062.97239621,284775.492567658,3.0,39511.6907741776,10.58435187606556
15002.0,1266234.82340541,281430.050452232,3.0,327314.5869741471,12.698677027092094
15003.0,1269101.56081635,277410.389840111,3.0,386524.9537469498,12.864951708306988
15004.0,1292192.40371999,183142.030831575,1.0,0.0,
15005.0,1276385.67154381,271883.82055445,3.0,631261.2575562485,13.35547509316516
15006.0,1266768.87415795,270280.47796081,3.0,232928.0,12.358484671917985
15007.0,1255071.42646597,257948.239484176,1.0,0.0,
15008.0,1277181.28940062,237563.451815307,3.0,44213.19467305971,10.696778545531885
15009.0,1264976.32465212,246720.973552689,2.0,120206.9785556494,11.69697035726525
15010.0,1275403.8165668,221150.494806498,2.0,3171.4330337073006,8.061938825828893
15011.0,1275549.23979895,220840.53352618203,3.0,88000.97556118289,11.385103179321428
15012.0,1282552.19500612,271965.454218537,2.0,112422.70490378418,11.630021196965636
15014.0,1255297.5976022,215919.906897143,3.0,64966.24965607882,11.081623177967725
15015.0,1286800.39545846,194598.963963315,3.0,523077.1969385581,13.16748433624367
15016.0,1270016.99403328,271411.740105972,3.0,128025.79179728164,11.759987021019938
15017.0,1258415.3505654,193915.095226616,4.0,262138.1876952829,12.476627077650297
15019.0,1255980.4170589,199018.788735837,2.0,46591.99999999999,10.749184131556358
15020.0,1272655.43429199,227565.957405075,4.0,612706.834999846,13.32564185419232
15021.0,1251941.50159878,241242.316843078,4.0,264599.04125142214,12.485970907268001
15022.0,1277163.37733659,203983.507844925,2.0,675834.1037932287,13.423702916317588
15023.0,1278913.0998984,220323.554581657,1.0,0.0,
15024.0,1275113.7078945,213289.310094446,4.0,1432417.1909038315,14.174873918503144
15025.0,1282304.59180586,228664.583838195,3.0,329549.91387062886,12.705483105126344
15026.0,1290296.48135005,189871.133494467,1.0,0.0,
15027.0,1255488.7546584,192857.517305523,3.0,162414.29157331306,11.997905705136466
15028.0,1257356.15222831,237083.122726813,3.0,802175.085386859,13.595082173978465
15029.0,1267669.37860687,243586.028013483,3.0,73567.79291989566,11.20596261274674
15030.0,1269272.28024052,257506.419835731,1.0,0.0,
15032.0,1272141.88773146,248804.475954816,4.0,147617.37095827187,11.902378873642839
15033.0,1254495.73404938,238541.771048307,1.0,0.0,
15034.0,1267250.10782245,266821.553733274,3.0,40246.55687484894,10.602779735705644
15035.0,1254562.79817745,212608.51354976,2.0,7148.639724956407,8.874677369330712
15036.0,1254487.91644938,244652.742126569,3.0,654369.8322092178,13.39142796328325
15037.0,1272417.12702774,195600.589564338,4.0,2254165.761447221,14.62829051189259
15038.0,1265140.82890829,269025.901383519,3.0,496372.9234547414,13.115082785004487
15041.0,1287680.36614737,184716.390833199,1.0,0.0,
15042.0,1280475.578044,217889.261523157,1.0,0.0,
15043.0,1270514.46283379,224686.480858117,4.0,154110.57549482802,11.945425646434488
15044.0,1266311.98372549,233739.844963387,1.0,0.0,
15046.0,1279293.06700277,180354.403180733,1.0,0.0,
15047.0,1279293.06565878,180058.40868441798,3.0,877205.7269647277,13.684496824192118
15048.0,1271148.25061044,210657.111307755,3.0,483437.4627651334,13.088677242728464
15051.0,1283947.50188754,170989.705699131,3.0,103226.79488544258,11.54468373869169
15053.0,1260576.01322362,233607.95747526,1.0,0.0,
15054.0,1271106.65489839,280693.857043475,3.0,233547.36259626265,12.36114017319367
15056.0,1280082.12249158,205711.880710691,3.0,93182.0,11.442309848973883
15057.0,1282360.94111793,206149.098311141,3.0,425854.2652704631,12.961852466417772
15058.0,1254917.14787382,203027.53830795,4.0,276262.488981404,12.529106739774662
15059.0,1261585.75069664,245334.216495261,4.0,673061.7211639717,13.419592314917958
15060.0,1266271.03722945,255997.169530183,3.0,111909.49408014445,11.625445735027522
15061.0,1266048.01604521,284084.855830953,2.0,45417.88850665511,10.723661326394332
15062.0,1271466.93829076,179145.456107482,3.0,364137.4829484287,12.805286775715805
15063.0,1274509.75045387,250057.2316681,3.0,39497.285973169965,10.583987238988604
15064.0,1255913.19081883,236246.41904595503,3.0,11881.443657671973,9.382733105539737
15065.0,1284074.65779167,243516.691245407,3.0,1940786.348727001,14.478603783309078
15066.0,1255307.02377822,216470.987153709,1.0,0.0,
15067.0,1264372.76874751,281618.332564414,1.0,0.0,
15068.0,1252245.20047908,209363.978058428,3.0,110511.48104113629,11.61287469536739
15069.0,1252085.72342291,209342.994506404,3.0,1188513.3828672625,13.988213826019589
15070.0,1264392.12567551,280630.32603541,1.0,0.0,
15071.0,1274902.39928629,278251.396368966,1.0,0.0,
15072.0,1275057.17259844,278244.778640971,3.0,130747.71268918693,11.781024888001202
15073.0,1277621.94399306,201747.34925063,3.0,497823.0918350868,13.11800005561614
15074.0,1271986.7328513,243115.401005,1.0,0.0,
15075.0,1279361.73516285,230536.112864107,3.0,90595.8419162733,11.414163596013994
15077.0,1272297.36216362,178807.721899137,1.0,0.0,
15078.0,1270621.5282419,175892.73789615897,3.0,681495.5280095828,13.432044968115658
15079.0,1270621.4494579,175235.648999482,1.0,0.0,
15080.0,1285527.34585716,186220.474162728,3.0,72128.31912840964,11.186202021862952
15081.0,1259565.23306258,213768.373454943,1.0,0.0,
15082.0,1271743.49253105,225769.663387224,4.0,736533.453240726,13.509709935768724
15083.0,1264403.56657153,264906.236419305,4.0,1407641.0429361898,14.157425842100663
15084.0,1280618.45638014,203617.109956548,1.0,0.0,
15085.0,1283164.89977475,180384.173484758,3.0,93181.99999999996,11.442309848973883
15086.0,1276472.05855189,284428.855831295,4.0,2760270.979630785,14.830839413899538
15087.0,1289456.65690118,184236.662192702,1.0,0.0,
15088.0,1251667.94998249,212724.024781868,4.0,960284.9133658336,13.774985304168212
15089.0,1280712.54841223,273703.739468321,3.0,832988.8129035336,13.632775491171083
15090.0,1272910.87634024,235834.461221531,3.0,820266.7057432431,13.61738481726422
15093.0,1265998.47447717,260890.849087194,3.0,421695.87878992537,12.952039666838724
15094.0,1265007.21265215,247788.551793784,3.0,64831.8413741968,11.079552140884557
15095.0,1252337.07100718,240569.62397839097,3.0,69007.13538785282,11.14196518965096
15096.0,1273741.0774291,277275.013519973,3.0,321303.22183857014,12.680140572562452
15097.0,1285871.02496152,242548.357548416,1.0,0.0,
15098.0,1263754.95108287,286141.730649054,3.0,163817.71457934688,12.006509592168635
15099.0,1282337.2584299,272302.391882882,3.0,161174.24034391332,11.99024129693001
15100.0,1282433.51314999,272134.518538713,1.0,0.0,
15101.0,1273866.27339722,225343.36373879,2.0,226839.61093013285,12.331998486953388
15102.0,1254864.88259377,249109.910707131,4.0,233214.70725022035,12.35971479858055
15103.0,1268938.63755217,230539.386784121,4.0,275927.0168223973,12.527891677928125
15104.0,1272215.40165153,254118.233016267,4.0,226116.1569858585,12.32880411518159
15105.0,1272219.28293154,254442.457144588,1.0,0.0,
15106.0,1277377.88383281,221106.582870454,2.0,14795.806354038636,9.602099065142898
15107.0,1273755.17483711,258485.126204729,4.0,139770.0,11.847753493478953
15108.0,1284444.67283206,251170.296309248,3.0,7099.954127021769,8.867843602025685
15109.0,1284444.29356806,251400.324085474,2.0,6354.129247266085,8.756860155709472
15110.0,1263000.5812261,257660.558971882,4.0,98259.27985609896,11.495364976732816
15112.0,1278974.94066645,266823.310341269,3.0,419409.7028738069,12.946603532313024
15113.0,1266660.24215785,260874.856319174,3.0,117088.32912025452,11.670683878694446
15114.0,1266797.63134198,249394.262835428,2.0,474.2107989261572,6.161651946307807
15115.0,1280856.22623637,218198.338963479,3.0,33798.867187980744,10.428182565760967
15116.0,1262287.20957737,265124.198531523,1.0,0.0,
15118.0,1271857.25150716,173331.076709539,4.0,335514.26824760885,12.72341976279839
15119.0,1271844.91685115,173302.329381511,1.0,0.0,
15120.0,1277689.32837714,279433.884498179,1.0,0.0,
15121.0,1284871.45184049,169109.634977207,3.0,312819.8254686405,12.653382666299045
15122.0,1290787.32384655,166851.069982901,1.0,0.0,
15123.0,1258010.53571698,220204.541653529,3.0,1940179.458482296,14.478291031133562
15124.0,1258087.10742906,192267.364280924,1.0,0.0,
15125.0,1283590.98815918,252510.47474262104,3.0,52975.55392662649,10.877585839459869
15126.0,1256311.16739525,195978.76300472,4.0,232934.0,12.358510430619061
15127.0,1255283.0411862,237201.488678932,4.0,126347.2343492551,11.746789223769932
15128.0,1283882.21465547,193396.35609008404,3.0,14608.182610570071,9.589337103480197
15129.0,1272304.36837162,192765.834105432,2.0,71712.25042394969,11.180416868673284
15130.0,1284392.60569601,192673.735161334,4.0,101783.3721565703,11.530602031413297
15131.0,1285921.80211356,244527.367342442,3.0,295964.0894400506,12.597993406487108
15132.0,1278071.21477753,204780.075461745,1.0,0.0,
15133.0,1278100.17010556,204437.173253387,3.0,589803.4587655811,13.287544639648562
15134.0,1272648.30072397,215057.445328265,3.0,367539.4967958632,12.81458606613454
15135.0,1280658.93599617,220307.681237638,4.0,27699.77518399165,10.22917957604111
15136.0,1280828.65017235,220300.829205632,2.0,42.47792207792206,3.748984460434138
15137.0,1259758.76253478,189839.001334444,3.0,120299.82886632756,11.697742479404216
15138.0,1280358.68428387,212172.254285306,3.0,203200.9000654815,12.221950424132764
15139.0,1272902.05483623,256238.683834434,1.0,0.0,
15140.0,1254945.00707385,253088.122871205,4.0,994526.8677319926,13.810022393232993
15141.0,1276446.60152787,204158.995653108,2.0,2.0,0.6931471805599453
15142.0,1276670.9442481,204152.786693096,2.0,46588.0,10.749098276222542
15143.0,1258115.45974909,214803.765712008,4.0,256726.9649052524,12.45576840577273
15144.0,1281910.66380545,197600.676094383,1.0,0.0,
15145.0,1284428.22534403,262359.040064692,1.0,0.0,
15147.0,1275106.09304649,282874.867093712,3.0,49644.84462389306,10.812649829719481
15148.0,1283167.71014275,200252.428033099,1.0,0.0,
15149.0,1254188.37308908,215679.774800897,2.0,46592.0,10.749184131556358
15150.0,1260277.15715931,245894.88363184,4.0,103390.34604037416,11.546266871517533
15151.0,1281253.55161279,230033.3750076,1.0,0.0,
15153.0,1273822.80856518,247429.452785417,1.0,0.0,
15154.0,1276293.59269571,231267.30236886404,3.0,67974.82741127284,11.126892730494474
15155.0,1267777.41380699,244914.698286831,3.0,39344.044141538136,10.580099886393585
15156.0,1270739.67205001,231928.582177535,4.0,261263.5088909628,12.473284789597852
15158.0,1271689.87224299,228389.042333916,1.0,0.0,
15159.0,1274793.68952617,247693.422385678,4.0,27128.943303611,10.208356455525134
15160.0,1275059.46360645,247708.222257704,4.0,437142.5121971251,12.988014535781396
15161.0,1271165.53009845,210744.884427845,3.0,580947.4869513541,13.27241564784445
15162.0,1275251.25387864,203385.93850031504,3.0,419184.0,12.946065243321623
15163.0,1275195.52005458,203090.257668003,2.0,0.0,
15164.0,1267743.29022296,227361.435804859,4.0,264484.2156529025,12.485536852329297
15165.0,1267960.03780718,227599.753885105,4.0,262180.4575634925,12.47678831497681
15166.0,1272072.79403539,227574.944605082,4.0,432768.1658584841,12.977957449877772
15167.0,1265042.88254018,263171.659777537,3.0,20951.711132499822,9.949975598983867
15168.0,1254509.12508941,207272.507848293,4.0,483705.7370770268,13.089232019557413
15169.0,1276341.22053576,282453.423765272,3.0,319440.8266570556,12.67432732956576
15170.0,1270837.96382612,249343.863667369,3.0,59778.8397285564,10.998407026625758
15171.0,1268266.59070349,188460.982773021,4.0,1296797.0037676846,14.075407938919506
15172.0,1267572.41489477,188458.18552503,3.0,880748.9291236007,13.688527880333998
15173.0,1264755.56061989,243651.539693549,2.0,25.766934320160125,3.249092054458384
15175.0,1285564.2142092,176223.108968496,3.0,336527.85037689266,12.726436189506563
15176.0,1277380.75583282,259590.056701869,1.0,0.0,
15178.0,1285938.16428958,185534.593266025,1.0,0.0,
15179.0,1256265.45520321,207534.881672561,1.0,0.0,
15180.0,1273067.12504441,195585.101052329,4.0,834901.2198751757,13.63506869728436
15182.0,1262532.31376962,234055.416227713,2.0,305.88061094975234,5.723194865525123
15183.0,1287459.89779514,183538.830575988,1.0,0.0,
15184.0,1287669.34061135,183531.117615983,2.0,46591.99999999999,10.749184131556358
15186.0,1265364.00100452,245238.410927162,4.0,215979.922952768,12.282940733053508
15187.0,1273345.2219407,231574.150177181,3.0,32399.152349736218,10.38588753939301
15188.0,1262088.88292116,233122.686114758,4.0,260624.82816881387,12.470837212230673
15189.0,1270564.23832184,227762.233885273,4.0,296074.07024016726,12.598364939299929
15190.0,1275316.89547871,267654.903110117,1.0,0.0,
15191.0,1276700.40876013,234134.745123804,4.0,738871.097228262,13.512878756066721
15192.0,1276711.59410414,234719.406372398,1.0,0.0,
15193.0,1285382.42092901,259076.109629333,4.0,228831.8414938532,12.34074269617314
15194.0,1272449.07608376,284430.392855301,4.0,57647.6436706709,10.962104651846632
15195.0,1272343.78757167,180446.414828822,3.0,450329.0060406472,13.017733719139933
15196.0,1273610.56421296,234842.093732521,2.0,46591.99999999999,10.749184131556358
15197.0,1273618.75909297,235184.212516874,4.0,1993526.58477152,14.5054157814415
15198.0,1262562.77629764,167735.401183799,1.0,0.0,
15199.0,1283188.52870277,277581.354384288,1.0,0.0,
15200.0,1283855.13235146,277598.855376303,3.0,106426.02274871606,11.575205400692141
15201.0,1273739.7598611,274463.58996509,3.0,126386.93748858188,11.74710341270105
15202.0,1256533.47734748,237760.04989551,2.0,1711.511561297838,7.445132213014815
15203.0,1270144.42155342,270066.787720591,3.0,186719.7464346548,12.137364089521682
15204.0,1279509.12530699,198129.208830923,1.0,0.0,
15205.0,1270830.82769811,249063.953459084,3.0,23178.8804998954,10.050996819778163
15206.0,1279919.84063542,221075.933654428,2.0,59889.24915012263,11.00025228803052
15207.0,1265813.96599698,179540.638443887,3.0,861210.3406444343,13.666094051651111
15208.0,1273522.66251688,252334.723126441,3.0,38969.920525499874,10.570545358954229
15209.0,1266520.9366857,278607.249041334,3.0,265880.19941503776,12.490801108174184
15210.0,1277107.78232855,175794.14756006,4.0,1198452.070113803,13.99654134049561
15211.0,1281672.79615721,173058.414821252,3.0,390169.7209368902,12.874337105331115
15212.0,1281678.94182122,172900.6707571,3.0,171710.78786881568,12.053566874666174
15214.0,1286793.69894646,252139.458742231,3.0,295253.94080470444,12.595591081319236
15215.0,1254056.81987293,240537.01380235,4.0,216424.45732798707,12.284996838644014
15216.0,1262729.77271383,246107.215280056,4.0,1177690.9255730931,13.979066236589029
15217.0,1275210.18539859,244733.13630265,4.0,274551.8271035313,12.522895327587557
15218.0,1268883.17278412,242798.558508664,4.0,253032.09975907372,12.441271636179591
15219.0,1277986.74085744,269171.393863678,4.0,153605.76916251055,11.942144658642125
15220.0,1265634.00375679,243239.746285126,1.0,0.0,
15221.0,1265823.34622099,243234.945389122,3.0,93182.0,11.442309848973883
15222.0,1289184.70010091,190496.82776711896,3.0,68108.12706564499,11.12885182518813
15223.0,1267531.56228673,229296.014302835,3.0,285696.6746110477,12.56268594870782
15224.0,1273230.13195658,221503.144726858,1.0,0.0,
15225.0,1269215.00843246,240024.355369821,2.0,8135.244846508137,9.00396111711147
15226.0,1264737.79165988,285891.205912799,3.0,371584.1326238498,12.82553058485904
15227.0,1264409.42679554,285900.692440808,1.0,0.0,
15228.0,1276936.31615236,230391.565919966,3.0,337477.1830816449,12.729253181325339
15229.0,1258043.90442102,217885.674259156,4.0,258387.77261134775,12.462216730155449
15232.0,1258181.84771717,187466.217396006,1.0,0.0,
15233.0,1284310.22655992,249850.919411898,3.0,54462.76873810991,10.905272604783226
15234.0,1267162.66014236,284338.341207206,3.0,95475.56912477328,11.466625673058127
15235.0,1267421.12222262,284329.52891919,1.0,0.0,
15237.0,1281183.23410872,278124.222096846,3.0,243640.7542179905,12.403450100570282
15238.0,1281193.99263673,279637.247954398,4.0,1558560.508298427,14.2592732021381
15239.0,1266681.26378986,175259.579367504,4.0,549980.1798604523,13.21763751994196
15240.0,1273961.63902932,286210.159001127,3.0,90431.8276152822,11.412351559806561
15241.0,1258255.49814923,215153.259792358,2.0,21873.40645173479,9.99302686065158
15242.0,1276883.81720832,255294.725753471,3.0,18958.056338358467,9.849984256754455
15243.0,1265672.26878083,242778.89284464705,2.0,21227.47465309528,9.96305159581299
15244.0,1274959.70098235,263974.809794351,4.0,513826.0477021033,13.14964005856229
15245.0,1266425.4821576,267503.267269969,3.0,2301885.4631059337,14.649239111642082
15246.0,1257517.06589249,249128.049139157,4.0,310922.37658765283,12.647298567042116
15247.0,1256336.49545927,256059.452602252,3.0,261760.5142596201,12.475185297017221
15248.0,1277659.05420111,236019.308901727,4.0,119881.86401624956,11.694262070327479
15249.0,1251882.66345471,212119.959117249,1.0,0.0,
15251.0,1270602.87140988,257405.677883625,2.0,16156.784262971383,9.690095318645218
15252.0,1270632.3933939,257469.921851695,4.0,453010.2299295211,13.023669986836062
15253.0,1283656.96147124,198249.988159046,1.0,0.0,
15254.0,1255148.36694606,206149.74599114095,3.0,292062.5828360118,12.584723383067006
15255.0,1277344.88620079,203340.984836265,2.0,339.93858825238283,5.828764978508838
15256.0,1277393.94380084,203064.557251975,2.0,1725.66639283493,7.45336856955207
15257.0,1269508.43659276,259485.80166176,3.0,85084.48832185358,11.351400022058284
15258.0,1257369.23683633,241751.841067597,3.0,37520.36613905294,10.53263916157609
15259.0,1263147.23114625,264397.55430679,1.0,0.0,
15260.0,1257615.69136459,236741.534822464,3.0,1296786.0603132148,14.075399500050036
15261.0,1268027.41233525,176571.215528846,4.0,1452051.6374334702,14.188488036705241
15262.0,1267542.23614274,176576.482600853,2.0,377173.4446050457,12.840460425897945
15263.0,1257040.38346,236489.064550206,4.0,102658.0828225717,11.53915916092113
15264.0,1261309.87293637,188617.161269188,1.0,0.0,
15265.0,1265774.06807694,228282.351005808,4.0,99815.78959892844,11.511081662199404
15266.0,1253498.82627237,207666.216712698,1.0,0.0,
15267.0,1253151.782304,207653.976904675,3.0,372551.8306974704,12.82813144993429
15268.0,1255979.08541091,238514.608744279,3.0,152948.92836312292,11.937859343102218
15269.0,1262609.56330569,239964.028713763,1.0,0.0,
15270.0,1274325.11397369,232172.928481787,4.0,335630.96227335004,12.723767508775298
15271.0,1257783.74845275,242963.68087683604,3.0,265511.9634903363,12.489415178876204
15272.0,1292511.51034431,189077.15083766,3.0,5260.408827374461,8.567964026546864
15273.0,1271823.78827514,178646.710058972,1.0,0.0,
15274.0,1272194.85969952,187062.384499595,4.0,2678231.000668989,14.800667060164793
15275.0,1257675.17386064,200611.70188947,1.0,0.0,
15276.0,1271124.03441842,227448.67286095,1.0,0.0,
15277.0,1287054.39232273,203800.727044731,3.0,293174.7734203245,12.588524206481093
15278.0,1265290.89847644,171353.226019502,4.0,1292382.6048857658,14.071998053298234
15279.0,1284954.83091258,173916.90915814,3.0,821260.5527519592,13.61859569832027
15280.0,1272111.87499543,228906.48886244,3.0,23246.780792557856,10.053921940893812
15281.0,1273288.15973262,266007.533380434,1.0,0.0,
15282.0,1263572.11876269,284176.034775034,3.0,93179.99999999996,11.442288385370787
15283.0,1263380.44791448,284183.713559046,3.0,165379.66021136902,12.015999080680801
15284.0,1265003.50039615,247638.354289621,3.0,59108.79324131394,10.987134978135714
15285.0,1263685.5450668,284171.490519032,2.0,0.0,
15286.0,1268651.62731189,212178.01998131,4.0,146336.21441924857,11.89366209170961
15287.0,1274388.56696576,244756.881646678,3.0,326640.7036982893,12.69661608034544
15288.0,1275443.15864684,212141.169037282,1.0,0.0,
15289.0,1274266.08094963,242246.867692098,2.0,88112.55695239987,11.386370332441972
15290.0,1261957.03440903,232468.811426088,1.0,0.0,
15291.0,1261867.26032893,232399.499554023,3.0,611946.8775064208,13.324400756266902
15292.0,1261721.51389679,191819.02066446803,3.0,451457.7838920687,13.020237145567423
15294.0,1273742.91960509,271730.64301829,4.0,1556475.2193157922,14.257934347963399
15295.0,1274346.20517372,242872.812268749,3.0,55992.97093988168,10.932981442908442
15296.0,1274585.83691797,242927.3043008,3.0,12710.004035295991,9.450144681673299
15298.0,1276785.34200822,219769.747925088,3.0,169391.8569737351,12.03996999023204
15299.0,1276794.50015222,219752.608213067,1.0,0.0,
15302.0,1267821.32420704,197693.695934474,3.0,419212.0,12.946132037533452
15303.0,1294411.48129027,183369.301359817,3.0,46811.89682539682,10.753892655271823
15304.0,1294405.92551425,183217.912559658,3.0,110410.7071789042,11.611962393438521
15307.0,1280312.86777182,219542.17979686,3.0,4508.274836231077,8.41366983963472
15309.0,1271787.87563509,284645.763479516,3.0,499151.2451980063,13.120664425398354
15310.0,1276145.91679156,188950.348277524,3.0,13127.930100848596,9.482497308323135
15311.0,1276054.55083947,273877.786060497,3.0,254666.3000257616,12.447709339790094
15312.0,1264344.53489147,282395.763413221,1.0,0.0,
15313.0,1271395.11851469,271382.46784994,3.0,514743.8805155353,13.151424736554262
15314.0,1271955.15710726,254127.73036027,3.0,80311.85605624324,11.293672536062793
15315.0,1283199.91775878,278782.163345516,3.0,177940.32729937785,12.089203533177633
15316.0,1268939.97841617,278222.58804895,2.0,18.0,2.8903717578961645
15317.0,1272410.96721973,177045.959657341,1.0,0.0,
15318.0,1280492.17055601,208713.848137766,3.0,116604.37272233526,11.666542054102171
15319.0,1280556.81836407,208711.444553763,3.0,128443.71910932603,11.763246103789575
15320.0,1278722.6586822,216650.244625896,3.0,93182.0,11.442309848973883
15321.0,1278940.50303441,216645.692497894,3.0,345534.47791766614,12.752847708579099
15322.0,1266938.99492612,172006.586212173,3.0,38460.787142440655,10.557394485455452
15323.0,1279177.72665066,225217.05724266203,3.0,56383.69792914603,10.93993535189547
15324.0,1255595.86211452,244067.940141976,3.0,117508.93206049645,11.674269627213304
15325.0,1281901.78911746,198402.576767206,1.0,0.0,
15326.0,1273769.73029312,229241.186334789,3.0,1489281.0554602465,14.213804048360801
15327.0,1259453.05744646,286093.234393001,3.0,2192830.664868396,14.60070380821642
15328.0,1277751.60287321,283504.017750353,3.0,458726.1798991345,13.036208753077231
15330.0,1270878.53163417,273531.775564134,1.0,0.0,
15331.0,1271088.03320238,273529.425804138,3.0,131377.9783785854,11.785833778739288
15332.0,1269172.79390442,168655.739616752,3.0,964337.9844076424,13.779197118376674
15333.0,1286055.6085777,178547.99933888,2.0,81.5238095238095,4.400895118978264
15334.0,1280867.65932439,266444.441348881,3.0,172007.06633799183,12.055290838312109
15335.0,1281315.61510085,226959.964828447,4.0,254274.23339410705,12.446168622619945
15336.0,1254958.32073785,237207.698598951,4.0,110237.31543693524,11.61039073396381
15339.0,1272991.52843633,279780.473682538,1.0,0.0,
15341.0,1290534.12947829,181389.83422178,3.0,492472.0718002992,13.10719303098191
15342.0,1259035.55075803,283203.165014043,1.0,0.0,
15343.0,1261591.30973665,245600.136879534,4.0,453589.5422133873,13.024947976044782
15345.0,1254526.49609742,245592.070959523,1.0,0.0,
15346.0,1286642.9476503,200190.169985041,1.0,0.0,
15347.0,1270932.80875422,257461.955643684,3.0,412681.2158989224,12.930430699558045
15348.0,1278053.9041215,272483.633995071,3.0,1369016.4133902858,14.1296030935269
15349.0,1272217.40657954,189028.485941604,3.0,604052.1646576799,13.311415838514966
15350.0,1271056.75768234,175890.064040154,3.0,131633.1927346241,11.787774490497355
15351.0,1276386.98911181,275632.532494292,3.0,22630.48203298604,10.027053039018758
15352.0,1284544.26451215,174273.623014495,1.0,0.0,
15353.0,1283338.46508692,170393.10813053,1.0,0.0,
15354.0,1272775.75749211,247721.526321709,4.0,36867.94063008817,10.51509763477506
15355.0,1265790.18423696,242906.969388783,1.0,0.0,
15356.0,1258051.36112502,286004.685656905,3.0,55356.67458843957,10.921552519636904
15357.0,1264917.77982005,280262.121683031,1.0,0.0,
15358.0,1265559.05444472,189941.496246547,1.0,0.0,
15359.0,1262989.69277808,172992.945125192,1.0,0.0,
15360.0,1282067.65036562,223252.87810465705,3.0,131325.03926965743,11.785430744848636
15361.0,1265831.466925,187790.195380345,1.0,0.0,
15362.0,1261561.66775262,279744.117138505,3.0,18559.46515787347,9.828735189000055
15363.0,1264778.33450791,281905.097748712,1.0,0.0,
15364.0,1286403.38547406,245147.66699107,2.0,39759.10267840386,10.590594092065231
15365.0,1281502.56620504,255163.330361336,4.0,399137.8362226063,12.897062090408435
15366.0,1270937.08369823,190020.736246631,3.0,186350.0,12.135381904907405
15367.0,1268652.66603188,280068.45537883,3.0,86063.35674545684,11.362839010343254
15368.0,1269111.80030435,280061.540754825,4.0,68625.9738678091,11.136426369863184
15369.0,1265180.84420432,176583.04919286104,3.0,936573.3944661886,13.749983168821794
15370.0,1269616.03812887,187982.973876536,3.0,18165.48795129573,9.807278806463293
15372.0,1257102.17533205,285722.53269662,3.0,16643.643567254625,9.719783654784282
15373.0,1260900.66576795,199138.391231954,4.0,154381.15345338287,11.947179845996745
15374.0,1264798.08119594,169046.664353147,1.0,0.0,
15375.0,1264953.34007609,278744.458385482,1.0,0.0,
15376.0,1282766.12563033,274276.398412898,3.0,191590.95461728465,12.163117933682587
15379.0,1271308.6042746,216604.328721851,4.0,133701.6670540172,11.803366231628736
15380.0,1271615.48261091,216598.24904184,1.0,0.0,
15381.0,1287147.84985882,204045.304964989,1.0,0.0,
15382.0,1270744.51845002,192278.758968934,2.0,102532.9535139246,11.537939523588115
15383.0,1275540.21163894,284873.866071761,1.0,0.0,
15384.0,1283035.03295861,182949.203759387,3.0,856506.4396656532,13.660617115300246
15385.0,1280627.33561215,205959.757190943,3.0,589978.7401667694,13.287841781617031
15388.0,1290219.99200597,190453.13957506404,3.0,383948.80846257,12.858264511387732
15389.0,1264164.95876329,242344.629292205,4.0,19794.459093436195,9.893157333753205
15390.0,1254040.36291292,207963.199368998,1.0,0.0,
15391.0,1250247.72514904,241775.752811626,3.0,228068.75596287128,12.337402423716789
15392.0,1280270.61029978,258313.419836551,1.0,0.0,
15393.0,1266695.08394988,175920.10660018,4.0,595452.9522561335,13.297077659209098
15394.0,1285669.11916931,176220.929512501,3.0,357315.2496526127,12.786373723348731
15395.0,1257417.04413238,241751.009387597,3.0,12309.040069507077,9.418089236406571
15397.0,1295802.73082769,185390.132977888,3.0,105470.0204283604,11.566182024959467
15398.0,1296271.84404416,185377.561457872,4.0,251790.70831759364,12.436353498869401
15399.0,1268773.257008,180824.801517203,3.0,267931.5832869548,12.498486940659207
15400.0,1261362.83876042,188398.024564967,1.0,0.0,
15401.0,1271123.35301042,284497.252311364,3.0,7994.122035556922,8.986461805048782
15402.0,1279918.59167542,218817.596948117,1.0,0.0,
15403.0,1272556.51582788,254756.83148092,2.0,9123.328949254124,9.118590032831694
15404.0,1263811.36042693,260955.658303261,1.0,0.0,
15405.0,1269760.78584102,246207.240304157,3.0,140553.32494449467,11.853342232721491
15406.0,1266094.34046127,280807.172115594,1.0,0.0,
15407.0,1266256.00810944,280778.875603557,4.0,113423.24698653846,11.638881649147477
15408.0,1274579.78309396,261000.83308731,1.0,0.0,
15409.0,1269796.21425706,204415.498117357,3.0,362614.0264870636,12.801094259640937
15410.0,1258863.76797386,168940.877473041,3.0,131618.702476034,11.787664403855107
15411.0,1266258.18590143,186460.787634984,3.0,249288.6755559544,12.426366843513817
15412.0,1257706.48874067,238098.37367186,2.0,425072.1295278873,12.960014150042538
15413.0,1257284.52637224,238105.629543871,3.0,380979.0238927514,12.85049959719363
15414.0,1263383.17098649,284357.387095228,3.0,238455.5199806629,12.381938072884566
15415.0,1262883.02896997,284371.194519237,1.0,0.0,
15416.0,1276155.58047156,248526.172018528,4.0,200258.9472707847,12.207366544435756
15417.0,1292336.10586414,180717.616045102,1.0,0.0,
15418.0,1292329.75975212,180337.800556704,3.0,50052.87303259699,10.820835186344555
15419.0,1258061.22064504,240389.621034205,4.0,759043.1844962739,13.53981395132875
15420.0,1285454.52416109,193508.582906201,3.0,49092.59458769511,10.80146347934647
15421.0,1285684.49152133,193497.26501818,1.0,0.0,
15422.0,1274368.49643774,216445.605265677,2.0,22885.1001354872,10.038241328672978
15423.0,1285869.48198551,196466.217789218,4.0,95084.07579283304,11.462516787539307
15424.0,1291976.90842377,185121.843121603,2.0,135468.21187280118,11.816492293054592
15429.0,1267536.04523075,236169.32701388,3.0,53484.271799898845,10.887142904613402
15430.0,1279044.13081053,214101.85735929,3.0,163508.180480185,12.004618301585761
15433.0,1276627.37381604,181722.94475013,4.0,622185.8923499798,13.340994189369878
15434.0,1259047.09175004,260562.473726854,3.0,622414.8687997141,13.341362141020666
15435.0,1250496.1823013,212771.00174191603,3.0,2120465.0728120985,14.567145996557215
15436.0,1278060.16101752,280651.860435426,1.0,0.0,
15437.0,1278283.84063375,280923.736147702,3.0,100864.99383461196,11.521538206943301
15438.0,1271327.84145862,178659.407210991,1.0,0.0,
15439.0,1269316.92683256,281049.520019844,1.0,0.0,
15440.0,1278125.67365758,230116.940511689,4.0,166496.65458278268,12.022730495604877
15441.0,1269536.2360808,224107.373081535,3.0,94512.84207952206,11.45649099927034
15442.0,1284362.24121597,241204.725739032,4.0,316892.31782629044,12.66631730375151
15443.0,1278915.07493839,200253.039553106,4.0,135582.63594704628,11.817336592801025
15444.0,1269192.92446443,247463.846705452,3.0,1280404.138815571,14.062686319512148
15445.0,1269432.95908868,247455.955313444,1.0,0.0,
15446.0,1282327.79058988,277552.608400255,1.0,0.0,
15447.0,1278220.63704967,279655.075666413,1.0,0.0,
15451.0,1258778.78384577,187695.969524249,1.0,0.0,
15452.0,1258383.09827738,240384.32938619,4.0,574477.105831149,13.261215524878368
15453.0,1271402.1100027,274041.997964665,3.0,546558.0208550597,13.21139574904209
15454.0,1271384.26686668,274361.972428992,1.0,0.0,
15455.0,1272448.11941177,178250.764010578,1.0,0.0,
15456.0,1263372.86295448,176300.908008575,1.0,0.0,
15457.0,1263599.65380271,175837.502120107,4.0,294129.7609793614,12.591776312823812
15458.0,1266147.50762932,187791.784308344,1.0,0.0,
15459.0,1279702.40965919,211679.204748809,1.0,0.0,
15460.0,1280217.74066773,211718.96346885,4.0,2442507.795744019,14.708535854600846
15461.0,1255619.48509054,190699.38840732,3.0,111788.73415981722,11.624366066824443
15464.0,1284691.76288031,240063.732265875,2.0,44.58095238095238,3.797306691142547
15465.0,1263892.47773901,238996.007720768,3.0,1115819.9244474,13.925100050881744
15466.0,1278744.76594622,213216.016910374,3.0,156812.18632406605,11.96280410278197
15467.0,1278731.1852102,212833.437965989,3.0,93182.0,11.442309848973883
15468.0,1271091.61617838,194956.161723673,3.0,575555.4852506277,13.26309091474802
15469.0,1259032.46608603,168279.827936366,1.0,0.0,
15470.0,1260116.09514314,287564.470938504,2.0,659.8761904761902,6.492052227235641
15471.0,1275396.15480679,273901.242700517,3.0,726002.1665327183,13.495308278007327
15472.0,1266487.75562967,193045.794489726,3.0,182979.4244035088,12.117128990548771
15473.0,1265178.23959632,244289.587630197,4.0,156496.40232309213,11.960788300347259
15474.0,1276269.70002368,285786.721880689,1.0,0.0,
15475.0,1276458.21439187,285779.933784679,3.0,2808731.967538668,14.848243682359124
15476.0,1278379.08357784,279376.617554128,3.0,229167.41717714808,12.342208094804219
15477.0,1278517.34444198,279770.501906529,1.0,0.0,
15478.0,1279786.85177128,178679.974763006,1.0,0.0,
15481.0,1278887.61177036,233344.083938986,1.0,0.0,
15482.0,1257109.61264406,286038.889688954,3.0,1466.8205513784462,7.290852447128773
15483.0,1260778.00983182,286450.879321367,3.0,620826.7911453053,13.338807402759691
15484.0,1264028.11229914,176050.68247231803,3.0,177934.86028148973,12.089172808822132
15485.0,1264005.10743512,175266.777575523,3.0,150083.9337154056,11.918949974686837
15486.0,1273714.49643707,244095.298669994,1.0,0.0,
15487.0,1278469.35109794,235834.602277532,3.0,11450.861921597729,9.345820283144649
15488.0,1277230.93592867,284299.426583171,3.0,561194.7259758614,13.237823229404098
15489.0,1269043.76632029,228790.847326323,4.0,205290.2040305184,12.232179886479026
15490.0,1276364.01605578,278519.06843324,3.0,1689115.3009035627,14.339715459240612
15491.0,1255533.39139445,199034.867455855,3.0,25421.31048656739,10.143343096780761
15492.0,1280809.19090833,203945.390788883,3.0,69883.48118728891,11.154584579654136
15493.0,1280803.16831632,203737.581508666,1.0,0.0,
15494.0,1268837.54392007,271433.524873987,3.0,35350.44478350012,10.473066253522793
15495.0,1268309.03479953,260174.39871846105,3.0,1823158.371171614,14.416080923815956
15496.0,1267117.40759832,279075.866193816,3.0,2193745.900140269,14.601121097312639
15497.0,1264300.21111542,256705.257082909,3.0,86466.50325124376,11.36751237227065
15498.0,1282819.00025439,248551.343602553,4.0,768954.7474607594,13.55278740080149
15502.0,1286784.90009846,254700.512056857,2.0,46592.0,10.749184131556358
15503.0,1286686.34848236,255041.649465203,1.0,0.0,
15505.0,1281853.95295741,181641.583662048,3.0,56562.41624932226,10.94310001976622
15506.0,1271427.88062672,205227.991238192,1.0,0.0,
15507.0,1270707.16452999,245127.804143056,3.0,12537.374247049149,9.436469402074257
15508.0,1284729.02988835,188289.860404849,2.0,225887.7626625294,12.327793529508153
15509.0,1270909.93445019,229632.31478318604,3.0,269749.35710976867,12.505248499835869
15510.0,1257590.63792455,286410.613657326,1.0,0.0,
15511.0,1283480.60716707,170094.428962216,1.0,0.0,
15512.0,1282441.897982,278490.203985214,3.0,1113069.5181511324,13.922632088460885
15514.0,1272378.8399877,269356.232711866,3.0,170924.9977465743,12.048980129598284
15515.0,1260767.57354382,283544.651542395,3.0,550059.4586244295,13.21778165795543
15516.0,1265797.44010895,268676.167495161,3.0,776283.9929087437,13.562273702457807
15518.0,1269287.88952054,173927.642726138,4.0,1077093.516125857,13.889776782569426
15519.0,1272921.38616425,219785.24002111,4.0,144873.4603669639,11.88361595326523
15520.0,1264791.66813993,243134.857005015,3.0,91295.21625310536,11.421853669296933
15521.0,1283267.99404685,196573.294973329,1.0,0.0,
15522.0,1283510.4929271,196569.359933332,3.0,55271.72723942526,10.920016795278492
15523.0,1272509.74917184,232387.387682006,3.0,486841.8549550831,13.09569461617572
15524.0,1258386.17411737,200099.694720939,1.0,0.0,
15525.0,1282240.72153381,265740.961732164,3.0,660858.0709420064,13.401294377082559
15526.0,1260203.16816723,278518.639953241,1.0,0.0,
15527.0,1260116.82615115,277676.956560388,2.0,46592.0,10.749184131556358
15528.0,1266712.46154989,176768.229609057,3.0,203933.68526909663,12.225550147768619
15529.0,1262955.97725806,280012.570322782,1.0,0.0,
15530.0,1257799.87536477,195254.31103599104,3.0,827461.2039748273,13.626117501720188
15531.0,1266660.04305385,228346.956509873,4.0,222248.8256398289,12.311552869401917
15532.0,1259974.922535,242009.668011859,1.0,0.0,
15533.0,1275715.64536712,233544.3194592,3.0,58434.17163581117,10.975656128444262
15534.0,1278601.58905007,259553.507901832,1.0,0.0,
15535.0,1279793.59487529,203323.965508252,4.0,77591.6935424412,11.259215658463058
15536.0,1280053.16063556,203308.940292224,4.0,140162.72208511527,11.850559327251
15537.0,1271758.55813107,222147.500055522,4.0,98570.77858737845,11.498530133455299
15539.0,1275367.06629476,277341.786320046,2.0,41192.26795360068,10.626005846696097
15540.0,1271121.97803441,284178.611543044,3.0,29144.24881359604,10.28001287603859
15541.0,1279824.32837932,180058.150508419,4.0,1157360.2156213727,13.961652293607951
15542.0,1266011.01674917,274140.345548764,1.0,0.0,
15543.0,1266477.57687765,274118.19367674,4.0,160630.67375530308,11.986863056997993
15544.0,1275409.78667881,280551.94952333,3.0,356670.0844661593,12.784566500339466
15545.0,1273413.05285276,277658.826384366,1.0,0.0,
15546.0,1278203.95794566,283567.09967041,1.0,0.0,
15547.0,1290458.14343022,183384.058543831,3.0,40980.73904479074,10.620857455910185
15548.0,1261816.79127288,234868.823396549,3.0,448922.4638597691,13.014605465531261
15549.0,1265380.77822053,274566.407053202,1.0,0.0,
15550.0,1287480.90464316,191790.157560438,3.0,33559.82485481395,10.42108494170024
15551.0,1256885.57539584,249019.154995039,3.0,13362.83416233652,9.500232562492014
15552.0,1290487.64762224,248178.939442173,1.0,0.0,
15553.0,1257008.33366796,213840.906447023,4.0,64381.41965627325,11.072580355809944
15554.0,1266211.16074939,188692.85566926,1.0,0.0,
15555.0,1261391.91447245,188832.028277412,1.0,0.0,
15556.0,1281477.00159702,280222.544658989,3.0,1962998.1171065983,14.48998351406639
15557.0,1269110.90168035,279729.298962489,1.0,0.0,
15558.0,1271130.65809841,285633.830744535,3.0,316698.6807353365,12.665706066857608
15559.0,1271415.52529871,223796.863897204,4.0,2188960.563185426,14.598937360438384
15560.0,1257428.6585964,257387.208763614,1.0,0.0,
15561.0,1279847.88972335,261416.222719729,1.0,0.0,
15562.0,1276122.69867954,273345.072523952,1.0,0.0,
15563.0,1276385.46783181,273353.691595957,3.0,74812.15501092773,11.222735650906943
15564.0,1272551.39742787,277322.451088026,1.0,0.0,
15565.0,1263475.18231457,268697.164487183,1.0,0.0,
15566.0,1282684.60025425,181905.539886311,4.0,1793917.3715120968,14.399912262297187
15567.0,1280775.97279629,232686.806434318,1.0,0.0,
15568.0,1272413.87768373,272518.906827107,3.0,1817689.4481154575,14.413076718509497
15569.0,1263687.9141548,281833.172052637,1.0,0.0,
15570.0,1268272.5608155,175906.521320164,3.0,565147.9221715367,13.244842785015704
15571.0,1268259.28657548,175356.631719604,1.0,0.0,
15572.0,1290897.84000666,180423.488684803,3.0,771851.9094055549,13.556547983410846
15573.0,1275818.13298322,202883.63667579004,3.0,279502.0,12.540764727186753
15574.0,1275772.19967118,202664.387459576,1.0,0.0,
15575.0,1271088.95640238,274884.061581522,3.0,130540.36559832592,11.779437772846585
15576.0,1282083.81766164,174045.063462272,1.0,0.0,
15577.0,1272007.68293132,282374.992789194,1.0,0.0,
15578.0,1265927.4372291,186460.052082986,4.0,68825.6454713021,11.139331708409287
15579.0,1271002.48875429,265186.830659598,4.0,151218.03803584565,11.926478034790861
15580.0,1271005.66494629,265635.31859605,1.0,0.0,
15581.0,1284622.40147224,191880.31256853,4.0,883965.619364937,13.69217344874235
15582.0,1277113.41714455,214440.81633563305,3.0,149402.6708075086,11.91440042841202
15583.0,1254862.65584177,248786.835570797,3.0,151726.5575007121,11.929835215938645
15584.0,1271542.46174684,277906.791120619,1.0,0.0,
15585.0,1287814.45677151,175213.75863146796,3.0,212145.88966504252,12.265029475778828
15586.0,1270873.76197016,273889.131468505,1.0,0.0,
15587.0,1271088.60536239,273886.488140509,3.0,152784.76415757055,11.93678543973242
15588.0,1274280.99698165,192484.822841153,1.0,0.0,
15589.0,1278980.86713046,253260.853495389,3.0,244649.26173575883,12.407580879078377
15590.0,1272791.69150813,240387.190954193,1.0,0.0,
15591.0,1272834.03627616,240386.338922203,2.0,46591.99999999999,10.749184131556358
15592.0,1268397.18391962,179478.590315834,1.0,0.0,
15593.0,1278441.10476191,277103.602767795,4.0,213510.7485860239,12.271442455048783
15594.0,1271944.44747525,283319.252054155,1.0,0.0,
15595.0,1262408.00528949,284530.466199398,2.0,46592.00000000001,10.749184131556358
15596.0,1274660.28818204,284512.742103383,2.0,712851.5631203394,13.477028491355657
15597.0,1268479.29726371,285377.678744271,4.0,864858.0717282565,13.670320693524726
15598.0,1265018.36490816,282983.16117382,3.0,228659.4734895242,12.339989160502233
15599.0,1265027.08241217,283303.188118145,2.0,136078.00682285774,11.820983579864132
15600.0,1272934.66040426,205580.50599056497,3.0,225843.4458022275,12.327597320525406
15601.0,1272951.60261229,205400.106374368,4.0,365652.98879854265,12.80944004459853
15602.0,1284756.47302437,244292.808430195,3.0,742605.7136509251,13.517920514812033
15603.0,1257849.43370081,258253.533820495,1.0,0.0,
15604.0,1254894.7680338,250866.654900923,3.0,80094.1062366416,11.290957550282409
15605.0,1275950.51723936,255653.542969838,1.0,0.0,
15606.0,1260417.90557545,200481.594881341,3.0,16211.273925024248,9.69346220047733
15607.0,1270574.21432185,287210.051674142,3.0,137831.43977431825,11.833786766649439
15608.0,1270846.22597013,287125.23855406,1.0,0.0,
15609.0,1281314.64134085,171328.645667478,2.0,4319.944879516937,8.370997921785674
15610.0,1270708.73080198,275762.049294427,1.0,0.0,
15611.0,1267423.13041462,273691.390412301,3.0,401323.9480208693,12.902524230579292
15612.0,1267835.59614305,273225.784395829,3.0,80881.25209754054,11.300737334503562
15613.0,1277796.04568924,281112.163923904,1.0,0.0,
15614.0,1277986.01183344,281164.515219957,3.0,160999.77595515244,11.989158252382728
15615.0,1259451.94915846,285328.641112223,3.0,2532940.7005192186,14.74489151793963
15616.0,1259103.2287741,285338.935704231,3.0,92805.69004329,11.438263232016256
15617.0,1268056.63639927,178028.111914337,4.0,554490.5665065754,13.225805073015716
15618.0,1282136.35359769,212660.568589807,4.0,174185.340573922,12.06787518701174
15619.0,1284025.22252762,256151.127610341,1.0,0.0,
15620.0,1286762.36307442,248277.422194272,3.0,88667.27452465706,11.392646154613473
15621.0,1283547.12703913,232628.065698251,2.0,8400.884251183132,9.03609224728911
15622.0,1272076.22641939,283513.18901436,1.0,0.0,
15623.0,1270477.82673775,175888.85732016,3.0,773694.3348525278,13.558932158360717
15624.0,1270444.32875372,175248.438311502,1.0,0.0,
15625.0,1265812.87050897,279891.08533065,1.0,0.0,
15626.0,1263027.30852212,194469.29919518495,3.0,109340.57612849463,11.602222841581758
15627.0,1278396.38962586,179867.947116226,1.0,0.0,
15630.0,1281742.54860529,277556.948624268,1.0,0.0,
15631.0,1281735.54406127,279006.622865751,3.0,497149.10031386034,13.116645260719084
15632.0,1280090.69529159,168964.075937063,1.0,0.0,
15635.0,1264944.34142008,260656.115326956,2.0,145890.1515312805,11.890609230733443
15636.0,1265316.47946846,260644.990654945,4.0,1645358.656978737,14.31346894697534
15637.0,1262479.29418556,232726.54288235295,3.0,2791222.925731224,14.841990382396215
15638.0,1274832.09823021,208408.967497453,3.0,164545.74195517646,12.01094387713103
15639.0,1274995.06245437,208405.809673443,4.0,1721722.4865104496,14.358835793323085
15640.0,1268947.84913619,188463.625525028,3.0,49055.87340530737,10.80071520105233
15641.0,1272421.11121975,277990.672464699,2.0,132.95349650349647,4.889999416730167
15642.0,1293662.8443615,180618.295725003,3.0,400318.5364182357,12.900015850224413
15643.0,1276873.8835123,279153.741009891,3.0,390184.4254295105,12.874374792047309
15644.0,1272410.02725174,283090.655381933,1.0,0.0,
15645.0,1278214.96088968,219431.35355673695,3.0,140132.37800772145,11.850342812031846
15646.0,1280034.05202754,251526.665717602,3.0,7729.88166444838,8.952848832854766
15649.0,1279210.16620269,206695.876423702,1.0,0.0,
15650.0,1280873.8758364,174395.976806626,4.0,521551.5286339949,13.164563357044113
15651.0,1270815.8119541,223086.441752478,2.0,19657.88147187209,9.886233629597363
15652.0,1285436.36934507,178679.658155009,4.0,616776.0656267243,13.33226129637123
15653.0,1256710.42806765,257970.1879002,1.0,0.0,
15654.0,1276216.97176763,285390.04578428,2.0,139764.0,11.847710564890653
15655.0,1287296.70585898,183767.117808223,1.0,0.0,
15656.0,1287829.34816352,183765.197552219,3.0,54195.37700065116,10.900350888598958
15657.0,1258083.55491707,168162.043424234,3.0,210661.4534794505,12.258007638012845
15658.0,1272227.38193955,255427.556537598,2.0,140759.31401995118,11.854806718021765
15659.0,1288107.67795581,252091.946102187,3.0,769445.5556300728,13.55342547684058
15660.0,1261965.52356103,190542.192183152,1.0,0.0,
15661.0,1270093.03390536,274070.508748695,4.0,766570.4328005138,13.549681861918556
15663.0,1264734.41661987,245779.459375724,4.0,436271.0514649318,12.986019006841522
15665.0,1275113.2295585,223656.813337073,4.0,818948.37494806,13.615776326597011
15666.0,1270921.02469021,280438.110867217,1.0,0.0,
15667.0,1271399.29374669,181590.708781987,1.0,0.0,
15668.0,1265528.48196468,252020.32971811303,3.0,10140.73845846471,9.224316100772041
15669.0,1267691.66500691,232105.636641726,4.0,1852809.688524686,14.432213795473158
15670.0,1274917.5091103,272484.103755072,1.0,0.0,
15672.0,1283612.73126321,237069.98429480204,3.0,147711.94013480944,11.90301930570439
15673.0,1280208.58354771,216613.239121854,3.0,18694.005704060022,9.835958200870332
15674.0,1254530.88816142,206091.363527074,2.0,46591.99999999999,10.749184131556358
15675.0,1254141.15958503,247509.32139349,3.0,344361.61232299043,12.74944758284651
15676.0,1274094.67218146,242600.749804467,1.0,0.0,
15677.0,1273551.8865169,203279.139524207,3.0,401426.2607181046,12.902779136019804
15678.0,1267494.71358269,276522.7065752,1.0,0.0,
15680.0,1256392.28240333,241310.419755146,1.0,0.0,
15681.0,1279757.26649125,276220.268878892,3.0,40686.27010997144,10.613645970782143
15682.0,1265291.40369244,177518.756969824,3.0,371584.84081637376,12.825532490731188
15683.0,1281352.80530889,175710.113255978,4.0,321151.40006420424,12.679667942210001
15684.0,1262577.83204167,200424.102529272,3.0,118249.1096394415,11.680548776849651
15686.0,1273311.81682065,235181.74531686297,3.0,1684385.5335755346,14.336911386759706
15687.0,1283213.52204679,233077.458210722,1.0,0.0,
15688.0,1284986.97260861,182714.332207143,3.0,1568428.0418839157,14.265584428533975
15689.0,1271005.1672183,190450.925623059,1.0,0.0,
15690.0,1274291.87486966,284529.6777834,2.0,756001.6247981928,13.535798804363319
15692.0,1273229.24248457,218116.744339392,3.0,81679.91790845852,11.31056344779958
15694.0,1275226.91339861,285018.443223909,1.0,0.0,
15696.0,1266674.54462186,243940.409901842,3.0,46487.1988873863,10.746932260931064
15697.0,1269884.90468915,262125.201600462,1.0,0.0,
15698.0,1258125.92426111,257352.106811568,1.0,0.0,
15700.0,1260481.39690351,237505.397799253,4.0,9461.997291952928,9.155038769988657
15701.0,1263785.0215469,286469.111897394,1.0,0.0,
15702.0,1258415.33744541,217870.070931137,1.0,0.0,
15703.0,1255928.69571486,236766.167014495,3.0,478108.0469991788,13.077592025677694
15704.0,1276198.28773561,277851.461456567,3.0,263117.9342937,12.480357630017663
15705.0,1276189.5000236,278402.697553128,1.0,0.0,
15706.0,1274718.29957409,193577.415162265,2.0,46592.0,10.749184131556358
15707.0,1260778.00458382,287195.312538132,3.0,344712.6141052944,12.750466346280694
15708.0,1262092.65719317,266300.575108737,4.0,307932.6370667087,12.637636327212638
15709.0,1257038.33821198,257775.933692008,1.0,0.0,
15710.0,1265229.69092438,239674.786857471,3.0,125060.1025835047,11.736549721395258
15711.0,1276068.59807147,222971.125080362,4.0,1344194.215567132,14.111305295255606
15715.0,1272088.37931541,183104.73854354,4.0,196451.9285517858,12.188173041949291
15716.0,1272052.40395537,181764.940078169,4.0,1106201.936872795,13.916443027465784
15717.0,1269428.12216067,280388.295635164,1.0,0.0,
15718.0,1282811.33651038,247884.00536187,4.0,961181.9107072972,13.77591896317849
15719.0,1271779.87761909,241405.889003247,3.0,52396.88382027836,10.86660239946212
15721.0,1267495.5613907,197022.563069791,2.0,46592.0,10.749184131556358
15722.0,1269975.80382524,240424.215466231,4.0,129721.1588084998,11.773142493533527
15723.0,1284035.17791964,182908.888559341,3.0,38200.72061433787,10.55060965866642
15724.0,1274909.19256629,256678.918202877,4.0,81980.05097657678,11.314231215875369
15725.0,1283031.66611061,273880.259148493,1.0,0.0,
15726.0,1271483.24536279,279742.9071545,1.0,0.0,
15727.0,1274005.50046937,178968.858731315,1.0,0.0,
15728.0,1273149.43883649,277034.768911734,2.0,13573.78129251588,9.51589536489844
15729.0,1271967.55832328,278492.463505223,1.0,0.0,
15730.0,1268481.98065571,285703.74664861,4.0,1340119.63007198,14.108269444115333
15731.0,1268908.49553615,285696.9156086,1.0,0.0,
15732.0,1268229.77451146,253968.274040103,3.0,80752.5525931815,11.299144851646355
15733.0,1281558.3633251,256744.78386695695,3.0,83946.19731386442,11.33793136444418
15734.0,1254572.17846547,201845.524610728,1.0,0.0,
15735.0,1254676.76713757,201615.032578498,3.0,64971.98034970499,11.081711384396726
15736.0,1279666.10623516,264476.418370873,1.0,0.0,
15737.0,1261054.3508241,259696.260285974,4.0,996688.8444264332,13.812193908384065
15738.0,1255312.46339422,254417.339384571,4.0,219139.78473909275,12.297465091660339
15739.0,1272450.01310778,284615.22978349,4.0,648641.8016459203,13.38263591981641
15740.0,1266802.68612599,275452.851470113,3.0,1935121.3418755557,14.47568059145951
15741.0,1266669.31006186,242464.00241231904,3.0,405275.3717586029,12.912322045308972
15742.0,1270991.51960228,286001.973080903,3.0,149473.06257017486,11.914871472100794
15743.0,1270992.69675428,286197.650841117,1.0,0.0,
15744.0,1256674.13091561,257116.974395335,1.0,0.0,
15745.0,1271680.52446699,179825.61815618,1.0,0.0,
15746.0,1267357.75620656,175913.55805617603,3.0,399331.498350762,12.897547173863911
15750.0,1269462.09553671,248096.280498087,4.0,45163.6818176923,10.718048543232914
15751.0,1254953.13897786,200398.344705254,3.0,248706.87894438225,12.424030289016464
15753.0,1272530.49387586,232086.458209693,3.0,45984.96136762034,10.736069695228156
15754.0,1274326.03883769,214600.16180779,3.0,25495.316905997344,10.146250063535453
15755.0,1278963.29273044,201712.331586599,4.0,168262.38372006328,12.033279847889414
15756.0,1279103.81996259,201703.229890585,1.0,0.0,
15757.0,1264077.95831519,286249.597273156,1.0,0.0,
15758.0,1296262.15246016,184841.12094532,4.0,150866.27523063472,11.924149128927475
15759.0,1274799.19147818,279386.336338133,1.0,0.0,
15761.0,1274695.25170207,190013.111926615,1.0,0.0,
15762.0,1282357.29644592,205999.025478989,3.0,539178.021877402,13.19780107713637
15763.0,1281576.08146912,221013.80155836,5.0,289286.2070944958,12.575171813002541
15764.0,1256416.76893136,193481.479290172,2.0,183454.41118161267,12.119721475183148
15765.0,1282465.10854203,186210.480050728,1.0,0.0,
15768.0,1271314.91691461,171896.18326807,1.0,0.0,
15769.0,1260778.00227982,287544.925722495,2.0,145209.07596206616,11.885929886045176
15770.0,1273269.53803661,280164.910290927,1.0,0.0,
15771.0,1291485.12787926,181357.52292574904,3.0,30873.92772079226,10.33766734363625
15772.0,1268706.67179194,285374.286680266,3.0,76143.0078890222,11.240368533871488
15773.0,1262973.22167407,255952.461626142,3.0,44851.64348021851,10.711115510744634
15776.0,1274817.41650219,248919.059698939,3.0,32136.66867810248,10.377752983580372
15777.0,1256675.77398762,240431.200682238,2.0,48977.91119684679,10.799124683554464
15778.0,1258441.30550943,243731.84926162695,3.0,510655.3394219589,13.143450159079963
15779.0,1253777.43004864,251781.851893872,1.0,0.0,
15780.0,1269791.95377705,228980.193054512,4.0,179367.48024337972,12.097191942629145
15781.0,1273572.83659692,257049.433851257,4.0,239961.45101624855,12.3882335686576
15782.0,1268289.09323151,258457.3493727,3.0,77006.0248178969,11.25163894216316
15783.0,1274641.85547802,284244.308247104,1.0,0.0,
15784.0,1258901.1143419,217084.526610345,3.0,694358.1800183775,13.450743215886789
15785.0,1279116.4534986,234220.290531889,2.0,45016.59855636315,10.714786557549578
15786.0,1277463.4571449,247142.16164912295,3.0,58831.455572931496,10.982431949570637
15787.0,1282199.44665375,272754.001227349,3.0,150103.8286114009,11.919082524367546
15788.0,1286244.93363389,199643.058176473,3.0,240970.55783551375,12.392430038352218
15789.0,1286692.61024235,199635.54508847,1.0,0.0,
15790.0,1276304.44696772,205788.364486769,1.0,0.0,
15791.0,1256371.24835531,241705.910059556,1.0,0.0,
15792.0,1265887.02788505,191096.80229573,4.0,174385.74209935794,12.069025033097532
15793.0,1268858.5458401,285371.452696264,1.0,0.0,
15794.0,1277395.52581684,178740.53437908,1.0,0.0,
15795.0,1283286.10758287,182939.104751378,3.0,815733.4004732221,13.611842865456891
15796.0,1272083.7851394,271361.179209918,4.0,879584.2687751766,13.68720465298164
15798.0,1278280.35346574,225236.550618678,3.0,133605.8201800469,11.802649103357696
15799.0,1291580.77171937,189128.577909708,3.0,323800.1605830998,12.687881816158532
15800.0,1278867.75186634,174811.529447049,1.0,0.0,
15801.0,1270438.33438571,191288.50962393,3.0,2498420.447125208,14.731169269005417
15802.0,1280542.49036406,208205.915721253,3.0,134973.13671036117,11.812831050289303
15803.0,1282142.70662169,197030.995197803,3.0,266865.910039716,12.494501601643835
15804.0,1278615.99122609,174087.396390304,1.0,0.0,
15805.0,1253777.34147266,251550.544565633,1.0,0.0,
15806.0,1253657.99030453,246577.341616541,1.0,0.0,
15807.0,1280534.41650805,207958.39981699,3.0,96792.85203534398,11.480328427928086
15809.0,1258029.229285,238092.755239844,1.0,0.0,
15810.0,1257894.56842087,238095.139111847,4.0,2747735.12720948,14.82628754020045
15811.0,1263041.44170614,199084.913983911,3.0,2658973.2309744507,14.793450602846331
15812.0,1257610.46301258,253722.200055853,4.0,377287.8281860224,12.840763645124639
15813.0,1266924.37220611,171367.176739529,3.0,32746.29968538147,10.39654524797401
15815.0,1273633.19838898,248762.446194783,1.0,0.0,
15816.0,1261457.05968851,234432.967588097,4.0,423709.6982663416,12.95680382581774
15817.0,1260978.48324002,249584.353331611,4.0,235962.24970700068,12.371427112344321
15819.0,1264086.25354721,286938.956121862,3.0,47566.615604817234,10.769886441316576
15820.0,1265531.46948469,285589.97423248,2.0,6908.057071206131,8.840443700843057
15821.0,1264962.8328761,279470.184274226,3.0,433008.92530227336,12.978513619479516
15822.0,1264910.45694005,211020.621708125,3.0,181289.12114296743,12.107848390215436
15823.0,1284541.41964816,256799.587259009,2.0,46591.99999999999,10.749184131556358
15824.0,1274895.30213428,211067.902476177,1.0,0.0,
15825.0,1275055.03250244,211065.95066817096,3.0,312596.2451486784,12.652667685216882
15826.0,1281297.89004484,226500.226907983,4.0,225480.66384483303,12.325989686331823
15827.0,1282627.0140782,262284.280320629,1.0,0.0,
15828.0,1284873.47545649,179881.143660247,3.0,870915.3200858352,13.677300029622486
15829.0,1260571.95287161,168559.747296646,3.0,59282.07058251022,10.990062188214731
15832.0,1279772.75404327,176829.906985119,3.0,168289.61894014524,12.033441696399755
15833.0,1280000.3919955,176820.945705101,1.0,0.0,
15835.0,1280217.34828372,217276.342802539,3.0,355129.7438450233,12.78023847730739
15836.0,1253965.12880084,250718.299188778,1.0,0.0,
15837.0,1280543.98969206,222586.094679967,2.0,30205.058042198714,10.315764674179958
15838.0,1280197.68133971,220254.06421358895,3.0,292889.4220091601,12.587550417480028
15840.0,1263566.21949868,281345.259924144,1.0,0.0,
15841.0,1276676.89311209,282601.525141433,4.0,1086651.1310996488,13.898611168038519
15842.0,1284739.68569636,243502.909421384,4.0,1775797.915749367,14.389760409882957
15843.0,1264836.36887598,237022.921446756,4.0,386661.4675920152,12.865304828441321
15844.0,1282472.65612604,233538.696739182,3.0,1201646.3595822162,13.99920314079088
15845.0,1275956.78955936,283162.711382002,1.0,0.0,
15846.0,1255910.39888284,236146.458597854,3.0,35326.15881481393,10.472379011397235
15847.0,1268865.2174561,272248.017290831,1.0,0.0,
15848.0,1268468.3248477,283719.692886576,4.0,1318811.3463652425,14.092241393695359
15849.0,1294748.4921066,183615.878960073,1.0,0.0,
15850.0,1282756.21721433,190867.25227949,1.0,0.0,
15851.0,1281597.71231714,199953.472896799,2.0,18871.93274216369,9.845431057185637
15852.0,1281931.57682948,199948.241280794,3.0,263641.8264236539,12.482346742860965
15855.0,1275648.78456704,241235.952363074,1.0,0.0,
15856.0,1278094.46111356,216030.625489265,3.0,92615.15435765791,11.436208061214808
15857.0,1278894.19999437,258550.544700801,1.0,0.0,
15858.0,1271771.97637108,199539.539712369,1.0,0.0,
15859.0,1276959.72191238,231547.10889715,4.0,773934.2034842597,13.559242140540174
15861.0,1278975.88063446,250610.746292666,4.0,900362.4252848568,13.710552656007625
15862.0,1258456.66474144,216085.574161321,2.0,9951.197998382211,9.205448224752375
15863.0,1282375.60415794,197921.590846717,3.0,105280.23203809492,11.564380950565976
15864.0,1272618.03902794,241794.52765964,1.0,0.0,
15865.0,1275489.31903088,203784.069892719,1.0,0.0,
15866.0,1280043.49791555,202641.263171554,4.0,1804397.1135231825,14.405737084827214
15867.0,1281538.42143708,219857.582421184,3.0,268160.8940317692,12.499342430219318
15868.0,1281652.2371172,219851.68046917,1.0,0.0,
15869.0,1264342.05623546,259613.000253886,4.0,914681.1349919356,13.726330797174569
15870.0,1263590.2985387,266526.968068972,1.0,0.0,
15871.0,1254450.09929734,236910.065702632,3.0,179546.3682611454,12.098188772555456
15874.0,1271708.30987501,207984.238985017,1.0,0.0,
15875.0,1275668.61624707,231877.013089478,3.0,17963.655619052413,9.796105863407773
15876.0,1272792.12491612,248265.011826262,4.0,118220.3455553267,11.680305497359427
15877.0,1279999.5806675,266979.450437427,1.0,0.0,
15878.0,1259620.91011864,192567.177977234,3.0,1470754.347968374,14.201285989015634
15879.0,1268337.58199956,225949.277915418,3.0,17737.354463929296,9.783428116441222
15880.0,1280001.02092351,247281.128241256,3.0,421396.79095818574,12.951330165131454
15881.0,1264377.48561151,240983.624426812,3.0,1385703.7631164263,14.141718700762144
15883.0,1272991.09893233,223663.168281078,4.0,206311.62717070009,12.23714305796897
15885.0,1263469.73841058,250328.582452387,3.0,82091.47554124471,11.315589459857888
15886.0,1269997.24472126,257486.76601171505,3.0,125066.4114012907,11.736600166409557
15887.0,1274630.08875801,241798.292779639,3.0,46718.21428571429,10.751889395147378
15888.0,1274945.93458232,261654.18809597203,3.0,95069.19662474956,11.462360290962366
15889.0,1278294.19071376,265854.771588281,3.0,456035.2075860404,13.030325295134524
15891.0,1272759.40190808,200325.392129183,4.0,1944604.4262264248,14.480569134518028
15892.0,1278947.62277843,207603.319816634,1.0,0.0,
15893.0,1265907.06916507,275566.043470219,3.0,1745952.421497156,14.372810765008767
15894.0,1265909.12260507,275716.341070384,3.0,95052.70188561192,11.462186773452723
15895.0,1283498.26758309,257219.58117944,2.0,29207.43146392931,10.282178458065545
15896.0,1280928.20479645,201165.759234041,3.0,6.666666666666666,1.8971199848858813
15897.0,1281109.84876464,201165.13293004,2.0,12400.310922983206,9.425476825712899
15898.0,1258210.83715719,208519.651977569,4.0,619028.2365072585,13.335906166954706
15900.0,1269805.42385706,260821.646783128,3.0,2325147.811586112,14.659294169858544
15901.0,1287471.59853116,186652.503155172,2.0,41932.47128242879,10.643815776716325
15902.0,1270085.66187336,170646.286754787,3.0,372654.0,12.828405654184877
15903.0,1257222.71542817,208526.564361572,4.0,2573981.0715077454,14.760964313384576
15904.0,1285147.76064077,191406.368632048,3.0,73343.87539655025,11.202914281742075
15905.0,1285406.85856104,191405.91423204503,3.0,1992228.4072805864,14.504764372842914
15906.0,1260228.62384726,245895.70155184,4.0,58256.0926365714,10.972603960577562
15907.0,1280254.30981976,260992.633663297,2.0,256507.51228348512,12.454913230818999
15908.0,1258269.11491725,208627.591369674,3.0,109079.5674450057,11.599832871467665
15909.0,1280332.87365985,204383.370565325,4.0,967398.349001615,13.782365632734889
15910.0,1268895.00510412,187144.70296368,3.0,262566.3679871077,12.478259159484667
15911.0,1268270.94667149,187142.190771684,3.0,147740.97734826207,11.903215866386839
15912.0,1281845.4798694,196446.562941208,1.0,0.0,
15913.0,1287653.10048334,202636.621123537,4.0,518394.1643504032,13.158491166916724
15914.0,1268784.30718403,255533.70559370503,3.0,110537.2858694492,11.613108171706488
15915.0,1271138.34149043,223632.656857044,4.0,491133.3924963601,13.104471045024985
15917.0,1282610.53407818,197921.834238708,3.0,40271.73581741014,10.603405157396542
15918.0,1273106.32606845,250103.346036151,4.0,175462.65625877466,12.075181514395862
15919.0,1275767.69343117,191172.865783811,2.0,271352.87899432995,12.511175389327766
15920.0,1254512.3727694,245035.109806955,1.0,0.0,
15921.0,1268221.18558344,253436.535927564,4.0,338660.47970794525,12.73275334970668
15922.0,1272817.60555615,263704.234882072,2.0,334797.9255376881,12.721282421454271
15923.0,1271055.95224234,268734.961031228,4.0,127640.38469384715,11.756972094284905
15924.0,1273360.17829271,241406.103595242,1.0,0.0,
15925.0,1262722.99152981,250340.61035639,3.0,10761.379363987504,9.283719019178804
15926.0,1279102.48729059,268471.335238963,3.0,66415.09968803871,11.103679714552284
15927.0,1272246.78315556,256757.209082961,3.0,254301.61402258437,12.446276298313327
15928.0,1254961.88566586,245142.758831069,3.0,177695.81456028923,12.08782846046237
15929.0,1254810.24553771,244913.827886835,3.0,987600.0529433076,13.803033090061207
15930.0,1267368.84375857,250005.22027604296,3.0,100165.48696278284,11.514578966810113
15931.0,1270721.810866,268741.842887238,3.0,44969.12429555087,10.713731406494226
15932.0,1269310.95115256,212047.800781175,4.0,909340.7104209756,13.720475121877511
15933.0,1278222.76991369,257062.399355277,1.0,0.0,
15934.0,1269253.1047525,209201.433098271,3.0,316009.3168489417,12.663526975833596
15935.0,1288288.62246799,203397.808900326,4.0,431664.4347172515,12.975403793895113
15936.0,1278081.54975353,218180.984339461,1.0,0.0,
15937.0,1272048.08773136,220659.090966001,3.0,129749.18410279372,11.773358512783268
15938.0,1265822.17662099,233490.093859136,2.0,82769.52762746821,11.323815248813116
15939.0,1284946.41952057,209161.628362224,1.0,0.0,
15940.0,1274537.6995099,203048.075011969,4.0,873994.9847449673,13.68082991634314
15942.0,1273896.87307726,216957.778450206,4.0,1733354.6763124694,14.365569208064933
15944.0,1273934.97733329,217769.531091034,1.0,0.0,
15945.0,1271204.1100665,178371.926506698,1.0,0.0,
15946.0,1271197.15243448,177852.736298159,3.0,186350.0,12.135381904907405
15947.0,1269832.1761131,223107.066712499,3.0,50083.90232794011,10.821454924622016
15948.0,1270787.33662607,177855.487594172,1.0,0.0,
15949.0,1261505.61533657,199788.082176626,3.0,206243.43518211783,12.236812474270327
15953.0,1275144.39154252,215295.541008502,4.0,180446.09091529952,12.103187346856513
15956.0,1269314.39928056,212173.396301314,4.0,247083.007979097,12.417479623845724
15957.0,1294653.76263452,185858.939122364,3.0,147691.9585971516,11.902884022874515
15961.0,1272456.76734778,216581.628625825,1.0,0.0,
15962.0,1286418.39033808,196555.845885321,3.0,409260.2285038236,12.922106488210789
15963.0,1286416.98579407,196456.353277221,3.0,429093.6367836816,12.969430441654286
15964.0,1273541.24549289,197049.143741816,2.0,20602.088143028934,9.933147715806923
15966.0,1273532.45515688,196790.728893563,2.0,70449.43440307432,11.162650488949309
15969.0,1268895.82532813,229261.119006813,4.0,120661.96482406756,11.70074823583422
15970.0,1252598.58262344,240328.27108213297,3.0,93047.79279044965,11.440868541106086
15971.0,1289211.10323693,191151.363575786,3.0,142009.92401458183,11.863652221568017
15972.0,1286903.27846657,196544.969917312,1.0,0.0,
15978.0,1266450.90436563,272476.712075055,5.0,922641.3085207256,13.734995823134232
15979.0,1280009.31455551,281050.161107838,2.0,275470.09878280264,12.526234367321134
15980.0,1278862.48684233,282075.662996888,3.0,285888.08457045414,12.56335570052848
15981.0,1268350.41662358,232726.242978349,2.0,232604.8111441112,12.35709620304931
15982.0,1281931.48786949,200597.14156945,4.0,89483.31330106927,11.401807443316713
15983.0,1281929.63289347,200474.209089324,1.0,0.0,
15985.0,1272176.51397149,239079.304744855,1.0,0.0,
15986.0,1282617.33164619,168354.092576444,3.0,186350.0,12.135381904907405
15987.0,1282673.85747024,168234.643616319,3.0,93182.0,11.442309848973883
15988.0,1280721.89055625,169838.539041951,3.0,110466.52962986167,11.612467854779423
15989.0,1277748.9877052,282364.738901183,3.0,376168.7947298206,12.837793243790406
15990.0,1277893.20952934,282349.227093175,3.0,298249.8515355068,12.605686842174647
15991.0,1268358.65873559,233048.016994685,2.0,191097.43288744468,12.16053869679143
15993.0,1268530.38148776,236656.23811838,1.0,0.0,
15994.0,1268367.1685596,236990.562214717,3.0,170012.61244312988,12.043627904122335
15995.0,1278215.10098568,177115.101609409,3.0,90863.747980151,11.417116388519325
15996.0,1284491.11795211,259367.912189633,3.0,93182.0,11.442309848973883
15997.0,1283491.52051108,234521.847012192,3.0,411838.28814891767,12.928386046788694
15998.0,1263880.429483,172362.374884546,2.0,1450.866240244104,7.279916064102958
15999.0,1278920.4256584,208660.985993713,3.0,9978.572183276829,9.2081952912624
16000.0,1279143.90194663,208785.157385841,3.0,1874.674251976632,7.536190191032181
16001.0,1281177.9211487,185606.592498109,4.0,1042844.979017119,13.857463093039094
16002.0,1279262.00402674,208849.57684190603,3.0,47651.59366743274,10.771671353799725
16003.0,1279366.32569085,208584.627593637,4.0,1584989.7770828516,14.27608851548272
16004.0,1279516.482555,208233.211913273,2.0,316.7189543526201,5.758014801304108
16005.0,1279058.23481055,208414.077705458,3.0,1438091.5428151053,14.178827475052719
16006.0,1278746.64946622,209217.687306285,3.0,62377.86045897153,11.040965691063994
16007.0,1279025.9119945,209481.79930655696,3.0,105015.19402466805,11.56186032366774
16008.0,1279224.3043147,208980.775754035,3.0,2859.0288420191937,7.958237280420847
16009.0,1278978.25234646,209121.058570176,3.0,650.0496761405266,6.477048784801034
16010.0,1279122.25861861,209219.420938283,3.0,16172.056622845124,9.691040132043495
16011.0,1279815.94489132,179747.16100411105,3.0,67066.87276937287,11.113445501636871
16012.0,1260781.19882382,238526.4295443,2.0,223813.10836856603,12.318566644943477
16015.0,1290219.15763797,184705.774385184,3.0,96784.7382406486,11.480244598031366
16016.0,1290498.94189425,184708.214385182,3.0,1928331.154263262,14.472165499913471
16017.0,1278884.17605837,209929.779723018,2.0,74519.0114576091,11.218809559163354
16019.0,1268320.50065555,236919.195558652,2.0,203725.32174250035,12.22452790348525
16020.0,1261037.67402409,275108.342285752,3.0,186386.0,12.135575071116797
16021.0,1260371.15600741,276279.237262949,3.0,139768.0,11.84773918415428
16022.0,1263282.66986638,274213.897548839,3.0,452820.5884233005,13.023251273970152
16023.0,1264230.68932335,274189.417292818,3.0,169091.9403606978,12.038197871779769
16024.0,1256836.27299578,201544.424130425,1.0,0.0,
16025.0,1271627.14398693,260754.683967054,1.0,0.0,
16026.0,1271042.68945833,253213.450039327,1.0,0.0,
16027.0,1263282.40938638,274100.248844728,3.0,830087.374278362,13.629286244447155
16028.0,1264077.8382512,271887.285770461,3.0,1041049.5962013724,13.85573998930696
16029.0,1286053.2696977,245183.41393511,1.0,0.0,
16030.0,1282295.55180585,263734.198082104,1.0,0.0,
16031.0,1264936.58090807,248971.137330994,3.0,54015.78565217328,10.897031609719328
16032.0,1253962.96937685,237111.501606852,4.0,137338.6182854021,11.830204821583811
16033.0,1262246.50103332,273270.905995876,5.0,354724.75332912523,12.779097424989057
16034.0,1262456.92055354,272374.731274948,2.0,0.0,
16035.0,1261341.7617044,275712.469070375,3.0,68047.34916849084,11.127959053147341
16036.0,1262376.56439346,274823.495757461,3.0,254285.3491684908,12.446212337357673
16037.0,1261264.45047233,276111.206734776,1.0,0.0,
16038.0,1260635.87037568,276512.633103192,2.0,46592.0,10.749184131556358
16039.0,1264726.85002786,274175.193228796,2.0,91938.56223751264,11.42887583118609
16043.0,1279478.35564297,205745.541062728,1.0,0.0,
16044.0,1269926.31473719,210942.723596051,4.0,1016232.4447322882,13.831612665138776
16045.0,1269032.63736027,205779.068870768,4.0,689262.83993558,13.44337795756357
16048.0,1282474.05996604,211205.494028315,1.0,0.0,
16050.0,1271778.91205108,223055.120600447,2.0,169958.91127723665,12.043311988449444
16051.0,1261895.46954496,269952.348040476,1.0,0.0,
16052.0,1266422.92702161,238125.94512789,3.0,1626899.1211360828,14.30218638128941
16053.0,1266427.0376136,238270.941864029,3.0,71510.96495775155,11.177606072976731
16054.0,1261936.964201,262201.451136544,1.0,0.0,
16055.0,1285162.09888078,192254.353144914,3.0,39262.68120359187,10.57802975901847
16056.0,1266428.15671761,238319.671784088,1.0,0.0,
16057.0,1284174.22815979,209534.990154609,1.0,0.0,
16058.0,1262933.58295403,269495.283336014,1.0,0.0,
16060.0,1264406.42781954,248980.017267004,2.0,7430.699626848807,8.913375295707981
16061.0,1269555.57860881,205764.568582743,4.0,566338.0918554099,13.24694651428511
16062.0,1261878.61853695,272836.820235431,3.0,8.0,2.0794415416798357
16063.0,1263510.52996261,271984.368906558,2.0,136131.8975023842,11.821379529308839
16064.0,1262229.6391453,275332.367117986,3.0,93182.0,11.442309848973883
16065.0,1262517.5214496,276126.409806803,1.0,0.0,
16066.0,1263013.49981812,271844.871434405,2.0,46592.00000000001,10.749184131556358
16067.0,1263213.15063432,271895.931722462,3.0,93200.0,11.442503000673682
16068.0,1260640.01930368,276765.249743447,1.0,0.0,
16069.0,1281585.17625313,181104.5411015,3.0,54519.23954016115,10.906308937440285
16070.0,1254058.84348895,206166.889927164,1.0,0.0,
16071.0,1253726.44656061,206306.540295303,3.0,312625.2565254735,12.652760488732877
16075.0,1252944.2351678,210017.960971102,4.0,274784.8016756076,12.523743530943527
16076.0,1252913.20931177,209660.261898741,1.0,0.0,
16077.0,1267499.5026387,234857.562212542,3.0,580797.0320871847,13.27215663243694
16078.0,1267509.78020671,235239.000420928,1.0,0.0,
16079.0,1261752.65552881,273983.881932601,3.0,211486.65083150924,12.26191715884064
16081.0,1262217.32093729,271980.944330558,1.0,0.0,
16084.0,1259630.89207065,212796.693325952,3.0,94116.39390966292,11.45228752835532
16085.0,1259763.13002278,213085.892494246,1.0,0.0,
16086.0,1261439.94026449,191157.562999785,1.0,0.0,
16087.0,1272181.1533955,238665.49687244,1.0,0.0,
16088.0,1263742.55972286,247644.908081636,3.0,127701.0597169562,11.757447340474501
16089.0,1266414.27844559,232623.466338247,1.0,0.0,
16090.0,1266418.1905096,232744.734754369,3.0,118009.28255864368,11.678518566105032
16091.0,1281157.72665268,203934.053188875,2.0,63702.484029589774,11.061978836554882
16092.0,1281346.45983689,203928.610308871,3.0,237536.1851657685,12.378075249444151
16093.0,1284232.08697584,200562.257473424,3.0,653526.1901905407,13.390137888046024
16094.0,1284473.26624009,201861.023554742,2.0,3409.001269544064,8.134174644547358
16095.0,1266162.66052534,192385.621241048,3.0,330612.6630097382,12.708702766750271
16096.0,1266163.83601333,192325.426488981,2.0,117341.7381115718,11.672845794979416
16097.0,1264967.2107961,196417.06431718203,3.0,86062.15114659072,11.362825001973654
16098.0,1264930.07665206,196417.285437182,2.0,1850.93880931156,7.523448253848544
16099.0,1273294.45202063,197055.906877831,3.0,160142.41286830793,11.983818778756202
16100.0,1275518.60274291,218152.432915434,1.0,0.0,
16101.0,1287306.86886698,199136.197631955,1.0,0.0,
16102.0,1291667.63539945,189109.44837369,1.0,0.0,
16103.0,1278111.51096956,212523.089165673,1.0,0.0,
16105.0,1257846.36739682,195780.778172523,3.0,759238.4094077237,13.540071116947182
16106.0,1257809.82352479,195662.6426204,2.0,714599.307625686,13.479477255673253
16107.0,1260293.62730332,188503.920373067,2.0,46591.99999999999,10.749184131556358
16108.0,1278503.57087398,192668.059641331,3.0,263438.7201827699,12.48157605894085
16109.0,1278784.63788226,192020.513080671,4.0,401805.16065740125,12.903722575126684
16110.0,1263565.95767468,185148.794225633,3.0,93881.38156583316,11.4497873661523
16111.0,1263495.4362026,185150.474993631,3.0,38897.45427520896,10.56868408466838
16112.0,1278152.99576961,193512.775162205,3.0,172195.8429518667,12.056387729870591
16113.0,1284514.60281612,277666.562256381,3.0,2007524.5431431264,14.512412950453415
16114.0,1275893.9455273,197456.784702241,2.0,314460.6555412293,12.65861424567906
16115.0,1276435.25087185,196965.981181741,3.0,284271.4821629358,12.55768498364874
16116.0,1282032.06546958,197270.718782052,4.0,649576.4212399373,13.384075769818526
16117.0,1266165.82615733,192223.516920879,3.0,109168.9965454638,11.600652387562784
16118.0,1277279.97458471,195617.46911636004,3.0,215565.2565444804,12.28101895727841
16119.0,1260705.06871174,188174.54667674,2.0,46591.99999999999,10.749184131556358
16120.0,1260680.89194372,187988.188788548,1.0,0.0,
16121.0,1277658.95999311,194703.158267424,4.0,160393.50682918951,11.98538549248039
16122.0,1277862.59576932,194212.494586915,3.0,109537.00366405536,11.604017704157267
16124.0,1283904.9048955,198743.809983552,2.0,98625.25966743974,11.499082691021158
16125.0,1289498.53741322,190386.546870992,3.0,482051.3161849947,13.085805852479826
16126.0,1289472.02464521,190363.925814971,4.0,556438.4398893575,13.229311823433967
16127.0,1261920.75364099,232333.862241954,4.0,713267.8224685541,13.477612256451684
16128.0,1261755.18967283,232188.571169809,1.0,0.0,
16129.0,1268278.09265549,261380.427135691,2.0,76.29319550969585,4.334583753575641
16130.0,1269073.12222432,185000.360433489,2.0,46592.0,10.749184131556358
16131.0,1269076.48734432,184813.378225297,3.0,366609.2698509812,12.812051900077279
16133.0,1263812.63108292,185142.642993629,3.0,443743.0029168836,13.003000851572816
16134.0,1263241.40157834,185156.49956964,2.0,70.83333333333333,4.260329699696362
16135.0,1257780.36720476,238378.986920148,1.0,0.0,
16136.0,1256048.72829098,244334.195502236,3.0,34225.91320897499,10.44073833231273
16137.0,1256339.50525127,195313.425468042,1.0,0.0,
16140.0,1279350.57311484,202332.627267227,1.0,0.0,
16141.0,1271475.01112278,199022.278271839,1.0,0.0,
16142.0,1291352.44314313,189135.074933723,1.0,0.0,
16143.0,1274703.68607008,217922.816275194,1.0,0.0,
16144.0,1275160.14450255,195225.417083949,4.0,64481.94793098571,11.074140586571994
16145.0,1275158.77471055,195162.900475889,1.0,0.0,
16146.0,1256222.02454716,196230.798588976,1.0,0.0,
16147.0,1281865.01753341,181121.223533511,4.0,113667.72062840818,11.641034739945244
16148.0,1281220.24159676,214357.725967541,3.0,178656.08461183257,12.09321792171194
16149.0,1256079.40605101,196225.191676974,1.0,0.0,
16151.0,1259714.27677473,212795.772685945,2.0,13857.706679386842,9.536596795805638
16152.0,1260524.02186356,211674.213580802,1.0,0.0,
16153.0,1256486.29699543,195988.854204729,1.0,0.0,
16154.0,1266476.97681366,192376.622905031,3.0,362870.7921358817,12.801802105354446
16155.0,1255717.42384264,202012.326402903,4.0,319273.0854740605,12.67380208286715
16156.0,1252919.38678378,213990.682383165,1.0,0.0,
16157.0,1287995.92621168,204291.28314124,3.0,286410.26333265414,12.565180549085254
16158.0,1288286.98566799,204269.029573217,3.0,461566.417187235,13.042381238468812
16159.0,1260544.00247158,211437.086412549,1.0,0.0,
16161.0,1279373.32140286,222492.145047873,1.0,0.0,
16162.0,1261100.36023214,232977.173282608,4.0,138413.26033874095,11.837999129272164
16163.0,1267588.84791879,266812.881541252,2.0,9.039112871888609,2.2015610359480235
16164.0,1268369.1022556,266795.43962124,3.0,412769.99011415866,12.930645792139972
16165.0,1272119.63710743,250399.29528445,1.0,0.0,
16166.0,1260432.23824747,209771.608778849,4.0,521233.9846510765,13.163954326733109
16168.0,1263390.5935145,284830.72443971,4.0,581246.1800456326,13.272929663897605
16169.0,1263081.68337017,284839.742807716,1.0,0.0,
16170.0,1278032.86348149,280855.681875646,1.0,0.0,
16171.0,1278165.65061763,281019.286483809,3.0,90939.78530183484,11.417952866499096
16172.0,1277567.15314502,280591.058707371,3.0,326429.8664584668,12.695970400516085
16173.0,1277704.36677715,280756.239123538,1.0,0.0,
16174.0,1273087.73886843,197546.513854325,2.0,273795.7322349002,12.520137604552477
16175.0,1289433.35085316,184697.690417171,4.0,286109.42834481806,12.5641296332132
16176.0,1289451.44461319,185035.003057525,1.0,0.0,
16177.0,1289323.22605304,184511.116976976,1.0,0.0,
16178.0,1284394.93504,176057.960360333,1.0,0.0,
16179.0,1284475.22067209,175836.513256103,3.0,93182.0,11.442309848973883
16181.0,1263461.27223457,263525.10726589,1.0,0.0,
16182.0,1282580.60307014,259628.142589897,1.0,0.0,
16183.0,1272875.88069221,239707.161449507,3.0,86751.07361484671,11.370798073696175
16184.0,1281901.04767746,260469.718334764,3.0,441204.12694497954,12.997262920227483
16185.0,1271777.42456308,241285.011947125,1.0,0.0,
16186.0,1281834.34047738,258483.987772733,1.0,0.0,
16187.0,1264385.36516352,263290.188417658,3.0,753986.2964184993,13.53312947231366
16188.0,1263841.42993096,263169.873729527,1.0,0.0,
16189.0,1285066.3848327,192653.948153317,5.0,290018.67235204164,12.577700587310709
16190.0,1283148.63404673,258263.450812504,1.0,0.0,
16191.0,1282593.30777416,234855.12816453,3.0,154920.26085682242,11.950665817443578
16192.0,1282444.635518,234858.983460546,2.0,46591.99999999999,10.749184131556358
16193.0,1283010.08121459,180183.714540556,3.0,973484.205630058,13.788636879348505
16194.0,1263850.51357897,261847.975744173,1.0,0.0,
16196.0,1267468.09982267,192167.72178483,2.0,7026.822395272567,8.857489876256675
16197.0,1267331.72279853,192067.23608872303,2.0,53596.32239527259,10.889235732676484
16198.0,1267293.12119849,192041.239736691,3.0,120827.55404354268,11.702119634859768
16199.0,1267362.83294256,191974.815672621,3.0,149941.0222298642,11.917997310626612
16200.0,1267578.27806279,191369.758136004,3.0,265494.0477392251,12.489347700351521
16201.0,1267156.57553436,192006.052792653,3.0,116373.567218197,11.66456070273728
16202.0,1285541.56332918,184691.983729169,3.0,743515.2383739327,13.519144540131542
16205.0,1274843.23403822,218201.455443487,3.0,199266.9695039048,12.20240075992135
16206.0,1260921.31959197,202385.222339287,4.0,92475.78588925573,11.43470211506147
16207.0,1261007.07568805,201957.138882846,3.0,183383.28343624485,12.119333686538182
16210.0,1279698.34309919,194500.420155212,3.0,98214.96358983032,11.494913861449277
16211.0,1280183.4408917,192784.373433456,2.0,126005.98039574406,11.744084648265547
16212.0,1272951.92741229,179782.992940143,1.0,0.0,
16216.0,1266608.53002979,226746.029916227,3.0,980094.531519666,13.79540430672907
16217.0,1266640.68350182,226781.968796268,2.0,56683.61023024989,10.945240386734715
16219.0,1268117.39313534,181168.906477556,4.0,587453.8195034903,13.283552916810466
16220.0,1268110.94827133,180838.268013224,3.0,232852.61230691167,12.358160967187668
16222.0,1279693.43788318,229649.701279208,4.0,495259.0356759208,13.11283620907063
16223.0,1278537.977594,253794.009271935,3.0,136581.98314117777,11.824680322406575
16224.0,1280284.2290518,200648.623425514,3.0,7858.67151185598,8.969372852290117
16225.0,1260754.5636878,168876.403168976,2.0,892.638138820641,6.794181279067083
16226.0,1284468.77382408,262754.449985102,2.0,46591.99999999999,10.749184131556358
16227.0,1272592.51774792,259406.944573671,3.0,1258804.7182894396,14.045673192409279
16228.0,1260138.64695117,203210.142276123,4.0,658879.921349138,13.398296583451014
16229.0,1268092.01623932,179847.148332208,4.0,143573.8277360147,11.874604660879486
16230.0,1268104.70155132,180507.629612878,4.0,194734.48638386632,12.17939230142713
16231.0,1268013.99735923,175906.787432179,4.0,1766366.5517089528,14.384435199032453
16233.0,1268228.14782345,185535.162866026,3.0,392471.64190883504,12.880219563680653
16234.0,1271904.60043521,175883.986920148,4.0,468145.087358256,13.056533542577608
16235.0,1273037.01157238,175863.525032133,2.0,464362.5345505196,13.04842085059566
16236.0,1272134.86673945,173879.299366102,3.0,1353178.5102008772,14.117966835036073
16237.0,1266599.51786979,171376.906083539,4.0,436258.65075930674,12.985990582122927
16239.0,1286140.57888179,170683.30019483,3.0,168734.13889736007,12.03607961259793
16240.0,1286879.00032255,170150.339298278,3.0,144318.8037617002,11.879780046471218
16241.0,1273828.53854918,193036.465401709,3.0,45323.85610664438,10.72158879772365
16242.0,1273843.50206921,193053.808889732,2.0,36362.01422222518,10.501279943407935
16243.0,1274232.52530159,202670.245379582,1.0,0.0,
16245.0,1262679.15760976,173343.062245548,4.0,2270135.4846812543,14.635350072558124
16246.0,1260483.34378351,203278.961668208,4.0,266555.70136020007,12.493338511480795
16247.0,1295004.67207487,185844.037554353,3.0,87037.74566024965,11.37409716171127
16248.0,1258084.03523706,168031.636832103,2.0,253061.95480566044,12.441389618386069
16250.0,1265780.92964494,217852.54837112097,3.0,139768.0,11.84773918415428
16251.0,1265615.15172477,217813.530387089,2.0,186344.0,12.13534970691119
16252.0,1265780.66916494,217887.65915516,1.0,0.0,
16253.0,1263131.21412224,175665.269543931,3.0,275532.1987394686,12.526459774573365
16254.0,1283270.83692685,258536.287164778,1.0,0.0,
16255.0,1282891.82687846,258560.393468812,1.0,0.0,
16256.0,1263296.0395944,171665.216483831,3.0,103429.20963881387,11.54664269283452
16257.0,1263300.0209064,171370.57801953,3.0,200891.54517147772,12.210520465156252
16258.0,1265597.99953276,216818.466770068,4.0,93322.2,11.443813300653884
16259.0,1265563.93892471,215198.026768401,2.0,33147.86303402184,10.408733530007392
16260.0,1282554.27007812,259820.974910095,1.0,0.0,
16261.0,1263484.3968426,262750.371905103,1.0,0.0,
16262.0,1283266.76115085,259934.228286222,1.0,0.0,
16263.0,1282244.5308778,258455.562300697,1.0,0.0,
16264.0,1281930.91180548,260088.037374377,1.0,0.0,
16265.0,1272805.67544414,239747.621993542,1.0,0.0,
16266.0,1263008.92893811,171713.504163876,4.0,187211.9113171564,12.139996469832365
16267.0,1262643.67933773,171732.053667903,4.0,1115055.7993010937,13.924415005840414
16268.0,1265663.37476483,246324.34641628,3.0,578480.8875663751,13.268160787155455
16269.0,1264298.86993143,171335.221731484,3.0,659805.6371390038,13.399700581448826
16270.0,1263948.65341906,171328.866467491,4.0,563378.07521003,13.241706218527028
16271.0,1263393.6798505,284990.730007872,3.0,659040.0216627091,13.398539542540005
16272.0,1263140.55140224,284996.674199879,1.0,0.0,
16275.0,1267413.91588661,212149.160781279,2.0,1410054.6270457203,14.159139004189493
16276.0,1267480.98334268,212149.914381281,5.0,1800259.1986776232,14.403441211764841
16277.0,1291480.92250326,169852.916961968,3.0,95821.18114550138,11.470239037072696
16278.0,1266584.40145376,211851.581644982,5.0,671241.2653793449,13.416883912250299
16279.0,1267776.39742298,211833.324812964,3.0,619667.6492477161,13.336938563694865
16284.0,1288916.39354064,174599.534438834,4.0,186354.0,12.135403369662278
16285.0,1288601.7160363,174911.819623157,2.0,46592.0,10.749184131556358
16286.0,1280268.27564378,181418.57790181,1.0,0.0,
16287.0,1267112.4548943,234316.909795985,3.0,132758.61258569645,11.796287815234685
16289.0,1280632.50758015,173734.54173395,4.0,588833.8244125848,13.285899291099721
16290.0,1266048.18532522,217909.865171179,2.0,46592.0,10.749184131556358
16291.0,1286400.36281806,243143.162797019,1.0,0.0,
16292.0,1281577.74482912,201264.660610139,3.0,66257.1889550189,11.101299250489998
16293.0,1255955.52246688,201704.081922591,4.0,143296.46797030792,11.872670965712835
16294.0,1262059.49053714,233123.025698766,3.0,1177642.6311229467,13.979025228002355
16295.0,1289195.58163692,174588.956070825,3.0,263044.7874765016,12.480079591248883
16296.0,1288571.62816428,174973.759079218,1.0,0.0,
16297.0,1288877.83424459,174640.672166869,1.0,0.0,
16298.0,1288939.77670866,174550.680230781,1.0,0.0,
16299.0,1265508.48004466,165405.11420542,2.0,39861.99891073838,10.593178740796867
16300.0,1264855.822892,165471.441181481,2.0,8520.318531056484,9.050209005398747
16301.0,1264817.39517996,216559.589649796,3.0,83595.01452615851,11.33373916244
16302.0,1264326.14385146,216509.762321755,1.0,0.0,
16303.0,1256041.65251496,193233.183545917,1.0,0.0,
16304.0,1255971.4830429,193239.03128992,2.0,46591.99999999999,10.749184131556358
16305.0,1266074.49271725,217947.411667228,1.0,0.0,
16306.0,1287699.77523538,194551.726523265,2.0,46591.99999999999,10.749184131556358
16307.0,1287592.69869128,194567.453179285,1.0,0.0,
16308.0,1265601.67050876,216995.805970252,4.0,279502.0,12.540764727186753
16309.0,1282920.78022249,274864.430029511,3.0,80944.34200210508,11.301517061692106
16312.0,1263653.69668277,286949.870105878,1.0,0.0,
16315.0,1283121.5127667,193751.480058447,3.0,2785206.816512453,14.839832689452551
16316.0,1283219.4036468,193734.212090433,2.0,375509.45200334047,12.83603892164939
16317.0,1280372.42309989,206902.66573591495,3.0,583885.4901352577,13.277460164048938
16318.0,1285228.41209686,201528.888386413,1.0,0.0,
16319.0,1260432.66832747,286239.581209153,1.0,0.0,
16320.0,1260122.88419914,286247.189785168,3.0,135207.94258274024,11.814569187779227
16321.0,1263423.58365853,286965.952409893,3.0,2471625.689680874,14.72038666606254
16322.0,1260778.32221583,286225.45032914,3.0,698587.314226482,13.456815452338695
16323.0,1260445.16835947,286239.581209153,1.0,0.0,
16324.0,1282900.48428647,196673.520509437,4.0,344258.95785063057,12.749149437604945
16325.0,1283041.48172662,196775.754557535,1.0,0.0,
16326.0,1274882.05643827,194921.91801165,1.0,0.0,
16329.0,1282909.91737448,197611.093758404,3.0,44118.414173664365,10.6946325292415
16330.0,1282076.48364563,201520.769026399,3.0,22663.109028431627,10.02849372854345
16331.0,1280418.22713193,206903.683783919,3.0,2695085.123699952,14.806940347614894
16332.0,1277546.18892099,217559.150610819,4.0,453079.1600362021,13.02382213541561
16333.0,1281143.23321268,204742.54797369204,3.0,25677.97620250363,10.153388946384638
16334.0,1266173.15460534,193055.625145733,3.0,93182.0,11.442309848973883
16335.0,1266153.27991733,193049.156345725,1.0,0.0,
16336.0,1252879.91900773,210025.611211106,2.0,154027.10624660322,11.944883880495349
16337.0,1282870.36198245,198662.435135469,4.0,66428.40914761566,11.103880092572076
16338.0,1279171.83692266,210001.097163081,4.0,1004520.6118831992,13.82002098257185
16339.0,1279375.28466687,209988.845899075,3.0,731604.1894163619,13.502994921858015
16340.0,1277342.35109678,217557.899986818,4.0,381536.4665469965,12.851961712417628
16341.0,1282573.40326214,197481.803006262,1.0,0.0,
16342.0,1282861.87417443,197481.37747027,3.0,94460.23582951608,11.45593424005419
16343.0,1281387.17497292,203926.54438886,3.0,58333.655560823536,10.973934488122117
16344.0,1279783.06207529,208344.772105381,3.0,24600.97582959844,10.11054138900356
16345.0,1266163.51121333,192460.779257119,1.0,0.0,
16346.0,1279039.06681052,212470.535501614,1.0,0.0,
16347.0,1279161.22930664,212465.22183761,3.0,1509825.2812168333,14.22750449429302
16348.0,1281097.49874863,204740.14048570403,3.0,19254.66463344383,9.865508628981974
16350.0,1279192.69317868,211910.078285038,3.0,677821.5777567123,13.42663937263909
16352.0,1281032.16326056,204941.304133907,3.0,65241.65824431239,11.085853474013284
16353.0,1281057.60972458,205020.393861979,3.0,55058.44891156533,10.916150607423754
16354.0,1282044.6628456,201778.649410665,3.0,49398.94746597832,10.807684396592316
16356.0,1279205.23775469,212329.398925468,3.0,1216411.6458029686,14.011415808730776
16357.0,1281960.66860551,202039.049794927,3.0,207464.71182803268,12.242716540711097
16358.0,1280200.8273237,207446.623944461,3.0,30266.40879058967,10.317793755750277
16359.0,1279954.79698746,207207.142472222,1.0,0.0,
16360.0,1280247.04242776,207199.80948022,4.0,650332.2323994812,13.385238638059459
16362.0,1282124.87756568,201518.11712239697,3.0,139600.31020604307,11.846538691414265
16366.0,1279275.34981877,209586.011082664,3.0,173974.70137305552,12.066665173218148
16367.0,1279865.66687536,207464.393288493,2.0,3675.3544007662977,8.20940484257999
16368.0,1280144.82937165,207452.243656471,3.0,51773.83476280457,10.854640180222106
16369.0,1279227.79417071,213517.789326683,3.0,648499.6434764293,13.382416732971992
16371.0,1279121.11589861,209999.026955083,4.0,484874.0361398409,13.091644416887425
16372.0,1279384.03826687,209321.01850639295,3.0,59340.71143803114,10.99105088295446
16373.0,1280923.15692444,205284.141382247,5.0,847230.3667852908,13.649727916330093
16375.0,1282908.95641448,197482.338110268,3.0,89164.05182822849,11.398233230929199
16376.0,1283430.59449501,197477.633086264,3.0,45408.49657733696,10.723454515799748
16377.0,1278971.06041045,212827.411725983,2.0,232920.0,12.358450325951056
16378.0,1279180.36639467,212822.293005973,3.0,1435002.170591132,14.176676919781775
16379.0,1280881.21574041,205578.316678554,3.0,28806.655931257566,10.26836174814675
16380.0,1262765.25687386,194326.970427036,3.0,62701.97795460165,11.046148272448823
16381.0,1262691.48074578,194052.169082746,1.0,0.0,
16382.0,1282916.35532649,196402.722173154,3.0,430970.02353471227,12.97379381570356
16384.0,1279214.36338671,212549.17377369097,3.0,1173519.9307851342,13.975518278181083
16388.0,1282906.07385448,197252.692222029,4.0,402281.7606713003,12.904908019279723
16389.0,1255150.37641805,194635.26015535,3.0,37297.29485129709,10.526676078907997
16390.0,1255094.07894599,194636.412667349,3.0,387505.095330894,12.867484276930105
16391.0,1279225.37618671,212893.659982041,3.0,81512.96356473018,11.308517348723841
16392.0,1282911.83897449,197920.49145472,4.0,2336943.289960222,14.664354347056358
16393.0,1281536.53791708,194625.781179339,3.0,331904.419337684,12.712602312888126
16394.0,1265234.36612438,192490.854649156,2.0,1772.9831437458015,7.480418798835445
16395.0,1265232.99108438,192411.907961071,4.0,201809.0163780666,12.215077065675915
16396.0,1265232.67185238,192344.909049004,2.0,396.8715981247383,5.983612797956017
16397.0,1282909.62572648,199340.141824171,2.0,393.4076775637905,5.974846421686718
16398.0,1282909.08435048,199261.560576081,3.0,756697.0259967494,13.536718222447256
16400.0,1280904.14118043,205187.676358148,2.0,28008.504723285158,10.240263483154978
16401.0,1282264.43967782,197264.562942043,4.0,892749.7388840184,13.702061572971655
16403.0,1282814.79449439,195912.983612657,5.0,1824581.6860314405,14.416861305591926
16404.0,1282986.25414257,195908.771708652,4.0,352475.6121431173,12.772736713431444
16405.0,1274986.20453437,267259.634245723,3.0,442609.3084368991,13.000442737640697
16406.0,1272965.43333229,194347.359483048,2.0,59100.3375736762,10.986991915284412
16407.0,1274983.38431036,267134.863173589,4.0,578988.1076297297,13.269037216844591
16408.0,1292507.57172032,185433.728689924,2.0,46592.0,10.749184131556358
16411.0,1292551.96109636,185432.386801928,1.0,0.0,
16412.0,1282722.61919829,196661.70226942,1.0,0.0,
16413.0,1282853.99161443,196660.695037425,4.0,135643.1133312257,11.8177825488752
16414.0,1287639.80915533,201007.886145875,3.0,139768.0,11.84773918415428
16415.0,1287890.50451559,200796.925633654,2.0,46592.0,10.749184131556358
16416.0,1283051.41708663,194610.92255532704,2.0,30837.193039954956,10.3364768066723
16418.0,1283050.32787062,195911.10143666,4.0,842899.8543608167,13.644603433202093
16419.0,1288318.16870803,172878.385317072,3.0,139430.13333333336,11.845318918462965
16420.0,1288856.06458057,172879.453925073,3.0,46758.66666666666,10.752754900779689
16422.0,1289450.68973318,172301.063652486,3.0,439061.50862510473,12.99239479300605
16423.0,1289599.45946133,172207.487716377,1.0,0.0,
16427.0,1254960.90467386,200647.146753505,3.0,791656.5686847507,13.58188295135584
16428.0,1288290.583428,172673.953636855,3.0,232423.46666666676,12.35631627419212
16429.0,1288428.05626014,172020.603236198,3.0,1430959.2207881378,14.173855561129143
16430.0,1289525.50291726,171955.608292133,3.0,1108643.3678238078,13.918647634654082
16431.0,1260881.87351193,204435.688709378,2.0,42247.10278058198,10.651291057193404
16432.0,1261131.45437618,204220.916165158,2.0,12112.060923197429,9.401957005651157
16433.0,1260818.29520786,174447.453734681,2.0,336.26666666666665,5.8179044959826
16434.0,1260736.62839177,174949.70371919902,3.0,92888.04285714276,11.439150206691874
16435.0,1295435.77876331,183851.328304306,3.0,49476.44890069336,10.809252055553694
16436.0,1295746.22765963,183838.958256289,4.0,80750.93982603644,11.2991248797297
16437.0,1279192.55570668,213194.937934354,4.0,1015948.032266668,13.83133275646856
16438.0,1279233.34009072,213149.319566309,3.0,10621.91968049202,9.270675039335606
16439.0,1263084.06692219,173988.911974207,3.0,161847.28726312472,11.994408498405306
16440.0,1278733.86373821,248309.278770313,1.0,0.0,
16441.0,1265725.87857288,166081.018334106,3.0,175243.86943996738,12.07393382248734
16442.0,1265597.20823675,165787.789597809,2.0,84512.67370238468,11.344656786742298
16443.0,1270998.08158629,227029.33545252695,5.0,2530663.295176788,14.743991998349264
16444.0,1270933.59518622,227134.099356622,3.0,636819.1305408517,13.364240954739541
16445.0,1267759.21963097,166853.518750906,2.0,492358.3071197885,13.106961996920711
16446.0,1267205.5242064,166728.685726777,2.0,446545.2357199324,13.009295985969757
16447.0,1265848.86129302,271492.624458045,5.0,1280856.626131483,14.063039651220354
16449.0,1257386.90806834,284783.791767657,3.0,93026.945016095,11.44064446152723
16450.0,1257161.49968411,285215.617688105,3.0,139960.68778969574,11.849116860657144
16451.0,1269770.76318502,278460.515409186,3.0,273109.74116047984,12.517628975666689
16452.0,1296224.20865212,183817.797872275,4.0,62943.30672081505,11.049989706906201
16453.0,1294049.54208989,188583.973045155,4.0,239309.8438355325,12.385514409011677
16454.0,1267494.1834067,284728.168535605,3.0,63863.27588854636,11.06449976292593
16455.0,1282160.86994971,201248.998850122,4.0,360901.94081836415,12.796361568334248
16457.0,1280482.502588,206607.781447604,3.0,540592.1670319358,13.200420423322427
16459.0,1255594.15241851,202038.885058925,3.0,280615.88276641426,12.544742047922508
16460.0,1289104.52634083,182737.745519161,2.0,26701.1554996972,10.19246212059413
16461.0,1282213.50079776,201246.041858122,4.0,2213937.857680251,14.61028332396171
16463.0,1290234.96371798,181635.158510044,1.0,0.0,
16464.0,1290294.83795805,181395.55626979505,3.0,670764.276383219,13.416173052270413
16465.0,1289653.27526939,184699.988657176,3.0,153347.08976024896,11.940459191600654
16466.0,1278503.83429797,181715.910318121,4.0,417989.55786477774,12.943211730010116
16467.0,1279142.42553063,181713.692142114,2.0,139764.0,11.847710564890653
16468.0,1263838.08017096,282479.288853303,1.0,0.0,
16470.0,1293991.16519383,188437.147509009,1.0,0.0,
16471.0,1273579.00165293,242601.82071647,1.0,0.0,
16472.0,1289654.61414939,184827.234161302,1.0,0.0,
16473.0,1296415.89460431,183131.052527577,1.0,0.0,
16474.0,1296666.47156458,183000.140015438,3.0,93182.0,11.442309848973883
16475.0,1296060.79988395,182524.560302943,1.0,0.0,
16476.0,1296888.4498048,182487.766062915,4.0,1174387.923075104,13.976257653304417
16477.0,1281138.89266866,185595.69029009304,3.0,89428.77547425774,11.401197782685347
16478.0,1281322.01996486,185212.9771377,1.0,0.0,
16479.0,1281455.25100499,215699.082512915,3.0,816468.4288423087,13.61274352419354
16480.0,1294996.24916285,185611.172210112,1.0,0.0,
16481.0,1296453.98407635,182762.34225519,1.0,0.0,
16482.0,1296866.19950077,182739.931567162,3.0,530043.3075836615,13.180713994612029
16483.0,1288854.64730057,172573.328868762,1.0,0.0,
16484.0,1289262.81408499,172868.116325065,3.0,346369.0298372248,12.755260045891799
16485.0,1287948.73766765,173805.388070017,1.0,0.0,
16486.0,1289230.21741295,172978.661413178,3.0,299792.42983722506,12.610845613622107
16487.0,1289864.9316536,172972.784741163,1.0,0.0,
16488.0,1260755.70512779,201801.17523469,4.0,1757238.7843668754,14.37925426252632
16489.0,1260635.38448767,201804.241538689,3.0,1314986.35585132,14.08933684776171
16500.0,1276301.30981572,219673.74350899496,3.0,650483.9479835774,13.385471900202216
16501.0,1277558.332601,218697.206419989,4.0,1160029.408765586,13.963955915145307
16504.0,1268629.96132787,173930.802214146,3.0,573449.6765762425,13.259425463796072
16505.0,1267970.55812718,173933.967846155,4.0,824556.7218301559,13.622601214043215
16506.0,1262688.50570577,175689.57527194903,3.0,284568.3486288383,12.558728744921366
16507.0,1289959.38752571,172269.652964443,3.0,93182.0,11.442309848973883
16508.0,1290055.0684218,172131.421604306,4.0,580501.6675979818,13.271647952808433
16509.0,1289907.40205365,172253.959396437,1.0,0.0,
16510.0,1287901.62457959,200803.640833661,1.0,0.0,
16511.0,1287626.43910731,201002.987905875,1.0,0.0,
16512.0,1279782.70348328,202325.25657922,1.0,0.0,
16513.0,1290365.78496611,180452.108716831,3.0,904157.9295035326,13.714759324894153
16515.0,1270409.42072168,173908.741222128,3.0,633803.3481684248,13.35949400891422
16516.0,1268146.14507137,182510.952046931,4.0,1666348.583049222,14.326145313345586
16518.0,1271382.01393868,233267.366946906,1.0,0.0,
16519.0,1260227.98506325,242176.151596025,3.0,86155.40938237085,11.363908030261934
16520.0,1260309.73226334,242343.574508205,4.0,148426.39660040758,11.907844468563413
16524.0,1275077.05541447,211819.57223694,3.0,11223.353968135518,9.325752062048034
16525.0,1260423.50762346,242213.749292076,4.0,124053.17889891194,11.728465614740113
16526.0,1259925.28880695,242284.539180145,3.0,133067.80483062318,11.798614088051103
16527.0,1268598.96567982,212178.133197308,6.0,984475.3846429808,13.79986417384674
16528.0,1266839.12670203,212192.050125331,2.0,645504.929753314,13.377788126347827
16529.0,1294082.23917793,183871.84593632803,3.0,50966.58126797423,10.838925427668325
16530.0,1294419.81460227,183840.134768292,2.0,2171.7500285951824,7.683288586306915
16533.0,1293439.08596127,183903.622448355,3.0,57651.99046762718,10.962180051859665
16534.0,1283387.75795098,180436.694700807,3.0,371175.4153017068,12.824430047371404
16535.0,1283484.27385508,180240.888300613,4.0,1984671.6292853465,14.500964032366307
16536.0,1260009.33130303,240357.789738163,4.0,666783.41539045,13.410220557609527
16537.0,1267313.21822251,245175.328687102,3.0,219728.37151025815,12.300147387542037
16538.0,1267217.63217442,245000.75684692,3.0,19718.55819787866,9.889315511785853
16539.0,1259926.56931895,242372.790956229,3.0,97782.25579884498,11.49049840601221
16541.0,1293454.16692129,184142.251888603,1.0,0.0,
16543.0,1264423.42250755,212117.518157259,3.0,322603.0902440171,12.684178023809068
16544.0,1264669.9502518,211569.77511669704,3.0,214679.87769605787,12.276903256587127
16545.0,1266719.53604591,229163.224542707,3.0,6701.189067757657,8.810040262432274
16546.0,1269868.28664114,198466.151423275,3.0,2174083.669109362,14.592117832173571
16547.0,1269661.23716892,198874.91276769305,3.0,104856.1510750088,11.560344700083885
16549.0,1266521.98327771,229321.70582287,3.0,46307.76739569687,10.743064988329866
16550.0,1272137.50814745,235415.198565111,3.0,92491.39869286584,11.434870932072794
16551.0,1264540.31761168,212115.080461249,3.0,48835.251057078895,10.796207688793496
16553.0,1263634.80497074,212551.901453704,3.0,66568.01497515148,11.105979485540454
16554.0,1266660.36785385,229248.343134791,2.0,19860.669190355715,9.896496632416971
16555.0,1266627.66743781,229222.542366773,3.0,11279.221930569882,9.330717544886616
16556.0,1272276.0714756,235501.761061192,2.0,12590.747157159623,9.440717470564236
16557.0,1272364.38270769,235500.591461197,2.0,47973.13754577209,10.778396498773132
16558.0,1264707.37341985,212111.596557245,1.0,0.0,
16563.0,1275976.39250338,207412.001288429,4.0,1330556.0746869408,14.101107514086333
16564.0,1263166.77508226,241746.615403593,4.0,2781322.02047042,14.838436919562017
16568.0,1284168.29868777,192675.178425342,4.0,167987.50153565969,12.031644859996831
16569.0,1284272.07935987,192229.36696888495,3.0,18245.36653260075,9.811666438150848
16570.0,1263323.77706642,212592.673677742,4.0,2760513.179608985,14.830927155050567
16571.0,1281478.89298902,198619.915903434,3.0,261535.23579608335,12.474324298327934
16572.0,1264150.11498727,212901.521486059,1.0,0.0,
16574.0,1267987.59678321,212216.691533357,3.0,1329175.284441855,14.100069220978726
16575.0,1267671.77003089,212152.057421282,3.0,852641.6860762563,13.656094675005967
16576.0,1280981.7873885,199149.017855972,1.0,0.0,
16577.0,1280985.39334051,199599.901760429,3.0,912239.5732691383,13.723657924547584
16578.0,1280983.17714851,199262.230208084,1.0,0.0,
16579.0,1281709.56511725,230023.364895582,1.0,0.0,
16580.0,1268098.43255931,211744.638668865,2.0,0.0,
16581.0,1273529.87211688,215672.711184889,1.0,0.0,
16582.0,1295218.09844309,184525.615984991,3.0,162582.32388183518,11.998939760972767
16583.0,1295215.03482708,184409.583408877,3.0,93180.0,11.442288385370787
16584.0,1270105.14372937,255825.018682003,1.0,0.0,
16585.0,1280796.99046032,199300.448320121,1.0,0.0,
16586.0,1295224.7116271,184310.982896775,2.0,0.0,
16587.0,1295542.75367542,184309.780464783,2.0,0.0,
16588.0,1272748.51250008,194353.088123068,2.0,20598.705532291853,9.932983514565008
16589.0,1267536.48811074,236201.00803791,1.0,0.0,
16590.0,1275925.62815133,179798.875436157,3.0,6356.867840600439,8.757291057134088
16591.0,1276146.75307956,179751.92606011,2.0,4411.51562432408,8.39197358838185
16592.0,1254439.07043333,209945.76493902496,3.0,1047896.3138369416,13.862295201790028
16593.0,1254430.37225732,209740.12359482,2.0,43429.43183692136,10.678892643171164
16594.0,1254412.1485773,209104.224970162,2.0,1324.7145196057115,7.1889522583048
16595.0,1254398.35657729,208626.429321676,3.0,96824.79088945908,11.480658344705528
16596.0,1266070.32535724,286987.71912992,3.0,1334097.726477312,14.103765761003322
16597.0,1266189.94225337,191996.005240649,3.0,86075.10759063004,11.362975538169696
16598.0,1266537.91108572,191443.099832088,4.0,54233.04952942519,10.901045771509196
16600.0,1266543.80606173,192007.729656667,3.0,156733.2985587975,11.962300904549263
16601.0,1266311.46334149,192004.508152649,3.0,90592.18361321864,11.414123214724508
16604.0,1259968.75427899,201822.70899471603,3.0,1471262.8140657973,14.201631647164097
16605.0,1274170.91710953,240729.432042554,3.0,28157.456570534603,10.245567485544194
16606.0,1273704.23826106,241337.872747168,4.0,155147.1453949379,11.952129270705896
16607.0,1267535.72830275,191011.283767641,4.0,1559960.6856075765,14.26017117737455
16608.0,1271084.90949038,221830.5301992,4.0,139770.0,11.847753493478953
16609.0,1271084.72248237,221813.19099918,1.0,0.0,
16610.0,1284655.45062427,192668.613497332,4.0,524371.0478752996,13.169954819346218
16611.0,1280746.40889227,231365.600032955,2.0,86447.99604260166,11.367298310306056
16613.0,1267881.2873431,230992.452192575,2.0,21499.21794658903,9.975771838876929
16615.0,1271115.0616824,222161.382551536,3.0,181347.7861601013,12.108171937082641
16618.0,1264961.25610811,215210.087120414,3.0,159367.39273470076,11.978967461894925
16619.0,1252096.40809493,240893.82244272495,3.0,47830.26654397386,10.775413909395045
16620.0,1252087.95407893,240575.184682399,3.0,6444.256324702559,8.770944520771842
16622.0,1282612.23161417,199938.216704786,4.0,1244542.3364999918,14.034278419094234
16623.0,1282565.16607814,199937.444096774,4.0,369878.20609504526,12.820929057715082
16625.0,1282920.66310249,198661.858687475,4.0,741367.8744349297,13.516252237811655
16626.0,1268371.00126359,169168.249057278,3.0,93319.0,11.443779010261407
16627.0,1285545.55084918,169628.075233743,1.0,0.0,
16628.0,1268406.63236763,168820.252384916,1.0,0.0,
16629.0,1285841.10374549,174398.109670624,3.0,499639.6013772309,13.121642320259559
16630.0,1286639.77837031,174386.942054614,1.0,0.0,
16631.0,1287371.72633906,174521.056614757,1.0,0.0,
16632.0,1268267.88958348,169154.073569253,1.0,0.0,
16633.0,1260239.47453527,244375.339438289,1.0,0.0,
16634.0,1260222.20323925,244391.081902295,3.0,2337007.632605309,14.664381879499961
16635.0,1273704.64805305,241221.004203051,5.0,498539.62818135554,13.119438360071735
16636.0,1273697.91806905,241342.945259184,1.0,0.0,
16637.0,1273628.44082098,241262.458219096,2.0,94242.39433936591,11.453625405389554
16639.0,1266651.11127783,192010.168248668,4.0,325311.3722656288,12.692538071166792
16640.0,1266669.47146985,191406.051064044,3.0,48697.1106956392,10.79337497867903
16643.0,1262876.18775398,283772.842326626,1.0,0.0,
16644.0,1266300.56964548,191504.872056141,3.0,21918.95292357856,9.995106971836101
16645.0,1259991.31587902,202486.357635394,3.0,317743.8601673847,12.669000866024366
16646.0,1266450.91908562,191464.143096104,2.0,671.6017346016586,6.509665507989894
16647.0,1279511.006843,202672.985539585,3.0,2122928.1728323787,14.568306907250298
16648.0,1282857.07001443,197251.731262028,4.0,400186.4649945894,12.899685879956616
16651.0,1253534.1224644,250462.87422852204,3.0,279502.0,12.540764727186753
16652.0,1253353.48470421,250467.786292523,3.0,186350.0,12.135381904907405
16653.0,1253351.43516822,250366.292724416,1.0,0.0,
16656.0,1276177.91736759,218486.928659767,2.0,637181.8802311076,13.36481042006491
16657.0,1274860.57944624,218162.704851449,1.0,0.0,
16658.0,1275109.66162249,218192.27073946604,3.0,460095.8344244488,13.039190082471732
16659.0,1282362.81740592,200598.049409449,4.0,326205.3084918459,12.695282242770068
16661.0,1277237.36671267,229713.863199264,3.0,4730.131972634711,8.461708382288018
16662.0,1275397.94616678,229653.80131121,3.0,256053.46089839903,12.453141533293781
16663.0,1275588.55467899,229541.250335097,3.0,6421.472516791148,8.76740273437027
16664.0,1281564.7720931,191963.961336613,1.0,0.0,
16665.0,1277240.27512868,229808.497887373,3.0,103970.37132357009,11.551861246414807
16666.0,1253525.42000039,250471.300340533,1.0,0.0,
16667.0,1279085.68684256,175780.652200043,3.0,194366.1098015101,12.177498823514076
16668.0,1279060.42476255,175469.407079726,1.0,0.0,
16669.0,1279853.23583536,175769.055720031,3.0,344716.2355036146,12.750476851783395
16670.0,1292525.88468033,186101.247986615,2.0,83342.58195808501,11.330714885515082
16671.0,1287107.65011477,203124.320900038,1.0,0.0,
16673.0,1271297.80248259,218914.149908215,4.0,1170640.0286334483,13.97306119022596
16674.0,1286384.77101004,243583.817773476,2.0,9996.742467631568,9.210014565670228
16675.0,1281195.14815673,219865.037077188,3.0,2526807.4134554537,14.742467171932825
16676.0,1274338.74226171,216186.14420941504,3.0,1238831.8105367564,14.029679405260342
16677.0,1271726.96958703,223270.89544867,4.0,540097.2053431323,13.19950441223531
16678.0,1271824.01765113,223328.584984735,1.0,0.0,
16679.0,1264825.90429996,217717.103378981,1.0,0.0,
16680.0,1264885.09642802,216671.23080191,3.0,46689.33333333333,10.751271009288045
16681.0,1280358.72005987,221546.899542913,3.0,32979.6239924326,10.403645194970144
16682.0,1280328.91333984,219899.520597219,3.0,113966.45991592306,11.643659472824176
16683.0,1277479.59519292,248125.873650119,4.0,746933.9398431034,13.523732026259466
16684.0,1276661.01221609,235883.927653581,3.0,725727.7529177167,13.494930227497251
16685.0,1277470.84850492,247628.208625615,4.0,354825.32492395665,12.779380904897206
16686.0,1282449.39238201,235041.029732719,1.0,0.0,
16687.0,1277973.26975343,246560.040112525,4.0,225444.5658406356,12.32582957994656
16688.0,1278207.89855367,246552.148080513,3.0,244807.60194284384,12.40822788282624
16689.0,1286088.84966573,196462.265341222,1.0,0.0,
16690.0,1267078.88145427,192004.017336652,3.0,154099.17656989634,11.945351677814998
16691.0,1267107.7891663,191202.86571984,3.0,733922.0250183028,13.506158069008443
16692.0,1266877.70635007,197712.203454494,3.0,1214432.2455773416,14.009787237953251
16693.0,1286010.10700966,196462.962493226,1.0,0.0,
16694.0,1266876.03179006,197658.047422439,2.0,779.9052904179727,6.659172489770263
16698.0,1268321.36055954,261380.06105569,3.0,77720.25118639004,11.260871135426324
16699.0,1274473.5392538498,242626.286508486,6.0,780189.8547973529,13.567292572634278
16700.0,1274704.15032607,242596.141228467,3.0,1158329.543445181,13.96248947646168
16701.0,1287657.06797135,195453.351676181,3.0,116473.0,11.665414765470821
16702.0,1278275.59167373,280115.324754879,3.0,182113.70313662715,12.112386513497514
16703.0,1272907.95768423,178475.095914796,3.0,93182.0,11.442309848973883
16704.0,1266233.25482941,212366.703373507,2.0,91508.97116573474,11.42419229198462
16705.0,1266238.50519741,212207.566541344,3.0,463187.0630147013,13.045886275262589
16706.0,1265513.47774068,212673.458317816,3.0,17714.590554019695,9.782143904078453
16707.0,1265503.81764466,212399.756749541,3.0,38503.862508600745,10.55851384014239
16708.0,1281314.41068485,188984.358709559,3.0,6942.017217759729,8.845347676649098
16710.0,1274715.5584541,242822.322860688,3.0,12501.742487282454,9.433623312557854
16711.0,1283788.78764738,256406.195962608,1.0,0.0,
16712.0,1284027.68844762,256407.761594608,1.0,0.0,
16714.0,1266202.30903737,191528.196472168,3.0,6030.45385661513,8.704577553325858
16715.0,1266632.41975781,192206.29842487,2.0,38315.42914129767,10.553607943688842
16716.0,1265309.28951646,274159.329740778,3.0,240898.69098267215,12.392131754726316
16717.0,1265313.36465247,274411.992653042,1.0,0.0,
16719.0,1266291.12676546,274547.349965185,1.0,0.0,
16720.0,1266486.63850966,274556.667213187,3.0,67675.60636321269,11.122481074371622
16721.0,1260177.9467272,242026.634859875,3.0,284025.5692457968,12.55681954564628
16722.0,1266294.15857346,274732.732813373,1.0,0.0,
16723.0,1266489.55748567,274727.535949364,3.0,67902.30940075371,11.125825324761532
16724.0,1266323.9827015,274925.162189573,1.0,0.0,
16725.0,1266492.89572567,274922.96276556,3.0,144630.0002056462,11.881934037489655
16726.0,1265900.80734107,275134.162765786,3.0,1099471.0523603547,13.91033976062705
16727.0,1266119.56087729,275131.718221784,2.0,46592.0,10.749184131556358
16728.0,1266137.88759731,275130.90362978,1.0,0.0,
16729.0,1285100.92678472,192368.207609028,2.0,2156.832404904353,7.6763959451342165
16731.0,1260169.6708232,240352.921002164,4.0,317666.3937053349,12.66875703469819
16733.0,1272084.6191234,271567.588554129,1.0,0.0,
16734.0,1280709.11826824,271074.784073621,3.0,2660255.329847031,14.793932664815562
16736.0,1281368.3915489,189292.518517882,3.0,684924.0396113299,13.437063220017142
16738.0,1269664.70961691,197688.280958474,3.0,136608.09102858067,11.824871455906294
16739.0,1269651.6886249,198158.767166957,4.0,2283343.8083196734,14.641151509145034
16747.0,1270817.13246611,197241.872702017,3.0,149430.95601619018,11.914589732467702
16748.0,1271114.13061041,196732.697533503,2.0,105591.01155887789,11.567328528817916
16770.0,1277924.41976938,218862.415444165,3.0,95748.22449879986,11.469477363777493
16771.0,1276264.39749567,218998.50242029096,3.0,1631398.009262319,14.30494787958449
16775.0,1274173.24389353,195869.250428617,3.0,60645.88236593748,11.012807020326928
16776.0,1274303.58219767,195863.657916605,1.0,0.0,
16780.0,1273027.55589236,193903.370490596,1.0,0.0,
16781.0,1275602.686583,284676.287703559,1.0,0.0,
16782.0,1275796.97227921,284671.083991542,3.0,98288.74587845946,11.495664812078108
16784.0,1277035.60760847,218418.999315709,1.0,0.0,
16785.0,1279690.91756319,213534.820430696,3.0,9388.957210047389,9.147289512792351
16786.0,1279715.82661921,213486.95271866,3.0,28786.919433793617,10.267676376623577
16788.0,1260230.85021526,242420.819756284,3.0,2213237.4167520325,14.60996689604068
16789.0,1260186.39229521,242530.89431639,3.0,2349462.845506907,14.66969728361274
16791.0,1259819.30378284,242374.622636229,3.0,309354.23561852553,12.642242292859988
16792.0,1282982.26073456,181355.849005759,3.0,1339035.7791878397,14.107460345143679
16793.0,1268661.56759989,213742.522126913,1.0,0.0,
16795.0,1268235.34628746,212079.117325217,3.0,1831944.4723482756,14.420888513903298
16796.0,1274858.96466224,252551.115766659,3.0,5841.672655758692,8.672772448471022
16799.0,1273681.20715703,220716.26504606,3.0,657381.085448153,13.396019168043173
16800.0,1273598.90450095,221557.867734924,4.0,2814253.775920394,14.850207695930779
16801.0,1287683.00493138,175212.599207461,3.0,50970.06336746176,10.838993746563876
16802.0,1287692.91110738,174569.133606806,2.0,1375.5836597898456,7.226633399881749
16803.0,1267495.95019069,285118.677592009,1.0,0.0,
16804.0,1288328.79430804,174586.162086815,3.0,167325.7114200708,12.027697559685912
16805.0,1288622.31110834,173865.980134085,3.0,162133.31237690678,11.9961741917117
16806.0,1288618.58541232,173717.610021934,3.0,93182.0,11.442309848973883
16807.0,1288520.73389223,173718.489957929,1.0,0.0,
16808.0,1288774.76224449,173709.493285924,1.0,0.0,
16812.0,1260746.68215179,175126.593767375,1.0,0.0,
16814.0,1273268.77163661,218798.347284093,3.0,1976181.3497224776,14.496676929254118
16819.0,1271900.30456321,262413.755456761,3.0,9171.535082712664,9.12385995393519
16820.0,1271888.04177919,261934.02905626604,3.0,155402.633182898,11.95377466132102
16821.0,1281334.21612486,218631.384083927,2.0,34576.8083068027,10.450938456157434
16822.0,1295581.25223546,217338.999186605,2.0,4976.029110423072,8.512387484567311
16823.0,1261303.01437636,174946.481895193,3.0,162413.64704542313,11.997901736710025
16826.0,1270337.7062896,177858.328106165,1.0,0.0,
16829.0,1281780.27724533,218488.259667769,2.0,39382.39973521418,10.581074288254563
16830.0,1281878.46732543,218535.616851822,3.0,43005.3464547091,10.669079723102627
16831.0,1264825.31242797,165914.504925936,3.0,69029.67398198454,11.142291748841005
16832.0,1262001.07664907,174659.899494901,3.0,284163.3866408971,12.557304656792404
16833.0,1261990.38602506,174316.562278539,3.0,216154.97999170347,12.283750929347853
16834.0,1265574.11934073,166047.579806075,1.0,0.0,
16837.0,1268707.58059195,168314.121504396,2.0,46592.00000000001,10.749184131556358
16838.0,1268499.48356773,168301.932896391,2.0,93180.0,11.442288385370787
16839.0,1266673.97674985,166634.053982675,2.0,309789.3202759936,12.643647733407477
16840.0,1266391.68369357,166530.115230575,3.0,265335.7065795899,12.488751120513848
16841.0,1267845.49668705,167562.470431626,3.0,584636.5998752704,13.278745736396914
16842.0,1267549.03633475,167478.027999535,1.0,0.0,
16843.0,1280022.51993152,181272.268845662,1.0,0.0,
16844.0,1280744.54668427,231252.411936849,2.0,42876.6710848398,10.66608315944841
16845.0,1261493.52976856,174375.984678611,3.0,47210.223809523726,10.762365754251903
16847.0,1284215.68211181,237546.16579929,2.0,8.438095238095237,2.1327566004475575
16848.0,1282889.46265446,274701.480269343,3.0,78162.35741330616,11.26654344763984
16851.0,1266406.81982158,166883.507550925,1.0,0.0,
16854.0,1268485.56894371,167711.555807784,3.0,769954.6593513935,13.55408690813691
16855.0,1266749.99268593,211890.914957017,2.0,61957.16743117765,11.034198577397634
16856.0,1266551.73418973,211899.744973034,4.0,421658.1989763907,12.951950309795096
16857.0,1268968.8392802,272388.600330964,1.0,0.0,
16860.0,1283962.21478356,237552.176615298,2.0,14832.694672713427,9.604589122787168
16861.0,1271806.04190712,201113.66316998,4.0,999652.812355574,13.815163310036265
16864.0,1269351.4490726,218494.999827787,4.0,372656.0,12.828411021079189
16865.0,1269216.98283246,218070.759187341,4.0,139770.0,11.847753493478953
16866.0,1274869.30450225,198308.828927115,4.0,1557177.1671683127,14.258385231862617
16867.0,1275707.67653511,197462.569086239,1.0,0.0,
16868.0,1269284.03678453,212560.094989702,3.0,26309.995826209197,10.177704215395375
16869.0,1271361.36043465,222458.099799842,2.0,169312.56960987233,12.039501809959871
16870.0,1271348.36369865,222012.83893539,2.0,192953.2485454537,12.170203203027476
16871.0,1269292.46328054,213144.66599831,5.0,369289.2887776458,12.819335596297757
16873.0,1261035.27248809,245096.215343028,3.0,63270.06451448314,11.055167581809814
16874.0,1283310.77190289,210837.089931935,2.0,31112.98447684336,10.345380518329405
16875.0,1283422.579391,210834.422283933,3.0,434327.34152562014,12.981553771930715
16876.0,1263354.26455446,243212.8289731,4.0,2217360.2810533103,14.61182798376405
16877.0,1270478.99569775,222490.41403988,4.0,160288.23482022205,11.984728941145677
16878.0,1284813.93094443,210386.223371476,2.0,33522.09134778927,10.419959943693613
16879.0,1283055.52697463,235715.735397413,2.0,63.40604059891986,4.149559134490046
16880.0,1273768.98322113,235181.315492868,2.0,1854413.665825383,14.433079120945875
16881.0,1274297.97989367,226611.790364087,2.0,42688.93115985006,10.661694942189802
16882.0,1274209.28088558,226188.035931662,4.0,868697.6104169146,13.674750369486677
16883.0,1281839.75942139,221919.756439283,4.0,144674.23498281263,11.882239838595417
16884.0,1266775.90468596,234324.831651986,2.0,4102.297715661076,8.319302514170543
16885.0,1283265.48454285,228241.63842976105,3.0,66218.08285869716,11.100708859590288
16886.0,1283353.65043093,228274.224989802,2.0,4.0,1.3862943611198906
16887.0,1280639.55148415,219060.955348358,3.0,29534.8913442537,10.293327600853706
16888.0,1280630.74278015,220308.954197645,4.0,38872.45623258095,10.568041212808923
16889.0,1283555.24057515,228207.804189727,1.0,0.0,
16890.0,1260715.44439176,174238.258278459,1.0,0.0,
16891.0,1283146.04287873,278044.56116876,3.0,99496.62815441316,11.507879034677131
16892.0,1269149.49444839,167641.98243171,2.0,816008.3260180631,13.612179837347698
16893.0,1283090.65222266,274608.745869249,1.0,0.0,
16894.0,1267151.16145435,167151.507679209,1.0,0.0,
16895.0,1266843.10564603,166682.376414731,3.0,401355.358937682,12.902602495750841
16896.0,1279187.21580267,213020.94055818,3.0,1134657.5825052103,13.94184147395751
16897.0,1279229.40997872,213019.849998176,4.0,140186.28405279035,11.850727417504325
16898.0,1270629.4442099,201130.094594002,1.0,0.0,
16903.0,1272591.31070791,200403.006785259,4.0,1624492.7033372363,14.300706142445154
16905.0,1260822.66986386,245092.89643101403,3.0,25775.90614484464,10.157195464226259
16908.0,1271361.00901066,222473.742871851,4.0,211585.1648122142,12.262382866925382
16910.0,1288323.08077203,174326.102566555,3.0,128852.03270538712,11.766419991706073
16911.0,1288609.60250032,174320.904742554,1.0,0.0,
16912.0,1268747.36663999,168295.057568371,1.0,0.0,
16913.0,1288767.10118848,185520.320370018,1.0,0.0,
16914.0,1271853.70917116,201110.949633986,3.0,83534.95487488358,11.333020444497606
16915.0,1265988.47185315,211909.351565033,3.0,309754.3440471374,12.643534823758303
16916.0,1273127.48613247,213010.97601416695,3.0,166810.59074697315,12.024614260578034
16917.0,1273320.13637267,213009.98030217,1.0,0.0,
16918.0,1257585.01494855,237818.450023577,1.0,0.0,
16919.0,1257275.75043623,237823.64419958004,3.0,94362.27169481872,11.454896607996748
16920.0,1274469.13534984,198678.591615483,4.0,1349879.420231699,14.115525828078601
16921.0,1269131.36484838,212056.641293183,4.0,112959.36610325212,11.63478344101915
16923.0,1279391.59634688,176449.032744721,4.0,546846.807486654,13.21192398274076
16924.0,1279397.15308289,176099.593128368,1.0,0.0,
16925.0,1279690.84537119,173764.862245977,4.0,140330.52337081038,11.851755800310025
16926.0,1279678.45529117,173090.745829284,4.0,513167.328194618,13.148357246787107
16927.0,1257239.4034282,199292.690752119,1.0,0.0,
16928.0,1272684.58872402,200328.852737173,4.0,1164924.906720171,13.968167185153522
16929.0,1272919.76939626,206306.080647305,3.0,160095.57243952126,11.983526243633763
16930.0,1261234.51613629,245608.322863549,4.0,129060.67643623769,11.768037932730067
16931.0,1261226.06832828,245341.966127276,4.0,68668.1019386522,11.13704006090437
16937.0,1271378.32657868,222701.876568094,1.0,0.0,
16938.0,1269111.36292836,216236.307153463,1.0,0.0,
16941.0,1269274.34718452,209996.444939077,3.0,341594.9398837759,12.741380927800234
16942.0,1268769.12478401,211028.509196132,1.0,0.0,
16943.0,1273333.27019668,199730.03174457,3.0,1089298.226333153,13.901044217806247
16944.0,1269277.69528052,212050.231565177,4.0,189308.68041328332,12.151134191472469
16946.0,1269662.72798492,221189.776918545,2.0,46592.0,10.749184131556358
16947.0,1269520.66622478,219710.48789303,2.0,93180.0,11.442288385370787
16949.0,1269281.57944053,212173.59150131,4.0,128264.16530177165,11.761847207629863
16952.0,1269200.30603245,215824.945425048,1.0,0.0,
16954.0,1265605.04286076,187649.434868202,3.0,96704.53061796796,11.47941553264962
16955.0,1267350.73886254,272788.398795381,3.0,50108.17909444583,10.821939529126407
16956.0,1284829.94041646,186394.362930909,1.0,0.0,
16957.0,1293711.73728955,188172.499444738,1.0,0.0,
16959.0,1280050.19705155,173753.069285959,3.0,50916.12911932753,10.837935030915453
16960.0,1269758.44235301,272518.142411098,3.0,74111.4804242077,11.21332573078431
16961.0,1267350.19454256,272467.875147045,1.0,0.0,
16962.0,1269892.77476916,272516.412107095,1.0,0.0,
16963.0,1264343.49911547,281812.605140626,1.0,0.0,
16964.0,1295591.69121146,185623.581938118,1.0,0.0,
16965.0,1295809.44109969,185610.451058105,3.0,49304.332392286,10.8057672343094
16966.0,1293546.97780138,185534.462706029,1.0,0.0,
16967.0,1279696.2246352,174000.834534213,1.0,0.0,
16968.0,1279740.65759523,208000.278665036,3.0,387958.4911378296,12.868653631278939
16969.0,1279737.98866723,207876.70279291304,3.0,47438.726890824895,10.767194197114733
16970.0,1260926.59619997,203367.457540289,4.0,35537.31627174365,10.4783385859633
16971.0,1260734.38922377,203329.083268255,4.0,141478.99411737136,11.85990653357808
16972.0,1282268.65190183,168554.060000643,3.0,46844.66666666666,10.754592442694836
16973.0,1273703.04568505,241346.791083187,1.0,0.0,
16974.0,1277673.66008912,175792.962856054,3.0,437281.1077578445,12.9883315344505
16976.0,1293172.705865,185553.400690049,1.0,0.0,
16977.0,1268546.99396777,234278.189347938,2.0,291492.6456161626,12.58277005500729
16978.0,1283121.7919347,168535.97603263,3.0,232507.99999999997,12.356679912019736
16979.0,1260418.42723945,203963.640772909,2.0,9726.152955229138,9.182573717267086
16980.0,1260398.92567143,204166.38541311,2.0,2127.6865624619804,7.662790547536855
16981.0,1278504.72146598,176453.281704739,3.0,99745.89392275302,11.510381170223189
16982.0,1289580.87712531,185154.61112164,1.0,0.0,
16983.0,1283140.02092671,277859.277392566,1.0,0.0,
16984.0,1261089.45348014,212220.573389351,3.0,134199.82813302352,11.807085222840982
16985.0,1260953.35005599,212113.677581251,3.0,91122.49863246684,11.419960019084733
16986.0,1261115.46295217,202423.598915324,4.0,12886.943309838702,9.463969931259449
16987.0,1261194.66224825,202046.216130942,3.0,54832.47083922629,10.912037831019934
16988.0,1277843.2079933,189064.521269649,6.0,2530044.741461322,14.743747544919401
16989.0,1271888.80523519,231958.852449566,3.0,68285.13816061844,11.131447425404298
16990.0,1278297.24844176,175787.449064046,3.0,120132.50121056236,11.696350589364085
16991.0,1281930.51673348,171552.251171708,3.0,139768.0,11.84773918415428
16992.0,1281919.10866947,171441.137571603,2.0,46591.99999999999,10.749184131556358
16993.0,1269768.70680103,278070.23304078,3.0,60708.65007826776,11.013841472302694
16994.0,1270056.95224132,278068.380368784,1.0,0.0,
16996.0,1260173.79882321,241798.432555646,3.0,1928384.090648868,14.472192951453057
16998.0,1268651.62993588,212042.314893171,4.0,88097.07003387967,11.386194554094047
17000.0,1277409.50117685,206248.977031246,4.0,964523.8086682792,13.779389796008507
17001.0,1284865.84518449,168804.370848894,4.0,241560.57390262335,12.394875544237127
17002.0,1285376.13254501,168812.51388891,1.0,0.0,
17003.0,1279734.91353123,207734.341192767,1.0,0.0,
17004.0,1283522.32524711,168527.768736616,3.0,139453.99999999997,11.845490076760424
17005.0,1281376.42994891,180192.348396555,1.0,0.0,
17006.0,1281566.1166051,180119.391852483,3.0,93182.0,11.442309848973883
17007.0,1284230.09158383,170206.105570331,1.0,0.0,
17008.0,1266626.74090981,286942.386521876,3.0,270971.26988502,12.509768079057404
17009.0,1266789.64810997,286939.799961865,1.0,0.0,
17010.0,1273912.44882128,244948.411502868,3.0,46851.94798176057,10.754747865921937
17011.0,1273687.97285303,246104.872112051,3.0,1192312.6352667096,13.991405370126907
17012.0,1267116.48043031,262189.172288522,3.0,669761.1562973531,13.41467644467365
17013.0,1278220.34834568,175484.429991737,1.0,0.0,
17016.0,1290103.63885385,180059.520236418,1.0,0.0,
17017.0,1281795.43730934,171433.997155592,1.0,0.0,
17018.0,1277999.78482546,176457.74269673196,3.0,144568.4222035315,11.881508184523154
17019.0,1260575.55978361,202817.063619733,3.0,115550.5038154884,11.657462975844371
17020.0,1260689.56221573,202333.125635237,3.0,32438.774114437496,10.387109718194646
17021.0,1256161.5600991,193250.97778593,2.0,46591.99999999999,10.749184131556358
17022.0,1256127.17993906,193224.816761911,1.0,0.0,
17024.0,1273127.92184447,234814.175844491,3.0,2154814.493860644,14.58321519607954
17025.0,1281499.44972503,169210.188577309,3.0,51425.501273840346,10.84788946214191
17026.0,1267471.79243067,197699.084030494,3.0,512312.0,13.146689093428092
17027.0,1278951.07980242,211442.998796567,2.0,1338.3829353324843,7.199217399540887
17033.0,1273746.0160531,248058.859314054,3.0,2315380.371039545,14.655084539150042
17034.0,1274107.58853348,250739.498996794,3.0,2632712.042926258,14.783525067866577
17042.0,1273378.88197273,220372.38581369803,3.0,1725854.2614419188,14.36123270988895
17045.0,1271669.54974698,230010.163167581,3.0,2010102.3027777728,14.51369617564442
17046.0,1281965.45369351,271437.77191399,4.0,53691.33664274839,10.891006938669184
17047.0,1282040.99814159,271433.861129984,3.0,25517.10671382267,10.14710435774868
17048.0,1281808.72172536,271441.187529996,3.0,46641.26666666667,10.750240979031807
17049.0,1281812.23289336,271638.9873382,1.0,0.0,
17050.0,1281973.43167752,271638.552650198,1.0,0.0,
17051.0,1283115.56031869,168292.208800375,1.0,0.0,
17052.0,1281960.03308551,271219.115849778,3.0,125718.74017433602,11.74180246997628
17053.0,1282132.09836568,271464.373514026,2.0,72044.37641079332,11.18503754717809
17054.0,1285585.49664122,170053.772194177,2.0,410543.4260973733,12.925236990579977
17055.0,1282146.1816937,271691.247754261,3.0,317360.3479740949,12.667793151652493
17056.0,1281626.43078117,271051.185353607,3.0,1015222.8318132831,13.830618685095223
17057.0,1281652.08095719,271225.208009779,3.0,533319.6235892017,13.186876192441254
17058.0,1281529.32102107,180275.455212653,1.0,0.0,
17059.0,1281664.65740521,271438.198409989,2.0,66830.81583465614,11.109919568041798
17060.0,1281775.12927732,271439.939850003,3.0,87158.23166931146,11.375480500524516
17061.0,1286219.20044987,169913.903074041,2.0,271083.42609737616,12.510181897864944
17062.0,1288945.08902866,182008.686318427,1.0,0.0,
17063.0,1289093.12806882,182002.95140641896,3.0,113512.96570315446,11.639672344649327
17064.0,1260580.24650362,202271.854083166,3.0,174580.44963276264,12.070140943797323
17065.0,1281763.2543333,271218.698505774,4.0,373430.40775455046,12.830486941574742
17066.0,1278483.02335395,175118.454375371,3.0,181975.65636281687,12.111628200864509
17067.0,1278879.82636236,175114.059047356,3.0,263784.3643519137,12.482887246666891
17070.0,1283788.06847939,168522.351072609,3.0,46742.66666666666,10.752412659667488
17073.0,1280148.13874766,207976.526729017,3.0,190759.6271953921,12.158769418097984
17074.0,1280143.58821966,207814.10612084,1.0,0.0,
17076.0,1281417.47942096,168572.755168661,3.0,49082.93666564856,10.801266731298268
17077.0,1281414.35372496,168435.084832519,1.0,0.0,
17082.0,1281770.54495731,171555.826659709,1.0,0.0,
17084.0,1281508.98150104,194471.668283179,4.0,526857.4852559994,13.174685364492467
17085.0,1284169.42534377,168808.170720905,1.0,0.0,
17086.0,1277558.834233,205467.457286447,4.0,74403.9282675979,11.21726401872302
17087.0,1278239.58680969,175314.960487559,1.0,0.0,
17088.0,1278235.42636169,175121.089191362,3.0,113953.62481474956,11.6435468447405
17092.0,1283786.52255937,168349.661152437,1.0,0.0,
17093.0,1260641.04131968,203796.647620738,3.0,217728.4672879681,12.291004002513793
17094.0,1283518.2403191,168285.539872363,1.0,0.0,
17097.0,1278493.14079396,176025.750760287,1.0,0.0,
17098.0,1281773.61682932,194123.94981882,3.0,292224.300355042,12.585276938273573
17102.0,1280721.61202824,198098.328318894,4.0,1305406.0105864375,14.082024669574706
17103.0,1277968.69624943,203250.660868168,3.0,293824.0736363878,12.590736478222794
17104.0,1278035.90610549,203270.807172194,4.0,397373.14213182585,12.892631022849738
17105.0,1280728.04281224,197097.689917877,3.0,83901.24984097853,11.337395789137888
17106.0,1281029.87846056,197089.653501868,4.0,304002.74198656506,12.62479200004033
17107.0,1278868.72037834,200206.240129054,3.0,41493.16906881038,10.633284091919043
17108.0,1277486.36684093,203630.26611656,1.0,0.0,
17109.0,1285610.49920125,170513.651234657,3.0,1547906.88836846,14.25241418168997
17110.0,1281627.95500517,222314.759895697,3.0,931161.9773608516,13.74418852325373
17111.0,1282071.04274963,222295.717591673,3.0,805127.8742183073,13.598756393746012
17112.0,1260388.06474341,201151.059458017,3.0,245200.2509232384,12.409830506384772
17113.0,1278422.83020189,184160.07211262,3.0,93182.0,11.442309848973883
17114.0,1278476.56831394,183994.052400455,1.0,0.0,
17115.0,1284017.48076762,201651.180482537,1.0,0.0,
17116.0,1282923.8129905,194611.964219332,2.0,117.04762459762462,4.762580899819202
17117.0,1277760.90930521,175419.632871673,1.0,0.0,
17118.0,1277758.9060412,175126.04720737002,3.0,118513.34092424494,11.682780814859683
17119.0,1281759.65849331,271088.477961645,1.0,0.0,
17120.0,1281760.9002853,271133.888329685,3.0,89880.72473331877,11.406238789610313
17121.0,1281496.78534104,168947.01232104,1.0,0.0,
17122.0,1282035.52146959,271127.431945682,2.0,87.33333333333334,4.4697322150929875
17123.0,1282035.63500559,271216.935369775,3.0,4411.910245409674,8.392063036877634
17126.0,1278132.79077759,175122.157095373,3.0,78589.09559332686,11.27198823588367
17127.0,1280805.78674833,197845.72748664,4.0,978670.2342328156,13.793950025375048
17128.0,1280874.1048284,197843.907902628,4.0,379877.9466309483,12.847605287032572
17130.0,1277501.34290494,175600.368103862,1.0,0.0,
17132.0,1265436.98577259,167391.270303458,2.0,412152.9337890885,12.929149757971743
17135.0,1267955.50334316,229709.66307126,4.0,1167128.776355239,13.97005725338578
17136.0,1250149.25161293,244886.126830801,1.0,0.0,
17141.0,1277883.80076134,204101.273349047,4.0,1451145.242541249,14.18786362509339
17142.0,1276478.2087599,217591.90158686,4.0,159868.04691998052,11.982104047208143
17143.0,1276615.45196004,217586.184722856,1.0,0.0,
17146.0,1279836.39724334,199214.732608035,4.0,2793469.5686497656,14.842794954193856
17147.0,1281861.52671741,180127.642156497,3.0,424791.45540463965,12.95935363431171
17148.0,1281031.25740457,170442.912162572,3.0,112464.43219230768,11.630392292347445
17149.0,1264198.85341932,279851.16417861,3.0,80213.45747449237,11.29244657871176
17150.0,1263974.67671509,279856.916434616,3.0,217614.64378122703,12.290481088488324
17151.0,1281965.20434952,262210.236224547,1.0,0.0,
17152.0,1274416.25259778,280290.405395061,3.0,948006.3058600788,13.762116432966174
17153.0,1273748.4829331,278703.160593435,3.0,52239.14082369385,10.8635873171017
17154.0,1273986.80990934,278696.096593425,1.0,0.0,
17155.0,1278358.56165782,201181.64825806,3.0,188798.2665527656,12.148434351257139
17156.0,1278424.59231389,201194.418946072,4.0,146345.78022176295,11.893727458235006
17157.0,1277270.6622647,207010.674696028,3.0,63068.76787823327,11.051980963684935
17158.0,1280507.17279603,198620.209215432,4.0,629727.9660212623,13.353043205149014
17159.0,1281054.14617258,195309.703356043,4.0,160459.77918391835,11.985798593162604
17160.0,1281120.18572465,195308.297852039,4.0,218453.88273072024,12.29433020822355
17161.0,1280861.84044439,198346.117183149,1.0,0.0,
17162.0,1281060.62706859,198339.578495145,3.0,80363.18405890753,11.294311440579307
17163.0,1280957.41177249,197591.584254384,4.0,354646.9835441046,12.778878161149551
17164.0,1280714.60614024,196055.45772481,1.0,0.0,
17165.0,1281046.87385258,196046.772412792,3.0,56269.98721882331,10.937916585287141
17166.0,1277119.67500055,208185.473161221,4.0,919640.3637047034,13.731737963583749
17167.0,1277057.01368849,208179.442377225,3.0,67416.47196780668,11.11864465825548
17168.0,1277977.24152943,203590.068996519,4.0,100962.99876135774,11.522509379803797
17169.0,1277404.70168884,205036.141573995,1.0,0.0,
17170.0,1277636.08671308,205029.865029991,4.0,134677.0124073224,11.810634690131153
17172.0,1262925.08100201,285611.013528511,3.0,1313259.1966082507,14.088022541729629
17173.0,1271087.85931438,276319.732558995,3.0,172106.1474226922,12.055866701623811
17174.0,1280330.58361185,208716.404233769,4.0,383864.4140323317,12.858044680761989
17175.0,1280008.46386752,270436.247944966,3.0,693582.7235631921,13.449625795780685
17176.0,1280014.70789953,270277.716488808,2.0,4.0,1.3862943611198906
17177.0,1260503.40707953,188647.961077213,2.0,232920.0,12.358450325951056
17178.0,1271019.00184231,266577.663813025,1.0,0.0,
17179.0,1271025.72721832,266970.333637416,4.0,975185.885082638,13.790383383175131
17180.0,1266922.90078211,192009.68498465404,3.0,148376.8573971738,11.90751065009595
17181.0,1288487.27040419,249775.446451813,3.0,814473.7699306334,13.6102975026145
17182.0,1288616.13165233,249772.274547815,3.0,723293.4428226397,13.49157028715635
17183.0,1271164.30603446,171571.297379732,1.0,0.0,
17184.0,1258252.65270923,168522.184416607,4.0,55722.71181222705,10.928143095270611
17185.0,1258085.08182906,168672.420000762,1.0,0.0,
17186.0,1271379.84101067,224487.753561914,4.0,176967.4358667351,12.08372101647587
17187.0,1281049.71897258,194123.451130822,2.0,139764.0,11.847710564890653
17188.0,1280460.20575598,203025.363779947,1.0,0.0,
17189.0,1280450.60242796,202620.063747525,3.0,800347.3050156039,13.592801043711855
17190.0,1283013.5651186,169789.095585912,3.0,380706.9358066663,12.84978516076693
17191.0,1283008.28691058,169463.404641569,1.0,0.0,
17192.0,1278930.78623441,278697.743249431,1.0,0.0,
17193.0,1278983.90156247,278955.328017697,3.0,76132.04164835083,11.240224501861993
17194.0,1280612.64505213,202873.040259778,2.0,18677.029887879464,9.835049699562873
17195.0,1266169.20279734,280349.399379119,1.0,0.0,
17196.0,1266359.09943753,280342.01454711,4.0,376027.09438913513,12.837416479321439
17197.0,1263082.33265018,285605.366232499,1.0,0.0,
17198.0,1278552.07340202,279277.131858021,3.0,151762.81296487575,11.93007414005174
17199.0,1278709.02450618,279551.241874307,1.0,0.0,
17200.0,1279645.64044315,194680.235771403,2.0,38826.41315051493,10.566856045307233
17201.0,1270457.52497773,176191.29341647,1.0,0.0,
17202.0,1260293.22077532,202474.686083376,4.0,429059.4647818781,12.969350800849494
17203.0,1271107.0079224,218151.746259436,3.0,426168.85102110566,12.962590910619397
17204.0,1271095.88190639,217408.584338665,4.0,395293.5217713945,12.887383861018424
17205.0,1276741.32408817,179752.106476113,3.0,77028.15624150353,11.251926299470567
17206.0,1255949.41449888,254409.737720564,4.0,53412.274887252046,10.885795865335433
17207.0,1271546.67665885,171718.192419887,3.0,93182.0,11.442309848973883
17208.0,1271828.63800314,171712.552355871,3.0,834171.2394418232,13.634193983336717
17209.0,1255628.99293055,255114.170681283,3.0,78738.28964307946,11.273884842685478
17210.0,1284519.85971214,260320.842366606,1.0,0.0,
17211.0,1279155.89663464,278807.222353548,3.0,266639.6773307771,12.49365350285029
17212.0,1273746.4957331,278307.364433035,3.0,47249.676696538765,10.763201090497184
17213.0,1280612.49350013,203063.242307976,2.0,7014.9058200712725,8.855792566939849
17214.0,1281094.35929263,194273.663738981,1.0,0.0,
17215.0,1289412.55034114,249760.570163801,3.0,552631.7287257371,13.222447106988799
17216.0,1289639.94227737,249760.909427792,2.0,186344.0,12.13534970691119
17217.0,1281034.72428456,170685.294242829,1.0,0.0,
17218.0,1267788.54699101,276422.130703107,3.0,47121.79494190016,10.760490910594434
17219.0,1264622.90244375,279844.89217861,2.0,26200.533547426417,10.173535053947425
17220.0,1266575.89226976,280328.749203101,1.0,0.0,
17222.0,1270865.09534615,276322.856911004,1.0,0.0,
17223.0,1279826.78015533,189512.130614102,3.0,157648.6842925712,11.968124319188753
17224.0,1278019.39135347,179420.817131773,3.0,467214.67449543136,13.054544119453725
17225.0,1267541.86276674,191935.851192579,3.0,50013.7260095996,10.820052766928502
17227.0,1253462.13475233,208785.678985834,1.0,0.0,
17228.0,1288094.68128379,249756.684339792,4.0,2181354.000728644,14.59545634321339
17229.0,1267167.86455837,284732.564183608,4.0,704528.901952241,13.4652846342519
17230.0,1283409.422271,208278.95789732,1.0,0.0,
17231.0,1267167.60734236,285394.707224295,3.0,700426.0399369196,13.459444057367659
17232.0,1262815.79319391,285213.595736101,1.0,0.0,
17233.0,1271548.69009885,172023.509732202,1.0,0.0,
17234.0,1264419.73290755,279754.390738517,1.0,0.0,
17235.0,1274696.45842208,280281.890707046,1.0,0.0,
17236.0,1263600.0662187,284409.085527271,2.0,0.0,
17237.0,1278985.23724246,189984.190390587,3.0,201435.49861163445,12.213224502978232
17238.0,1279173.40255466,234059.14320372,2.0,74.64031215538098,4.312680738676391
17239.0,1268044.38347127,276418.056527093,1.0,0.0,
17240.0,1264288.78961141,246446.560688406,3.0,301587.3587515593,12.616815000283808
17241.0,1264260.60394739,246448.496048406,1.0,0.0,
17242.0,1262853.54346594,231554.83100915,3.0,58565.85109241912,10.977907059839584
17243.0,1262563.17034565,231598.051681206,3.0,165358.49205302747,12.015871075137893
17244.0,1283249.82841483,169783.985377908,3.0,287610.93580666656,12.569363928468661
17245.0,1283245.67359883,169595.601889715,1.0,0.0,
17246.0,1274833.63461421,202627.409475535,3.0,271278.4182598816,12.51090094612741
17247.0,1268130.84881535,271658.477450222,3.0,114128.27622096968,11.645078324788352
17248.0,1274889.49112627,194306.258491009,1.0,0.0,
17249.0,1258057.56944503,168635.224224731,3.0,232657.4574395868,12.35732251108783
17250.0,1257984.02890097,168735.906720832,1.0,0.0,
17251.0,1273758.2794771,280442.303443223,3.0,353721.5739134985,12.77626536828256
17252.0,1274022.67134938,280436.099667206,1.0,0.0,
17253.0,1267494.8215507,284921.743255809,1.0,0.0,
17254.0,1271438.68606673,171721.086499885,1.0,0.0,
17257.0,1277019.19916046,179581.98973994,1.0,0.0,
17258.0,1265554.16074871,207156.067464173,3.0,620134.7875039538,13.337692132593418
17259.0,1265287.43882844,207158.39943216703,3.0,512312.0,13.146689093428092
17260.0,1267680.39761488,235886.181925595,1.0,0.0,
17261.0,1267594.8702548,171825.275555998,1.0,0.0,
17262.0,1279860.84831536,209520.132618591,3.0,2610.453293713349,7.867279160989092
17263.0,1279923.69759543,209270.877834335,4.0,99235.70515095304,11.505253159470543
17264.0,1279520.56946701,209683.677898765,3.0,71495.37852323137,11.177388090554379
17265.0,1279841.06489134,209592.672778666,3.0,28718.632374463952,10.265301402754787
17266.0,1280028.90674753,208767.787017822,3.0,496945.61168334034,13.116235865857798
17267.0,1279432.58277892,209343.22516241705,3.0,44586.18781193264,10.705179399728795
17268.0,1272687.12382801,268407.23559089,1.0,0.0,
17269.0,1281445.93273298,269059.050567552,3.0,78413.17812185112,11.269747280502163
17271.0,1264745.88119589,286605.41736953,3.0,710406.1857191079,13.473592177997059
17274.0,1264740.55805987,286112.963353023,4.0,681895.8287390396,13.43263218137468
17275.0,1269119.35672036,282051.624660864,3.0,91886.68344022863,11.428311395126505
17276.0,1267471.96561468,276769.266767457,3.0,1230469.8373992196,14.022906636037574
17278.0,1276314.75800774,282881.530133709,4.0,1370337.8418426125,14.130567867288672
17279.0,1280730.56018825,231376.146976978,2.0,126137.6167837446,11.745128786617125
17280.0,1276385.7122478,272543.051851124,3.0,161982.443231787,11.995243233229088
17281.0,1266573.99236576,279886.622418642,3.0,1683875.3245405927,14.336608435735224
17283.0,1269809.01604907,286023.594072938,4.0,1164271.4353477766,13.967606071968053
17284.0,1273740.49899709,273959.23143658,4.0,866856.3154108425,13.672628515858849
17285.0,1267121.62219031,280323.522515088,3.0,50407.43219092008,10.827893907293255
17286.0,1267167.53150237,286061.920472965,4.0,1154089.703518567,13.95882245571422
17287.0,1266250.73412542,281002.071635783,3.0,67450.51659394639,11.119149520523495
17288.0,1276385.9346478,273865.996364489,3.0,192662.35264687025,12.16869446762951
17289.0,1279054.44805853,272445.679627031,4.0,2640647.8397697434,14.786534838870528
17290.0,1271133.12331443,286000.608216912,4.0,580913.7011393014,13.272357489757395
17291.0,1276384.3982638,271554.000650108,3.0,1667761.5426703475,14.326992891651303
17293.0,1282246.5351658,279070.323217809,3.0,1198941.545195439,13.996949679856582
17294.0,1271087.70481838,273437.782348037,3.0,359580.73108052445,12.792693995829463
17295.0,1251712.96726254,241837.666731685,4.0,30905.00722549976,10.33867349589046
17296.0,1251425.35759825,241776.11172361704,3.0,6699.84768597108,8.809840071683496
17297.0,1266326.92164551,286075.213080987,3.0,65463.60817886075,11.089249666897553
17299.0,1264803.68586794,243637.857965529,3.0,41656.9545766808,10.637223610286934
17300.0,1271088.64312238,274052.676748678,4.0,497552.6313917523,13.117456621727449
17301.0,1266502.03742169,275458.12635012,4.0,1885978.7543030889,14.449957477161448
17302.0,1268765.724848,274092.535628721,3.0,222530.5408677955,12.312819633495991
17303.0,1266299.54865347,276912.398735598,3.0,51970.0904450708,10.858423648333295
17304.0,1271120.53573041,283846.374678701,3.0,50116.79026250236,10.82211136590786
17305.0,1276663.77074409,281603.925780401,3.0,190265.9044424481,12.156177869824845
17306.0,1278658.11487412,280091.963218853,3.0,281727.3222549054,12.548694939771421
17307.0,1267166.96491036,286809.025945738,3.0,47437.204761904766,10.767162110390656
17308.0,1267155.62769435,283849.46389471,3.0,129949.50941666898,11.774901264892591
17309.0,1276345.63224776,268069.103110552,3.0,231349.98113684272,12.351686912799991
17310.0,1279093.31314658,276969.498703659,3.0,232118.20521764812,12.355002026143202
17311.0,1276383.3910318,276909.527311593,3.0,352861.2083935789,12.77383008124565
17312.0,1269784.12670504,282041.639124855,4.0,747088.8033690094,13.523939337061346
17313.0,1266198.50986937,277067.790159762,3.0,657872.3406003619,13.396766180239187
17314.0,1265779.09335694,277479.213200182,3.0,677658.5142144819,13.426398773689709
17315.0,1271117.2532984,283039.880597875,3.0,53946.46047529382,10.895747361032509
17316.0,1267825.88484703,286053.120920956,3.0,994852.931501087,13.810350197679524
17317.0,1263967.39191508,279498.714450255,3.0,688118.412151478,13.441716212791423
17320.0,1276386.0386478,272213.837898791,3.0,103828.63910076974,11.550497118217185
17322.0,1271088.26449838,271391.953737944,4.0,461929.4030366828,13.043167351107746
17323.0,1264716.99703586,284281.556567147,3.0,207826.1936863449,12.2444574020919
17324.0,1264725.14826787,284785.349207669,4.0,136192.4589096739,11.821824303394315
17326.0,1273223.29662856,222421.630423799,2.0,46592.0,10.749184131556358
17327.0,1273396.84286875,222114.18191148297,5.0,236180.04760761588,12.372349706728695
17328.0,1278572.57337004,280096.388434857,3.0,242784.9033149008,12.399931158783398
17329.0,1271112.79595441,282021.503316835,4.0,482013.197183806,13.0857267727073
17330.0,1273737.85797308,276180.649550855,3.0,66807.64127334893,11.109572743302259
17331.0,1276381.6003758,280254.711955026,3.0,641008.4917265188,13.370797983438333
17332.0,1274759.80536614,281919.417940736,3.0,311346.7858650158,12.64866263702591
17333.0,1261149.9139602,264115.961730495,1.0,0.0,
17336.0,1278833.68601032,277996.185296714,3.0,144891.222504747,11.883738550247232
17337.0,1264730.78212386,285133.611928016,3.0,123549.35826578712,11.724396017277707
17339.0,1265209.79428436,286098.655961007,3.0,57179.33374037314,10.95394781383873
17340.0,1261755.47050482,283138.793749973,3.0,1657016.668223604,14.320529355636081
17341.0,1264630.79185176,279478.730514228,3.0,699107.7465886394,13.45756015324063
17342.0,1282746.20345432,279248.359249994,3.0,979611.1701775378,13.794911006789684
17343.0,1266797.34391798,276779.756303459,3.0,240951.92038447148,12.392352692090553
17344.0,1257131.74550809,285406.658648297,3.0,93725.30827476604,11.448123530739979
17345.0,1271105.19160239,280361.74715513,3.0,1478913.2907646082,14.206818113040306
17346.0,1277332.59877677,284868.84309575,4.0,726930.9949734659,13.496586834505155
17348.0,1266578.76791777,278772.264081508,3.0,2008132.742471855,14.51271586441749
17349.0,1267302.1834705,267483.725957945,3.0,2624403.1267518457,14.780364047868034
17350.0,1251283.3447981,242271.284908131,3.0,33773.80444624398,10.427440764607336
17351.0,1266225.88906939,277619.507216319,3.0,89307.91037181289,11.399845344932624
17352.0,1277712.61938517,280437.369683206,3.0,251138.9901971983,12.43376181065886
17353.0,1273645.07467699,281955.691796765,3.0,191821.5299612102,12.164320687275628
17354.0,1270756.79633804,274058.338828683,3.0,306791.9964415202,12.63392526091697
17355.0,1265362.59946851,277770.551888481,2.0,611403.5393931638,13.323512477419765
17357.0,1260795.49802384,277668.05403237,3.0,692504.6737156546,13.448070266068733
17358.0,1259453.20899846,286261.778009176,3.0,887329.1214565905,13.695971242589813
17359.0,1259451.78384647,287585.226458535,3.0,24443.246031746006,10.10410922082244
17360.0,1258015.792293,195774.049532518,3.0,838681.8816319817,13.639586749820332
17362.0,1276456.65957588,203705.694724634,2.0,2.0,0.6931471805599453
17363.0,1276654.06572008,203633.070852563,2.0,46588.0,10.749098276222542
17364.0,1278933.45157841,210360.110603452,1.0,0.0,
17365.0,1279097.30783458,210349.934731439,3.0,101488.32212586794,11.527699017897767
17366.0,1252194.27407902,240572.81130638704,3.0,10346.822169787669,9.244434714812595
17367.0,1277903.71442536,234990.699108675,3.0,10415.061131646817,9.251008223255074
17368.0,1275349.82648674,277882.592336595,3.0,624830.7508837892,13.345236093460043
17369.0,1252190.17398302,240342.419050157,2.0,284.3417037466062,5.650176697123926
17370.0,1280717.20914824,205935.593158916,4.0,1044184.2232971586,13.858746490954541
17372.0,1280889.59366041,205897.070278883,4.0,58422.99833342426,10.975464898373845
17373.0,1281575.48070112,203310.777860239,3.0,32640.945998763727,10.39332279146331
17374.0,1265122.90769227,171996.368740171,3.0,576815.3434311596,13.265277465554625
17375.0,1281284.16012482,203111.038788036,3.0,186350.0,12.135381904907405
17376.0,1281282.47935681,203032.719363943,1.0,0.0,
17377.0,1280847.91884437,205685.884358659,3.0,37946.65641010404,10.543936673806693
17378.0,1281286.76575682,203275.183812201,3.0,279502.0,12.540764727186753
17379.0,1281159.34150068,203598.49318853,1.0,0.0,
17380.0,1260823.89559187,202881.134403795,4.0,115804.2027547742,11.65965613668157
17381.0,1261020.42538407,202897.662211806,4.0,31563.89916158977,10.359769314907327
17382.0,1264837.69860397,215865.096913084,3.0,641606.5927391868,13.371730610947964
17383.0,1265241.33194838,212579.197005719,5.0,881810.9313257177,13.68973294843349
17385.0,1265875.56497304,211884.42612502,4.0,965630.9701472631,13.780537021725912
17386.0,1265713.91601287,211816.237900943,2.0,674041.4581261347,13.421046898575646
17387.0,1261268.65911232,202972.07577988497,3.0,61066.06527939985,11.019711594460803
17389.0,1268089.7442393,186145.699058652,3.0,352525.87053428456,12.772879290128053
17390.0,1267941.30788715,186179.799346685,2.0,52680.2566921564,10.871996028513463
17393.0,1269365.59569661,218999.488980293,2.0,139764.0,11.847710564890653
17394.0,1271825.82731514,199792.447680637,1.0,0.0,
17395.0,1269950.82289721,212039.438221171,4.0,1853007.3830638912,14.432320489643741
17396.0,1253389.49212825,244086.62775798104,3.0,2584580.9742512503,14.765073953849528
17401.0,1283428.00326301,211322.721868441,3.0,2573016.262573386,14.760589411715491
17402.0,1269215.95755246,212173.850381315,4.0,72734.6971307582,11.194573814189244
17403.0,1264081.9245232,247367.386929348,3.0,580657.9597048745,13.271917152846328
17404.0,1263951.00452307,247370.137585357,2.0,932.154287986014,6.837498346033893
17405.0,1263892.755243,247371.676017359,4.0,258581.74403278445,12.462967147440391
17406.0,1273147.07435648,213984.62727916203,3.0,321981.1585964597,12.682248309138963
17407.0,1273470.10981281,213977.198799163,1.0,0.0,
17408.0,1281997.59404555,201803.282242686,3.0,16489.34179780693,9.710469499523956
17409.0,1280085.46892358,204959.399941921,2.0,46591.99999999999,10.749184131556358
17410.0,1281550.20025308,203271.707780197,3.0,337909.9478961408,12.730534712624573
17411.0,1280079.41317959,204687.627525643,1.0,0.0,
17412.0,1280775.5577563,205921.109254912,4.0,296358.45437642967,12.599324995158746
17413.0,1266882.23089407,211885.025165007,2.0,75510.35300709019,11.23202505175794
17416.0,1269155.8342884,216108.45140934,1.0,0.0,
17420.0,1270568.58577785,212146.796301275,4.0,732552.4070614888,13.50429016279054
17421.0,1262701.06672978,263363.182081729,3.0,238686.00406049783,12.38290417659237
17422.0,1262478.38308156,263677.276546046,2.0,246794.8363735201,12.416312648482988
17425.0,1261462.64004052,198458.205887258,3.0,733505.6087581107,13.505590523104596
17426.0,1261457.00880851,198107.871614903,1.0,0.0,
17427.0,1261998.91293707,198030.060414821,1.0,0.0,
17428.0,1261860.90532093,198033.416062832,3.0,48569.741745514,10.790756018165144
17429.0,1261454.61482452,198092.225662887,1.0,0.0,
17430.0,1261621.87626469,198454.75711926803,3.0,815109.5997772814,13.611077861435943
17431.0,1261609.06231268,198121.559934914,1.0,0.0,
17432.0,1262296.84740138,195804.793212548,1.0,0.0,
17433.0,1262686.92368977,206302.640967295,2.0,46591.99999999999,10.749184131556358
17434.0,1262406.11255349,206310.254855305,4.0,585871.738430218,13.28085616820327
17435.0,1264812.14058796,207764.799176797,4.0,419214.0,12.946136808377869
17436.0,1264797.87549993,208412.684041455,3.0,279502.0,12.540764727186753
17437.0,1265848.00234902,192450.24383311,1.0,0.0,
17438.0,1262055.27338512,198268.895935073,1.0,0.0,
17439.0,1261867.60016893,198273.30239906895,3.0,91500.7256002709,11.424102181289776
17440.0,1269283.28977653,173760.751333967,3.0,214965.1194789556,12.27823105896668
17441.0,1262133.34148121,195421.234620154,1.0,0.0,
17442.0,1266823.72350201,194372.577915087,3.0,93182.0,11.442309848973883
17443.0,1266815.43019,193871.686842561,1.0,0.0,
17444.0,1268626.11915186,173768.312997982,3.0,59343.96006941335,10.991105626862694
17452.0,1268095.93943931,192789.28351345696,3.0,236125.15154313136,12.372117246595584
17453.0,1268091.3941593,192537.8506172,1.0,0.0,
17455.0,1269398.03659265,204686.062853634,3.0,61924.04718198581,11.03366386759382
17456.0,1268841.16664007,206361.000775352,5.0,271467.3542014371,12.511597168774454
17459.0,1262092.75101717,206333.142279327,3.0,330347.29790441244,12.707899797931352
17460.0,1269196.45630445,206348.861063346,3.0,80551.2729429723,11.296649191620814
17461.0,1269568.83384082,206333.200327322,4.0,467123.4038697328,13.05434874985871
17462.0,1270974.64299425,174564.43280679,3.0,129827.59727346816,11.773962674470178
17463.0,1271220.84197052,174561.032550797,3.0,52794.934044671696,10.874170518967587
17464.0,1262900.128298,206339.825287342,1.0,0.0,
17465.0,1262738.03940183,206289.994375288,3.0,608897.1697693623,13.319404681481679
17467.0,1268121.56113534,194331.863739043,1.0,0.0,
17468.0,1268097.80689532,192991.548857659,3.0,155788.33937038432,11.956253566038816
17469.0,1271082.75499438,216607.855953842,3.0,90988.4652621854,11.418488022104247
17470.0,1281574.58374111,200601.868929461,3.0,19488.082262043536,9.877558391664689
17471.0,1282806.88147038,195511.435196251,3.0,78844.7916520715,11.275236536335992
17472.0,1278425.22488989,205402.514502376,4.0,1063271.037299659,13.876860598765107
17473.0,1283652.70527925,193976.635450676,4.0,371615.74292038777,12.825615650256914
17474.0,1280126.00857164,201677.119746566,4.0,152204.40378182477,11.932979658168698
17475.0,1280292.5951958,201633.639490515,3.0,84133.93044773377,11.340165218195208
17476.0,1281066.35442859,198628.58649544403,3.0,346088.307151712,12.754449244457843
17477.0,1267835.00625505,271664.141514227,1.0,0.0,
17478.0,1280007.09311551,201710.646594599,3.0,45238.08536759661,10.719694607663307
17479.0,1285038.76544066,190908.136375532,4.0,2458222.6367829307,14.71494914140296
17480.0,1285395.38809703,190895.041591525,3.0,2036644.4591761967,14.526814138578747
17481.0,1279783.25497128,202773.017155677,3.0,200837.04336291645,12.210249128684557
17482.0,1267320.16900653,174266.025958493,4.0,169125.27266546633,12.038394977684451
17483.0,1284385.59353599,192453.300281122,1.0,0.0,
17484.0,1263860.68413898,168255.524512336,4.0,1967810.453887162,14.49243203787411
17485.0,1263628.07012273,167540.144031599,1.0,0.0,
17486.0,1283519.90399911,193402.507002085,1.0,0.0,
17487.0,1283701.71270329,193399.420410082,3.0,61885.36222860752,11.03303895621073
17488.0,1279787.00697128,202656.415363565,4.0,2113694.7485430404,14.563948039784362
17489.0,1279776.20313127,202450.070915356,2.0,72203.07944184293,11.187237975520437
17490.0,1254052.71619293,217112.997330368,2.0,65756.44600792111,11.093712983377873
17492.0,1269925.41284919,195258.404539987,3.0,635115.335401426,13.361561891935423
17493.0,1282265.52658983,168394.920864478,1.0,0.0,
17494.0,1277998.87436146,176247.274280518,1.0,0.0,
17496.0,1282250.5272938,197042.77234982,3.0,978847.0971940524,13.794130726673451
17497.0,1253918.15152079,217254.712914512,4.0,1507048.1078544103,14.225663400028377
17498.0,1296102.49594799,186729.948211253,1.0,0.0,
17499.0,1296188.37831607,186853.100147381,3.0,1033756.5238399612,13.848709836148938
17500.0,1264501.18058763,228721.700190261,3.0,1126016.7368579414,13.934196951565925
17503.0,1277151.66904859,188229.640756786,1.0,0.0,
17504.0,1277419.30040886,188227.199476793,4.0,854750.2173378344,13.658564561772161
17505.0,1282794.75615837,206251.827463239,1.0,0.0,
17506.0,1283254.94719884,261401.63251172,1.0,0.0,
17507.0,1267680.8808789,174370.550310597,3.0,43090.69782672903,10.671062425111591
17508.0,1267581.48017478,174262.951462492,3.0,1195.3731721782935,7.0862136935904605
17509.0,1270478.81099376,222481.89800787,4.0,65412.50087088122,11.088468663994146
17510.0,1280033.67442754,202072.651394963,4.0,114579.20544801558,11.649021613464932
17512.0,1276948.77970438,206621.669575617,4.0,1231172.832110658,14.02347779507642
17515.0,1283673.67078327,180614.779628992,3.0,1140842.2762482788,13.947277386377927
17517.0,1275516.77599092,237369.232743114,2.0,35713.98271894555,10.483297563883557
17518.0,1275303.91813469,237173.08810290703,3.0,275741.3262096492,12.527218481352296
17519.0,1267999.08958322,174288.488486513,3.0,392200.8697009464,12.879529410235413
17520.0,1272912.77330025,178801.51095514,1.0,0.0,
17521.0,1267686.0180309,174593.248038828,3.0,402605.2725970227,12.905711888468248
17522.0,1277426.11602487,221720.71714308896,3.0,487811.1414246976,13.097683604652156
17523.0,1263208.87767431,168122.301664203,3.0,1381196.615262787,14.138460793917783
17524.0,1282247.3097578,197921.457598716,3.0,310207.07705395966,12.644995343951626
17525.0,1277434.27999288,222063.602583438,3.0,453247.1847996424,13.024192917455265
17526.0,1277514.76114497,222063.161623433,3.0,417792.4796719424,12.942740128114798
17527.0,1272946.76504429,212098.372493237,3.0,181777.0802350328,12.110536381463408
17529.0,1279691.76236318,230853.602080435,3.0,232086.03621566744,12.354863427659343
17530.0,1279590.44729109,230960.86268854103,3.0,11202.05588578482,9.323852601668673
17531.0,1279632.64076313,230796.786912382,4.0,167441.68162153158,12.02839040019852
17532.0,1256687.89174764,203287.646020204,4.0,415070.5753713269,12.936203845889807
17533.0,1271068.62283435,225014.612762451,4.0,214665.90876929383,12.276838185834325
17534.0,1274476.30072585,198769.558591589,3.0,1007222.016873373,13.82270662095844
17535.0,1256669.75331561,202627.386883527,5.0,1013471.1319404284,13.828891760936637
17536.0,1275149.66616654,248531.525682539,4.0,1522837.249897266,14.236085764642095
17537.0,1275344.23730274,248459.86117047103,3.0,794444.7577542661,13.585398731709892
17538.0,1274484.86366986,248869.427570879,4.0,718945.6800247831,13.485541084509526
17540.0,1268516.53636774,242710.093804583,4.0,117764.70906628152,11.676443921837443
17541.0,1281373.84857291,233028.600674659,2.0,285.5,5.654242029096065
17542.0,1270854.08350614,227933.24406144,3.0,105837.79166119956,11.569662933692095
17544.0,1271118.4337144,228090.247325614,4.0,220982.96894471592,12.305840913931767
17545.0,1274812.35544619,248655.585522667,4.0,1858955.553223804,14.435525357447238
17546.0,1262830.09104992,249810.392883852,3.0,477322.0395221368,13.075946677335724
17547.0,1262842.48605794,250076.14629212,3.0,826209.7993433191,13.62460401461438
17550.0,1288405.12653211,203767.726148695,3.0,570182.0936622397,13.253711051358765
17551.0,1288715.47565243,203757.448260695,4.0,655099.4813934834,13.392542383074842
17552.0,1266055.04426922,227227.76124472904,3.0,1003597.7372085216,13.819101838797213
17553.0,1256871.22499582,207896.249672934,5.0,1338801.608402838,14.107285449695071
17554.0,1281885.58969343,202301.825539201,3.0,296766.1611773328,12.600699771569724
17555.0,1277057.82015249,208453.869321495,3.0,901803.405638659,13.712151821451965
17557.0,1259117.11063012,255742.992249921,3.0,64934.74853906394,11.081138176034404
17558.0,1257102.36202006,215870.83150509,4.0,938621.2518384976,13.752167324147173
17559.0,1256071.706595,242151.59786801,3.0,157502.81157080646,11.967198588331708
17560.0,1275596.884407,229847.311455414,3.0,153492.8718160493,11.941409407250665
17561.0,1268728.90699196,229077.265694618,4.0,170642.9853292526,12.047328847889366
17562.0,1272127.26833944,229180.805214718,4.0,1880296.43423925,14.446940000163131
17563.0,1270954.16830625,228356.638237879,4.0,160047.7884780633,11.983227727608469
17564.0,1260337.82077537,257212.465339422,3.0,2093162.6845496248,14.55418672633372
17565.0,1265557.37822071,228044.242525563,4.0,103130.3702671272,11.543749197598707
17566.0,1254864.93443376,248920.766386941,3.0,117280.7082000165,11.672325555642633
17569.0,1285533.27462517,197598.549502388,3.0,519015.9374017928,13.15968986957981
17570.0,1273580.51346093,229668.932511225,4.0,1457334.7730605227,14.1921198275289
17572.0,1273558.8067729,227135.808988631,4.0,361554.978663755,12.798169393840897
17573.0,1269833.8001131,206303.053063303,4.0,401820.39549442247,12.90376049038935
17575.0,1279129.67033061,211410.33422052895,3.0,201452.19409925377,12.213307382092838
17576.0,1279118.97644261,211032.79790014,3.0,137472.29555222663,11.831177688894655
17577.0,1270711.71832199,223088.620568484,4.0,281405.4012074216,12.547551617534447
17578.0,1278955.13260244,249947.659379989,4.0,1281095.3195996904,14.06322598841477
17579.0,1254944.53987385,218511.265555799,2.0,1578530.5512859195,14.272004941424447
17580.0,1254269.81161715,217685.231442958,2.0,1535793.730409868,14.24455789357429
17581.0,1268502.66635174,242447.536556304,3.0,95631.63330258636,11.468258936593182
17582.0,1277470.84818491,247569.510577559,4.0,212897.68494645905,12.268566976921365
17583.0,1277727.00351317,247627.577393621,4.0,87400.2433042972,11.37825334544178
17584.0,1275809.66879122,216150.706961378,4.0,251077.907844252,12.433518559770704
17585.0,1265601.09898876,255614.235257789,4.0,227251.6152513883,12.333813119831355
17586.0,1277768.58444121,249971.551668018,3.0,93418.65451700374,11.444846331436901
17587.0,1277843.16402529,249970.011316016,3.0,58713.59282357078,10.980426543295021
17588.0,1272096.87307541,228396.70838192097,3.0,666384.8481233605,13.40962263266656
17590.0,1281963.78540552,201913.224578798,3.0,101535.52902265015,11.528164055846421
17591.0,1279528.01074702,265817.575748235,2.0,1547.5829803963836,7.344449625348196
17592.0,1268295.29303952,228600.901854128,4.0,221323.90292307187,12.307382531607468
17593.0,1283793.62361538,234808.644324481,4.0,420944.8523754096,12.95025711210192
17594.0,1268316.70443153,260834.826879144,4.0,1533950.0032700305,14.243356667985777
17596.0,1276976.45746441,232137.01750575,4.0,1124695.3850983928,13.933022788154739
17597.0,1262855.13232994,237062.344870791,4.0,326241.2156477168,12.695392312038823
17598.0,1267038.54750223,231808.671009421,4.0,1036730.8600739288,13.85158291647106
17599.0,1270427.7487857,223568.689496979,4.0,500437.7281181329,13.123238450652293
17600.0,1260291.29955932,247719.728113711,4.0,115837.27190809172,11.659941656825062
17601.0,1263006.3036581,199475.143808305,3.0,2700728.355955199,14.809032056060364
17603.0,1267720.44510293,250566.812980622,3.0,1245574.2706844246,14.035107243126433
17604.0,1265752.11044492,266193.818436623,4.0,2158214.495045856,14.584791815155482
17606.0,1283135.18892671,212254.993613392,3.0,2600540.3374038986,14.771229803478116
17607.0,1255895.05833882,235570.736677274,4.0,47592.19628099713,10.770424083102746
17608.0,1255460.16681838,191322.966263965,2.0,131757.47902511642,11.788718231586488
17609.0,1278894.73644237,214405.3931676,4.0,389735.55373538384,12.873223720769024
17610.0,1260995.18954404,250364.574516416,3.0,391142.0837782818,12.876826158581142
17611.0,1273214.61458056,217380.033554643,3.0,31078.87708540904,10.344283674015792
17612.0,1273212.04536456,217252.040658504,3.0,233888.4422609945,12.36259953818763
17615.0,1260378.84202342,256648.260090858,3.0,73009.22386818596,11.1983410665072
17616.0,1272798.50744413,215055.217680261,3.0,747065.3764345605,13.52390797893945
17617.0,1267244.59076644,238343.723240107,2.0,18121.9373475514,9.804878491516975
17618.0,1269123.87998436,205505.892614484,3.0,107756.07856863704,11.587625420004848
17619.0,1274287.02091765,203635.49901256,3.0,37207.27512563148,10.52425958903365
17621.0,1287229.44646691,193003.521913677,4.0,1244048.2105625127,14.033881306001799
17622.0,1287525.6906272,193051.790521726,3.0,946502.7430138,13.760529147687325
17624.0,1260303.68439133,250381.11256443,4.0,1193530.0835544548,13.992425930605442
17625.0,1277526.81887297,206022.530311003,3.0,98160.60985017508,11.494360292183089
17626.0,1277556.298169,205886.529606864,3.0,159846.33082363373,11.981968200353
17627.0,1269168.47864041,226935.948124424,4.0,2724025.1801905027,14.81762119003793
17628.0,1270073.45585734,244869.653102785,4.0,146110.9050145635,11.892121235710073
17629.0,1268263.02999948,256213.54380241,3.0,338387.8077175404,12.731947876861652
17630.0,1260083.1451271,234595.833124265,2.0,5634.367855126919,8.636640238304697
17631.0,1260050.03459908,234728.267556399,4.0,50614.11807376555,10.831985829674105
17633.0,1275178.64344656,227444.429404944,4.0,83687.06581255046,11.334839714220523
17634.0,1272038.37118734,215069.548304275,4.0,106394.11859005711,11.574905577952647
17635.0,1277961.39052142,225243.6923787,4.0,268432.5737818495,12.500355039539375
17636.0,1276177.2543276,250004.198260054,4.0,59853.527595406114,10.999655649857479
17637.0,1271090.43147437,222472.443287849,4.0,75902.40467481318,11.237203645026954
17640.0,1285512.25760114,196470.066493228,3.0,111695.38667544207,11.623530683178796
17641.0,1273078.79826042,205396.528646365,3.0,235075.8867416872,12.367663663303162
17642.0,1273378.57195672,204927.709701896,4.0,1212593.128183324,14.00827170559342
17643.0,1270810.4012021,222921.95714432,3.0,36045.43706719221,10.492535562363505
17644.0,1287335.97120301,251104.380469173,3.0,914581.595565407,13.726221967070545
17645.0,1285535.65945718,206943.365767956,4.0,882835.6812495885,13.690894370818866
17646.0,1271784.80081908,241586.946731433,3.0,99674.45097353784,11.509664664068223
17647.0,1270287.08043356,227598.171869099,5.0,757512.7671553985,13.537795670554187
17648.0,1260038.84496707,234894.186148569,4.0,744290.4564318437,13.520186636059487
17649.0,1266667.91313384,242293.089004144,5.0,573290.1969831897,13.259147319471001
17650.0,1278415.60447387,215379.278352588,4.0,325581.5738189075,12.693368320043893
17651.0,1263284.42545038,230685.278240263,3.0,243897.83493191583,12.404504707296699
17652.0,1281511.01663706,252552.882166654,4.0,166396.10646737803,12.022126408461947
17653.0,1271573.28843488,232598.53328222,2.0,120614.9498837452,11.700358518144284
17654.0,1278676.44255415,200522.70374538,4.0,121530.18348139376,11.707917934625854
17655.0,1276466.05784789,254549.5090487,4.0,2517465.606956967,14.738763241895423
17656.0,1275566.96191096,228800.357150331,4.0,154989.43365928155,11.951112223637589
17657.0,1273495.30136484,240838.658538669,3.0,24554.895924380296,10.108666539994816
17658.0,1288098.36333179,250102.97042015204,3.0,133768.57922417004,11.803866565198392
17659.0,1288101.1090598,251085.709557161,3.0,751562.0272746467,13.529909022726045
17660.0,1279845.88511534,246336.767280295,3.0,94741.1823368828,11.45890405620653
17661.0,1274773.80568615,246865.526064828,3.0,26880.79134069369,10.199167233961694
17662.0,1279397.64581889,222898.616984293,4.0,1828326.4988775752,14.41891162493665
17663.0,1274235.2785176,249245.055411264,3.0,490603.59281946096,13.103391734096997
17664.0,1289874.89786161,186950.30833947696,3.0,448015.1594608245,13.012582348906825
17665.0,1289988.76147774,186788.236467317,3.0,441079.049983793,12.996979390029253
17666.0,1256032.91766696,240501.21597831,4.0,128808.32948019724,11.766080760438692
17667.0,1267319.67063852,228617.283038154,4.0,236695.2435995628,12.37452870066377
17668.0,1271002.24497829,232740.655074373,2.0,0.0,
17669.0,1282834.00972641,249878.573875919,4.0,567795.2216990642,13.249516107520758
17670.0,1266046.25815721,241439.278379276,3.0,142298.93251215474,11.86568528237837
17671.0,1274020.80818138,225340.205274791,3.0,520569.5052376592,13.162678693641125
17672.0,1258722.30006972,240378.194538191,4.0,1617557.4455481071,14.296427819748564
17673.0,1258734.04938173,241061.67709888503,3.0,400021.5559637047,12.899273714547371
17674.0,1279985.13253948,207984.955209017,4.0,387960.66123202245,12.86865922488798
17676.0,1275154.40466253,225311.739162758,4.0,377448.8738866595,12.841190405086461
17677.0,1273691.55749305,241197.095787033,2.0,29430.50476109622,10.289786992323938
17679.0,1271006.8857463,206925.944839939,2.0,266744.5469335135,12.494046726344038
17680.0,1260372.4463754,258779.33753302705,3.0,1217431.9043030236,14.012254201617429
17681.0,1274669.30360605,244748.726510659,4.0,346849.166027173,12.756645284391277
17682.0,1274930.22763832,244741.222894654,4.0,320256.4606744894,12.676877393402453
17683.0,1260947.40419999,211968.840973094,3.0,76366.58432180807,11.243300501490156
17684.0,1260943.43408799,211911.61665304,3.0,37945.29065249923,10.543900681645262
17685.0,1261611.42026468,233862.765347525,3.0,152275.5410849689,11.933446929039162
17686.0,1265180.58730833,245326.603631258,3.0,144860.56338178413,11.883526926888408
17688.0,1271322.04849862,217404.08993867,4.0,604930.3621703467,13.312868626537355
17689.0,1269960.27102523,224358.527129784,4.0,184454.64246188436,12.125158871924045
17690.0,1269804.42718506,224621.804506049,4.0,277030.7192943735,12.531883679000215
17691.0,1263295.52023439,247653.858481646,3.0,31195.95814726041,10.348043818843527
17692.0,1277709.88645716,205030.094341993,3.0,425865.7463692715,12.961879426213603
17694.0,1267753.06743896,229094.384478629,4.0,352963.30872409785,12.774119389221656
17695.0,1268747.13566399,245955.674543902,4.0,1800552.6362383785,14.40360419587779
17698.0,1267360.41694257,231800.5742414,4.0,1592469.1013874654,14.280796263657784
17701.0,1255885.80835481,235245.87344493004,3.0,297949.83833784645,12.604680423593493
17702.0,1277178.30904861,265891.123204321,3.0,842649.1124163511,13.644305913579398
17704.0,1257728.2262767,259237.940285504,3.0,51153.92820953214,10.842594566271284
17705.0,1263206.03613831,194466.216187179,4.0,181108.5095739133,12.106851631027741
17706.0,1265729.65905289,250295.080244347,4.0,150828.71191232154,11.92390011372929
17707.0,1272829.27909216,244800.855342716,4.0,455177.4516050035,13.02844262542896
17709.0,1279132.26777062,200029.359552875,4.0,1683601.5223255008,14.336445820086686
17710.0,1273546.6949649,226481.42741996,4.0,456176.696526048,13.030635505822422
17711.0,1260282.02691931,254364.084216505,4.0,935693.3317245157,13.749043064728529
17712.0,1275403.41464679,252683.399926797,4.0,103266.77971653931,11.545071013033505
17713.0,1256276.95785922,193911.332794607,3.0,1862290.013247064,14.437317478314371
17714.0,1279072.45554656,219863.995093182,3.0,203580.8615567092,12.223818559027581
17715.0,1282864.32063843,198227.165695027,3.0,22243.463066739427,10.009803449674969
17716.0,1282864.98502244,197921.638398722,4.0,183477.35135686744,12.119846513011032
17717.0,1275471.24952687,214748.333071947,3.0,33108.1827878091,10.407535744945982
17718.0,1264401.95140353,246232.166448191,2.0,631579.1696078181,13.355978580464818
17719.0,1274394.38488576,195553.445948288,4.0,881194.1769420424,13.689033285788222
17721.0,1262763.60855386,247665.382449657,4.0,321542.7666842452,12.680885836159142
17722.0,1281761.96754931,202569.647811472,4.0,1117145.2294412511,13.926287087004688
17723.0,1278253.72389771,202111.390531003,4.0,465493.6009540537,13.05085362899694
17724.0,1279900.4138834,225201.436506644,4.0,900075.7514932794,13.710234207090359
17725.0,1282771.72243035,194061.113978758,3.0,2239077.96269913,14.621574715295862
17730.0,1274982.29906237,211385.0153725,3.0,448707.9994090115,13.014127619772646
17731.0,1257492.46429245,247780.354609773,4.0,894086.4104194528,13.703557705434937
17732.0,1276099.0369835,246032.43819198,4.0,163344.88975120458,12.003619132494586
17733.0,1256314.20054725,235552.055589244,3.0,61202.18812695475,11.02193822156968
17734.0,1268540.80830377,243169.515757054,3.0,14565.754481880542,9.586428469073573
17736.0,1265776.30532494,267518.544837981,4.0,2754369.4710271917,14.828699107234305
17737.0,1285215.53382485,251153.181237221,3.0,188306.77976548809,12.145827719124467
17738.0,1285367.306817,189667.096182257,2.0,2119937.1679372755,14.566897008443553
17740.0,1286128.29740977,251132.887285203,4.0,429189.0746384672,12.969652834238707
17741.0,1256842.65385979,255781.592569962,3.0,200081.66437657428,12.20648088407235
17742.0,1275592.16101499,208505.09722554695,3.0,138225.268226295,11.83664001170919
17743.0,1251893.67068672,212518.243085667,2.0,501445.5442965335,13.125250294838295
17744.0,1270166.98155344,226537.326876014,4.0,2141459.049744677,14.576997953624835
17745.0,1282832.96735841,251202.12242128,4.0,154308.51941975966,11.94670925017611
17746.0,1276141.32786356,213267.429902434,4.0,666970.4405546791,13.410501006906257
17748.0,1278448.00472991,235170.675108865,4.0,132019.4137501755,11.790704264619173
17749.0,1271552.33541085,227358.014876857,4.0,735452.4222556428,13.508241129311502
17750.0,1254101.85884899,242514.358956382,4.0,104517.0620584292,11.557105610345774
17752.0,1285565.2919692,209085.45101814,4.0,212915.9239127362,12.268652643353384
17753.0,1269122.47870436,226977.831260473,4.0,77167.22933942593,11.25373015546936
17754.0,1259870.14288689,192558.006713226,3.0,837189.0623567008,13.637805204916203
17755.0,1261173.89360823,200894.567809761,3.0,2803344.9306224207,14.846323880236467
17756.0,1257790.17757276,247774.80868975804,3.0,53819.31018573006,10.893387607136885
17757.0,1272142.05208346,226361.369883835,4.0,1059428.0349611,13.873239730798021
17758.0,1275016.0017184,246065.999472022,4.0,393744.7669975816,12.883458178868793
17759.0,1274859.36421424,252702.976694807,4.0,33641.06210280831,10.42350268620466
17760.0,1282270.03871782,243554.75678144404,3.0,92187.45555159092,11.431579343363925
17761.0,1278113.00274557,229691.136543244,4.0,199195.4283820557,12.202041673980004
17763.0,1273134.18296447,200317.314049169,4.0,53126.86387861388,10.88043799038517
17764.0,1273067.5331724,200033.49017687104,3.0,1432136.0870462349,14.174677654840908
17766.0,1271692.21541099,223960.667353377,4.0,2139851.570482191,14.576247025004786
17767.0,1269058.7731683,225881.387291342,4.0,2173547.0907904166,14.591870995056391
17768.0,1275068.94975045,266005.356868431,3.0,2462607.9938581497,14.716731506440631
17769.0,1268631.87473586,244897.729838818,4.0,519068.2279167498,13.15979061384843
17770.0,1258449.60374944,255753.577529937,3.0,127526.20093264309,11.756077119979823
17771.0,1255941.69245087,237189.877094924,4.0,222237.76431059395,12.311503098140028
17773.0,1252665.04214351,208580.07834562697,3.0,915136.4514009688,13.726828460353474
17774.0,1277062.7013685,208148.930313185,3.0,97496.92855063232,11.487576154444943
17775.0,1290713.12224647,189873.686006472,3.0,371012.642596736,12.823991418089113
17776.0,1280591.20774011,265788.379652217,4.0,93940.69953797192,11.450419006199757
17777.0,1262702.4361378,259656.643837929,4.0,591189.5396363155,13.289891955016289
17778.0,1251608.18108644,242579.125548437,3.0,42200.38524513833,10.650184629014149
17780.0,1277845.3212093,257431.783483654,3.0,511003.3187447404,13.144131363772853
17783.0,1257621.96432459,254390.132408544,4.0,1531563.4385082736,14.241799626864122
17784.0,1256605.98672354,200315.907585174,4.0,1171858.8348949363,13.974101793822785
17785.0,1285492.09068912,199179.902976006,4.0,627727.918042845,13.349862100045645
17786.0,1286233.67942588,199172.971519992,4.0,792771.8601122664,13.583290767059534
17788.0,1259327.02749434,246356.950320318,4.0,115883.7620120026,11.660342916078468
17789.0,1277069.2670005,212095.519181222,3.0,327699.3428685213,12.699851829401164
17790.0,1273485.57797283,223028.10396042507,3.0,631543.6722767592,13.355922374797576
17791.0,1273491.95128484,223390.24002479,4.0,209369.79517282048,12.2518573223764
17794.0,1282803.91756637,247224.191025198,4.0,228951.0702334094,12.341263592603294
17795.0,1278979.44127446,252600.696694702,4.0,862387.6430158517,13.667460150434785
17796.0,1256430.66057937,193982.059642687,2.0,1778138.670563201,14.39107768445748
17797.0,1256191.33040312,220294.362005621,2.0,1665513.9452514837,14.325644309592816
17798.0,1255642.00502656,219365.32258068,2.0,1621749.108241405,14.299015821200882
17799.0,1263924.03306705,242729.778796598,3.0,777956.1871175368,13.564425486815843
17800.0,1273251.7375246,229671.808159232,4.0,759970.5437047554,13.541034953228175
17801.0,1270720.985714,226865.157276347,4.0,1882978.5718817536,14.44836542779852
17802.0,1277086.49989653,237299.72202304,3.0,14375.71266217736,9.573295440935972
17803.0,1277090.28268053,237453.247335196,2.0,2493.489205952733,7.821438296102828
17804.0,1280114.76057161,245664.645615608,3.0,294369.3718111485,12.592590624457175
17806.0,1275073.85432646,262724.026497066,4.0,87033.45560019578,11.37404787084611
17808.0,1254887.59088179,250440.289588496,4.0,855653.1900509727,13.659620421218099
17809.0,1277204.96780065,255285.256953448,4.0,833605.1722220693,13.633515154642977
17810.0,1276764.64780019,225271.003674716,4.0,1352257.307395583,14.117285833598224
17811.0,1250747.35868555,238494.667176262,3.0,858263.858083809,13.6626668580976
17812.0,1275259.14821465,250033.35045208,4.0,52991.92169519156,10.877894760071579
17813.0,1274872.39141425,198399.559359208,3.0,694047.6795285218,13.450295939619698
17814.0,1276641.67596006,245352.331567287,4.0,110809.65182087444,11.61556915979814
17815.0,1276656.22156008,246015.989743963,4.0,110972.04691193736,11.617033618957882
17816.0,1271461.31627476,223098.43023249495,3.0,89103.32727056579,11.397551955865657
17817.0,1271344.23185864,223284.650968686,3.0,191743.4351207566,12.16391348198504
17819.0,1259160.44778216,196525.743229285,4.0,2795073.061003002,14.843368804123434
17822.0,1255449.19798636,240511.588650331,2.0,27671.85699047734,10.228171182581004
17824.0,1267428.19831863,227648.038621157,4.0,282103.71841361834,12.55003007809293
17825.0,1278032.9480895,222058.196759433,4.0,1732709.9143873334,14.36519716541212
17826.0,1286811.76813048,194170.07308287904,3.0,741710.3066658052,13.516714023631613
17827.0,1270638.71128191,228645.098270178,4.0,420112.7718207107,12.94827845855374
17829.0,1257753.21142872,193935.73036263895,3.0,71415.78234801964,11.17627416519044
17830.0,1276191.31826361,252653.505654767,4.0,746473.4627908481,13.523115346489384
17831.0,1272167.63832349,229444.649502993,3.0,39705.3451862089,10.58924109706331
17833.0,1259569.68387859,211007.298572108,3.0,257808.6288099868,12.459972839873503
17834.0,1266886.85361408,228140.700317666,4.0,233862.17164109225,12.362487210724453
17835.0,1274176.86494954,250067.792308107,4.0,216050.35126120996,12.283266767191712
17836.0,1276918.85848835,229816.121503368,4.0,339833.5517592809,12.73621122307266
17837.0,1266083.08292525,227257.712604761,2.0,69488.84119293088,11.148921460286912
17838.0,1268626.47383986,217643.679314911,2.0,214402.39552680167,12.275609881282417
17839.0,1268601.35543983,215878.03361710897,3.0,213170.4582703235,12.269847398213003
17842.0,1287628.97421132,249768.094771802,3.0,2324259.1548371417,14.6589119031453
17843.0,1257502.71261247,220928.115990266,2.0,1755538.8193231928,14.378286387318619
17844.0,1256813.60208376,220812.266838148,2.0,1710148.6773662977,14.352090870527517
17845.0,1270041.75377731,242777.229164645,4.0,347834.88662247115,12.75948318243455
17846.0,1279379.03961086,214395.122831583,4.0,685536.407016278,13.437956886736542
17847.0,1263564.91409068,212326.42913346,3.0,1798100.2843780154,14.402241267974444
17848.0,1284226.60729583,261934.850624263,4.0,269792.8341719798,12.505409662625388
17849.0,1254981.30787389,254421.124152571,4.0,1664162.6046991816,14.324832614759265
17850.0,1281397.62316494,199381.157120213,5.0,994013.4715271147,13.809506038391051
17851.0,1281594.23788513,199292.230144113,2.0,213449.20811616367,12.27115418225261
17853.0,1271362.49297866,219335.619540647,4.0,77546.87298758522,11.25863784525896
17854.0,1271348.73541065,218559.358291849,4.0,324835.11249675736,12.69107298640444
17856.0,1277741.39980119,216104.01704134,4.0,494446.4189430006,13.111194070166096
17857.0,1281232.29542077,204470.203717425,4.0,651495.9811766456,13.387026506958012
17859.0,1265702.97770886,212166.697165295,5.0,403021.2703535631,12.906744619569658
17860.0,1265570.23844473,212268.688141406,7.0,608571.9250015941,13.318870384920226
17861.0,1264530.56433167,271522.495818079,4.0,1274581.7112434404,14.058128613135068
17862.0,1283771.39270337,195257.792699993,4.0,1489276.5043956584,14.213800992475866
17863.0,1275008.13759039,209365.202122435,3.0,46405.79094156774,10.745179535202045
17864.0,1278010.43602547,227042.270748541,4.0,318726.6229055324,12.67208903286106
17865.0,1275540.20344694,227657.856157169,4.0,141080.17491106936,11.857083624149825
17866.0,1282518.58809409,230447.846624017,3.0,2440158.3750066063,14.707573502952558
17867.0,1272355.94078767,194939.220795661,2.0,71956.15794503815,11.183812295102657
17868.0,1264285.03069942,255651.352697834,4.0,750102.2689061114,13.527964834757993
17870.0,1273077.23589242,224781.047962219,4.0,1137775.7349617206,13.944585804794004
17871.0,1268571.15729579,207746.463240772,2.0,21258.514620702128,9.96451278213159
17872.0,1279222.9637707,213439.516494602,3.0,649631.9917392168,13.384161314983965
17874.0,1259204.8312702,198515.858687326,3.0,370935.4668284128,12.823783382600858
17875.0,1260938.17194398,247706.206513688,4.0,144148.9100035284,11.878602141494625
17876.0,1281189.05234872,204467.744709417,4.0,684503.9462115054,13.436449688794834
17878.0,1277303.06898475,206798.575687811,4.0,83520.01450432408,11.332841576779334
17879.0,1283746.82975934,251184.563381255,3.0,15099.540220135745,9.622419573341803
17882.0,1285521.94329716,256480.196154684,3.0,307663.9258365694,12.636763316337014
17883.0,1275872.89138328,248339.426674336,4.0,459688.57096208696,13.038304519536348
17884.0,1276063.40447147,248556.440690562,3.0,162352.52703927242,11.997525342788801
17885.0,1264418.78372355,266232.655620664,4.0,920240.825796852,13.732390681940666
17886.0,1275165.48895055,216166.619985402,4.0,426394.8846719295,12.963121155213805
17887.0,1280917.53516445,265779.418692201,3.0,39229.94530844376,10.577195645076799
17888.0,1281597.66738914,257808.669244036,4.0,2026298.9253510693,14.521721497502922
17889.0,1259596.91741461,246015.238767967,4.0,43809.32226898291,10.687601910909306
17890.0,1286887.57408255,193534.017594218,3.0,660767.0075486769,13.401156571898689
17891.0,1274037.0227094,240651.338026464,3.0,14419.12493791947,9.576310725080777
17892.0,1256897.12029184,208545.764105588,4.0,1967635.9132048995,14.492343336026291
17893.0,1275676.95941508,232171.610273793,4.0,135606.2090349108,11.817510442783131
17896.0,1278025.18239348,216171.413265407,3.0,238236.6863176328,12.381019938811841
17897.0,1275396.98616679,220843.87765418,3.0,288635.3408687267,12.57291937405735
17898.0,1275457.77803886,220717.93237406,4.0,134703.40763640453,11.810830660047321
17899.0,1285501.80390514,195880.83340463,4.0,471710.90118167805,13.064121579418027
17900.0,1278134.1001536,202753.326595664,4.0,2321823.796722796,14.657863554089642
17902.0,1263204.09489031,198417.62559922,4.0,2089946.963719386,14.552649247408192
17903.0,1263186.54045829,197754.71615853897,3.0,710441.7824641023,13.473642284336089
17904.0,1278094.00210555,229313.344670862,4.0,594909.6311589683,13.296164792587675
17906.0,1259201.2886142,198377.53811118,3.0,46103.98789049441,10.738654730460178
17907.0,1280686.15999621,198349.441983148,2.0,394116.9970283618,12.884403090972596
17908.0,1280789.46982031,198096.552766889,4.0,542204.8917576325,13.203399238059918
17909.0,1280112.48690762,245534.757103473,2.0,238121.03025182255,12.380534353865654
17910.0,1275799.5490472,214581.233679771,4.0,482837.4290146889,13.087435290086052
17911.0,1275184.86258258,227087.676188588,4.0,461156.3919008942,13.041492509352569
17913.0,1254116.41916899,237060.675942793,3.0,175096.6089246292,12.073093151579437
17914.0,1276298.67109571,265919.777988344,4.0,1462468.212762341,14.195636122988587
17915.0,1280614.43506813,198351.331455156,3.0,1429462.5196390543,14.1728090711906
17917.0,1287072.64921875,201916.44569881295,3.0,660715.5979511574,13.401078765959616
17918.0,1269555.57662481,227454.031132951,4.0,164433.60610109277,12.010262157387288
17919.0,1279616.14937112,227011.364700496,4.0,602120.5721872763,13.308212990261765
17920.0,1277451.62412089,206011.555591002,4.0,119123.71548130468,11.687917857950243
17921.0,1281643.58393319,221011.79074235295,3.0,259086.68604801685,12.464917979849831
17922.0,1281579.83474912,220787.596950129,3.0,497806.3526843623,13.117966430353611
17923.0,1275107.40280649,222992.59189638495,4.0,748788.9190634129,13.526212405776693
17925.0,1279423.87218691,224545.915545985,4.0,609897.4778398215,13.32104615290925
17926.0,1272527.24190785,242688.812332556,3.0,210302.51788883985,12.256302334461912
17927.0,1255518.77955444,193975.691898674,3.0,29165.09534563364,10.280727908362358
17928.0,1274821.12677421,197493.892542273,2.0,1472164.622192092,14.202244407746132
17929.0,1276356.87403977,212109.479437247,4.0,1417323.398081684,14.164280719931224
17930.0,1260936.12963998,245348.212847278,4.0,46704.774984512645,10.751601686492382
17931.0,1274752.64133413,246074.605104029,4.0,485136.4640349132,13.092185499486897
17932.0,1251338.16719815,242585.538924456,3.0,87734.85173679769,11.382074496645794
17933.0,1279568.27871506,225208.573338658,4.0,180723.52983384315,12.104723683010915
17935.0,1275819.04178323,246040.707503989,4.0,215196.32036979543,12.279306008470217
17936.0,1271899.27960321,225506.256794959,4.0,481936.1445020365,13.085566903970218
17937.0,1261535.8449686,237088.833062828,4.0,169470.3533145865,12.040433283806077
17939.0,1279256.26194674,213672.110158846,4.0,689219.8201132194,13.443315541366948
17940.0,1258882.27805388,246034.507759988,3.0,263707.19689406606,12.482594663944939
17941.0,1267238.25579044,236175.899493888,4.0,329987.0168694845,12.70680858984897
17942.0,1279480.20767497,209088.515338153,3.0,54587.82879555625,10.907566221051265
17943.0,1279624.64210711,208728.419593781,4.0,1788904.1442716066,14.397113780435804
17944.0,1279961.77497147,221989.714967355,3.0,66333.70660146435,11.102453442180442
17945.0,1253953.07990482,202928.919747844,3.0,1158660.297665726,13.962774979847948
17947.0,1264067.64535519,192982.993081659,3.0,19750.707416594727,9.890944588249557
17948.0,1270968.97342625,205455.060358435,4.0,192862.31671017112,12.169731828385524
17949.0,1264844.86717999,233681.863139331,4.0,2316308.777600868,14.655485432450073
17950.0,1280367.17049187,198767.173439577,3.0,315768.128615757,12.66276345302463
17951.0,1276878.16069631,228447.131165966,4.0,175475.2741352054,12.075253423843906
17954.0,1275340.01848674,197967.994302765,2.0,353414.63450552383,12.775397248608877
17955.0,1272668.561204,251210.898613289,3.0,334062.63986123505,12.719083798869283
17956.0,1269684.42283294,266105.445636541,3.0,223519.29616667196,12.3172530256252
17957.0,1269916.09720118,266100.836356536,4.0,539105.5791029572,13.197666710306553
17958.0,1264031.20874715,244659.958638579,3.0,13002.61216609192,9.472905552111994
17959.0,1287990.73760368,189348.408181936,3.0,119675.72360258477,11.692541060639629
17960.0,1274839.24715821,250046.697524086,4.0,60343.935006037325,11.007815724475305
17961.0,1285387.02425702,190453.809207067,3.0,707526.7460868033,13.469530711441248
17962.0,1270597.56337787,217420.356626675,4.0,715130.3799824998,13.480220154678346
17964.0,1268262.30852748,229277.195422828,4.0,363461.224260055,12.80342789697838
17965.0,1272357.63205168,251021.559093088,3.0,236607.09243084543,12.374156206538869
17966.0,1280334.33426784,198712.883199528,4.0,2244359.672068202,14.623930814451311
17967.0,1284775.25913639,257712.428283945,3.0,489270.9936788768,13.100671794258774
17969.0,1285544.63718519,198203.920959011,4.0,96369.91551313682,11.475949352152377
17970.0,1285542.87993719,198078.062654868,5.0,489537.7325510412,13.101216821845103
17971.0,1273082.23986042,236909.134886637,3.0,176503.55304742712,12.081096285733194
17972.0,1275264.06552665,250576.873972639,3.0,40782.25280604687,10.616002285516954
17973.0,1284750.41171236,260350.955454648,3.0,76508.1009466461,11.245151908935576
17974.0,1284658.19571227,260531.056830823,4.0,106380.93969587864,11.574781701645888
17975.0,1258140.05123712,213808.950798988,3.0,122566.52010240332,11.716409182828343
17976.0,1268103.00011133,242129.065387979,4.0,323591.4275677391,12.687236972986597
17977.0,1273540.19659689,254069.664568216,4.0,131208.58120722315,11.784543558896136
17978.0,1268255.32331148,255550.050361723,4.0,213416.13925254333,12.270999244102253
17979.0,1274192.79768556,252728.420534834,3.0,31087.762304975276,10.344569525710973
17980.0,1267581.17143878,250244.810676292,3.0,1370979.956403321,14.13103633874635
17981.0,1272497.99787582,219974.66549329495,3.0,27955.355957000367,10.238364086593787
17982.0,1254625.69769752,237213.85309495,4.0,268378.4371196302,12.500153342251862
17983.0,1262854.94301794,250338.543092385,4.0,975844.6789410644,13.79105871230181
17984.0,1281123.08038065,194931.902587652,4.0,55751.26744076925,10.928655423427518
17985.0,1282844.92076641,198954.280063778,3.0,38111.83886663252,10.548280244255464
17986.0,1268332.36222355,262668.000065014,2.0,914084.5930139509,13.725678398685242
17987.0,1253969.32598485,237226.675302967,4.0,315201.23623840703,12.660966559034334
17988.0,1259076.84989408,193895.049978599,4.0,945751.099507608,13.759734705072034
17989.0,1263171.52573827,197100.06950187695,3.0,627717.4493552287,13.349845422796458
17990.0,1279437.68677893,225211.40994666505,3.0,1750.0374609908936,7.467392472968959
17991.0,1285490.46860912,195244.508283973,4.0,1954431.8287534693,14.485610084483534
17994.0,1254048.34121692,204826.517957792,2.0,394899.5900532045,12.886386809171402
17995.0,1272362.50046769,254112.839992255,3.0,268410.8400478158,12.500274070923627
17996.0,1277378.39890482,206812.121607825,3.0,241506.5242516034,12.394651767244442
17997.0,1261530.07760859,233994.621027648,4.0,174069.1318958214,12.067207809036148
17999.0,1278663.87961014,259219.00761348,3.0,1150704.723232387,13.955885115463234
18000.0,1276631.26098405,265908.95226033,3.0,1147433.2439929957,13.953038044055093
18001.0,1276738.48972017,265905.450244337,3.0,1005940.9071608044,13.821433887519722
18002.0,1265747.21905291,246280.36126422897,3.0,1599380.1648903105,14.285126715208872
18003.0,1277128.73106456,207771.326408803,2.0,13070.097037854694,9.478082231063139
18004.0,1273591.92683694,258710.05260495804,3.0,174150.03392149162,12.067672470577312
18006.0,1264872.43870001,242332.556780189,3.0,45520.62247619869,10.725920743491395
18007.0,1270733.97387402,246188.430320144,4.0,321861.9507121066,12.681878008101359
18008.0,1279201.22924268,215463.757840678,3.0,433736.35732222657,12.980192156889135
18009.0,1256556.9523555,198535.305471346,4.0,141577.53565209266,11.860602801131297
18010.0,1263582.96125869,259998.591038287,3.0,1106815.1131183011,13.916997181588727
18011.0,1279108.87442659,210662.77140376004,3.0,52613.98434476128,10.87073722545845
18012.0,1271278.37797058,215084.352080286,4.0,400942.08725462586,12.90157227504761
18014.0,1270153.13348942,195820.432636559,3.0,1419162.346015001,14.165577358347118
18015.0,1272868.2156682,246128.233584076,3.0,19224.16161934928,9.863923184546449
18016.0,1274377.01547775,240068.341481879,3.0,102328.02511903252,11.53593886475485
18017.0,1281183.75647672,194958.001915678,3.0,49099.28240979193,10.801599698803958
18018.0,1260656.9907597,202076.51917097,2.0,163983.13681808888,12.007518877239612
18019.0,1278303.41445777,222055.606551424,3.0,429065.94869623095,12.969365912660077
18021.0,1274282.85848565,220142.641173467,2.0,802742.1266253832,13.595788803900401
18023.0,1271437.76907474,222154.44981552704,4.0,130523.82350581871,11.779311044683782
18024.0,1286555.51571421,204327.971077278,3.0,1282046.4805712842,14.063968172101362
18025.0,1273168.27774851,215047.11169625804,3.0,306034.730332174,12.63145387231169
18026.0,1257537.9887725,213825.965838999,3.0,118633.27954852048,11.683792329459916
18027.0,1268516.15351975,229270.927390814,3.0,156598.80276110122,11.96144241730592
18028.0,1270820.6751221,248661.610418677,3.0,75263.33638411995,11.228748394604095
18029.0,1270825.33688211,248843.846258864,3.0,13723.76555340204,9.526884320868422
18030.0,1276049.32018346,219407.293588713,2.0,93180.0,11.442288385370787
18031.0,1264167.44074729,250316.497204363,4.0,745096.3843286987,13.521268863931331
18032.0,1282832.3886704,251873.292341962,3.0,258750.31904412512,12.463618856581729
18033.0,1281255.48658879,209159.943050221,3.0,112755.17044481113,11.632974113917143
18034.0,1274879.81234226,243350.605293229,3.0,20998.51230717376,9.952206871680575
18036.0,1264357.30423549,260673.663806975,3.0,1019824.7649493524,13.83514137143204
18037.0,1281685.95686123,265758.377412185,4.0,249933.28018180272,12.428949281952983
18038.0,1278440.67135391,234925.970532611,4.0,288883.6784120583,12.573779389226884
18039.0,1277818.70738527,204453.281477407,4.0,1093808.5608410167,13.905176256561033
18040.0,1263885.50135501,238685.757672459,3.0,758180.9305493612,13.53867733079762
18041.0,1260306.06883934,255724.809849903,4.0,415451.0242712504,12.937120014540204
18042.0,1284997.28460862,257269.746747494,3.0,229454.69956465252,12.343460901481404
18044.0,1287700.1288994,254042.288632184,3.0,315057.28378513816,12.660509754560618
18045.0,1286418.44313808,255980.58853817,3.0,625579.3267782321,13.34643342223601
18046.0,1254713.57513762,236547.419110268,3.0,1031331.2031504684,13.846360955979943
18047.0,1274869.27992626,254023.829368159,4.0,277173.4061787592,12.532398604389543
18048.0,1275104.84831049,209061.658122122,3.0,401.988863223336,5.996424384810737
18049.0,1269952.25265722,212153.980685294,4.0,1603742.346525626,14.287850422664041
18050.0,1280462.51052397,198575.547199383,3.0,1780619.0092001422,14.392471619792085
18051.0,1278023.57343347,222928.866264328,4.0,1069812.5474629884,13.882994001803727
18052.0,1263110.22666621,198822.584127635,3.0,307913.6647309407,12.637574713346584
18053.0,1276618.90303203,244696.913966611,4.0,125370.6867080606,11.739030121546298
18054.0,1271066.48696235,250176.207476228,3.0,81238.80175461063,11.305148266134669
18055.0,1275495.0998309,244724.876846641,4.0,222581.7780793151,12.313049854990949
18056.0,1275779.90015118,244716.62027064,4.0,180547.8714920529,12.103751237613974
18057.0,1270096.48004936,270100.707656622,3.0,55605.96092470524,10.926045685367992
18058.0,1282771.25228634,199261.708864093,4.0,249551.093525168,12.427418956876405
18059.0,1284856.59161648,195240.243835971,3.0,56309.828846127326,10.938624378750657
18060.0,1285151.36070478,195236.261243969,3.0,42107.98749564547,10.647992728412053
18061.0,1257036.36413199,214465.08795166,3.0,56839.63667127073,10.94798919005955
18063.0,1273562.2122769095,227541.54863704697,4.0,1484673.9956324198,14.210705774557697
18064.0,1260292.89667933,234891.190756574,2.0,4618.098059649169,8.437738223913591
18065.0,1261394.33770445,250359.22085240495,3.0,380157.5578082544,12.848341071580235
18066.0,1276963.8469044,265898.10938032,3.0,910558.7022125708,13.721813648572988
18067.0,1264241.25655536,253504.867127627,4.0,154254.65549431712,11.946360122798842
18068.0,1272679.11070801,224189.62357761,4.0,935282.26954701,13.74860365527408
18071.0,1266236.69182141,227426.010524929,4.0,187642.5695488964,12.142294206384532
18072.0,1270202.90603347,225213.225242659,4.0,1379114.6517011754,14.136952294509522
18073.0,1278316.63519378,201400.643586278,3.0,10402.875983499203,9.249837583775113
18074.0,1273117.81982845,238170.583143935,4.0,2273760.9740453507,14.636945835210893
18075.0,1272644.90571597,242720.396588594,4.0,377643.9975800509,12.841707225480635
18076.0,1272666.86667599,243472.041389361,3.0,155788.48834620797,11.956254522309054
18077.0,1283362.00633495,234394.45290006703,5.0,979159.4876353128,13.794449816962862
18078.0,1278091.13957755,229226.931742772,3.0,85961.48799386702,11.361654660912198
18079.0,1276827.78060025,227049.151004538,4.0,319442.0623777932,12.674331197945266
18080.0,1273611.80766897,231544.102625147,3.0,11720.118378731013,9.369062163654311
18081.0,1275814.33509521,236797.654182523,3.0,109642.27680559491,11.604978316395881
18082.0,1278982.92453846,215920.98856115303,3.0,513675.12563769374,13.149346293320146
18083.0,1286372.95174603,194179.91756288696,3.0,669709.1829647345,13.414598841861373
18085.0,1281380.30329292,271054.009865597,4.0,2317974.031024252,14.656204099637133
18086.0,1260959.03543201,212207.914957345,3.0,30316.870621051883,10.319459622722881
18087.0,1254617.03625751,200860.882177725,3.0,877122.0461512946,13.684401424900402
18088.0,1262968.99364206,255688.473017871,4.0,676358.1920013741,13.424478084518173
18089.0,1263426.82282653,212144.45639728,3.0,454209.0648174041,13.026312866220632
18090.0,1256643.68905959,201682.146626562,3.0,344752.0007432296,12.750580599099854
18091.0,1258133.45578112,244542.191150457,3.0,394471.2449563708,12.885301526767039
18093.0,1266693.70897388,245209.564847142,4.0,288354.37469318794,12.571945470397827
18094.0,1268580.89585581,211477.47578859297,3.0,57280.15292400193,10.955709471393567
18095.0,1268573.48407981,211240.67182035703,5.0,974720.3711504554,13.789905910025292
18096.0,1276093.99826351,219429.221396744,2.0,46592.0,10.749184131556358
18097.0,1278193.53541766,232326.369441941,4.0,98132.37470199316,11.49407260845928
18098.0,1281511.47033305,249902.467187941,4.0,307457.70188529894,12.636092801922619
18099.0,1275005.35640639,262611.727168962,4.0,275937.81850875274,12.527930824058355
18100.0,1277605.50444105,238077.153255835,2.0,110076.74768857636,11.60893310775048
18101.0,1280929.99545245,202601.651651502,4.0,832724.2399408083,13.632457821852832
18102.0,1260125.81168716,239004.380712777,3.0,539342.3826300314,13.198105866462962
18103.0,1260096.30154312,239657.624489456,5.0,752207.4338440144,13.530767407772004
18105.0,1265540.72049269,207756.200776786,4.0,280625.2740211064,12.544775513945373
18107.0,1269548.5786088,205494.435910463,4.0,62636.17974615304,11.04509834135521
18108.0,1273879.88619724,225256.461658701,2.0,333131.7606589967,12.716293368357466
18110.0,1257911.91850089,215845.236753061,4.0,1532154.2933492952,14.242185337885866
18111.0,1273482.28133284,205414.657542393,2.0,1071277.7255641678,13.884362630066015
18113.0,1277918.02213737,244957.432110876,3.0,3884.945920435882,8.264864342611139
18114.0,1276059.82149547,244708.534638628,4.0,131359.96423068116,11.785696652386287
18115.0,1271575.46693088,232896.029090524,2.0,74372.05365071118,11.21683552728289
18116.0,1271986.26040329,233599.50211525,3.0,56646.444310412415,10.944584498562413
18117.0,1265955.16023712,216820.597650066,2.0,46591.99999999999,10.749184131556358
18118.0,1266163.70282933,215222.377424434,1.0,0.0,
18119.0,1283383.88985497,232632.670370266,4.0,161970.88679908248,11.99517188694777
18120.0,1278365.89791383,256578.006010786,3.0,363537.91501735785,12.803638875928543
18121.0,1287814.25107551,253548.51896767304,3.0,50327.83091429473,10.826313501569581
18122.0,1261761.16439283,193823.79749852404,3.0,869398.2425306076,13.675556576060904
18123.0,1261060.73501611,193841.986426532,3.0,372626.99368117936,12.828333181334873
18125.0,1276674.08108009,246575.505968541,4.0,60669.92822437781,11.013203437885995
18126.0,1276699.28248812,247351.98340933,4.0,112238.54319557815,11.628381735322707
18127.0,1261872.48176894,198448.22527925705,3.0,985496.6688332728,13.800901025389871
18128.0,1261596.86845666,245866.101551816,4.0,291460.764229865,12.582660676158858
18129.0,1260900.32323995,245881.449007824,4.0,181044.49754590844,12.106498122828649
18130.0,1272375.81406769,250129.43589218,3.0,21012.400137890032,9.952868025195883
18131.0,1261391.38295245,192502.07768917095,3.0,1172930.9732105772,13.975016279536304
18132.0,1284635.06156825,204376.839429319,3.0,711946.9728017582,13.475758711218583
18133.0,1268304.43211153,259778.140670061,3.0,64857.67379153057,11.079950514147692
18135.0,1275670.56600706,253996.14796014095,3.0,41763.69189398953,10.639782626071936
18136.0,1273569.55806892,228390.611613914,2.0,0.0,
18137.0,1273534.73432489,253534.421879664,3.0,45598.3972622381,10.727627847126843
18139.0,1272104.67192341,232768.242594391,4.0,1510432.1176361467,14.22790633847207
18140.0,1253300.83651216,207352.70778437,2.0,290585.5241315312,12.57965321515263
18141.0,1257254.57366821,193983.513402686,3.0,2616.533226810911,7.869605524684779
18144.0,1258339.37430932,193917.436410621,3.0,150955.49889657734,11.924740363067553
18146.0,1274631.81714201,220860.610582203,3.0,506299.3660487736,13.134883405831546
18147.0,1255779.8820827,191311.416055948,3.0,162359.02417781416,11.997565360697116
18148.0,1255571.06326649,191318.959991947,2.0,78498.41144576285,11.270833667206032
18149.0,1278350.83954582,236736.16247046,4.0,237115.90660590964,12.37630435797657
18150.0,1271881.27473919,223641.74543304704,3.0,2147601.5310030305,14.579862210420515
18151.0,1275732.97503114,234160.789987817,4.0,150473.785533572,11.921544165498352
18153.0,1271999.13208331,213090.96731025,2.0,45135.92256302367,10.717433717603646
18154.0,1276671.0895921,244695.812910616,4.0,639023.2362283495,13.367696096123186
18155.0,1275651.82655105,231284.419104874,3.0,8858.393722041226,9.08912073168244
18156.0,1273578.06398892,204627.838213578,3.0,10175.69640172926,9.227757450399114
18158.0,1252382.77334322,242561.049132422,3.0,460348.4432597115,13.039738967065247
18159.0,1276986.61324042,247986.179377988,3.0,7398.403159772438,8.909019466686477
18160.0,1269311.80580856,204946.524293914,3.0,87578.16941322923,11.380287038255567
18161.0,1276152.79864757,248334.46046634004,3.0,215692.84865407896,12.281610677697266
18162.0,1274204.36190957,223012.329368412,4.0,904443.7819952806,13.715075428204585
18166.0,1266330.55255751,260882.82316719,4.0,488952.3158096357,13.100020250020513
18167.0,1277804.93445726,244699.415598616,2.0,110308.68841765504,11.611037972924969
18170.0,1282799.22399837,246845.396208808,3.0,139372.01959425016,11.84490203689075
18171.0,1275000.28229438,202866.131779775,3.0,216027.5945461768,12.28316143103524
18172.0,1275502.25010289,202186.301763088,3.0,170989.3397120787,12.049356492676488
18173.0,1285557.5232652,249707.748403743,3.0,128765.63228525785,11.765749226963507
18174.0,1266305.05655748,258901.078141153,4.0,626937.0339707385,13.348601390283108
18175.0,1271994.2538113,212840.826061994,2.0,51136.56354766085,10.842255049631179
18176.0,1272851.17566818,250112.440500155,3.0,117465.9211556023,11.673903537780449
18177.0,1260788.57117583,212251.021837384,4.0,810923.1346503403,13.60592855012285
18179.0,1273137.36043647,213501.811662674,2.0,229037.3443107452,12.341640344833772
18180.0,1277479.81900093,205878.28256686,2.0,44480.42115631724,10.702804397322023
18181.0,1273603.34610096,259703.385917976,3.0,73588.24037945313,11.206240514498107
18182.0,1287315.71565099,204867.046405822,3.0,75878.17729142607,11.2368844028251
18183.0,1274351.75762172,250062.2414601,3.0,45081.03226154137,10.716216866328578
18184.0,1278189.11116165,202097.278978989,3.0,251442.79102405976,12.434970771569164
18185.0,1278209.29324166,201989.283842877,3.0,4982.53732575737,8.513694543430162
18186.0,1276738.98124017,247855.001777843,4.0,60761.25098342986,11.014707545428468
18189.0,1281622.74047716,219416.23451672503,3.0,185994.2181442079,12.133470866965988
18190.0,1280996.47302052,204445.662085399,3.0,374207.68835345225,12.832566238718627
18191.0,1277225.47794466,207610.355272636,4.0,639455.3615963107,13.368372095526151
18192.0,1263062.83895417,241451.387627289,4.0,2390531.989157451,14.68702648874393
18193.0,1251900.52534273,212713.67342186,3.0,639735.5890348585,13.368810227836097
18196.0,1276238.26079164,256309.422842503,4.0,1083601.2934941405,13.895800582893122
18197.0,1260894.79901594,245615.143727556,4.0,175523.61141503986,12.07552885081607
18198.0,1279017.6223305,204384.905989334,3.0,994798.1592803012,13.8102951405682
18199.0,1255253.50646617,199042.940927863,3.0,1431426.8799478312,14.17418232289181
18200.0,1283115.4530547,226624.519324109,3.0,1636303.0331022812,14.30795000704986
18201.0,1255499.16445042,215592.825168803,3.0,112023.75602162511,11.62646623512159
18202.0,1278912.75244239,247303.991089284,4.0,2330349.7106707017,14.661528904696054
18203.0,1286135.53068979,252458.434870556,3.0,287943.66162609373,12.57052012062828
18204.0,1282982.73971055,226418.8264599,3.0,1734999.0311334145,14.366517412938396
18205.0,1269989.01732925,227930.863517448,4.0,286257.71473607566,12.564647784530473
18206.0,1275591.49368699,229651.888927206,3.0,189697.1698821732,12.153184236898655
18208.0,1285518.91315316,191843.01176849,4.0,1660906.0541392288,14.322873827176014
18209.0,1265661.63294081,250896.834612966,3.0,92034.1152409353,11.429914605131488
18210.0,1265541.8159167,250982.085429043,3.0,33582.31795984452,10.421754956237432
18211.0,1255405.24534632,242492.648684353,4.0,26245.055597162136,10.175232892074789
18212.0,1265352.0305725,209466.915850535,3.0,190858.12482131916,12.15928562903206
18213.0,1271262.3852025603,222158.239511535,4.0,222292.2972190593,12.311748448965352
18214.0,1266675.92292586,244049.210541949,3.0,13156.206284655089,9.48464888707771
18215.0,1264833.68874797,245648.512431592,3.0,396681.0637230852,12.890887870861166
18216.0,1265161.02468431,228055.297309577,5.0,1249651.705290667,14.038375434684859
18217.0,1265170.18282832,228072.439325586,2.0,248749.3982004756,12.424201235723343
18219.0,1274814.16159019,248748.249330759,4.0,499078.7044059618,13.120519086556937
18220.0,1275203.36683859,248605.028530613,4.0,624088.8565644547,13.344048035554355
18221.0,1273128.63640447,213068.153742224,2.0,185007.46080836197,12.12815143194113
18222.0,1269732.77636899,227270.995036766,4.0,1668683.606039748,14.327545613696339
18223.0,1286288.51097794,198068.745726869,3.0,612220.819604559,13.324848312763217
18224.0,1272776.10725211,211986.869453117,3.0,175387.377934307,12.074752394724856
18225.0,1253962.90633684,207291.486152306,3.0,276055.37594022683,12.528356762038873
18227.0,1272464.40709178,232192.218145803,3.0,88038.63453269971,11.385531025896086
18228.0,1255403.43625832,191798.85996045204,3.0,170145.34309411893,12.04440831013998
18229.0,1285268.9799049,252476.45349457895,3.0,279025.4909993166,12.53905842221887
18232.0,1284641.42016025,195243.149691969,3.0,104694.3601603345,11.558800528744296
18233.0,1269635.33368088,218948.287956253,3.0,369528.4064221521,12.81998289441855
18234.0,1285451.95756909,193362.362426043,3.0,86331.27973844174,11.365947264917239
18236.0,1258197.10787718,207843.463048875,4.0,127503.09536463943,11.755895920655648
18237.0,1279324.24313082,209605.81351468,3.0,143819.18960350312,11.876312161843662
18238.0,1271567.20709087,231302.635296896,3.0,964217.3789095858,13.779072044966279
18239.0,1286639.0968983,199163.226495981,3.0,271144.83217891987,12.51040839318631
18242.0,1271967.68401928,254976.992121145,3.0,653849.7080495862,13.390632799824777
18243.0,1255774.7035867,245129.249711052,2.0,123460.68372550156,11.723678033965125
18244.0,1264072.0662832,246824.941168785,3.0,481621.2728346256,13.084913343169474
18246.0,1257648.44227661,255766.02732195,4.0,2055248.5136851508,14.53590732983453
18247.0,1269008.40088025,229258.209566802,3.0,6856.415166217507,8.83294001361014
18248.0,1267106.3489103,192358.876921013,3.0,750736.0905477849,13.528809458265064
18249.0,1266791.68580598,192367.687225029,4.0,1182995.068462326,13.983559974280935
18250.0,1278920.9686344,247837.169777825,3.0,1680693.3790419565,14.334716991851863
18251.0,1253895.22115277,207302.993672326,2.0,202548.815744705,12.218736201883086
18252.0,1275499.8675749,236039.773477748,3.0,8752.8731189634,9.077137281907438
18254.0,1286187.31270584,208614.978569672,3.0,706062.3020873759,13.467458759164565
18255.0,1259170.84375018,197054.79007782004,3.0,1711383.293990643,14.352812545314288
18256.0,1271783.78181109,265163.705987573,3.0,50703.8345177336,10.833756818232839
18257.0,1264748.16401188,241902.385387748,4.0,258100.42178079128,12.461104019881237
18258.0,1275871.74213527,248260.008498266,4.0,530696.3734327537,13.181945335238376
18259.0,1276150.12543157,248157.712114155,4.0,384318.3106194017,12.85922642209859
18260.0,1278551.69938602,198189.74777498803,3.0,87945.46072452301,11.384472136832883
18261.0,1279039.54482652,196746.014781505,2.0,60968.18234993909,11.018107406253748
18262.0,1257543.98678851,250431.632116482,4.0,531753.7715936705,13.183935825832197
18265.0,1275261.56357466,250312.885684371,4.0,122619.21019687176,11.716838980233073
18268.0,1254896.8854738,202038.381506935,3.0,178193.86624883147,12.090627372825049
18269.0,1272731.78616406,246131.999984086,3.0,114749.77255902384,11.65050914586439
18271.0,1275059.68075845,211128.217612237,3.0,351924.8437794035,12.771172919792972
18272.0,1286677.32717034,204324.872645274,4.0,1480459.7265223674,14.207863223534648
18273.0,1261823.15146489,196470.787325233,3.0,156151.320766768,11.958580820996094
18274.0,1273869.57195723,250077.579060122,3.0,298884.0050329232,12.607810834069756
18275.0,1286131.79052979,251795.685493886,3.0,159535.17667021847,11.980019720277868
18276.0,1285151.01062478,249538.198579565,2.0,13277.098811179962,9.493795936150347
18277.0,1277158.7854646,207600.804424629,4.0,339349.8567888208,12.734786880115669
18279.0,1270008.19019327,229232.626974776,4.0,97481.61383484608,11.487419063150378
18281.0,1283245.56300683,229608.883423164,3.0,1622486.0217215065,14.299470112251472
18284.0,1282818.00319839,199264.215744093,4.0,1447980.788854787,14.185680584474309
18285.0,1276229.02847165,219495.4948688,1.0,0.0,
18286.0,1273855.57061321,250877.118772939,3.0,217824.9262206185,12.29144692839
18287.0,1281732.94169328,219005.004692301,3.0,105507.98435321938,11.566541910107759
18288.0,1278621.8409541,200485.223489344,3.0,87312.8251614277,11.377252640103222
18289.0,1273099.42290044,237749.01021549097,3.0,90340.8081196047,11.411344554481898
18290.0,1275148.11691853,215449.346768662,3.0,162245.21919536646,11.996864168464212
18292.0,1277617.84133707,214430.12180762,4.0,250626.6324323768,12.431719590467651
18293.0,1276283.4945837,261948.619584277,4.0,2025282.0780343623,14.521219546616486
18294.0,1272168.67339548,251003.737269074,3.0,194750.5472048638,12.179474773510119
18295.0,1278067.80076152,202757.225539669,4.0,2586409.826418069,14.765781304650785
18296.0,1280974.9336925,197341.388222128,4.0,414633.9785314361,12.935151430597799
18297.0,1267368.33329457,232113.583457723,4.0,1519949.8285919516,14.234187884772405
18298.0,1283764.28115135,204399.441413343,4.0,976905.1699507036,13.792144863827566
18299.0,1276030.89042343,203205.366020128,3.0,52435.3739310532,10.86733671756859
18300.0,1276093.87295151,203153.289668068,3.0,1607130.4875984106,14.289960840924337
18301.0,1275700.1719591,242559.926124424,4.0,910942.5217810832,13.722235080707248
18302.0,1275980.00831139,242549.602604419,4.0,1234787.2511395488,14.026409246920908
18303.0,1251863.53884669,242573.01630044,3.0,78173.06363949909,11.26668041245738
18304.0,1269484.83396873,253406.72952753297,3.0,2447756.268258464,14.71068235403766
18305.0,1259247.72419825,246022.250543967,3.0,14974.494806264374,9.614103686605862
18306.0,1267403.7663186,234092.85737974904,3.0,1669693.4657736125,14.328150614115971
18307.0,1264352.53681149,260342.019774631,3.0,1762429.213539442,14.382203650331212
18308.0,1270170.30206543,223100.499160498,4.0,444805.1151439644,13.005391521726407
18309.0,1276157.50827956,248662.751154676,4.0,71765.26418472311,11.181155852246153
18310.0,1260401.80554344,234147.700771809,3.0,381400.1648207677,12.851604404295106
18311.0,1288144.78777984,191957.83602461204,3.0,53244.07034190914,10.882641722289716
18312.0,1283245.34649482,228662.793758199,3.0,1448397.0612000816,14.185968027874107
18313.0,1283268.19814286,229498.723871052,3.0,1490623.824396485,14.2147052643937
18315.0,1277360.8796088,235956.282789662,3.0,10857.31514213372,9.292594338441676
18316.0,1270247.00075352,266986.051141441,3.0,880024.0529727305,13.68770451900441
18317.0,1272624.93726794,207115.176776126,2.0,182313.17896915143,12.113481250808292
18318.0,1267297.1913425,229301.874526843,4.0,197235.48580029752,12.192153653239293
18319.0,1264478.14749961,269043.21331954,3.0,1036656.002715709,13.851510708664986
18320.0,1268424.50705566,271327.628425881,3.0,691020.3782380583,13.445924593252814
18324.0,1276151.17330356,248229.787442237,3.0,90999.05260752604,11.418604374538486
18325.0,1282031.00575759,252542.30309464,3.0,83801.52038881845,11.33620642937025
18326.0,1265665.51780483,212131.867853269,3.0,18480.79408082153,9.824487314013927
18327.0,1273503.67006885,224060.35548147603,4.0,86581.2079816199,11.368838073100303
18328.0,1279918.16773942,207990.96474503,4.0,520376.91640424775,13.16230866722746
18329.0,1252532.78780738,237248.151270986,3.0,2589.282950794246,7.859136263387529
18332.0,1276167.55224758,249345.855795369,4.0,1858680.0821933525,14.43537716055116
18334.0,1256688.00784363,240507.679530323,2.0,323248.52607392374,12.68617673691427
18335.0,1279698.99071519,230502.226144075,4.0,355219.45437357243,12.780491058796187
18336.0,1259104.7750141,246209.385008156,4.0,149956.431474923,11.91810007405379
18338.0,1272453.84414777,225834.535963297,4.0,675762.4294081772,13.423596857470352
18339.0,1266922.47556612,226462.294555947,2.0,958217.6695498694,13.772830243617921
18341.0,1268425.84657565,271441.129482001,4.0,718979.8034130492,13.485588546479796
18342.0,1270296.57873757,191514.331320152,2.0,2541523.960289852,14.748274443442146
18343.0,1267861.63313508,228124.425437644,4.0,155615.2341235049,11.955141791612032
18344.0,1273011.18386035,254072.977848217,4.0,1190139.461866839,13.989581053067015
18345.0,1258124.58339711,205862.90957485104,3.0,112912.98612876068,11.634372766807056
18346.0,1285544.02400118,198803.882687613,3.0,92388.63040531024,11.433759202497226
18347.0,1285550.74150519,198458.69081527003,3.0,50888.23558592585,10.837387047846546
18348.0,1274410.08760577,222701.060952082,4.0,287529.756823413,12.56908163585806
18349.0,1283259.42975885,195266.749052003,4.0,1699401.1365437135,14.345786474342525
18351.0,1265271.19409242,255623.54008980104,3.0,47485.8037557595,10.768186077052901
18352.0,1287602.65830728,251097.887029171,4.0,1130482.2833409174,13.9381548990523
18353.0,1270224.42174549,265198.756163612,3.0,241870.51034547423,12.396157780714733
18354.0,1277396.67052084,217447.93038670704,3.0,721758.385317263,13.489445715493387
18355.0,1281505.86770904,254168.133880317,3.0,184353.3280600304,12.124609456442276
18356.0,1272973.98219632,218833.845588133,3.0,87081.08793559375,11.374595008788972
18357.0,1282415.87730998,206074.16442306305,3.0,782754.4598211822,13.57057433680408
18358.0,1261718.79504879,242267.874860123,3.0,139245.78824645566,11.843995911346155
18359.0,1263946.89425106,239704.344873503,3.0,2041586.7494739715,14.529237881846054
18360.0,1287741.78137943,193079.34360975,3.0,835874.5633222682,13.636233836936245
18362.0,1276445.41291986,211739.560908869,2.0,940011.7847923829,13.753647691180772
18364.0,1274255.94974962,218740.19746004,4.0,582094.9413123251,13.27438884281204
18366.0,1286280.71904193,204876.467973843,3.0,72863.55209774882,11.196343821745165
18367.0,1265783.34762895,227838.30070135,3.0,24454.6075609258,10.104573925448491
18368.0,1273955.99730131,223380.02876079097,3.0,109891.56924699628,11.607249424500955
18369.0,1260883.85117593,198473.299711287,3.0,449406.2444975005,13.015682533824858
18370.0,1273613.51570097,265997.773252428,3.0,1274135.6120929637,14.057778555362125
18371.0,1281753.5177573,217334.4837946,3.0,59860.44452754231,10.999771207499101
18373.0,1284606.43827222,244556.070382476,3.0,1143562.161403542,13.94965865161772
18374.0,1273287.89163662,220890.78965424,3.0,1294208.7583164484,14.073410068941737
18375.0,1279676.05209117,208753.11412181,4.0,861074.6265185743,13.665936453891474
18376.0,1282880.68249445,265712.430340126,3.0,61948.31050394445,11.03405561475553
18378.0,1276703.92223212,247684.673393667,4.0,140370.3672090993,11.85203968853335
18379.0,1276705.40716013,246014.581231967,4.0,206038.4541683382,12.235818101070995
18380.0,1281806.23455736,193968.494074672,4.0,45827.74206452118,10.73264490865957
18381.0,1282859.95257443,197642.802366436,3.0,50441.80060856904,10.828575487470424
18382.0,1278040.7985215,245330.449071258,3.0,12713.965460928192,9.450456310875406
18384.0,1256609.55037156,200446.2235533,3.0,2179743.0754171764,14.594717572506566
18385.0,1272783.69022812,250114.862132162,3.0,18640.336725879424,9.83308315276952
18386.0,1259878.7265669,234898.822948575,3.0,864823.5011224999,13.670280720148927
18387.0,1277527.23288897,235836.068133533,4.0,77652.53828872343,11.259999516886396
18388.0,1282750.17126232,231627.558881223,3.0,178644.43565343195,12.093152716330229
18390.0,1272790.30341212,243468.540717348,3.0,105969.13922864568,11.570903191352516
18392.0,1281410.01356494,243574.13009347,3.0,331650.48284641735,12.711836930844147
18393.0,1281634.87366118,243569.675053462,3.0,276346.04679549934,12.529409152094859
18394.0,1279530.56812303,209105.731850162,3.0,77731.10204501929,11.261010739983265
18395.0,1279160.49247465,210669.052875772,2.0,14053.85531099273,9.550652036480187
18396.0,1265548.2289727,208406.053129449,3.0,63025.8161085306,11.051299700937465
18397.0,1260477.30935152,202394.716419294,2.0,192724.88236437,12.169018970946526
18398.0,1262837.29149793,231259.128480852,3.0,199498.42420447763,12.203561616556437
18399.0,1277607.27442506,199469.9552003,3.0,123915.64934650116,11.72735636590843
18400.0,1267239.60619044,226175.679963648,3.0,990694.1424450336,13.806161130402039
18401.0,1277912.95525737,257343.912251562,3.0,465049.0180100528,13.049898094089096
18402.0,1254621.31548952,237066.489574805,3.0,403171.6616432557,12.907117709646409
18403.0,1274090.21618146,252755.723958865,3.0,209703.3966093277,12.253449414228207
18404.0,1271399.13688269,221166.181142524,3.0,1198532.9345245112,13.99660881226584
18405.0,1271382.70616268,220364.56795769895,3.0,1984973.3912546788,14.5011160671041
18406.0,1273497.2865808497,223692.26831310996,3.0,84884.06358578075,11.349041646620957
18407.0,1271431.70673873,221871.895319238,3.0,330484.0301433275,12.70831361681391
18408.0,1278474.14668193,265848.909700274,3.0,398168.5787767143,12.894630759353955
18409.0,1282742.07711831,225174.083226621,3.0,1577758.320323791,14.27151561297008
18410.0,1268401.59531163,240536.828778356,4.0,1458648.9960000983,14.193021220082937
18411.0,1260958.693224,212277.371853411,2.0,54078.78929012719,10.898197323079543
18415.0,1266777.63140596,270149.900104672,1.0,0.0,
18416.0,1276369.26872778,207401.210312426,3.0,93182.0,11.442309848973883
18417.0,1276368.17323978,207289.841480315,1.0,0.0,
18418.0,1276372.9773358,207527.172680557,1.0,0.0,
18419.0,1285639.41190527,196323.755773082,3.0,88634.70935551164,11.392278813326039
18420.0,1274338.9059737,222396.594071776,4.0,532444.18005432,13.185233344881999
18421.0,1284622.84505624,256627.479354829,1.0,0.0,
18422.0,1269842.73681711,231886.20598550103,3.0,26234.96694318833,10.17484841609289
18423.0,1269937.5128812,231883.842785493,3.0,66146.31936201666,11.099624527209256
18424.0,1271666.99102697,247492.498929471,3.0,27296.477144408185,10.214512930517003
18425.0,1260070.95581509,235788.855973497,3.0,602169.4448378407,13.308294154516057
18426.0,1276264.79384768,260122.170174405,3.0,64403.074549311306,11.072916652401792
18427.0,1269616.88523287,231930.596321538,4.0,386419.94688446895,12.864680002359925
18428.0,1269618.55448087,231996.768737614,3.0,46592.0,10.749184131556358
18429.0,1265327.90430048,233749.623843402,1.0,0.0,
18430.0,1261370.72093643,202468.547971368,3.0,33586.15895178883,10.421869325123705
18431.0,1266677.73329386,195045.91090777505,3.0,50241.59265882901,10.824598501651337
18432.0,1271072.05355436,225948.328411415,3.0,352664.7914439223,12.773273285451374
18434.0,1276406.21842383,260117.591102406,1.0,0.0,
18435.0,1269630.66372888,232476.799586102,1.0,0.0,
18437.0,1275937.22098334,218672.883347958,1.0,0.0,
18438.0,1271000.09573029,168617.274080709,3.0,125129.4583775193,11.737104147371504
18439.0,1269690.05534494,266639.882501081,1.0,0.0,
18440.0,1284748.62790437,256429.127994627,1.0,0.0,
18441.0,1250428.74838123,212875.016974032,3.0,2164534.719979529,14.587715986382106
18442.0,1288004.6289317,253533.986167669,4.0,139770.0,11.847753493478953
18443.0,1278108.41612157,214193.193807378,1.0,0.0,
18444.0,1286138.58380979,207766.459272802,2.0,516.4432832048681,6.246965472665421
18445.0,1282598.67027016,274988.18145363,3.0,52834.93445922126,10.874927888394023
18446.0,1249744.35375652,213491.594126657,3.0,69348.82688247049,11.146904509701855
18447.0,1249619.5764764,213504.305422679,1.0,0.0,
18448.0,1281978.25548553,222114.424343482,3.0,40787.73764657401,10.6161367673406
18449.0,1282737.6266863,274994.471821636,3.0,79914.9041616854,11.288717649548897
18450.0,1281712.99654126,222175.605015546,3.0,46646.000000000015,10.750342457690289
18451.0,1250414.5634212,213245.15009440496,3.0,30190.19132774618,10.31527236013513
18452.0,1250091.81570888,213465.545934632,5.0,330023.16316112515,12.706918122376711
18453.0,1278806.29138628,212293.360973433,1.0,0.0,
18454.0,1289085.9811248,249765.369331807,3.0,665329.124009676,13.408037120526659
18455.0,1275138.41650252,203465.69984439,4.0,2743631.155439991,14.824792840221495
18457.0,1258016.84048499,195750.58399649,1.0,0.0,
18458.0,1284954.25708857,186686.213363215,1.0,0.0,
18459.0,1284983.09529661,186687.731059209,3.0,93182.0,11.442309848973883
18460.0,1281384.69401293,223416.484376818,2.0,139764.0,11.847710564890653
18461.0,1281047.83903658,195953.718780696,3.0,32139.26911709053,10.37783389843214
18464.0,1277510.41471295,201494.606658369,1.0,0.0,
18465.0,1277921.87288937,201488.18278636,3.0,83643.18854178446,11.334315275027611
18467.0,1281854.6491494,194014.73381871,3.0,48078.06821308836,10.780581389805576
18468.0,1280973.8674525,194931.941947654,1.0,0.0,
18470.0,1280721.09266824,196632.720381394,3.0,46750.43512382595,10.752578842135037
18471.0,1281041.53330857,196610.533117369,4.0,145319.4249856705,11.886689529443677
18472.0,1277807.87116125,204106.521029055,4.0,2334498.7897661803,14.663307774980563
18473.0,1277911.25317736,203574.812484503,3.0,47957.27404180759,10.778065769365291
18474.0,1267954.55422316,229285.582878828,5.0,466006.7808937138,13.051955464275979
18476.0,1271003.44741029,170262.397474393,1.0,0.0,
18477.0,1271351.30763465,170256.308258384,3.0,599728.0057065858,13.304231507593618
18478.0,1284989.42073661,186875.403635398,1.0,0.0,
18479.0,1250087.64214088,213346.896270514,3.0,52652.39896631312,10.871467080936501
18480.0,1250084.48726086,213257.201870412,4.0,26151.27013659053,10.171653039502457
18481.0,1253668.41840054,244978.320238903,1.0,0.0,
18482.0,1280634.10828415,203281.367492199,1.0,0.0,
18484.0,1250410.52438121,213148.474766314,3.0,16637.758523351597,9.71943000117628
18485.0,1250406.2852132,213046.99924621,3.0,6077.83171506918,8.712403285543115
18486.0,1288913.87878864,252081.724982172,4.0,165476.94947130972,12.016587185980182
18487.0,1288919.03917263,252583.130102694,1.0,0.0,
18488.0,1285225.38649686,184832.615665317,2.0,93180.0,11.442288385370787
18490.0,1274116.88178147,211105.273100212,1.0,0.0,
18491.0,1250418.57583721,213343.484174505,3.0,1586.713202990777,7.369419987743287
18492.0,1288624.65562034,253553.947063684,1.0,0.0,
18495.0,1289333.57939707,252074.914614171,2.0,46592.0,10.749184131556358
18496.0,1281160.42841269,223545.616664961,2.0,46592.0,10.749184131556358
18497.0,1281318.28735685,223523.253528938,2.0,93180.0,11.442288385370787
18501.0,1257006.92157196,219987.520149305,3.0,761918.3449061709,13.54359467001107
18502.0,1289354.06259708,180472.898028851,1.0,0.0,
18503.0,1289384.39194112,180472.338348851,3.0,139768.0,11.84773918415428
18504.0,1288431.86662814,191618.441720262,3.0,114455.75994016604,11.647943651245546
18505.0,1276667.75237609,203951.451140895,3.0,186346.0,12.135360439691786
18506.0,1289544.14029327,191250.312823877,2.0,565162.3161436662,13.244868254080112
18508.0,1254228.05116911,208526.01549758,1.0,0.0,
18509.0,1288619.59789233,191395.492984027,6.0,499516.1670851641,13.121395243083825
18510.0,1289550.37357329,180559.079276934,3.0,350797.05159470835,12.767963134640706
18511.0,1254660.01686555,199802.185152635,1.0,0.0,
18512.0,1251764.13417459,213731.340686902,1.0,0.0,
18513.0,1251749.07222258,213729.429262906,4.0,140836.3494828624,11.855353853328287
18514.0,1288755.23706047,191699.03896834,2.0,44278.62947991023,10.698257435122034
18515.0,1279082.29445857,229665.998495221,4.0,169844.6093878586,12.042639235598235
18516.0,1273302.42213264,197315.783294097,2.0,46592.0,10.749184131556358
18517.0,1273424.14366877,197312.013950095,1.0,0.0,
18518.0,1274341.29016571,222498.630231887,3.0,135702.568800621,11.818220775640997
18519.0,1288905.84467663,191085.465399712,3.0,336226.2714452991,12.725539639215715
18520.0,1289103.64614883,191253.37778388,4.0,262699.23432383087,12.478765061028465
18521.0,1289660.21293339,252220.742070317,1.0,0.0,
18522.0,1288526.28410023,191505.713592142,3.0,88892.37784890726,11.395181679343759
18523.0,1288566.78925228,192689.652793363,2.0,584963.1453495778,13.279304124827016
18524.0,1288760.64678848,192479.566585138,3.0,545854.2330427472,13.210107246634372
18525.0,1289133.94426085,191278.828535914,2.0,93180.0,11.442288385370787
18526.0,1289229.37126896,191359.616119996,2.0,46592.0,10.749184131556358
18527.0,1251760.45635058,211368.263436481,2.0,29282.886517579835,10.284758546466916
18528.0,1289068.80166879,181177.603629574,4.0,1430894.5351367646,14.17381035570853
18530.0,1267378.67121458,232522.352674142,3.0,37279.04506254006,10.526186653196238
18531.0,1288709.99238843,191289.078199923,4.0,760134.6003493249,13.541250802303942
18533.0,1260111.15127113,238157.91261591003,3.0,248097.48012044912,12.42157701291912
18534.0,1289404.96013314,181414.379757807,1.0,0.0,
18535.0,1289361.3014451,180929.24586930903,3.0,423752.53834146017,12.956904927845192
18536.0,1294693.58017056,185512.430578008,1.0,0.0,
18537.0,1254959.40931386,199792.525760636,1.0,0.0,
18538.0,1256679.99478762,219622.95362094,3.0,662885.4919900632,13.404357542321053
18540.0,1260344.61437538,201812.424258694,4.0,1530589.5745037603,14.241163561956059
18541.0,1281159.70399669,229613.142623171,1.0,0.0,
18542.0,1254155.43747304,248001.962098002,3.0,47025.32101715204,10.758441480666974
18543.0,1279584.33119507,217507.225554764,4.0,775597.6397576734,13.561389159227996
18544.0,1254140.91811302,248002.860722005,1.0,0.0,
18545.0,1265305.33706845,179003.919019341,3.0,70652.87117083716,11.16553402664767
18546.0,1279339.85657082,217513.008018777,2.0,5408.725644323024,8.595768788514956
18547.0,1279581.26194708,217299.457618564,2.0,405256.98631386826,12.912276678965346
18548.0,1279703.82860319,217296.404754549,3.0,373253.3354476671,12.830012651591026
18549.0,1282578.47084615,246548.177328512,3.0,43062.50521390226,10.670407948833564
18550.0,1264907.41463605,178949.636011288,1.0,0.0,
18551.0,1265471.28490862,179206.864491552,2.0,8282.316359039944,9.02187796176283
18553.0,1270170.14884944,176688.321640968,3.0,1496276.9775207115,14.21849056578081
18554.0,1282212.84754977,222855.271960244,2.0,767442.2969230056,13.550818572454887
18557.0,1291098.14541487,171924.596580088,3.0,22013.361707732864,9.999404898329367
18558.0,1291098.37376687,172346.305380523,3.0,46592.0,10.749184131556358
18559.0,1291093.77696687,172422.842596605,3.0,46592.0,10.749184131556358
18560.0,1290571.46637432,172594.098852783,3.0,256739.09768930537,12.455815664140669
18561.0,1290216.21216597,171963.275940135,3.0,160731.70456487592,11.987491822651455
18562.0,1255083.34275399,194742.819643453,3.0,469563.131578146,13.05955803414593
18563.0,1254918.55043381,194747.050235465,1.0,0.0,
18564.0,1290977.90778275,172614.427236795,4.0,267139.64563321,12.49552681800933
18565.0,1291195.76135097,171943.493860111,3.0,142396.34146296146,11.866369585656383
18569.0,1270947.44357023,169751.255457863,3.0,269694.53581954364,12.505045248705834
18570.0,1270300.86744156,171464.91017963,3.0,981504.6560138364,13.796842036461051
18574.0,1270475.97899374,171266.737315416,3.0,830511.0792239299,13.629796548372669
18575.0,1271891.9712512,167242.969119295,2.0,46592.0,10.749184131556358
18576.0,1281857.0930534,222132.170711502,1.0,0.0,
18577.0,1275597.287287,203119.137540042,3.0,326060.0,12.694836692493645
18578.0,1278895.10975437,277087.112271786,3.0,256635.521029479,12.455412151160264
18581.0,1295755.99796364,184102.124400571,3.0,5323.405001314175,8.579868415439837
18582.0,1295795.00481167,185152.817137644,4.0,127805.06384001693,11.758261443301917
18583.0,1276869.6876723,277162.96155186,3.0,221492.5995625663,12.308144457356434
18584.0,1273851.41022921,222480.269719869,1.0,0.0,
18585.0,1273869.46565323,222478.18639186,4.0,347672.74465151574,12.759016927381113
18586.0,1273727.79890108,222451.103127837,2.0,9187.55724057968,9.12560537376886
18587.0,1273743.4881811,222277.387287661,2.0,28318.462894153385,10.25126926999825
18588.0,1264946.27415609,233678.371363327,3.0,193716.96752422611,12.174153442482945
18589.0,1265086.36343624,233674.622691333,2.0,100966.12885610256,11.522540381718004
18590.0,1295829.13991572,186203.783218712,3.0,42521.421831077074,10.657763271009628
18591.0,1296310.7901562,186176.471922681,4.0,106814.51023688976,11.578849059920893
18592.0,1282039.23929359,271038.094537586,3.0,386048.124286714,12.863717314993684
18593.0,1296215.16634811,183560.518192008,4.0,232643.3980492468,12.357262079690901
18594.0,1296872.19489278,183529.89092797003,3.0,111587.60935268612,11.62256529545968
18597.0,1267112.51588631,277437.734608144,3.0,57674.32703418096,10.962567414732543
18598.0,1283365.20351896,228630.651486158,2.0,26961.917141302827,10.202180673080456
18599.0,1273451.99602079,204374.147781327,4.0,91577.73280878075,11.42494342950347
18600.0,1282987.71148656,228229.399005756,4.0,266454.24044783605,12.492957802208299
18601.0,1273340.42142868,204567.999429524,4.0,28698.49211764266,10.264599860912508
18602.0,1273277.68005262,204677.644549638,4.0,1373202.9840578518,14.13265651363195
18603.0,1271517.01265882,213488.811342657,1.0,0.0,
18605.0,1269074.70027232,224902.20092234,4.0,677079.0637656174,13.425543330549106
18606.0,1295727.6958836,182278.49713470004,3.0,641028.4793346679,13.370829164455108
18607.0,1296029.47706792,182287.642798707,1.0,0.0,
18609.0,1272653.88440397,223464.039448872,3.0,46891.34509828596,10.75558839792269
18611.0,1272950.16562028,205282.835270256,4.0,581495.1119726567,13.273357845011557
18612.0,1283199.07199878,228239.565981761,4.0,1538306.0581838486,14.246192406769104
18613.0,1281394.25900494,271707.667018265,3.0,1291920.3984033938,14.071640350283756
18614.0,1297188.7267331,185186.57137768003,3.0,467059.5553424269,13.054212056019937
18615.0,1297344.21985327,185178.95358566905,3.0,1074378.340951438,13.887252764784167
18616.0,1272376.1241477,224003.558041424,2.0,42504.7730718963,10.657371656180516
18617.0,1268861.1285601,225270.388506725,4.0,59565.495923794806,10.994831757957131
18618.0,1268654.91012789,225619.058395073,2.0,1349.806117285132,7.207716244292763
18619.0,1282833.2029424,227922.961949438,2.0,113.77744107370908,4.734244268945751
18620.0,1273589.98981294,204131.105669066,4.0,175392.88875019283,12.074783815054959
18621.0,1272436.36613175,206349.50343135,3.0,1646456.0344854165,14.314135678034155
18622.0,1268999.07934424,225032.567770481,2.0,70534.78981078214,11.163861339576213
18623.0,1277740.52216919,204460.783813417,4.0,916975.480016632,13.728836011531733
18624.0,1279755.71826725,207150.17536816,1.0,0.0,
18625.0,1274671.09919004,205490.984454468,2.0,9.117532467532468,2.2101992047069676
18626.0,1274644.87845401,205401.372486368,3.0,119058.9285511134,11.687373847432161
18627.0,1279012.70828249,204106.541061044,3.0,761203.3179612311,13.54265577325069
18630.0,1288313.27731602,173879.904038101,3.0,57035.10064412012,10.951422158063231
18631.0,1288311.07616401,173726.536869943,1.0,0.0,
18636.0,1263662.80298677,241508.766443342,3.0,49915.05101814377,10.81807785987045
18637.0,1263653.36106676,241525.18897137,1.0,0.0,
18638.0,1260775.32906382,286657.714521587,3.0,435528.4796723383,12.984315468480572
18639.0,1288345.72013205,171556.222627714,3.0,391134.8458425015,12.876807653789536
18640.0,1296191.28551608,182786.988207221,3.0,353850.39594116807,12.776629492455314
18641.0,1296223.38810812,182665.113455087,1.0,0.0,
18643.0,1289048.49760477,171665.730595827,3.0,235008.01768451143,12.367374910350728
18644.0,1265525.65162869,284762.241303638,3.0,163861.62913251956,12.006777625868521
18645.0,1265732.95204489,284756.976215631,3.0,367499.3860259392,12.814476926955916
18646.0,1269687.84472094,175894.46397616,3.0,2135959.43941958,14.574426489846152
18649.0,1280640.96518016,172458.958372638,3.0,333272.87596792856,12.716716880750042
18653.0,1284919.99699254,172724.54211691,3.0,1546245.6364437588,14.251340380659798
18654.0,1270205.42699347,175890.366504148,3.0,2644303.2058413844,14.787918150323364
18658.0,1292212.35936801,172988.705957189,1.0,0.0,
18659.0,1291224.49984699,172653.423524842,3.0,46592.0,10.749184131556358
18660.0,1273034.39902838,175026.099559277,2.0,2028880.854472458,14.522994895778938
18661.0,1270644.42878592,175011.64810325197,3.0,2011454.6777047056,14.514368738527141
18662.0,1270235.57457751,175114.512743354,4.0,2669872.947573326,14.797541444065692
18666.0,1282976.55929455,279236.878033981,3.0,1361132.491576387,14.123827625592357
18669.0,1257469.80157243,284410.923735276,1.0,0.0,
18671.0,1295130.432971,184530.550000995,4.0,373814.5561953397,12.831515114377943
18672.0,1296954.96340486,186150.423090667,5.0,1337729.217452957,14.106484120603767
18673.0,1296296.7623162,185911.811058417,4.0,320154.38315714,12.676558605801658
18674.0,1279216.3729227,237246.017766982,3.0,157379.20882198238,11.966413514893611
18675.0,1263147.60810624,241691.831403539,4.0,2254965.5784865003,14.628645266273143
18677.0,1296952.88961287,185875.187442377,4.0,388881.8832328475,12.871030934417053
18681.0,1289970.49478972,172275.113572448,1.0,0.0,
18682.0,1297178.9846531,184955.060977444,3.0,452050.28205081495,13.021548696102526
18683.0,1289412.81280515,170835.914658979,1.0,0.0,
18684.0,1289986.49312574,170823.864482969,3.0,46814.13126294002,10.753940386390813
18686.0,1255159.15561807,201881.631810769,4.0,67441.65288213477,11.11901810130385
18687.0,1269273.51940852,209209.865482271,1.0,0.0,
18688.0,1265905.77783707,275471.535822123,4.0,2391736.149819849,14.687530082709326
18689.0,1295820.73108371,185943.880882457,3.0,235545.59118772176,12.369659766855682
18690.0,1265886.19159704,274142.368204758,3.0,1203675.078822782,14.000890000342569
18691.0,1287445.43059513,249842.860019878,1.0,0.0,
18692.0,1287511.47181119,250092.929076135,3.0,60461.71263720585,11.009765594713693
18694.0,1295135.344331,184810.890673295,3.0,419113.13053900097,12.945896163746886
18695.0,1257460.44432442,284852.945175737,3.0,186.30756319703687,5.227398873654349
18696.0,1268550.07729578,213594.447310761,3.0,181532.5847080812,12.10919044664552
18697.0,1263945.64593107,286136.592217043,1.0,0.0,
18698.0,1289608.69466135,164394.349788383,3.0,46557.70826804784,10.748447860146841
18699.0,1290583.25178234,164148.296476126,2.0,549.8317460317455,6.309612315118661
18700.0,1296895.4799488,184308.602288783,4.0,207232.11384235293,12.241594766944466
18701.0,1297030.03412494,184301.561008766,1.0,0.0,
18702.0,1297193.44161311,185335.789873824,3.0,393166.34883719904,12.881988080777875
18703.0,1297252.67610916,185333.09732982505,3.0,217126.97057682852,12.288237579273453
18704.0,1296316.46862021,186426.994418949,3.0,35394.84814758994,10.474321555977019
18705.0,1296644.16289255,186442.954994962,3.0,1110295.4419378203,13.920136701781134
18706.0,1297462.68846138,185323.000561818,3.0,2077175.9237916165,14.546519800182073
18707.0,1269773.04465704,278996.096657738,3.0,545785.2299511128,13.209980825606065
18708.0,1286869.90649854,169582.956577703,3.0,1075112.4986608862,13.887935863985582
18709.0,1288878.66003659,169530.679777637,4.0,477108.330288431,13.075498851608385
18710.0,1278773.68517825,279945.591506705,2.0,220711.4805440353,12.304611609668678
18711.0,1278688.25260216,280009.650386781,2.0,183922.48947752165,12.122269694999664
18713.0,1295841.36199573,186452.191218972,3.0,37763.82452405661,10.53910690019551
18714.0,1296915.06062083,184824.884721309,4.0,617174.3722221132,13.332906875961797
18715.0,1297170.55585308,184810.085553288,3.0,635045.7210684704,13.361452276965462
18716.0,1288813.66669253,166906.439262956,4.0,325669.3977225671,12.693638028368424
18719.0,1286002.11756966,177937.559274256,2.0,46592.0,10.749184131556358
18720.0,1286009.94822566,177891.119722202,1.0,0.0,
18721.0,1255358.60009827,202353.196163252,1.0,0.0,
18722.0,1255178.02269009,202029.468098924,3.0,55478.32187831549,10.923747626644623
18723.0,1259450.93904646,284898.146839783,3.0,1169364.8281853287,13.971971277467327
18724.0,1296863.11060478,182995.66692742697,3.0,443350.8817723335,13.002116793691556
18725.0,1296924.19476484,185347.906033844,4.0,386877.7271266265,12.865863971511827
18726.0,1295765.00289164,184344.686256811,3.0,8884.958801905597,9.092115103763776
18727.0,1276817.88556024,285486.040344387,3.0,89957.55776969153,11.407093257746665
18728.0,1278918.8968264,260529.88031882,3.0,169104.99503272268,12.038275073378394
18729.0,1296875.57646078,183664.910384119,3.0,55860.70694796766,10.930616495129211
18730.0,1297355.19226928,183640.869744092,1.0,0.0,
18732.0,1288893.25773261,170389.512674525,3.0,96856.22044261378,11.480982894368031
18733.0,1295777.46317966,184620.322481096,3.0,80053.93026917007,11.290455814898186
18734.0,1278604.65957807,212349.197773486,3.0,1315756.7666022517,14.089922545974796
18736.0,1296283.55271618,185646.266610146,4.0,105505.4801226286,11.56651817483952
18737.0,1276140.24850355,216481.771217719,2.0,10041.93183172592,9.214524788255131
18738.0,1294572.93671443,184554.983025029,1.0,0.0,
18740.0,1260721.14218377,204457.304453403,3.0,170904.49499374247,12.048860170652132
18741.0,1266892.46775807,284736.405719608,3.0,609744.7693366398,13.320795737667678
18742.0,1255302.98768221,201600.381058484,1.0,0.0,
18743.0,1296269.42900416,185112.154481605,4.0,37164.3478729438,10.523105190199145
18744.0,1289958.4849337,169483.745505601,4.0,239164.0618261543,12.384905046569278
18745.0,1279051.30994654,260525.496126816,2.0,136824.34112162326,11.826453200518143
18746.0,1295811.21997969,185668.855794162,3.0,5605.91668720877,8.631577870253041
18747.0,1265383.82052454,284766.259991646,3.0,23446.76540930134,10.062487828722961
18749.0,1297186.8694531,185899.966578409,3.0,1729847.1185639636,14.363543591796759
18750.0,1297395.37690932,186136.806962654,1.0,0.0,
18751.0,1260784.37303182,285431.74191232,3.0,1517223.3283291575,14.232392464587688
18753.0,1264205.50135534,241452.996203288,1.0,0.0,
18754.0,1263951.22858708,241543.234859377,4.0,132483.94371662202,11.794216737568393
18755.0,1288731.73677245,164222.957468212,3.0,92677.68207757166,11.436882968280727
18757.0,1287763.99789146,250487.263284549,2.0,4689.124684669281,8.453001209623084
18758.0,1279783.17625128,277122.243471816,1.0,0.0,
18759.0,1296887.0468608,184044.374512509,3.0,75189.18791667357,11.227762721897118
18760.0,1296208.45870011,183295.341551736,3.0,263699.4029396076,12.482565108173505
18761.0,1274834.31442222,217104.798226357,1.0,0.0,
18763.0,1279726.19769122,273082.677707687,3.0,844343.3844242062,13.6463145444188
18764.0,1267116.7229263,278763.79988949,3.0,2143744.177438817,14.578064473829173
18765.0,1295786.60980366,184863.954225346,3.0,73275.73154600487,11.201984749098072
18766.0,1255228.71977814,201702.88608259,2.0,3663.529063014191,8.206182186696486
18767.0,1277321.65919276,280880.17621167,3.0,403003.5427842727,12.90670063191815
18768.0,1296881.06951679,183790.760816246,3.0,46946.05083439061,10.756754366815125
18769.0,1296612.37454051,185632.338162124,1.0,0.0,
18770.0,1277924.25477737,209194.307466254,3.0,548590.8887391804,13.21510824914353
18772.0,1274594.06782997,192124.979064777,2.0,46592.0,10.749184131556358
18777.0,1275785.10911119,285669.890392572,3.0,93182.0,11.442309848973883
18778.0,1275790.04645519,286141.749337047,1.0,0.0,
18781.0,1276051.73720746,205845.431302831,1.0,0.0,
18782.0,1287429.59238711,196198.721276954,2.0,3.0,1.0986122886681098
18783.0,1265792.35217296,207753.833608776,3.0,93182.0,11.442309848973883
18784.0,1265788.48510095,207268.526536286,1.0,0.0,
18787.0,1275351.58763875,285691.688280597,1.0,0.0,
18788.0,1271623.62270692,236937.701094672,3.0,123022.63595636326,11.720123649588269
18789.0,1279492.04428299,201646.049282536,2.0,4868.591481348702,8.49055995070108
18790.0,1287930.11104362,186954.898547485,1.0,0.0,
18791.0,1279811.63058731,200393.492033243,2.0,64593.09332134538,11.07586276952467
18792.0,1285124.18329675,182981.233263418,3.0,77241.47823172719,11.254691874522539
18793.0,1271837.90833914,172044.350244209,3.0,860192.4608020339,13.66491143482235
18794.0,1272051.76779537,172108.628324285,1.0,0.0,
18795.0,1285150.18617678,191521.353272155,2.0,121.15555555555554,4.797075303046103
18796.0,1257710.60886867,258425.295932665,3.0,101046.82151051569,11.523339267715741
18799.0,1272798.52024414,233686.14793933896,3.0,720535.1594018622,13.48774949184576
18801.0,1258971.05450197,247749.225777745,3.0,64803.708796507926,11.079118115216545
18802.0,1260201.96573523,167492.042463556,1.0,0.0,
18803.0,1259941.10730296,167583.686623648,3.0,342886.6445425964,12.745155189143638
18804.0,1268091.38398331,187373.764787912,3.0,38849.43765039236,10.567448880797656
18805.0,1267810.60900702,187373.356979907,3.0,15865.488026743422,9.671901464763431
18806.0,1284962.04774459,262665.007937014,3.0,566676.5208612586,13.247543909962298
18808.0,1268196.61310342,285709.078616604,3.0,357299.4200568367,12.786329420883503
18809.0,1278306.38194577,246020.948015973,1.0,0.0,
18811.0,1282414.80978997,198441.83846324697,3.0,28800.658307117348,10.268153523748818
18812.0,1282502.07961407,197921.722046718,3.0,27509.073104420844,10.222271160309225
18813.0,1264345.30948347,171987.358244151,3.0,161964.93129202732,11.995135117274746
18814.0,1269118.12113637,281824.434836626,3.0,74463.66958413039,11.218066628835652
18815.0,1279821.70533933,200512.18771337,2.0,25354.57440479728,10.14071444263359
18816.0,1279602.7875151,260520.31340681,3.0,334882.99322202255,12.721536475832734
18817.0,1268629.93508786,186773.0855553,3.0,46744.77478632474,10.752457759193707
18819.0,1263306.5139624,242737.943148613,2.0,1193949.81975863,13.992777545048703
18820.0,1268109.06148733,187013.949939549,3.0,207324.1468270036,12.24203877416324
18821.0,1267877.46839909,186981.983475506,3.0,59363.04824397175,10.991427228341733
18822.0,1269340.56260858,281838.099860638,1.0,0.0,
18823.0,1268195.16497542,285573.874200478,1.0,0.0,
18824.0,1278756.74028224,246487.686960444,3.0,778869.5932405643,13.565598908067416
18825.0,1279988.9196115,255515.834553689,2.0,47444.34797385997,10.767312681534628
18827.0,1262834.10544993,166294.993310332,3.0,802854.7028044813,13.595929033598441
18828.0,1283619.80076721,256801.22143501,2.0,453463.6584218152,13.024670409541974
18829.0,1268126.96139134,187247.502259791,3.0,109981.9494743116,11.608071535621306
18830.0,1267830.04331104,187249.380211785,3.0,44096.79326171093,10.694142343637115
18831.0,1253747.86646461,216462.380497694,1.0,0.0,
18832.0,1253565.87798443,216384.679889619,2.0,46592.0,10.749184131556358
18833.0,1281932.03910148,260221.040702507,1.0,0.0,
18834.0,1280636.73618816,201172.794626042,2.0,10895.022410350126,9.296061304315579
18835.0,1280281.6788438,200502.891137362,2.0,36.55190625588108,3.5987333395794443
18838.0,1271414.43973072,276700.90574339,1.0,0.0,
18840.0,1253515.66384038,216519.401105762,1.0,0.0,
18841.0,1268257.27838348,186678.491955206,3.0,13328.578100381468,9.497665738344523
18842.0,1287923.46803562,186754.315571278,1.0,0.0,
18843.0,1284791.14131241,182984.113839418,2.0,0.0,
18844.0,1267043.72535823,192276.398712933,2.0,34247.9806987328,10.441382884251066
18845.0,1273426.66795677,220692.035478026,3.0,868417.6694267101,13.674428063885113
18846.0,1273412.65323676,220560.014357895,3.0,91644.26271710786,11.425669651385949
18851.0,1282039.25343759,193770.765818462,4.0,390292.2209464088,12.87465102201033
18853.0,1278730.40965821,201219.076034099,2.0,14182.934387289084,9.559794717132112
18854.0,1253862.31209674,216931.526866183,1.0,0.0,
18857.0,1274090.27717344,177794.12881010803,3.0,2203864.077501599,14.605722776528173
18858.0,1273431.19224478,200312.665793166,1.0,0.0,
18859.0,1271817.38571513,171237.267555386,1.0,0.0,
18861.0,1282507.30790207,198956.595007777,3.0,101773.50185717168,11.53050505311714
18862.0,1266067.27978924,275697.035342351,1.0,0.0,
18863.0,1281992.82143754,193739.28652243305,3.0,43917.09730376293,10.690058983465706
18864.0,1268796.25336003,186773.0855553,1.0,0.0,
18865.0,1271829.68427514,238197.98730395696,5.0,149563.74476536416,11.915477967326428
18866.0,1263102.0055462,207478.910984501,3.0,57137.68903644205,10.95321923108243
18867.0,1284978.83513661,191400.786936045,1.0,0.0,
18869.0,1272394.42622772,215061.684496269,3.0,49076.81638147404,10.801142030817827
18870.0,1272391.07128371,214849.903120056,1.0,0.0,
18871.0,1265594.87978876,207751.670280784,4.0,263071.7200630663,12.48018197384362
18872.0,1265464.57822062,207757.962888792,1.0,0.0,
18873.0,1265008.50858815,208410.261769459,5.0,186356.0,12.13541410186694
18874.0,1275510.3317669,217611.53141087305,3.0,51494.61686057643,10.849232554209404
18875.0,1265304.67895645,212667.495053813,3.0,2886.00242499635,7.967627579595539
18878.0,1279694.62425119,197625.118974417,1.0,0.0,
18879.0,1269823.79588908,248814.179634824,4.0,440466.9452765749,12.99559068244308
18880.0,1269995.48190525,248565.947250575,4.0,217149.85595461645,12.28834297461767
18881.0,1278107.14872956,247382.71339336,3.0,257749.3617943425,12.459742925811515
18882.0,1278086.44146554,247641.097393632,4.0,292618.95333184086,12.586626541040516
18883.0,1284451.69875206,263317.943617687,1.0,0.0,
18885.0,1280827.56159635,193994.620346695,1.0,0.0,
18886.0,1280101.58373961,201973.610626861,4.0,109791.22303795822,11.606335868960503
18887.0,1270319.04260959,249360.717299387,3.0,265403.8619539287,12.489007952220977
18888.0,1280325.61477983,212624.09652577303,3.0,165368.90176501576,12.015934025544702
18889.0,1287489.71168317,195646.326012388,2.0,23293.0,10.055908165231354
18890.0,1280317.74047583,201614.780930489,1.0,0.0,
18891.0,1278376.89164184,247113.792625085,3.0,1841.427897381221,7.518296580831969
18892.0,1279348.29260284,213492.974414662,3.0,189011.49107257,12.149563091519342
18893.0,1270588.06571387,249681.031283721,3.0,203193.43635298152,12.221913692752269
18896.0,1265268.13246042,212598.592973739,3.0,281820.2551467509,12.549024753602284
18897.0,1278343.9963458,247175.883057147,3.0,223655.95571007289,12.31786423810658
18899.0,1281047.95097257,197839.278654635,2.0,89517.02485267786,11.402184107990701
18900.0,1281005.90706854,216840.182290092,1.0,0.0,
18901.0,1280454.08697197,210905.883084014,2.0,164881.96852819296,12.01298515464999
18902.0,1278140.20575359,247112.059377089,4.0,355303.30632713594,12.780727087699386
18903.0,1279184.47698666,236126.771301836,1.0,0.0,
18906.0,1269247.08446449,248102.935986102,3.0,448239.9344774717,13.013083936061822
18908.0,1281063.3616606,198084.105918884,1.0,0.0,
18909.0,1279935.93708344,197618.255806401,1.0,0.0,
18910.0,1280507.40345202,212708.648525864,2.0,33320.89589113392,10.41393998340833
18912.0,1284928.33555254,170935.416803077,3.0,1046826.7956048038,13.861274046945978
18914.0,1289081.60614881,181616.725806013,3.0,771750.9755627618,13.556417206455297
18915.0,1290850.20794262,172763.837668955,3.0,15491.263967662791,9.648031529027207
18916.0,1284415.26803203,263505.408833876,1.0,0.0,
18917.0,1279860.65708336,213532.739406705,3.0,130194.3104562793,11.776783309309321
18918.0,1297016.10273293,182250.535534665,3.0,1260893.526193825,14.047331175374067
18919.0,1279320.81593081,213543.647822708,3.0,97206.4239085631,11.48459207785898
18920.0,1289640.78285338,173570.837029785,2.0,76827.56882327114,11.249318823774797
18921.0,1290302.22739805,173107.844517305,4.0,214140.4377602304,12.274387329981352
18922.0,1288958.49747668,175203.191079453,3.0,299608.33053555374,12.610231335764515
18923.0,1281435.49804497,220995.50331834,2.0,137216.19908546773,11.829313056440371
18924.0,1288960.44627668,173848.92995806,2.0,207030.59174198672,12.240621847521375
18925.0,1280067.45292357,197614.544510394,1.0,0.0,
18926.0,1264924.95761207,213253.404686421,3.0,215569.69239367792,12.281039534822442
18927.0,1267243.49431844,226812.117724299,2.0,1607.0016845615878,7.382125414001797
18930.0,1254533.82812943,203769.030916706,1.0,0.0,
18932.0,1274245.78245361,252118.650422215,3.0,1763271.2003924332,14.382681278473223
18934.0,1274283.00222965,252348.668662444,3.0,2833197.879598345,14.85691662444905
18935.0,1273560.18117291,229028.980062574,1.0,0.0,
18936.0,1254581.35132948,204653.637381613,2.0,954963.13207647,13.76942801356214
18937.0,1273791.44709314,259698.02630198,2.0,20878.99112987357,9.946498723294456
18938.0,1273809.66853316,259697.507005975,2.0,2104.8552860365803,7.652001996027159
18939.0,1284398.83334401,191897.02021654,2.0,3842.419864336379,8.25385762011041
18940.0,1281705.02015725,215201.630736411,2.0,24693.59785905049,10.114299293029124
18941.0,1281712.28818926,219412.702676728,1.0,0.0,
18942.0,1280077.71205959,205497.417862475,1.0,0.0,
18943.0,1270323.67908959,228931.685662463,4.0,79735.64927033741,11.286472058001335
18944.0,1270540.46411382,229170.026718706,4.0,73422.9919504919,11.203992407384941
18945.0,1278818.91737029,204396.05094935,4.0,912249.2978028144,13.723668584556346
18946.0,1286634.4670103,203809.996036738,1.0,0.0,
18947.0,1258275.58115725,193785.781498477,3.0,93181.99999999994,11.442309848973883
18948.0,1279797.4330833,203623.32742855,1.0,0.0,
18949.0,1258209.30339719,193649.814586341,1.0,0.0,
18950.0,1258401.31382939,193570.865914255,1.0,0.0,
18952.0,1281180.44870071,201941.489922836,1.0,0.0,
18953.0,1281034.60415657,201948.281922832,1.0,0.0,
18955.0,1274966.84895036,212594.510605738,3.0,2280225.679468123,14.639784978255067
18956.0,1273289.44350863,200846.542977706,1.0,0.0,
18957.0,1281024.32895656,226499.511387974,2.0,43816.49023629048,10.687765514923207
18958.0,1281050.69631658,226523.483419999,2.0,41669.720069856085,10.637530006607903
18959.0,1278916.2626504,260318.805950612,3.0,511612.1727677076,13.145322141929384
18960.0,1278917.83314639,260444.661310732,3.0,638302.352781246,13.366567357249021
18961.0,1277925.24588138,211105.28852421,3.0,190515.1970780668,12.157487245055076
18962.0,1277910.07564136,210730.634123832,2.0,208996.65119268015,12.250073507817048
18963.0,1275457.68850285,214871.582864076,1.0,0.0,
18964.0,1254124.42569701,244666.186286584,4.0,186354.0,12.135403369662278
18965.0,1254139.81776102,244678.122990593,1.0,0.0,
18967.0,1278085.16127354,211097.92833221,3.0,93182.0,11.442309848973883
18968.0,1256895.12291585,235793.003301501,1.0,0.0,
18969.0,1256934.96534789,235839.50941354,2.0,46591.99999999999,10.749184131556358
18970.0,1256321.85475525,235843.73674154296,3.0,222879.44098993836,12.314386280889249
18971.0,1256725.76432367,235904.951845616,4.0,879136.1922927961,13.686695104702657
18972.0,1256765.79805171,235972.466853678,4.0,370914.1528095261,12.823725920769435
18973.0,1250556.32790135,238907.844136685,3.0,436999.3697972019,12.987687031965022
18974.0,1275794.42047119,215168.245008379,3.0,135404.0788805444,11.816018763678246
18975.0,1256565.72201951,235853.097317562,3.0,363803.70038506814,12.8043697164962
18976.0,1287891.45267558,254291.551928431,1.0,0.0,
18979.0,1258671.27523766,238079.495399833,4.0,1258415.2258313429,14.0453637300104
18980.0,1258656.00784564,238079.834663838,1.0,0.0,
18981.0,1281588.88031714,196599.034429356,1.0,0.0,
18983.0,1280407.97452392,212072.1914372,1.0,0.0,
18984.0,1269257.09425651,228966.457886502,4.0,61393.20524985045,11.025054444328338
18985.0,1260388.23799142,204468.342469424,4.0,172480.8173087617,12.05804130526275
18986.0,1275058.60037445,233999.195171654,3.0,61163.357990616336,11.021303563549122
18987.0,1274208.20478958,233516.719779164,1.0,0.0,
18988.0,1274893.15416628,234008.046883672,3.0,117993.32507658788,11.67838333470026
18989.0,1274936.95199032,233962.507235616,3.0,475.78427499225546,6.1649645477057575
18990.0,1274980.25247036,234004.645283669,3.0,35527.00293115271,10.478048332266956
18991.0,1274650.03359002,232828.640418455,3.0,271341.2595744688,12.511132568080816
18992.0,1269350.97828861,258166.362044409,2.0,5928.524358352555,8.687530617576968
18994.0,1255107.54448201,258849.732733101,3.0,93182.0,11.442309848973883
18995.0,1254537.49705742,258494.788284749,1.0,0.0,
18996.0,1278719.22924219,241061.541290894,3.0,46592.0,10.749184131556358
18997.0,1279173.51148266,240795.310506612,3.0,147013.30560674905,11.898278375996325
18998.0,1281041.66290857,197589.303422377,4.0,139770.0,11.847753493478953
18999.0,1281041.45458858,197579.188926369,1.0,0.0,
19000.0,1253450.97398432,248485.384050488,1.0,0.0,
19001.0,1253438.3532483,248503.526386514,6.0,1788486.8185695428,14.396880467550355
19002.0,1253443.61180831,248479.07371448,1.0,0.0,
19003.0,1281042.00511657,197600.385086387,1.0,0.0,
19004.0,1278371.97759384,212842.690893993,2.0,173787.756696469,12.065590044547665
19005.0,1278359.77093783,212491.760205641,3.0,563746.1555439787,13.242359350341589
19006.0,1259972.56464699,239674.393129468,1.0,0.0,
19007.0,1259815.19191083,239676.333097473,2.0,46592.0,10.749184131556358
19008.0,1273536.1766288895,225900.83279536705,3.0,11796.325275958963,9.37554334466171
19009.0,1274399.10955776,195892.32390064,4.0,1462700.1921347028,14.195794732231363
19010.0,1276459.88139988,205523.145478502,3.0,186350.0,12.135381904907405
19011.0,1278250.81874572,241169.466602996,1.0,0.0,
19012.0,1278557.30924203,212844.56724599,2.0,666677.5044967228,13.410061706469055
19013.0,1278891.25970636,241478.584747314,4.0,171215.22632312847,12.050676677538279
19014.0,1269556.96734481,229243.358558789,4.0,90998.1089043892,11.418594004012606
19015.0,1270773.56075406,229634.439455196,3.0,124637.09119582469,11.733161523186425
19016.0,1270768.58174606,229619.922783181,1.0,0.0,
19018.0,1270976.07313827,229208.753310755,3.0,349744.00464387215,12.764956750547702
19019.0,1281709.07494125,271046.529865593,3.0,428985.62007417536,12.969178677707742
19020.0,1274507.14514188,175815.53495207397,3.0,855763.2032377729,13.65974898512269
19021.0,1280425.17170794,210566.780427665,3.0,48401.8778502076,10.787293890510087
19022.0,1285304.97030494,260338.049342632,3.0,36042.88894403884,10.492464867889229
19023.0,1286447.50445011,185410.672945902,3.0,140392.24149477988,11.852195509038268
19024.0,1280677.0504282,232271.185825884,3.0,135908.9791831212,11.819740669944224
19025.0,1273253.7903246,264684.882819086,1.0,0.0,
19026.0,1290082.83443783,181400.723629802,4.0,764762.0237584304,13.547319984358897
19027.0,1264252.33194737,280445.433683217,1.0,0.0,
19028.0,1273797.17970115,263817.394754186,1.0,0.0,
19029.0,1278109.23698556,212149.88884528,1.0,0.0,
19030.0,1275069.97931845,235488.294245183,3.0,671932.6315260975,13.417913363774638
19031.0,1275078.88479047,235821.00125353,1.0,0.0,
19032.0,1293274.75751309,189046.598069623,3.0,104753.19664891604,11.559362354253512
19033.0,1255984.89705892,199348.764480174,1.0,0.0,
19034.0,1270069.18878533,284872.325719759,1.0,0.0,
19035.0,1262061.36426513,260671.645118967,1.0,0.0,
19036.0,1272629.92017996,277054.911567748,1.0,0.0,
19037.0,1270438.72350571,174963.438567206,1.0,0.0,
19038.0,1265454.23409261,233731.789859384,3.0,354078.86002204835,12.777274935730576
19039.0,1272661.00805199,234191.941219851,2.0,9639.402084709898,9.17361436127331
19040.0,1268475.32580771,284714.277143598,4.0,131599.65720852185,11.787519693071495
19041.0,1268769.85310401,284710.230231583,1.0,0.0,
19042.0,1277474.20741692,281006.046739787,1.0,0.0,
19043.0,1262905.30513,252721.978934824,3.0,832668.2047463745,13.632390528171232
19044.0,1260994.91293605,237496.344999239,4.0,23706.95291692732,10.073523656120315
19045.0,1278471.17330594,254198.078648344,1.0,0.0,
19046.0,1276095.84568751,204089.95610103,1.0,0.0,
19047.0,1279800.10207529,268449.106950939,1.0,0.0,
19048.0,1265269.67511642,177754.237802058,1.0,0.0,
19049.0,1272966.7436683,224004.459289417,1.0,0.0,
19050.0,1269681.04254493,265682.8828201,2.0,7832.106182696867,8.96598674166401
19051.0,1266235.64330941,237672.921127424,2.0,825.3201183679947,6.715771333337746
19052.0,1269168.79524842,191088.431927711,3.0,335149.988499483,12.722333437471566
19053.0,1266126.9505733,237905.502311662,1.0,0.0,
19055.0,1271312.92248261,263084.174081445,1.0,0.0,
19056.0,1270813.0747381,226439.833691925,3.0,412364.2777034508,12.929662406867473
19057.0,1261090.91933614,238650.017576426,2.0,268042.7716267068,12.498901842381008
19058.0,1257935.76490091,216153.08878538,2.0,117436.41305494956,11.673652300593666
19059.0,1270199.31057747,264958.128643364,1.0,0.0,
19060.0,1256881.84176382,256779.777594984,1.0,0.0,
19061.0,1270099.06174536,264926.408259332,1.0,0.0,
19062.0,1280659.38809218,209371.43175444,3.0,8538.231613718626,9.052309194347322
19063.0,1281856.6563174,252056.307062149,1.0,0.0,
19064.0,1286048.2132497,255860.990074039,1.0,0.0,
19065.0,1257124.78550808,257456.114811674,1.0,0.0,
19066.0,1258501.85597348,207210.021384224,5.0,626773.349371592,13.348340270008041
19067.0,1252202.70876704,210293.871883377,1.0,0.0,
19068.0,1272909.93246825,256910.395451114,1.0,0.0,
19069.0,1253676.41219255,251117.031349182,1.0,0.0,
19070.0,1262688.81181778,258825.26431708,1.0,0.0,
19071.0,1281403.06214094,276780.631631464,2.0,77308.74639247775,11.255562376848395
19072.0,1263792.32829891,285062.804311946,1.0,0.0,
19073.0,1262269.41367334,264248.568386629,1.0,0.0,
19074.0,1260472.96912751,280680.387923464,1.0,0.0,
19076.0,1260109.22115913,212467.50561361,2.0,186412.185473146,12.135715551806936
19077.0,1279707.46277921,205732.768454716,3.0,93182.0,11.442309848973883
19078.0,1257099.95747605,195799.93433255,1.0,0.0,
19079.0,1277844.2604733,250301.367604345,1.0,0.0,
19080.0,1256245.56125118,219201.964628503,3.0,474086.8900061952,13.069145896126933
19081.0,1262393.08932148,270460.17082499,1.0,0.0,
19083.0,1279096.30687457,282300.758677125,1.0,0.0,
19084.0,1265000.96631615,248075.420658067,3.0,245372.84270547424,12.410534139713214
19085.0,1278879.77682635,175329.296807587,1.0,0.0,
19086.0,1267207.2128464,189995.870774597,1.0,0.0,
19087.0,1264140.80170727,281063.956691846,1.0,0.0,
19088.0,1271371.61304267,240768.850602597,1.0,0.0,
19089.0,1271333.61278664,240869.31991469895,3.0,46595.99999999999,10.749269979519667
19090.0,1264045.32945116,245346.17246328303,3.0,67181.3803991009,11.115151410723875
19091.0,1280939.62143646,222577.590743959,2.0,1314530.248673167,14.08898993443023
19092.0,1278325.34188178,180939.149421319,1.0,0.0,
19093.0,1278689.27685817,180930.318061322,3.0,361408.07694134273,12.79776300592579
19094.0,1274341.24715771,242722.260396585,4.0,731463.6213898024,13.502802766681128
19095.0,1267089.66097428,187795.656692341,1.0,0.0,
19096.0,1279729.19929123,260865.48198317,1.0,0.0,
19097.0,1275373.07122277,218100.807699382,1.0,0.0,
19098.0,1270849.90078613,248582.927474588,3.0,109357.78500479706,11.602380217030287
19099.0,1263058.28349815,261682.54208,3.0,93182.0,11.442309848973883
19100.0,1262923.35396202,261685.882944003,1.0,0.0,
19101.0,1256455.9892834,194894.878395617,1.0,0.0,
19102.0,1261662.62327273,187176.250803709,4.0,1895207.267071489,14.45483876628089
19103.0,1283657.46771125,255112.035193279,1.0,0.0,
19104.0,1276786.84920821,257288.632187501,1.0,0.0,
19105.0,1267514.73815872,235422.983653113,1.0,0.0,
19106.0,1268552.17867178,188462.092341036,3.0,130879.97793872036,11.782035983275438
19107.0,1271767.08600308,216595.246097833,1.0,0.0,
19108.0,1280596.48959611,186877.907187402,3.0,1523220.6377447862,14.236337491867044
19109.0,1271500.8716028,224914.791770354,3.0,352971.7582497217,12.77414332775657
19110.0,1282938.94188651,272736.563915327,3.0,93182.0,11.442309848973883
19111.0,1274005.55653337,223378.924440786,1.0,0.0,
19112.0,1274281.98610164,179103.295787439,5.0,1403333.980862405,14.154361378412489
19113.0,1283787.53075138,170383.592418522,1.0,0.0,
19114.0,1287030.1121947,184395.90398486,1.0,0.0,
19115.0,1266981.93508618,275609.333070263,1.0,0.0,
19116.0,1286351.03283401,194885.821627602,1.0,0.0,
19117.0,1285803.31513745,245188.751215115,1.0,0.0,
19118.0,1259897.43683892,234213.340771884,3.0,144130.90771762145,11.878477246966298
19119.0,1266419.8729416,232812.112226442,3.0,629678.1227334765,13.352964051509442
19120.0,1281504.53727704,229023.458078563,3.0,49180.6223073646,10.803254969357564
19121.0,1280383.75442789,272244.685322821,2.0,233318.1056652238,12.360158061793056
19123.0,1284441.28800005,202846.126275763,1.0,0.0,
19124.0,1274592.78014997,207582.041992605,1.0,0.0,
19125.0,1278103.74354556,284766.047703639,1.0,0.0,
19126.0,1259349.81584635,257539.286203757,1.0,0.0,
19127.0,1283654.57171124,174721.275366962,1.0,0.0,
19128.0,1287207.80441889,200831.752641693,1.0,0.0,
19129.0,1271554.05848286,212849.461582005,1.0,0.0,
19130.0,1288202.49139591,185065.893425554,1.0,0.0,
19131.0,1285962.5726736,187528.237300068,1.0,0.0,
19132.0,1286921.52185859,184995.956273481,3.0,397727.386111976,12.89352209005698
19135.0,1280351.53503586,174413.168358639,4.0,2187842.8278537886,14.598426606238995
19136.0,1262107.18269718,168985.239265084,1.0,0.0,
19137.0,1257606.43811657,236222.473189935,3.0,73833.53344938594,11.209568290170974
19138.0,1267741.63172695,272781.175371364,3.0,119548.70304606204,11.691479124195771
19140.0,1275560.12434296,220153.165461481,1.0,0.0,
19141.0,1268849.16728008,190926.520823553,1.0,0.0,
19142.0,1273053.0807564,195121.138107851,3.0,178106.7011262978,12.09013809420888
19143.0,1278480.13356195,268491.003526971,3.0,13843.936762972657,9.535602636915609
19144.0,1278260.69471373,213225.946382388,3.0,188178.57236260804,12.145146643979784
19145.0,1281588.61721313,198325.671039134,2.0,698.8435172496891,6.549426850576363
19146.0,1285221.37536085,195884.159228623,1.0,0.0,
19147.0,1285309.44864094,176686.003048971,1.0,0.0,
19148.0,1257611.03523658,236482.185638204,3.0,189813.65193406635,12.153798090569513
19149.0,1276687.41176811,259943.124606222,1.0,0.0,
19151.0,1265241.39658839,285902.014936805,1.0,0.0,
19152.0,1270880.03985816,170597.103842735,1.0,0.0,
19153.0,1271421.57880272,170589.672738731,3.0,692446.0057065692,13.447985543904988
19154.0,1286006.08966565,199414.018944249,2.0,30863.19253933303,10.337319572910236
19155.0,1270464.01572974,210015.198219106,4.0,139770.0,11.847753493478953
19156.0,1270149.22603342,209801.234698877,1.0,0.0,
19157.0,1264755.03569189,215243.476432458,4.0,243010.77727925425,12.400861072282645
19158.0,1264248.83396338,215742.643088967,1.0,0.0,
19159.0,1279508.601659,213159.125326321,3.0,248019.67012655817,12.421263337028293
19160.0,1272668.50705999,180430.975852802,4.0,376767.3048584905,12.839383047374156
19161.0,1252100.63222294,241062.89693889,1.0,0.0,
19162.0,1285412.39366505,169808.020385921,1.0,0.0,
19163.0,1261149.3401362,174735.863910973,2.0,157.6523809523809,5.060392488651403
19164.0,1256051.47766697,197705.075838491,1.0,0.0,
19165.0,1271088.69854638,275192.461901844,3.0,214657.011139646,12.276796736243648
19166.0,1266313.44433349,193051.801657721,1.0,0.0,
19167.0,1266679.09124586,205655.588166639,2.0,508640.27506395953,13.13949631692767
19168.0,1276193.9888556,228043.284829557,4.0,183303.1671797785,12.118896712346162
19169.0,1261365.44567242,257795.944508031,3.0,1994473.0464438675,14.505890436294878
19170.0,1264697.25725983,239687.99876149,3.0,226748.3818770001,12.331596231797565
19171.0,1273700.29374905,204439.648005396,3.0,30154.62151211138,10.314093474392335
19172.0,1273858.35410121,204196.292869136,3.0,29192.69429237229,10.281673761485564
19174.0,1296872.18503678,183416.638191864,3.0,75374.4546420878,11.230223698740796
19175.0,1297483.20711741,183393.238639832,1.0,0.0,
19176.0,1257607.53853257,284543.635095417,3.0,139417.98953662664,11.845231818742949
19177.0,1287885.87955558,166476.23971051,1.0,0.0,
19178.0,1288789.8573485,166441.637726486,3.0,46830.350000000064,10.754286775991215
19179.0,1277760.1074492,283095.450325936,2.0,46592.0,10.749184131556358
19180.0,1286009.24057765,184064.25009653,1.0,0.0,
19181.0,1277426.51820087,220062.10562138297,3.0,19966.900784532143,9.901831220802356
19182.0,1279207.6947787,204025.224644959,3.0,202615.0692637788,12.219063247417575
19183.0,1278899.14258638,211849.484236971,1.0,0.0,
19184.0,1277311.10143276,241367.244779199,3.0,158789.57726157067,11.975335191268162
19185.0,1277419.57599287,241428.055659264,3.0,514420.77271029,13.15079683349745
19186.0,1277605.04901706,240733.902826548,1.0,0.0,
19187.0,1277442.23672889,243850.711213753,3.0,41305.75271273508,10.628757060114308
19188.0,1277022.49183245,243421.658605307,3.0,12962.133560185528,9.469787582914327
19189.0,1276882.98847231,243265.740653142,1.0,0.0,
19190.0,1276750.75775218,243124.785517007,3.0,257085.54797519607,12.457164179986748
19191.0,1268468.5364957,215981.876241207,1.0,0.0,
19192.0,1278684.23685816,244360.66135826695,3.0,280743.1167825592,12.545195355051906
19193.0,1278786.24780226,244381.991342291,4.0,257830.0605878779,12.460055966986904
19194.0,1276427.29746385,248001.730481997,4.0,249193.26625652303,12.425984044087825
19195.0,1271891.5204352,175231.08272747704,3.0,93653.27438368344,11.447354671315287
19196.0,1272395.55192372,175220.204455465,1.0,0.0,
19198.0,1263946.76369107,241407.866091251,3.0,261004.68747034343,12.472293645800047
19199.0,1271803.72728311,238204.785511971,1.0,0.0,
19200.0,1273979.56549335,198861.988223672,3.0,93182.0,11.442309848973883
19201.0,1273968.72165333,198596.500223413,1.0,0.0,
19203.0,1288492.7120042,249726.438643768,2.0,139439.1950585362,11.845383907504665
19204.0,1272013.74955532,243517.780141398,3.0,18871.54217197313,9.8454103611479
19205.0,1272063.23141138,243489.08497338,2.0,19639.41460596702,9.885293775250751
19207.0,1268433.38430366,211406.179660529,3.0,689679.07829504,13.443981664458832
19209.0,1273567.40523691,212442.03783758,3.0,2510569.987383335,14.736020371934613
19210.0,1265885.69975705,212159.95930929497,3.0,607039.4738567005,13.316349098992612
19211.0,1266338.75690952,212057.518605188,2.0,203565.7508245493,12.223744331554197
19212.0,1278948.28716242,241968.214379817,3.0,122636.13004858038,11.716976957670942
19213.0,1274937.80767033,220564.908053905,3.0,1738787.8633597186,14.368698798178073
19214.0,1274129.36178149,220416.531413749,3.0,865083.8644916777,13.670581734383932
19215.0,1269842.2095851002,231920.36105753505,6.0,796348.9130181086,13.587792701724025
19217.0,1266542.84612572,212166.808397308,4.0,1076761.865262257,13.88946882237016
19218.0,1265904.80868506,212034.760461167,3.0,11427.233253175193,9.343754667397924
19219.0,1265816.16676497,212012.187661141,5.0,309268.1474864025,12.641963970784905
19220.0,1264160.81117928,212127.68903726304,3.0,367740.7043537829,12.815133361064085
19222.0,1265807.98634897,212081.425997213,3.0,8548.051233538417,9.05345861004981
19228.0,1278298.95640977,201487.141122371,3.0,35275.4617456185,10.47094286651822
19230.0,1272388.87544371,176672.639912963,1.0,0.0,
19231.0,1271404.9338107,283029.337621868,1.0,0.0,
19232.0,1279510.668603,179805.311148167,1.0,0.0,
19233.0,1287278.92243496,204457.032837406,1.0,0.0,
19234.0,1263034.59428214,170318.039074451,1.0,0.0,
19235.0,1278604.09759407,214102.749391288,1.0,0.0,
19236.0,1274738.37957412,278603.911121339,1.0,0.0,
19240.0,1273260.6355086,214307.808719501,2.0,46592.0,10.749184131556358
19241.0,1273266.7145486,214299.490511492,1.0,0.0,
19244.0,1267348.23294255,211878.375565007,2.0,110598.43586310014,11.613661225683751
19245.0,1269671.40676893,221776.002775148,1.0,0.0,
19249.0,1268592.90135983,211861.052428991,4.0,187650.9875935212,12.1423390675044
19250.0,1272756.31333208,233115.901346758,3.0,48000.79947673091,10.77897294551655
19251.0,1261669.08580074,168873.297248974,1.0,0.0,
19252.0,1277718.75320917,257260.916027471,1.0,0.0,
19254.0,1265383.82250854,211540.768972665,2.0,656538.1338614937,13.394736057651116
19255.0,1273682.92370103,204997.821125954,1.0,0.0,
19258.0,1265128.51524428,216826.574354067,4.0,548679.9260724682,13.215270537855272
19259.0,1264511.23498765,216396.975825638,1.0,0.0,
19261.0,1252199.97711904,239576.925801367,1.0,0.0,
19262.0,1288966.83238868,186859.945971385,2.0,331356.62040503736,12.71095047741346
19263.0,1267459.03819066,249213.12837123903,3.0,136856.18485239797,11.826685907838513
19264.0,1280902.50962843,271718.859274283,1.0,0.0,
19265.0,1259198.77546221,259750.675838023,3.0,94858.11424956228,11.460137519933559
19267.0,1261792.49962486,235312.021284997,3.0,477943.0344965719,13.07724682967836
19268.0,1265366.12567651,245323.441583261,3.0,12240.891333871548,9.412537374809702
19269.0,1265911.23876508,188781.378165349,1.0,0.0,
19270.0,1280770.04498829,208706.509897754,3.0,15371.690444595402,9.640282813867827
19271.0,1252718.24252757,210683.021643788,3.0,358314.8937534022,12.789167470258885
19272.0,1251671.0818865,237408.618791148,4.0,247560.627249685,12.419410789578013
19273.0,1272388.59000371,243479.945261359,3.0,141837.86199578937,11.862439867282747
19274.0,1277523.62335297,222633.123096019,2.0,1717.658636787607,7.448717384772964
19275.0,1272277.47768359,181258.660269648,1.0,0.0,
19276.0,1257762.61725274,188381.612532943,3.0,475701.8797724822,13.072546634004919
19277.0,1281832.63865338,219003.838996306,1.0,0.0,
19278.0,1270281.96100955,189771.023798361,4.0,269671.23090460175,12.504958832709885
19280.0,1266418.6580296,237967.808615729,3.0,288116.46029629826,12.571120053408945
19281.0,1254389.37500928,213761.539470941,1.0,0.0,
19282.0,1284043.99942364,233054.329634696,1.0,0.0,
19283.0,1276924.51660036,212873.108814031,4.0,83710.00046219994,11.335113729175545
19284.0,1280992.37983651,204270.853381217,1.0,0.0,
19285.0,1255228.43305814,257219.551291436,1.0,0.0,
19286.0,1254662.85379356,246029.77476798,1.0,0.0,
19287.0,1266201.06263737,191095.508983731,4.0,271817.3904768453,12.512885761275063
19288.0,1255644.84393856,206284.433351278,1.0,0.0,
19289.0,1276920.41752835,285771.175960675,1.0,0.0,
19290.0,1275455.89554285,280964.442131758,1.0,0.0,
19291.0,1273211.82091655,208839.632009894,1.0,0.0,
19292.0,1280461.10009198,180327.654572695,4.0,1812256.5641038944,14.410083347230723
19293.0,1279268.67167476,203065.467651978,1.0,0.0,
19294.0,1259133.68899813,256408.524410605,3.0,46931.50369922352,10.756444449596769
19295.0,1249272.68214004,213985.014735162,1.0,0.0,
19296.0,1278720.13145019,216550.938385785,1.0,0.0,
19297.0,1267550.48286276,280849.850835636,1.0,0.0,
19298.0,1279123.6161866,258544.28095679,1.0,0.0,
19300.0,1285213.78579284,192288.081080943,3.0,3420.8137233235025,8.137633732551954
19301.0,1264363.10141949,176201.951208472,3.0,234652.02279906409,12.365858941680035
19302.0,1274222.08862959,234173.983203843,1.0,0.0,
19303.0,1274607.82277398,261000.0450553,1.0,0.0,
19305.0,1256303.39120324,192978.257209659,1.0,0.0,
19306.0,1262581.62826566,286122.529945031,1.0,0.0,
19307.0,1275985.0070314,216421.346513659,1.0,0.0,
19308.0,1282851.52473442,173948.79626216,1.0,0.0,
19309.0,1260516.09635955,167820.717279896,1.0,0.0,
19310.0,1253025.52796789,212669.030157819,1.0,0.0,
19311.0,1263454.08522657,260162.732414454,1.0,0.0,
19312.0,1275063.63384645,273231.727947831,1.0,0.0,
19313.0,1268002.14110322,282811.935509637,1.0,0.0,
19314.0,1264935.58193208,285294.078168184,1.0,0.0,
19315.0,1278503.75461797,203559.513604492,1.0,0.0,
19316.0,1275628.20261502,181070.41879746303,3.0,2789.1404639980115,7.933488749929746
19317.0,1275955.17637536,181070.704557464,3.0,208288.5101258134,12.24667946550595
19318.0,1264953.28138809,245631.331375569,2.0,1998.374503452452,7.600089380809365
19319.0,1270470.11908974,194707.172091424,1.0,0.0,
19320.0,1281267.5052768,197583.083966374,1.0,0.0,
19321.0,1263870.45905098,270405.082696944,1.0,0.0,
19322.0,1280035.85420354,281315.777044117,1.0,0.0,
19323.0,1262974.01463407,208416.487177461,2.0,20937.337422484747,9.949289323641024
19324.0,1262955.17380205,207755.12762478,2.0,1502.4837558004704,7.314874854903644
19325.0,1264555.24708369,210698.357579798,1.0,0.0,
19326.0,1253957.10025683,207111.577672124,1.0,0.0,
19327.0,1261439.0817045,233636.93603529,1.0,0.0,
19328.0,1259667.62103069,260206.60403049,3.0,124085.17273889588,11.728723485721765
19329.0,1281767.31007731,181864.219054267,3.0,90277.29087915132,11.410641222496634
19330.0,1281876.67334142,181775.674606174,3.0,469913.57883936906,13.060304081969344
19331.0,1278724.40178619,263856.66272223,3.0,28453.996659307115,10.256043909804312
19332.0,1278729.2305222,264518.041986912,3.0,28195.25152515922,10.2469088571151
19333.0,1268970.82155222,191089.25509572,1.0,0.0,
19334.0,1288682.62138039,182132.324846551,1.0,0.0,
19335.0,1281777.13682932,167956.898144037,1.0,0.0,
19336.0,1272521.29867585,277829.053392544,1.0,0.0,
19337.0,1262056.34884113,189148.116277725,1.0,0.0,
19338.0,1284746.60460836,252534.728950635,1.0,0.0,
19339.0,1276112.00415152,205611.958342597,1.0,0.0,
19340.0,1272978.52120431,219045.938324347,3.0,46691.8151890593,10.751324164678952
19341.0,1273074.18110842,219044.069588348,1.0,0.0,
19342.0,1282252.12703781,261112.268927425,1.0,0.0,
19343.0,1291968.42650376,186641.858483166,2.0,14149.62237204572,9.557443215227332
19344.0,1292114.1436879,186465.98808299,3.0,103871.65925257745,11.550911370413875
19345.0,1261280.03543234,286584.098841503,1.0,0.0,
19346.0,1284718.84192033,175832.519528091,1.0,0.0,
19348.0,1278212.46578567,176876.95933716,1.0,0.0,
19349.0,1272411.45707573,254208.202040359,3.0,609069.6824413681,13.31968796123243
19350.0,1279847.26930735,175482.133415744,1.0,0.0,
19351.0,1273881.88946123,241545.61809139,3.0,559811.4659868066,13.235355338145276
19352.0,1273978.40178134,241721.137771562,2.0,598859.6258812029,13.3027825021902
19353.0,1277629.39608908,175127.394279376,3.0,208682.94275568944,12.248571358798877
19354.0,1260800.73456785,212170.539021313,3.0,265972.66108287574,12.491148804597902
19355.0,1278488.78252196,175409.783463657,1.0,0.0,
19356.0,1268130.19134335,271447.037257999,3.0,164569.23767177598,12.011086658335739
19358.0,1274461.74661383,242604.15729247,2.0,642476.9616104898,13.37308623769304
19360.0,1285583.22963323,196388.40166114303,3.0,11591.407307609064,9.358019353260055
19361.0,1251698.16841452,213351.775502518,3.0,281791.245545845,12.54892181176772
19362.0,1251726.02895854,213296.055182457,3.0,200574.5168913185,12.208941112000327
19363.0,1262293.05668136,195805.863420546,1.0,0.0,
19364.0,1263672.47453879,199069.725695893,1.0,0.0,
19366.0,1281418.73106895,214354.502863541,3.0,706501.502148603,13.468080607287902
19368.0,1253732.6804166,247828.229553819,2.0,26627.753021974764,10.189709297552703
19369.0,1289172.63283689,187945.975924507,4.0,923969.199670554,13.736434016378364
19370.0,1286149.4558098,204837.076997802,1.0,0.0,
19371.0,1272688.75934802,217074.416338325,1.0,0.0,
19372.0,1269782.65553704,201709.510082588,2.0,7771.031860564554,8.958158235131934
19373.0,1289340.75750907,168795.490592897,1.0,0.0,
19374.0,1297298.36954921,185752.559090257,3.0,1773026.427851341,14.388198490670773
19375.0,1296919.55335683,185082.603377566,3.0,58145.354339797705,10.970701263780253
19378.0,1275210.6365346,218944.66594024,1.0,0.0,
19379.0,1275296.03787869,218720.62011601,3.0,48006.78195523989,10.779097570643597
19384.0,1271267.18475457,227808.827613324,2.0,2751880.668052862,14.827795115195821
19387.0,1260329.02122337,242480.237932339,4.0,2171040.49981845,14.5907171036005
19388.0,1266066.16170923,242305.145132169,3.0,82610.1491597474,11.321887823144406
19389.0,1271963.57112327,242240.692140102,1.0,0.0,
19390.0,1261273.58429633,264665.658755064,1.0,0.0,
19391.0,1282771.79359834,264530.596418917,1.0,0.0,
19392.0,1271997.12453131,195919.95078066,1.0,0.0,
19393.0,1265879.11710104,238331.514920101,2.0,31165.583523617624,10.34706967275185
19396.0,1280774.8035163,249915.484851956,3.0,43874.41541496191,10.689086636803891
19397.0,1274334.7770137,214907.196944103,2.0,8548.999187892348,9.053569501031768
19398.0,1256710.42710766,257651.112123877,1.0,0.0,
19399.0,1278460.23698592,203565.139908493,1.0,0.0,
19400.0,1277905.10719337,215390.634640604,1.0,0.0,
19401.0,1286321.63526598,243201.646253079,1.0,0.0,
19402.0,1271343.44081864,275825.395662487,1.0,0.0,
19403.0,1270375.60516965,218173.425683454,1.0,0.0,
19404.0,1270620.06692989,231347.420000941,1.0,0.0,
19405.0,1283123.55635071,231891.418529496,3.0,130076.79325066184,11.77588027234571
19406.0,1254601.2253135,216455.160081699,1.0,0.0,
19407.0,1256086.85750702,243586.426989481,2.0,0.0,
19408.0,1271594.6942589,282839.001045674,1.0,0.0,
19409.0,1273078.44062841,273381.085899979,1.0,0.0,
19410.0,1284532.08441615,170365.262114495,1.0,0.0,
19412.0,1265277.61994843,267863.68979834,1.0,0.0,
19413.0,1286559.01702622,244678.605614588,3.0,3934.15356193574,8.277451032741252
19414.0,1276924.39781636,237303.952039048,2.0,1327504.4950949508,14.098811418228054
19415.0,1267560.65803076,248689.511282697,2.0,279255.7010628939,12.539883132346665
19416.0,1284983.3607046,185070.152305558,1.0,0.0,
19417.0,1285149.32134478,184860.148785338,2.0,46592.0,10.749184131556358
19418.0,1295453.01991533,184167.813872635,1.0,0.0,
19419.0,1266991.02071819,286811.102041736,1.0,0.0,
19420.0,1267643.97316685,173935.486566156,3.0,72118.55907401936,11.186066697556086
19421.0,1274198.32850157,237794.39427954,1.0,0.0,
19422.0,1271970.18795528,263033.936641395,1.0,0.0,
19424.0,1270197.15115346,285188.94780007,1.0,0.0,
19425.0,1270664.14622594,276486.213199168,1.0,0.0,
19426.0,1280068.30201158,205110.61453408,1.0,0.0,
19427.0,1253953.46544082,247825.08094582,2.0,46592.0,10.749184131556358
19428.0,1268430.67697565,274098.492300719,5.0,650080.8086813196,13.384851955192783
19429.0,1264951.8971961,281124.011667907,1.0,0.0,
19430.0,1267113.0083663,277602.856016308,3.0,71357.51690896077,11.175457969969111
19431.0,1273103.13054845,210083.711819172,2.0,10563.52746600204,9.265162541822301
19432.0,1285194.38886482,196767.68927753,1.0,0.0,
19433.0,1263811.86826693,268895.233671397,1.0,0.0,
19434.0,1278614.44101809,263860.292610243,3.0,68825.91255889714,11.139335589042371
19436.0,1262945.50647403,254596.167800754,3.0,25012.152884222985,10.127117101103458
19437.0,1269904.08708917,286251.618265167,1.0,0.0,
19438.0,1257032.30576399,200659.454785526,1.0,0.0,
19441.0,1250405.5526052,244780.341934696,3.0,52778.51457957995,10.873859466038311
19442.0,1255631.88233855,205962.682374954,1.0,0.0,
19443.0,1257468.07094844,259233.252669498,3.0,1419.9194221726395,7.258355404036405
19444.0,1270389.26980966,268748.691655248,3.0,79816.14692407848,11.287481105376434
19445.0,1266461.04209363,286595.916121513,1.0,0.0,
19446.0,1262919.63223401,170552.776162684,1.0,0.0,
19447.0,1274613.71678999,243681.038381577,3.0,1067450.9791547635,13.880784101864009
19448.0,1279943.35865144,205719.617222697,1.0,0.0,
19449.0,1265815.88689297,258912.773949176,1.0,0.0,
19450.0,1262880.58538598,170732.134690866,1.0,0.0,
19451.0,1262629.20170571,170742.319074884,3.0,243951.7238567405,12.404725631653697
19452.0,1260447.92752749,238999.04048878,4.0,488885.982262201,13.099884576161825
19453.0,1279050.17445853,211035.791628137,2.0,46591.99999999999,10.749184131556358
19454.0,1262681.99716178,206291.444487289,1.0,0.0,
19455.0,1271572.42923488,231609.656353205,4.0,1187377.1174904103,13.987257329528433
19456.0,1272938.87365228,233683.561315328,1.0,0.0,
19457.0,1265911.65380508,207751.874312788,1.0,0.0,
19458.0,1257759.23242073,286641.409113571,1.0,0.0,
19459.0,1277967.81567343,246972.062256947,3.0,24895.406256656643,10.122438577748381
19460.0,1287134.81773081,191798.630328447,3.0,48834.18534571291,10.79618586597143
19461.0,1287116.04870678,191169.720823795,1.0,0.0,
19462.0,1268618.51025584,279129.198417872,2.0,21219.264795354848,9.962664764789007
19463.0,1268442.39940767,278756.367825493,3.0,66016.86624083966,11.097665537465083
19464.0,1288966.34195669,203767.301892698,3.0,279493.0,12.540732526540948
19465.0,1252055.70543888,213717.052686885,2.0,46591.99999999999,10.749184131556358
19466.0,1252040.00764687,213371.21742253,1.0,0.0,
19468.0,1269719.36728097,221838.898967206,4.0,989806.4020570336,13.805264649509954
19469.0,1269786.30776104,221848.641751215,4.0,343808.6401232348,12.747840502863603
19470.0,1274487.11397386,195853.96799659697,3.0,240074.675026267,12.388705299871047
19471.0,1251725.13455854,213249.860686406,5.0,164206.96790384877,12.008882910568126
19472.0,1252042.25436687,212891.937870041,1.0,0.0,
19473.0,1269798.20017706,222496.167639881,4.0,365837.6990370557,12.809945068778633
19474.0,1270156.79947342,222488.529559866,4.0,234022.7528115053,12.363173623850098
19475.0,1262417.7766175,212888.447694048,4.0,93183.66666666664,11.44232773495789
19476.0,1262346.58743343,212918.871502072,1.0,0.0,
19477.0,1269528.97464079,223392.178968802,4.0,236293.8735111325,12.372831536098026
19478.0,1270779.03973006,221569.003862932,1.0,0.0,
19479.0,1262380.01648946,212937.710094094,1.0,0.0,
19480.0,1251086.7073579,242591.92305246,4.0,1171557.4273919004,13.973844556122808
19481.0,1262648.20394574,212877.140302032,3.0,97666.8793068005,11.48931777653146
19482.0,1264248.84605937,212182.591501325,3.0,111879.005379686,11.625173257212793
19483.0,1262627.59274572,212431.565069571,4.0,178633.20197122364,12.093089831441677
19484.0,1250757.40130956,245042.635694966,4.0,2025743.9298478323,14.521447563822287
19485.0,1250769.75593357,245192.687919125,3.0,46592.0,10.749184131556358
19486.0,1269725.60446498,222191.765079573,3.0,684367.0982705072,13.43624974601424
19487.0,1269788.13060905,222190.395287573,4.0,329017.2056669692,12.703865325240164
19488.0,1270150.06622542,222182.419287562,4.0,234910.17926394023,12.366958504165055
19489.0,1269688.50385694,223110.647064507,4.0,244897.88988205415,12.408596626659996
19490.0,1269489.12203275,223368.967768773,3.0,330071.2590718435,12.707063846713059
19491.0,1270142.79889742,221849.42587921,4.0,283709.72115809034,12.55570688583587
19492.0,1269799.57156906,222802.070616186,4.0,510204.927312284,13.14256774225255
19493.0,1270163.60952143,222794.477080181,4.0,522136.2374968448,13.165683824185718
19494.0,1272135.88414745,233491.470179141,1.0,0.0,
19495.0,1262352.96471344,212453.302221596,2.0,42104.02069319947,10.647898518511726
19496.0,1250660.46249346,245010.723374933,4.0,53734.64206867408,10.891813176206714
19497.0,1250432.04271723,245010.93431893,3.0,97421.78443113613,11.48680512407983
19498.0,1270372.13073765,221844.43010321297,3.0,362626.5356111886,12.80112875612329
19499.0,1270464.82808174,221842.409815207,3.0,279187.7543014536,12.539639788956665
19500.0,1250776.94818959,245302.682415232,1.0,0.0,
19501.0,1288919.34432463,204057.210116997,3.0,93172.0,11.442202526351245
19502.0,1291437.93472722,204961.441605926,3.0,93172.0,11.442202526351245
19503.0,1269345.23518459,223187.430360585,2.0,16928.497677598058,9.736753733894936
19504.0,1269181.70795242,223586.263576999,2.0,13832.103549745409,9.534747513580434
19505.0,1269793.3389290597,221193.78050254303,7.0,1709490.4466256883,14.351705899643239
19507.0,1288720.72166844,203355.410372272,1.0,0.0,
19508.0,1278601.13330607,245345.15511927,3.0,92638.49915973446,11.436460091895519
19509.0,1267616.98238282,241677.540715516,1.0,0.0,
19510.0,1275016.8353824,219293.791188598,2.0,642561.5442410903,13.373217879866154
19511.0,1272694.43582802,223045.019288436,2.0,1808833.8726147136,14.408192926337737
19513.0,1267784.47287899,280079.868114844,3.0,339294.808417882,12.73462464979432
19514.0,1282076.83730963,194164.063866869,3.0,438313.6746228304,12.990690085150948
19515.0,1274870.52101426,219792.434581116,3.0,1168159.9361369554,13.970940364620136
19516.0,1284470.74297608,195244.95609197,3.0,149273.99528328446,11.913538790749664
19518.0,1250746.65884554,243244.129773125,4.0,1574634.1199600536,14.269533498467666
19519.0,1265887.47537306,217812.739347085,1.0,0.0,
19520.0,1288567.54515627,186749.424499273,1.0,0.0,
19521.0,1265824.95351699,211945.442061082,6.0,1075452.9151913018,13.888252447272068
19522.0,1271019.87288231,219646.501460955,2.0,236568.63629834945,12.373993661715685
19525.0,1289129.78189285,248876.122802898,1.0,0.0,
19526.0,1288631.14771634,249440.682035476,2.0,46592.0,10.749184131556358
19527.0,1270556.08088183,215075.04603228,2.0,503899.1715460172,13.130131470583228
19530.0,1278580.45324205,211696.593164816,3.0,430340.72283942887,12.972332552599829
19531.0,1278587.13010606,211187.640396297,3.0,344426.9053419752,12.749637170847778
19532.0,1259132.47773413,256430.809786633,1.0,0.0,
19533.0,1280174.09772368,203322.437316239,1.0,0.0,
19534.0,1280173.41561168,203301.84973222003,3.0,54716.7492299438,10.909925143184228
19535.0,1260837.68720788,211914.643213049,2.0,4.0,1.3862943611198906
19536.0,1271406.69854671,218910.082964212,4.0,871807.1054891049,13.678323469119245
19537.0,1270414.02993768,266090.359684527,1.0,0.0,
19538.0,1278107.19077757,247853.200945839,2.0,283007.3196961778,12.553228040941695
19539.0,1263189.23505029,241808.972203657,3.0,53874.05628337799,10.894404310470781
19540.0,1260271.90359131,202307.344195202,2.0,84883.97154083385,11.349040562259619
19541.0,1260340.86967137,201924.60909082004,2.0,56274.782465956414,10.9380018002136
19542.0,1259142.62896615,217657.559890926,2.0,819928.4619198897,13.61697237387356
19543.0,1259121.79498212,217585.110226855,2.0,775146.6884914791,13.560807565898019
19544.0,1278574.15013805,211075.233164191,2.0,169250.80240804172,12.039136931726603
19545.0,1259055.26595806,217404.541714668,2.0,731485.0152718525,13.502832014299964
19546.0,1258769.51946177,217618.729234889,2.0,46592.0,10.749184131556358
19547.0,1258765.59062976,217605.44289887,1.0,0.0,
19553.0,1286551.06457821,169096.495905191,3.0,1240971.359975026,14.031404985737543
19554.0,1286659.87801832,169575.32860969,3.0,1105125.956759246,13.915469874455267
19555.0,1286892.64921856,170681.287074819,3.0,20703.02216202949,9.93803496676244
19556.0,1279589.17957908,194681.259707391,2.0,95996.1517219697,11.472063383417016
19557.0,1279592.47813909,194474.68530719,3.0,86469.16322316445,11.367543134830798
19558.0,1258210.06582919,217176.524434432,2.0,46592.0,10.749184131556358
19559.0,1271425.09617873,221573.334550932,3.0,417427.3821327917,12.941865873133322
19560.0,1259274.91280629,256894.86463511,2.0,38882.58876050699,10.568301839704176
19561.0,1252212.01519905,211993.05447712503,3.0,264887.0856579652,12.487058922308695
19562.0,1252206.46895905,211799.208076924,1.0,0.0,
19563.0,1254249.40937713,209207.630282268,1.0,0.0,
19564.0,1254267.76534516,209795.348234877,2.0,111984.0171891618,11.626111436425896
19565.0,1259550.72554256,234862.79677254,1.0,0.0,
19566.0,1271293.74865858,231614.582177222,1.0,0.0,
19567.0,1260772.67786382,211917.399117053,4.0,199640.80579203425,12.204275059800777
19568.0,1262780.36541787,190109.074614719,1.0,0.0,
19569.0,1262724.27466582,243360.388397247,2.0,46592.0,10.749184131556358
19570.0,1271335.12158664,227723.942621231,4.0,322240.01998111047,12.683051950519255
19571.0,1278717.43884219,211052.889356166,3.0,93182.0,11.442309848973883
19572.0,1278730.2721862,210771.541195869,1.0,0.0,
19573.0,1262701.3580578,243220.110445097,1.0,0.0,
19574.0,1261162.36176822,285437.558872327,1.0,0.0,
19575.0,1264123.85943525,248474.999538481,1.0,0.0,
19576.0,1267286.41188648,241263.416235104,4.0,1820705.552480831,14.41473465012811
19577.0,1267293.87607849,241780.191083625,4.0,1086907.8526648786,13.89884739035256
19578.0,1252429.82710327,214472.791631669,4.0,1805430.4386980424,14.406309591512443
19581.0,1260760.74448781,283172.580438018,4.0,1010736.4586244228,13.826189790059251
19582.0,1271088.70117038,275698.423438355,3.0,285264.42856545025,12.561171848620198
19583.0,1278726.6025542,211029.85857214,1.0,0.0,
19584.0,1264393.61943552,248505.213746518,1.0,0.0,
19585.0,1260648.59050369,211921.481165051,1.0,0.0,
19587.0,1287271.67078695,187448.054387987,1.0,0.0,
19588.0,1287221.1341469,187448.824051991,1.0,0.0,
19589.0,1272215.44529954,274013.015116632,3.0,1786853.2495588036,14.395966669649578
19590.0,1268057.31159927,274155.755276784,3.0,161889.14235512103,11.994667073520123
19591.0,1273757.20830911,280247.772307023,3.0,444110.7166023146,13.00382917204582
19592.0,1274134.9873815,281939.641300753,3.0,217328.3706191656,12.289164717405576
19593.0,1267837.41636705,274213.347020835,3.0,416645.51929162006,12.93999106562225
19594.0,1280605.19231613,231376.63843298,2.0,83263.56974622724,11.329766394514323
19595.0,1270313.1652975802,222178.879575551,3.0,54336.368101953296,10.902949044198154
19597.0,1266406.90084559,238528.797352299,1.0,0.0,
19602.0,1272686.71602002,181111.592941508,3.0,65765.71100677918,11.093853872169294
19603.0,1261510.20100057,242038.004907891,4.0,117321.01050643391,11.672669136303815
19604.0,1259276.19459829,256975.364795193,3.0,47051.52113995394,10.758998474776863
19605.0,1259226.09040622,256976.149883181,1.0,0.0,
19606.0,1276186.0551596,177123.439209417,3.0,208047.05805835457,12.245519573760062
19609.0,1281433.95673297,223834.61672924497,3.0,524604.0826192544,13.170399128731663
19610.0,1261327.03760839,241837.70314768,3.0,11837.496376378924,9.379027431380575
19611.0,1261396.66218445,241913.842091769,2.0,6454.293545230416,8.772500854259723
19612.0,1272806.00875613,237754.838247508,4.0,112556.63702846805,11.631211814196133
19613.0,1286854.49869052,203805.139780745,1.0,0.0,
19614.0,1280398.88530791,210522.495755613,1.0,0.0,
19615.0,1251147.76860596,244080.320045978,1.0,0.0,
19616.0,1251397.54275021,244781.456750706,5.0,223966.12009151196,12.319250069806339
19617.0,1281336.03602888,223019.691544414,1.0,0.0,
19618.0,1267355.25982256,189776.638262376,1.0,0.0,
19619.0,1251377.21372619,244724.766894639,1.0,0.0,
19620.0,1276487.46955991,208175.015881211,1.0,0.0,
19621.0,1265839.138541,236826.49463056,2.0,11721.461442011792,9.36917675177444
19622.0,1266061.47140522,236821.827366546,2.0,15804.837431360576,9.668071338697455
19623.0,1281661.9342692,222869.87426425505,3.0,1322455.605453784,14.095000873496168
19624.0,1281425.75532496,223290.756312698,1.0,0.0,
19625.0,1280053.86994755,203329.098372251,1.0,0.0,
19626.0,1270186.53796946,170643.85533078,3.0,186350.0,12.135381904907405
19627.0,1270179.93956944,170374.241698503,3.0,93182.0,11.442309848973883
19628.0,1269501.02852875,218981.991316274,4.0,264583.26887911727,12.485911296914413
19629.0,1269241.4276324797,229103.523550645,3.0,9775.764128111276,9.187661553472108
19630.0,1285806.28102545,174586.67357482,3.0,408432.9142623947,12.920082955224002
19633.0,1258450.90358944,244294.903918207,3.0,162408.92986079602,11.997872692025556
19634.0,1286462.30989012,181419.088045821,2.0,46592.0,10.749184131556358
19635.0,1286997.05421066,180577.719980955,1.0,0.0,
19636.0,1269313.20145656,219107.609492406,5.0,385357.27374983614,12.861926166724988
19637.0,1255121.47395402,258996.978877261,1.0,0.0,
19638.0,1267512.73131071,269802.739720315,2.0,91343.40570842531,11.422381372100652
19639.0,1283387.06470297,232441.658914059,2.0,838.0463092037653,6.73107336053489
19641.0,1293080.9655769,189084.71250166,1.0,0.0,
19642.0,1293061.58112888,189082.71877366296,3.0,206350.9162223027,12.237333475308029
19643.0,1293052.45447287,189046.212277621,4.0,132894.9501730246,11.797314246786232
19644.0,1275398.43864679,219027.58965233,3.0,46654.33131313132,10.750521048977934
19645.0,1275413.33259881,218869.511188164,1.0,0.0,
19646.0,1269511.95172876,218191.381651476,2.0,13318.39619665735,9.496901531188682
19648.0,1256189.22870712,247533.442417517,4.0,1944833.6705778928,14.480687014965552
19651.0,1269796.20670505,221490.895702854,3.0,176474.42650120662,12.08093125251314
19652.0,1269980.57214524,221188.65288654,3.0,114383.1216374714,11.647308808909022
19658.0,1283132.53798272,231875.431073487,2.0,5068.8208923254015,8.53086350392136
19659.0,1281479.30079702,222846.252248242,1.0,0.0,
19660.0,1269731.10648099,222497.524631888,3.0,564537.155577802,13.243761480738478
19662.0,1293261.29888909,189235.845749825,2.0,230221.5645659451,12.346797448406107
19663.0,1293484.00218531,189038.620725617,2.0,212678.7264324243,12.267537979413513
19664.0,1276558.56427997,179349.6548917,3.0,134048.30141160745,11.805955472279143
19671.0,1269732.15825699,222802.344216198,3.0,486114.781295957,13.094200050503671
19672.0,1266167.76151735,236819.510438547,3.0,97264.424164122,11.485188570935998
19673.0,1278782.84850626,234501.917924166,2.0,198030.89461094097,12.19617833089332
19674.0,1278879.21970636,234458.857636124,2.0,240389.4097524088,12.390015428062233
19675.0,1273483.78398883,191381.593720019,3.0,693242.5061797573,13.449135153725777
19676.0,1273249.33726859,191338.087927967,3.0,186350.0,12.135381904907405
19677.0,1273159.0979725,191171.584631801,3.0,93182.0,11.442309848973883
19678.0,1286297.31936195,174714.128358945,1.0,0.0,
19679.0,1273570.49381292,190326.958390936,4.0,86183.84788695816,11.364238059592406
19680.0,1272654.73022798,191178.798519805,1.0,0.0,
19681.0,1272797.08158813,191331.427191973,1.0,0.0,
19682.0,1276801.72844023,219296.805268601,1.0,0.0,
19683.0,1273584.55640493,190645.115255266,4.0,260312.71501784225,12.469638937341871
19684.0,1273597.57707694,190964.906935588,3.0,377390.3239944344,12.841035272993409
19687.0,1261466.20989652,233246.037538886,1.0,0.0,
19688.0,1262339.88861743,264961.941955358,1.0,0.0,
19691.0,1282000.96870156,224159.698137581,2.0,54616.71567188729,10.908095262716074
19692.0,1250644.68399744,245035.302702963,1.0,0.0,
19693.0,1286353.97907402,189109.972597688,1.0,0.0,
19694.0,1286672.92921834,189192.147957772,3.0,1817163.1017752015,14.412787107672903
19695.0,1286360.89766602,188887.705013469,1.0,0.0,
19696.0,1284175.51852778,189048.97080563,1.0,0.0,
19697.0,1266168.71198134,236838.26167056,1.0,0.0,
19699.0,1286945.97753862,189202.074485779,1.0,0.0,
19703.0,1275213.22245461,176468.175720751,1.0,0.0,
19704.0,1265088.81194824,233776.268771425,3.0,61253.90771648699,11.022782925824723
19705.0,1270816.41035409,215059.351504266,1.0,0.0,
19706.0,1271047.77835433,215054.754064262,3.0,47933.13856861141,10.777562372350953
19707.0,1270238.0821615,215049.332176253,2.0,46591.99999999999,10.749184131556358
19708.0,1277821.61880927,255596.23858577,3.0,46600.0,10.749355820113736
19709.0,1277824.06104928,255706.754105881,3.0,93182.0,11.442309848973883
19710.0,1252978.04220784,245991.140015945,1.0,0.0,
19711.0,1284625.75609624,208427.285385475,2.0,3686.232918495568,8.212360326275567
19712.0,1284623.60716824,208277.259401321,2.0,26621.811738896165,10.189486148945576
19713.0,1277842.25164129,255833.280442014,3.0,186334.0,12.135296041280258
19714.0,1270398.59889767,170638.743522778,1.0,0.0,
19715.0,1270542.53886582,215100.045968309,2.0,129099.956355579,11.768342238767898
19716.0,1265387.74308454,187647.94994019,1.0,0.0,
19717.0,1281370.47852491,189433.893238023,2.0,602489.4492443354,13.308825432565957
19718.0,1284477.17145608,208242.112841278,3.0,101873.1415360835,11.531483607786175
19719.0,1279371.17509887,190614.289847225,2.0,447595.7225621589,13.011645698989435
19720.0,1284623.11142424,208240.24602527905,3.0,71521.26010629997,11.177750028628147
19721.0,1273234.43902858,222547.357847929,1.0,0.0,
19722.0,1251254.94031806,243371.148525253,5.0,198484.86121886852,12.198468110301084
19723.0,1251150.97167796,243774.703533664,1.0,0.0,
19724.0,1277963.60735342,255833.337850019,3.0,372632.0,12.828346616446327
19725.0,1277990.70079345,255925.488954112,3.0,512880.49168385984,13.147798137333
19726.0,1284480.0536321,208258.234185293,1.0,0.0,
19727.0,1270247.09227352,215046.929616258,1.0,0.0,
19728.0,1275830.74712723,177119.485801414,3.0,297391.0930411724,12.602803363135262
19729.0,1251205.33871801,243420.079213306,1.0,0.0,
19730.0,1277942.9965374,255467.795641646,2.0,93162.0,11.442095192209225
19731.0,1270238.80356951,215104.89736031,2.0,138375.93943777416,11.837729459059432
19732.0,1277828.84191328,255469.533497646,2.0,46586.0,10.7490553457913
19733.0,1265645.9817408,191760.496184409,2.0,144716.18301768365,11.882529744774445
19734.0,1266162.96465333,242475.961388335,3.0,100674.49244034472,11.519647744140963
19735.0,1277824.68901728,255588.142521769,1.0,0.0,
19736.0,1270240.03192151,215141.752592355,1.0,0.0,
19739.0,1263797.83255491,193448.128314137,3.0,4420.375675752472,8.393979965974049
19740.0,1275829.56504723,176932.758441225,1.0,0.0,
19741.0,1284929.45529655,189460.058230057,3.0,580174.6913429843,13.271084529144069
19742.0,1263704.98301882,193608.06924229895,3.0,36802.78146435666,10.513328704571313
19743.0,1280600.02073212,217659.004754931,1.0,0.0,
19744.0,1284997.70515262,189219.795573801,2.0,269900.4903035377,12.505808615616294
19745.0,1273075.52760442,178470.337066799,1.0,0.0,
19746.0,1272500.30795582,254750.357432902,3.0,1351461.9008655443,14.116697454042718
19747.0,1272302.85592362,255022.46578519,3.0,1324845.144066801,14.096806138169933
19748.0,1261296.84938435,257746.924283981,3.0,576681.3484221715,13.265045137173386
19749.0,1276392.52127181,179347.556139693,1.0,0.0,
19750.0,1285954.4768656,174582.942950815,1.0,0.0,
19751.0,1272643.88145997,242685.387436554,4.0,190486.54865389407,12.157336860315123
19752.0,1271448.29201874,255427.1926976,1.0,0.0,
19753.0,1285664.2081293,259316.405053586,3.0,210883.24712517732,12.259059928153725
19755.0,1263598.66461872,240390.156138197,1.0,0.0,
19756.0,1283731.29529533,177839.147050157,1.0,0.0,
19759.0,1271013.71480229,245543.282031476,1.0,0.0,
19760.0,1276189.8074156,177399.236521706,1.0,0.0,
19761.0,1262315.1724574,241034.466858864,4.0,36383.75264585456,10.501877598095275
19762.0,1261979.55076104,241179.286123008,4.0,259514.9915070407,12.466569750659456
19763.0,1262615.6941857,241028.986218855,3.0,18020.51586465481,9.799266158091909
19765.0,1261970.31786504,241045.910122871,4.0,158073.83265150286,11.97081749812335
19766.0,1256599.21046755,237162.446054891,3.0,4316.1149624605,8.370110962367237
19767.0,1263267.18532237,241016.062698841,4.0,463153.4854454112,13.045813780175635
19768.0,1262936.57802603,241024.507882848,4.0,286588.55488821707,12.565802859483277
19769.0,1285370.10272101,186657.450291187,5.0,358357.4173729888,12.789286139890672
19770.0,1278239.3256257,243611.851501495,3.0,93182.0,11.442309848973883
19771.0,1278005.42322546,244365.156078279,1.0,0.0,
19772.0,1279446.07193093,224681.88111411,3.0,238142.8906078126,12.380626153202316
19773.0,1263289.15281039,240520.29437834,2.0,182464.3971284681,12.114310348745708
19774.0,1261289.98288834,240326.588714138,5.0,253976.5211117172,12.444997105160109
19775.0,1261305.57540037,240867.297898695,3.0,49583.11612736104,10.81140565410552
19776.0,1261329.98871239,240661.618218482,1.0,0.0,
19777.0,1262787.36080988,241026.609962851,3.0,93022.5863941014,11.4405976071013
19778.0,1253401.18665627,248189.344306186,2.0,521.2671356935155,6.25626264680483
19779.0,1278451.76223391,230328.68451190004,3.0,54423.371876180645,10.904548970656307
19780.0,1280208.07404372,209304.258698374,4.0,100189.17869768255,11.514815464771686
19781.0,1278467.95512994,230327.210079893,1.0,0.0,
19782.0,1281399.19366093,229368.660510913,1.0,0.0,
19783.0,1281415.41215695,229370.33404691503,3.0,52070.58171818139,10.860355417943616
19784.0,1272862.35710819,210085.83226716504,3.0,67586.96927392652,11.121170481230008
19785.0,1281968.15711752,185129.84177762305,3.0,93237.00332355722,11.442899953246224
19786.0,1282331.83679789,185120.809009612,1.0,0.0,
19787.0,1281977.43954954,184661.790577143,4.0,378371.2222500316,12.843631062131546
19788.0,1281915.64537346,184596.451825067,4.0,1236383.2759405188,14.027700962733636
19789.0,1287014.64211468,196077.130620822,1.0,0.0,
19790.0,1254063.34249695,208636.936841682,3.0,22933.72578725241,10.04036384792314
19791.0,1280402.88959591,209274.230538338,3.0,80390.13781613248,11.294646783664765
19792.0,1260746.33770379,235775.668005481,2.0,22727.597246357214,10.031335202783788
19793.0,1277968.45023343,224574.953178003,1.0,0.0,
19794.0,1267494.2742867,279422.516434178,3.0,2469823.294234976,14.719657165249439
19795.0,1267390.03435059,279666.604818419,1.0,0.0,
19796.0,1279086.02969056,229860.803871423,2.0,2146.184395038732,7.671446844494052
19797.0,1270034.19544131,170375.61443451,1.0,0.0,
19798.0,1261139.40285619,234360.973028034,1.0,0.0,
19799.0,1261139.92151219,234439.246116102,3.0,53601.26068893574,10.88932786709826
19800.0,1278773.11589825,230281.49199985,2.0,28320.39082520842,10.25133734803759
19801.0,1264956.61860409,233670.725667328,1.0,0.0,
19802.0,1267663.40683088,197017.525373787,1.0,0.0,
19803.0,1261293.12068035,234024.549475685,2.0,1157.0309124791534,7.053612444623412
19804.0,1261290.77885635,234436.309476107,3.0,86398.11764302033,11.366721168015701
19805.0,1281968.63250951,185313.820785806,3.0,46646.90476190476,10.750361853847094
19806.0,1269471.79102473,227190.506716684,1.0,0.0,
19807.0,1270472.11281775,222175.432087556,4.0,101376.69980318588,11.526598558756163
19808.0,1282298.47039786,184326.099952787,1.0,0.0,
19809.0,1264778.76695591,245010.892334938,4.0,325917.39291279326,12.694399232265633
19810.0,1276283.0917037,205360.210438326,2.0,784883.4562556864,13.573290522374217
19811.0,1254326.96336122,208628.741321683,2.0,46180.38573926392,10.740310435824313
19812.0,1270364.72952163,230470.93187204,1.0,0.0,
19813.0,1281981.69318153,185751.978674248,1.0,0.0,
19814.0,1253363.11324823,248269.880562276,2.0,20486.414113718736,9.927517219266383
19815.0,1253332.42569619,248352.330866352,2.0,66559.14697802525,11.10584625957801
19816.0,1281125.93830065,229084.634142622,1.0,0.0,
19817.0,1281883.11724544,184565.259953037,3.0,571915.3087025853,13.256746197690951
19818.0,1278915.75506639,230082.342111647,1.0,0.0,
19819.0,1253460.43952033,248488.013298497,1.0,0.0,
19820.0,1257696.12067667,257759.268411994,3.0,77783.13920424455,11.26167996693958
19821.0,1270414.86033769,170369.572130501,1.0,0.0,
19822.0,1253457.24956833,248485.504498497,1.0,0.0,
19823.0,1273238.01938058,221944.618903309,3.0,1698340.538189564,14.345162178271705
19828.0,1266946.05463813,212130.093581259,4.0,1388571.336983055,14.143785961422601
19830.0,1264803.72881195,278423.232337147,2.0,415296.0645264034,12.936746953355316
19831.0,1262440.67223352,201761.802306652,2.0,40006.52209828983,10.596797772261713
19832.0,1262488.96676157,201363.297218233,2.0,12085.510014307538,9.399762494506716
19833.0,1261796.71812086,195400.25234814,1.0,0.0,
19834.0,1297831.96660577,179789.800300151,4.0,151738.3684325623,11.929913056445715
19835.0,1297841.34810977,180260.210476637,3.0,99558.89142315948,11.508504621658181
19841.0,1296858.00922877,182162.924526572,4.0,512354.0,13.14677107136046
19842.0,1296833.19956474,182171.43038258,1.0,0.0,
19845.0,1296845.20378876,181592.879085988,3.0,279496.0,12.540743260204758
19852.0,1296607.09338851,182168.637102589,3.0,93182.0,11.442309848973883
19853.0,1295726.67911561,182188.7246546,3.0,732112.8756998245,13.503689982831293
19854.0,1296023.20481192,181850.405806258,1.0,0.0,
19856.0,1296833.10734074,181224.154733613,3.0,93176.0,11.442245456782487
19857.0,1296186.50561208,179871.624620229,3.0,93182.0,11.442309848973883
19858.0,1296404.98452431,180782.53092517,1.0,0.0,
19859.0,1295687.42132357,180186.654508561,2.0,139764.0,11.847710564890653
19860.0,1296728.93991664,179863.846444219,1.0,0.0,
19862.0,1296491.55783638,181428.44798182,3.0,46596.0,10.749269979519667
19863.0,1296387.13972428,181846.370990247,3.0,93176.0,11.442245456782487
19864.0,1296197.9173881,180595.88759698,3.0,93182.0,11.442309848973883
19865.0,1296216.05806011,180731.90474911,1.0,0.0,
19866.0,1295700.09780358,180614.652972996,3.0,282480.26651275606,12.551363974076605
19867.0,1295697.70541959,180533.884780914,3.0,513460.216538221,13.148927830253433
19868.0,1295714.2135796,181091.20484547305,3.0,53192.40896942552,10.881670976604124
19869.0,1296076.71028396,180601.004396975,2.0,139764.0,11.847710564890653
19870.0,1296259.71348415,180351.750316724,1.0,0.0,
19871.0,1295717.1555316,181190.532781586,3.0,1693579.239700494,14.342354740638676
19872.0,1296422.14164431,181329.378605723,1.0,0.0,
19873.0,1297704.66798164,178145.825258464,3.0,1067690.8279459886,13.881008769650887
19875.0,1273876.52005324,198864.867839679,1.0,0.0,
19876.0,1297924.06119786,178202.912426516,1.0,0.0,
19877.0,1297573.1367175,179860.270316213,3.0,1956914.8248962744,14.486879722128172
19878.0,1297370.85658929,179845.402604207,2.0,93180.0,11.442288385370787
19879.0,1296054.40877995,181081.698989466,1.0,0.0,
19882.0,1297095.35521302,181158.592557549,3.0,1348373.8659827765,14.114409880652273
19883.0,1297366.06298928,181156.477677554,4.0,750189.8478127691,13.52808158389742
19884.0,1297630.42567755,181145.903277531,5.0,143299.3375700114,11.872690991125966
19885.0,1297678.4573576,182356.869358778,1.0,0.0,
19898.0,1261798.95824887,195439.018364176,1.0,0.0,
19905.0,1270737.41707402,231770.313505381,3.0,106957.95436082524,11.580191086320172
19909.0,1297851.87470178,180822.259245202,4.0,137212.73189062584,11.829287788005082
19911.0,1297865.1801098,181135.328813523,2.0,37859.90414575698,10.541647892952316
19914.0,1297365.80577329,181639.730030045,3.0,96528.32926041202,11.47759181170999
19916.0,1296866.65882878,179859.657772213,2.0,46592.0,10.749184131556358
19917.0,1297073.30670099,180163.774956524,3.0,741594.9126105263,13.516558433192085
19918.0,1297474.7147014,181908.105134323,1.0,0.0,
19919.0,1297249.81550117,181873.943150282,3.0,50482.37790739312,10.829379602036571
19923.0,1262102.49277718,212187.501581326,3.0,1514513.5518837676,14.23060485750036
19931.0,1263803.00740291,212382.453005522,3.0,362031.5375577326,12.79948660733838
19932.0,1263743.23914686,212247.17402938,5.0,534843.7307057299,13.189729891072103
19935.0,1279422.79013892,177640.457513943,3.0,122900.92734305198,11.719133841034626
19936.0,1297341.94887726,180170.663084537,3.0,1579432.344072498,14.272576064544618
19939.0,1297957.69306989,179232.66071558,4.0,781132.4002544306,13.568499941027993
19943.0,1273302.95493264,191165.923895791,1.0,0.0,
19944.0,1284540.24582416,170189.780834317,1.0,0.0,
19945.0,1284507.59622411,169753.493601874,3.0,224703.0641933308,12.32253509489989
19946.0,1279300.20377079,203352.59405227,1.0,0.0,
19947.0,1261931.955369,207123.769288138,1.0,0.0,
19949.0,1265441.8725566,286753.314393684,1.0,0.0,
19950.0,1265655.06833282,280616.555347398,1.0,0.0,
19952.0,1279006.03999448,244319.283438221,4.0,751493.0320790099,13.529817216114894
19953.0,1279142.39173862,244437.565038353,3.0,629673.7494154859,13.352957106162258
19955.0,1279422.14188291,244580.679598495,3.0,307333.6795465188,12.635689340377098
19956.0,1278718.30367419,243825.718509719,3.0,948910.4804500116,13.763069742742264
19957.0,1269817.63774508,205487.186566457,4.0,64238.76907445428,11.070362187080498
19958.0,1257631.6148846,237600.74570334,3.0,2186728.1185025726,14.59791697483102
19960.0,1263246.68407434,201115.99782598,1.0,0.0,
19961.0,1263240.35037833,201105.633345976,2.0,46592.0,10.749184131556358
19962.0,1280410.62380393,198356.699519157,2.0,56890.20392849519,10.948878442348835
19963.0,1262646.95626573,200422.26400128,3.0,142438.8040033949,11.866667740862464
19964.0,1263171.99684227,200916.833537787,3.0,100771.96956134868,11.520615516199538
19965.0,1269806.67320107,204931.878021896,4.0,150012.23731880207,11.918472151876099
19966.0,1269828.46289709,206033.648455024,3.0,74455.35009001085,11.217954897048182
19967.0,1269822.98584108,205757.152902737,4.0,153825.90942686927,11.943576783678777
19968.0,1259102.0561661,242391.338476256,2.0,23925.41514983312,10.082696568305744
19969.0,1258960.19459796,242479.265516341,3.0,8221.349822412705,9.014489686541264
19970.0,1269812.71032107,205226.952198192,4.0,70641.54326460813,11.165373681933428
19971.0,1262276.09284136,201010.628929883,1.0,0.0,
19972.0,1262260.71588133,200432.537601292,2.0,46591.99999999999,10.749184131556358
19973.0,1290144.6158139,190050.281782657,1.0,0.0,
19974.0,1262270.03248934,201056.487105921,1.0,0.0,
19975.0,1269541.8413928,205234.438406199,2.0,7036.181567793275,8.858820911066458
19976.0,1256077.34928301,242852.773932725,1.0,0.0,
19977.0,1274439.65413381,283255.28271009,1.0,0.0,
19978.0,1263946.04778707,229261.236510813,1.0,0.0,
19979.0,1276401.49240781,242400.062892258,3.0,345769.4971042792,12.75352763869424
19980.0,1276162.20216757,242505.16177237,3.0,1044824.960029691,13.859359926987029
19983.0,1261124.44816817,232947.640226588,1.0,0.0,
19984.0,1261075.04733613,232999.580066636,1.0,0.0,
19985.0,1286923.70201859,247662.809585646,1.0,0.0,
19986.0,1259994.29322302,234280.147043943,1.0,0.0,
19988.0,1265139.96337229,228070.243101582,1.0,0.0,
19989.0,1276835.38520826,241344.084715173,2.0,3903.5126940515943,8.26963211752165
19990.0,1276396.54194382,242060.128235906,2.0,30878.36264004744,10.337810979418402
19991.0,1277777.87973723,241077.243050903,3.0,605752.3583811965,13.314226531995496
19992.0,1277991.36453745,241459.794795305,4.0,64863.77935857912,11.080044647645348
19993.0,1260104.12835912,240397.257514209,2.0,226586.86386008523,12.330883655287057
19994.0,1264788.20855592,245010.926126927,1.0,0.0,
19995.0,1251688.79708651,213197.451982364,1.0,0.0,
19997.0,1276947.58514437,241321.117867157,3.0,66289.19967580073,11.10178226208669
19998.0,1283870.36524747,258845.931581095,1.0,0.0,
19999.0,1283874.25990348,259137.759421393,2.0,46592.0,10.749184131556358
20000.0,1275099.50808649,180972.212333351,3.0,12932.734905249215,9.467516965660066
20001.0,1275942.08223134,180507.090860888,3.0,92514.11085549174,11.435116461655081
20002.0,1275844.32485525,179494.63652384296,3.0,27853.597131796683,10.234717397941148
20003.0,1275849.23922326,179432.30890777698,3.0,76414.505578901,11.243927820730981
20004.0,1275861.70213526,179750.047468111,3.0,6287.511658271452,8.746320668604518
20005.0,1275871.73067927,179097.537899435,3.0,493631.9190281391,13.109545415260813
20006.0,1259979.47139901,234296.29795596,1.0,0.0,
20008.0,1271091.37963438,209551.333962619,2.0,328104.5060873422,12.70108745273889
20009.0,1265863.12074903,272493.209419072,3.0,1019521.1838205009,13.834843647417852
20010.0,1277063.34898449,240778.753834605,3.0,1635819.984444653,14.307654756132614
20011.0,1277981.09484144,240958.254122779,3.0,1841505.907265812,14.426094222717563
20012.0,1271084.41771437,208946.324681997,2.0,294109.3127497642,12.591706789289866
20013.0,1278397.11404186,242376.733228236,3.0,1805626.23927146,14.406418036541735
20016.0,1265381.10596453,284105.81512697,1.0,0.0,
20017.0,1261885.94890496,204440.60800539,1.0,0.0,
20018.0,1264192.06666732,168737.008800834,3.0,4822.180846704877,8.480981562539059
20019.0,1263884.94724301,168742.179040834,4.0,455563.9566434396,13.029291395580705
20023.0,1269181.27064042,169135.136289239,3.0,1148227.9844075865,13.953730428834266
20024.0,1269157.4458724,167860.64079994,2.0,862496.326018062,13.667586168189375
20025.0,1273399.15486874,222263.255703643,1.0,0.0,
20027.0,1280336.70725985,171073.367267221,3.0,1607610.1549457477,14.290259258373352
20028.0,1265530.84945269,168715.801824808,1.0,0.0,
20029.0,1265187.13194834,168721.682336807,3.0,239245.83088441365,12.385246883392893
20030.0,1262266.30250534,178254.36701858,4.0,139770.0,11.847753493478953
20032.0,1278904.09004238,179767.78199613103,3.0,112396.4574860724,11.62978769891723
20034.0,1279368.86476286,177769.525482073,4.0,222000.8357049031,12.310436425283832
20037.0,1297023.47642894,180028.866476387,1.0,0.0,
20038.0,1297572.7059335,180174.107308537,3.0,1773838.9721232397,14.38865666666252
20039.0,1258550.78890154,207836.175688863,4.0,298122.63355152425,12.605260202820574
20040.0,1262185.35216926,235255.133284941,2.0,6852.021161469634,8.832298947803169
20041.0,1265775.00676493,232765.581858397,4.0,493293.57564082544,13.1088597639074
20042.0,1266096.42340526,232755.16419439,4.0,44995.86313341886,10.714325834158132
20043.0,1265452.95786861,232776.019810408,4.0,1058603.5283805355,13.872461171463511
20044.0,1260998.76004004,238429.883496195,2.0,16906.50636681152,9.735453818939739
20045.0,1262121.0134172,233546.121955201,2.0,74769.54882529663,11.222165979808263
20046.0,1260965.93597601,237062.139174789,3.0,47336.187652441455,10.765030348613534
20047.0,1260969.34672801,237497.237415239,4.0,23583.232696259125,10.068291259531836
20048.0,1260425.92656747,237744.092199489,3.0,550120.964645548,13.217893468745517
20049.0,1258507.9211895,207837.282632872,4.0,343264.1463223564,12.746255535664767
20050.0,1267061.94743825,233993.623331651,2.0,46591.99999999999,10.749184131556358
20051.0,1266739.78596592,232747.699298382,4.0,173447.73774805112,12.063631609638012
20053.0,1264793.53463593,232179.008545801,4.0,810824.5578887326,13.605806981567913
20054.0,1260721.19338377,237501.588455245,4.0,65123.32098431672,11.084037997292484
20055.0,1256347.17392328,239234.735209018,1.0,0.0,
20056.0,1290228.38010198,189471.086070061,2.0,495.4984600457183,6.205564245885735
20058.0,1281619.40454116,221012.51119035497,3.0,28338.806860222678,10.25198741144883
20059.0,1260631.51869567,235880.266213581,2.0,66903.44411306131,11.111005726301824
20060.0,1251317.90313414,212304.298957437,2.0,242.89508127883303,5.492629585818873
20061.0,1290303.34189406,189382.492405966,2.0,1438.4340448965984,7.271310332024995
20062.0,1260542.68125558,237506.376487255,4.0,504589.7820286856,13.131501065338181
20063.0,1288816.51187654,191190.85266383,3.0,424789.2108854553,12.95934835048341
20065.0,1289189.95629291,190698.67416732,3.0,42258.69398547911,10.651565386420828
20066.0,1283359.76262294,232200.45596981,2.0,83461.83711790542,11.332144765859974
20069.0,1283001.11078258,231784.23273739204,3.0,51349.8325806373,10.84641695499379
20070.0,1262922.52823402,253527.616439655,3.0,24136.54326670935,10.09148228914994
20071.0,1289215.80832493,190718.659383342,2.0,6336.481706997971,8.754078957592673
20072.0,1289280.269765,190592.042807207,2.0,9056.627961939275,9.111252140125847
20073.0,1267312.54436651,237944.266343698,3.0,2651298.0359652224,14.790559902929889
20076.0,1251756.89308658,213876.245263055,3.0,226452.0750423376,12.330288612300016
20077.0,1264882.72542003,242753.157036617,2.0,119.91434969406052,4.786777735389929
20078.0,1260184.80567122,242449.965676308,2.0,153254.84049825705,11.939857438932641
20079.0,1264757.6206519,242334.585004196,3.0,95697.58393694246,11.468948330904407
20080.0,1260183.89949521,242368.396268234,3.0,213411.97554771852,12.270979734118347
20081.0,1260183.87850322,242393.923500255,2.0,170372.63540389424,12.045743290128607
20082.0,1260426.02237546,205795.983558774,1.0,0.0,
20088.0,1278764.04242624,180536.990444914,3.0,441978.3047755807,12.999016075637023
20089.0,1294361.78682621,179934.765932292,3.0,1876019.093329011,14.444662586177225
20090.0,1295678.29473156,179878.53994824,3.0,1421575.3211513169,14.167276195761453
20094.0,1297128.19866905,182082.64971049095,3.0,1306498.8608170254,14.082861492007503
20095.0,1297634.70023756,181668.86052607,1.0,0.0,
20096.0,1296794.3318527,180222.325036585,1.0,0.0,
20097.0,1297614.18094154,180827.10961321,3.0,154135.99093052337,11.945590549719853
20098.0,1297631.85678156,182886.532015324,1.0,0.0,
20099.0,1297622.07002954,183117.724783555,2.0,46592.0,10.749184131556358
20102.0,1297592.64852552,179606.752107963,4.0,2058479.183520796,14.537478007690538
20103.0,1297201.85172512,179406.99959576098,3.0,1389709.8779180464,14.144605562399363
20106.0,1296593.19444449,182015.365422428,1.0,0.0,
20112.0,1270751.67953803,231769.85155338,1.0,0.0,
20113.0,1274686.82258207,197211.444605991,2.0,1444233.945598147,14.183089597499434
20122.0,1285277.5468169,186666.48209919,3.0,158035.41156311551,11.9705744107143
20129.0,1283133.66067071,211177.589900285,2.0,2158.320550573113,7.677085675367703
20130.0,1265117.81713226,267867.872838333,1.0,0.0,
20132.0,1258651.33232564,259748.079742029,1.0,0.0,
20133.0,1277895.43724135,248835.626482844,2.0,337781.1867886577,12.730153588461677
20134.0,1259968.29034299,259594.845757872,2.0,63233.12436406179,11.054583562516722
20135.0,1281810.17516536,211218.159692332,3.0,398518.3558272396,12.895508838453303
20142.0,1259818.41994284,237501.905063242,1.0,0.0,
20161.0,1265559.34903672,185133.154801622,5.0,619071.9343736537,13.335976755534599
20162.0,1265788.20420495,184890.664817378,3.0,96015.97155085288,11.472269826933351
20163.0,1271299.1712506,184460.930096924,3.0,153286.41893196426,11.940063469493602
20164.0,1271275.14405057,183624.011184081,3.0,53133.225933495705,10.880557735341167
20165.0,1266113.71569328,183841.616688296,3.0,135725.02374322116,11.818386233709877
20166.0,1265503.46071666,183839.744304299,3.0,1199848.9866094023,13.997706262346982
20167.0,1268308.09713553,180504.328428879,3.0,48512.3353194264,10.789573381070554
20169.0,1265565.34577273,185467.33425796,3.0,598082.0800495687,13.30148328112178
20170.0,1265545.7680447,184802.747953281,4.0,217179.37849753688,12.288478920073901
20171.0,1265535.54826869,184468.022256941,4.0,202329.0944310212,12.21765083106027
20172.0,1268498.42814372,179842.830060199,3.0,144632.48771494033,11.881951236465659
20173.0,1268372.9562716,179844.163052201,3.0,73196.25606899291,11.200899552042914
20174.0,1275186.82879058,181726.813806131,3.0,781085.7226568343,13.56844018292261
20175.0,1275973.01522338,181726.928366125,4.0,660094.1019855764,13.400137682605248
20176.0,1270116.52561738,182408.760942832,3.0,1521495.7393776076,14.235204448037626
20177.0,1277307.33541675,182371.680302799,3.0,402695.9770722492,12.905937156902011
20178.0,1268842.66923209,182569.375470996,3.0,47403.953785506346,10.766460917400817
20179.0,1268833.04721607,182231.268846646,1.0,0.0,
20180.0,1261022.31415208,187189.860019729,4.0,1148947.9906861517,13.954357290955366
20181.0,1267098.0881103,185620.667954117,1.0,0.0,
20182.0,1266904.1012941,185619.757810116,3.0,663662.478197762,13.405528983254987
20183.0,1277339.42360878,183913.564400375,3.0,568513.6969085318,13.250780684949394
20184.0,1277722.76959316,183852.244976312,3.0,596190.0380430338,13.298314751000689
20185.0,1260562.5585036,186321.65733084097,3.0,316314.7981254327,12.664493193293985
20186.0,1260107.61386314,186577.257203102,3.0,173211.13289390266,12.062266550723173
20187.0,1271257.61489855,183012.329007447,4.0,154780.68081847954,11.949764431435266
20188.0,1271145.96645044,182387.351534814,2.0,193806.64648133167,12.17461627342003
20189.0,1267433.57591863,179854.250988215,4.0,64236.333012069386,11.070324264364801
20190.0,1277433.59762487,184130.163696587,3.0,554312.8778005948,13.225484567684651
20191.0,1277989.65356144,183903.452528358,3.0,201999.94999917972,12.216022728854497
20192.0,1268679.10955191,182572.22455899403,3.0,7206.202444893787,8.882697384848159
20193.0,1268483.32023971,182575.723886997,3.0,55244.75289936606,10.91952864472283
20194.0,1273390.54827674,183073.926639512,4.0,248165.27874083188,12.421850249705857
20195.0,1274041.8842774,183056.626799494,4.0,262455.3939559933,12.477836418787762
20196.0,1277926.71276139,183632.35659208905,3.0,549365.4508144055,13.216519165362717
20197.0,1278024.40940148,183268.743471712,4.0,502819.5112197652,13.127986560076128
20198.0,1274075.93669343,184376.662512839,4.0,54738.4340578425,10.910321375277237
20199.0,1274722.69688609,184354.954928815,3.0,50516.030189825135,10.830045994394855
20200.0,1261642.83946471,186513.906291038,4.0,654481.3989401028,13.391598443668645
20202.0,1276037.09810345,184339.349936813,5.0,2634527.328446928,14.78421434187315
20203.0,1263229.92522633,184827.03070530304,3.0,126846.27935976617,11.75073123357453
20204.0,1276998.96658443,183024.395247459,4.0,377567.6083581138,12.841504926624005
20205.0,1276977.91480841,182499.697134927,1.0,0.0,
20206.0,1270823.9028341,184463.426480934,3.0,103131.94016107636,11.543764419904187
20207.0,1268426.92894365,183266.223791704,4.0,423517.3206997787,12.956349691174811
20208.0,1268166.72734338,183269.661167711,3.0,363067.6113067504,12.802344352946688
20209.0,1276733.11052015,185726.40101023,4.0,2011813.99604642,14.514547358635221
20211.0,1265528.94225268,181196.366061583,4.0,2050338.1440626332,14.533515285835348
20212.0,1265430.68919659,181193.73943758,3.0,1107350.8977812745,13.91748114229519
20213.0,1261550.63754462,183858.456240311,4.0,365985.2080114923,12.810348196297637
20214.0,1261289.23127234,183596.603376046,3.0,442524.6007816407,13.000251336871536
20215.0,1265036.53316419,184467.538352937,1.0,0.0,
20216.0,1264877.70801201,184467.395632938,3.0,93182.0,11.442309848973883
20217.0,1266412.19575758,181196.845421582,3.0,63134.59870989362,11.05302421378849
20218.0,1266412.1954376,180938.616941318,1.0,0.0,
20219.0,1261326.35818438,187068.628595605,1.0,0.0,
20220.0,1261319.50256838,186523.750451043,3.0,61445.63028568668,11.02590800238741
20221.0,1267774.39844698,180513.045932889,3.0,125475.6405004316,11.739866919116055
20222.0,1267444.19467065,180518.361516893,3.0,74425.23791398431,11.217550382573316
20223.0,1264965.7547321,182517.972014949,3.0,93182.0,11.442309848973883
20224.0,1264959.6822841,182217.034286633,1.0,0.0,
20225.0,1267051.84113425,183839.002224296,3.0,129332.17507102224,11.770139374260772
20226.0,1266858.68567805,183844.2472803,3.0,118264.31456770768,11.680677352454508
20229.0,1269851.89624111,184471.875632942,4.0,2243741.265192732,14.623655238260834
20230.0,1267496.6945747,183826.861488283,3.0,291866.1465379189,12.584050573884578
20231.0,1268695.04881592,183262.681519702,4.0,555109.9342338691,13.226921452814043
20232.0,1276693.06002411,184270.831088737,3.0,224080.2523069076,12.319759535901348
20233.0,1276668.76517609,183026.673135459,4.0,472856.26939426776,13.066546751093771
20234.0,1264266.49661939,185794.840178296,5.0,2187260.3330836743,14.598160329192659
20235.0,1264879.24606001,184865.068081349,3.0,1071321.807197777,13.884403777870764
20236.0,1265379.56298853,184467.890672937,3.0,956745.2550578924,13.771292443837858
20237.0,1264262.95729139,186457.850994974,4.0,1604896.6761044606,14.28856993621511
20238.0,1260668.53597571,186319.44408284096,3.0,157007.1239517165,11.96404645878965
20239.0,1266571.87556575,185137.210545629,3.0,250776.30347885573,12.432316599540414
20240.0,1266224.3972294,185136.58852961697,3.0,134498.61896161755,11.809309210027951
20241.0,1269008.08132824,184811.664305285,3.0,232228.7747057913,12.35547826264312
20242.0,1269491.69220874,183252.51223969497,3.0,1171641.7066261494,13.973916491310101
20243.0,1269230.85841648,183255.600175694,4.0,1069779.91130003,13.88296349490712
20244.0,1274690.27602206,183046.308911487,4.0,336710.7478162701,12.726979525685943
20245.0,1275389.47410278,183035.266927466,3.0,658217.5561006359,13.397290788032404
20246.0,1276976.23634441,182373.30500678704,3.0,59591.23586959789,10.995263793072832
20247.0,1276963.29772039,181726.948014125,3.0,43503.94944047706,10.680607004690561
20248.0,1269534.84600079,184815.038001299,3.0,523974.2253336008,13.169197773798741
20249.0,1269250.50769649,184813.70008128896,3.0,458509.5961959873,13.035736500003775
20250.0,1260655.27549569,185880.102450386,4.0,248934.78777816295,12.424946244672734
20251.0,1260339.36144736,185887.503346398,3.0,145645.8636895232,11.888933363010915
20252.0,1261103.42391215,185869.604466379,3.0,80446.90144096881,11.295352636339688
20253.0,1260835.25610387,185875.887218386,4.0,492696.9883112263,13.107649635891546
20254.0,1269513.18827276,184031.491952494,3.0,115889.26489983412,11.660390401222928
20255.0,1269251.6868325,184036.432880491,3.0,102786.63551773786,11.540410618860593
20256.0,1260998.99696805,186530.707763046,3.0,599312.9349613367,13.303539169662942
20257.0,1262891.34487398,184502.69342497,4.0,510379.42514365097,13.142909698961269
20258.0,1262585.85008967,184510.377840981,3.0,100050.18581514157,11.513427197232959
20259.0,1267440.05591865,180186.08298856,3.0,2160.48492850544,7.6780879794186765
20260.0,1266297.13002947,184470.194864944,3.0,66796.86617258805,11.10941144484025
20261.0,1266207.75031738,184469.981936947,3.0,17732.619925458926,9.783161156085033
20262.0,1266900.16299009,185469.110129967,3.0,573008.1165586885,13.258655160620442
20263.0,1266891.89527808,185137.78270562,4.0,506753.8373957867,13.135780636847562
20264.0,1268983.30776022,184041.265264496,3.0,177763.8969516418,12.088211527178402
20265.0,1268964.66571221,183259.119471699,4.0,874759.1439462444,13.681703863386211
20266.0,1274878.11090226,185342.840369835,3.0,351389.3967991011,12.769650280116826
20267.0,1275283.77643867,184347.646192819,4.0,882746.7192004767,13.690793597216722
20268.0,1278111.40696956,182690.821423113,4.0,286145.37504029047,12.564255264995781
20269.0,1278187.95109765,182463.194606885,3.0,73670.30477652769,11.207355076719038
20270.0,1261363.35383242,185863.515506372,3.0,195434.17086181272,12.182978879769536
20272.0,1265468.02506863,182349.044206768,3.0,1090119.5644573737,13.90179794035231
20274.0,1266886.14660607,184910.796977386,3.0,90967.53032210434,11.418257912180074
20275.0,1266875.02225406,184471.57016094,4.0,139548.1787381894,11.84616518791685
20276.0,1262289.88349737,185840.071666345,4.0,593018.8187510391,13.29298141230101
20277.0,1261623.25584869,185857.430578366,4.0,784927.0661170089,13.573346083043115
20278.0,1260870.76656792,186314.566130832,3.0,556611.0099765958,13.229621908648316
20279.0,1266643.93412583,181196.972077593,3.0,134783.49084086603,11.811424998453168
20280.0,1266604.56510179,181196.950381592,3.0,55829.33135456448,10.930054661778533
20281.0,1268124.11127934,181517.106221914,3.0,240401.7963580131,12.390066953986373
20282.0,1266802.79338999,181547.96612595,2.0,47518.65041035737,10.768877553177783
20283.0,1271996.42904331,185755.794930264,1.0,0.0,
20284.0,1272159.61112347,185751.016434252,4.0,1583183.976426267,14.274948552215148
20285.0,1266602.31153378,180529.31095691,3.0,66332.87059962354,11.102440839129116
20286.0,1266597.86794978,180349.712236717,1.0,0.0,
20289.0,1267058.26039825,184148.595760614,1.0,0.0,
20290.0,1265425.71383658,180779.606061161,3.0,123683.59390187776,11.725481921467294
20291.0,1265107.89322825,180784.761581168,1.0,0.0,
20292.0,1265472.41054063,182520.89265494,4.0,2090099.949717142,14.552722445628687
20293.0,1277024.05772045,184259.94622471897,3.0,477632.6452577284,13.076597191441776
20294.0,1265487.90794864,183179.022191614,4.0,1875656.1432049149,14.444469099213483
20295.0,1265193.13918035,183177.975663617,3.0,558862.0,13.233657852250307
20296.0,1262902.740842,184837.041201323,3.0,585884.0298239198,13.28087714764973
20297.0,1275990.7215274,182378.306286797,3.0,536280.2655933525,13.192412186966648
20298.0,1263497.1901226,184805.308657289,3.0,148252.35217525155,11.906671183008989
20299.0,1270501.55211377,184464.777840942,4.0,77200.0039580476,11.254154787282912
20300.0,1266771.01233396,179861.934060216,4.0,47229.17934426576,10.762767187009068
20301.0,1265791.74558096,179869.094124228,4.0,915067.0382660629,13.726752607438396
20302.0,1266777.44010997,180193.28279656204,3.0,12361.399408721138,9.422333945373012
20303.0,1266834.16766202,182853.826351285,3.0,403537.1969008717,12.908023948071241
20304.0,1266825.83435002,182518.137070939,4.0,1485643.468052525,14.211358548186363
20305.0,1266610.8151498,181530.838829935,1.0,0.0,
20307.0,1276317.08965573,182376.644526795,4.0,205396.31570388484,12.23269663913892
20309.0,1266789.49162997,180844.466861233,3.0,235905.1518760919,12.371185104394648
20310.0,1266783.68388598,180528.79620491,4.0,167163.65640324974,12.026728589996052
20311.0,1265509.53975667,184166.176112622,3.0,1034838.1351223724,13.849755581265116
20312.0,1263179.70909828,184495.496304974,1.0,0.0,
20313.0,1272775.9950601,184428.825520903,4.0,405099.0919756747,12.911886987706351
20314.0,1272738.91115607,183091.138543531,4.0,281954.8303692456,12.549502161095123
20315.0,1273101.19288445,184416.559088886,3.0,73597.71258514536,11.206369225227828
20316.0,1273425.37106077,184402.80555287,4.0,61133.592631922525,11.020816791652846
20317.0,1276005.95416741,183031.18718347,4.0,740812.9228655937,13.515503406634947
20318.0,1268947.89342418,182567.542446986,3.0,87946.62093067741,11.384485329082853
20319.0,1264804.20061994,181858.07339026,3.0,839662.3695691084,13.640755149030408
20320.0,1264741.10890788,181857.823406264,1.0,0.0,
20321.0,1263870.76317899,185801.918898299,3.0,722537.8604443035,13.490525099594823
20322.0,1270518.88145779,185094.372081578,3.0,48884.19576425856,10.797209428219265
20323.0,1265044.40292419,184801.097393274,1.0,0.0,
20324.0,1268308.09649552,180293.759276658,1.0,0.0,
20325.0,1271691.39121899,183113.036463544,2.0,46592.00000000001,10.749184131556358
20326.0,1266556.22858974,184470.771952942,4.0,183781.8108342622,12.121504522277974
20327.0,1270902.58443418,183357.280367807,1.0,0.0,
20328.0,1270892.94565018,182812.79787124705,3.0,52556.99811781115,10.869653538091598
20329.0,1264908.43825205,185794.944818303,4.0,1747510.71350448,14.373702883832099
20330.0,1264585.65053973,185794.69349029695,3.0,1449660.2454165611,14.186839773435238
20331.0,1265185.44164434,182519.26635094,2.0,232920.0,12.358450325951056
20332.0,1260592.53123963,187199.547955737,2.0,359965.7812143684,12.793764253732238
20334.0,1266817.376366,182190.729262605,4.0,1025408.3486416072,13.840601480137492
20335.0,1266124.30660529,182194.856238604,1.0,0.0,
20336.0,1266796.09066999,181197.054701582,4.0,494253.9409569655,13.110804714611525
20337.0,1278526.184634,183257.650991693,1.0,0.0,
20338.0,1268033.20599926,185534.516850024,1.0,0.0,
20339.0,1268181.45271941,183808.429104269,3.0,324917.78292230243,12.691327453684458
20340.0,1267036.31134222,180839.903853223,1.0,0.0,
20341.0,1260628.88483967,185004.991345495,4.0,170140.631612503,12.044380618833452
20342.0,1260622.25296766,184785.802161261,1.0,0.0,
20343.0,1267025.09252621,183431.686383873,1.0,0.0,
20344.0,1267017.93143821,183166.76926361,4.0,114830.772272345,11.651214778101142
20345.0,1272124.62200344,184450.673520923,4.0,570337.8458003952,13.253984176156912
20346.0,1260312.97603935,185013.6691695,3.0,46603.99999999999,10.749441653339831
20347.0,1263114.04881021,186481.29253099897,3.0,448319.00371249625,13.01326031985961
20348.0,1262953.55933805,186484.407986999,4.0,1974022.4019607252,14.495583847422175
20349.0,1276649.34559207,182374.886382788,4.0,502519.1959190311,13.127389119019627
20350.0,1268486.99543971,185302.096369788,1.0,0.0,
20351.0,1268221.93687944,185298.69944179096,3.0,300480.0917256428,12.613136780265709
20352.0,1263590.76932269,185808.704946309,3.0,142666.86494758722,11.868267575714395
20353.0,1264886.85463603,185128.596721619,4.0,159161.5035225051,11.977674711106607
20354.0,1264767.17348391,185127.327729613,1.0,0.0,
20355.0,1277320.85900076,183022.064175457,3.0,465001.6853142743,13.049796308894699
20356.0,1270137.4235374,183130.765103564,3.0,1480604.0565776136,14.207960708807464
20357.0,1270454.65092973,182886.132079318,3.0,46507.52314379569,10.747369366527792
20358.0,1270177.35262544,184467.860528931,3.0,32622.340617012287,10.39275262764778
20359.0,1262249.22180133,184862.98276934,3.0,88684.6939022614,11.392842593117255
20360.0,1262237.61424932,184520.647472993,3.0,48730.47019359474,10.794059784746361
20361.0,1270862.56549014,183623.891056076,1.0,0.0,
20362.0,1266232.36113341,185468.623281956,4.0,398587.746978376,12.895682946143777
20363.0,1266230.1600454,185376.870193869,1.0,0.0,
20364.0,1267762.62283097,179850.736876205,4.0,120578.1000265404,11.7000529549657
20365.0,1266014.83665319,182852.130159289,1.0,0.0,
20366.0,1270769.51051405,182395.441454813,3.0,1799944.4945293474,14.403266386018357
20367.0,1267278.49425447,180520.975340903,3.0,50074.48863409246,10.821266948481725
20368.0,1262594.08298568,184841.672433317,1.0,0.0,
20369.0,1275529.55551092,183034.33547146604,3.0,687749.158936479,13.44117945586565
20370.0,1267616.14711882,183158.214511603,4.0,265503.71619701886,12.489384116541762
20371.0,1267264.01758246,183163.249967605,3.0,138535.7425145632,11.838883640012739
20372.0,1267643.62897485,184143.483568609,1.0,0.0,
20373.0,1267505.49675071,184149.281776607,3.0,93182.0,11.442309848973883
20374.0,1260822.81949587,184137.237168595,3.0,93182.0,11.442309848973883
20375.0,1260586.27664763,184369.001456842,1.0,0.0,
20376.0,1268188.00849541,184055.647088513,4.0,125055.70578506612,11.736514563294156
20377.0,1268029.71486324,184059.300656527,1.0,0.0,
20378.0,1265190.72644433,182971.653871402,1.0,0.0,
20379.0,1259659.76637468,184575.089649051,1.0,0.0,
20380.0,1276244.39723966,186542.442995057,1.0,0.0,
20381.0,1276582.890296,186532.642483056,3.0,72423.59643252684,11.190287442850549
20382.0,1268438.34065567,181612.850798011,2.0,156346.268053745,11.959828493421357
20383.0,1265688.48100485,180531.904172912,3.0,941076.6974094078,13.754779921525984
20384.0,1266215.57508539,184802.747953281,3.0,29298.05656454772,10.285276463950277
20385.0,1265848.20311701,184803.446769282,3.0,55042.58926989749,10.915862514921821
20386.0,1266291.55102147,184166.172144637,1.0,0.0,
20387.0,1267324.49214253,184157.044528618,1.0,0.0,
20388.0,1276364.34219979,184335.178352803,3.0,347824.0262709441,12.759451959226375
20389.0,1276334.75794375,183028.937519461,3.0,276384.20192117203,12.529547212661733
20390.0,1265716.68074888,182352.314862773,1.0,0.0,
20391.0,1270893.95192218,185782.253234282,3.0,2653039.4722384773,14.791216511350122
20392.0,1263152.70033026,181879.031726286,3.0,1024464.4524339646,13.839680548581292
20393.0,1263384.41937049,181652.961966053,3.0,46592.0,10.749184131556358
20395.0,1267763.48638298,183156.107567593,3.0,201340.74280429876,12.212753989579772
20396.0,1266816.70187001,181453.862253845,1.0,0.0,
20397.0,1269212.06321646,182562.931886986,2.0,66043.88289784698,11.098074692457168
20398.0,1268326.72702356,181164.315629557,3.0,437019.3724579097,12.987732803662455
20399.0,1260313.86410335,185102.782449588,1.0,0.0,
20400.0,1273108.29918845,184817.543537304,1.0,0.0,
20401.0,1264968.43812411,182649.133871078,2.0,139764.0,11.847710564890653
20402.0,1263708.50692283,184596.245745063,4.0,278567.3331019976,12.537415079691408
20403.0,1268199.72369543,184473.989104941,4.0,262530.36850134504,12.478122043851231
20404.0,1267897.49431911,184472.835248947,3.0,176250.20640351577,12.079659891757606
20407.0,1267011.0206542,182911.08606334,1.0,0.0,
20408.0,1267103.7416143,184772.009521246,1.0,0.0,
20409.0,1262933.21489003,185824.799090326,4.0,1378632.9029752987,14.136602916097447
20410.0,1268881.54283212,185158.892593652,1.0,0.0,
20411.0,1268218.44343944,185165.690481648,3.0,209027.7367806305,12.250222234010552
20412.0,1265188.30583633,182649.017071083,2.0,186344.0,12.13534970691119
20413.0,1267894.6438871,184241.982064709,1.0,0.0,
20414.0,1265918.58193308,186129.122930646,1.0,0.0,
20415.0,1263832.92599495,184543.207153022,1.0,0.0,
20416.0,1264793.05693993,181194.98814158104,3.0,1518076.8022885104,14.232954830050817
20417.0,1264416.94218755,181195.615725592,3.0,1476315.074758135,14.205059726645372
20418.0,1268725.42046396,184045.658608511,4.0,320412.5092654684,12.677364536065472
20419.0,1266119.26462129,184164.974320635,1.0,0.0,
20420.0,1269525.46283278,184476.30929695105,3.0,184740.84826105175,12.12670930178406
20421.0,1264596.54455572,186457.868338972,4.0,530208.9137009599,13.181026384655304
20422.0,1263575.87793069,187134.348595664,3.0,123689.77007223618,11.72553185546391
20423.0,1263488.5851306,187135.763315678,3.0,60766.34477232176,11.014791374765554
20424.0,1265110.26954825,181194.367085591,3.0,905311.8022541336,13.716034696221737
20425.0,1265108.15934025,180879.095725268,1.0,0.0,
20426.0,1263484.08580258,186846.907571375,1.0,0.0,
20427.0,1263574.97213869,186790.216435313,1.0,0.0,
20428.0,1278480.31762595,182416.505070835,1.0,0.0,
20429.0,1270251.20120151,185098.143729582,1.0,0.0,
20430.0,1262236.26647331,183687.91230413303,3.0,123436.74774513564,11.723484139842386
20431.0,1262122.17872919,183574.40689602503,3.0,80185.87330038333,11.292102634952796
20432.0,1270482.72504176,183834.969712287,1.0,0.0,
20433.0,1262370.37968946,183821.484528273,3.0,185579.6726235457,12.131239570833761
20434.0,1266541.83364572,184278.18372874,1.0,0.0,
20435.0,1262034.19895311,186879.639475405,1.0,0.0,
20436.0,1267288.41975848,181062.384045452,1.0,0.0,
20437.0,1269488.49963275,183136.815279573,3.0,1233596.5810216526,14.025444510242009
20438.0,1261932.460329,182849.816495284,4.0,772169.0430956963,13.556958772777516
20439.0,1261739.7110168,182764.317359194,3.0,93182.0,11.442309848973883
20440.0,1269008.08068825,184642.577393115,1.0,0.0,
20442.0,1273354.6703887,181746.713390157,4.0,383087.2407747941,12.856018024926055
20443.0,1260344.95658338,186015.604146525,3.0,85948.99658343046,11.361509336320864
20446.0,1262321.57303341,183542.394863993,1.0,0.0,
20447.0,1260332.13443936,186836.072627366,1.0,0.0,
20448.0,1269218.78724846,185003.827953488,1.0,0.0,
20449.0,1265434.55370858,179871.249644235,2.0,28800.3818751342,10.268143925589401
20450.0,1268413.11595164,182576.978799,3.0,233329.55343781284,12.360207125673988
20451.0,1264582.39300372,184467.130864933,1.0,0.0,
20452.0,1262256.83204134,185087.437041566,4.0,228252.6939022619,12.338208600807116
20453.0,1264812.27735595,182517.235182941,1.0,0.0,
20454.0,1266841.99902204,183169.285039604,4.0,328157.01134448865,12.701247465952719
20455.0,1268209.14065543,184810.270897284,3.0,308049.81727806217,12.638016793285788
20456.0,1278211.86015368,182410.844974831,3.0,70944.83356443293,11.169657861958436
20457.0,1260378.05098341,186056.21662657,1.0,0.0,
20458.0,1277374.32408881,185561.38526605105,3.0,308648.3546309707,12.63995789695078
20459.0,1277704.54424915,185556.958706051,2.0,84939.27255358054,11.349691839592074
20460.0,1269245.97060849,184541.986033008,1.0,0.0,
20461.0,1260808.81751186,185000.048753485,3.0,358355.255615343,12.789280107465887
20462.0,1271445.00069074,183116.433775559,1.0,0.0,
20463.0,1275605.67608701,184998.171121478,3.0,50807.19533304383,10.835793263950766
20464.0,1276048.39595945,184989.614065468,1.0,0.0,
20465.0,1266642.28062183,180919.862381309,1.0,0.0,
20466.0,1276751.84863217,187170.131059706,3.0,210697.226402396,12.258177435977094
20467.0,1277233.36312868,187159.705843702,1.0,0.0,
20469.0,1264416.80669954,180943.054253325,1.0,0.0,
20470.0,1264881.00036402,184932.46488142,1.0,0.0,
20471.0,1263607.02717872,184429.411440894,1.0,0.0,
20472.0,1268498.42878373,180024.570220381,1.0,0.0,
20473.0,1260299.65744732,184586.525937065,3.0,62797.368387496994,11.047668446920575
20474.0,1273056.86130039,182778.933423206,1.0,0.0,
20475.0,1260633.21258368,185148.01432164,1.0,0.0,
20476.0,1271837.23870714,184452.756528929,1.0,0.0,
20477.0,1263102.83101819,186216.46661073,1.0,0.0,
20478.0,1263519.20420262,181372.042541772,3.0,1143501.3972808162,13.949605514377604
20479.0,1264243.52785137,181163.39108555,2.0,1389593.330796312,14.144521694528137
20480.0,1264229.06461935,185416.386161909,1.0,0.0,
20481.0,1266382.13514955,183842.564528301,3.0,103417.376223771,11.546528275523677
20482.0,1261761.42391282,182709.562543139,1.0,0.0,
20483.0,1265710.84215687,184470.854256943,4.0,120878.61427262194,11.702542133219612
20484.0,1265566.07966073,184073.842928529,2.0,46592.0,10.749184131556358
20485.0,1265913.11313307,184072.612592533,1.0,0.0,
20486.0,1278662.87071413,183867.483760327,1.0,0.0,
20487.0,1278606.02405807,182672.557679102,3.0,93182.0,11.442309848973883
20488.0,1278384.53074585,182008.291630417,3.0,152397.72370085833,11.93424898577706
20489.0,1278038.7309375,182407.082478821,1.0,0.0,
20490.0,1268208.34142342,184780.37860925504,3.0,269058.9290870189,12.502685701830242
20491.0,1268074.41751929,184781.182705253,1.0,0.0,
20492.0,1278963.69887444,182232.700974643,1.0,0.0,
20493.0,1279187.39071468,181997.29361440204,3.0,93182.0,11.442309848973883
20494.0,1278646.02988212,182673.331631094,1.0,0.0,
20495.0,1267839.53739105,185155.750577644,1.0,0.0,
20496.0,1267513.37041472,185137.402801618,3.0,93182.0,11.442309848973883
20497.0,1278949.23929043,182001.655470416,1.0,0.0,
20498.0,1279255.16415474,182007.093806416,1.0,0.0,
20499.0,1268388.48580761,184491.571440965,1.0,0.0,
20500.0,1267782.37643099,184945.864497423,1.0,0.0,
20501.0,1276310.04997572,182172.321454585,1.0,0.0,
20502.0,1264714.91601186,183176.277807623,3.0,93182.0,11.442309848973883
20503.0,1264169.0758833,183174.339823619,1.0,0.0,
20504.0,1264839.61949998,183431.252655879,1.0,0.0,
20505.0,1264837.23895597,183176.771887615,4.0,232934.0,12.358510430619061
20506.0,1277435.81413688,188034.65720458297,3.0,946345.4697187388,13.760362971345911
20509.0,1276834.14572026,184937.308081418,4.0,2223753.890443656,14.614707267457518
20510.0,1276950.76556037,185174.580209658,1.0,0.0,
20511.0,1277366.7296568,185159.143281654,3.0,47235.12698412697,10.762893110547816
20512.0,1276559.13183197,184950.403825432,1.0,0.0,
20513.0,1277688.58136913,184906.67819339,3.0,46919.06349206351,10.756179342893525
20514.0,1277360.6712248,184904.220529392,4.0,212093.25665286093,12.26478134680295
20515.0,1277370.32216881,185412.41246590004,3.0,131529.27255358052,11.78698471079734
20516.0,1260484.67741552,185476.129521966,2.0,46591.99999999999,10.749184131556358
20517.0,1260483.53437552,185448.70142594,1.0,0.0,
20518.0,1260333.73315936,185717.020402223,3.0,93182.0,11.442309848973883
20519.0,1260071.3895431,185744.486258239,1.0,0.0,
20520.0,1260330.49501537,185561.091570064,1.0,0.0,
20521.0,1277976.27928942,185516.643506005,1.0,0.0,
20522.0,1278024.11480948,185310.285041794,2.0,46591.99999999999,10.749184131556358
20523.0,1276216.63711163,185624.611186117,4.0,452675.2822614544,13.02293033122972
20524.0,1276942.77343237,188256.628532812,3.0,238440.91618875528,12.381876827755416
20525.0,1275696.9186471,185081.564977571,3.0,216451.6721165545,12.285122578026494
20526.0,1265760.74794893,183468.165359914,1.0,0.0,
20527.0,1265759.66884492,183179.986799613,3.0,129345.88745937226,11.770245393211345
20528.0,1265943.36042911,183180.623279616,3.0,71947.31225873125,11.183689355936483
20529.0,1276050.53669547,185635.511410132,3.0,179798.06984203376,12.099589665934415
20530.0,1265939.0188611,182877.044143304,1.0,0.0,
20532.0,1263314.90602642,185368.867249861,1.0,0.0,
20533.0,1262919.55313002,185381.586353868,3.0,568413.1485954997,13.25060380758267
20534.0,1263219.52989832,186045.020402551,1.0,0.0,
20535.0,1263211.26250631,185818.48088231697,3.0,132494.95972770656,11.79429988389399
20536.0,1263727.15031484,185805.583538309,3.0,204470.7552166402,12.228180237963024
20537.0,1263765.32605888,186067.654898584,1.0,0.0,
20538.0,1253880.08924876,248171.777394176,1.0,0.0,
20539.0,1254519.69955342,216605.480657846,1.0,0.0,
20540.0,1254488.15792137,216606.262801841,3.0,341359.55170978524,12.740691604613378
20541.0,1279680.61637917,281744.375316545,2.0,436.0999999999998,6.077871574848721
20542.0,1254376.83728127,216621.815889865,2.0,378759.4031382194,12.844656462265112
20543.0,1279197.48185068,179770.740012124,1.0,0.0,
20544.0,1263134.22986624,166120.968414158,1.0,0.0,
20546.0,1272128.63608344,243487.26116538,3.0,82809.1743739892,11.324294135853533
20548.0,1273967.61669333,278240.230416968,1.0,0.0,
20549.0,1275546.92325494,236115.822181821,3.0,186344.0,12.13534970691119
20550.0,1266140.3078853,212737.858445883,2.0,50292.93604507238,10.825619909746031
20551.0,1265143.9525563,212586.140237734,1.0,0.0,
20552.0,1272843.14059618,251487.88920556,5.0,564234.0177483647,13.24322436950834
20553.0,1266849.96951804,183491.686639935,1.0,0.0,
20554.0,1261414.63453647,200665.235905528,3.0,679914.3160457977,13.429722063397886
20555.0,1261404.71920846,200456.758017316,4.0,554523.5707738121,13.225864593027476
20556.0,1256981.25040393,242476.080108345,2.0,1086.3736376177587,6.990600490694252
20557.0,1272414.10731573,274534.55015716,2.0,46592.0,10.749184131556358
20558.0,1274661.72159004,191410.553656042,3.0,1293713.6790009462,14.073027461399562
20559.0,1289083.6300848,188073.923828632,3.0,80886.98217774088,11.300808177586301
20560.0,1257105.78755607,242507.491180375,2.0,1932.7051074145745,7.56667591061978
20561.0,1272671.23736399,274524.865805164,1.0,0.0,
20562.0,1261489.71383254,200005.014784843,3.0,239391.22475516764,12.385854416276164
20563.0,1246804.08207351,245042.22526297,3.0,93182.0,11.442309848973883
20564.0,1246793.0919295,245303.568879232,1.0,0.0,
20565.0,1261759.23428082,200467.339009315,2.0,9.466666666666669,2.247776856499051
20566.0,1261710.09527278,200660.427201524,2.0,44287.9917300402,10.698468852245934
20567.0,1256240.26928318,243138.146413013,2.0,46591.99999999999,10.749184131556358
20568.0,1280950.04729247,223910.160601333,2.0,1979.2785513956155,7.590487689308426
20569.0,1261592.14538465,200446.650433302,3.0,2309.474936626531,7.7447754775175675
20570.0,1257104.68061206,242473.714988336,3.0,48690.19093913149,10.793232870695684
20571.0,1288643.08570035,191421.647800058,1.0,0.0,
20572.0,1285566.85331321,198070.332350865,1.0,0.0,
20573.0,1265274.88081242,255912.089658096,3.0,6913.956544405369,8.84129733530205
20574.0,1265606.22526076,255906.787514091,3.0,37821.65081471791,10.54063699051204
20575.0,1276843.87077627,240132.301033944,1.0,0.0,
20576.0,1276897.46220033,240214.282474026,3.0,93182.0,11.442309848973883
20577.0,1277607.93746506,242821.549612686,2.0,46592.0,10.749184131556358
20578.0,1277394.89656883,243013.444524884,4.0,153634.77823436965,11.942333494863066
20579.0,1272445.59249976,175518.271783769,1.0,0.0,
20580.0,1284151.42867175,193440.200826123,1.0,0.0,
20581.0,1277873.06949733,243419.307565302,3.0,159837.08441323272,11.981910353058064
20582.0,1277757.69535321,243498.379245386,3.0,69810.0706240464,11.15353355662482
20583.0,1277691.55212113,241874.55773972,3.0,298672.36698579247,12.607102488996755
20584.0,1277832.34220128,242396.02974025896,3.0,36381.38230367319,10.501812447602973
20585.0,1274876.16114226,239479.605801269,1.0,0.0,
20587.0,1276631.84824805,244151.52593405504,5.0,1034871.3545303872,13.849787681816602
20588.0,1276610.51327203,243720.440493613,2.0,116469.48555586748,11.665384591120063
20589.0,1278964.54175444,212638.24545379,1.0,0.0,
20590.0,1284036.51519963,193490.587578177,2.0,52859.02978365265,10.875383833537558
20591.0,1282754.78182232,274989.325133637,1.0,0.0,
20592.0,1278747.24658622,212820.649933979,1.0,0.0,
20593.0,1278848.62956232,212637.867149785,1.0,0.0,
20594.0,1277537.17420098,242464.103468329,1.0,0.0,
20595.0,1267064.20267026,234020.694179684,1.0,0.0,
20596.0,1267100.6612303,234302.985891968,1.0,0.0,
20597.0,1284527.67001614,237066.444646806,1.0,0.0,
20598.0,1283714.04275131,193821.366074517,3.0,143688.256922522,11.875401349330007
20599.0,1284157.75935976,193439.62508212,1.0,0.0,
20600.0,1273533.81573288,253444.214711577,4.0,169828.9132283299,12.042546816504636
20601.0,1288143.37472384,204452.879301399,3.0,381959.1210497029,12.853068868903524
20602.0,1265080.33098823,233774.166435421,1.0,0.0,
20603.0,1264797.16292393,208447.63181749,1.0,0.0,
20604.0,1265274.20100443,207153.977544174,1.0,0.0,
20605.0,1281627.43666917,222237.680983618,2.0,93077.48571428574,11.441187604957344
20606.0,1265027.77694017,208385.894345433,1.0,0.0,
20607.0,1265043.06199619,208394.287049443,1.0,0.0,
20613.0,1276150.82034357,240841.774378672,3.0,232932.0,12.358501844459092
20616.0,1270477.53771375,222423.641239807,2.0,1969.7373378017048,7.5856554817775335
20617.0,1277280.46143273,240037.090921834,1.0,0.0,
20618.0,1275057.32677445,180412.359468788,3.0,75078.39683030365,11.22628813765286
20619.0,1275255.61112665,180248.090412617,3.0,19375.583545428228,9.87176897224171
20620.0,1257650.58826062,214448.423567638,2.0,39309.0148180406,10.579209156235676
20622.0,1277844.8481213,243244.429997131,3.0,239504.3500931026,12.386326858896144
20623.0,1261027.62224807,187450.78629198705,3.0,75285.8825760165,11.229047913820745
20624.0,1260639.49571967,187460.530036002,1.0,0.0,
20625.0,1265056.7162042,260123.178046405,1.0,0.0,
20626.0,1278441.76389791,244695.68100661,1.0,0.0,
20627.0,1275921.14687133,240522.788778335,2.0,46592.0,10.749184131556358
20628.0,1276490.5903279,240081.766697884,1.0,0.0,
20635.0,1286724.49305838,191379.961528018,1.0,0.0,
20636.0,1286713.47603437,190832.381239459,1.0,0.0,
20637.0,1260198.69898322,212441.488653585,3.0,275508.4666563354,12.526373639067808
20642.0,1278326.67359379,241522.73361136,2.0,158743.0314472884,11.97504201939643
20643.0,1278364.10424984,241565.233515412,2.0,116117.38824875942,11.66235692605613
20644.0,1277940.89119339,241650.04337149896,3.0,31896.403057301985,10.370248525591018
20645.0,1278060.37586552,241597.845675439,4.0,366878.3131503872,12.812785500257315
20646.0,1289726.13504547,180805.270061195,2.0,46592.0,10.749184131556358
20647.0,1290145.9429179,180945.079853326,1.0,0.0,
20648.0,1264951.8266681,187315.935219854,3.0,200024.65508200004,12.206195913342386
20649.0,1264668.7137078,187316.990643859,1.0,0.0,
20650.0,1267996.74999921,197003.87481378,1.0,0.0,
20651.0,1264735.90513188,167274.256479338,2.0,4942.54019291849,8.505634687114588
20652.0,1264765.89329191,166947.714462996,3.0,370661.4739819997,12.823044455985059
20653.0,1256958.56771591,235630.844837323,1.0,0.0,
20654.0,1257106.40566806,235837.140645534,3.0,93181.99999999996,11.442309848973883
20655.0,1257209.30666016,235835.832613543,1.0,0.0,
20656.0,1280239.75180376,211737.803340867,1.0,0.0,
20657.0,1264470.2442676,166505.331486538,3.0,208189.67398198167,12.246204837304722
20658.0,1263233.28413834,165839.473565862,1.0,0.0,
20659.0,1275199.12863059,232864.75158649695,3.0,5692.12065893508,8.646838156970853
20660.0,1275203.25131859,233079.223586723,3.0,935.0014478493426,6.8405480777894585
20661.0,1264317.61041145,167348.448223412,3.0,1152836.107070936,13.957735644369643
20663.0,1264639.27479577,166038.443998069,2.0,115275.67398197835,11.655081703789355
20664.0,1275094.03832649,232959.153954595,3.0,66207.9628064965,11.1005560187776
20665.0,1260399.76387943,204736.307525694,1.0,0.0,
20666.0,1264643.28036378,166851.360350892,3.0,301103.6739819988,12.615209916261868
20667.0,1264745.83261989,167884.948127955,3.0,2388361.476272678,14.686118114012531
20669.0,1269957.62635322,239755.108201548,2.0,61.09197257682522,4.11238047582486
20670.0,1252480.53827132,246574.986992538,2.0,681144.6082594066,13.431529909519345
20672.0,1271916.77758722,198540.973759353,1.0,0.0,
20673.0,1272846.07198818,187042.583091572,3.0,161903.78386166482,11.994757510990297
20674.0,1273493.90437284,187023.115571558,3.0,75410.50670054418,11.230701890449337
20675.0,1285272.2886409,203613.615236551,1.0,0.0,
20676.0,1269599.84587285,256859.829243064,1.0,0.0,
20677.0,1273696.29304504,187017.20254755,2.0,38862.16132327096,10.567776339585285
20678.0,1260226.01488726,204472.748677418,3.0,250281.52377120493,12.430341658359728
20679.0,1279101.52965859,217520.040466785,1.0,0.0,
20680.0,1277410.89586486,187585.986804128,1.0,0.0,
20681.0,1272296.00024362,212063.1327492,3.0,362431.5418986889,12.800590885507821
20682.0,1272051.74289936,212054.90836519,3.0,337774.3960767444,12.730133484381167
20683.0,1274454.30174983,242827.287084699,3.0,216016.36600317527,12.28310945232923
20686.0,1260227.00471126,204498.024517447,1.0,0.0,
20687.0,1260393.73635943,204572.994821519,1.0,0.0,
20688.0,1271582.88094689,189664.27467826,1.0,0.0,
20689.0,1250149.57903694,238657.884712428,3.0,230956.11559230895,12.349982995665373
20690.0,1250139.21487692,238652.040872425,1.0,0.0,
20691.0,1275052.10731843,234042.573347703,1.0,0.0,
20692.0,1273762.54718912,228393.239197925,3.0,430620.9798224751,12.972983585025728
20693.0,1267428.66519862,193037.120633706,1.0,0.0,
20694.0,1284357.98534396,277564.534544274,3.0,558034.7674268123,13.232176546638943
20695.0,1284304.53068791,277620.42254433,3.0,660859.2583652135,13.401296173870994
20696.0,1265525.27562869,208651.052937701,3.0,82483.57958758097,11.32035451721057
20697.0,1265548.53079671,208647.398089692,1.0,0.0,
20698.0,1270452.11121772,209997.648395076,1.0,0.0,
20699.0,1280382.84005989,197104.879869878,1.0,0.0,
20700.0,1265822.76977299,211925.669133052,1.0,0.0,
20701.0,1281144.19026868,172724.310820907,3.0,49040.34357345782,10.800398576569602
20702.0,1281140.04031667,172460.087268636,1.0,0.0,
20703.0,1281033.52082856,172881.323301077,1.0,0.0,
20704.0,1281149.03212468,172878.556581065,3.0,142192.34357345777,11.864935952239668
20705.0,1281229.95942077,172928.357669115,3.0,200916.5454645176,12.210644904129257
20706.0,1281515.62489305,172906.223845094,3.0,49014.58558534285,10.799873197806322
20707.0,1265415.09572457,208406.051465452,1.0,0.0,
20708.0,1281286.67750081,172435.878372625,2.0,16.0,2.772588722239781
20709.0,1281566.80978911,172602.574180782,3.0,44156.32309320887,10.695491414196555
20710.0,1281646.35359719,172582.515556768,2.0,41721.0708411993,10.638761576119903
20711.0,1281229.95942077,173050.094309241,3.0,263568.7349668186,12.482069466711144
20712.0,1265658.50961281,208421.964873463,1.0,0.0,
20713.0,1265601.46673276,208390.021001428,4.0,169657.76576171588,12.04153854435904
20714.0,1270454.95211373,209393.025546461,1.0,0.0,
20715.0,1265100.06583625,275504.574094161,1.0,0.0,
20717.0,1252425.79689527,214323.944527507,4.0,61726.40947516106,11.030467148706192
20718.0,1252412.77590325,214009.708239183,4.0,1267084.4569640486,14.052229116090384
20719.0,1252854.10575971,214307.1315355,1.0,0.0,
20720.0,1284473.90995209,234349.470372021,1.0,0.0,
20721.0,1263628.42314674,171351.937251508,3.0,328011.7030916473,12.70080456688722
20722.0,1253313.66748817,250266.348020315,2.0,46592.0,10.749184131556358
20723.0,1253284.73385614,250288.765940338,1.0,0.0,
20724.0,1268144.69195136,195667.791868404,2.0,46592.0,10.749184131556358
20725.0,1267949.09195116,195674.123900414,3.0,139768.0,11.84773918415428
20726.0,1268149.12702337,195879.448572621,1.0,0.0,
20727.0,1254259.04195315,213938.462351114,1.0,0.0,
20728.0,1277589.78232904,258091.50098833404,3.0,133119.28568036348,11.799000890057792
20729.0,1267795.61163101,196115.39231686303,3.0,93182.0,11.442309848973883
20730.0,1257604.57686856,236188.117285907,1.0,0.0,
20731.0,1279769.00402726,210627.077259719,1.0,0.0,
20733.0,1277607.01029706,258090.980028331,1.0,0.0,
20735.0,1267806.93937501,196095.594492838,1.0,0.0,
20736.0,1291171.13575095,189623.724214211,3.0,1275533.6434812767,14.058875192916478
20737.0,1267949.12708716,195697.156988442,1.0,0.0,
20738.0,1280546.91225207,265683.461188108,3.0,29571.119771414957,10.294553480625131
20739.0,1291861.74131966,189598.765302196,4.0,624522.2338977979,13.34474221063266
20740.0,1251533.24457435,237285.193511024,3.0,1307891.7499700054,14.083927047612717
20741.0,1251506.11203033,237316.200679049,3.0,1120031.5293390057,13.928867394070581
20742.0,1265037.31498818,208426.469769478,1.0,0.0,
20743.0,1278596.60281007,211688.117772818,1.0,0.0,
20744.0,1274047.7667734,216472.279441714,1.0,0.0,
20745.0,1267768.99486297,187598.34373214803,3.0,6371.201679444451,8.759543377469235
20746.0,1268099.94897532,187600.139380142,3.0,24642.8283158265,10.112241196605007
20747.0,1268106.14052732,187814.77112436303,3.0,83578.98395831518,11.333547379411087
20748.0,1267765.16747098,187800.255092353,3.0,23205.225027845627,10.052132749014408
20749.0,1268185.3641434,188385.310708955,1.0,0.0,
20750.0,1268094.16977531,188384.205044955,3.0,69876.43571428572,11.154483757141282
20751.0,1268095.67729531,188136.356468692,4.0,345961.0008942818,12.754081333508765
20752.0,1267783.81342299,188372.737524942,2.0,6.871428571428571,1.9273720280564022
20753.0,1267817.35307103,188056.835316613,3.0,56295.02616252295,10.93836146497685
20754.0,1268268.02603149,188150.907636717,3.0,489172.54617380747,13.100470561379428
20755.0,1280767.99282829,171064.375843212,3.0,447713.2569574064,13.011908255042398
20756.0,1281054.87878059,171008.680419162,3.0,224089.96375514468,12.31980287411478
20757.0,1280789.33862031,171201.655779347,3.0,133910.64430346823,11.804928022944456
20758.0,1287161.32550684,177701.57943400703,3.0,1910121.2790541544,14.462677294893963
20759.0,1287025.68441869,177562.489833862,1.0,0.0,
20760.0,1275256.26501465,218556.236243844,1.0,0.0,
20761.0,1280811.38348433,171196.144611344,1.0,0.0,
20763.0,1281031.10386856,192619.168697283,1.0,0.0,
20765.0,1264157.69764328,235709.129445404,1.0,0.0,
20766.0,1273058.6116364,225481.447130933,1.0,0.0,
20767.0,1272414.67160374,196224.754300982,1.0,0.0,
20769.0,1273397.92952475,222105.964695483,1.0,0.0,
20775.0,1263328.44503443,211988.217869118,3.0,357021.4505425917,12.78555114451019
20778.0,1286214.67155387,247687.823345676,1.0,0.0,
20779.0,1266082.56420526,191983.041656628,3.0,39637.52936468388,10.587531659677206
20780.0,1281078.87442861,180308.708716676,1.0,0.0,
20781.0,1273209.90987656,194043.648122743,1.0,0.0,
20782.0,1251498.36175832,212731.058893874,3.0,983925.428653312,13.799305389273735
20783.0,1281128.04690866,179985.873068348,3.0,1922115.6902263605,14.46893705932645
20784.0,1281046.23538858,180034.750316396,1.0,0.0,
20785.0,1251353.68092617,212602.577229753,1.0,0.0,
20787.0,1254179.63785706,192427.678905085,3.0,232928.0,12.358484671917985
20788.0,1251497.59273432,212718.147853866,1.0,0.0,
20789.0,1273680.60574903,194015.331578717,1.0,0.0,
20790.0,1265340.27530849,244286.47281418703,3.0,47679.12846697508,10.772249022775508
20791.0,1290817.19354258,204831.887685791,2.0,2.0,0.6931471805599453
20792.0,1289653.86778139,204440.44064539703,2.0,2.0,0.6931471805599453
20793.0,1254006.10249689,215427.88520063495,3.0,93182.0,11.442309848973883
20794.0,1265650.90794881,166715.530206755,1.0,0.0,
20795.0,1281837.66687739,195291.612796023,3.0,753480.6267226984,13.532458585666657
20796.0,1274036.4918934,216459.540625691,1.0,0.0,
20797.0,1275817.89349522,276910.801935598,1.0,0.0,
20798.0,1270297.97739357,231634.538145244,3.0,827330.0688936491,13.625959010333869
20799.0,1262257.85796134,178272.624234587,1.0,0.0,
20800.0,1283149.37983873,176305.37879258403,3.0,63918.82511229623,11.065369199675114
20801.0,1283143.63078272,176080.273960352,1.0,0.0,
20802.0,1270301.95768157,231943.81443356,5.0,1014735.385124025,13.830138432157442
20803.0,1271067.10475436,269651.731464162,3.0,117072.07110493304,11.670545016484336
20804.0,1270862.74955414,270066.088264585,3.0,20026.76394631368,9.904824855263785
20805.0,1284865.89472048,168500.520416588,3.0,102066.57390262428,11.533380564679826
20806.0,1280613.54630013,167986.330144063,1.0,0.0,
20807.0,1269867.43166512,208000.831497043,2.0,899476.6608204262,13.709568385199441
20808.0,1276167.37541558,248672.231474683,1.0,0.0,
20809.0,1273152.97758849,214292.502991483,4.0,551138.7510811313,13.21974187327867
20810.0,1280491.42649201,211908.138317034,1.0,0.0,
20811.0,1274058.00331742,216681.882385924,3.0,1596376.323625252,14.283246820942532
20812.0,1274055.43115741,216672.763985917,1.0,0.0,
20813.0,1279157.12729064,244644.803822562,3.0,629374.1796164959,13.352481238964932
20814.0,1254121.80304101,215954.768337175,2.0,46591.99999999999,10.749184131556358
20815.0,1254045.70768093,215855.977873087,1.0,0.0,
20816.0,1282896.64607847,196234.532860994,3.0,187162.7361494593,12.139733764180084
20817.0,1282884.54502246,196231.76774098,1.0,0.0,
20818.0,1282865.86399844,196426.392701179,3.0,54130.82851848081,10.899159145760729
20819.0,1282849.42271842,196424.230973184,1.0,0.0,
20820.0,1296226.33332412,182169.791982591,1.0,0.0,
20821.0,1285707.57152134,167705.395039767,1.0,0.0,
20822.0,1271633.75813094,261669.477119997,3.0,267040.6948885144,12.495156341081142
20824.0,1277101.15237653,175474.925095722,3.0,553185.2347008536,13.223448187709476
20825.0,1277325.15884076,175476.678375736,1.0,0.0,
20826.0,1265144.1815483,188695.674229264,3.0,300435.2335280771,12.61298748070298
20827.0,1286219.64140987,198625.180287436,3.0,400463.6703440657,12.900378330624685
20828.0,1286859.78477053,198617.339775428,1.0,0.0,
20829.0,1278188.52882566,282265.908053085,3.0,221791.09413568577,12.309491200412758
20830.0,1280131.31103563,207617.782728642,3.0,89142.95322649305,11.39799657615697
20832.0,1253627.6856005,243844.60004574095,3.0,93182.0,11.442309848973883
20833.0,1273307.20069265,235001.83261267803,3.0,1341593.6970969916,14.10936879143075
20834.0,1264294.75869942,241875.90807572,2.0,120.31710982481596,4.790130839175128
20835.0,1271059.90955435,189732.038006335,3.0,93182.0,11.442309848973883
20836.0,1271223.02014652,189732.038006335,1.0,0.0,
20837.0,1278268.60773773,282256.187605068,3.0,225873.410969132,12.327729992868708
20838.0,1278442.18879391,282249.244373068,3.0,371447.0544998804,12.825161614813366
20839.0,1282277.50297384,181998.642670408,1.0,0.0,
20840.0,1283917.52556752,174951.000615194,2.0,93180.0,11.442288385370787
20841.0,1284065.44230367,174946.139431193,2.0,46591.99999999999,10.749184131556358
20842.0,1275882.31755929,255345.128569514,1.0,0.0,
20843.0,1271856.72030717,229582.984223142,3.0,2181128.4464919185,14.595352936843437
20844.0,1277926.63698538,245333.089839265,3.0,53111.07885476034,10.88014082680004
20845.0,1263519.58276263,210736.835211843,2.0,135495.34054295992,11.816692531573814
20847.0,1260092.02269512,205671.034630656,1.0,0.0,
20851.0,1280731.16550025,170053.140962183,1.0,0.0,
20852.0,1269912.23243317,210940.966348052,1.0,0.0,
20853.0,1278081.90047354,182880.751471311,3.0,366241.8309209845,12.811049134412059
20854.0,1280632.57382014,208709.691273764,3.0,89143.49270879412,11.398002628016922
20856.0,1277450.60773689,221721.53339909,1.0,0.0,
20858.0,1274705.80255008,238303.70199206503,3.0,192341.30957251103,12.167026726876502
20859.0,1280632.29561216,208725.574473783,1.0,0.0,
20860.0,1253784.50940865,243505.005229399,1.0,0.0,
20861.0,1257643.37571661,203121.993156046,3.0,116005.47894365354,11.661392701245969
20862.0,1280557.99097207,176411.254888684,3.0,19658.25209281802,9.886252482974454
20863.0,1287279.80102696,164289.330012277,3.0,278525.54874423787,12.53726507110505
20864.0,1270298.37534557,231870.973409474,3.0,611419.0206224644,13.323537797903388
20865.0,1280869.53330839,271717.195850283,1.0,0.0,
20867.0,1284865.94528049,168328.670688406,2.0,4057.972665956935,8.308438784522004
20868.0,1277745.0868412,282207.122069016,1.0,0.0,
20869.0,1279959.67685947,168718.703072816,1.0,0.0,
20870.0,1279911.48370741,167887.765087962,2.0,46591.99999999999,10.749184131556358
20871.0,1280075.24063557,281023.529939815,3.0,1825011.586468233,14.417096893728292
20872.0,1276324.69727173,182759.595247194,1.0,0.0,
20873.0,1282800.64102237,167934.672800004,1.0,0.0,
20874.0,1264956.35614009,188695.99314126404,3.0,306163.0102538527,12.631872952341071
20875.0,1266137.67825331,238325.937192082,2.0,46592.0,10.749184131556358
20876.0,1278110.15135357,281932.97429274,1.0,0.0,
20877.0,1288007.7916837,253569.448695704,1.0,0.0,
20879.0,1271568.01713887,188880.307061464,1.0,0.0,
20880.0,1288880.4139566,204526.096005484,3.0,46592.99999999999,10.74920559423812
20881.0,1274938.81259832,239021.143464804,1.0,0.0,
20882.0,1282886.04665446,196286.625277042,3.0,101541.56466791464,11.528223497757438
20883.0,1282873.95481445,196284.545533031,1.0,0.0,
20884.0,1281550.19762909,195055.436155781,1.0,0.0,
20885.0,1274676.24747805,241969.915819824,3.0,120346.19112388731,11.698127794383746
20886.0,1271002.53765029,189281.506421864,3.0,459565.5441312419,13.03803685289323
20887.0,1257001.93437195,256577.793402776,1.0,0.0,
20889.0,1280226.87026773,176908.074473202,3.0,124214.46035704314,11.72976486969982
20890.0,1280138.88581964,207635.184584662,1.0,0.0,
20891.0,1269959.14993723,189113.32990969703,3.0,53845.316537818646,10.893870706431162
20892.0,1265024.75658818,189770.561526373,2.0,195628.17267096028,12.183971058271357
20893.0,1253626.96969649,243823.160109714,1.0,0.0,
20894.0,1280264.20972377,167996.811424077,2.0,93180.0,11.442288385370787
20895.0,1270265.13950554,189105.734453693,4.0,327250.9815537925,12.698482683168084
20896.0,1281261.05420479,195521.811836258,1.0,0.0,
20897.0,1281256.26284479,195305.194492042,3.0,291880.78972772905,12.584100743534828
20898.0,1282758.34975833,191562.413240209,1.0,0.0,
20899.0,1286635.9144983,198860.89343968,1.0,0.0,
20900.0,1296112.89390001,182197.701678619,1.0,0.0,
20901.0,1265624.05956478,233726.970979378,1.0,0.0,
20902.0,1287991.83635569,253416.592375547,1.0,0.0,
20904.0,1277889.14034534,281935.557012752,1.0,0.0,
20905.0,1282202.15174176,182107.607342526,1.0,0.0,
20906.0,1282545.47417411,168203.639776289,1.0,0.0,
20907.0,1253704.02697657,243843.919277743,1.0,0.0,
20908.0,1271838.68094714,238217.358695984,1.0,0.0,
20909.0,1282870.14444645,168348.464928433,1.0,0.0,
20910.0,1278790.49906626,244554.61406247303,3.0,188557.31283376412,12.147157286520793
20911.0,1278318.13618578,282017.339988828,1.0,0.0,
20912.0,1271677.40869097,183132.339567572,1.0,0.0,
20913.0,1275271.68690266,210424.605515525,1.0,0.0,
20914.0,1254014.11228889,215616.566288829,1.0,0.0,
20915.0,1265501.49841265,191747.406008393,1.0,0.0,
20916.0,1284326.68358393,174918.795623153,1.0,0.0,
20917.0,1258688.24432568,238065.86160782,1.0,0.0,
20918.0,1254174.75830506,215680.201616898,1.0,0.0,
20919.0,1270734.88101001,231626.608097225,2.0,137112.05469196892,11.828553787957684
20920.0,1253734.44124861,215437.815632656,1.0,0.0,
20921.0,1278535.614778,167828.090655893,1.0,0.0,
20922.0,1274312.89483768,242222.526188076,4.0,109356.85905774818,11.602371749860172
20923.0,1258444.82454944,287298.20341824,3.0,139417.75723399408,11.845230152510156
20925.0,1279376.54021886,244823.093166739,3.0,6493.776352583447,8.778599512984973
20926.0,1279548.47167504,244891.569710806,3.0,17216.296900591842,9.753611708432686
20929.0,1279608.45516311,245037.75806295904,3.0,64437.309093723605,11.073448078096904
20930.0,1279373.93426687,245037.782062963,3.0,780.5081665771027,6.659945203164171
20931.0,1252437.13052727,214678.386063874,3.0,45916.46795935522,10.734579110773735
20932.0,1252896.11849575,214522.005455717,2.0,1192.4606586117986,7.083774231536362
20933.0,1253075.79625593,214310.673231497,2.0,3188.702978943223,8.067369523425926
20934.0,1256179.37827511,257111.346107319,1.0,0.0,
20935.0,1251736.23823856,213242.375502408,1.0,0.0,
20936.0,1280692.07372421,196624.481853381,1.0,0.0,
20937.0,1259993.95760702,247727.217585713,2.0,59.43571428571428,4.084895296291125
20938.0,1277390.27026483,235646.542629346,1.0,0.0,
20940.0,1255892.47139482,188490.02898106,1.0,0.0,
20941.0,1251736.50499056,213246.111374408,1.0,0.0,
20942.0,1257140.1421161,244452.767790362,1.0,0.0,
20943.0,1275475.28850287,244189.676142097,4.0,872166.4929920094,13.678735616996144
20944.0,1296645.23994854,183205.00606364,1.0,0.0,
20945.0,1279208.1937867,244830.45860675,3.0,54191.1575226487,10.900273028779504
20946.0,1281393.32166094,223963.422297388,1.0,0.0,
20947.0,1279560.86469905,244615.367854536,3.0,284182.00287809013,12.557370167087878
20948.0,1276564.93067999,219138.080532447,3.0,1480676.787966804,14.208009830382231
20950.0,1274570.53637394,196228.474108979,3.0,98646.87738308671,11.499301857458514
20951.0,1274578.80901395,196210.556860968,1.0,0.0,
20952.0,1261456.89956051,233241.179938883,1.0,0.0,
20953.0,1257068.99696402,241538.430763379,1.0,0.0,
20954.0,1279618.84818712,245398.887599334,3.0,129240.81830262412,11.769432751569768
20955.0,1264830.12349997,207764.594440788,1.0,0.0,
20956.0,1251735.97148657,213238.906638399,1.0,0.0,
20957.0,1274405.12990977,242375.521260232,1.0,0.0,
20960.0,1260727.44170377,204696.654021651,2.0,204137.80939182785,12.22655058098891
20961.0,1274234.3740056,242080.986411929,1.0,0.0,
20962.0,1253214.66505608,250914.798132986,1.0,0.0,
20963.0,1264827.62449196,207752.238472775,1.0,0.0,
20964.0,1279935.81177144,226958.714204445,2.0,7298.915627190955,8.89548107188228
20965.0,1279938.08505145,227010.972636506,4.0,182336.18982703288,12.113607458940713
20967.0,1277589.10744904,259425.670269698,2.0,5162.761455111163,8.549226881044723
20968.0,1290889.19405465,185079.748401567,3.0,111998.40456781464,11.626239905245544
20969.0,1291220.09466299,185224.77630572,1.0,0.0,
20970.0,1278605.15724207,265424.042115837,3.0,93182.0,11.442309848973883
20971.0,1278614.93676208,265425.400387838,1.0,0.0,
20972.0,1256418.80169936,193691.450682387,3.0,298562.7153121969,12.606735291294953
20973.0,1264799.02084394,245777.888495713,2.0,3010.5920873268624,8.009892045151796
20974.0,1261187.72068024,278115.91668883,1.0,0.0,
20975.0,1277348.96524079,184331.669488803,3.0,355654.0243644984,12.781713695617109
20976.0,1277293.52338473,184261.637808725,4.0,1909103.841952175,14.462144497222281
20977.0,1256953.87446791,207226.82976824,2.0,3960.5814954817215,8.284146135761617
20978.0,1255506.52009842,198071.595454872,3.0,10713.77620595901,9.27928568822191
20979.0,1260927.39408797,201088.946049958,3.0,2049272.707711071,14.532995511440133
20980.0,1260745.82128778,191428.75864806803,3.0,93182.0,11.442309848973883
20981.0,1280933.83865246,223429.183512837,3.0,59257.8695752927,10.989653870013768
20982.0,1260745.82128778,191592.923704237,1.0,0.0,
20983.0,1260738.98103178,191302.214647934,1.0,0.0,
20984.0,1277998.32645746,184249.561712712,3.0,140396.4071428571,11.852225180095823
20985.0,1277999.95410545,184314.516976789,3.0,215342.20008871373,12.279983670131456
20986.0,1275618.57567102,264892.081539288,3.0,131249.85156672873,11.784858049533069
20987.0,1276974.7852084,237036.466342762,2.0,51510.5473816414,10.849541869209466
20989.0,1260872.92663191,201027.412673891,2.0,226877.14022349223,12.332163917448733
20990.0,1278604.66546607,265358.582915768,2.0,139764.0,11.847710564890653
20991.0,1273720.27627708,195104.909435824,4.0,214193.7111942992,12.274636077061048
20992.0,1273736.3116691,195103.855355829,1.0,0.0,
20993.0,1256365.08528329,198276.375551075,3.0,65041.4656438094,11.082780278466709
20994.0,1277370.77554481,184186.495280653,3.0,1178502.759097858,13.9797553425502
20995.0,1255225.05078614,198080.305406883,3.0,1349988.2850961878,14.115606472670434
20996.0,1256080.775139,198044.486590847,1.0,0.0,
20997.0,1256363.67581131,198256.877887055,1.0,0.0,
20998.0,1278472.04696994,265760.62150818104,3.0,93182.0,11.442309848973883
20999.0,1262730.20868182,191260.004087895,1.0,0.0,
21000.0,1255777.64029069,198063.403518856,2.0,2893.571467496346,7.970246820033683
21001.0,1263376.91607448,210389.554059476,1.0,0.0,
21002.0,1273711.50040506,194818.66399553404,3.0,88011.14654149004,11.385218750683183
21003.0,1278903.95852238,259873.75007815697,3.0,558078.189066235,13.232254355321643
21004.0,1263702.52465081,262293.520128638,2.0,362603.88050600543,12.80106627913753
21005.0,1277588.50021704,259106.167613372,2.0,164956.8611132445,12.013439270900765
21006.0,1277587.99461703,259252.52364552,4.0,143197.7682493846,11.871981948536572
21007.0,1278604.94469808,265477.254915893,1.0,0.0,
21008.0,1264932.16132407,197723.681790516,2.0,6003.761879351074,8.700141531632262
21009.0,1261051.6943761,189819.34655042,1.0,0.0,
21010.0,1277983.40690544,183665.645232111,3.0,93512.0,11.445845049287605
21011.0,1278541.795834,265671.147908092,1.0,0.0,
21012.0,1275305.0900387,264894.83321929,1.0,0.0,
21013.0,1277910.53592937,184904.357041389,1.0,0.0,
21014.0,1273703.75960505,195104.723451823,1.0,0.0,
21015.0,1274930.66923831,190999.03576763,3.0,579756.8785821527,13.270364119785905
21016.0,1256405.11638734,198038.512830839,1.0,0.0,
21017.0,1253768.78633665,192517.819129184,2.0,46591.99999999999,10.749184131556358
21018.0,1279939.65330744,227062.085340559,2.0,40740.70815069895,10.614983071826561
21019.0,1277375.86578481,259259.13222152,1.0,0.0,
21020.0,1278465.4781539375,265750.7382281683,1.0,0.0,
21021.0,1280934.11782046,223399.245912805,1.0,0.0,
21022.0,1274854.14047024,190183.31103079,1.0,0.0,
21023.0,1284652.22752027,259598.093821868,1.0,0.0,
21024.0,1277660.35896911,184329.550768793,3.0,307865.1262792415,12.637417064357992
21025.0,1266325.9088455,285485.10204038,1.0,0.0,
21026.0,1262357.52311344,188892.258165464,1.0,0.0,
21027.0,1273472.38930082,194953.922875673,1.0,0.0,
21028.0,1253758.15318464,192539.110457197,1.0,0.0,
21029.0,1279640.71493913,215049.165840253,1.0,0.0,
21030.0,1262663.90666576,190361.648246974,1.0,0.0,
21031.0,1278694.49567416,259879.464638159,2.0,24983.189987392416,10.125958477183428
21032.0,1260441.81725548,190317.520438924,2.0,147395.1744106543,11.900872520146208
21033.0,1285654.1139853,175243.9819915,2.0,320592.10752525565,12.677924901029412
21034.0,1270241.08177751,204359.580549315,1.0,0.0,
21035.0,1277668.51116112,184641.520625114,1.0,0.0,
21036.0,1270606.09387389,204591.526341543,1.0,0.0,
21037.0,1254548.11452945,193638.469498336,1.0,0.0,
21039.0,1274222.52760559,195978.057980731,3.0,444951.6799913134,13.005720970963493
21040.0,1267169.67223836,192357.08325702,2.0,778441.332826564,13.565048908169993
21041.0,1286953.45261063,249786.140979826,3.0,671255.105379934,13.41690453055645
21042.0,1286009.30681765,176213.86026448,3.0,114257.58356885638,11.646210683523893
21043.0,1262265.70928934,233554.857187197,2.0,211302.56486765828,12.261046342042821
21044.0,1260243.47383127,245417.092655346,4.0,2414300.428836289,14.696920125603677
21045.0,1264353.49220347,260408.493758708,3.0,961959.699791544,13.776727836661763
21046.0,1286130.27475378,194185.362426892,3.0,806125.0846321831,13.599994201299099
21047.0,1286014.10502566,176354.502056628,1.0,0.0,
21049.0,1268664.3960159,245897.393199846,4.0,1661584.465460484,14.323282202355225
21050.0,1273743.19390909,202494.162371397,3.0,33400.612191969856,10.416329507897709
21052.0,1271961.28049926,206769.497351781,3.0,382507.84541582695,12.854504442929432
21053.0,1255161.15197007,201869.289602757,1.0,0.0,
21054.0,1257377.35395634,287642.833626583,1.0,0.0,
21055.0,1256917.75645186,287655.547546595,2.0,46591.99999999999,10.749184131556358
21056.0,1285657.13068929,202850.968131766,4.0,95162.37365557883,11.463339907943325
21057.0,1285672.75564931,202686.905475602,1.0,0.0,
21058.0,1284975.35974459,202853.051459759,3.0,64765.56440347439,11.078529327563524
21059.0,1285258.17248088,202852.00979577,1.0,0.0,
21060.0,1257319.61091627,287364.955610305,1.0,0.0,
21061.0,1256950.04438791,287371.500506312,3.0,139767.99999999997,11.84773918415428
21063.0,1261236.15952829,245825.052079767,1.0,0.0,
21064.0,1285314.45817694,202852.204675764,1.0,0.0,
21065.0,1285978.42400162,202825.473411739,2.0,26215.982831511803,10.174124535492558
21066.0,1290093.57357384,181355.284397751,1.0,0.0,
21067.0,1271668.27384298,217399.166034654,3.0,695644.4486888946,13.452593959203531
21068.0,1260936.14275998,245387.174703315,1.0,0.0,
21069.0,1270815.25784209,249858.003379896,3.0,181657.3096462347,12.109877277116276
21070.0,1270886.59198616,249920.519987956,3.0,125933.06442198776,11.743505810032316
21071.0,1264981.53591612,234364.157732025,2.0,42721.39804469996,10.662455198864048
21072.0,1270157.03672142,222499.175191879,4.0,267418.90114095336,12.496571626047034
21073.0,1262439.29034552,203098.69299601,2.0,50088.426698323965,10.821545256361947
21074.0,1285168.28422479,195430.766396165,3.0,1925.3123889473068,7.5628435135285415
21075.0,1258587.15562157,207837.183560863,2.0,9.0,2.1972245773362196
21076.0,1257652.38749263,207205.552904218,2.0,50.42490842490843,3.92048526777335
21077.0,1253809.31843269,214623.596495822,2.0,110889.33901812368,11.616288037230818
21078.0,1253747.75388862,214626.684687823,2.0,152447.99799116593,11.934578820097741
21079.0,1264251.72209138,211686.380556807,2.0,145976.99570633724,11.891204324620793
21080.0,1264191.78487532,211687.84481281,2.0,104212.464159809,11.5541870188043
21081.0,1263457.00087456,243040.321132913,1.0,0.0,
21082.0,1285075.2782087,199675.914112508,2.0,39940.174707224985,10.595137981202226
21083.0,1285135.69472076,199674.351744503,2.0,1858.7027054378475,7.527634053167048
21085.0,1257602.30691656,217373.868498638,2.0,15425.087836297247,9.643750543168867
21086.0,1251756.37532659,244835.154158756,2.0,181709.4979209113,12.110164525560265
21087.0,1252169.21507101,244849.423470765,3.0,244652.63775051,12.407594678390232
21088.0,1257411.95427637,207212.876360223,2.0,43.99942823968265,3.784176639281164
21089.0,1258353.99274133,207840.23143287,2.0,2053.3537452666324,7.627229708686652
21090.0,1257456.11594042,217382.022738636,2.0,75.99957435847904,4.33072773972432
21091.0,1291442.62995923,187971.651060522,3.0,95420.94480833628,11.4660533805966
21092.0,1291573.14279136,188017.614260569,3.0,33324.58825279413,10.414050789465527
21093.0,1260769.0925198,261026.474495336,2.0,46592.0,10.749184131556358
21094.0,1260514.13015155,263487.561729848,3.0,46591.99999999999,10.749184131556358
21095.0,1260012.42147903,263239.537281603,1.0,0.0,
21096.0,1260149.56131917,262366.318208709,1.0,0.0,
21097.0,1263885.76548301,166777.322718829,1.0,0.0,
21098.0,1269841.0448491,222504.640727893,1.0,0.0,
21099.0,1278093.93714555,213229.33812639103,3.0,64307.94670498521,11.071438490536243
21100.0,1284651.22816026,205186.011334151,3.0,293864.3661457192,12.590873600230536
21101.0,1273003.33317234,267950.929478422,4.0,499492.93209873314,13.121348727018148
21102.0,1257568.26461254,259241.209661514,3.0,40229.91095573622,10.602366051561724
21103.0,1257469.74019644,259309.798461571,3.0,60604.60277775768,11.012126122601435
21104.0,1275093.98514248,206591.035079598,3.0,1020.7845200186216,6.928326747916982
21105.0,1259386.3777664,259743.861566022,4.0,197459.73928282812,12.193289990810209
21106.0,1285378.24512102,260328.83839862,2.0,65723.08234694676,11.093205472252636
21107.0,1273903.11256526,234455.902308121,3.0,1706289.107155743,14.349831457597507
21108.0,1278727.10028221,173108.368485302,3.0,233250.68229728748,12.35986904388125
21109.0,1278601.15301807,238175.233447939,4.0,129004.91909848189,11.767605815163153
21110.0,1278602.52831407,238224.618791983,2.0,20738.50957563741,9.939747616888734
21111.0,1259970.898279,259734.495422006,3.0,305553.5771121385,12.629880417379844
21112.0,1291979.19840777,189097.407349676,3.0,45424.1556234834,10.723799304725803
21113.0,1259488.01834249,259745.249342024,3.0,184132.0334262568,12.123408352227523
21114.0,1254514.70121741,254429.828856573,1.0,0.0,
21115.0,1273295.44382864,267675.15866214,1.0,0.0,
21116.0,1273239.50590858,234480.729636148,3.0,758768.4469604094,13.539451933363976
21117.0,1267161.49316636,237948.823143706,1.0,0.0,
21118.0,1288686.97997239,202025.061954916,1.0,0.0,
21119.0,1261868.06052093,199508.75302434,2.0,46592.0,10.749184131556358
21120.0,1261877.74455294,199484.646400318,1.0,0.0,
21121.0,1261734.5181208,199560.543232396,3.0,101495.69779849247,11.52777169034391
21122.0,1273607.97368495,234831.770596504,1.0,0.0,
21123.0,1284460.34636807,241918.166251764,1.0,0.0,
21124.0,1275281.54879068,262719.928129062,1.0,0.0,
21125.0,1274955.63800634,262727.290305078,3.0,57293.16822297072,10.955936667374175
21128.0,1272292.59441961,266095.496836528,3.0,584273.151587426,13.278123877781907
21129.0,1272291.23454762,265984.790980414,3.0,131220.84055049394,11.784636988536743
21130.0,1274333.8964377,196250.982653007,3.0,47053.82359560515,10.759047408355675
21131.0,1273601.79979695,202279.579459175,3.0,99727.37347799096,11.51019547672093
21132.0,1264924.31556407,244982.15678291,2.0,69123.73670743337,11.143653463177468
21133.0,1273323.66091667,180610.265516981,3.0,15309.899848185434,9.636254947035653
21134.0,1273895.17259726,286212.222297117,2.0,45725.4435635606,10.730410173891306
21136.0,1265208.27070035,244986.302126914,3.0,71253.32505851575,11.173996764529944
21137.0,1273985.28824535,286392.606169313,3.0,182118.92974759417,12.11241521279843
21138.0,1269640.22110489,208938.130505994,1.0,0.0,
21140.0,1258346.33686933,207184.4154962,2.0,5214.671654508866,8.559231403709433
21141.0,1271740.88133104,222218.930711597,1.0,0.0,
21142.0,1261595.81892066,210562.065867662,2.0,3608.775716990276,8.191123857239326
21143.0,1254943.80758585,210012.400651097,2.0,5390.928197137518,8.59247285633821
21144.0,1252436.43011127,214597.047631785,2.0,2056.555764257509,7.628787903401803
21145.0,1261481.03306454,203107.85606803,1.0,0.0,
21146.0,1251816.04777464,213869.011343047,1.0,0.0,
21147.0,1273050.43051639,195042.84754777,2.0,85601.87362602244,11.357462450044759
21148.0,1269310.08728056,273186.450123787,3.0,156370.84017524763,11.959985645818247
21149.0,1261887.96432896,172511.759460703,2.0,142433.53738429284,11.866630765569763
21150.0,1259462.00727047,184837.107185319,1.0,0.0,
21151.0,1259283.0450303,185130.309297621,4.0,139770.0,11.847753493478953
21152.0,1258699.8624377,185470.662001967,1.0,0.0,
21153.0,1273038.97253238,195120.759803846,1.0,0.0,
21154.0,1259171.38711017,184905.826161385,1.0,0.0,
21155.0,1285297.98803292,187333.476211876,4.0,481244.0685762676,13.08412983947185
21156.0,1269311.60664056,273342.589259952,1.0,0.0,
21157.0,1264496.34756362,183692.207536146,1.0,0.0,
21158.0,1261988.20791306,175233.60176748,5.0,354166.2310250755,12.777521661064997
21159.0,1262378.00765745,175956.438888222,4.0,279972.8163004681,12.542447792797182
21160.0,1262050.31671312,175967.289576232,4.0,136975.3914241502,11.827556564034584
21161.0,1261673.79773673,175987.90570426,4.0,65296.07197711732,11.086687159965448
21164.0,1261969.92938504,175013.203879252,1.0,0.0,
21165.0,1261368.89316043,175972.714792237,1.0,0.0,
21166.0,1261517.94736858,175537.221223786,2.0,17802.145957559867,9.78707428842695
21167.0,1262329.5648414,174999.471015245,4.0,1018986.50219009,13.834319065983756
21168.0,1266491.09655768,230294.084831864,1.0,0.0,
21169.0,1277905.67013736,235360.294501051,3.0,298137.61349941365,12.605310449161719
21170.0,1292013.0776398,184086.188720554,1.0,0.0,
21171.0,1291805.12231159,184840.960177317,3.0,490413.0574765097,13.10300328942526
21172.0,1295770.62164365,184496.025136963,3.0,54945.85838229095,10.914103586332311
21173.0,1275842.83077525,208782.539593831,1.0,0.0,
21174.0,1291793.68602358,184396.138544858,4.0,909096.2634581092,13.720206267946525
21175.0,1291787.26605557,183996.735792458,1.0,0.0,
21176.0,1268467.11684769,184051.25342451,4.0,203308.1111059384,12.222477896046037
21177.0,1268499.23492773,184335.975600809,1.0,0.0,
21178.0,1276166.89477558,217596.511122867,3.0,135538.36162755376,11.817009990875817
21179.0,1268861.46680009,184486.932016954,2.0,46592.0,10.749184131556358
21180.0,1268744.53393598,184488.40248096,3.0,139768.0,11.84773918415428
21181.0,1277762.55692121,283335.542038172,1.0,0.0,
21182.0,1268875.67704011,184310.062960774,1.0,0.0,
21183.0,1268553.84401578,184490.287984967,1.0,0.0,
21184.0,1257919.34563689,199946.847296789,1.0,0.0,
21185.0,1277760.98079321,283168.538774014,1.0,0.0,
21186.0,1274909.38251829,195692.86002843097,3.0,92343.36087918637,11.433269092184277
21187.0,1275168.38591056,195587.249340326,3.0,46070.57454884962,10.737929729066646
21188.0,1275383.90520677,195220.05913195,2.0,0.0,
21189.0,1274903.82085429,195231.791419953,4.0,140870.6602607774,11.855597445265285
21190.0,1274901.59608628,195128.89925985,1.0,0.0,
21191.0,1274908.27032629,195543.805244282,3.0,104339.37742641992,11.555404109780932
21195.0,1283825.74719942,178597.408042923,3.0,508170.6713562225,13.138572637372922
21196.0,1284174.90335979,178000.44893831,3.0,206898.5797336448,12.239983999203766
21197.0,1268305.22481553,254973.06431312897,3.0,454145.0344172101,13.026171885076046
21198.0,1266515.95178969,185468.67217797,2.0,268.9222222222224,5.594422201073396
21199.0,1266466.21207765,185468.874929965,2.0,3940.144167384387,8.278972592329254
21201.0,1273158.7541005,180423.593324795,2.0,191451.0462991022,12.162387422020316
21202.0,1280071.46175557,276025.583566695,2.0,39011.02120780798,10.571599480261316
21206.0,1273960.83192532,286741.202201664,1.0,0.0,
21207.0,1264798.33386794,181510.077741906,3.0,748947.5758875842,13.526424267910386
21208.0,1261927.509545,275549.760078207,1.0,0.0,
21211.0,1253932.82243282,247825.590769812,1.0,0.0,
21212.0,1276956.48671238,265573.781635985,2.0,8087.30102354834,8.998050335544933
21213.0,1256236.10947517,242885.027500764,1.0,0.0,
21214.0,1272922.14795625,242677.375020549,4.0,156010.599628695,11.957679230261215
21216.0,1268045.43006326,211796.960076928,3.0,257663.66874778652,12.459410403961007
21221.0,1277992.49445745,194822.485819548,1.0,0.0,
21222.0,1278135.3727936,194342.822395056,1.0,0.0,
21223.0,1277696.55442515,191612.884920254,1.0,0.0,
21224.0,1279121.0535626,192147.713592798,1.0,0.0,
21225.0,1277942.7871934,192379.854201034,1.0,0.0,
21226.0,1277596.92735304,193525.249530211,1.0,0.0,
21227.0,1276304.75999172,196818.086141586,1.0,0.0,
21228.0,1277401.49823284,195710.127740458,1.0,0.0,
21229.0,1277546.50975299,194689.812859401,1.0,0.0,
21230.0,1272918.22936425,264032.924162418,1.0,0.0,
21233.0,1278099.95455356,213550.220686719,1.0,0.0,
21234.0,1272195.29905951,212008.706381142,3.0,202324.1058858853,12.217626175156735
21237.0,1271044.16913833,227122.412700623,3.0,2716673.801984922,14.814918823043003
21241.0,1264080.50820321,212135.285197273,3.0,409413.59412732586,12.922481156658849
21243.0,1251364.13955018,243425.06609331103,3.0,58889.45771009654,10.98341736737349
21244.0,1251479.1540783,244140.121774048,2.0,34839.24602879346,10.458499789767673
21245.0,1251430.45142224,244625.123438537,2.0,81017.13878113161,11.302416001163106
21246.0,1251290.6009901,243687.51044558,1.0,0.0,
21247.0,1251467.09116629,243475.898669362,2.0,549.7037388900242,6.3093794765353595
21250.0,1269920.05425718,212039.84046116503,3.0,1971465.30910271,14.494287635950588
21251.0,1252438.35068728,246549.466032505,2.0,726983.1523889668,13.496658582091653
21252.0,1294574.74509843,183364.293487802,1.0,0.0,
21253.0,1255199.5649621,243816.775277719,2.0,38177.8387283414,10.55001048824797
21254.0,1275065.42616645,211383.90676450697,3.0,32318.84873659527,10.383405891226936
21255.0,1261744.51184881,263197.676801562,3.0,139764.0,11.847710564890653
21256.0,1253279.13641614,241214.553131044,2.0,59243.82009775543,10.989416751409943
21258.0,1256971.25961992,249140.301683158,2.0,13559.340565545166,9.514830929452367
21260.0,1258064.32925305,216511.461777747,1.0,0.0,
21261.0,1258046.04323702,216512.830545753,3.0,49462.80120152211,10.808976175167626
21262.0,1273727.21298108,247696.912561685,3.0,1399232.9466174964,14.151434749162808
21263.0,1271980.04286729,232583.633378208,2.0,111940.22457223212,11.625720298627295
21264.0,1271513.09630682,228426.72374194895,3.0,2225817.950856337,14.615635024389801
21266.0,1272855.46206819,219317.14971663096,3.0,1658254.2884962277,14.321275973542292
21267.0,1261216.55357628,205114.062982082,2.0,290121.7088754181,12.578055799696518
21268.0,1281451.97081299,221040.259158388,1.0,0.0,
21269.0,1281453.83564499,221030.62402238,2.0,46592.0,10.749184131556358
21270.0,1278400.99986586,210732.241419837,1.0,0.0,
21271.0,1250800.9339816,241274.727851108,4.0,203323.26210113429,12.222552415604541
21272.0,1256066.044899,207109.071112126,3.0,94208.84718014578,11.453269375264158
21273.0,1272983.33912432,219314.696340621,3.0,202667.02318507992,12.219319631415555
21276.0,1271638.00485094,262414.513024762,3.0,2492389.252864604,14.728752347680382
21279.0,1274463.48414983,198412.802111223,2.0,46591.99999999999,10.749184131556358
21281.0,1274175.83736554,250271.074356318,3.0,100455.8975615122,11.517474079933393
21284.0,1271894.1916672,261047.106623352,3.0,1024197.9027053092,13.839420330269093
21286.0,1277220.28997666,179471.675627828,3.0,66908.78637051894,11.111085573374714
21287.0,1267269.65239847,240237.87530604,2.0,1821477.4569163097,14.41515851924454
21288.0,1267254.88177446,239323.476521105,2.0,1830939.789774145,14.420339939322488
21289.0,1275141.17931853,242810.927916676,4.0,159467.95359109793,11.979598263096175
21290.0,1258100.46960507,216304.387409538,1.0,0.0,
21291.0,1258059.51267704,216594.369425833,3.0,53850.29715030122,10.893963200680753
21293.0,1277907.80895336,218700.798291996,3.0,268347.5203956202,12.500038137374545
21294.0,1271982.72465929,262851.948481202,3.0,2574334.0861736634,14.761101451324137
21295.0,1273190.41221254,253629.288439766,3.0,2791149.741482064,14.84196416263142
21302.0,1283657.27084725,193857.130106553,2.0,106242.16333605864,11.573476327229399
21304.0,1258543.11702953,244263.774702176,2.0,4428.086523284609,8.395722833674798
21305.0,1279212.7075787,245038.791854963,4.0,1863.7170013228172,7.53032816039454
21306.0,1259731.26263075,242784.432556659,4.0,533411.6718556394,13.187048772484719
21307.0,1259733.80823076,243042.63511692,3.0,95356.7387470652,11.465380282333756
21308.0,1259275.26384628,243047.575404927,3.0,53084.45755879534,10.879639463043677
21309.0,1262546.80452164,186740.639411271,1.0,0.0,
21310.0,1262540.55095363,186494.05662702,3.0,454236.72246437054,13.026373756253616
21311.0,1262807.1016099,184091.178544551,3.0,274587.15351037594,12.523023988666592
21312.0,1262834.10448992,183816.254192278,1.0,0.0,
21313.0,1263171.39844227,186479.87160299704,3.0,505845.5608708604,13.133986686011584
21314.0,1262305.65245739,186790.299763322,1.0,0.0,
21315.0,1262283.06231336,186500.873523027,4.0,371322.7090160372,12.824826799124542
21316.0,1261071.34653611,184555.046705022,3.0,46688.66666666667,10.751256730407222
21317.0,1260964.43498401,184433.43115291,3.0,119261.97643355776,11.689077835016361
21318.0,1263182.66711429,186764.498675287,1.0,0.0,
21319.0,1273792.94053315,258704.102780953,2.0,125121.03032883607,11.737036790470585
21320.0,1262267.98455335,186171.667826682,4.0,140109.2666666667,11.850177873368757
21321.0,1262534.48042563,187163.842035696,4.0,153715.62274146904,11.942859568742959
21322.0,1262014.69732109,186506.67237103,3.0,112499.30837771489,11.630702352854069
21323.0,1261376.13399243,186285.779442802,2.0,23063.390899033075,10.046001829805144
21324.0,1261830.99888889,184873.114289358,1.0,0.0,
21325.0,1258621.62602161,243062.080620944,3.0,36748.61598675714,10.511855843707524
21326.0,1275217.0160546,261044.540351346,2.0,46592.0,10.749184131556358
21327.0,1282602.00588617,184661.27153714,2.0,5541.120998644074,8.619952105597719
21330.0,1275209.9767586,261264.041599572,1.0,0.0,
21331.0,1258980.49539798,242776.97719664904,3.0,30983.379977674813,10.341206209945915
21332.0,1274522.6792219,196655.366013423,2.0,1418255.1337829966,14.164937894983423
21333.0,1258077.39088506,216593.096465841,1.0,0.0,
21334.0,1274582.02718996,242823.753324687,4.0,19369.169589035333,9.871437884497817
21335.0,1279172.09215465,177770.265002087,3.0,53651.44600965,10.890263700345209
21336.0,1274937.76895031,260799.186879098,2.0,35770.15659041321,10.484869209945835
21337.0,1275102.42904648,260653.272126958,3.0,65927.9288566755,11.096317437336271
21338.0,1275101.91199049,260674.748478979,1.0,0.0,
21339.0,1285511.93804915,190420.020855039,1.0,0.0,
21344.0,1285756.9523214,173232.494181439,3.0,211266.34657275735,12.260874922451796
21345.0,1285842.79436949,173021.271205217,3.0,66935.03381930102,11.111477783475731
21354.0,1287887.79225957,172024.044836193,3.0,215558.6499526761,12.280988309050812
21356.0,1290224.47296597,172044.893220216,3.0,395322.4699837499,12.887457090532298
21359.0,1290572.70253433,187911.081972465,4.0,101604.74596399062,11.528845525279538
21360.0,1290630.25101438,186820.976883352,1.0,0.0,
21362.0,1256737.81878768,235845.079973549,3.0,1015450.4843917084,13.830842898982866
21363.0,1288479.68115619,171849.580644011,4.0,476029.9195607469,13.073235987458244
21364.0,1287122.4161308,172413.975204602,3.0,216342.6255155334,12.284618659172086
21365.0,1259734.60477476,204726.898117676,2.0,9456.793376277788,9.154488638016941
21366.0,1280890.48108442,173058.676965252,3.0,186445.05028886048,12.135891838131284
21367.0,1280888.94502041,173008.325349197,1.0,0.0,
21370.0,1286422.73120208,172285.483620465,3.0,201723.21041453292,12.214651791265943
21371.0,1291894.36071168,172710.954916894,1.0,0.0,
21372.0,1286504.72249816,172231.095972404,3.0,180856.93123291797,12.105461562512113
21388.0,1259949.17853497,242782.367276654,2.0,46591.99999999999,10.749184131556358
21389.0,1259949.77629498,242796.711084664,1.0,0.0,
21390.0,1288633.15789235,253577.585463703,1.0,0.0,
21391.0,1259861.09373488,242783.498796657,3.0,139302.14621291737,11.844400566777114
21392.0,1260052.08874308,243036.325420916,1.0,0.0,
21393.0,1259865.47523889,243038.711852908,3.0,46728.49262094787,10.75210937797214
21395.0,1259254.77802226,242797.205804661,4.0,164412.58758958124,12.010134325519726
21396.0,1259231.48208624,242439.705836296,1.0,0.0,
21397.0,1261338.6537364,184917.545649394,1.0,0.0,
21398.0,1261414.69527248,184520.670768991,3.0,122584.29068105876,11.716554159535782
21399.0,1262715.34820181,187159.340723693,3.0,185986.86094204665,12.133431310103687
21400.0,1262561.48791365,186842.208819374,1.0,0.0,
21401.0,1261580.14672863,184545.410225019,4.0,418209.73788467614,12.943738350939137
21402.0,1261832.3167769,184541.070001006,1.0,0.0,
21403.0,1262642.57501774,185831.37291432903,3.0,655536.5124038943,13.393209282242386
21404.0,1261584.05316065,184717.71928119697,3.0,477242.79197958217,13.075780638235766
21405.0,1261751.95671281,184229.199280694,1.0,0.0,
21406.0,1261922.26903298,184200.553648666,2.0,46591.99999999999,10.749184131556358
21407.0,1261075.11197613,184683.865329161,1.0,0.0,
21408.0,1263302.51101841,186477.873586997,3.0,585445.1504313172,13.280127777753481
21409.0,1261907.15850498,186197.345266715,1.0,0.0,
21410.0,1262026.8121371,186769.459571302,1.0,0.0,
21411.0,1262215.2690973,184185.178672642,1.0,0.0,
21412.0,1262648.74365774,186004.81150651,1.0,0.0,
21413.0,1262702.44925779,186871.295987397,1.0,0.0,
21414.0,1261933.317929,184763.218545243,1.0,0.0,
21415.0,1261115.71716017,186286.647538796,2.0,26.33333333333333,3.2708355637989115
21416.0,1262660.63076174,186148.039602652,2.0,46592.0,10.749184131556358
21417.0,1261895.12439297,184523.604528993,1.0,0.0,
21418.0,1263311.82103442,186768.376243293,1.0,0.0,
21419.0,1284094.98291169,168516.133216605,3.0,47076.66666666666,10.759532757395
21420.0,1273588.11710894,258378.581436619,2.0,216069.1614429699,12.283353827281427
21421.0,1262665.75440976,186011.148786515,1.0,0.0,
21422.0,1284102.2719357,168833.708704934,1.0,0.0,
21423.0,1281753.8113893,171039.814883187,3.0,78310.49320158915,11.26843688579167
21424.0,1281691.75999723,170853.791650996,1.0,0.0,
21425.0,1281406.30585295,170674.907810807,3.0,112656.86552564356,11.632101889637045
21426.0,1281613.82284516,170686.612834826,1.0,0.0,
21427.0,1282070.59257363,170539.869986683,1.0,0.0,
21428.0,1282253.85862181,170535.624290675,3.0,1710112.1966214203,14.352069538385775
21429.0,1277803.59653725,174075.230054289,1.0,0.0,
21430.0,1273755.73387711,258495.410940737,1.0,0.0,
21431.0,1273754.60530111,258472.841468722,1.0,0.0,
21432.0,1273751.75326911,258495.252156749,1.0,0.0,
21436.0,1270673.32504195,280255.392339021,1.0,0.0,
21438.0,1270646.41988993,280495.394835263,1.0,0.0,
21439.0,1260062.13923909,212362.516685501,1.0,0.0,
21440.0,1273603.84606895,185453.778161943,1.0,0.0,
21441.0,1274100.92318946,185441.020337939,4.0,107993.90336083544,11.58983005415034
21442.0,1274349.80421372,185432.489137933,1.0,0.0,
21443.0,1276196.53055161,189993.794678599,3.0,358942.6171058796,12.790917813763796
21444.0,1276504.30744793,189597.726582184,3.0,804250.3907088344,13.597665930906357
21445.0,1276155.99877557,189602.535926193,3.0,652663.9063276821,13.388817584071253
21446.0,1275405.9799588,189936.925366536,1.0,0.0,
21447.0,1276724.24767216,189057.117109641,3.0,754020.7017938886,13.53317510257325
21448.0,1275428.03634281,189632.65035823,1.0,0.0,
21449.0,1275532.11192693,189629.337718219,3.0,145252.57291091344,11.886229388229655
21450.0,1272704.53125203,189710.624630302,4.0,186067.00823688216,12.1338621471556
21451.0,1272733.44331606,190345.917686954,2.0,16919.66292715106,9.7362317113986
21452.0,1276128.18290354,188444.08453300604,3.0,150712.58533661714,11.923129893646635
21453.0,1275845.54437526,189613.7032222,3.0,457676.3739765309,13.033917606293763
21454.0,1276135.19403954,188296.848948866,2.0,185356.0936723762,12.13003408460914
21455.0,1276148.05458356,189086.78437367096,3.0,102074.28790663356,11.533456139985471
21456.0,1272485.52581181,189717.149238318,1.0,0.0,
21457.0,1271981.49694729,188049.348084599,1.0,0.0,
21458.0,1275514.62015091,188971.445685551,3.0,151777.54078343976,11.930171180319327
21461.0,1263716.43377084,192119.575544775,3.0,47407.05464463271,10.766526328774008
21462.0,1277389.82175283,188663.409525231,1.0,0.0,
21463.0,1276454.73771988,188573.585909143,1.0,0.0,
21464.0,1276861.53708029,188563.846069127,3.0,168200.40407208368,12.032911428849156
21465.0,1271442.45803474,223075.344024479,4.0,526845.4072999732,13.174662439707669
21466.0,1275209.5734946,220596.988373935,1.0,0.0,
21467.0,1275578.34674297,220776.682582125,1.0,0.0,
21468.0,1287988.07225968,172216.645220399,3.0,1974815.212317132,14.495985388556303
21469.0,1268011.57214323,197684.846526474,2.0,46591.99999999999,10.749184131556358
21470.0,1268012.43991923,197662.277054444,1.0,0.0,
21471.0,1267982.9261912,197035.541117802,1.0,0.0,
21472.0,1287849.87731554,171655.105635822,3.0,453748.7216876029,13.025298847339824
21476.0,1288392.3726121,181021.145965412,3.0,1230202.8062911998,14.022689596920442
21477.0,1281513.12159705,223608.251417011,1.0,0.0,
21479.0,1281671.33254121,223568.394200981,1.0,0.0,
21480.0,1266202.54263738,191325.369783968,3.0,46453.816081023455,10.746213895464326
21481.0,1274102.88152547,185708.986674204,4.0,490334.8585587907,13.102843821499595
21482.0,1259316.92323832,169252.919137359,3.0,122744.61065653214,11.717861139654477
21483.0,1264349.34788348,172470.804132655,1.0,0.0,
21484.0,1276302.83480772,181724.684590131,4.0,347818.34686561784,12.759435630706015
21486.0,1261168.27255222,172916.439717114,3.0,933874.9703595577,13.747097843538905
21487.0,1261029.32330407,173091.237605289,1.0,0.0,
21488.0,1261982.97892106,183435.435119882,3.0,111717.1653746387,11.623725647150746
21489.0,1265025.30551617,181859.263406262,3.0,932007.795290675,13.745096457678539
21490.0,1262241.85303332,174021.432294235,3.0,254023.35678985377,12.445181497638558
21491.0,1261966.24567303,174020.514918238,4.0,327975.37487684714,12.700693807952915
21492.0,1275730.00555913,193550.895482242,1.0,0.0,
21493.0,1274431.6013338,192693.014009356,3.0,184190.07839210468,12.123723538117622
21494.0,1274637.85387801,192726.405369401,2.0,59267.28468168855,10.989812741039495
21495.0,1265291.84337245,185797.074418306,3.0,1753055.9270178413,14.37687106699848
21496.0,1259795.69655082,168286.119584367,3.0,164304.11042542662,12.009474321517816
21497.0,1260547.00144759,170478.570274606,3.0,751876.9558284059,13.530327966975735
21498.0,1260373.0431754,170542.112098679,2.0,278283.07779030345,12.53639414002494
21499.0,1260306.40611933,188491.145141065,1.0,0.0,
21500.0,1263033.95319413,173990.315174207,3.0,111281.41186030276,11.619817513974628
21501.0,1257067.79946002,188213.959348768,3.0,93886.85665357074,11.449845683658936
21502.0,1256731.86179568,188216.56363678,2.0,46591.99999999999,10.749184131556358
21503.0,1269639.5629929,188775.048437342,3.0,56300.76233146886,10.938463354559536
21504.0,1261103.92125615,170424.048034564,1.0,0.0,
21505.0,1260829.55338387,170627.268130764,3.0,842226.6752810254,13.643804467541342
21506.0,1269633.75787289,188462.993269026,4.0,76114.49607363359,11.239994012879356
21507.0,1270199.73016147,188426.882100999,3.0,106685.8570173104,11.577643879463304
21508.0,1280784.71852431,186177.148466691,3.0,1516012.2366134345,14.231593916796625
21509.0,1268479.8005597,182444.099502861,1.0,0.0,
21510.0,1260189.57962322,170029.264738157,3.0,386486.1996752271,12.864851440486573
21511.0,1270094.86884937,188370.63224493,3.0,36126.86835465738,10.49479214323741
21512.0,1274670.91090205,193305.649913982,3.0,54492.18922577869,10.90581265342229
21513.0,1275336.42891873,193289.413433969,1.0,0.0,
21514.0,1259386.3676544,169479.264865592,3.0,341951.62475332833,12.742424557950335
21515.0,1273465.84798881,185994.354546502,4.0,91924.70456580704,11.428725092303084
21516.0,1273454.5953808,185727.893746227,4.0,621231.774469754,13.33945951909303
21517.0,1272419.06238773,183102.211695537,3.0,58593.03540008825,10.978371118674058
21518.0,1273968.39518933,180901.86634928,4.0,56369.59526000273,10.939685200989576
21519.0,1273963.18686932,180601.085100979,3.0,32806.38305656157,10.398378380822038
21521.0,1297889.70529382,178902.312299237,3.0,984527.9807760676,13.799917597963756
21522.0,1282727.5027183,183677.09374412903,3.0,65058.25898432822,11.083038439514475
21523.0,1267771.24094298,183411.084079862,1.0,0.0,
21525.0,1264346.23172347,167827.552607894,1.0,0.0,
21526.0,1276445.75807187,186967.266291499,1.0,0.0,
21527.0,1276462.53522389,186948.660019472,3.0,60851.25309566416,11.016187691394501
21528.0,1272338.71313965,180136.317676499,1.0,0.0,
21529.0,1277328.20933677,280458.060947239,1.0,0.0,
21530.0,1277082.52024852,280660.420115441,3.0,466213.8426546597,13.052399697666917
21531.0,1262341.55722542,173363.920101568,4.0,1271457.4922517266,14.055674432103194
21532.0,1264836.10935597,182914.673647344,1.0,0.0,
21533.0,1274790.22296616,185578.25003407904,3.0,350261.5572874517,12.766435460906681
21534.0,1257788.57424475,188539.550517112,5.0,1107386.4660115882,13.917513261887246
21535.0,1278612.56505008,183662.109168112,2.0,46592.0,10.749184131556358
21536.0,1276608.39026403,186642.27281916104,3.0,530946.3574312676,13.182416273334342
21537.0,1274323.19730169,192979.370425656,3.0,194972.27333639705,12.180612639417733
21538.0,1261104.09284015,174041.348262265,2.0,139764.0,11.847710564890653
21539.0,1261060.80650412,173734.495205954,2.0,93180.0,11.442288385370787
21540.0,1264895.46782003,171744.535907909,1.0,0.0,
21541.0,1276081.71051949,186959.474611491,2.0,7727.322937704481,8.952517760473553
21542.0,1268377.3027036,180065.222316429,1.0,0.0,
21544.0,1269902.12875317,170821.99773097,1.0,0.0,
21545.0,1270094.50206536,170813.068962961,3.0,93182.0,11.442309848973883
21546.0,1278331.16895379,267834.805318311,4.0,472874.8332658955,13.066586009338694
21547.0,1278339.91308181,268495.346310988,3.0,22324.71771268044,10.013449761215954
21548.0,1265665.69002883,172888.887973085,2.0,6469.716892683606,8.774887629610785
21549.0,1265665.84983683,172851.800421044,2.0,3182.132149540922,8.065306738375071
21550.0,1262998.95293809,173334.200357541,3.0,52331.465612924025,10.865353106100452
21552.0,1259964.15747899,185049.369201541,1.0,0.0,
21553.0,1272637.71249996,197856.403326645,1.0,0.0,
21554.0,1270587.40523386,189732.90443833204,3.0,58099.93929651938,10.969919898029119
21555.0,1270271.79864155,189255.601909846,3.0,124302.90912413268,11.730476681280706
21556.0,1263452.27383456,169094.772193193,1.0,0.0,
21557.0,1283360.58540694,185039.322929516,3.0,129373.0481618682,11.770455356216415
21558.0,1283548.57977514,185048.304561526,1.0,0.0,
21559.0,1264794.58122793,168065.513376147,3.0,2297058.92984182,14.647140136475722
21560.0,1274748.65778212,185689.596914187,3.0,352861.2979814556,12.773830335135461
21562.0,1272786.19256411,185358.359089851,3.0,46919.51653296221,10.75618899864276
21563.0,1274235.3113496,193562.242234245,4.0,650769.4719460506,13.385910744723478
21564.0,1274328.37611769,193313.07180199,3.0,167795.53586884018,12.030501468780782
21565.0,1262537.50436161,182501.199726924,3.0,837123.4815420315,13.637726867314372
21566.0,1265673.57354884,173199.444389403,2.0,49875.58474314527,10.817286878296775
21567.0,1267615.67435083,183345.100975782,2.0,46592.0,10.749184131556358
21568.0,1272793.39429213,185480.78699398003,3.0,85040.03386020848,11.35087741118377
21569.0,1273450.9946768,185459.63217794904,3.0,56475.86978058993,10.941568742379005
21570.0,1262641.34436172,171255.690723404,3.0,426346.4913971437,12.963007654740634
21571.0,1262410.14506549,171268.821603417,1.0,0.0,
21572.0,1265278.95588443,185462.447793961,1.0,0.0,
21573.0,1271588.96625888,187452.92376399,3.0,628698.5156559963,13.351407113394922
21574.0,1263795.86013891,180840.653869227,3.0,1271324.2763028336,14.055569652408245
21575.0,1263804.70948292,180666.087917045,2.0,46592.0,10.749184131556358
21576.0,1267954.08638316,182185.275502607,1.0,0.0,
21577.0,1267478.23729467,182164.891694576,3.0,559126.1020238934,13.234130311712672
21578.0,1265429.17642859,180163.293996528,3.0,59315.9757770117,10.990633954722965
21579.0,1267258.62417446,182739.022127166,1.0,0.0,
21580.0,1267250.02481444,182509.53310293,3.0,634091.8908159076,13.359949161112276
21581.0,1253013.39215986,245331.323759258,3.0,2647363.849099464,14.789074928921714
21582.0,1267449.52638265,183350.776815787,1.0,0.0,
21583.0,1261565.25661662,174037.004390255,3.0,232928.0,12.358484671917985
21584.0,1259262.29047027,187094.038643628,2.0,23294.999999999996,10.055994024250897
21585.0,1270260.91704153,188820.361013398,4.0,109473.45892732828,11.603437414633577
21586.0,1261830.3869849,173718.599205926,1.0,0.0,
21587.0,1261874.45712894,173384.610021591,4.0,1167534.3433665042,13.970404684252289
21588.0,1264109.98615523,180881.84868526497,3.0,1350591.71623928,14.11605336271097
21589.0,1273614.58360496,261183.980351493,3.0,31029.001923819946,10.342677592046618
21590.0,1259057.65501405,185922.986546427,2.0,269.7067337827353,5.597335197511918
21591.0,1272805.09701213,185751.298930258,4.0,923302.7563877824,13.735712473121565
21592.0,1277739.85714519,182695.323055118,1.0,0.0,
21593.0,1278011.98130547,179142.895147488,1.0,0.0,
21594.0,1262565.53021765,185090.121713579,1.0,0.0,
21595.0,1263119.99466622,182120.13323053703,3.0,989524.0302674652,13.8049793289926
21596.0,1262702.19888979,181842.237806246,1.0,0.0,
21597.0,1262267.19453734,183009.30014345,3.0,166904.0190894729,12.025174190183673
21598.0,1274112.20824547,185970.585522473,3.0,94936.86672265892,11.460967388850142
21599.0,1260884.12579992,173965.36970219,2.0,46592.0,10.749184131556358
21600.0,1260804.09315984,173756.191013977,1.0,0.0,
21601.0,1274480.70520586,180414.056940794,4.0,556700.1711006295,13.229782081519549
21602.0,1265066.14500421,183177.75844761697,3.0,465758.0,13.051421464913206
21603.0,1263108.1708582,182303.880942717,3.0,912841.8308335504,13.724317903422959
21604.0,1263268.83722638,182383.620590806,1.0,0.0,
21605.0,1273953.54027732,180421.85681279,3.0,176338.6797249171,12.080161741513733
21606.0,1276688.86680812,186982.648499519,4.0,401925.89465564216,12.904023008955516
21607.0,1277075.42802452,186929.997299463,1.0,0.0,
21608.0,1264994.92202814,172320.982884496,1.0,0.0,
21609.0,1259231.28887023,186454.816178977,1.0,0.0,
21610.0,1271078.20216237,188881.048885465,3.0,457942.5545280853,13.03449902843515
21611.0,1260792.33955984,184526.853488997,3.0,167521.1795892232,12.028865067562519
21612.0,1272376.7012357,181760.822958171,3.0,804080.9821541837,13.597455267161143
21613.0,1278568.54713003,184159.438576624,1.0,0.0,
21614.0,1261346.1448724,170085.51625821,3.0,96325.53360514498,11.475488709111977
21615.0,1260107.96496713,169595.356449708,2.0,0.0,
21616.0,1258055.86045304,204734.860037684,3.0,2346.5905746785443,7.760718734395138
21617.0,1282645.47135821,184659.949681133,3.0,77180.88062936919,11.253907045098673
21618.0,1282633.8394862,185909.081394419,3.0,436690.0325992542,12.986978914846912
21619.0,1282643.67315021,185919.286450431,1.0,0.0,
21620.0,1256438.76297937,188634.619253203,1.0,0.0,
21621.0,1272485.46021181,197086.900221854,1.0,0.0,
21622.0,1297352.37729327,179015.560747355,4.0,139769.99999999997,11.847753493478953
21623.0,1297352.20538928,179000.749739334,1.0,0.0,
21624.0,1277047.87301648,180030.952748388,1.0,0.0,
21625.0,1277182.35173662,280274.03470704,2.0,500587.25267621846,13.12353719356494
21626.0,1263334.56349844,180886.678381264,1.0,0.0,
21627.0,1271351.02411465,171021.81065917,1.0,0.0,
21628.0,1283251.28742284,185064.940721557,3.0,193827.80625793716,12.174725447289777
21629.0,1270403.89675368,188535.21560511,3.0,203835.2317727684,12.225067259082763
21630.0,1260496.01994354,169732.953633845,3.0,4537.933727667279,8.420227061369614
21631.0,1261539.1730326,183030.708847463,1.0,0.0,
21632.0,1265062.81527621,182903.809519336,1.0,0.0,
21633.0,1264132.56381926,180604.442092985,1.0,0.0,
21634.0,1266549.06359772,183174.24203161904,3.0,99712.62385832448,11.510047566373052
21635.0,1267095.94475029,182512.57111893603,3.0,554616.5806922476,13.226032308385234
21637.0,1277034.17285646,281232.683092028,3.0,448340.2147386157,13.013307631091541
21638.0,1267139.34750234,183166.433967605,3.0,60373.70418156199,11.008308927893273
21639.0,1267138.47940633,182893.647471324,1.0,0.0,
21640.0,1264104.33751522,172602.869156793,1.0,0.0,
21641.0,1274507.07461388,175788.689256057,1.0,0.0,
21642.0,1260516.65539955,168274.789216354,3.0,298743.3665306427,12.607340177899813
21643.0,1270970.56331426,188936.60453350804,3.0,392144.7170414947,12.879386226770123
21644.0,1262599.51671368,181022.241773412,1.0,0.0,
21645.0,1261761.03876083,173486.211877689,1.0,0.0,
21646.0,1257770.96598874,204430.141445383,3.0,2862.260582890297,7.959367005199583
21647.0,1262275.47472936,189458.200630054,1.0,0.0,
21648.0,1262269.49373735,174021.103206247,3.0,295536.1960488261,12.596546599185869
21649.0,1278145.6237376,179840.824172199,1.0,0.0,
21650.0,1259738.79837476,169624.880993739,1.0,0.0,
21651.0,1273960.58258133,181068.098925456,2.0,37953.10696970858,10.54410664955715
21652.0,1269888.32990515,171106.90531525,1.0,0.0,
21653.0,1262347.28624943,174016.524454236,3.0,826920.6273531213,13.625463992801377
21655.0,1267270.58641447,183432.790767878,1.0,0.0,
21656.0,1265123.34532426,171831.011107996,1.0,0.0,
21657.0,1266556.98583774,183447.9580639,1.0,0.0,
21658.0,1274255.72139762,180906.206573293,1.0,0.0,
21659.0,1264909.34769206,180074.768236443,1.0,0.0,
21660.0,1253040.2946879,245336.451695263,1.0,0.0,
21661.0,1261488.17706455,173705.103205919,1.0,0.0,
21662.0,1271127.93009841,173896.658214107,3.0,706362.2523607506,13.467883490208695
21664.0,1262071.18935314,185080.660465568,1.0,0.0,
21665.0,1261828.7820569,168187.280864269,3.0,901684.0063535286,13.712019412116017
21666.0,1261821.76496889,167787.34332785,1.0,0.0,
21667.0,1263379.58634648,181984.878638402,1.0,0.0,
21668.0,1276305.41317572,181379.497261778,1.0,0.0,
21669.0,1272818.15013215,186259.015090778,3.0,47064.585001455336,10.759276086380677
21670.0,1273227.74379657,186241.911090761,1.0,0.0,
21671.0,1283058.59225464,185880.388530388,2.0,212020.44795633465,12.264438001627115
21672.0,1264306.39581944,181489.651245892,1.0,0.0,
21673.0,1272657.80203599,187048.233331576,3.0,514712.402927962,13.151363582743091
21674.0,1261991.47101706,172737.127396926,2.0,1071859.2482262512,13.884905313696102
21675.0,1262337.04087342,182873.9555673,1.0,0.0,
21676.0,1262998.95293809,173214.755429417,1.0,0.0,
21677.0,1265030.63127618,182129.414382547,1.0,0.0,
21678.0,1270678.54942596,189087.808949664,1.0,0.0,
21679.0,1263744.51146686,172619.093860805,1.0,0.0,
21680.0,1272811.39851615,186016.409586519,3.0,108723.54712713372,11.596563674554147
21681.0,1277679.21426512,183271.800239712,1.0,0.0,
21682.0,1271220.84267451,174725.490918964,1.0,0.0,
21683.0,1276313.25144772,181965.830446377,1.0,0.0,
21684.0,1271975.73649928,275245.510669902,1.0,0.0,
21685.0,1282697.38105427,185803.092082307,3.0,358813.2640198502,12.790557376208824
21686.0,1263277.60490638,207612.087496638,1.0,0.0,
21687.0,1260629.73552766,235777.944933474,2.0,26205.849449307658,10.173737926254022
21688.0,1272592.84254792,185360.206833854,1.0,0.0,
21689.0,1263464.69047457,169261.704929367,1.0,0.0,
21690.0,1278619.16185009,183820.028464273,1.0,0.0,
21691.0,1267101.5897423,182767.597487196,1.0,0.0,
21692.0,1261176.14813623,282706.596117541,1.0,0.0,
21693.0,1260716.13827975,282697.358293518,4.0,326082.0,12.694904162461867
21694.0,1266634.04177381,283687.126294538,3.0,46596.0,10.749269979519667
21695.0,1266565.90673375,284486.410135359,2.0,1905.2412518683752,7.552363920943178
21696.0,1275123.67013451,285172.004568055,1.0,0.0,
21697.0,1266746.34340593,283412.893590257,3.0,137858.75874813326,11.833984952686164
21698.0,1266548.58526173,282647.237653479,1.0,0.0,
21699.0,1266598.69342178,283935.043478787,1.0,0.0,
21700.0,1274014.03685337,280237.586963013,1.0,0.0,
21701.0,1266416.72132559,283223.27029407,1.0,0.0,
21702.0,1266331.00369351,283171.343254015,1.0,0.0,
21703.0,1260351.82992738,282854.632277682,1.0,0.0,
21704.0,1261373.72189642,283696.435990542,1.0,0.0,
21705.0,1271749.85304305,275684.188238338,2.0,75302.60827561883,11.229270051642521
21706.0,1271607.3956989,280681.95483546,1.0,0.0,
21707.0,1268881.82564811,282885.964885712,3.0,43465.26844603957,10.679717471636726
21708.0,1272430.37240376,279818.407698572,1.0,0.0,
21709.0,1260043.75837506,281404.239124194,1.0,0.0,
21710.0,1260573.47645561,283267.263318107,1.0,0.0,
21711.0,1282675.94047825,180700.565549076,4.0,268343.5214317265,12.500023235080368
21712.0,1281399.11231694,177734.460906044,3.0,114783.15511630932,11.650800019665017
21713.0,1281735.57062128,177727.689962029,4.0,897327.1786625301,13.707175822209503
21714.0,1283207.74777479,178891.996011227,1.0,0.0,
21715.0,1283652.78956725,178872.263147205,2.0,46592.0,10.749184131556358
21716.0,1280127.55186763,177406.065897703,2.0,7226.215844179441,8.885470781754059
21717.0,1280278.89733979,177383.062377676,2.0,15110.236267197432,9.62312769162352
21718.0,1283394.14969498,177640.402409941,3.0,64702.5310609114,11.077555599676089
21719.0,1284156.24659176,179205.458347544,3.0,661892.2232408607,13.402858016892896
21720.0,1284141.83481574,178905.07601124,3.0,46592.0,10.749184131556358
21721.0,1282378.10540594,176981.591721267,3.0,118581.47379214432,11.683355545857966
21722.0,1282686.34073426,176975.530345261,3.0,54069.5236726226,10.898025972879555
21723.0,1280669.46745218,177749.253866062,3.0,225810.53289412928,12.327451576616534
21724.0,1280646.38514817,176912.195817202,2.0,9462.997958447866,9.155144520767733
21725.0,1284411.38880002,178120.539882436,1.0,0.0,
21726.0,1283038.45715061,178620.893546954,4.0,119345.63305972176,11.68977904173621
21727.0,1284408.95308802,178898.374955237,1.0,0.0,
21728.0,1282038.02374159,178037.934378356,3.0,125900.16589814506,11.743244537729307
21729.0,1282379.69004594,178021.267754331,3.0,80890.1677426108,11.300847559722431
21730.0,1281072.1953246,177051.67261734596,3.0,62013.17603130608,11.035102158082736
21731.0,1281779.23718132,177023.260265321,3.0,123800.07018722392,11.72642320617289
21732.0,1282706.23046227,177645.857449949,3.0,187573.9106268745,12.141928236730129
21733.0,1283036.33638261,177642.077225953,3.0,67887.84795481921,11.125612327792226
21734.0,1281088.41708462,177514.970217824,3.0,100047.0926562388,11.513396280681503
21735.0,1281778.79986933,177491.231785789,3.0,277487.6430285982,12.53353168155048
21736.0,1281097.05158062,177737.098730043,4.0,141073.7320248999,11.857037954846566
21737.0,1280724.52441224,177749.969130054,3.0,270459.4064618879,12.507877297474502
21738.0,1283897.3038715,178909.589803249,4.0,546136.6878534469,13.21062456745013
21739.0,1283841.05363144,178838.756651178,3.0,465124.41260832513,13.050060202779704
21740.0,1282640.52390221,181220.18359760905,3.0,312952.9175427933,12.653808035021624
21741.0,1282380.67500594,177679.981737986,4.0,426558.3760956459,12.96350450898766
21742.0,1284365.54239997,179447.440107793,1.0,0.0,
21743.0,1282380.21106994,177980.121834293,3.0,68071.228751653,11.128309917574109
21744.0,1282998.44012657,177982.205162302,2.0,51347.323149916585,10.846368084492882
21745.0,1282817.35750239,179039.796587378,2.0,125927.89275704004,11.743464742413051
21746.0,1282781.66988635,179818.013164178,3.0,197941.12900972285,12.195724937232146
21747.0,1281066.9194206,176892.42224918297,3.0,36635.90469229302,10.508784041042615
21748.0,1282066.15295762,178630.867946967,2.0,46592.0,10.749184131556358
21749.0,1281645.83622119,178056.16369037298,3.0,1078492.6011024294,13.891074884428456
21750.0,1283034.66156662,176985.62090528,3.0,48041.12735163157,10.77981274285512
21751.0,1281792.43174134,177351.732393652,3.0,125340.08075480888,11.738785968064471
21752.0,1283831.93913543,178922.089771256,3.0,71716.42706040305,11.18047510858078
21753.0,1282378.07065395,177344.304553643,3.0,132641.09153818715,11.795402199664174
21754.0,1280113.91570762,177787.098602101,1.0,0.0,
21755.0,1280137.26412365,177761.248298064,4.0,152713.05853813986,11.936316005154362
21756.0,1283068.95545465,176987.054953277,1.0,0.0,
21757.0,1282662.39884622,181495.009837896,3.0,865244.6501460436,13.670767578463213
21758.0,1274241.99902961,181851.147566259,1.0,0.0,
21759.0,1274239.51243761,181733.710830137,3.0,110124.76064319772,11.609369189735077
21760.0,1285582.84576122,210381.818891481,3.0,898013.8515962306,13.707940772105497
21761.0,1277977.78021744,224181.146905601,3.0,258650.0067890204,12.463231101679565
21762.0,1287251.02809893,207355.251784369,3.0,480316.3966926459,13.082200325510033
21763.0,1285915.39756957,210249.961163342,3.0,756280.9498169993,13.536168212867619
21764.0,1284029.59948763,211273.671756387,3.0,2072950.5122316787,14.544483518596387
21765.0,1284978.20326459,210764.539211869,3.0,1730577.378985276,14.363965655871656
21766.0,1277703.10034515,224124.36783354,3.0,6048.080493743782,8.707496226921561
21767.0,1285272.9083529,210393.445451483,3.0,1384981.6645716298,14.141197458939505
21768.0,1257913.67306089,218356.903635636,3.0,2693715.9991675066,14.806432210635744
21772.0,1257879.49923685,218809.76462809704,3.0,50628.52632005495,10.832270457687784
21773.0,1277219.00453666,282174.992212996,3.0,501001.160885192,13.12436369720043
21775.0,1287855.28179555,205646.224006623,3.0,445835.0532446446,13.007704326821745
21776.0,1287117.46048279,207785.904136822,3.0,528733.9334856595,13.178240623038242
21777.0,1258042.49693301,218168.214355454,1.0,0.0,
21778.0,1258017.46224499,218592.241747886,1.0,0.0,
21779.0,1258297.37635729,218334.929299623,3.0,754098.076424971,13.533277713365274
21780.0,1258497.60298148,218325.302995607,2.0,232920.0,12.358450325951056
21781.0,1275932.48645534,180094.070700467,3.0,51406.57454392469,10.847521352678422
21782.0,1275463.57663086,180080.327980444,4.0,6396.472072826949,8.763501878739108
21783.0,1275945.38079135,180649.070893034,3.0,124992.1598299634,11.736006292957079
21784.0,1275151.02571854,181114.389869511,3.0,57839.29743857807,10.96542371012295
21785.0,1274477.53496584,179284.817707628,4.0,208076.1989723344,12.245659632810042
21786.0,1274952.17739834,181422.032621816,3.0,200875.5313774037,12.210440748350086
21787.0,1274583.96158996,180413.661292791,4.0,233183.4892715476,12.359580930229633
21788.0,1274397.85042177,179337.069931686,3.0,83124.67770686082,11.328096900739942
21789.0,1274346.46136571,179156.8616115,3.0,225334.79522623704,12.325342554026347
21790.0,1274507.60901389,180097.360428467,3.0,65937.86003938796,11.096468062950608
21791.0,1274442.53272581,179753.67703610696,3.0,40734.198770456096,10.614823283236364
21792.0,1274594.15576597,179399.74173975,3.0,165019.25918798088,12.013817468422593
21793.0,1275263.12395865,180084.517932445,4.0,25302.83845118759,10.138671860169133
21794.0,1274932.55768631,179746.5940281,4.0,82563.32235127506,11.321320821563601
21795.0,1275510.92133491,179755.455596119,4.0,27893.070054363063,10.23613355180848
21796.0,1266508.26545368,211967.580429092,3.0,685768.6805600086,13.438295649493359
21797.0,1279746.43385124,205730.829446718,1.0,0.0,
21798.0,1271099.08203439,221829.320215195,1.0,0.0,
21799.0,1265808.11953297,211927.681613058,1.0,0.0,
21800.0,1279023.2450505,242523.66794838,3.0,780237.7339894678,13.567353939393586
21801.0,1277506.61093695,199386.99078421303,3.0,151504.67494217362,11.928371761159587
21802.0,1278423.53228189,198102.68006290504,3.0,120931.4680029154,11.702979283983863
21803.0,1271116.75723441,222092.915223464,1.0,0.0,
21804.0,1275426.66232683,202126.871491015,3.0,188505.7996747568,12.146884052902234
21805.0,1279745.58905125,194055.41746676,1.0,0.0,
21807.0,1277229.98840867,240958.519850791,1.0,0.0,
21808.0,1276995.82028043,242078.644907936,1.0,0.0,
21809.0,1276986.68018442,242103.203243956,3.0,93182.0,11.442309848973883
21810.0,1277084.25349651,242544.92580440603,3.0,88911.21984556259,11.395393621025145
21811.0,1277109.17208855,242555.140012413,1.0,0.0,
21812.0,1291621.94125541,183579.358384028,1.0,0.0,
21813.0,1258650.48656563,217678.359698951,1.0,0.0,
21814.0,1273159.87058049,219294.270228595,3.0,245931.47420208555,12.41280821595529
21815.0,1286919.67577858,171468.507555634,2.0,1913.584126984127,7.556733268876659
21816.0,1272996.44504434,219937.21282126,3.0,869070.5679524064,13.675179606879627
21817.0,1271912.26609921,219615.45128493,3.0,2147848.137688961,14.579977032711646
21820.0,1272329.76037166,219682.507605001,3.0,892934.5803846839,13.702268598927285
21821.0,1273068.2753164,219995.519445315,3.0,762091.6948453978,13.543822161871955
21822.0,1275148.89381453,239491.999145284,1.0,0.0,
21824.0,1279666.95666716,205736.310790718,1.0,0.0,
21825.0,1279301.85369079,207611.781448632,1.0,0.0,
21826.0,1255651.81603457,257940.312316179,1.0,0.0,
21831.0,1251069.15036587,237853.74391160897,3.0,998399.1400063152,13.813908415225049
21832.0,1250873.53391768,238092.980007857,3.0,918982.9850004984,13.731022886477087
21833.0,1273411.20440476,221805.243543178,2.0,55676.09316486792,10.927306126685712
21835.0,1263037.83901814,261816.846912146,1.0,0.0,
21836.0,1296865.28250878,183146.000623584,3.0,269363.24155894294,12.503816088062154
21837.0,1297034.97274895,183136.26903957097,3.0,139768.0,11.84773918415428
21838.0,1269681.75486493,265804.28544423,2.0,32013.181876354294,10.373903030596567
21839.0,1273751.67685311,223687.342105106,4.0,111573.61622283144,11.622439887205294
21840.0,1273691.96498105,223687.964505106,2.0,33151.01266263698,10.408828543039949
21841.0,1293364.80948119,181289.950893685,3.0,189285.73659237372,12.151012986193642
21842.0,1293510.93421733,180852.658093229,1.0,0.0,
21843.0,1297031.09876494,182793.564015225,1.0,0.0,
21844.0,1280911.42758043,180564.30897294,1.0,0.0,
21847.0,1252353.89807919,211987.304141119,2.0,175113.7332515314,12.073190946103777
21848.0,1280285.1739478,181003.312301397,2.0,89572.67712029163,11.402805609604608
21850.0,1286874.24902654,169783.542753905,3.0,1136320.035184575,13.943305559700475
21851.0,1285576.32998522,171574.659939736,3.0,1878548.9334973104,14.44601019289687
21852.0,1276426.07570384,280751.488147527,3.0,164130.96321936592,12.00841994434561
21853.0,1276400.12165582,281704.886164516,2.0,46592.0,10.749184131556358
21854.0,1258942.80355795,201041.277185917,1.0,0.0,
21855.0,1276123.32395953,281712.692628518,1.0,0.0,
21857.0,1276387.46450381,280517.460435286,3.0,202209.1674310844,12.217057922973416
21859.0,1276084.91819949,280527.905939311,3.0,185986.9469565841,12.133431772579998
21860.0,1283532.88102312,176290.792552561,3.0,134156.55993026093,11.806762754622879
21861.0,1251187.573662,212321.468557462,3.0,91046.58772266743,11.419126607492107
21862.0,1251189.556574,212333.994445473,1.0,0.0,
21863.0,1283523.35315111,175999.114024267,1.0,0.0,
21865.0,1276090.5605675,280789.19048357,1.0,0.0,
21870.0,1275004.29010239,204141.866437078,2.0,778126.0196450725,13.564643769021593
21872.0,1289377.00416511,180106.348908469,2.0,46592.00000000001,10.749184131556358
21873.0,1289386.49235712,180114.713388488,1.0,0.0,
21874.0,1270325.8700016,222791.018776178,3.0,64362.01939810153,11.072278977216035
21875.0,1270318.5389936,222485.198551863,3.0,44476.937322127305,10.702726071385836
21876.0,1270332.7640176,223096.93647249,3.0,33143.33689322342,10.408596976714938
21879.0,1269589.05163284,278999.25544174,1.0,0.0,
21880.0,1279972.82514748,179744.221676096,1.0,0.0,
21885.0,1276052.35461546,283723.700694576,1.0,0.0,
21886.0,1279675.48812318,172879.814117074,1.0,0.0,
21887.0,1280051.20229955,173990.47792621,1.0,0.0,
21888.0,1276985.07359241,185418.898673907,1.0,0.0,
21889.0,1278077.33484153,174846.341351092,1.0,0.0,
21890.0,1281584.17855713,180909.219693288,1.0,0.0,
21891.0,1276995.02207242,285257.21276015,3.0,50409.1665762276,10.827928314034384
21892.0,1285134.58912076,187219.126003757,1.0,0.0,
21893.0,1285293.84307292,187216.383923754,3.0,46592.0,10.749184131556358
21894.0,1255440.88272235,192399.33119306,2.0,163408.92973126844,12.004011109432975
21895.0,1253150.66812801,249082.625651106,3.0,1929733.4062356956,14.47289241985594
21899.0,1278271.69170573,229222.174558774,3.0,46872.94044757495,10.755195825189046
21902.0,1281566.19334111,224031.574041456,1.0,0.0,
21904.0,1278270.60447374,229195.683486745,1.0,0.0,
21914.0,1264775.61309992,216067.97320129,2.0,130073.68119282868,11.775856347285877
21915.0,1265600.67870076,216931.883538187,4.0,120227.34059863228,11.697139734441548
21916.0,1282540.3059181,194593.300923303,3.0,93182.0,11.442309848973883
21917.0,1282539.4574701,194580.35801129,1.0,0.0,
21918.0,1265074.67351621,216615.74472186,2.0,33147.86303402184,10.408733530007392
21924.0,1267246.49988644,229114.458206654,3.0,15348.921364779855,9.638800481150884
21925.0,1282448.53740601,194600.282491311,1.0,0.0,
21926.0,1265967.48766114,216971.318162218,1.0,0.0,
21931.0,1282707.58015828,194581.148347288,3.0,144487.86641386227,11.880950813554751
21932.0,1272257.61713958,286065.125528976,3.0,76382.51870302141,11.243509136185294
21933.0,1272457.70398778,286072.590680987,3.0,122272.21732377872,11.714005127624812
21934.0,1271620.72472292,285397.590744287,3.0,32278.49457636621,10.382156484876491
21935.0,1271424.80977872,285853.917912751,3.0,34323.41252190434,10.44358298111524
21936.0,1272220.72453153,285337.69487223,4.0,112017.39002072305,11.626409406266566
21937.0,1272343.12056366,286632.834009558,3.0,139311.698781612,11.844469138880548
21938.0,1271610.82872291,285041.340823919,2.0,771.1590854713422,6.64789468881758
21939.0,1271628.53701094,286869.986777797,2.0,34755.84039143894,10.456102905689344
21940.0,1272461.61016378,286643.684697568,3.0,351847.8083103947,12.770953998329947
21941.0,1272455.09969978,285349.153496236,3.0,81814.637212908,11.312211445616263
21942.0,1272221.24549153,285079.882391959,2.0,17763.446056135625,9.784898032416185
21944.0,1267797.843887,196252.342525005,1.0,0.0,
21945.0,1273682.87512504,193678.206266373,1.0,0.0,
21946.0,1293286.06784911,189036.85797362,1.0,0.0,
21947.0,1263554.78154667,192453.119481117,2.0,27768.179262665595,10.231646013249161
21948.0,1260268.8697993,187205.779251739,2.0,186344.0,12.13534970691119
21949.0,1272674.24491601,192771.614585444,1.0,0.0,
21950.0,1269718.86891298,191358.124279991,1.0,0.0,
21951.0,1263619.01994672,192121.558136776,1.0,0.0,
21952.0,1276452.29874387,189078.458613664,1.0,0.0,
21954.0,1260555.70090359,212400.496269539,2.0,469056.6323524355,13.058478791423077
21955.0,1272756.85464409,233140.40720278,1.0,0.0,
21956.0,1255610.79907453,201308.373442188,3.0,93174.0,11.442223991797244
21957.0,1260318.76471135,212764.736013919,1.0,0.0,
21958.0,1260259.98595929,212434.42337358,4.0,413101.07914557966,12.931447585692215
21959.0,1260301.10762334,212361.104909495,3.0,468386.7855931353,13.057049698508283
21960.0,1279049.88377053,211016.637132123,1.0,0.0,
21961.0,1260318.02160735,212439.104461581,1.0,0.0,
21962.0,1289249.68352498,191330.941303968,1.0,0.0,
21963.0,1289093.88205281,191270.082807899,1.0,0.0,
21964.0,1278958.73202644,210670.902283773,1.0,0.0,
21965.0,1288642.76122035,191391.11372003,1.0,0.0,
21966.0,1288832.11091655,191204.31256783,1.0,0.0,
21967.0,1288648.61062837,191415.586808056,1.0,0.0,
21968.0,1254190.86326508,192426.854777083,1.0,0.0,
21969.0,1282703.39839827,271026.357705578,3.0,324764.3576532657,12.690855144958986
21970.0,1268202.65086342,284718.006487593,4.0,333252.9798166476,12.716657179686342
21971.0,1283566.32319915,266047.675716475,1.0,0.0,
21972.0,1266345.98660553,212117.55162924496,3.0,180062.2619935367,12.10105797002684
21973.0,1268474.7257437,284791.852439672,3.0,22963.69700575595,10.041669856885726
21974.0,1268475.5938397,284851.748311728,3.0,354296.5608839345,12.777889584015412
21975.0,1282794.23583837,271024.750729576,3.0,277181.43488928775,12.532427570351178
21976.0,1284703.20710433,187137.81515567,3.0,182370.6333868559,12.113796342491735
21977.0,1284787.07865641,187132.81387566,1.0,0.0,
21981.0,1285011.50796863,187576.932724118,1.0,0.0,
21984.0,1285009.75865664,187518.628020063,1.0,0.0,
21985.0,1266796.24030198,277107.797263801,1.0,0.0,
21986.0,1281350.67014089,173711.314469919,3.0,110827.84816925404,11.615733358983036
21987.0,1281345.28825288,173359.057637557,1.0,0.0,
21988.0,1295094.65908296,182796.199791223,2.0,46592.0,10.749184131556358
21989.0,1262562.43344964,284781.669719666,1.0,0.0,
21990.0,1266570.59799775,280763.685651541,1.0,0.0,
21991.0,1280692.78988421,182345.930030763,2.0,8793.152340804589,9.081728554465426
21992.0,1295308.54906718,182797.584687233,1.0,0.0,
21993.0,1278216.39263368,180684.342829064,1.0,0.0,
21994.0,1274208.83730157,279494.93883425,1.0,0.0,
21996.0,1264627.71575576,284284.290135145,1.0,0.0,
21997.0,1265538.74577269,190784.999159411,1.0,0.0,
21998.0,1281389.21862093,174614.236198843,1.0,0.0,
21999.0,1271853.30136316,279796.46549055,1.0,0.0,
22000.0,1278398.11205786,180497.89079687,1.0,0.0,
22001.0,1251366.96867019,212414.53626956,1.0,0.0,
22003.0,1262713.9058978,283773.350550622,1.0,0.0,
22004.0,1278185.84805764,174789.836263031,1.0,0.0,
22005.0,1271786.8241151,212114.164173245,3.0,343400.47588198824,12.746652613239508
22006.0,1259821.22570284,239997.443049803,3.0,96668.17759665084,11.479039543482576
22007.0,1272434.77361976,211994.957069129,3.0,220173.42980400735,12.302170832066567
22008.0,1266861.32574205,233740.416483387,1.0,0.0,
22009.0,1265852.91505301,212225.48250936004,3.0,292439.1459539956,12.586011875988529
22011.0,1268599.41086383,212042.40410918,4.0,213128.74265843217,12.269651687726407
22012.0,1266677.87633386,195031.579195753,1.0,0.0,
22013.0,1283148.89196673,211541.998988658,1.0,0.0,
22014.0,1259489.67978249,240012.188393816,2.0,48140.21716125724,10.78187322236256
22015.0,1281114.96326065,211231.88474834,3.0,138444.18706173025,11.83822254188691
22017.0,1282703.40467027,271043.75264959,1.0,0.0,
22018.0,1265099.49495624,198348.121791154,1.0,0.0,
22019.0,1283142.41753472,211542.372620657,1.0,0.0,
22020.0,1252839.53558369,239230.192297012,1.0,0.0,
22021.0,1268428.00964765,272423.232843012,3.0,665328.4031615859,13.408036037080205
22022.0,1277734.66296919,281809.534932613,1.0,0.0,
22023.0,1257986.42518896,218735.374356031,1.0,0.0,
22027.0,1263607.53501871,186471.730866984,3.0,667889.246628855,13.4118776403129
22028.0,1270473.56100975,190376.741430983,2.0,46592.0,10.749184131556358
22029.0,1263600.0662187,186214.226098731,1.0,0.0,
22030.0,1259135.51050214,286586.332121506,3.0,293538.2911597496,12.589763373657986
22031.0,1259176.89527018,286543.724313468,3.0,471700.0174566936,13.064098506280395
22034.0,1270168.61310543,190260.07499887,1.0,0.0,
22035.0,1270219.37387349,190403.052727014,1.0,0.0,
22036.0,1279408.0113229,177224.585961521,3.0,106952.0047644288,11.580135459210313
22037.0,1270097.37112136,191306.526327938,2.0,1732192.849749524,14.364898707027082
22039.0,1252263.18307111,211648.718860775,1.0,0.0,
22040.0,1283288.46316688,180267.889260635,1.0,0.0,
22041.0,1257882.82141286,287148.877274081,3.0,93181.99999999996,11.442309848973883
22042.0,1279584.41810708,174030.228518248,1.0,0.0,
22043.0,1283283.17023887,180512.754604891,1.0,0.0,
22044.0,1257882.67510885,286965.013145894,1.0,0.0,
22046.0,1280693.82399622,182371.784302786,2.0,35310.24872391799,10.471928532905496
22047.0,1279613.9045711,279889.69787465,1.0,0.0,
22049.0,1264313.44145145,285339.156824231,1.0,0.0,
22050.0,1257564.03958853,286356.597657278,1.0,0.0,
22052.0,1266784.09098998,285109.737304002,1.0,0.0,
22053.0,1279233.50085872,177232.594793528,2.0,46592.0,10.749184131556358
22054.0,1279213.26757869,177190.021097481,1.0,0.0,
22055.0,1277299.78130473,175350.877415597,1.0,0.0,
22057.0,1277451.56933689,180652.070893034,1.0,0.0,
22058.0,1277632.59724107,175388.547943637,1.0,0.0,
22059.0,1282347.7580779,186453.723698974,1.0,0.0,
22060.0,1278738.26393022,173428.81994164,1.0,0.0,
22061.0,1276104.87423152,224649.368410081,1.0,0.0,
22062.0,1277867.57080932,280660.574291438,1.0,0.0,
22063.0,1257591.31280455,287171.196442112,1.0,0.0,
22065.0,1265539.3855167,190758.421111375,1.0,0.0,
22067.0,1262546.86756164,286418.406297341,1.0,0.0,
22068.0,1276898.66789633,285113.983383998,1.0,0.0,
22069.0,1267472.22647868,276974.797583669,1.0,0.0,
22070.0,1266796.17924598,280328.270163104,1.0,0.0,
22071.0,1277820.72082527,283859.391062722,1.0,0.0,
22072.0,1278936.53554641,281743.429716542,1.0,0.0,
22075.0,1266523.76183771,281001.459795788,1.0,0.0,
22076.0,1281065.8646366,281997.025364801,1.0,0.0,
22077.0,1266322.8127175,184053.40990451,1.0,0.0,
22078.0,1277544.70469698,278874.215697616,1.0,0.0,
22079.0,1263584.40913069,286961.358617887,1.0,0.0,
22080.0,1259112.03191012,216980.217106238,2.0,46592.0,10.749184131556358
22081.0,1268049.64292726,174591.226086825,4.0,886090.6641730842,13.694574554118345
22083.0,1273650.128437,202400.674371302,3.0,43909.79130071408,10.689892610657063
22084.0,1266451.78884563,169577.116321683,2.0,26728.64905321594,10.193491267384967
22085.0,1274826.7638942,202518.562307417,1.0,0.0,
22086.0,1273612.83294897,202312.979011208,2.0,3265.552238128505,8.091184166191796
22087.0,1273550.24549291,201943.46105884,1.0,0.0,
22088.0,1273885.25758924,202272.170371175,2.0,46592.0,10.749184131556358
22089.0,1273879.91275723,202252.229507148,1.0,0.0,
22090.0,1282683.49260625,180164.888492525,2.0,194997.0606082607,12.180739763628482
22091.0,1281653.4654692,182121.24779053,3.0,155144.785677668,11.952114061046645
22093.0,1281864.87122941,181090.78065347704,3.0,595213.1038097033,13.296674778067988
22094.0,1281866.86892542,179258.369643599,2.0,242490.5860214786,12.398718168076153
22104.0,1286111.48608176,172901.147109091,3.0,486528.327737,13.095050406532767
22106.0,1284956.06912059,171137.193955287,2.0,46591.99999999999,10.749184131556358
22107.0,1285567.6387852,171026.280803174,3.0,1685653.0550351108,14.337663616436616
22116.0,1286012.81862566,197934.986174732,1.0,0.0,
22117.0,1285582.39526522,198199.991166994,1.0,0.0,
22118.0,1285589.33324923,198458.363711268,1.0,0.0,
22119.0,1285583.03142522,198206.033151001,1.0,0.0,
22120.0,1276950.11992837,179469.917739823,1.0,0.0,
22123.0,1282762.26214233,182960.151919395,3.0,962436.5047746171,13.77722337390269
22124.0,1282762.57254234,182331.641710758,2.0,1000286.37627246,13.815796893238877
22125.0,1281890.31410944,186039.766514555,3.0,879852.2017205815,13.687509219758525
22126.0,1285611.33484925,181985.597742394,3.0,1664162.916122503,14.324832801894399
22128.0,1282285.13484584,180161.052524522,2.0,622862.3010091106,13.342080747672258
22132.0,1276705.55474412,222651.134232044,2.0,4886.62929343284,8.49425803874182
22133.0,1271101.65880239,221581.667862937,1.0,0.0,
22134.0,1265645.9147968,259110.71257337896,3.0,36745.17639355179,10.511762241429114
22135.0,1260226.86429526,244584.514542505,2.0,2296710.7727511283,14.646988558528243
22138.0,1283786.41887937,270362.52570489,3.0,2008954.6211725709,14.513125055773209
22139.0,1279173.69618666,177872.082026184,1.0,0.0,
22140.0,1274270.18693364,250198.151988253,2.0,794.739657750802,6.678014586495547
22141.0,1272862.4463242,212529.98714967104,3.0,181556.35835455512,12.109321398837606
22142.0,1267741.93918295,234316.228643984,1.0,0.0,
22143.0,1263000.5936421,171387.04515554,1.0,0.0,
22144.0,1282185.97132574,198445.354239255,3.0,133672.7228431978,11.803149724648067
22148.0,1282034.04671758,198955.954239771,3.0,296453.6387747064,12.599646123557422
22149.0,1282031.82956558,198835.417407647,3.0,94438.80490843118,11.455707336613145
22150.0,1282027.22194958,198835.448255658,1.0,0.0,
22151.0,1261825.0422169,166959.032671005,3.0,433958.0697398608,12.980703194912532
22152.0,1268292.79831952,229040.600414574,3.0,119195.95016290624,11.688524057892813
22156.0,1256220.23485115,235217.347300902,3.0,419970.7641768926,12.947940378734089
22157.0,1261835.4588569,166935.421534985,1.0,0.0,
22158.0,1262039.97290511,166851.740894899,3.0,526000.3496199743,13.173057156396384
22159.0,1268196.87857541,229126.011038661,3.0,9761.723992968986,9.186224302432246
22160.0,1256479.09488341,235532.579941228,3.0,107124.56954246444,11.58174763761863
22164.0,1262346.37450543,166454.651806489,1.0,0.0,
22165.0,1262426.94813751,167104.770911157,1.0,0.0,
22168.0,1267767.25835098,234303.108259976,2.0,282997.0247517241,12.553191663325318
22169.0,1276703.23884013,247856.105777845,4.0,147979.68618014,11.904830287786254
22170.0,1272739.60997207,212649.6322698,1.0,0.0,
22171.0,1270852.83518614,225974.643291444,2.0,30395.58552247313,10.322052663773333
22172.0,1265341.06372449,260643.860414937,1.0,0.0,
22173.0,1273802.32926916,250494.493556544,1.0,0.0,
22174.0,1269386.15108864,215882.381649107,1.0,0.0,
22175.0,1286906.33030657,204791.149573743,1.0,0.0,
22176.0,1266374.56068555,237264.888103008,4.0,29954.038489053182,10.307419435490194
22177.0,1282670.69209424,225192.761690646,2.0,46340.78727652366,10.74377778697722
22179.0,1255139.85347405,216602.582033843,1.0,0.0,
22180.0,1253357.94825622,250286.533044338,1.0,0.0,
22181.0,1275720.45074312,270909.180745453,1.0,0.0,
22182.0,1274171.55691753,225025.103898466,2.0,21847.52627394553,9.991842980107478
22183.0,1285065.3848327,257702.905659929,1.0,0.0,
22184.0,1250579.05910137,241285.838763118,2.0,46592.0,10.749184131556358
22185.0,1250541.34562933,241401.899243236,1.0,0.0,
22186.0,1258394.91126938,287352.022874296,3.0,139842.49399255705,11.848272025345295
22187.0,1272958.6803723,264161.332034543,1.0,0.0,
22188.0,1257136.39574809,244264.965358168,1.0,0.0,
22189.0,1258191.95235717,217178.508370429,1.0,0.0,
22190.0,1266411.63505359,232492.152930111,1.0,0.0,
22191.0,1288422.91878814,249483.91160351,2.0,392.9003663003663,5.973556058863206
22192.0,1278323.43800978,201768.082178652,4.0,387307.5620562651,12.866974390373594
22193.0,1285735.10624138,259065.489213333,4.0,329009.11196167785,12.703840725296136
22195.0,1278255.20882572,201743.082178622,4.0,459032.7308156571,13.036876795466892
22196.0,1278127.48037758,202378.78893128,4.0,1464755.741104494,14.19719905691087
22197.0,1282593.60531016,191317.786423951,3.0,248261.86038216803,12.422239356726578
22198.0,1282427.88620599,191180.093175814,2.0,146.37948717948714,4.986202476815989
22200.0,1288592.54835631,249479.605491504,3.0,93256.09542483665,11.443104701855951
22201.0,1282577.15948614,191317.240183949,1.0,0.0,
22202.0,1273842.1096852,223666.739481077,1.0,0.0,
22204.0,1266141.96727732,238315.904040083,1.0,0.0,
22205.0,1267920.38500713,231108.588768706,2.0,16061.00404253684,9.684149503761816
22206.0,1267968.56209518,231369.005216971,2.0,42239.10071133631,10.651101628175674
22207.0,1274436.77554181,198413.791615218,1.0,0.0,
22210.0,1286940.13536261,174018.463142231,2.0,220463.57991777532,12.30348778978597
22211.0,1290599.79239036,173712.271461919,1.0,0.0,
22212.0,1288339.46426004,172934.026661128,1.0,0.0,
22217.0,1270851.76760213,226643.024540126,2.0,772355.2100459029,13.557199839825481
22218.0,1285529.57779317,171867.143588036,3.0,286185.97440181824,12.564397138620686
22219.0,1284900.18342452,171658.461283818,1.0,0.0,
22220.0,1272957.40971629,263337.727041706,2.0,79258.30196004875,11.280467442846613
22221.0,1268088.3416793,229225.075806767,2.0,2.0,0.6931471805599453
22222.0,1268023.01015924,229283.71708683704,3.0,41956.90175304279,10.644398221677365
22224.0,1286749.51731442,171114.545699269,3.0,164685.70164063023,12.011794097829007
22225.0,1286829.2304025,171805.772003978,3.0,121643.76243032396,11.708852072177173
22228.0,1265122.02052426,276001.944526672,2.0,1625962.1398517883,14.301610284594819
22229.0,1279694.81586719,184773.166001245,3.0,1388096.1713657668,14.1434437053761
22230.0,1280923.90988445,185534.949618027,4.0,621653.0039398997,13.340137344573863
22233.0,1267953.72875117,228910.351006448,5.0,357582.489266685,12.787121353707514
22234.0,1267448.42436665,250244.86514028895,3.0,35138.97218518246,10.467066112172244
22236.0,1278447.72088991,186380.177906901,3.0,1318066.5156987095,14.09167645991738
22238.0,1281092.13887662,185168.804017663,3.0,486017.9930509499,13.094000924935886
22239.0,1278867.58226635,185485.553393975,3.0,392310.5352454162,12.879808986910762
22240.0,1261431.48919249,284906.327319786,3.0,186349.99999999997,12.135381904907405
22241.0,1260790.53085583,284926.322967812,3.0,1795355.6616625078,14.400713700479294
22242.0,1287146.15398683,205131.483206093,1.0,0.0,
22243.0,1261717.51357678,284892.438231766,1.0,0.0,
22244.0,1272940.98648427,259780.30931006404,3.0,38027.644391917165,10.546068658218125
22246.0,1279769.43775527,203992.930372939,1.0,0.0,
22247.0,1262085.95805717,284534.837527409,1.0,0.0,
22248.0,1280087.18188359,203974.77197291,1.0,0.0,
22250.0,1273553.8147089,192751.131385416,2.0,1287102.5575720845,14.067904170716595
22251.0,1273954.95595731,192410.353849068,3.0,1267368.498362964,14.05245326023913
22252.0,1274603.10258198,192211.88536886903,3.0,1367575.0919220045,14.128549723596636
22253.0,1273703.56965305,193586.494522274,2.0,466946.7860983312,13.053970581760845
22254.0,1273984.30232534,193229.02604191,4.0,161576.27909314758,11.992732626504822
22255.0,1274019.29112537,193052.651769727,3.0,145425.58954231098,11.887419822697588
22256.0,1273858.84229322,193236.02181792297,3.0,62040.24426295354,11.035538554467662
22257.0,1255784.4808027,247803.711217791,3.0,1112117.4025622075,13.921776326063428
22258.0,1273979.67211734,192879.40632955695,3.0,46543.94037282811,10.748152099641606
22259.0,1273766.26770112,192637.24741730103,3.0,27434.715580625663,10.219564482412753
22260.0,1262833.37943393,212169.489485309,3.0,1079449.4207405965,13.89196167349988
22261.0,1261550.77668062,212211.060621351,3.0,444559.1384379912,13.004838369941288
22262.0,1261658.77418472,212302.562701434,3.0,502136.6176238101,13.126627508309657
22263.0,1283521.0818551,229557.013471112,2.0,4518.698584059176,8.415979307487525
22264.0,1283309.2639989,229654.64284721,3.0,67268.82008538024,11.116452110883369
22265.0,1272637.49432397,219661.91182898,4.0,196542.74334276965,12.188635210009547
22266.0,1283258.61222284,229988.431903556,1.0,0.0,
22269.0,1286022.78976168,172063.141860232,3.0,208331.50401416008,12.246885859279846
22270.0,1286384.19520204,170322.888802454,3.0,108391.87295993025,11.59350839248272
22272.0,1272053.79339537,213524.616398692,1.0,0.0,
22273.0,1286095.44281775,172124.798244298,3.0,81599.6198497239,11.309579882236983
22274.0,1265018.81962816,260430.153150722,3.0,1638731.3377048704,14.309432925866975
22277.0,1264910.44452405,260351.93446263703,3.0,2002040.721431389,14.509677579025759
22279.0,1278505.68831398,182817.339887246,1.0,0.0,
22283.0,1285035.17260866,162378.423706323,1.0,0.0,
22284.0,1285837.14476947,166653.629406691,2.0,46592.0,10.749184131556358
22285.0,1286670.26547433,170486.600418627,3.0,143297.23200366876,11.872676297535278
22288.0,1285689.20640133,166656.295390695,2.0,46591.99999999999,10.749184131556358
22289.0,1285035.64800066,163167.18722713,1.0,0.0,
22290.0,1284242.35135984,180035.642988399,2.0,1174582.2092225896,13.976423075712525
22295.0,1286307.26585796,168861.691936955,4.0,102182.25207480304,11.534513282912046
22296.0,1256146.49552308,237168.462438896,1.0,0.0,
22297.0,1272543.41873987,221212.28898257,4.0,45390.55979270201,10.723059428326698
22298.0,1272562.03256388,222130.0040555,3.0,27487.70561997017,10.221494115325084
22299.0,1272538.44107586,220906.307670251,3.0,42346.07002777172,10.653630898319037
22300.0,1272550.94302787,221518.040662885,4.0,34890.09905133739,10.459958373137448
22301.0,1277235.10488868,204140.012101084,1.0,0.0,
22302.0,1287396.12358707,173554.83184576,1.0,0.0,
22308.0,1283291.49433488,271014.133641556,2.0,1687711.2804822554,14.338883897140294
22309.0,1270999.14821029,226679.32828415895,3.0,2546965.964958168,14.750413391076146
22310.0,1261068.93808812,194115.707706824,1.0,0.0,
22311.0,1266411.08062159,248378.192690387,2.0,694804.7761615833,13.451386187478574
22312.0,1262971.13668206,166979.105503023,3.0,93182.0,11.442309848973883
22313.0,1263275.39562638,167392.876319453,1.0,0.0,
22314.0,1281669.46118121,231368.868448958,3.0,3993.953960041533,8.292536986628784
22315.0,1284781.34899239,183596.613232046,1.0,0.0,
22316.0,1250178.25545296,241287.133035123,3.0,93182.0,11.442309848973883
22317.0,1249928.91868471,241495.435115337,1.0,0.0,
22318.0,1275256.29522264,237328.102887064,1.0,0.0,
22319.0,1281998.97433355,231360.590560958,3.0,15363.652546267458,9.639759774413635
22320.0,1276385.2657198,234789.548260465,3.0,77683.42954486907,11.260397251641374
22321.0,1276380.05739979,234819.756516501,1.0,0.0,
22322.0,1274448.79845382,237289.289959028,3.0,165614.63868548154,12.017418914885624
22323.0,1274688.33311006,237286.573095024,3.0,87677.50859997465,11.381420687088067
22324.0,1274909.30245429,237271.630247012,2.0,27212.993155974254,10.21144982778463
22325.0,1265880.45111704,191952.675576597,2.0,1086.337076303914,6.990566835671875
22326.0,1250245.23862104,238426.531176195,3.0,333602.8372260717,12.717706454304878
22327.0,1282370.54706994,232202.677793816,1.0,0.0,
22328.0,1281337.70790087,231377.991776973,3.0,34630.45509476765,10.452488778943604
22329.0,1274906.58559029,236812.937574536,3.0,12033.071036173562,9.39541405786739
22330.0,1250254.49647704,241285.113387123,3.0,213173.0651294243,12.269859627126813
22331.0,1281183.62783672,231380.899552971,3.0,99727.44984318242,11.510196242460161
22338.0,1283325.36697491,270287.181640819,2.0,291934.43092929723,12.584284504422936
22339.0,1270958.24177824,199391.670592219,1.0,0.0,
22340.0,1272984.21573232,194657.124283373,1.0,0.0,
22341.0,1260635.19747968,201776.322306663,1.0,0.0,
22342.0,1270245.26520151,204600.846469551,1.0,0.0,
22343.0,1280924.31897245,202633.731331542,1.0,0.0,
22346.0,1280915.47647645,202631.081731543,1.0,0.0,
22347.0,1288872.62982859,192018.02751267,1.0,0.0,
22348.0,1288872.62982859,191990.369784638,2.0,46591.99999999999,10.749184131556358
22349.0,1289056.14886878,192155.084344804,2.0,489383.24594743474,13.10090119554169
22350.0,1258171.12893315,217840.133011118,1.0,0.0,
22351.0,1273550.0216849,201950.120194837,1.0,0.0,
22352.0,1276448.89285587,205531.079238504,1.0,0.0,
22355.0,1286577.74995424,162992.072410941,2.0,93180.0,11.442288385370787
22356.0,1286629.18291429,169777.057569891,3.0,1468714.7122912763,14.19989823091196
22357.0,1279318.7775948,172150.452772319,3.0,491718.99243148207,13.10566267870955
22358.0,1280183.7597397,172394.165476575,2.0,164787.23686968506,12.012410447279303
22361.0,1280237.40172374,172544.416548729,2.0,5530.689748186524,8.618067815162764
22365.0,1277979.13848944,171016.86934717,3.0,53793.70216044079,10.892911679082939
22371.0,1277779.14840923,170762.782626897,1.0,0.0,
22373.0,1277329.09714477,173127.295269325,3.0,262967.8733396117,12.479787149096184
22374.0,1278378.86111385,173112.122725308,3.0,286106.9450444981,12.56412095362822
22375.0,1278047.1187135,170925.674979076,1.0,0.0,
22376.0,1278441.37804191,171323.943907484,3.0,468744.8170067124,13.057813799153282
22380.0,1289222.05894895,182679.262703106,2.0,523884.0323314895,13.169025626465503
22381.0,1287846.89997154,177019.61789731696,3.0,1822639.5403893928,14.415796305305381
22382.0,1263248.99575435,275159.868749812,1.0,0.0,
22383.0,1286117.89977777,164877.886236876,2.0,46592.0,10.749184131556358
22384.0,1279701.8804432,175775.02359204003,3.0,261494.9602824992,12.474170289959142
22385.0,1264272.9250994,271528.333386093,1.0,0.0,
22386.0,1279707.42898721,176150.659624428,1.0,0.0,
22389.0,1265391.62500454,287002.759129941,2.0,666501.7846484806,13.409798096239447
22390.0,1265280.43556443,278701.014545426,2.0,18070.06368611827,9.8020119079917
22392.0,1254481.51619337,202710.137347624,1.0,0.0,
22393.0,1263153.57073025,208359.670025408,3.0,137858.03561467995,11.83397970720625
22395.0,1277969.94892143,267184.998213634,3.0,2140235.607166313,14.576426477744514
22397.0,1254475.73110537,206345.65863134,2.0,46591.99999999998,10.749184131556357
22398.0,1254467.65961736,206337.005447328,1.0,0.0,
22401.0,1255844.01379476,200427.187841281,1.0,0.0,
22402.0,1263109.37463421,208449.223945498,3.0,116937.9398388365,11.669398644324916
22404.0,1254517.71433741,206085.396999076,1.0,0.0,
22405.0,1263101.6557862,208988.099530041,1.0,0.0,
22408.0,1264050.95281117,209746.527498826,1.0,0.0,
22409.0,1261972.10788104,210798.367563903,1.0,0.0,
22410.0,1262882.66871397,193833.161338523,1.0,0.0,
22412.0,1283049.88460663,271649.758026212,2.0,172316.88212544806,12.057090398711253
22414.0,1284203.48729581,193775.369466469,2.0,124885.34759448572,11.73515137613736
22415.0,1263171.44074628,241815.810475662,1.0,0.0,
22416.0,1281719.98175727,273652.381644264,2.0,327199.59459451644,12.698325644695647
22418.0,1291869.67699966,189808.029942408,1.0,0.0,
22419.0,1288573.49459629,176340.882344618,4.0,132578.7137454501,11.794931814024457
22420.0,1289328.25261305,176239.845480517,1.0,0.0,
22421.0,1288754.46080446,176051.669352323,4.0,94636.89517595942,11.45780269143575
22422.0,1288505.26150821,176314.06909659496,3.0,492314.006568275,13.106872016627921
22423.0,1289293.22579701,175975.194792241,1.0,0.0,
22424.0,1260733.05847177,232862.254242495,2.0,4942.3145737261,8.50558903764421
22425.0,1260131.45373516,233791.756963447,3.0,96207.2198680948,11.474259684441538
22426.0,1288270.74195597,176596.710248873,3.0,716940.6779131236,13.482748379636062
22427.0,1288351.06950806,176645.52215293,3.0,134701.9616967652,11.810819925742782
22428.0,1288642.65062836,176007.574952275,3.0,375437.8124160291,12.835848123730754
22429.0,1260164.33687119,233762.301283419,1.0,0.0,
22430.0,1281342.96153288,218750.096084043,2.0,17044.410077583583,9.743577574268386
22431.0,1289508.69914123,176486.426024765,1.0,0.0,
22432.0,1289069.68787679,175240.985959485,1.0,0.0,
22433.0,1260832.30307987,232763.634018391,2.0,3468.908245798743,8.151595196864614
22434.0,1289067.84077279,175285.937959537,1.0,0.0,
22435.0,1284410.18899202,193535.00741823,2.0,79564.45998960912,11.284322789586867
22436.0,1284508.14905612,193421.19301810896,3.0,35508.923741502666,10.477539316874683
22437.0,1260331.21347937,276277.133902952,1.0,0.0,
22438.0,1258685.46154168,216537.234065771,1.0,0.0,
22440.0,1273035.32786037,194951.09215568,1.0,0.0,
22441.0,1279379.13733886,206716.894407719,1.0,0.0,
22443.0,1273739.27365309,194795.379899517,1.0,0.0,
22444.0,1266902.03863809,198349.096895158,1.0,0.0,
22445.0,1280568.80882809,201338.115842208,1.0,0.0,
22447.0,1277290.40760873,173544.322341755,3.0,661884.096284386,13.402845738449242
22449.0,1271749.62833905,168595.911648691,1.0,0.0,
22453.0,1267487.23006269,197649.768190444,1.0,0.0,
22455.0,1249886.57103667,241294.709483132,1.0,0.0,
22456.0,1252275.77814311,236259.470501974,2.0,46591.99999999999,10.749184131556358
22457.0,1281179.84338871,231398.862112999,1.0,0.0,
22458.0,1276334.44952776,241346.956395179,2.0,1675472.6900951269,14.331605886471381
22459.0,1265841.02858901,191806.415416449,3.0,24163.377161352124,10.092593425448543
22460.0,1253016.91811188,235496.062629193,1.0,0.0,
22461.0,1262637.71152973,167421.700703487,1.0,0.0,
22462.0,1282126.76735768,223345.77685675,3.0,103115.87810152104,11.543608664951499
22463.0,1282253.46034981,223350.264408752,1.0,0.0,
22464.0,1279861.31615536,262326.669376671,3.0,46686.80641001553,10.751216885754445
22465.0,1279834.61215533,262353.890752688,1.0,0.0,
22466.0,1269648.3710569,264765.856067166,1.0,0.0,
22467.0,1284246.06265585,262659.57484901,1.0,0.0,
22468.0,1274523.62770189,223915.747481331,1.0,0.0,
22470.0,1277713.65349716,246047.177007988,1.0,0.0,
22471.0,1284389.08140799,263055.029761419,1.0,0.0,
22472.0,1274933.98943032,267260.990533724,1.0,0.0,
22474.0,1282926.62598249,261482.439743802,1.0,0.0,
22476.0,1274956.65240633,267131.357893586,1.0,0.0,
22477.0,1274956.65240633,267137.607941598,1.0,0.0,
22478.0,1273883.20606925,241532.50788337,1.0,0.0,
22479.0,1281156.92057268,223535.53109695,1.0,0.0,
22480.0,1283619.60262321,267081.361285537,1.0,0.0,
22482.0,1283140.31193472,265720.109764144,1.0,0.0,
22483.0,1263715.18052283,264304.119490698,1.0,0.0,
22484.0,1281308.79359685,221531.102678895,2.0,46592.0,10.749184131556358
22485.0,1281306.16665284,221669.27695103,1.0,0.0,
22486.0,1259866.48643889,212477.281549618,1.0,0.0,
22487.0,1275708.14040712,270244.074440777,1.0,0.0,
22488.0,1270600.22219388,202164.916995063,1.0,0.0,
22489.0,1257981.78774896,217309.151442572,1.0,0.0,
22490.0,1269962.46718523,209777.201290861,1.0,0.0,
22491.0,1277337.66572078,202954.409475863,3.0,50362.74457874539,10.827006985854062
22492.0,1276087.82603949,261128.927039444,1.0,0.0,
22493.0,1279132.48069862,203385.408324316,1.0,0.0,
22494.0,1262434.01047352,268745.89997524,1.0,0.0,
22498.0,1261739.74314481,233586.552291229,1.0,0.0,
22499.0,1280401.54642792,232609.470242232,1.0,0.0,
22500.0,1259541.68752655,210112.427659199,3.0,2579626.9655854856,14.763155359461726
22501.0,1277752.0910652,213580.582478747,1.0,0.0,
22502.0,1286695.55219436,255188.265337363,1.0,0.0,
22503.0,1271471.74110676,224963.976026401,3.0,458934.89370385424,13.03666363519945
22504.0,1279204.0078027,222236.775447607,1.0,0.0,
22505.0,1261519.95421658,211088.826956198,1.0,0.0,
22506.0,1275877.63288729,261135.00211145,1.0,0.0,
22507.0,1276928.71704836,260236.72275053,1.0,0.0,
22508.0,1284580.75654419,206350.681607351,1.0,0.0,
22509.0,1278404.70687386,216076.854737312,1.0,0.0,
22510.0,1269018.99499226,265722.760004148,2.0,23715.869366214847,10.073899696556683
22511.0,1278723.50905019,216671.134673908,1.0,0.0,
22512.0,1284405.31788802,206530.988615528,1.0,0.0,
22513.0,1284536.23827215,206529.502087533,1.0,0.0,
22515.0,1269007.27556825,264365.981890753,2.0,58199.01167298598,10.971623652011527
22517.0,1274408.95173378,192620.84549728,3.0,343976.5023186781,12.748328626809347
22518.0,1273795.04811715,193083.505721763,3.0,109795.14631907608,11.60637160233621
22522.0,1273228.97054857,193717.961786404,3.0,1471468.8671723243,14.201771689226495
22523.0,1273384.15128472,193758.034170449,3.0,613069.7133877113,13.326233933391327
22527.0,1281855.4959334,273600.079564214,2.0,302524.2423683693,12.619916693302715
22529.0,1277965.37215342,266999.180997446,1.0,0.0,
22530.0,1283303.20300689,273678.800524294,3.0,1111593.1263757828,13.92130479329033
22531.0,1263197.6900263,259695.865597978,3.0,1035639.2699559376,13.850529446144376
22532.0,1282883.34687845,271022.891465575,3.0,187693.92641935477,12.142567864136073
22533.0,1282884.07065445,271047.671305597,1.0,0.0,
22534.0,1282995.63014257,271020.548617572,2.0,128982.82422976762,11.767434528973482
22536.0,1282952.54918253,272751.709195346,1.0,0.0,
22537.0,1282948.64300652,272718.375947312,1.0,0.0,
22538.0,1283221.63231881,273262.791883871,3.0,101190.99055864567,11.524765005772105
22539.0,1283217.8130548,273280.84724389,1.0,0.0,
22541.0,1283322.64748691,273788.010636404,3.0,232928.0,12.358484671917985
22542.0,1283343.16844693,273787.396748409,1.0,0.0,
22543.0,1283326.0205429,273950.21831657,3.0,139768.0,11.84773918415428
22544.0,1283343.42860693,273949.636300564,1.0,0.0,
22545.0,1283328.89747091,274009.356300622,2.0,46592.0,10.749184131556358
22546.0,1283345.51193494,274009.532172635,1.0,0.0,
22548.0,1263350.87645845,259639.365693912,2.0,40127.47553056548,10.599816553995037
22549.0,1283133.35455871,273153.77729176,2.0,59313.977414367226,10.990600264030338
22550.0,1272886.76222822,174861.525415108,3.0,1543655.7917513847,14.24966405191014
22551.0,1269728.04971299,174244.591910467,3.0,1028330.2194244128,13.843446898536529
22553.0,1270260.47153753,174916.944231153,3.0,181181.65901096852,12.107255447881702
22554.0,1280294.7582038,172552.761956736,3.0,820254.5889582414,13.61737004539257
22555.0,1279937.14213943,173084.815013289,3.0,559928.48561269,13.235564350293394
22556.0,1284984.64025661,165231.437725246,1.0,0.0,
22557.0,1272472.6403078,165321.161949337,1.0,0.0,
22558.0,1291476.61120726,172595.453476787,1.0,0.0,
22559.0,1264757.8338999,212135.481037274,2.0,26174.612927205344,10.172545247748033
22565.0,1279119.6355786,242822.334060699,3.0,704283.8609211704,13.464936765408007
22566.0,1279696.25516319,242719.110188589,4.0,676928.067872924,13.42532029495381
22567.0,1272390.94462772,234214.177379876,4.0,70566.9243669142,11.164316820317534
22568.0,1275109.9208225,242343.100716203,3.0,54942.7770027959,10.91404750447298
22569.0,1275130.48901452,242581.09406045097,5.0,896448.6260159876,13.706196265327868
22570.0,1268217.27812743,233353.983202994,2.0,3126.616002865061,8.047706549426378
22571.0,1268246.41489547,233668.723747313,2.0,3754.495549553695,8.23070921417599
22572.0,1275110.0497825,242575.488044441,1.0,0.0,
22573.0,1261310.95037636,257808.507452041,2.0,522736.2517523591,13.166832317093018
22574.0,1265583.19940475,212123.091981262,2.0,32278.80300328178,10.382166040013622
22577.0,1279774.23071527,185756.690930262,1.0,0.0,
22580.0,1275851.87967126,185831.456242338,1.0,0.0,
22581.0,1275845.09912725,185641.553714141,3.0,93182.0,11.442309848973883
22587.0,1275667.96594307,185646.763378143,1.0,0.0,
22589.0,1263709.90193082,241627.395179465,2.0,12.0,2.4849066497880004
22590.0,1255081.60099399,234547.625508219,1.0,0.0,
22591.0,1254450.04713733,234740.825252414,4.0,139769.99999999997,11.847753493478953
22592.0,1265137.70519629,228061.501341581,1.0,0.0,
22593.0,1278374.07832983,214711.74919991204,3.0,93182.0,11.442309848973883
22594.0,1258244.24522123,214799.893007994,3.0,31165.153514423266,10.347055875090703
22595.0,1266823.25860602,194619.727355331,1.0,0.0,
22596.0,1254461.85251336,234686.311268359,1.0,0.0,
22597.0,1297370.26113328,179097.798443437,1.0,0.0,
22598.0,1278138.5650496,214718.526735917,1.0,0.0,
22599.0,1258083.24784505,215159.541584373,2.0,279000.64084339514,12.538969357730597
22600.0,1278378.32965784,214869.048400074,1.0,0.0,
22601.0,1253979.90832086,234823.637732506,1.0,0.0,
22602.0,1297362.76871729,178999.94429934,1.0,0.0,
22603.0,1274216.83730158,227958.943517476,4.0,237078.9292264574,12.37614839938431
22604.0,1274538.77957392,227956.214813471,4.0,276122.7139241967,12.528600661554409
22605.0,1274349.99454972,225758.750683218,1.0,0.0,
22606.0,1288893.05798861,204541.700933501,1.0,0.0,
22607.0,1271907.47742721,231987.362593591,2.0,20.976190476190474,3.043388007652811
22608.0,1277827.54757728,255699.147513881,1.0,0.0,
22609.0,1277843.7457213,255825.874618009,1.0,0.0,
22610.0,1257655.49021262,187165.500467703,1.0,0.0,
22611.0,1272195.38693151,231018.521056607,2.0,5066.950230807847,8.530494383206998
22612.0,1272355.11729968,230870.435360461,3.0,47228.21513212539,10.762746771198412
22613.0,1267841.26116705,190999.521655634,3.0,1667369.7386993186,14.32675793599902
22614.0,1267848.71223906,190889.51928751203,3.0,96852.26631950976,11.480942068866055
22615.0,1272355.10910767,230884.493408471,1.0,0.0,
22616.0,1285841.75993748,196800.379837573,1.0,0.0,
22618.0,1271642.27518694,174555.21239078,3.0,79853.65330852485,11.287950904738388
22619.0,1271643.71845095,174843.507751077,1.0,0.0,
22621.0,1270919.76421021,226325.30274780103,3.0,2596923.696601117,14.769838108850564
22622.0,1273616.80536497,237608.315239355,1.0,0.0,
22624.0,1272290.83691561,223149.309080541,3.0,2738560.4103413736,14.822942942608895
22625.0,1281862.50866941,182136.739886552,1.0,0.0,
22626.0,1267555.94903876,191716.877816364,3.0,552.1772966613808,6.3138691843107075
22627.0,1267570.60094278,191489.104696125,3.0,43094.09049095804,10.671141155112487
22628.0,1267944.32951915,192195.452984855,2.0,18.5,2.917770732084279
22629.0,1267585.24721479,191261.420407891,3.0,489759.2153240557,13.101669152013745
22630.0,1267114.49259031,278100.521040812,3.0,190016.84081804147,12.154867983099123
22631.0,1267946.58903916,191967.948216617,3.0,40126.02156805553,10.59978031974824
22632.0,1267956.86558317,191740.76984839104,3.0,40729.71569749285,10.614713220443603
22633.0,1267967.47646318,191512.93861615696,3.0,86214.6944375033,11.364595911236144
22634.0,1267980.83403119,191289.562743917,2.0,132763.36110417114,11.796323582658445
22635.0,1280251.39052376,176141.327656418,3.0,160511.78224678317,11.98612262849513
22636.0,1280546.05298807,176133.331240401,2.0,11544.468003665765,9.353961640490036
22637.0,1280967.1059805,202942.728451863,1.0,0.0,
22638.0,1278019.39698547,210690.25197978303,3.0,296475.43151755247,12.599719632325831
22639.0,1278026.01176949,210706.914315805,1.0,0.0,
22640.0,1270484.77784176,229220.731998771,3.0,140440.264712624,11.852537515161139
22641.0,1277914.32760938,243971.557485864,2.0,35009.89439522734,10.463385997526776
22642.0,1274097.58949345,218742.66306003896,3.0,92670.73669057104,11.436808024161431
22643.0,1272272.6742276,266032.185284466,1.0,0.0,
22644.0,1269527.61732878,269174.240007684,1.0,0.0,
22645.0,1274088.55934945,218153.476563439,1.0,0.0,
22646.0,1277549.773241,244315.18801422403,3.0,85061.00291950307,11.351123959468223
22647.0,1277209.31160864,244089.833133996,3.0,194518.11867325896,12.178280592834405
22648.0,1277214.19026466,244250.002798155,2.0,86517.61175263448,11.368103276272173
22649.0,1272271.73349159,266039.24299112934,1.0,0.0,
22650.0,1272221.78782754,266167.021956593,2.0,148.41904761904763,5.000039675724793
22651.0,1274026.74219738,218743.766036034,1.0,0.0,
22652.0,1272177.79313949,266249.773700684,2.0,2475.607387943476,7.8142410541649525
22653.0,1272237.60376355,234121.674915791,3.0,262999.6540017521,12.479907995576344
22654.0,1254741.86742564,192508.298169166,1.0,0.0,
22655.0,1272494.16325182,198141.537214935,1.0,0.0,
22656.0,1274988.17010237,262613.990016967,1.0,0.0,
22657.0,1260367.2626314,189829.799606428,1.0,0.0,
22658.0,1272746.31102808,222897.13538429103,3.0,2829031.4181563384,14.855444955968355
22659.0,1272404.29694773,223294.704792693,3.0,1829097.4698185304,14.419333217269928
22661.0,1261426.71101649,205780.848390758,2.0,283660.5761987551,12.55553364814723
22662.0,1261074.93546413,205788.57575076804,3.0,244413.6296914142,12.406617272692746
22663.0,1266156.70154932,242303.604780167,2.0,3392.3100201255315,8.129266390177971
22664.0,1275510.2808869,217627.828626901,1.0,0.0,
22665.0,1278085.87973754,211083.344332188,1.0,0.0,
22666.0,1254104.82371299,244689.595694602,2.0,46592.0,10.749184131556358
22667.0,1254142.08380902,244939.322222859,1.0,0.0,
22668.0,1278084.92536955,211112.60282822,1.0,0.0,
22669.0,1278714.87589818,212821.684749976,1.0,0.0,
22670.0,1266166.95678134,242468.232684329,1.0,0.0,
22671.0,1254136.10384102,244680.83883059,1.0,0.0,
22672.0,1263378.92721048,284053.833238915,3.0,82819.57358841426,11.324419708431561
22673.0,1262987.98673008,284065.109462932,1.0,0.0,
22674.0,1274329.75378169,222694.041624084,2.0,45382.78272340364,10.722888076934277
22675.0,1272439.36254776,211745.587468877,1.0,0.0,
22676.0,1282943.21555051,231309.326880902,3.0,46674.074447731895,10.750944138491446
22677.0,1282923.5072625,230500.87836808,3.0,139295.01645021644,11.844349383465453
22678.0,1282972.37887855,230501.225504071,1.0,0.0,
22679.0,1283069.23827064,231523.32412912,1.0,0.0,
22680.0,1296859.82906877,179832.593900189,1.0,0.0,
22681.0,1269274.33995251,173436.016101643,3.0,67075.81322541324,11.113578799341285
22685.0,1268751.62417598,173440.577445641,1.0,0.0,
22686.0,1273119.95365246,212702.956941858,3.0,93182.0,11.442309848973883
22687.0,1273214.88786055,212690.620365843,1.0,0.0,
22688.0,1273049.11454839,212732.504461884,3.0,205950.7659372462,12.235392418901963
22689.0,1283172.76230276,260093.430398375,1.0,0.0,
22690.0,1272251.28216358,198306.597631112,1.0,0.0,
22691.0,1283296.01139088,260088.796542376,1.0,0.0,
22692.0,1274275.17413364,242343.350444198,1.0,0.0,
22693.0,1268133.93707135,236308.626278028,3.0,148288.87548787406,11.906917511744423
22695.0,1277462.67692091,240464.868906274,2.0,2308.560936216098,7.744379638053546
22698.0,1259595.45840661,245928.391471878,3.0,1262.8072078320804,7.141092464485159
22699.0,1267986.0230232,236177.694437891,2.0,188003.103487283,12.144213749586912
22700.0,1269019.63902426,283711.880534559,4.0,964875.1839189882,13.779754028866453
22701.0,1269407.53752066,284703.415639579,5.0,1125772.080556378,13.933979652056632
22702.0,1269315.36152056,284477.877015352,1.0,0.0,
22703.0,1269519.05009677,285056.163287938,1.0,0.0,
22708.0,1268508.79620774,281991.608724803,3.0,1493679.9725094372,14.216753413234631
22710.0,1278076.19013754,207913.20864895,3.0,739326.1238654006,13.513494406867599
22711.0,1278492.86290596,207853.382344887,2.0,88570.63972699281,11.391555701618154
22713.0,1268529.50091176,280751.993107527,4.0,56366.10563315455,10.939623292883775
22714.0,1286357.79859401,193550.430586234,2.0,176697.5284991904,12.0821946712218
22715.0,1277713.68824916,207736.108296767,4.0,633632.0512029061,13.359223704066103
22716.0,1279799.4671953,243669.511469558,3.0,396597.8947039582,12.890678186692568
22717.0,1280513.94316404,243998.50423789,3.0,360870.72877195023,12.796275081140292
22718.0,1280949.33305247,244279.344878182,3.0,474810.2963139489,13.070670627063711
22720.0,1278364.67384984,244027.78538993,1.0,0.0,
22721.0,1274573.76837395,242601.613996461,3.0,1217485.629360564,14.012298330469275
22722.0,1276349.60927176,207995.437513024,3.0,497629.19764741615,13.117610495629846
22725.0,1265922.62852509,191371.95692001295,3.0,19749.29773053071,9.890873211749257
22726.0,1268045.36734326,190583.908983201,2.0,676.5498078491189,6.517006070693825
22727.0,1267870.59281509,190551.030775174,3.0,34540.91820315988,10.449899935109919
22728.0,1268032.10065524,190893.658039525,2.0,14576.80560425642,9.587186887199703
22729.0,1268265.27966349,273754.127180368,3.0,198175.97561287804,12.196910680679881
22730.0,1268339.75883156,274412.113357037,2.0,35576.589190643135,10.47944309351739
22731.0,1268216.36439943,274727.43361336,3.0,413471.339035695,12.932343477949775
22732.0,1268407.23767963,275010.329037651,3.0,792569.5508117172,13.583035542159392
22733.0,1268413.70846364,274686.028813317,3.0,310825.0015810566,12.646985336907784
22734.0,1268335.12561555,274689.604941323,4.0,39618.1268097494,10.587042040228988
22735.0,1275257.29323864,242266.610412121,1.0,0.0,
22736.0,1268356.79223958,274820.369805455,2.0,73735.07538097451,11.208233886007358
22737.0,1268520.31460775,274854.8218375,2.0,114010.86776900166,11.644049054139924
22738.0,1268652.61847988,275422.71796608,4.0,1842167.6859693208,14.426453526382167
22739.0,1268753.76849599,276748.083791435,4.0,1915613.741205665,14.465548620741664
22741.0,1268760.13496,276946.438351631,3.0,1943371.1679277176,14.479934738385541
22742.0,1268770.27140801,276946.554191634,2.0,21772.9376754646,9.98842308657932
22744.0,1274842.79704623,242418.953964278,3.0,97387.06911158492,11.486448720155805
22745.0,1285977.79673763,202681.598019585,3.0,117731.894466826,11.6761652375662
22746.0,1286170.47449782,202675.58950758,1.0,0.0,
22747.0,1267376.47895858,265493.262787908,2.0,174.777247696971,5.163512292832996
22748.0,1282074.67231762,178645.44759497,1.0,0.0,
22749.0,1267420.94014262,263507.691585869,2.0,122.0137378478016,4.8041336437036035
22750.0,1285755.7223694,205611.987846583,3.0,48455.06147383453,10.788392079846714
22751.0,1272454.72369978,250671.477428734,3.0,42612.186078215535,10.659895549524697
22752.0,1279111.49157859,240330.214698136,3.0,189405.66778360915,12.15164638422623
22753.0,1267437.03262264,266810.042949259,2.0,4600.471654907354,8.43391411089648
22754.0,1267457.86167866,265492.438979909,3.0,1794225.40476353,14.40008395738927
22755.0,1267482.03057468,263494.229057863,3.0,728574.2747422939,13.498844855140641
22757.0,1267522.10628672,266812.178757265,4.0,435338.4566188283,12.983879068730836
22758.0,1267888.3069911,272113.178698689,3.0,689438.6744804843,13.443633030244667
22759.0,1267959.64971118,272431.247883007,3.0,264634.1881514733,12.486103729238165
22760.0,1274832.27410221,243132.655917004,2.0,7302.830202800722,8.896017251014436
22761.0,1274886.47768627,242900.588140771,3.0,176426.40612462736,12.080659105935768
22762.0,1274862.72773424,242945.92926082,2.0,17608.21825841531,9.776121018541522
22763.0,1278173.12402563,257579.15820381,1.0,0.0,
22765.0,1263957.11441107,241669.137835518,1.0,0.0,
22766.0,1283758.84313536,193807.025594503,1.0,0.0,
22767.0,1278246.12056971,187340.918451875,1.0,0.0,
22768.0,1274378.93406975,242140.103083998,1.0,0.0,
22769.0,1279838.00485934,244631.532526553,2.0,238024.7974910329,12.380130138364885
22770.0,1295192.52897106,179898.111788258,3.0,1466467.381041493,14.198366924425706
22772.0,1275991.58571939,242865.139372736,3.0,53914.05875991668,10.895146553311918
22773.0,1295200.39770707,180306.36094068,1.0,0.0,
22774.0,1281134.99506867,243498.63223739,2.0,7514.707751797849,8.924617412781238
22775.0,1279228.39781871,243308.715309188,2.0,34886.19501605019,10.459846471657341
22776.0,1279340.75026684,243639.002989531,3.0,33679.13029766963,10.42463364550711
22777.0,1268883.35748813,225282.82287474,2.0,959992.6405962986,13.774680897369112
22778.0,1284117.09574372,247239.75825721,2.0,485352.39515262295,13.092630494025945
22779.0,1279490.74802698,243615.325549498,2.0,6588.631645874759,8.793100964946005
22780.0,1279332.46489082,243781.091309682,2.0,39839.03548411222,10.592602501669335
22781.0,1280528.57138805,242934.743596807,3.0,20860.729775139484,9.945623712369452
22782.0,1280810.51570833,243028.493420899,4.0,104193.86778639196,11.554008556151146
22783.0,1280147.32121165,242744.465772614,3.0,209120.68503835503,12.250666804667311
22784.0,1281075.96729261,243329.361581206,2.0,43931.157639331934,10.690379088530927
22785.0,1279128.69234662,241931.531371787,2.0,81779.07099759654,11.311776634079061
22786.0,1280599.51711611,243545.486445427,2.0,11119.017394158827,9.316412200065622
22787.0,1266818.41643001,242085.079915941,1.0,0.0,
22788.0,1274693.63915807,238614.049128383,1.0,0.0,
22789.0,1277378.17976882,241967.844267815,3.0,240716.6984575682,12.391375995928914
22790.0,1276983.38232842,241785.664491639,1.0,0.0,
22791.0,1288087.59469178,248833.024754852,2.0,236.34175824175816,5.465278885642274
22793.0,1276813.97317624,242026.279851884,1.0,0.0,
22794.0,1277259.68984869,242224.35460408,3.0,149131.51997634055,11.912583879995777
22796.0,1278330.1440578,243563.045485452,3.0,128255.89262326712,11.761782708357764
22797.0,1288093.8312358,248863.452530876,2.0,34732.659205965865,10.455435710787532
22798.0,1269293.41214454,219134.072980434,1.0,0.0,
22799.0,1276264.01330368,218907.070164204,2.0,526801.122853878,13.174578380310415
22800.0,1268863.0494561,225276.99183473,1.0,0.0,
22801.0,1277151.61720859,242470.448556334,2.0,5040.083286948721,8.525177886117113
22802.0,1276793.97324023,243524.089837417,2.0,109034.21314180718,11.599416993995549
22803.0,1276953.31967239,243497.936685383,3.0,72171.88157050671,11.186805797092779
22804.0,1276603.41784802,243541.520237431,4.0,329559.0401137852,12.705510797795673
22805.0,1272260.64664358,257766.444539994,3.0,1480198.2333128604,14.207686578198555
22806.0,1272653.79480398,257754.201147988,1.0,0.0,
22807.0,1276532.09547995,243228.118637115,3.0,613640.3778886636,13.327164331773433
22808.0,1276869.4153523,243590.460781485,1.0,0.0,
22809.0,1276400.11410382,242145.422956005,3.0,120795.47236022592,11.701854083318736
22810.0,1272814.37522015,257738.074235961,1.0,0.0,
22811.0,1273117.08133246,212554.745613694,1.0,0.0,
22812.0,1277107.37612054,242753.826284617,2.0,171182.52193185993,12.050485645958576
22813.0,1276609.10680804,242378.988780245,2.0,131988.62474405285,11.79047102167371
22814.0,1278327.1637058,243529.334573418,4.0,423111.9241988783,12.955392019243853
22815.0,1268618.34359986,173440.108645648,3.0,12939.71299687622,9.468056388278491
22816.0,1267960.83076717,173443.175845653,3.0,31478.1535037202,10.357049044639467
22817.0,1276203.44946362,242136.451883987,1.0,0.0,
22818.0,1282208.81375776,182111.891822532,1.0,0.0,
22819.0,1254205.71593709,206401.400647402,2.0,46591.99999999997,10.749184131556357
22820.0,1264783.23153192,211308.056524426,3.0,195185.85086074568,12.1817074649894
22821.0,1269242.97982448,247906.273649901,3.0,2337971.415816039,14.664794195026685
22823.0,1254200.65558508,206401.247111395,1.0,0.0,
22825.0,1259130.13027813,217016.634002268,1.0,0.0,
22827.0,1265016.75204416,208434.506505474,1.0,0.0,
22828.0,1280153.84383567,173080.394789279,3.0,159870.57748222488,11.98211987615123
22829.0,1267234.64555043,241731.730219573,3.0,1107.0657859026703,7.009468358135929
22830.0,1280168.65151568,173749.30550997,3.0,119810.48185804632,11.693666455477508
22831.0,1267446.91185465,241564.36637941,4.0,536978.4346051281,13.193713213662498
22832.0,1267450.48369466,241717.953387558,3.0,17975.919685365174,9.796788345973852
22833.0,1267082.07927828,241637.84330748,3.0,191881.4509260392,12.164633017219886
22834.0,1250625.94191742,244695.416878611,4.0,1793506.2275789208,14.399683048253392
22835.0,1250953.65775776,242990.74378886804,3.0,1296604.010225868,14.075259104596444
22840.0,1263078.84285818,212700.239437848,3.0,79696.90704990279,11.285986056621299
22841.0,1246041.59804073,245373.215087309,1.0,0.0,
22842.0,1290584.36103034,249763.547187805,2.0,139764.0,11.847710564890653
22843.0,1251078.61455789,242712.950700581,3.0,1253493.697968718,14.041445169019955
22844.0,1260047.45130306,257032.390907243,2.0,111595.46517396442,11.622635693461842
22845.0,1259825.55082284,257037.506747246,3.0,168207.7735730361,12.032955241701774
22846.0,1251838.25935866,242716.495980591,1.0,0.0,
22847.0,1268893.77841613,224436.24872987004,3.0,468081.8111081778,13.056398369682494
22848.0,1269047.97688028,224177.640345603,4.0,475006.2302156225,13.071083199174177
22849.0,1268741.17406398,224703.696730137,3.0,703393.1300070339,13.463671232137578
22850.0,1268523.98519975,225070.86396251604,3.0,650113.1043545974,13.38490163343379
22851.0,1268689.55703992,225168.082586616,2.0,118.87162731080808,4.7780441487348515
22858.0,1281714.08082926,222190.745047569,1.0,0.0,
22859.0,1258254.99619724,193785.402938485,1.0,0.0,
22860.0,1269339.75550459,223635.560729042,5.0,392790.66135072784,12.881032080614471
22861.0,1269366.83883262,223651.880281061,4.0,190282.50887729804,12.156265135645851
22863.0,1269217.53336047,223917.403993338,4.0,163884.80486258183,12.006919050626792
22864.0,1269185.76241642,223899.044761315,3.0,300459.7032655591,12.613068925015444
22866.0,1268269.14219148,225399.843930855,4.0,2157058.877137664,14.584256220843768
22867.0,1276849.96588027,270521.608329058,1.0,0.0,
22868.0,1276851.70706429,270539.423945069,3.0,55685.94889754345,10.927483130133544
22869.0,1279707.50937121,177729.215530038,3.0,47093.499880626194,10.759890263699937
22870.0,1279754.71730725,177766.711530074,3.0,54218.57902845257,10.900778915192681
22871.0,1267097.51294228,227023.572636515,3.0,4763.984671983975,8.468839713002335
22872.0,1267469.39019068,226427.062043905,4.0,1426138.1781747877,14.170480774402765
22873.0,1267290.07127848,226229.868187696,2.0,520383.7739101685,13.162321845100115
22874.0,1279759.62738726,178355.440362677,1.0,0.0,
22875.0,1267995.70635121,225748.839963213,2.0,46592.0,10.749184131556358
22876.0,1267717.39524692,226061.557531536,1.0,0.0,
22878.0,1280738.25471626,218405.605011687,1.0,0.0,
22879.0,1270122.73854539,220816.587670162,3.0,223078.96264085415,12.315281080326164
22880.0,1270349.34276962,220810.762262151,4.0,377810.5954462616,12.842148278776092
22881.0,1287886.99629158,181526.03569392895,3.0,351660.9066902269,12.770422657010132
22882.0,1288169.98361987,181472.099117875,1.0,0.0,
22883.0,1262025.7602971,212290.942669436,3.0,393800.6068005355,12.883599986071033
22884.0,1262026.26327311,212310.231693447,1.0,0.0,
22885.0,1268919.80292816,225799.14562726,2.0,1961.4807149115004,7.581454933794749
22886.0,1270129.55544139,221184.572822541,4.0,226262.9296980133,12.32945300776582
22887.0,1269558.70686482,219842.082069159,3.0,115681.9440038526,11.658599842263946
22888.0,1268163.51966338,183150.387119591,3.0,328915.9318753361,12.70355747088034
22889.0,1268154.01476738,182800.812015235,3.0,701480.936413204,13.460949002693104
22890.0,1267928.74852714,182803.714927241,3.0,289936.1728354438,12.577416084067607
22891.0,1271169.55435446,232564.74461019,4.0,64209.76898623501,11.069910642996776
22892.0,1289805.72838955,190450.045751065,2.0,7291.894379273387,8.894518651227578
22893.0,1271451.99934675,232552.783394173,1.0,0.0,
22894.0,1289848.34771758,190891.54450351,2.0,378363.9996619329,12.843611973319794
22895.0,1289637.14272538,190881.322743505,1.0,0.0,
22896.0,1289639.69357337,190883.953655511,1.0,0.0,
22900.0,1269625.44363289,223110.390168503,4.0,406290.59767549374,12.914823940372818
22901.0,1263576.66372268,248448.329970449,1.0,0.0,
22902.0,1293047.89972086,180780.65169316495,3.0,245119.24632157825,12.409500090797172
22903.0,1293044.46010487,180587.82231696,3.0,327326.5403297108,12.698713545896265
22904.0,1292635.59149644,180313.987244681,3.0,44303.92152098101,10.6988284740337
22905.0,1292660.96608847,180710.076717094,2.0,217.2676172019196,5.381129852696261
22906.0,1292647.83719246,180626.37937299896,3.0,30489.953061014865,10.325152500493246
22907.0,1257508.26147647,247674.117297664,3.0,345229.5230301972,12.751964758955602
22908.0,1256845.89174779,247619.082673609,3.0,434082.3566174411,12.98098955687139
22910.0,1264344.16023546,242044.868395895,3.0,34405.29068902902,10.445965630635301
22913.0,1276973.3502004,203623.721476555,3.0,93182.0,11.442309848973883
22914.0,1276954.77215238,203201.185604125,1.0,0.0,
22915.0,1269048.70884828,184040.0877285,3.0,52379.364737455166,10.866267990028158
22916.0,1276962.40005639,203621.602052554,1.0,0.0,
22917.0,1269053.0553443,184344.679344818,1.0,0.0,
22918.0,1257075.20458002,247596.252337575,1.0,0.0,
22919.0,1257080.31709203,247600.244401589,3.0,60839.96251351131,11.01600213022431
22921.0,1267642.26481485,182845.067503273,3.0,197260.7781719892,12.19228187940535
22922.0,1267507.1434067,182771.436079204,1.0,0.0,
22923.0,1267963.39345518,182976.644335404,1.0,0.0,
22924.0,1257472.13949244,247508.91947349897,3.0,442581.6062971205,13.000380147437099
22925.0,1277711.55800916,205892.412486881,3.0,54461.57503082433,10.905250686684033
22926.0,1277841.86680929,205969.691526949,1.0,0.0,
22927.0,1277990.04792945,205864.59629485,1.0,0.0,
22928.0,1277710.86149716,205897.78419888,1.0,0.0,
22929.0,1263275.14461838,239625.051049426,3.0,628014.8720422799,13.350319126765918
22930.0,1274437.3358618,240271.039594084,2.0,12041.591839063756,9.396121922670327
22931.0,1263247.57181835,238695.41610446604,3.0,355505.22660760937,12.781295230248467
22932.0,1263265.80113037,239005.094952777,3.0,210124.6089011301,12.255456009441511
22933.0,1263253.21386635,240180.336041987,5.0,428409.046145718,12.96783373345258
22934.0,1263243.82609035,238379.97642414304,3.0,560322.9078519288,13.236268517693388
22935.0,1274516.88594189,238147.6216079,2.0,36758.20070167252,10.512116628091924
22936.0,1274665.05362204,238146.655719906,2.0,1200.4571584802466,7.090457728627404
22937.0,1263264.03345037,239793.453929588,3.0,61540.831767163225,11.0274561646632
22938.0,1263244.93636234,239802.134377599,1.0,0.0,
22939.0,1263267.50583437,239705.259241506,3.0,590758.1779296484,13.28916203825363
22940.0,1263272.31127438,239315.85879311,3.0,207684.96087545375,12.243777599324732
22941.0,1263226.13060233,240067.315241873,3.0,105409.02704278316,11.56560355698923
22942.0,1274510.94072588,240146.474857956,2.0,34860.29261147899,10.459103712942369
22943.0,1263216.74282631,238276.59114404,3.0,518359.9218324424,13.158425109751521
22944.0,1285693.83436933,197215.439997986,3.0,345152.5556375914,12.751741788530087
22945.0,1274088.88677345,208112.764361158,2.0,90916.58368023147,11.417697702252068
22946.0,1285519.92492916,196902.390461668,2.0,28300.50612875645,10.25063496787976
22947.0,1285694.17324933,197204.733693987,1.0,0.0,
22948.0,1269701.76497696,223827.06037724,4.0,101927.65918249708,11.532018616947294
22949.0,1260079.55325511,236441.783782154,3.0,98898.71151670848,11.501851489383455
22950.0,1259179.48023018,237453.418599188,1.0,0.0,
22951.0,1269571.17796883,223752.439129159,4.0,114124.3268401784,11.64504371943675
22953.0,1280659.53535618,243167.514797047,3.0,6293.107925299022,8.747210333435335
22954.0,1275861.48101526,235832.381797537,2.0,23295.0,10.055994024250897
22955.0,1275902.28671131,236091.022373796,2.0,1.0,0.0
22956.0,1267579.49131079,269801.962184325,2.0,133131.04366863688,11.799089212865203
22958.0,1274618.923446,192097.144824743,1.0,0.0,
22959.0,1279078.76197857,219704.98491701495,3.0,250423.87950553585,12.43091027909853
22960.0,1276406.02616782,219582.53800489,2.0,42178.231087598506,10.649659515922425
22961.0,1278951.13458642,219709.119765028,1.0,0.0,
22962.0,1278898.28889038,219730.28110905,1.0,0.0,
22963.0,1272675.09266001,276115.124750778,1.0,0.0,
22964.0,1286244.9776019,198145.125182942,1.0,0.0,
22965.0,1286277.06451394,198144.361022949,3.0,396121.0473488121,12.889475118650758
22966.0,1283031.74156661,268516.294471011,3.0,186350.0,12.135381904907405
22967.0,1283050.19302262,268774.129927263,1.0,0.0,
22968.0,1283021.65497459,268584.82810308,3.0,93182.0,11.442309848973883
22969.0,1283009.40537459,268700.323975191,1.0,0.0,
22970.0,1276356.62731977,219561.341204867,4.0,101461.90840350944,11.527438720361383
22971.0,1279221.38962671,245381.148143306,3.0,17694.72137796988,9.781021646849995
22972.0,1270724.756338,240021.920041829,2.0,4227.94687782381,8.349471782536506
22973.0,1282516.52313408,237304.60067904,2.0,46592.0,10.749184131556358
22974.0,1282518.71999808,237531.850215271,1.0,0.0,
22975.0,1279067.72882655,245373.210159302,3.0,72298.68701459987,11.18856124774129
22978.0,1283016.41420659,268591.551879078,1.0,0.0,
22979.0,1285968.51948962,197936.340798736,1.0,0.0,
22982.0,1285594.80435324,197940.398206741,1.0,0.0,
22983.0,1278805.13721028,245362.492015287,4.0,133856.89707701176,11.804526576025975
22984.0,1285570.2224012,198073.903166875,1.0,0.0,
22985.0,1281903.17759745,230477.026400045,1.0,0.0,
22986.0,1286063.12889771,256349.233466551,1.0,0.0,
22987.0,1280094.3222996,206645.605191648,1.0,0.0,
22988.0,1279256.15167475,218292.52840358,2.0,1056112.128317051,13.870104919729842
22989.0,1279546.42969105,206666.809543669,1.0,0.0,
22990.0,1279728.98181923,206657.695047662,3.0,198338.88377807155,12.197732380903727
22992.0,1267684.39038289,235692.606181398,1.0,0.0,
22993.0,1262852.93418595,231800.643489406,3.0,726855.2442220479,13.496482622827477
22994.0,1262862.88855396,231920.651745528,3.0,93182.0,11.442309848973883
22995.0,1261956.71684103,234423.129700094,2.0,1905.5411537495088,7.552521317430215
22996.0,1267863.80407907,225684.36796315,2.0,93180.0,11.442288385370787
22997.0,1267602.02999881,225851.004123315,3.0,656967.2164635683,13.395389397383964
22998.0,1262863.43088995,231936.899745554,1.0,0.0,
22999.0,1268076.91716729,225695.946395159,3.0,1409679.1500653147,14.158872683315039
23000.0,1267821.89963104,225655.02159512,3.0,678718.394476996,13.42796158483968
23001.0,1262851.72093794,231934.562849551,1.0,0.0,
23002.0,1272515.33253184,232557.594082177,2.0,89783.10654999965,11.405152113541702
23003.0,1272517.12715584,232752.185890377,2.0,44607.90602673061,10.705666387471874
23004.0,1272618.94353995,223442.944664851,1.0,0.0,
23005.0,1272915.85726824,205401.111622378,4.0,1514756.4432765231,14.230765220487921
23006.0,1274348.24056572,196239.498748988,1.0,0.0,
23007.0,1273672.22354102,203988.794884935,1.0,0.0,
23008.0,1261610.83952868,233836.701731488,1.0,0.0,
23009.0,1284805.12614442,208238.039049283,2.0,46591.99999999999,10.749184131556358
23010.0,1284796.87846442,208234.866761282,1.0,0.0,
23011.0,1281987.18694153,225610.860571072,2.0,350.2284153874556,5.85858555701537
23012.0,1284622.41331224,208191.257609233,2.0,62713.06645958193,11.046325101394041
23013.0,1280240.5204437503,226999.994972497,6.0,400020.80213442375,12.899271830073948
23014.0,1266095.23050927,232707.558306336,2.0,1800.4395176794364,7.495786090566605
23015.0,1271224.84785852,226054.88821952,3.0,37401.006031580495,10.529452882280966
23016.0,1271234.09489852,226183.464731649,2.0,237.756652464936,5.471247681959113
23017.0,1280206.66623572,227080.203100577,2.0,0.0,
23018.0,1280201.45791571,226926.036444411,2.0,0.0,
23019.0,1258791.05219778,283923.338774785,3.0,54468.23612209736,10.905372987295975
23020.0,1258467.90486945,283642.6868065,2.0,7825.230566533737,8.965108480345982
23021.0,1259113.80419812,284895.69051978,3.0,611285.6138999172,13.32331958212288
23022.0,1266066.46647723,282117.689492926,3.0,1365162.467103616,14.126784003037592
23023.0,1283028.3781106,270602.513353139,1.0,0.0,
23024.0,1283033.20550261,270761.440905303,3.0,178148.52130720633,12.090372870731256
23025.0,1263015.34660211,231591.467041194,3.0,832503.0398130475,13.632192152257154
23026.0,1258429.98237342,284447.347223312,4.0,108848.46335857238,11.597711949508131
23027.0,1258215.11504519,284683.488471553,4.0,147630.65675739414,11.902468871189878
23028.0,1283135.16300671,270186.281288713,3.0,256978.2078292679,12.456746565843458
23029.0,1258483.26806948,284918.270167798,3.0,318947.2255075296,12.672780930800254
23030.0,1258035.37296501,284090.956886947,3.0,23477.73763208569,10.063807916322176
23031.0,1257820.07184479,284317.483991191,3.0,23606.47336317382,10.06927624845143
23032.0,1255940.84432286,192740.636985406,2.0,18649.47107529205,9.83357306409564
23033.0,1259105.31011811,284288.048023149,4.0,286885.2996141006,12.566837761946708
23034.0,1258807.45475781,283637.175638482,2.0,49.5,3.901972669574645
23035.0,1259446.12343046,284285.478167146,3.0,93345.80476190474,11.444066207005573
23036.0,1283050.09228663,269222.807175726,1.0,0.0,
23037.0,1283015.82297459,269664.764936179,2.0,46592.0,10.749184131556358
23038.0,1255779.03165071,192474.25036113,5.0,139828.1666666666,11.848169566790157
23039.0,1265333.33770849,282973.138581812,1.0,0.0,
23040.0,1258621.10275762,284624.872471496,3.0,79247.25131856538,11.280328007460627
23041.0,1258795.08963779,284296.015511155,4.0,102312.08850303148,11.535783112143584
23042.0,1259017.70205402,284899.133399785,3.0,232218.46666666665,12.355433874225199
23043.0,1259028.13245402,285110.899736002,1.0,0.0,
23044.0,1258633.16899763,284222.87458308,2.0,15506.444377689611,9.649010982803034
23045.0,1258257.57360524,283854.082710713,3.0,118.77301587301586,4.777214242012521
23046.0,1258800.1597818,284901.93128778,4.0,139881.59999999995,11.848551629487645
23047.0,1258810.74998981,285253.090712145,1.0,0.0,
23050.0,1258651.50525364,284918.696023807,2.0,46591.99999999999,10.749184131556358
23051.0,1258656.74672565,285279.178584173,1.0,0.0,
23052.0,1282767.52524634,271745.982538313,2.0,89087.574978463,11.39737515343697
23053.0,1282486.09868605,271683.44001025,3.0,168640.6259004646,12.035525255787359
23055.0,1259090.6802301,285179.705048069,3.0,1574327.0353668076,14.269338459799945
23056.0,1266898.61572608,285172.673880056,1.0,0.0,
23058.0,1255957.94403489,192658.58002533004,3.0,54094.98635492489,10.898496786878827
23059.0,1256152.24189109,192653.140409321,2.0,56987.8688646037,10.950593697229044
23061.0,1282579.83270214,243548.05636543,3.0,55248.824849425866,10.919602349460147
23062.0,1282637.98188621,244252.277998164,1.0,0.0,
23063.0,1255765.17833869,192458.276985124,1.0,0.0,
23064.0,1255778.0841307,192507.129849166,1.0,0.0,
23065.0,1282587.79987015,271645.97095421,3.0,93182.0,11.442309848973883
23066.0,1260924.41475996,235893.25571759,2.0,11601.181876086728,9.358862257773989
23067.0,1260911.72643995,236607.191590324,5.0,426867.4818827983,12.96422889716451
23068.0,1260678.64586371,237116.18007084695,5.0,349170.74460482906,12.763316321101296
23069.0,1268731.30756797,235836.733477533,3.0,163667.04661157713,12.005589439561518
23071.0,1260840.12752788,236753.215270475,3.0,346411.6146051374,12.755382984568875
23072.0,1261170.49399222,236074.931493789,3.0,308979.6351292033,12.64103064797727
23073.0,1265455.77969261,284764.220951647,2.0,26854.71030682709,10.198196514972759
23077.0,1268136.50167936,259782.175102055,2.0,20630.075624658675,9.934505271820028
23078.0,1268128.59851135,259782.365054056,2.0,4048.694944151888,8.306149872159526
23079.0,1260924.13290396,235874.364005581,2.0,24536.702544904834,10.107925338613086
23080.0,1268734.50737597,235849.720997557,1.0,0.0,
23081.0,1261201.57034425,236139.863781855,2.0,16.299999999999997,2.7911651078127164
23082.0,1261203.15696825,236233.80061394,3.0,139954.5225535285,11.849072809916489
23083.0,1260217.56381525,284476.580439344,1.0,0.0,
23085.0,1265354.32842851,283592.549398437,3.0,47488.79999999999,10.768249172746339
23086.0,1282608.06201418,270136.391304657,2.0,10387.09769190423,9.248319708392424
23087.0,1283052.15430263,270003.806600526,1.0,0.0,
23088.0,1255759.06224269,192506.615417168,1.0,0.0,
23089.0,1265338.70346849,283296.542486146,2.0,90079.60682285752,11.408449078608857
23090.0,1267131.75601433,282236.060309052,3.0,75584.7139892755,11.23300934581422
23093.0,1258465.15722145,285360.786008254,3.0,556102.9670279884,13.228708748583088
23094.0,1282682.36435024,271672.377738237,1.0,0.0,
23095.0,1282686.28953426,271530.709386095,1.0,0.0,
23096.0,1282887.80716646,270196.582088724,1.0,0.0,
23097.0,1282685.53164625,270492.725193024,3.0,58032.83074866244,10.968764176774894
23098.0,1265358.1870525,283828.324182689,1.0,0.0,
23099.0,1266992.95511818,282269.318101093,1.0,0.0,
23100.0,1255754.22070667,192659.008825332,1.0,0.0,
23102.0,1259247.34851825,209679.63290675,3.0,132644.3068587532,11.79542644012811
23104.0,1260303.92547934,239001.427624777,2.0,94.23415658125988,4.5457827122641605
23106.0,1260629.62890367,237503.19376725,2.0,39011.68466732332,10.571616487093056
23107.0,1260895.28157593,237499.306919247,2.0,9285.25164145016,9.136182575352798
23108.0,1272436.03966776,259409.534461677,3.0,970514.9600649498,13.785582096273991
23109.0,1286818.39021048,166959.883039013,3.0,509641.7035861349,13.141463215814271
23110.0,1289629.14080536,165443.00982146,3.0,46727.83333333333,10.75209526897293
23111.0,1290545.2816703,165420.934045434,1.0,0.0,
23112.0,1272477.9631878,260376.866814673,2.0,35272.62339328743,10.470862400767038
23113.0,1272950.57899629,260332.938750625,3.0,109219.60001785938,11.60111581353005
23114.0,1272962.19019629,260711.80582301304,3.0,133729.47026017448,11.803574159595065
23115.0,1272968.63870831,261513.84588784,3.0,89195.42458243798,11.398585023333666
23116.0,1273259.0973966,261559.737151876,3.0,47215.62029685282,10.762480055318226
23117.0,1273614.49272497,261559.796223879,3.0,40994.168119049726,10.621185094570448
23118.0,1273419.25362076,261560.604927883,3.0,5372.810579228894,8.589106435915845
23119.0,1272954.37688428,261864.691648185,4.0,100621.6985666064,11.519123204906666
23120.0,1273418.93534876,261957.885312289,2.0,3126.16089064386,8.047560978193065
23121.0,1272668.067444,261973.510272309,2.0,57868.85202783607,10.965934557285177
23122.0,1273268.17976461,260713.976063013,3.0,68551.8656151103,11.135345900011963
23123.0,1273321.24888466,261158.420415476,3.0,27649.77256301919,10.227372781347725
23124.0,1272993.15864433,261854.86713618,1.0,0.0,
23125.0,1272471.8867078,260623.68390291897,3.0,254959.4983220148,12.44885998141598
23126.0,1272657.65080398,260636.270526931,3.0,178530.93599094145,12.092517176058857
23127.0,1272467.54654779,261388.874687701,3.0,370713.1107185919,12.823183755976565
23128.0,1272667.19934799,261386.270655707,3.0,296728.83543773,12.600573988741344
23129.0,1272663.32600398,261549.92025587,3.0,207776.75794558792,12.244219503199238
23130.0,1272464.49765179,260737.319551036,3.0,382752.8575229221,12.855144779260636
23131.0,1273303.90936464,260362.413438648,2.0,37939.02071177006,10.543735431657993
23132.0,1273307.45854865,260438.022910729,2.0,1581.958034284342,7.366418620974704
23133.0,1285314.36531295,187917.450100467,3.0,301963.3863631407,12.618061051799039
23134.0,1279775.53093928,245738.232047677,3.0,174964.0063789678,12.072335553916595
23135.0,1285973.01984163,187906.660404459,3.0,49696.22811472677,10.813684316140849
23136.0,1282592.39110216,273152.371787757,3.0,169205.4939405843,12.038869195725134
23137.0,1282782.44780636,273150.107723743,3.0,114698.74851246682,11.650064392094265
23138.0,1282704.94367827,272881.675467476,1.0,0.0,
23139.0,1282082.78092563,186209.140146717,3.0,279501.99999999994,12.540764727186751
23141.0,1282057.91154961,186215.436402723,1.0,0.0,
23142.0,1282589.58796616,272883.26503548,1.0,0.0,
23143.0,1285969.19801761,187775.316148326,1.0,0.0,
23144.0,1271516.11601882,228991.550046533,2.0,71621.67399713425,11.179153016598656
23145.0,1264977.91153212,183177.378223613,3.0,372648.0,12.828389553329115
23146.0,1278094.87320955,176457.100968733,3.0,70634.13466391037,11.16526880045895
23147.0,1264984.77214013,183653.1662561,2.0,46592.0,10.749184131556358
23148.0,1264807.68849194,183658.374576107,1.0,0.0,
23149.0,1278092.26885755,176228.3481365,1.0,0.0,
23150.0,1274422.53240579,212048.540621176,1.0,0.0,
23151.0,1271673.78891498,177409.082345709,1.0,0.0,
23152.0,1278787.44332226,189708.31064631,2.0,178333.6821365165,12.091411693113821
23153.0,1284744.21715236,192851.088185519,2.0,16082.91697832014,9.685512930405606
23154.0,1284883.1303045,192659.440569326,3.0,365650.8195547658,12.809434112060638
23155.0,1284926.07539254,192905.544121578,2.0,23830.658170730792,10.078728189129372
23157.0,1284336.13695994,193414.7750341,3.0,6450.5792131613525,8.771925206248127
23159.0,1283916.63513552,177606.909673914,1.0,0.0,
23160.0,1257240.26954019,237150.727270886,2.0,22557.44956782926,10.023820648149844
23161.0,1256929.11632387,237155.016614884,3.0,1407.1305144650833,7.249307813626218
23162.0,1261333.14128838,240601.514986426,1.0,0.0,
23163.0,1273835.45848519,242637.911852509,2.0,356922.1181535095,12.785272880529453
23164.0,1274327.06904569,222826.670936212,2.0,10911.0838596309,9.297534419413383
23165.0,1272890.21624422,241945.531627789,1.0,0.0,
23166.0,1284103.3811837,246161.496624112,2.0,43960.32090824728,10.691042708496537
23167.0,1276687.91538411,258286.730300531,2.0,32415.77243375916,10.386400386841117
23168.0,1276703.38220012,258286.262076527,2.0,1376.521690350395,7.227315082068679
23169.0,1262808.23972189,197762.723390549,2.0,8440.9685234145,9.040852334965335
23170.0,1262581.52791366,197767.85785456,2.0,8980.715364638416,9.102834820109859
23171.0,1286179.31929784,244512.120046422,4.0,77990.14458601415,11.264337746227353
23172.0,1286437.71705809,244499.956974417,4.0,3982.806364688543,8.289741966556376
23173.0,1286688.58502635,244495.182702407,4.0,61233.44026476142,11.022448728828
23174.0,1286223.22668988,244506.837870419,2.0,31197.91639050744,10.348106589212001
23175.0,1286716.62400238,245169.251247093,1.0,0.0,
23176.0,1284125.17708772,246321.036656275,2.0,211.696414928705,5.355153243319604
23177.0,1284130.33484773,246770.819248736,2.0,2839.3755066814124,7.951339414961871
23178.0,1280017.07967553,253242.880759358,2.0,7382.111008928217,8.90681492126179
23179.0,1282558.89804612,246162.737456113,1.0,0.0,
23180.0,1286733.6321304,243808.437037706,1.0,0.0,
23181.0,1249465.86185224,245112.31991903496,3.0,280499.09422542213,12.544325774796794
23182.0,1251122.60361393,246730.058800697,3.0,685014.8433517466,13.437195786136227
23183.0,1259981.339559,263720.696770087,2.0,0.0,
23184.0,1250560.96303736,246939.092208907,3.0,592262.0157035772,13.291704410044147
23185.0,1259037.60816604,259745.764414027,1.0,0.0,
23186.0,1284962.41952059,174253.18275848,2.0,766312.7115887826,13.549345605087625
23187.0,1274902.45535028,190933.753079563,2.0,106584.02504338164,11.57668892060382
23189.0,1267440.97227064,225995.287003458,2.0,501119.3015517029,13.12459947856901
23192.0,1271800.58917111,238193.802279949,1.0,0.0,
23193.0,1258476.67190947,217226.283858478,1.0,0.0,
23194.0,1258471.82582946,217227.891794488,1.0,0.0,
23196.0,1275306.46635869,237192.124134928,1.0,0.0,
23198.0,1264678.81898782,237696.485671446,3.0,173706.37078138458,12.065121628478806
23199.0,1264022.82129115,185799.19870629895,3.0,895602.163589436,13.705251579502653
23201.0,1263920.04657103,185801.03729830697,3.0,807895.4131216343,13.602187889919357
23202.0,1263922.73553105,186045.770418555,1.0,0.0,
23203.0,1264028.24874716,186042.524018556,1.0,0.0,
23204.0,1253701.45020857,216614.098065853,1.0,0.0,
23205.0,1253896.13289677,216355.275729597,1.0,0.0,
23206.0,1264668.5876918,191294.865911931,2.0,2753.2994794274287,7.920555282163851
23207.0,1262273.20106535,178272.0858666,1.0,0.0,
23208.0,1255952.99459487,207251.584968269,1.0,0.0,
23209.0,1262265.83562535,178272.927722588,1.0,0.0,
23210.0,1270115.91768138,191065.964151695,4.0,1705554.304592868,14.349400721197528
23211.0,1269608.97675286,191054.680055678,4.0,1489877.2517468724,14.214204293150171
23212.0,1286114.33580977,193492.684026182,2.0,93676.1908848202,11.447599336522849
23213.0,1270946.44881824,180466.307180837,2.0,10503.741223977882,9.259486779728846
23214.0,1266374.76471755,212026.24961315104,3.0,47383.078989458445,10.766020460604686
23215.0,1266363.83396554,211971.127373099,3.0,284712.44722001406,12.559234992788161
23216.0,1262293.38640937,174889.66346313097,3.0,499849.589162907,13.122062510474226
23217.0,1265762.11441292,191756.070712402,2.0,56696.109913704575,10.945460879138286
23218.0,1265702.42161286,191758.826232404,2.0,99151.3628253429,11.504402878940144
23219.0,1288593.41517231,192337.894969001,2.0,13102.037438409076,9.480523026745308
23220.0,1255213.53968212,202015.004866913,3.0,70920.13834294316,11.169309710876359
23221.0,1255618.50704254,201306.537474185,1.0,0.0,
23223.0,1266596.28593378,211845.751308978,1.0,0.0,
23224.0,1266572.32766175,211845.230604976,1.0,0.0,
23227.0,1290714.98541448,181383.660333782,3.0,138532.31398932677,11.838858891398411
23228.0,1290714.27968648,181365.290925756,1.0,0.0,
23233.0,1277277.28063272,238415.087912187,2.0,1372556.5918639752,14.132185684203558
23234.0,1276366.46392778,269555.441032067,2.0,106139.72787814244,11.572511692577416
23237.0,1270825.1594101,189741.158390343,1.0,0.0,
23238.0,1255250.23811416,201300.758274168,2.0,4.0,1.3862943611198906
23239.0,1255180.68310609,201213.782082081,2.0,6.0,1.791759469228055
23240.0,1282921.9767025,199944.025792792,2.0,94072.26814688023,11.451818575942257
23241.0,1282896.37081447,199917.07238476,2.0,35439.13330159039,10.475571949047248
23242.0,1273887.87045324,216587.280849829,1.0,0.0,
23243.0,1289123.44301285,183306.038703755,2.0,4601.174718657731,8.43406692349614
23247.0,1251114.40450993,246730.424944699,1.0,0.0,
23248.0,1252709.95580755,210371.121675462,2.0,107465.10624660202,11.584921480803262
23249.0,1259354.82506236,257741.778939977,1.0,0.0,
23250.0,1252715.40521556,210578.605515674,2.0,32308.89375339644,10.3830978197117
23252.0,1274574.45176595,230086.196127653,4.0,386071.9080287207,12.863778921326944
23253.0,1274866.60965425,230083.436255649,4.0,313871.66060587217,12.656739457154773
23254.0,1252714.44099157,210543.116747633,4.0,93200.0,11.442503000673682
23255.0,1252718.52105556,210533.119755626,1.0,0.0,
23256.0,1285614.05632125,257910.181820139,1.0,0.0,
23257.0,1252560.9478714,210665.625035763,1.0,0.0,
23262.0,1265660.28190082,212123.180557251,2.0,60470.50562725103,11.009911014853783
23263.0,1265560.33201271,212266.812109411,1.0,0.0,
23264.0,1279763.97317927,217902.94619517,3.0,210141.80525701345,12.255537844940678
23265.0,1284646.29875226,204917.251077875,4.0,2519859.4867744907,14.739713698716532
23266.0,1281140.35334067,211893.813901022,4.0,88074.78606286627,11.385941574172895
23267.0,1277794.84063324,217414.730322674,3.0,213625.04763618053,12.271977643407595
23274.0,1277336.41996078,235435.937381133,2.0,322812.2860862516,12.684826275639539
23275.0,1252698.71561554,244491.207022399,2.0,158554.99241592997,11.97385676742995
23276.0,1289410.06938113,249170.328243196,2.0,228420.29713878772,12.338942619447756
23277.0,1289413.56678915,249661.870195702,2.0,274384.1890986797,12.522284553271007
23278.0,1248498.16239524,245418.297007352,2.0,232920.0,12.358450325951056
23279.0,1247956.2690827,245016.732846946,2.0,186344.0,12.13534970691119
23280.0,1247391.35746612,244988.874350905,2.0,139764.0,11.847710564890653
23283.0,1250139.49961293,247162.069425136,2.0,364268.3878033886,12.805646204055487
23284.0,1249582.48502035,246379.524784341,2.0,318711.48202881083,12.67204152745902
23285.0,1250116.69455691,246374.515568331,2.0,136600.9056015355,11.824818855683494
23286.0,1251971.6511668,245075.661230996,3.0,2204521.719789243,14.60602113621027
23287.0,1251738.52662256,245743.310447678,2.0,2235487.7003206573,14.619969972659671
23288.0,1288837.66733256,250509.513524562,2.0,21289.71719535693,9.965979474349648
23289.0,1288935.39776465,251624.598261714,2.0,422.6666666666666,6.046583846329061
23290.0,1290834.3605186,250294.30168435,2.0,93180.0,11.442288385370787
23291.0,1291804.92480759,251212.20274128,2.0,46592.0,10.749184131556358
23292.0,1292065.37901586,251565.708917648,1.0,0.0,
23293.0,1289087.34989281,191264.676983893,1.0,0.0,
23294.0,1280496.12921201,212236.568781376,3.0,116786.54377750868,11.66810313535504
23295.0,1279758.09298725,236702.279014423,1.0,0.0,
23296.0,1268005.29559922,272430.75905101,2.0,585.7521679393388,6.372896778515224
23297.0,1280451.77593197,212337.370061472,2.0,345.6404427002789,5.845399051785591
23298.0,1267741.86340696,272437.507723019,3.0,177323.1186545413,12.085728876424502
23299.0,1267856.96324708,272435.771211013,1.0,0.0,
23300.0,1268136.12964736,272446.361739025,1.0,0.0,
23301.0,1268126.49515134,272447.084811032,1.0,0.0,
23302.0,1281663.11308521,268500.318470985,3.0,2587.825992165327,7.858573416948161
