Node ID,Longitude,Latitude,Degree Centrality,Betweenness Centrality,Log Betweenness Centrality
0.0,1272454.59576377,196821.621245593,4.0,85175.46119281035,11.352468657164469
1.0,1272445.65285176,196530.332157284,4.0,199544.0086351449,12.203790085647011
3.0,1272804.96216413,229595.832927153,4.0,160042.88553980837,11.983197092924904
6.0,1276763.26495218,227488.916188985,2.0,3987.490970428092,8.290917482621092
7.0,1276842.76677626,227487.097628996,3.0,24321.91066276441,10.099132896430195
8.0,1258877.97200587,249895.359603941,4.0,1143010.1812830314,13.94917585024649
9.0,1258234.31478922,249910.516403958,4.0,1336054.298837077,14.105231275094953
13.0,1280456.64569198,212688.49274984,3.0,79783.21406222953,11.287068411213841
16.0,1271933.94097924,224815.773914248,4.0,91197.60392843398,11.42078390300275
17.0,1271778.12037109,225078.95580253,4.0,392197.48286086565,12.879520774724975
18.0,1281468.16300501,191505.659128144,2.0,23289.33333333333,10.055750737880173
19.0,1281457.829053,191209.123255834,2.0,4.666666666666667,1.540445040947149
22.0,1277381.21746482,215035.505424246,4.0,88982.03006967052,11.396189718998299
23.0,1277630.20780107,215030.022160232,3.0,202496.55968364756,12.218478176167856
28.0,1267581.43787079,255034.246649206,4.0,415787.4563262807,12.937929486385537
30.0,1284988.93945661,243227.259757102,3.0,108273.21969709118,11.592413123528727
31.0,1285233.68665686,243221.913645104,3.0,31140.02687594247,10.346249308455775
38.0,1258800.58698179,246142.062000096,4.0,1105030.0577848677,13.915383094179298
39.0,1258809.9760378,246596.084016562,4.0,655686.87159337,13.393438624079895
42.0,1274815.57855019,214267.166415453,4.0,571256.0807636314,13.255592865796709
43.0,1275137.33906253,214259.534863442,4.0,651031.1906236964,13.386312831907327
48.0,1256988.76483594,256314.264378503,3.0,217530.6163532168,12.29009488444681
49.0,1256994.74377994,256567.370490775,3.0,145689.57271484096,11.889233422805804
50.0,1279509.896635,249937.870963976,4.0,202479.19584331068,12.218392423674723
51.0,1279510.548475,250601.042228654,4.0,328987.92636855465,12.703776331106203
52.0,1259622.40195863,247186.093681157,3.0,33978.672119736606,10.433488316173253
53.0,1259624.42359065,247281.280817255,3.0,14217.52734937179,9.562230802820517
54.0,1270588.07550587,248855.032242864,4.0,122068.57271402609,11.712338237238859
55.0,1270458.83204973,249104.497331128,4.0,174680.01199499975,12.070711076267916
56.0,1263328.80791444,257652.461179882,4.0,95767.91943573988,11.469683037686803
57.0,1263339.08772244,258310.205628559,4.0,244668.08011459772,12.407657795946996
62.0,1268277.31735949,172954.348773152,4.0,92788.03255512747,11.438072950923031
63.0,1267949.29604717,172956.300197154,4.0,35740.4788718276,10.484039187387719
64.0,1293112.80640893,186888.097779423,4.0,1712.321803817319,7.445605508557093
65.0,1292817.51437663,186607.558003128,4.0,80056.56944374085,11.290488781812607
67.0,1261055.6402321,188817.666101396,3.0,289102.1040629695,12.574535205954326
70.0,1272454.03409977,177834.82391414,3.0,654191.3971617013,13.391155243834413
71.0,1272444.24568376,177462.902761772,1.0,0.0,
72.0,1290300.04762205,166861.452190906,4.0,93182.0,11.442309848973883
73.0,1290264.08378202,166241.259486273,1.0,0.0,
74.0,1291331.86477511,180568.431340948,3.0,408016.1872510464,12.919062127234199
75.0,1291975.29197577,180633.424301013,1.0,0.0,
80.0,1281281.27494082,226056.509979531,4.0,219581.59779765215,12.299479186370556
81.0,1281551.9082851,226047.25077951,4.0,119198.69440929564,11.688547080611253
82.0,1287215.17222689,201158.116866022,3.0,336319.4708883983,12.725816793430898
83.0,1287404.61177908,201153.593538031,3.0,243233.80422172404,12.401778417037095
84.0,1270277.30814555,258143.212860376,4.0,555442.6920230868,13.227520718065069
85.0,1270642.56068993,258133.419196367,3.0,613165.5041375654,13.326390168913974
86.0,1280294.88581981,228275.444509804,4.0,215339.6629849445,12.27997188833154
87.0,1280580.68646009,228267.878237784,4.0,306460.1523743675,12.632843017340056
88.0,1278378.23845784,237799.906727552,5.0,605694.2945020795,13.314130673248396
89.0,1278804.12933828,237789.334567547,3.0,70946.68221757638,11.16968391923372
90.0,1272824.73246816,230863.305760443,4.0,283447.20437929104,12.554781156868358
91.0,1273064.5368204,230856.854368433,4.0,313728.61815077777,12.65628361778563
94.0,1266283.53726146,171371.195427522,4.0,635871.6446231885,13.362752005324335
95.0,1266257.47658943,170710.072738856,4.0,146365.38960695022,11.893861442771557
106.0,1266971.44593416,229144.100254685,3.0,101445.77177139436,11.527279666429711
107.0,1267074.50084627,229257.475998804,3.0,623.7343563863412,6.435724566809484
110.0,1284175.52505578,256967.10431517696,3.0,676443.8103997508,13.424604663867315
111.0,1284180.06182379,257310.038331524,3.0,696325.6899529897,13.453572775199037
112.0,1268687.03966393,176563.882920846,4.0,576086.0881419871,13.264012387090046
113.0,1268326.00491154,176567.896360844,3.0,47345.83859654381,10.76523420872338
116.0,1274047.4515094,210438.22855553,1.0,0.0,
117.0,1274103.81880547,210438.612683535,4.0,249110.015477726,12.425649907096867
118.0,1276913.66789635,256953.11122717,4.0,433235.8234678826,12.979037485675809
119.0,1277566.93592902,256933.55941914,3.0,305257.5959347808,12.628911275970568
120.0,1257852.12694882,251724.168245807,4.0,51686.00395171709,10.85294230724495
121.0,1257580.66192454,251728.783733815,4.0,151803.76574247525,11.930343950898655
124.0,1270481.88644975,169648.417697757,4.0,220878.07552057985,12.305366133783481
125.0,1270458.24344173,168628.175008714,3.0,69592.74540317147,11.15041560817685
130.0,1265927.25674909,170723.599266857,4.0,307913.2003527809,12.637573205201402
131.0,1273840.2426132,190321.361590937,3.0,16722.673346095944,9.72452076297836
132.0,1274132.9129495,190311.40856692204,3.0,123034.80075717956,11.720222527321765
135.0,1293365.06900118,187098.91166763,4.0,146746.42076681356,11.896461347388223
138.0,1286124.69273777,250469.927988529,4.0,778686.943610033,13.565364374518172
139.0,1286452.71635412,250462.30827651903,3.0,92500.49991026892,11.434969327921252
142.0,1281503.52447705,224567.178969994,2.0,46591.99999999999,10.749184131556358
143.0,1281508.38476504,224727.104474157,3.0,93577.9161267074,11.446549695810512
148.0,1271812.62360312,224388.446681812,4.0,1009356.7806980206,13.824823835147797
149.0,1272089.89438741,224552.525785983,4.0,848301.0597217049,13.650990875024924
150.0,1277243.86668068,218532.477459818,3.0,87060.18202418169,11.374354905894153
151.0,1277236.76600868,218106.060627386,4.0,668150.9482272114,13.412269397391334
156.0,1266148.59358132,250294.497588351,3.0,256589.87858238968,12.455234286045856
157.0,1266156.64676532,250609.36146067097,3.0,348989.83586999035,12.762798077178775
158.0,1280661.65382019,181065.626861453,4.0,612803.364304943,13.325799387447207
159.0,1281077.1979486,181074.766573459,4.0,343716.94830451644,12.747573772953311
161.0,1284064.52723166,183615.953456059,3.0,2741.577007926521,7.916288584154691
162.0,1284315.11270392,183605.35467205904,3.0,202.64126984126997,5.311437272162484
167.0,1278738.71116221,175783.79357604697,3.0,127940.09031536104,11.759317388923538
168.0,1278738.70949821,175420.741159678,1.0,0.0,
171.0,1264958.1405881,256952.308411166,4.0,310383.6766870614,12.64556447791569
172.0,1265288.06122844,256943.776891157,4.0,118064.4234957578,11.678985716293322
177.0,1268605.79934384,230121.900767684,4.0,167856.98473155446,12.030867614479858
178.0,1268928.17694417,230113.763999686,4.0,178839.84181480814,12.094245945840749
181.0,1266453.41284563,227664.082845166,4.0,160905.2786377762,11.988571139389363
182.0,1266226.6938694,227870.505373389,4.0,183863.0662533859,12.121946554388366
186.0,1268902.42276815,254477.183736622,5.0,713958.413198935,13.478579994806008
195.0,1264704.14833184,249662.072947696,4.0,207050.83530392183,12.240719623275751
196.0,1264455.25706759,249709.06501174,4.0,202658.44405427136,12.21927729935649
197.0,1284829.67468844,196327.831229076,4.0,202830.13305329648,12.220124124736923
198.0,1284825.84198445,195963.298812702,1.0,0.0,
202.0,1267571.34635077,254506.137080655,4.0,489484.0642531816,13.101107185270946
215.0,1272234.48792355,239077.257832855,4.0,123123.56942923243,11.720943759558017
216.0,1272900.20837224,240350.108970165,4.0,143990.9886366312,11.877505997687713
217.0,1257046.966116,252397.156406492,4.0,106325.66711150335,11.574261994369758
218.0,1257058.92675601,253057.077687174,4.0,232930.31290674224,12.35849460157547
219.0,1272767.9543561,247459.440881446,4.0,101356.2816100104,11.526397129337997
220.0,1273438.45598878,247439.566897422,3.0,93304.63106016204,11.44362502183256
221.0,1284244.68831985,199447.878464282,3.0,81195.1237561018,11.304610472081803
222.0,1284241.75916785,199241.687296063,4.0,776857.1546448923,13.563011770292878
223.0,1262725.32292181,260986.9804793,3.0,309421.1627373158,12.64245861406225
224.0,1262584.74640967,260990.464383304,3.0,232511.63531778828,12.356695547134954
231.0,1275560.70565496,255996.255546182,4.0,308751.14390293206,12.64029087186623
232.0,1275569.99435897,256328.123322517,4.0,152082.2472403506,11.932176753751918
233.0,1278684.01669815,228317.968989834,4.0,108384.6127312431,11.593441408938201
234.0,1278720.35884219,228743.301854283,4.0,61254.91189367991,11.022799319374121
237.0,1283124.8408307,210839.53613995,3.0,58472.047196045096,10.976304093316235
238.0,1283111.4881267,210512.143755615,3.0,117756.22959980836,11.676371915785456
239.0,1275486.36498289,225729.493211195,4.0,353606.0480186812,12.775938713724582
240.0,1275808.3183912,225721.644507185,4.0,296227.5693309008,12.598883253226196
241.0,1268721.36894396,225187.020890638,5.0,1364912.0908420472,14.126600582213761
243.0,1271726.48536304,250747.195124805,3.0,48429.04773345328,10.787855072462959
244.0,1271871.00305918,250735.363508791,4.0,158446.39557857515,11.97317161685512
247.0,1272200.78821152,187765.71877232203,3.0,356610.67490570527,12.784399919200663
248.0,1272198.48241952,187517.871476054,4.0,439222.9935605871,12.992762521087098
249.0,1269589.64907284,256172.180026367,4.0,860026.2895001314,13.664718236948662
250.0,1269597.61067285,256834.457595035,4.0,573905.0833102702,13.26021930154158
251.0,1268658.77854389,218394.933075681,1.0,0.0,
252.0,1269023.34968026,218229.76315550497,3.0,292805.28325512685,12.587263104810626
253.0,1260984.10000803,249850.284211889,4.0,641493.2730802306,13.37155397674782
254.0,1260335.19971937,249864.353715912,4.0,971083.488389016,13.786167725440277
255.0,1277566.23020101,234443.87869212,3.0,63736.114097519865,11.06250662121675
256.0,1277708.74668115,234439.286820114,3.0,28381.47958385748,10.25349208409282
257.0,1279089.24946657,219611.869652927,3.0,300759.5559833833,12.614066407175484
258.0,1279503.01733899,219581.616724893,2.0,2748.8720156537474,7.918945930389469
261.0,1263796.44413891,211697.102668822,4.0,145721.55105660067,11.88945289515452
262.0,1263551.36618666,211703.440908834,3.0,215430.83181682523,12.280395170958098
265.0,1272495.44670781,230027.744479597,4.0,1205167.458966635,14.002129085348235
266.0,1272502.11633983,230448.031328022,4.0,602164.5223299465,13.308285979860143
267.0,1285134.09536076,248468.497586474,3.0,773.0366028593968,6.6503263991602815
268.0,1285043.06464067,248891.980338901,5.0,152077.84909903267,11.932147833841835
269.0,1276985.20280841,204502.511045456,4.0,199499.95623363796,12.20356929593177
270.0,1276982.64344841,204269.200517222,3.0,237577.25273227453,12.378248124228708
279.0,1274266.19845363,251901.893941984,3.0,8570.87362954809,9.056124946833602
280.0,1274302.69278967,252115.322358206,2.0,16186.181036078666,9.691913134725501
285.0,1266570.15671775,170699.37987484,3.0,103075.93352354268,11.543221214274741
286.0,1266413.89521359,170704.723682851,2.0,159.10261437908497,5.0695493675097065
287.0,1268787.59620802,181604.503086001,4.0,550507.0244392756,13.218594995171138
288.0,1268779.37214401,181154.647981539,4.0,617726.9325173202,13.33380178202427
291.0,1279899.67865141,219094.483860403,4.0,794431.8294919861,13.585382458246762
292.0,1280150.64466766,219085.027476385,4.0,623757.8953027163,13.343517583767703
297.0,1264549.93469968,169405.926049516,3.0,64052.85001327145,11.067463803029256
298.0,1264521.72810766,168731.543584824,3.0,9505.463379729186,9.159622004889327
299.0,1291730.76915951,187872.753652424,4.0,131887.8228042709,11.789707013020253
300.0,1291412.60768719,187395.802803934,3.0,212889.51140254585,12.268528584297142
301.0,1267292.28491049,172961.222757161,4.0,6925.672106323393,8.84299038141075
302.0,1266093.37226926,250037.735284075,3.0,23537.48098097531,10.066349364934293
303.0,1266208.31396538,250034.761524081,3.0,7324.298332001419,8.898952638443983
304.0,1274176.87346154,250599.453620657,3.0,89678.94063636058,11.403991244968427
305.0,1274844.53752622,250577.064244628,4.0,88886.41919336884,11.39511464485326
308.0,1266928.21111812,255582.142521754,4.0,151387.12656765978,11.927595587094597
309.0,1266931.30103812,255846.406394035,3.0,23390.47068727673,10.060083982816398
315.0,1269491.46948874,170957.9501791,3.0,832832.3359039893,13.632587623463778
320.0,1278967.97317845,179412.024491757,4.0,1249116.5972436056,14.03794713722751
321.0,1279806.76741931,179406.70788376,4.0,1229974.0946800448,14.022503665891074
322.0,1272998.52152434,192761.953849435,3.0,232928.0,12.358484671917985
323.0,1272988.50117232,192162.954680815,3.0,1038729.9519875996,13.85350932483327
326.0,1277231.12396067,229510.68969506,4.0,198468.34704063024,12.198384905641673
327.0,1277402.08255285,229506.704799056,1.0,0.0,
330.0,1277446.44172089,176461.450664744,3.0,163234.14299215146,12.002940909141618
331.0,1277436.98604088,176017.840680286,1.0,0.0,
332.0,1284279.37100789,201862.135426745,4.0,68792.08611598141,11.138843989921288
333.0,1284274.73350388,201536.872002423,4.0,72515.97897966628,11.191562216277852
338.0,1271622.29528293,225342.298778787,4.0,423174.791753562,12.955540591952403
339.0,1271466.34283477,225605.664411068,4.0,787805.7112885085,13.577006779160737
340.0,1256233.67869116,251223.321525291,3.0,23020.434348205217,10.044137550395229
341.0,1255563.68105848,251229.0350613,4.0,137810.14325996308,11.833632243415584
345.0,1292385.86887218,186108.49073861504,3.0,644653.9938849331,13.376469008251318
346.0,1292367.65728816,185438.830385938,4.0,1046072.2069165908,13.860552952693459
347.0,1259633.64829464,247734.430513725,4.0,72239.35539093333,11.187740264891218
348.0,1259639.46717465,248017.00805001,4.0,1353658.7011821822,14.118321633606392
351.0,1285257.01568088,244540.88273444804,3.0,296127.4665754776,12.59854527093413
352.0,1285262.80768089,245200.360111132,3.0,80982.14421689394,11.301983967586978
365.0,1271883.53291519,231297.731424898,3.0,68299.7691360742,11.131661665407842
366.0,1271888.02238719,231603.05334520305,3.0,17085.465454560348,9.745983407641003
367.0,1274130.4621335,190030.23256664,3.0,76016.70981578405,11.238708461098641
368.0,1274179.19499755,189677.760502279,3.0,108011.81176877978,11.58999586835553
371.0,1271075.48568237,248046.229746044,4.0,255082.96512298088,12.44934412464807
372.0,1271438.86974673,248035.366578028,4.0,35915.505375643035,10.488924385846431
377.0,1276039.51608744,220853.143062204,3.0,91053.60227832488,11.41920364811091
378.0,1276350.46463177,220846.391766191,4.0,101452.10811199808,11.52734212485076
379.0,1277615.54636106,232783.297378406,4.0,696890.3975862383,13.45438342857754
380.0,1277912.32402536,232775.428962409,4.0,563845.2138409527,13.242535049269264
381.0,1283070.97311865,252521.099382624,3.0,144363.76694252994,11.880091552504185
382.0,1283068.69196665,253181.110583305,3.0,128646.44825477042,11.76482320951511
383.0,1263313.31057042,248469.24856247,4.0,738400.8271373105,13.512242082345274
384.0,1263325.08906643,249002.108083025,4.0,517635.9626162896,13.157027499307572
393.0,1277756.7232572,236154.740069866,4.0,204072.10136556733,12.22622864844834
394.0,1277866.49567331,236306.955302015,4.0,156838.3640550618,11.962971025690441
395.0,1270694.24363397,244460.160814375,4.0,206941.67425597328,12.240192265664405
396.0,1270708.24920198,244857.596718773,4.0,266263.63103530864,12.492242191072028
401.0,1253983.31184086,251334.928885415,4.0,617709.0391877369,13.333772815197994
402.0,1253990.96144088,251776.016885862,4.0,119153.5466272091,11.688168248153623
403.0,1262664.78756176,166508.893790543,2.0,93180.0,11.442288385370787
404.0,1262502.48215358,166334.272414371,2.0,46592.00000000001,10.749184131556358
405.0,1269215.58187246,224984.423514426,4.0,1172801.5270024813,13.97490591212807
419.0,1282048.3383656,208297.749513343,3.0,473542.19958656747,13.067996310311985
420.0,1282041.9315816,207921.563592955,4.0,1061980.795029506,13.875646396844148
423.0,1270897.60376218,241414.757099256,4.0,1046594.87687145,13.861052477887673
424.0,1271191.19608249,241406.438891247,4.0,1361432.323100613,14.124047882259028
427.0,1265401.32804455,246789.716208756,3.0,57398.92624182227,10.957780875544225
428.0,1265406.24369256,246954.268656924,3.0,10300.746241672749,9.239971622241145
431.0,1273664.10021302,253277.453879401,3.0,57294.70765549633,10.955963536403972
432.0,1273862.04011722,253270.108727396,4.0,12622.950263432223,9.443271885590795
438.0,1286481.12710615,208148.872841194,3.0,677880.0425894292,13.426725622934693
439.0,1286477.38925013,207788.435912818,4.0,142300.45711305027,11.865695996392182
440.0,1266440.14225362,249498.323635533,4.0,109395.22935250185,11.602722560638036
441.0,1266446.57591763,249758.489139795,4.0,308655.9252985397,12.639982425105908
442.0,1266444.57559763,177107.2335134,2.0,11298.094857173786,9.332389393776124
443.0,1265959.86103712,177112.357545406,3.0,42825.52134860141,10.664889497049368
448.0,1270814.63941009,176557.03613683596,3.0,349189.572305005,12.763370240832199
449.0,1271066.99121836,176557.166056842,3.0,130309.526982821,11.777667876194684
452.0,1275575.59346297,229124.335198671,4.0,1010138.3221803888,13.825597832094134
453.0,1275895.8339753,229116.870942652,4.0,956047.510473554,13.770562887946745
455.0,1295065.35764293,181879.040238291,3.0,47084.07097273172,10.759690026895344
456.0,1295063.01409093,181766.504046172,1.0,0.0,
465.0,1260020.65706305,169026.856289133,3.0,108754.02905450096,11.596843997041661
466.0,1259841.25021486,168629.262944713,4.0,83166.78249124372,11.328603298184916
469.0,1253499.28067237,251003.048949078,1.0,0.0,
470.0,1253507.26819238,251316.269493386,3.0,279502.0,12.540764727186753
471.0,1256231.22889917,251077.274869144,3.0,21028.17005273508,9.953618248873306
472.0,1286782.98899445,249163.453555182,2.0,46592.0,10.749184131556358
473.0,1286958.33875462,249158.007027179,1.0,0.0,
476.0,1274158.20485352,235984.13379769,4.0,195431.11806795056,12.18296325907387
477.0,1274418.14136578,235977.720421687,4.0,149638.44082382583,11.915977268893135
478.0,1272906.37829223,218975.758996278,4.0,1439699.4699546292,14.179944948350615
479.0,1272709.35442004,218127.068819404,4.0,1229868.7845293244,14.022418042413513
480.0,1286529.52659419,177929.980202243,3.0,122294.02560339312,11.714183470141844
481.0,1286782.01984245,177262.075689554,3.0,18893.49656582993,9.846573044786725
482.0,1267402.5599186,178325.892138645,4.0,105094.88792671988,11.562618915593777
483.0,1266741.73022193,178290.513962612,3.0,22828.505974253665,10.035765296044472
484.0,1284128.65247974,179515.564331874,3.0,841897.4331814472,13.64341347248092
485.0,1284294.0589439,179367.969771713,3.0,750508.3559087346,13.528506063782794
488.0,1295074.32839493,182562.836142987,4.0,110198.57292419644,11.610039225745926
493.0,1294962.68756282,186508.085107028,3.0,95296.40553730296,11.46474737158893
494.0,1295243.67943512,186494.57726702103,3.0,65336.40326591233,11.087304637204571
499.0,1277195.70501663,228634.615006164,5.0,1340921.6650423931,14.108867745227517
500.0,1277218.07704866,229086.050782621,4.0,593881.7634211552,13.29443552705187
503.0,1279712.86405921,248610.75947462,4.0,1052110.9832113667,13.866309164064546
504.0,1279723.95423523,249274.821811303,4.0,602524.433928481,13.308883497762789
505.0,1276853.71000828,213253.478798419,4.0,445665.2414592101,13.007323369488367
506.0,1277089.34405652,213248.951246411,4.0,362617.1182812496,12.801102786009967
513.0,1284345.20582396,176259.884840533,3.0,555548.3466708786,13.227710916985547
514.0,1285007.17107263,176234.694888502,4.0,952402.2478852523,13.766742753824369
517.0,1288927.42701265,171552.286307707,3.0,279027.47143101913,12.539065519866712
518.0,1290000.39565374,171584.573283747,3.0,96737.19561299012,11.479753257048271
525.0,1271273.91045056,176557.272040844,4.0,111715.18847239058,11.623707951394387
526.0,1271922.03352323,176734.536425024,3.0,38422.56100993693,10.556400092350255
527.0,1285146.49030477,178860.411435202,1.0,0.0,
528.0,1285324.22188896,178857.60369119,2.0,46591.99999999999,10.749184131556358
531.0,1285195.04307282,182860.607471287,3.0,166216.4268973592,12.02104599465024
532.0,1285630.87680127,182119.696558535,1.0,0.0,
535.0,1277763.52018522,216685.932561934,6.0,990800.6002880308,13.806268582459118
536.0,1278078.37554553,216665.651089907,4.0,240942.56826487213,12.392313878118529
537.0,1274853.81765424,251630.758645713,4.0,111211.36980956903,11.619187902060734
538.0,1275298.70815068,251615.483125702,3.0,73315.16529674451,11.202522760018807
539.0,1284269.33331187,241482.847531319,3.0,302856.5240655535,12.621014454411018
540.0,1284051.12569565,242379.337196246,4.0,775049.0646518929,13.560681615559789
542.0,1268807.25924805,227264.457372755,4.0,101692.02791035573,11.529704190668708
544.0,1271535.74654683,224224.612377644,4.0,1520241.233996297,14.234379586806414
545.0,1272508.91057983,238184.070375949,4.0,208403.84728328453,12.247233049743175
546.0,1272819.20523615,238177.726503938,4.0,279500.1814027198,12.540758220602912
547.0,1264923.37527606,247206.99652917695,3.0,41538.13990136455,10.634367317933645
548.0,1264679.54801181,247127.6282731,3.0,111941.8853140045,11.625735134486876
551.0,1274868.03320625,228805.854878336,4.0,139527.60132384938,11.846017719624381
552.0,1275190.17823058,228803.149150342,4.0,146955.6351032981,11.897886018191098
557.0,1287008.66176268,177181.962025478,2.0,29842.85459465168,10.30370071310189
558.0,1287004.41344267,176864.766825154,3.0,211360.4943299219,12.261320458558878
559.0,1286923.83942659,173249.976805449,3.0,226019.02842043445,12.328374471260688
560.0,1287343.63616303,173240.263909444,1.0,0.0,
565.0,1280968.0271965,214838.453968033,3.0,127243.21320732508,11.753855598666869
566.0,1280956.54495649,214363.134031549,4.0,329317.20921660826,12.704776726994723
577.0,1285607.83520125,246509.837808475,3.0,46412.54738122813,10.745325119356952
578.0,1285970.26195362,246502.319792464,3.0,46327.40151515148,10.743488890395993
581.0,1256534.31721948,257119.79525932705,3.0,87240.42728515896,11.37642311811603
582.0,1256364.34909131,257123.15417133304,3.0,550493.2701805952,13.218570010148431
583.0,1281239.68511677,224737.516826168,4.0,160586.64133388354,11.986588897295967
584.0,1281252.54111679,225156.256474599,4.0,151614.32925676854,11.92909526788704
589.0,1260213.23050325,245141.546607062,3.0,96800.18735482488,11.480404208746524
590.0,1275203.08370259,188776.547445357,3.0,65440.86659885717,11.08890221383652
591.0,1275493.8708389,188767.579253346,3.0,112042.8665988139,11.626636814541332
596.0,1263269.02391437,170318.038434446,3.0,60510.51521011418,11.010572434042427
597.0,1263262.67025037,170056.866018176,4.0,433306.4753535345,12.979200551889436
602.0,1270369.09732965,179160.387563497,4.0,501902.5201599253,13.12616119686956
603.0,1270691.65995397,179156.114923492,3.0,412959.4299602956,12.93110463457638
606.0,1267419.55627061,179189.314347535,4.0,95240.9382070371,11.464165151529148
607.0,1266758.42833394,179194.576747537,4.0,46994.284161607786,10.757781259713852
608.0,1295079.84449095,183082.814383522,2.0,46592.0,10.749184131556358
609.0,1295737.66010761,183058.505711496,4.0,578227.0125723977,13.267721825861901
610.0,1283693.21369529,208113.068489149,1.0,0.0,
611.0,1283687.82195129,207822.11533685,4.0,1426122.2952421948,14.170469637318519
614.0,1280672.21778819,175736.153896004,3.0,77688.83185127996,11.260466791807225
615.0,1280666.33689219,175442.232551694,1.0,0.0,
616.0,1265938.5218371,255606.07551378,3.0,110364.5612599187,11.611544358212168
617.0,1265947.02020511,256271.109626472,4.0,129974.2400554564,11.77509155638317
618.0,1280454.96364397,180051.44906841204,3.0,651625.0520048909,13.387224601878408
619.0,1280769.86162829,180042.741420403,4.0,848607.9610478439,13.651352593096698
622.0,1271248.29765055,257452.468795672,3.0,413211.459816001,12.931714750150876
623.0,1271593.77329889,257442.08101967,3.0,1094821.5950899438,13.906101981100218
624.0,1278171.58956163,174453.99114269,3.0,111635.09107079204,11.62299071562288
625.0,1278502.97932197,174450.570214674,3.0,59235.404715567216,10.989274694737718
626.0,1273747.03346109,209867.885194942,1.0,0.0,
627.0,1273421.71026076,209504.543050572,3.0,93182.0,11.442309848973883
630.0,1288248.08025995,182250.291118667,3.0,219440.52124289583,12.298836500940855
631.0,1288354.30906005,182142.30545455203,3.0,128990.83534939768,11.76749663701696
634.0,1286965.86233863,175227.366503477,4.0,79736.11996428153,11.286477961164591
635.0,1287392.12985907,175218.962023467,4.0,173459.61436806197,12.063700081060961
636.0,1293110.88090493,183277.548271716,4.0,312880.22260694456,12.65357572090621
637.0,1293416.52692124,183261.452527702,4.0,57352.1504425431,10.956965618673065
640.0,1286615.68557028,206203.622151196,2.0,3212.7449333361296,8.074880970137102
641.0,1286718.44781038,206202.124807194,4.0,138750.66456351627,11.840433821244174
642.0,1277872.35327333,214629.34971182,1.0,0.0,
643.0,1277868.27717732,214424.606735617,4.0,258440.72791492895,12.462421654240373
646.0,1274138.6940695,186839.454515368,4.0,169428.45739431182,12.040186036432145
649.0,1295262.18989913,187128.893939659,4.0,184405.88136816584,12.124894484217299
650.0,1295523.9551474,186911.623987436,3.0,19818.5717798288,9.894374745743105
651.0,1266660.30353384,174267.6217345,4.0,298882.5980464629,12.607806126592111
652.0,1266410.73578958,174269.902566493,4.0,499203.3516065896,13.120768809970324
655.0,1271852.78296316,235852.82077355697,3.0,58384.2156128329,10.974800851681758
656.0,1272160.22853148,235846.950693548,4.0,107780.217643862,11.587849410819851
657.0,1272871.12837221,253435.45522356,4.0,195315.5732427858,12.182371853792127
658.0,1273010.55627635,253430.246199563,1.0,0.0,
659.0,1272711.20581204,221514.629910871,4.0,108328.43866451274,11.592922990064704
660.0,1272873.47448421,221510.667030871,3.0,18890.11551817865,9.846394075785414
663.0,1273548.29074089,254859.931705013,3.0,32520.686524898087,10.38963167429064
664.0,1274211.72152558,254840.366072997,4.0,151879.760297642,11.930844436109322
665.0,1278199.49733765,246301.03870426104,3.0,47711.94877501777,10.772937143934985
666.0,1278522.01701799,246290.46782425,3.0,133194.04914879368,11.799562360030313
671.0,1284750.94880037,244032.86801393295,3.0,45524.51201907468,10.7260061855724
672.0,1285410.53702505,244018.709613919,3.0,5267.371116939808,8.569286677783337
673.0,1281762.71129331,192427.918073088,4.0,377559.2758223826,12.841482857390591
674.0,1282047.6392296,192421.466681078,4.0,569913.5854016234,13.253240023759044
675.0,1287188.88192287,205128.448134094,4.0,112394.55722342216,11.62977079199012
676.0,1287655.83469135,205118.82970207895,3.0,426445.8505225171,12.963240675420908
677.0,1285231.73651285,207374.550280392,4.0,211342.0939061372,12.261233397706597
678.0,1285541.55155317,207371.084424391,4.0,377886.84399174486,12.842350075267023
679.0,1269706.14161696,247540.63825751803,3.0,72959.80785598625,11.197663991191925
680.0,1270104.52600136,247532.551345512,4.0,147641.04607885622,11.902539242453813
681.0,1289169.1262769,187102.230259642,1.0,0.0,
682.0,1289324.94458105,187212.033203751,3.0,46595.99999999999,10.749269979519667
685.0,1282572.55487813,251207.273973286,4.0,996625.081188929,13.812129931268663
686.0,1282531.2573421,251875.777845964,4.0,904063.3610974338,13.714654726627696
687.0,1263453.81521057,246582.64606455,4.0,450494.678974692,13.018101544583843
688.0,1263458.97233057,246848.643568814,4.0,547308.1882870261,13.212767338260775
695.0,1278152.40389761,180077.18065243997,3.0,220336.40216720573,12.302910758210347
696.0,1278350.36056982,180073.398828432,4.0,339297.948699997,12.73463390507175
701.0,1294412.38221826,182568.591662988,3.0,318302.2264290758,12.670756607996195
702.0,1294400.34388225,181885.98641429804,3.0,363239.8977053843,12.802818770186569
705.0,1275640.79410304,218148.40174742,4.0,155231.13854314416,11.952670501549695
706.0,1275795.65765519,218144.253139421,2.0,3750.4114026879743,8.229620820330501
708.0,1282322.37817389,173797.534118012,3.0,858782.867558503,13.663271395507968
709.0,1282320.12358189,173680.581541896,3.0,995837.1867789574,13.811339056115134
712.0,1285346.42560098,200220.971073076,4.0,581718.7592462056,13.27374237838386
713.0,1285429.78764907,200221.019649073,1.0,0.0,
716.0,1271340.65803464,210534.727691635,4.0,542661.7729735604,13.204241518973863
717.0,1271758.32158707,210225.575755313,4.0,482646.0228446583,13.087038791995546
720.0,1294500.11367436,187810.114996359,3.0,41577.97106611794,10.635325764312785
721.0,1294392.89306624,187654.499828205,3.0,13413.981109858858,9.504052808417962
722.0,1265347.2632125,175263.772967517,4.0,592529.0253790034,13.292155138772992
724.0,1277240.30764067,180084.117676452,3.0,141285.0402908462,11.858534691099253
725.0,1277229.44120866,179751.671148106,3.0,37755.91156787847,10.538897340241606
726.0,1292200.541192,181001.488813385,1.0,0.0,
727.0,1293051.30554487,180971.592877358,3.0,187334.90009846512,12.140653203687682
728.0,1291383.50048716,181117.57521350696,3.0,190041.21504078267,12.154996248885885
729.0,1291621.0780874,181108.281965494,1.0,0.0,
734.0,1274864.40197425,228379.504669905,4.0,322540.7592059247,12.683984792366687
735.0,1275186.57451858,228376.773341894,4.0,291239.42037133535,12.581900958296997
736.0,1262189.41943327,248760.33822678,4.0,130927.31413142353,11.782397594236269
737.0,1261658.51172072,248771.853938788,4.0,195627.04977082656,12.183965318283393
740.0,1268781.77105601,225717.459099174,5.0,1301786.778020054,14.07924832337815
741.0,1268564.77937579,226084.088987559,4.0,1183390.4834429726,13.983894167484582
742.0,1262383.60080947,260330.550974622,3.0,156816.60311040556,11.962832268476502
743.0,1262396.96036148,260995.117567301,3.0,126750.89989931774,11.749979021225604
746.0,1286471.49587414,207360.689096376,4.0,181484.43353002323,12.108925163334154
747.0,1286466.87776212,207025.497800037,2.0,10268.673723820815,9.23685315376732
748.0,1267610.81278282,256887.418747097,4.0,196229.91269237304,12.187042274698298
749.0,1267610.24683082,257151.780411363,4.0,98885.77944561974,11.501720720069397
750.0,1261883.11658496,255703.289913878,4.0,460470.2313502766,13.040003488397478
751.0,1261893.34391296,256223.160890415,3.0,35554.27384648937,10.478815648722456
752.0,1272121.95237143,238904.490152687,1.0,0.0,
755.0,1286995.42265867,176193.406248465,4.0,244889.60455804295,12.408562794338403
758.0,1266653.42430183,173940.093222156,3.0,46035.50065736572,10.737168131243685
761.0,1287362.97241904,190519.102327138,4.0,1516192.7318878712,14.231712968956042
762.0,1287354.54592304,190180.636150792,3.0,57422.56462559156,10.958192617003505
763.0,1292320.59079212,182247.275054663,4.0,145732.5353053428,11.889528270654548
764.0,1292660.47034447,182423.06705483803,3.0,1445455.9501773615,14.183935366212433
767.0,1280478.114492,216851.229458094,4.0,226857.69195995884,12.332078192209384
768.0,1280467.64236398,216296.429713532,4.0,219415.57860327835,12.298722829786902
775.0,1291578.08211936,187021.86001955,4.0,658388.5012761401,13.39755046354507
776.0,1268957.1260642,258837.487357095,4.0,682149.5387730183,13.433004177853606
777.0,1268960.7963362,259167.991613433,3.0,137818.92906681725,11.833695994360165
778.0,1293093.07648891,182622.429807052,3.0,384783.920208076,12.860437209499521
779.0,1294065.27757791,182582.45585501203,3.0,1701.1568933644758,7.439063824100339
780.0,1294056.67130589,182148.865838557,3.0,22856.74411144422,10.037001499884168
781.0,1269692.98840095,168645.360672742,3.0,57140.58156209837,10.953269853578584
782.0,1270168.54980944,168634.982112721,3.0,55164.36090805965,10.918072388029133
783.0,1270240.6051055,204402.853125349,3.0,313716.212376558,12.656244073992717
786.0,1266009.84746918,227632.347037137,4.0,224287.2881789585,12.32068304560297
792.0,1268997.22865623,244890.673710808,4.0,181588.60771284287,12.109499010322747
793.0,1269004.50059225,245160.535087094,4.0,238398.74414272045,12.38169994630174
795.0,1291968.23751175,184819.075697303,4.0,347492.8406297275,12.758499341270369
796.0,1292277.00621608,184760.061681241,4.0,1066450.2296744776,13.879846148832714
800.0,1286933.4516506,250839.553908899,2.0,33355.647922050295,10.414982389990188
801.0,1286997.84294666,251112.956213176,4.0,855075.6523872473,13.658945226328834
804.0,1271151.05733044,197381.918334156,3.0,222403.80127439796,12.31224993327364
805.0,1271170.80696246,197146.633085921,2.0,74105.58881119716,11.213246230993308
810.0,1272898.62667623,227157.112092659,4.0,52541.05983752966,10.869350235048444
811.0,1273230.71627657,227150.744284645,4.0,197709.5442822191,12.194554284585333
812.0,1279697.2616912,216987.514962241,4.0,140689.19827119383,11.854308468806396
813.0,1279958.06796347,216979.977554232,3.0,48351.86810760281,10.786260137314006
818.0,1267413.30628662,178905.19940324096,3.0,30429.62067931461,10.323171777460534
823.0,1290318.35827807,170361.277858496,3.0,45983.789385614495,10.736044208701562
824.0,1290313.90387806,170075.213794202,2.0,144.6905242905245,4.974597146286032
825.0,1280716.89746824,253227.928695351,4.0,318091.7592735185,12.670095171314017
826.0,1280714.74822024,253891.970040023,3.0,428592.2466482591,12.968261271909924
829.0,1269903.3023211698,230515.122784093,4.0,518628.9203287172,13.158943916688242
830.0,1269913.92107317,230941.066784531,4.0,958529.1995678672,13.773155304820065
836.0,1282381.47679794,184663.27742514,2.0,57256.923183334,10.9553038430717
837.0,1282430.84415799,184662.633777142,2.0,13896.1851687301,9.53936963315816
840.0,1279853.88249135,213197.034382358,2.0,558622.6422285356,13.23322946555741
842.0,1286714.43334638,205942.156486928,3.0,143354.34894267665,11.873074808784198
843.0,1286710.41369838,205681.860102668,4.0,538028.468602349,13.195666753361689
844.0,1262259.87728934,171748.812451914,4.0,374283.4897652449,12.832768783289005
845.0,1261992.75844106,171765.776675925,3.0,235141.15643191157,12.36794127846659
846.0,1285218.04691285,248371.357682377,3.0,58469.85871988064,10.976266664882901
847.0,1285202.62668884,248447.66795446,3.0,14041.095189404936,9.549743679480946
849.0,1276748.51007217,224593.919386029,4.0,1329031.2705312574,14.099960866787463
850.0,1277070.10226451,224588.892506018,4.0,340288.664149139,12.7375495485887
853.0,1271510.85944282,249880.248371914,4.0,153023.4194608826,11.938346257032586
854.0,1271519.25086682,250160.051956207,3.0,20771.80218974601,9.941351681991176
857.0,1292824.15572064,183118.202799559,3.0,76363.20162149942,11.243256204953127
858.0,1292562.79898436,182897.03166332803,3.0,1269824.131949446,14.05438897006574
861.0,1265067.05015621,243130.16874900495,3.0,43381.40092920288,10.677786078216327
862.0,1265312.59722847,243125.89738901,3.0,10323.68267315428,9.242195823554251
865.0,1282209.94662176,256466.796602666,4.0,141350.23281301663,11.85899601018806
866.0,1282219.40364577,256730.659898937,4.0,63110.89405182814,11.05264868104153
867.0,1275714.01899911,221448.628438801,4.0,1294298.6303224198,14.073479508191864
868.0,1275707.4380071,221142.690070495,3.0,108182.13461355836,11.591571517284343
869.0,1277925.41650538,236746.605350465,5.0,400022.1199739294,12.899275124495958
870.0,1277932.01394539,237012.517926738,4.0,468817.4810214249,13.057968805417955
871.0,1281644.54687719,243837.773613736,4.0,68490.80637808939,11.134454801784335
872.0,1281654.06194919,244087.396781996,4.0,188349.1637851809,12.14605277342454
879.0,1274530.8061979,252146.087030247,3.0,142892.86045272954,11.869850400827485
880.0,1286689.02169836,196379.124413133,1.0,0.0,
881.0,1286689.02035436,196076.562684819,3.0,57918.12679828964,10.96678568534686
885.0,1271750.79371506,176214.284520492,1.0,0.0,
886.0,1271910.90981121,176214.411176488,3.0,126942.59297718118,11.751490239445449
889.0,1273029.14674036,194345.72300306,5.0,396716.51865339925,12.890977245800352
890.0,1273696.43352506,194329.89721103,4.0,133573.48748393843,11.802407073414967
891.0,1278504.65420197,207178.265864193,3.0,50585.73334037444,10.83142486572527
892.0,1278492.06629796,206736.903879747,4.0,100640.44049238128,11.519309448836268
893.0,1261011.59632806,257702.106427923,4.0,1122813.5975250583,13.931348233767979
899.0,1281067.6005086,179370.11447571203,3.0,778178.5254351419,13.564711243977257
900.0,1281063.6060766,178776.62980310604,3.0,261315.0030008086,12.47348186662586
901.0,1293838.11303367,185779.690226287,4.0,1291256.2202790135,14.071126116658217
902.0,1294494.82298635,185746.343858242,3.0,241419.80713884503,12.394292635393251
903.0,1295429.4267633,182554.277102977,3.0,608273.1618470009,13.318379339406174
904.0,1295729.04135561,182541.39620696,4.0,1157704.7578962373,13.96194994596877
907.0,1272955.57278828,224353.273881778,4.0,1228766.985506248,14.021521773750818
909.0,1270549.05329783,223996.000921413,4.0,498982.14615704486,13.120325594849165
910.0,1270826.14923412,224160.04623358,4.0,662016.3367255988,13.403045512447884
913.0,1275940.43915935,213966.94721514,4.0,502564.7984083223,13.127479862658129
914.0,1276132.80754355,213962.439951137,4.0,377721.7130324896,12.841912994558106
915.0,1254464.93027335,250704.200500771,1.0,0.0,
916.0,1254231.45308912,250710.786740765,4.0,1390726.6277907698,14.145336922325011
917.0,1272803.71051614,243927.62218982,4.0,211068.5525149008,12.25993825312731
918.0,1273067.6309644,243919.856109813,4.0,155599.96099001658,11.955043640019563
919.0,1289223.68883695,187355.14936389,3.0,48633.00596162516,10.792057714393623
920.0,1289469.5810612,187527.238900065,4.0,381740.7999580662,12.852497123139047
921.0,1275881.38648729,250013.627060056,4.0,60047.35245128413,11.00288873746514
922.0,1275885.30968729,250277.505460322,3.0,19961.847552097486,9.901578108312124
925.0,1271791.2407551,241815.48727566,4.0,69283.91012983407,11.145967981162057
926.0,1271803.53963511,242245.374252096,4.0,51760.85421895012,10.854389432495907
927.0,1274209.36946158,254578.205560729,4.0,72211.69941514057,11.18735735351452
928.0,1277322.03711276,233501.659427151,4.0,1054253.8945662042,13.868343865760108
929.0,1277338.44063278,234117.568611786,3.0,1008256.0207738028,13.82373268422664
938.0,1260506.50122355,252369.943862468,4.0,124457.85971700086,11.731722461422244
939.0,1260518.55728756,253032.286071151,3.0,23274.63772183315,10.05511953690418
940.0,1270290.9661935605,230496.06704007095,5.0,145388.24164602268,11.88716297180201
941.0,1266640.67729382,241275.201323107,4.0,261037.6435865372,12.472419904205838
942.0,1266805.473518,241235.02685907495,3.0,55311.082508798754,10.92072857446234
943.0,1276782.3498802,216387.164433628,4.0,151837.26298926334,11.930564588057367
944.0,1277104.04120854,216379.337681621,4.0,358504.0199175378,12.789695152118046
945.0,1274222.12011759,255700.761657879,4.0,32338.145388297053,10.38400278418603
946.0,1274886.81464627,255682.602937862,3.0,42888.623931450216,10.666361893327553
951.0,1266021.87140518,244953.755950883,3.0,65751.83345936355,11.093642834964736
952.0,1266028.8323652,245223.755439147,4.0,304721.9348600574,12.627154950764965
953.0,1286787.35616246,207784.488456815,3.0,51854.563794496935,10.856198228964482
954.0,1271486.83749078,250623.743924677,3.0,12349.483024939613,9.42136948085118
955.0,1268844.42846408,240101.564201906,3.0,26597.33670601457,10.188566365923027
956.0,1269369.78763261,239738.56496954,3.0,35794.98690835447,10.485563132090714
957.0,1272118.23653144,248015.108082011,4.0,34149.81571675594,10.438512468696116
958.0,1272126.28472345,248284.857202291,4.0,77051.9632735465,11.252235320936897
959.0,1276390.5747758,222964.136216357,4.0,1112765.565860865,13.922358975421792
960.0,1276383.8742958,222657.993112043,3.0,764228.6319899454,13.546622279911695
961.0,1272929.40254827,228822.95324635497,3.0,64712.415078427686,11.077708348919208
962.0,1272930.22174826,228895.097758427,3.0,33483.90323655085,10.41882010193438
965.0,1278703.22796218,249952.372595996,3.0,260081.50369411983,12.468750336621023
966.0,1278708.14917818,250625.829556689,4.0,329164.7711729227,12.704313728610718
967.0,1282885.17497446,257507.21215573,3.0,50009.61312043796,10.819970528338994
971.0,1265966.15370913,172654.015396848,4.0,1486937.7310831507,14.212229349032972
972.0,1265958.71210912,172006.872996181,4.0,1697066.137550075,14.344411516674414
975.0,1292073.45971987,183234.544111669,1.0,0.0,
976.0,1292074.88557586,182675.968111098,3.0,77263.24812401907,11.254973676807161
985.0,1280148.67679566,247938.044913933,1.0,0.0,
986.0,1280294.39634781,247934.995057926,4.0,184420.8432363881,12.124975616452206
989.0,1260258.56995928,253036.461879149,4.0,865843.1452747143,13.671459045590531
992.0,1267638.48331085,242269.915820122,4.0,272554.7132904429,12.515594655648504
993.0,1267960.12772718,242262.349932119,4.0,294667.7322133606,12.593603669053822
994.0,1276607.16556002,230828.37571241,4.0,136706.9912177762,11.825595164182467
995.0,1276619.54348004,231258.776480854,4.0,204465.32651662227,12.228153687603392
996.0,1276467.92267989,216704.788177952,4.0,155537.68670406545,11.954643339462917
997.0,1276460.17733587,216394.97678563,4.0,132871.14077001726,11.797135071158623
998.0,1275859.40191126,227509.58876501,4.0,160235.68472249736,11.984401039887821
999.0,1275867.55839127,227850.608093366,3.0,56628.75514936726,10.944272176690136
1000.0,1254160.14480105,248164.371890157,4.0,89243.28203297475,11.399121425469637
1001.0,1254169.42102505,248484.428338498,4.0,1594691.016784592,14.282190555550693
1002.0,1256220.58787516,250442.887348503,4.0,441868.3084153016,12.998767171903715
1003.0,1256224.95856316,250703.43870876695,3.0,99094.02258901826,11.503824401536459
1004.0,1269627.57156888,259483.02086176,3.0,87272.50925482008,11.376790792520675
1010.0,1267064.25745426,245731.366255671,4.0,81911.71728511895,11.313397327802253
1011.0,1267371.65252657,245724.52145566,4.0,443339.1880066644,13.002090417472697
1012.0,1272148.23352346,249016.966963038,4.0,53757.63289737903,10.892240943300912
1013.0,1272817.71806815,248993.044787019,3.0,37426.43729003664,10.530132613093791
1014.0,1270124.38193738,194302.139387012,1.0,0.0,
1015.0,1270208.80664147,194302.569851011,4.0,96389.31122863005,11.476150595080007
1018.0,1270467.84024175,194617.312635332,1.0,0.0,
1019.0,1270472.75947374,194303.642363012,4.0,98562.868907346,11.498449886575711
1020.0,1285525.88492917,206518.684551522,5.0,362384.2471802415,12.800460384160507
1021.0,1285741.67648138,206516.327879518,3.0,68376.05420181555,11.132777957547885
1022.0,1269388.25182463,245683.26763162,4.0,112549.95563604524,11.631152452163724
1023.0,1269394.75672065,245943.249071896,4.0,132957.92757320608,11.797788023123681
1027.0,1272245.37374756,228392.39964591,4.0,965034.5828135582,13.779919216791484
1028.0,1272403.74942772,228390.714909911,4.0,1043485.7092769736,13.858077310414695
1029.0,1260933.56695198,253690.89631182,4.0,760852.5486444728,13.542194858075808
1030.0,1260600.00528763,253695.732215822,4.0,899853.1437948719,13.709986855430941
1032.0,1288846.83693257,188626.018869191,4.0,73210.47663280179,11.201093813107159
1033.0,1290185.24038993,186969.276467502,2.0,1357.1298842883975,7.21312736954224
1034.0,1290153.31232589,186903.120755434,3.0,144204.9232890623,11.878990645337968
1035.0,1267645.02238286,227886.307485402,4.0,257565.27942625727,12.459028479292085
1036.0,1267329.92324653,228173.007709697,4.0,192714.33171984425,12.168964224858724
1037.0,1280437.59519595,254932.723513097,3.0,199419.6444319492,12.203166649370209
1038.0,1280437.43807594,255192.750905365,3.0,668885.4292329322,13.413368067692284
1042.0,1278859.29554634,220678.624726012,3.0,141729.99821298989,11.8616791055524
1043.0,1281483.07442902,192236.043832898,3.0,93182.0,11.442309848973883
1044.0,1281479.44518101,192104.943352759,1.0,0.0,
1045.0,1272886.75070822,225735.291739196,4.0,1085299.7223898943,13.89736674864295
1046.0,1273440.37886879,226062.98729153,4.0,1034686.022896239,13.849608579138257
1047.0,1266955.07755014,257879.702524111,3.0,24608.09931930267,10.110830908354714
1048.0,1266959.11134215,258224.718268469,4.0,76348.47741341183,11.243063368252932
1049.0,1264226.86973935,171985.904484153,3.0,70808.37756043008,11.167732599806428
1050.0,1264092.57802722,171984.419620156,3.0,50238.606499195776,10.82453906387834
1053.0,1259830.98122285,260338.592638627,3.0,393993.9320091363,12.884090787169434
1054.0,1259595.38327061,260737.13612704,2.0,348125.2839269741,12.760317705252506
1055.0,1272348.71569967,241839.521067694,1.0,0.0,
1056.0,1272345.75512366,242010.374699861,4.0,134047.11617972152,11.80594663041309
1057.0,1273244.67224458,228819.869278356,4.0,253656.07950770415,12.443734610804212
1058.0,1272680.45458001,216577.198865816,3.0,93182.0,11.442309848973883
1059.0,1273198.43320453,216566.881937802,3.0,175820.16784197534,12.077216978028622
1060.0,1282584.35929415,209151.440778211,4.0,102169.1562008878,11.534385112775675
1061.0,1282581.12403014,208679.532873735,4.0,99784.6718345119,11.510769861671037
1068.0,1266291.24951747,241331.728427172,5.0,762187.1536232152,13.543947412941387
1075.0,1271858.35320316,215573.098192796,2.0,17173.10796075938,9.751099948621027
1076.0,1271848.43621115,215073.248464271,3.0,116475.25468959598,11.665434123328634
1079.0,1264862.34519601,248350.868274361,3.0,56228.55125196961,10.937179936273017
1080.0,1265150.6572603,248216.651634216,4.0,369641.5068836488,12.820288914618624
1081.0,1275451.30987884,213928.956751108,4.0,1209722.1969450635,14.005901301911665
1082.0,1275443.51954284,213608.822606772,4.0,907693.368452904,13.718661900608229
1083.0,1280719.01260424,252567.885430679,3.0,213399.7128574915,12.270922272288864
1091.0,1279798.12108329,179088.30141943702,3.0,13652.334919818308,9.521665842381575
1092.0,1279790.52101929,178814.896107152,3.0,49358.5870840901,10.80686703345503
1093.0,1288266.68128397,188702.694901273,1.0,0.0,
1094.0,1288452.77536416,188498.908917069,4.0,117461.7278904868,11.67386783942708
1101.0,1264936.86929208,255350.298809528,4.0,1432901.204826306,14.175211761535039
1102.0,1264279.18263541,255363.197433531,4.0,726300.3579779682,13.49571892447307
1103.0,1267750.25444695,243925.594925821,4.0,66185.39280567365,11.100215065095488
1104.0,1267759.40369497,244255.778990164,4.0,70777.05570943133,11.167290155258478
1109.0,1278751.51161022,229208.70966275,4.0,78139.3378962128,11.266248895271561
1110.0,1279073.36005856,229200.171614751,4.0,96344.700959325,11.475687674502625
1111.0,1277766.02245721,217553.646354824,3.0,30339.48198954428,10.32020517924142
1112.0,1277834.47052129,217551.892754823,4.0,576328.1631562538,13.264432505146647
1117.0,1279678.11807518,220274.20789361,4.0,243197.2623728535,12.401628172320223
1118.0,1279937.87410744,220264.137685597,5.0,389559.0542916414,12.872770748440095
1128.0,1277012.03743245,221899.164951265,3.0,787767.6029765127,13.57695840526197
1129.0,1277008.40031244,221726.93199108503,3.0,283399.1154087594,12.55461148488155
1130.0,1279390.77740288,198383.339263186,3.0,96405.59611895448,11.47631952994024
1131.0,1279191.71282667,196789.604221553,1.0,0.0,
1132.0,1290691.64064646,185503.082225993,3.0,897140.9816295627,13.706968298846586
1133.0,1290570.92499833,185372.543729872,3.0,975885.1500543116,13.791100184346405
1134.0,1285078.9313927,197223.244798005,3.0,280611.9000936653,12.544727855208352
1135.0,1285069.83033669,196324.407037079,4.0,180375.70405005864,12.102797199325982
1136.0,1282826.54611039,255131.832697302,4.0,681893.4211349287,13.43262865061784
1137.0,1282833.0792944,255395.673081562,4.0,1711851.395238714,14.35308603006978
1138.0,1285468.6143371,250485.063476533,4.0,455938.2214967968,13.0301126001447
1139.0,1285470.4092811,251147.305909216,4.0,369865.5191976606,12.820894756924275
1142.0,1276855.52229628,236031.41616573895,3.0,341372.7362596826,12.740730227511786
1143.0,1277058.58885649,236174.732837886,4.0,206186.86834301788,12.236538164458603
1150.0,1278420.90828189,228751.501598284,3.0,61615.629401999744,11.028670841397544
1151.0,1278429.48338589,229217.252318755,4.0,138603.08629697614,11.83936963314497
1157.0,1281516.14489305,210556.442507654,3.0,1645601.217998924,14.313616357475523
1158.0,1281637.60857318,210553.06983564803,3.0,981016.9995727972,13.796345067217743
1159.0,1279997.2296275,248606.309682623,4.0,794293.1576205676,13.585207888232574
1163.0,1287694.99405138,202686.31885159,3.0,403688.03410146886,12.908397665830696
1164.0,1288001.2828197,202575.266883478,3.0,13087.504638699214,9.47941320961611
1165.0,1267576.39358278,254770.295352921,4.0,167068.4387982619,12.026158820611657
1166.0,1268242.51921546,254757.32524091,4.0,142602.72877344515,11.867817922637906
1167.0,1276859.13356028,227912.961629421,4.0,54763.58915687075,10.910780820659747
1168.0,1277169.81797661,227910.942237422,4.0,1104537.6421368737,13.914937381964947
1173.0,1271828.62917113,243120.059820995,4.0,132622.61154215265,11.795262866646882
1174.0,1271841.92209914,243578.124525473,4.0,50328.17670364541,10.826320372284185
1176.0,1268627.63883185,230973.370528564,4.0,1074015.6981989802,13.886915170516733
1183.0,1272167.91851549,205691.741638675,3.0,64660.1734532488,11.07690073381911
1184.0,1272361.91121969,205416.638534397,4.0,1014282.3808446488,13.829691906459638
1185.0,1280673.6691802,213573.513294742,4.0,193707.9206849172,12.17410674006611
1186.0,1280657.82905218,213317.819854483,3.0,224479.54826172924,12.32153988295779
1187.0,1282321.62815788,210534.078731626,4.0,560836.556884249,13.237184799604057
1188.0,1282322.77548589,209902.733194977,4.0,164950.56556284273,12.013401105343439
1189.0,1286390.69715405,251126.952949196,3.0,37046.319840159,10.519924296240362
1190.0,1286396.13017805,252138.452854231,3.0,25217.755337888244,10.135303602302066
1191.0,1279984.76050749,231725.85264132905,3.0,49946.05101829977,10.818698722258699
1192.0,1279994.4947155,231998.426849604,3.0,5230.771643154783,8.562314087887957
1193.0,1274369.53054973,238150.230503902,3.0,135712.43913392426,11.818293508047232
1194.0,1274379.32779774,238620.574056387,4.0,295245.4054848996,12.59556217249873
1197.0,1273390.51845273,245449.53220738503,3.0,73188.93060505549,11.200799467271906
1205.0,1265300.61924446,172324.304420501,3.0,46894.642857142855,10.755658723115827
1206.0,1265297.03031644,171998.463524163,4.0,1023425.1319253234,13.838665532336462
1207.0,1292722.44992854,188390.52133294896,6.0,320359.1263934058,12.677197915481115
1208.0,1293776.68365762,187818.393844366,3.0,65571.70951732216,11.090899624556087
1217.0,1266940.57367814,256639.310330838,3.0,4127.791275729463,8.325497742833011
1218.0,1266943.66123013,256903.430523112,4.0,171835.0584360157,12.054290333115501
1219.0,1287412.38867509,201398.035970271,1.0,0.0,
1220.0,1266650.29438183,228791.152094319,4.0,98740.1540953164,11.500246972428574
1221.0,1266424.0107336,228996.977822542,4.0,88510.89838098589,11.390880968962094
1222.0,1279534.87423503,256265.78284245697,3.0,128999.03963650056,11.767560238637808
1223.0,1280225.95359573,256246.346554443,4.0,86444.97095136755,11.367263316502815
1228.0,1253587.65251246,249140.909683168,5.0,271112.60067966307,12.510289514228305
1229.0,1253358.55555223,249146.480179176,1.0,0.0,
1230.0,1275160.92466255,217633.8187709,3.0,138920.96007802093,11.841660417847812
1231.0,1275362.68965475,217628.571410894,3.0,64738.41364652681,11.078110023728165
1238.0,1271703.57432301,246551.706800506,3.0,662084.1263587184,13.403147905937
1239.0,1272007.12849931,246683.24792064697,5.0,664957.8840830526,13.407478985426486
1240.0,1282036.54348558,247899.243825898,4.0,152957.86514042356,11.93791777120838
1241.0,1282310.47564587,247893.783857882,4.0,386004.3494928459,12.863603916499665
1242.0,1270929.08536221,230892.159712479,4.0,150799.82239527212,11.923708556805114
1243.0,1271245.62213054,230887.318880469,4.0,165600.8754798981,12.017335807633682
1248.0,1256771.70915572,251732.598069817,4.0,129545.54596168148,11.77178780455539
1249.0,1256507.73987545,251734.890677825,4.0,209498.19504694996,12.252470402779531
1250.0,1277520.22476096,222445.526679829,3.0,50240.53700920941,10.82457748996253
1251.0,1277779.45746523,222442.761303827,4.0,268827.7967206896,12.501826292703875
1256.0,1266427.4920136,248978.48510699,4.0,235446.2304610561,12.36923784560961
1257.0,1266433.83287761,249238.650291264,4.0,67616.43119326765,11.121606297484714
1258.0,1275460.02514285,224626.824154064,4.0,1025645.8241959396,13.84083304452866
1259.0,1275476.20619887,225303.596122757,4.0,617303.2593287955,13.333115688343417
1260.0,1263667.05425078,258302.658748552,4.0,283388.4009411756,12.55457367717663
1261.0,1263677.14909878,258966.675133228,4.0,296242.7650293406,12.598934549291371
1266.0,1265413.43006057,178238.36381855598,3.0,155538.554811799,11.954648920781048
1267.0,1265131.76887628,178038.041706353,1.0,0.0,
1276.0,1295080.59181894,183156.003247589,1.0,0.0,
1279.0,1266197.94583736,252121.445686221,4.0,292708.1273418903,12.586931239092882
1280.0,1266864.60625406,252107.697014198,4.0,400654.3291525682,12.90085431247061
1289.0,1271728.73169903,194686.6209234,4.0,488670.2344059848,13.099443173701198
1290.0,1272388.64017971,194670.990715384,3.0,101330.56327972635,11.52614335529128
1291.0,1280410.21535592,245946.025647894,3.0,65342.11847823681,11.087392107008359
1292.0,1280656.71289217,245940.846191883,3.0,1834.161012690009,7.514342442141664
1293.0,1271431.71819472,226296.529819772,4.0,30920.43009687929,10.339172412594243
1294.0,1271708.92529902,226460.528155938,4.0,409087.3430416942,12.921683964894992
1295.0,1287379.74080306,191213.027831852,3.0,567051.9000873986,13.248206113066535
1296.0,1287681.06790736,191203.205623835,3.0,278193.8936033179,12.536073608566017
1300.0,1280605.79698813,248593.499634609,3.0,46679.975171630205,10.751070554515822
1301.0,1280752.77996427,248590.666994601,3.0,7778.662525971714,8.959139690565076
1304.0,1271719.21137902,194376.73541908,4.0,263254.82129068626,12.480877744323049
1305.0,1267613.32721482,257416.060731634,4.0,72497.84370264427,11.19131209836797
1306.0,1267616.39806283,257679.572027907,3.0,52984.00956949495,10.877745440775831
1307.0,1274242.27723761,203078.006724,3.0,11616.329939113775,9.360167140510523
1308.0,1274236.08133361,202838.197123751,4.0,110750.5990153047,11.615036096608824
1311.0,1280452.94789997,253232.794167355,4.0,337589.99905619,12.729587417616424
1312.0,1280438.26284395,253897.064504027,4.0,1003512.543588206,13.819016946979177
1327.0,1269490.62200074,244070.817069978,4.0,174492.07800770787,12.069634621357457
1328.0,1269503.01963276,244493.533806399,3.0,76184.17027162963,11.2409089808765
1329.0,1262133.3644572,246120.344816074,4.0,739736.4027393481,13.51404918920721
1330.0,1261602.42781666,246132.02948808705,3.0,479060.24588391255,13.079581642772048
1331.0,1278369.12524183,232593.651746213,3.0,19361.29635506553,9.871031319077737
1332.0,1278695.20069817,232583.514594212,4.0,139443.1533773471,11.845412294520434
1333.0,1275417.5829668,222679.745048061,3.0,127663.4927167606,11.75715311795921
1334.0,1275740.34015115,222672.248344064,4.0,1007117.82510374,13.822603170917334
1335.0,1272928.01541226,232962.991906598,3.0,112782.10463342418,11.633212958593543
1336.0,1272990.45854832,232876.609826505,4.0,89557.73800852725,11.402638813677871
1337.0,1278783.78489026,236991.203622729,4.0,95333.4982343591,11.465136530863424
1338.0,1278790.52108227,237257.326118991,4.0,132006.07056623668,11.790603189649197
1344.0,1273779.05534913,231691.099105299,3.0,48167.00283880959,10.782429477194606
1345.0,1273832.06904519,231649.674593255,3.0,10599.116805206608,9.268525956365306
1348.0,1278770.12249024,206278.350663275,3.0,157740.10869882096,11.96870407605293
1349.0,1279060.68524255,206261.899591252,3.0,126019.3160400178,11.744190476088981
1350.0,1281856.59103741,214392.480463579,4.0,11804.262480320633,9.376215972372755
1351.0,1282031.34892559,214435.360271618,4.0,31495.20727481176,10.357590663231763
1352.0,1286783.77081846,250843.417396903,3.0,30368.039900061696,10.321146015293857
1353.0,1286785.86598645,251118.308917195,4.0,573672.7800630908,13.259814443173765
1354.0,1281288.95078082,211891.212493017,3.0,32306.955920722536,10.383037839608235
1355.0,1281270.22873281,211227.96807633305,3.0,30329.240200393346,10.319867549277294
1356.0,1269559.41028881,253937.79935208,5.0,554919.6206353026,13.226578554555891
1360.0,1259383.74429439,258528.731452778,3.0,59859.58323072474,10.999756818982265
1361.0,1259390.4250624,258798.254845053,4.0,419955.7068042902,12.94790452470847
1364.0,1285529.86816117,253068.314167187,3.0,43503.242184009614,10.68059074726507
1365.0,1285778.56185742,252926.867319047,4.0,362943.26744969626,12.802001813015377
1366.0,1286945.07923461,174173.583526403,3.0,174589.68321448052,12.070193832523199
1367.0,1286423.63181008,174226.696294457,1.0,0.0,
1368.0,1270613.10731389,230897.014048487,4.0,212174.02233823345,12.26516207701877
1377.0,1275547.01343094,227945.231901452,4.0,246553.80514229368,12.415335525085371
1378.0,1275868.60895127,227935.63478145,3.0,143837.16341677788,11.876437129104836
1382.0,1278674.20274615,227891.983005404,4.0,190114.69020315277,12.155382801677892
1383.0,1278996.11020248,227883.778589398,4.0,260457.6402695511,12.47019551762329
1384.0,1276551.02328797,206715.104711726,1.0,0.0,
1385.0,1276611.23308003,206595.639431596,3.0,169452.02128740045,12.040325105482204
1392.0,1277949.10476141,234101.129059762,4.0,367824.4103735607,12.815360957556804
1393.0,1278247.85944971,234095.309795752,3.0,135765.67104665612,11.818685671624463
1394.0,1278481.65292194,218471.323667765,3.0,58272.02211033795,10.972877361960574
1395.0,1278740.20722622,218464.637331754,2.0,46.29524719867813,3.8350393035267123
1396.0,1285100.63673672,207376.016776398,2.0,308.710242726867,5.732403111154835
1401.0,1283681.95910327,207391.883592412,2.0,55560.55899579497,10.925228857937087
1402.0,1283991.24620759,207388.423944414,4.0,74028.41191055818,11.212204243235659
1405.0,1280472.93996398,179062.175147399,3.0,26846.57861448061,10.197893665913753
1406.0,1280557.41094008,178791.252779126,4.0,270508.56453435053,12.50805903863196
1407.0,1265208.59351635,169380.465505496,3.0,135375.6589661435,11.815808852000723
1408.0,1264878.54724401,169392.729569495,2.0,43014.04082330318,10.669281872150622
1413.0,1265524.95313267,251864.592181951,3.0,90779.74469465138,11.416191463654126
1414.0,1266191.66078137,251851.519413933,4.0,301981.95217138465,12.618122533549341
1417.0,1274268.90315764,212036.76833316695,3.0,46594.0,10.749227056459247
1418.0,1274426.9579418,212034.734541163,3.0,93178.0,11.442266921306995
1421.0,1266439.69962962,244514.620974422,4.0,158018.817619663,11.970469403776024
1422.0,1266449.97751763,244944.397678867,3.0,131527.2874505479,11.786969618202557
1426.0,1280733.25273225,225173.172506616,4.0,362543.96372735634,12.800901025171013
1427.0,1280738.15135626,225355.379802808,3.0,46579.94102686285,10.748925277376191
1428.0,1282166.76959772,224132.160473555,4.0,93511.56369143384,11.445840383473763
1429.0,1282178.79609373,224454.065625891,3.0,50766.7926063496,10.834997730967476
1432.0,1277078.80895251,224955.098778397,3.0,40677.25552443622,10.613424382902272
1433.0,1277086.13637652,225263.291098714,4.0,432597.6963232223,12.977563467297879
1434.0,1274225.9917976,246089.554224044,3.0,752914.7588800149,13.531707298355625
1435.0,1274244.97112562,246881.036208853,4.0,192346.60505957383,12.167054258217423
1444.0,1278473.82680994,231208.985888794,4.0,161874.14351052477,11.994574420367268
1445.0,1278481.43832995,231501.775009096,4.0,128950.651921376,11.76718506691033
1446.0,1277278.76325671,231538.106593132,4.0,548852.041556778,13.21558417880751
1447.0,1277283.08511272,232127.927905738,4.0,769124.0293136021,13.553007521976143
1450.0,1280732.46470025,218412.574483693,3.0,47496.815557540256,10.768417946881502
1451.0,1280865.99922839,218414.7417797,3.0,88080.46955784832,11.386006102420593
1454.0,1274504.02014987,215464.409104675,4.0,194351.69831790324,12.177424674692938
1455.0,1274615.62488599,215462.145296678,2.0,10.142857142857142,2.316769727986002
1458.0,1284701.00793631,253614.741559744,3.0,70774.68594335615,11.167256672575075
1459.0,1284757.64627238,254306.11026445,3.0,6653.783491012051,8.802940917878328
1464.0,1275556.06264696,255830.352954015,1.0,0.0,
1465.0,1275098.22827849,221155.955478504,3.0,43420.7366929107,10.678692409960638
1466.0,1275085.53407048,220850.718230188,3.0,372250.407063784,12.827322044068246
1470.0,1272471.83326779,236381.202918097,4.0,351456.78556880244,12.769842039769502
1471.0,1272771.5665801,236375.303270087,4.0,500687.2168692603,13.123736867473374
1474.0,1267568.61207877,252092.747254193,4.0,535995.647083752,13.19188131890756
1475.0,1268157.60990338,252079.12325416497,3.0,668090.3142762004,13.412178644392226
1476.0,1271491.95793879,226826.833564311,4.0,786423.5319384895,13.575250770992124
1477.0,1271769.24081908,226991.335516483,4.0,586963.9413030029,13.282718668138065
1478.0,1284366.74188797,245877.029039815,4.0,7624.918440222093,8.93917690505409
1479.0,1284622.06124824,245871.451951817,4.0,189208.96758298296,12.150607331849756
1480.0,1269568.75307283,246744.670000717,4.0,727621.1007568957,13.497535725696109
1481.0,1270084.47256134,246733.874416694,4.0,1259143.1527838844,14.04594201012419
1484.0,1281770.97017331,252547.578678653,3.0,94678.66926379468,11.458244008436147
1485.0,1281768.78706932,253207.738807321,4.0,121551.11562172466,11.708090157996882
1486.0,1256242.29846717,251737.194165826,4.0,100518.3485648736,11.518095562601697
1487.0,1256242.72067517,252030.096438125,3.0,23956.26171677273,10.083985018219181
1488.0,1269747.729137,242785.218924657,4.0,376919.27945188415,12.839786330644992
1489.0,1269759.91185702,243211.079021096,4.0,218802.0630731028,12.295922778521629
1492.0,1279974.89305148,231454.388257056,2.0,92454.0338745014,11.434466868902874
1496.0,1285237.33395287,207804.001864836,4.0,292841.0845214003,12.587385367214315
1497.0,1258919.73110992,257546.471611768,3.0,311150.02022579784,12.648030455000729
1498.0,1258926.37546192,257944.110524178,3.0,45055.19751462338,10.715643628515336
1501.0,1265265.67313242,170750.967010885,4.0,481371.331787251,13.084394250807211
1502.0,1265236.00030039,170036.05571416,4.0,298571.7910611708,12.60676568896542
1505.0,1271215.07230651,226663.027740151,5.0,377938.72034567577,12.842487345971959
1506.0,1271148.29457843,226767.870748252,1.0,0.0,
1507.0,1270490.68856177,212033.910733163,4.0,1448484.1964966685,14.18602818587774
1508.0,1270470.83006574,210931.79252404,3.0,333919.62682267657,12.718655604745347
1511.0,1274356.26584573,194314.221051022,4.0,229230.48145748343,12.342483245632446
1512.0,1274754.61349413,194306.258491009,2.0,46591.99999999999,10.749184131556358
1514.0,1265258.52254041,252024.858294114,4.0,535254.5191400378,13.190497649461664
1515.0,1265267.35191642,252413.044214517,3.0,756031.8604885925,13.535838797777087
1517.0,1267526.47767873,227123.164316624,4.0,205777.5803384109,12.234551157373017
1523.0,1283785.58028738,182918.923311353,4.0,1012774.9008125924,13.828204548086882
1524.0,1283779.19513537,182764.520751193,2.0,1001122.679848599,13.816632608079134
1525.0,1288237.00448394,182746.652655169,3.0,1082540.3902361053,13.89482105015911
1526.0,1288971.88064469,182738.834479168,4.0,1023166.85495052,13.838413135202268
1533.0,1282187.81215775,226025.439451486,2.0,10667.467418538085,9.274953960784051
1534.0,1282271.81036583,226022.92700348803,3.0,22215.826530900875,10.008560220660367
1537.0,1286780.82630645,250454.741364509,3.0,129637.5082480175,11.772497436521688
1549.0,1282367.37644593,242877.504876748,3.0,34017.22240535674,10.434622216683566
1550.0,1282929.5698545,242566.72887642696,3.0,48415.3922647788,10.787573064146008
1554.0,1283036.78585461,206108.674823105,3.0,136040.07742186438,11.820704808232
1555.0,1282572.83500613,250545.295284599,4.0,1163759.8843709326,13.967166601089165
1558.0,1286053.0961297,191828.328440472,5.0,1476153.8613459263,14.20495052081401
1559.0,1286063.67648171,191293.492535934,3.0,191320.1254847365,12.161703353683295
1566.0,1261500.28528856,169771.525409892,1.0,0.0,
1567.0,1261626.29488869,169247.168161348,3.0,103578.26891184128,11.548082827266699
1573.0,1282988.09894256,204146.125317082,4.0,870932.596665664,13.677319866692834
1574.0,1283854.99878345,204123.840901062,4.0,1094453.7281683097,13.90576591836641
1577.0,1264426.22365956,178341.658538669,3.0,124231.00000004529,11.729898014761135
1578.0,1263905.61745103,178073.87722639702,3.0,240657.99999989523,12.391132117477671
1579.0,1273306.25906065,190650.974455267,3.0,75496.40329153744,11.231840295579683
1580.0,1273293.87096463,190341.13784694704,3.0,16644.202511761596,9.719817237281971
1584.0,1275824.08018322,216720.373777971,4.0,178178.90559093826,12.090543412101423
1585.0,1276146.08741556,216712.592977956,4.0,64286.587612707546,11.071106297685475
1586.0,1266913.42935811,254783.045048937,4.0,183452.3317443204,12.119710140219523
1587.0,1266918.31185411,255046.999545217,4.0,411783.9217002489,12.92825402886082
1590.0,1274890.07743028,231231.734816819,4.0,200589.8054726452,12.209017333042338
1591.0,1275149.07397453,231226.06947282,4.0,193098.83227816288,12.170957421159393
1592.0,1279859.81388336,213484.59380665404,5.0,529340.2325172663,13.179386665758965
1593.0,1280157.60005966,213759.936142936,3.0,313858.7960656853,12.656698469689367
1595.0,1263011.10973811,258317.911612555,4.0,221979.4761357627,12.31034020674176
1596.0,1274337.26059771,230088.446751654,3.0,9123.401293724064,9.118597962413485
1597.0,1274347.03486972,230407.053727984,4.0,175516.33622853804,12.075487401479311
1598.0,1268932.25176017,243233.533357114,4.0,86937.30802855677,11.37294254050873
1599.0,1269191.90673643,243226.485101104,4.0,223586.4976937248,12.317553632454644
1601.0,1261938.89860101,261809.67008014,1.0,0.0,
1602.0,1261842.94634491,261883.273280218,3.0,132868.76898061708,11.797117220701741
1603.0,1273702.28779705,251148.97912521695,3.0,62718.52773479046,11.046412181132556
1604.0,1273836.8239892,251144.115637213,1.0,0.0,
1606.0,1261665.92279273,250355.578484401,3.0,56659.31673612435,10.944811714295284
1607.0,1261673.15306474,251015.003701076,4.0,133721.54401266726,11.80351488707721
1610.0,1284921.59904054,207378.019784391,4.0,193510.53633631257,12.173087241320005
1611.0,1284916.19584054,206950.240775958,4.0,1143610.0908184317,13.949700563122068
1612.0,1274872.23922226,232056.316833675,3.0,187286.08601083947,12.1403925984909
1613.0,1274922.6951583,232750.388962373,3.0,334990.4130256108,12.721857192563707
1614.0,1280166.56095567,214379.730127573,4.0,270503.3204762416,12.508039652521397
1615.0,1280157.66303566,213879.531983063,4.0,222476.31556145148,12.312575928007732
1617.0,1282059.93548562,229251.359838799,3.0,69876.31941332629,11.154482092759649
1618.0,1281957.72966151,229592.932703152,4.0,413287.9525665227,12.93189985070774
1619.0,1269112.17726435,242594.631724462,3.0,48356.5036688013,10.786356004116783
1620.0,1269147.6279524,242801.708076671,4.0,364816.5420186,12.807149881599964
1628.0,1293179.71898501,185813.141938314,3.0,173322.30574598137,12.062908179169357
1631.0,1294060.9747939,183229.890543669,4.0,157421.64989116148,11.96668315246455
1632.0,1294048.54535389,182839.111471266,1.0,0.0,
1637.0,1262253.14960933,171431.881699592,1.0,0.0,
1638.0,1273867.35410123,253525.533111647,3.0,82003.12700042978,11.314512659670884
1639.0,1274199.98597357,253516.564279646,4.0,203685.0516575787,12.224330215416009
1640.0,1278039.4648255,222437.436183825,4.0,1187267.059149747,13.9871646349329
1643.0,1266994.75627019,227171.53820467,4.0,149592.5227655592,11.915670361759755
1644.0,1266679.47511786,227458.374940962,4.0,59537.4978691539,10.994361609319132
1645.0,1290037.15213378,189696.801526293,3.0,46266.14942979431,10.742165858852935
1646.0,1290023.36051777,189158.74450174,4.0,1435738.945377354,14.177190219151266
1647.0,1267744.12126295,252911.809911028,4.0,1361215.148243372,14.123888350141861
1648.0,1268212.54980743,252901.768247008,3.0,685682.3891676589,13.438169809943748
1649.0,1264419.11805955,242600.645484462,4.0,923608.0204234356,13.736043040295968
1656.0,1285331.02604896,247702.696945697,4.0,886986.6372119925,13.695585196028285
1659.0,1285416.86150505,244538.608174458,3.0,432701.5455831223,12.977803498157423
1660.0,1285671.59264131,244532.98385444295,3.0,385282.19722937566,12.86173132458797
1663.0,1269742.628401,245416.677615345,4.0,198160.58527510267,12.196833017707036
1664.0,1269748.66155301,245676.593775615,4.0,244690.96830489943,12.407751339492956
1678.0,1285064.24377669,178306.27965863,3.0,176770.27911533852,12.082606310503273
1679.0,1285275.0280969,178435.565482765,3.0,212383.3506560891,12.266148178535943
1684.0,1293200.98503302,186592.601011112,3.0,10316.439302132649,9.241493950636285
1685.0,1293473.13837729,186579.559027106,3.0,11421.32893886613,9.343237845867462
1686.0,1262102.67024918,258612.349052861,1.0,0.0,
1687.0,1262098.84023318,258512.593660757,2.0,46592.0,10.749184131556358
1689.0,1275186.28946258,232464.986978084,3.0,67824.85459180725,11.124683993651738
1690.0,1275684.77893509,232449.529634073,3.0,33379.99385070414,10.415712012994842
1697.0,1281113.76447664,195951.833596691,4.0,106377.33346206923,11.574747801823746
1698.0,1281394.42924494,195945.313276693,3.0,173915.77997079695,12.066326437863307
1699.0,1275915.34475932,229539.591583088,3.0,224053.71700518747,12.319641110146692
1700.0,1281568.08012511,226491.612443969,4.0,124472.57598876752,11.731840697440608
1712.0,1279379.38341887,207334.22388035097,3.0,601862.1128370742,13.30778364961196
1713.0,1279361.96447486,206687.231751695,3.0,287485.56832796487,12.568927940839503
1716.0,1271561.45253086,254787.508920953,4.0,307361.01400664134,12.635778277081537
1717.0,1271569.16510688,255424.037177593,2.0,46592.0,10.749184131556358
1718.0,1282847.61631842,208677.291785732,4.0,31458.918043254147,10.356437784515913
1719.0,1282847.05823842,208469.293129519,3.0,17796.509245877616,9.786757607265983
1723.0,1281071.9994206,178451.79805877796,3.0,104678.34664364529,11.55864756213308
1724.0,1281378.33580491,178310.567402631,2.0,152.7367558472357,5.028715889528215
1729.0,1266343.19690952,245486.935983419,4.0,296060.2383363635,12.598318220494395
1730.0,1266349.62110153,245746.938095689,4.0,480158.9801513208,13.081872536695183
1731.0,1272099.71422741,211099.33351621,2.0,10604.277217779536,9.26901270982272
1732.0,1272098.57579541,210779.675339878,3.0,591.8399836010435,6.383236300375715
1733.0,1273769.89067712,226613.1561241,4.0,387218.2343643072,12.866743726158749
1734.0,1273775.26962113,226843.562524334,3.0,15569.960169110884,9.65309870664307
1735.0,1277796.40197724,206326.987079322,3.0,226373.526121495,12.329941684381504
1736.0,1277892.57503335,206328.075015321,3.0,97400.13303826304,11.486582855525619
1737.0,1272663.35685199,215817.215441033,3.0,413158.64161470113,12.931586918320367
1738.0,1273183.20389253,215804.58100903,4.0,394071.26065913297,12.884287036543126
1739.0,1272049.04376335,227163.49494065304,5.0,491484.1054605572,13.105184879207295
1740.0,1272220.80555554,227170.390620664,3.0,136023.6772019778,11.820584246638418
1741.0,1272817.16658016,244387.570094302,4.0,230670.959164296,12.348747554852318
1742.0,1273081.11352442,244379.698670283,4.0,238162.94748682829,12.38071037169146
1743.0,1282442.71097401,226016.807259485,3.0,87669.65851840752,11.381331149495857
1744.0,1264933.49009207,247639.522545621,3.0,61744.7560231739,11.03076432818245
1745.0,1264523.45476365,247646.368689626,3.0,83528.24276714493,11.332940090382072
1749.0,1266649.21694183,258232.099132478,4.0,483094.792457152,13.087968171053955
1750.0,1266663.01482984,258892.524349153,4.0,801665.3278661893,13.59444650283111
1751.0,1271677.80069098,250154.408308208,3.0,3405.809214597478,8.133237845149205
1752.0,1270987.97989027,252696.43896681105,3.0,18922.409070568086,9.84810216381139
1753.0,1271146.43595444,252946.071991056,3.0,1275.0824067349477,7.150766088237214
1754.0,1282171.57337372,252050.04754214,3.0,51454.50404555061,10.848453279618175
1755.0,1282171.46150173,252324.33605442903,3.0,76941.37516574252,11.250799049369105
1756.0,1276593.88536802,230400.135775968,4.0,119355.3775975166,11.689860688125334
1758.0,1277229.63736866,244684.56817460095,3.0,151380.63328589164,11.927552694272903
1759.0,1277248.86636068,245338.345711276,4.0,150168.6802408427,11.91951447620155
1760.0,1282038.56409359,250555.251316607,4.0,132118.5616065413,11.791454992422613
1761.0,1282039.03788559,251217.522613287,4.0,76743.81505669768,11.248228076621764
1762.0,1265439.46282859,248276.327410281,4.0,635815.9805057603,13.362664461628285
1763.0,1266294.66743746,174598.429798827,4.0,652316.4260738231,13.388285039245183
1764.0,1283588.64403118,253170.509879291,4.0,217885.78121836492,12.291726265101737
1765.0,1283591.73388718,253828.750007957,4.0,624914.5920395231,13.34537026664394
1769.0,1266869.16631806,172961.58730115,3.0,8032.315094640335,8.991228071072438
1773.0,1269065.37617631,256849.347643062,3.0,445117.4223620048,13.006093396817102
1774.0,1269330.27755257,256841.936251044,3.0,467095.9881567599,13.054290057621715
1775.0,1275240.42840663,205866.347270846,3.0,9231.991647937388,9.130430084061313
1776.0,1275228.69451861,205386.790150359,4.0,79045.05321789153,11.277773262790754
1777.0,1263590.7588267,248996.239667013,4.0,453307.5541602138,13.024326101604146
1778.0,1263601.12164271,249662.176307693,4.0,321107.7989047068,12.679532167869564
1779.0,1266178.93143734,251273.617973343,4.0,183811.22984916877,12.121664585237353
1780.0,1266186.06302136,251611.141941696,4.0,202036.5156511662,12.216203730596643
1783.0,1278098.07071355,253278.899063393,3.0,159342.98508325612,11.978814296807178
1784.0,1278172.57970563,253710.297847837,3.0,799.5832728507421,6.684090683011161
1791.0,1274549.68606992,229234.567582786,4.0,1216799.390077043,14.011734518675487
1792.0,1274553.34584592,229660.716319218,4.0,1155667.6836675322,13.96018881601095
1793.0,1266172.00990134,250939.070773005,4.0,272797.91451970785,12.516486560199745
1794.0,1280476.654524,226080.418011546,4.0,196844.0436173009,12.190167037429458
1795.0,1280492.39628401,226525.37910001,4.0,343467.2277293963,12.746846979191693
1796.0,1263228.07453834,243838.857581735,4.0,546153.0682304474,13.210654560182206
1797.0,1263232.24445833,244114.135598019,4.0,315416.0080569293,12.661647707000931
1798.0,1274807.69311018,213944.638159126,4.0,1001190.8223705484,13.816700671868245
1801.0,1274476.73016585,244754.345262676,3.0,288746.09849153995,12.573303029009246
1802.0,1274495.01624587,245418.204527348,4.0,183718.8344994805,12.1211617945239
1805.0,1262594.57181768,169105.869281203,3.0,68119.10101840267,11.129012937660809
1806.0,1262592.71031368,169012.65948911,3.0,48415.68697060002,10.787579151154922
1810.0,1274183.94398955,181076.326637462,1.0,0.0,
1811.0,1274349.18315771,181074.705901459,2.0,46591.99999999999,10.749184131556358
1814.0,1275585.42904699,250287.026804343,3.0,53079.09351950088,10.879538410672227
1819.0,1276785.40664822,226122.781467587,4.0,1319584.9049743467,14.09282777917925
1820.0,1277107.06578454,226114.679771587,3.0,1219003.4767663851,14.013544260605679
1821.0,1276259.39327167,204530.806277484,2.0,46592.0,10.749184131556358
1822.0,1276430.34667985,204525.698373482,3.0,132020.7621815434,11.790714478453967
1823.0,1274503.26392588,249745.468467787,4.0,154625.64683528396,11.948762292937674
1824.0,1274833.28587821,249736.719795778,4.0,119767.27674124896,11.693305778280106
1825.0,1273285.20594063,232870.71811451,4.0,20582.739980965733,9.93220813857094
1826.0,1269796.78219305,244485.556398392,4.0,94189.56653508256,11.453064695779334
1832.0,1295184.55949906,183340.483183786,1.0,0.0,
1833.0,1295740.51738763,183318.784047768,4.0,396891.54716102616,12.891418341394019
1835.0,1277558.832569,218526.827475816,3.0,51575.10786613082,10.850794429379453
1836.0,1277552.988089,218097.387091368,4.0,546908.8445040794,13.212037421272262
1837.0,1286994.10246667,206927.771655932,2.0,20285.28256892834,9.917650905488232
1838.0,1287085.55565076,206926.756871939,4.0,42267.52037810523,10.651774230333327
1840.0,1284605.87884822,206953.672199965,4.0,1674777.7307332586,14.33119101636644
1841.0,1279452.86981894,248615.785074621,4.0,71218.3917172697,11.173506374679429
1847.0,1254709.2952656,253766.092343897,4.0,198957.7168701749,12.20084760309065
1848.0,1254449.02480134,253772.324599907,3.0,88256.10656472741,11.387998168602474
1854.0,1259605.93245462,246414.937072366,4.0,178709.8417588582,12.093518773827176
1857.0,1278196.63250566,255587.78655377,3.0,52303.79073542763,10.864824128027333
1858.0,1278722.5352902,255572.144505754,3.0,143978.71143958942,11.877420730404065
1861.0,1264481.26884361,245338.77943927,4.0,129668.3450314496,11.772735277535977
1862.0,1264489.34199563,245649.393967584,3.0,36625.97211329588,10.508512888309676
1865.0,1279855.58981936,252584.106486693,4.0,397900.94201250246,12.893958363872642
1866.0,1279855.27679536,253245.91749537,3.0,52401.85055079896,10.866697185540485
1867.0,1285666.71174531,203608.13325253097,3.0,75312.34311408226,11.229399319532424
1868.0,1285665.4938893,203525.598660454,3.0,1624.7413513999072,7.393103913725921
1885.0,1266764.87844595,179533.055787891,4.0,26839.99275691741,10.197648321224085
1888.0,1280474.20863599,225660.811291113,4.0,219648.5403275342,12.299784003934697
1891.0,1283810.9014394,203029.963459939,3.0,2245.527103670297,7.7166955626710685
1892.0,1283833.89420743,202777.298307687,2.0,14772.081586036138,9.600494298976166
1895.0,1276102.62616751,223640.579737052,4.0,794387.9020525558,13.585327162559569
1896.0,1276402.13247181,223634.331417039,4.0,1265058.3324924817,14.05062879172288
1897.0,1270360.59435363,243620.905581504,4.0,141554.19244763054,11.860437908240826
1898.0,1270666.18923394,243608.576877505,4.0,125547.0291484393,11.740435701609144
1908.0,1266067.59313324,248987.491955012,4.0,232772.23151189688,12.357815707277764
1909.0,1266859.49406205,251837.747765929,4.0,369733.9156709482,12.820538879075006
1910.0,1285796.61075343,250477.460788533,4.0,1392341.6849129156,14.146497553054823
1911.0,1266035.0013252,175920.012456179,4.0,677079.6117024936,13.425544139814498
1912.0,1266076.29354924,175262.099047512,4.0,646567.6469999069,13.379433107450827
1915.0,1262013.51952909,261006.523071319,4.0,108953.58444909516,11.598677239777377
1916.0,1261745.13783281,261011.243839324,4.0,309354.31358300045,12.642242544883254
1921.0,1271166.96939446,197901.6903027,4.0,927471.1785616222,13.740216998653818
1922.0,1271158.99038646,197641.766910434,4.0,509492.5044613964,13.141170419979089
1923.0,1285611.08160125,177947.493994266,4.0,401732.0217052284,12.903540532642578
1924.0,1285602.52288124,177634.01687394097,3.0,289039.9967124358,12.574320354447442
1930.0,1279334.91301882,231474.695649073,3.0,267047.9190739232,12.495183393466158
1931.0,1279620.93637912,231465.619873062,4.0,662407.0126270457,13.403635468692567
1932.0,1283325.18815891,254477.711992621,4.0,41746.00219072893,10.639358969783427
1933.0,1283563.10604715,254465.992824614,4.0,740608.5159697382,13.515227446139447
1934.0,1270685.22462596,197916.390718713,1.0,0.0,
1935.0,1261533.69898459,251662.087989748,3.0,185675.71373151423,12.131756956512952
1936.0,1261418.04727247,251664.973493755,3.0,275957.5668073418,12.528002389427892
1938.0,1281046.94111657,206435.142023429,3.0,39887.28676487866,10.593812924658794
1941.0,1278026.86380148,227484.755484983,3.0,35801.420684111654,10.48574285551514
1942.0,1278341.1765058,227475.324060977,4.0,56077.5751002012,10.934491280762918
1943.0,1269492.70929675,225148.309018597,4.0,1729278.2753433497,14.363214697546933
1946.0,1272204.33835553,231596.764641196,4.0,394834.32669781,12.886221529818044
1947.0,1272328.42277165,208278.542857319,3.0,77871.08322547453,11.262809959164848
1948.0,1272609.58622794,208273.575689316,3.0,130459.84267364597,11.778820739413794
1949.0,1277216.24466465,212518.088525668,4.0,140280.07182221388,11.851396216245814
1950.0,1277295.74520874,212091.082189217,3.0,203096.0065457453,12.221434084872682
1953.0,1279680.44517918,216316.825681552,4.0,571683.1117872671,13.256340116475117
1954.0,1279673.24767517,216056.114257291,4.0,99766.47610392404,11.510587495086567
1957.0,1264109.31421924,179064.18237941,3.0,77654.33333335596,11.260022632986976
1958.0,1284579.13414419,255199.332601368,1.0,0.0,
1959.0,1284536.31929615,255606.692025781,3.0,125161.1152543689,11.737357108372464
1960.0,1280163.72601168,180962.575533345,3.0,25035.05528589803,10.128032333105846
1961.0,1280211.32959571,180982.369133368,3.0,46596.0,10.749269979519667
1966.0,1272765.5055881,225307.880218759,4.0,82768.76781724559,11.323806068940621
1967.0,1273042.49976438,225471.772634923,4.0,57917.836917288674,10.96678068032093
1968.0,1285314.39942494,196767.898941532,4.0,54921.849903367176,10.913666542915632
1969.0,1285517.54598515,196768.257533535,3.0,59593.74095447865,10.995305829996408
1972.0,1266840.66571003,250920.823732987,4.0,338783.6220885197,12.7331168996486
1973.0,1271739.78552304,208576.301129624,3.0,239893.21944891027,12.387949184355445
1974.0,1272354.34526767,208569.559049621,4.0,106640.40684412056,11.577217769962722
1976.0,1272526.39320385,243476.00401336,3.0,118504.8573967314,11.682709229406944
1977.0,1272539.81310786,243935.345901832,4.0,237508.07882408056,12.37795691797969
1978.0,1272704.41874003,221208.774550557,4.0,201258.5604985984,12.212345731015152
1979.0,1272697.66648403,220902.854230255,4.0,247431.30367442704,12.418888261552317
1982.0,1257843.42909281,256224.224570423,3.0,93964.72324072557,11.450674706142092
1983.0,1258139.43901312,256769.210682973,3.0,45571.00611486254,10.727026962461922
1989.0,1275838.29829524,226573.948252052,4.0,148886.6266210148,11.910940400138971
1990.0,1275848.92722325,227071.635228559,4.0,413112.45225145575,12.931475116361817
1991.0,1274526.74315789,251641.370229721,4.0,19508.377881735192,9.878599287245944
1992.0,1274528.4761499,251893.392693982,4.0,50750.79142468199,10.834682491357455
1995.0,1283227.46463881,242561.13866843295,3.0,383021.98617625696,12.855847671675109
1996.0,1283226.81503882,242685.868076548,3.0,855524.5984919888,13.659470125252259
1997.0,1278956.18937044,201379.394306257,4.0,229991.3473608164,12.345796967027313
1998.0,1278950.16185042,201029.721409902,3.0,62704.62519491564,11.0461904909644
2001.0,1283922.56102352,198576.083967388,4.0,491818.4713318753,13.105864966684125
2002.0,1283931.65811153,197906.480638698,3.0,1162227.994918769,13.965849406199812
2015.0,1281631.53964518,212200.855885342,3.0,55378.1726248892,10.921940799157953
2016.0,1281684.40569323,212199.266701341,2.0,569.3378243630245,6.344473973874747
2020.0,1275832.55845523,188959.661877543,4.0,221671.9001611592,12.308953640440766
2021.0,1275817.15563922,188455.368309021,3.0,221990.0754309926,12.310387954589308
2022.0,1274826.67858221,215457.86446467,4.0,138092.09747790117,11.835676114573262
2023.0,1261870.14743294,262145.546048477,3.0,65398.61327877789,11.088256333532078
2024.0,1286638.7993623,204821.359493777,1.0,0.0,
2025.0,1286906.47469057,204814.936645776,3.0,93182.0,11.442309848973883
2028.0,1272460.48913978,235841.262373552,4.0,239422.00057865455,12.385982966708362
2031.0,1268258.42174348,245965.252271906,4.0,234126.93438377348,12.363618701896021
2032.0,1268666.05278389,245957.2299999,4.0,178925.57758657407,12.094725230694777
2033.0,1271485.71416278,249040.533875063,4.0,56879.36533714861,10.948687906488512
2034.0,1284952.09702457,201532.732866406,3.0,56689.87507589017,10.945350903680186
2035.0,1285090.57049672,201530.806082413,1.0,0.0,
2036.0,1279530.18169102,256002.785018191,3.0,49316.74973850625,10.806019053616541
2037.0,1280213.81778772,255983.628602177,4.0,82257.30438076287,11.317607471745452
2038.0,1268019.22372724,244249.361710161,3.0,7008.435159511511,8.854869725367587
2039.0,1268023.04164724,244389.309230298,3.0,49038.60964328896,10.800363218725494
2040.0,1274153.51954152,223984.734233409,4.0,40462.62402522787,10.608133963419245
2041.0,1274158.84888552,224291.51548171,4.0,89223.90272211177,11.398904250407838
2044.0,1276464.47813588,214593.630991787,4.0,246928.5113490914,12.416854145981352
2045.0,1276458.30655187,214271.741199464,4.0,561062.2469422417,13.237587135465843
2046.0,1271552.61464286,176972.514281258,1.0,0.0,
2047.0,1271927.98097923,176964.703273252,3.0,48315.38569199159,10.785505333263837
2050.0,1286775.59040244,206930.195527941,4.0,133063.88073652587,11.798584598183414
2052.0,1276444.82136786,250662.147124723,4.0,356738.6876888375,12.78475882548479
2053.0,1276708.81592813,250661.072948724,4.0,336066.9638544218,12.725065716274075
2054.0,1267358.50916655,245194.847023129,4.0,675235.4846872336,13.422816775218312
2055.0,1267665.62078287,245187.42641511603,7.0,1454803.8300132789,14.190381624764917
2056.0,1272426.58827575,195910.477756649,4.0,593511.9994520644,13.293812710943845
2057.0,1273076.59646842,195895.024316639,4.0,246747.4427291301,12.416120593428975
2058.0,1273016.58347635,193468.711610153,4.0,139770.0,11.847753493478953
2059.0,1273253.0760846,193460.704442143,1.0,0.0,
2064.0,1282815.03071839,248204.545394212,3.0,379396.1599565698,12.84633621507329
2065.0,1283476.35551906,248191.914802194,4.0,704773.3610670697,13.46563155644694
2066.0,1273089.34418042,249545.254963577,4.0,1019414.8872101756,13.834739380676062
2067.0,1273339.01099668,249537.546355575,4.0,1121948.6950294138,13.93057763766405
2072.0,1278727.2675782,217530.109714791,4.0,64366.93590032155,11.07235536255158
2073.0,1278971.78482646,217523.122514784,4.0,791430.5583190483,13.581597420176434
2078.0,1274514.62872589,225754.06012322,4.0,123792.81280401567,11.726364582652517
2079.0,1274522.9961499,226180.176027656,4.0,837170.1633945864,13.637782630355352
2088.0,1268740.81809597,179179.112555519,4.0,537403.6311761667,13.194504732074392
2089.0,1268390.43883161,179181.844203532,3.0,337795.14698901866,12.730194916731081
2099.0,1277336.08005677,207023.463048041,4.0,307053.2052907272,12.634776318689307
2100.0,1277651.64440911,207093.128264099,4.0,218999.9834172357,12.29682693307825
2101.0,1281766.75103731,253871.344440013,4.0,134220.73548729735,11.807241003411844
2102.0,1282026.33055758,253865.239800006,4.0,54432.403226728624,10.904714903066603
2106.0,1272370.1084037,194066.27013877,4.0,127374.93223310188,11.754890238498206
2107.0,1272947.63973229,194052.508346751,1.0,0.0,
2108.0,1281556.38694109,195941.521596685,4.0,470532.1460973452,13.061619558941114
2109.0,1278629.37081011,223885.560537308,4.0,438735.3318643186,12.991651621555086
2110.0,1278644.00165811,224561.320666,3.0,396365.55534056696,12.890092183970685
2111.0,1257402.91261236,256421.680826619,3.0,51390.97745045745,10.847217900051694
2112.0,1257407.73546037,256636.626298845,1.0,0.0,
2113.0,1279419.14053892,230591.61635217103,3.0,115542.51469457112,11.657393833808216
2114.0,1279328.42911482,231186.489824772,4.0,183255.0481780911,12.118634167408153
2117.0,1253995.40336087,252050.839862138,4.0,51689.68840654793,10.853013590053283
2118.0,1253999.84758487,252325.743478417,2.0,1330.51242546835,7.19331942932066
2121.0,1280324.18796383,249923.455667958,3.0,23905.619007693756,10.081868815211195
2122.0,1280324.47404383,250586.323764637,4.0,720871.7131304868,13.4882164713519
2125.0,1276200.10335161,228354.493853882,4.0,164490.61048160563,12.010608768419312
2126.0,1276211.10693562,228780.410654321,4.0,99351.52823747232,11.50641963022172
2129.0,1286566.35821022,176202.30320847,4.0,177630.0462181496,12.087458274387275
2130.0,1286542.98848221,175235.68311148896,3.0,48381.55022632692,10.786873826361015
2131.0,1285585.52883323,177007.859369293,3.0,247442.6078912473,12.418933946792771
2133.0,1269240.54443249,227740.773981243,4.0,83900.96207903794,11.33739235936259
2134.0,1269384.19179264,227898.66012540503,4.0,20044.184402800016,9.905694335937516
2135.0,1279600.5365071,226529.11695601,4.0,609844.9321158365,13.320959994186575
2136.0,1279920.43186742,226545.466972023,4.0,498366.27195023256,13.119090571513462
2141.0,1267604.67793481,256359.218682557,4.0,87360.30496683049,11.377796281893318
2142.0,1268264.53751948,256343.313530535,3.0,135292.81800667124,11.815196730759377
2150.0,1275177.93509457,253490.023991615,4.0,728506.7059466161,13.498752109717948
2152.0,1281875.71634942,221916.375831291,4.0,115490.79784937328,11.65694613347018
2153.0,1282049.3793896,221911.698391274,1.0,0.0,
2154.0,1273013.40306035,218739.330708027,3.0,46616.0,10.74969910882291
2155.0,1273175.93618052,218735.244436026,1.0,0.0,
2156.0,1273767.95038912,239045.493480831,4.0,435805.946565642,12.984952346570838
2157.0,1274077.95698144,239039.178536817,4.0,433585.9581053494,12.979845344139804
2158.0,1273537.47218089,253800.537143931,3.0,9466.164942561598,9.155479135051506
2159.0,1274202.35211757,253782.566711918,4.0,43366.52118237439,10.677443021077615
2160.0,1287359.46585904,206923.716871932,3.0,445232.3826059871,13.006351632948517
2161.0,1263047.38295415,248475.790898487,4.0,1617402.088635031,14.296331770996451
2162.0,1263065.64932217,249007.405683026,4.0,1721714.6963864928,14.358831268702165
2164.0,1271186.41457848,201919.11693081295,3.0,108995.62414058318,11.599063014906191
2165.0,1278797.31929027,237523.467367262,4.0,178772.75053859196,12.093870728197759
2174.0,1276443.34501587,218479.572691768,1.0,0.0,
2175.0,1276438.21739985,218127.247955412,4.0,239091.70787474888,12.384602472270998
2180.0,1264972.89975612,246572.673968539,4.0,251156.8876464342,12.43383307323549
2181.0,1265147.84394829,246568.212016523,3.0,396276.3738484126,12.889867160566682
2192.0,1264926.93758006,247359.369905338,3.0,99814.18943444006,11.511065630894926
2193.0,1265166.64906831,247353.14385733,3.0,150721.80370369807,11.923191056987111
2196.0,1273860.65298122,253030.03013514,3.0,79854.13422027664,11.287956927134156
2197.0,1263243.09713034,244788.092590705,3.0,54617.664058090886,10.90811262695993
2198.0,1262711.84656981,244799.726382717,3.0,21443.765513614137,9.97318923006271
2199.0,1279976.89925948,201359.60493023705,3.0,44277.496796175066,10.69823185397293
2200.0,1280180.17676368,201355.843778238,2.0,881.062366370839,6.781128413862936
2201.0,1282187.04121374,214473.562639669,2.0,60800.63665156868,11.015355539142341
2202.0,1270956.92254624,199366.0751362,4.0,46653.848095486406,10.750510691522715
2203.0,1270944.05483423,198949.075967774,3.0,41502.3080790957,10.633504321036009
2204.0,1279493.97964299,221578.361750945,4.0,372846.9223963466,12.828923218670331
2205.0,1279475.30873096,221093.410966441,4.0,332764.948784872,12.715191660221581
2206.0,1282937.81036651,201742.896194622,3.0,9312.370954878612,9.13909900539756
2207.0,1282936.4081265,201486.530562371,3.0,21195.72119237639,9.961554609741293
2212.0,1265869.78641303,169355.626977459,4.0,513977.98145659314,13.149935705886657
2213.0,1265537.73790069,169368.127265483,4.0,280254.28071087814,12.543452615432837
2220.0,1284502.97881612,248636.654130653,4.0,238991.29401621048,12.384182403539763
2221.0,1284145.76691175,248893.250354916,3.0,214763.1613783625,12.277291124945773
2222.0,1277004.93112844,246565.733680531,4.0,103221.36711398732,11.544631156276774
2223.0,1277284.74847272,246557.535216525,4.0,99358.97606716344,11.506494591832034
2234.0,1274832.52607021,225319.881498769,4.0,239097.965732861,12.384628645392075
2235.0,1274842.70712622,225745.798619211,4.0,97437.26020912516,11.48696396482597
2236.0,1264653.57329179,258941.959613204,4.0,54218.56399597463,10.900778637935693
2237.0,1264662.0929718,259604.335933879,3.0,38037.91261423322,10.546338641710854
2242.0,1270241.8144495,200198.863809049,3.0,93182.0,11.442309848973883
2243.0,1270427.1558897,200203.279489055,2.0,139763.99999999997,11.847710564890653
2247.0,1281113.20505264,175053.373415291,4.0,412953.14001245465,12.931089403066244
2248.0,1277066.1633205,173803.713894024,3.0,1481962.0477338105,14.208877475693665
2249.0,1277788.78520924,173791.925478011,3.0,233492.38853153284,12.360904758264423
2250.0,1282238.81177379,225200.412250653,3.0,3856.246272611581,8.257449521069525
2251.0,1282252.57945381,225584.054555044,3.0,48609.97055305344,10.791583944259713
2255.0,1268777.81144001,245434.910831362,4.0,718806.8495742226,13.485347963025635
2256.0,1269011.62955225,245430.441007361,4.0,233936.31051437827,12.362804180003897
2257.0,1281319.66630085,212685.576397836,3.0,95335.44547075566,11.465156956176102
2258.0,1281429.44754897,212593.27015774,4.0,109223.2984985217,11.60114967574931
2261.0,1283245.76639883,199927.153088763,3.0,566446.6916856554,13.247138253849688
2262.0,1283582.03481518,199921.767616764,4.0,1024762.4590915418,13.839971396469343
2263.0,1285249.50195287,208661.264905706,4.0,150436.91083094693,11.92129907814682
2264.0,1285559.12332919,208657.125129715,4.0,106889.85644213967,11.579554204224145
2267.0,1286208.79430586,196460.104253218,3.0,46592.0,10.749184131556358
2268.0,1286412.84704207,196225.423932984,3.0,541520.6790478354,13.202136533148012
2269.0,1280579.1838681,247268.957361251,3.0,248412.2181510388,12.422844815235338
2270.0,1280592.55193211,247928.748337924,4.0,202372.9973433488,12.217867795159997
2271.0,1285023.55910465,205448.40909442297,3.0,5815.795364580205,8.668332833687234
2272.0,1285452.67110509,205437.222790405,3.0,429902.8973340202,12.971314642015093
2275.0,1278933.05586641,248625.835890636,4.0,1724516.904126688,14.36045751364598
2276.0,1279193.00946668,248620.809330627,4.0,132279.53863603753,11.79267267930644
2277.0,1261026.42666407,252361.49080646,4.0,226581.3718129297,12.330859416839948
2278.0,1260766.45904781,252365.710646465,4.0,172785.42193725123,12.059805768004212
2282.0,1272434.49144375,210776.721611872,4.0,125270.44804546838,11.73823026347005
2283.0,1272432.15909176,210456.680267558,4.0,104822.86400345677,11.560027195045823
2285.0,1284381.36127999,210822.68807593,3.0,42377.25303246335,10.654367012177024
2286.0,1284344.16121595,210477.921675578,3.0,54662.34040245904,10.908930276027164
2287.0,1271577.55915488,256112.460346296,3.0,50855.2142055163,10.83673793713452
2288.0,1271578.29534689,256172.89657037,3.0,127228.5900354462,11.753740669062028
2292.0,1279661.84313115,219854.39406918,4.0,577398.7192127838,13.266288328011047
2293.0,1280171.46943568,223810.10268122,4.0,1081904.440585161,13.894233417099409
2294.0,1280182.7811157,224170.02357760104,3.0,413070.2716336161,12.931373006703367
2295.0,1260084.57130311,169192.553825289,3.0,61659.64967527506,11.029385019868293
2296.0,1259787.1329028,169309.389217421,2.0,4.0,1.3862943611198906
2297.0,1267267.43319847,171996.970788166,3.0,52477.57828406141,10.868141277051356
2298.0,1267254.00279845,171357.232867509,3.0,184899.2356379773,12.12756628344551
2301.0,1268694.81783992,176924.293609217,4.0,860224.3295440675,13.66494848252174
2302.0,1268034.68036725,176931.20004122,4.0,1478610.908771836,14.206613629848675
2308.0,1273763.30603711,196780.499581546,4.0,77497.43475192208,11.258000114818422
2309.0,1274019.55454938,196773.414333537,1.0,0.0,
2312.0,1281177.71743672,250571.040308625,4.0,266085.01010921114,12.491571123583562
2313.0,1281511.28633305,250564.991476625,4.0,402073.4069364283,12.904389955250492
2314.0,1279124.9724746,208036.921673074,1.0,0.0,
2315.0,1279536.31385103,208013.054217055,3.0,257669.55445860172,12.45943324631058
2316.0,1264517.56669965,252425.28331852,3.0,8769.766015089768,9.079065404860907
2317.0,1264260.12721139,252429.462134525,4.0,1023059.6996386038,13.838308400649026
2322.0,1282420.66962998,211872.043917,3.0,11536.748771585242,9.353292764802633
2323.0,1282448.63711801,211539.99335666,3.0,48283.89163631741,10.784853277520542
2331.0,1271635.98187494,205983.448390976,3.0,44093.831081366494,10.69407516687388
2332.0,1271633.26865894,205706.79245469,4.0,127349.37312367548,11.754689557927293
2335.0,1271828.99333113,227522.071965024,5.0,672252.0126381663,13.418388568010105
2336.0,1271612.31659491,227887.78153340504,3.0,204701.76101674567,12.229309374527597
2337.0,1277717.35295317,234969.240164652,3.0,6351.9782007642725,8.756521571051477
2338.0,1277778.84792922,235094.321956784,3.0,49679.9684719927,10.813357081985433
2344.0,1285268.9851529,253615.900343746,4.0,41887.883904924754,10.642751897146503
2345.0,1285548.13849719,253616.470583752,4.0,40454.95103462842,10.607944313874835
2348.0,1263767.78404288,166516.538782552,1.0,0.0,
2349.0,1262960.13015406,166321.036574349,3.0,895345.2297885618,13.704964654489013
2350.0,1264640.58973977,173949.645030171,3.0,62874.095084231645,11.048889514999967
2351.0,1263966.31940308,173952.79363817,3.0,34431.49677183037,10.446727028284263
2354.0,1293083.7710169,182272.900334686,3.0,431913.8648047237,12.97598146031991
2359.0,1274150.00773351,214282.951503471,3.0,88251.47147732049,11.387945648620505
2360.0,1274486.24325386,214274.976783454,4.0,222570.83336806015,12.313000682141118
2369.0,1277772.29804122,217336.707858592,4.0,223102.22601574517,12.315385358029948
2370.0,1278094.29247355,217328.419154584,4.0,429821.0413887844,12.97112421822486
2374.0,1277032.59154446,235903.219621614,3.0,84386.37676945547,11.343161254871442
2375.0,1277170.40850461,236093.927525803,3.0,34201.06564326841,10.440012081725156
2376.0,1286173.06668982,208220.565321267,3.0,10514.864523471004,9.260545203933114
2377.0,1286175.69331382,207792.38343282,4.0,80918.45029159465,11.301197139981078
2378.0,1267935.01982315,241749.868331596,4.0,502982.6145768599,13.128310885019058
2379.0,1267941.85771115,242000.12471585,4.0,156798.70656175225,11.962718137896005
2380.0,1285650.07788929,202502.330051407,3.0,477944.8965085476,13.077250725557606
2381.0,1285634.48608127,201849.391682744,4.0,1053935.9990208107,13.86804228424815
2382.0,1275746.92184715,222978.108312368,4.0,500227.3595808702,13.12281799321264
2383.0,1275754.73515916,223341.362520739,3.0,58643.63210914069,10.979234273747787
2390.0,1295874.09716375,183052.207215488,1.0,0.0,
2393.0,1287817.43117151,183395.91582384697,3.0,233288.6051606956,12.360031614813693
2394.0,1287801.6175395,182905.885615334,3.0,1484838.059618523,14.210816273510533
2399.0,1279923.52505143,216050.001105279,4.0,102012.9304559326,11.532854853407684
2400.0,1284997.91251262,204094.502341032,4.0,1384855.170565921,14.14110612214725
2401.0,1285673.75532931,204077.40493302,4.0,660303.6935490516,13.400455149910849
2405.0,1281244.87737277,253217.995639339,4.0,194572.73440609808,12.178561327952004
2406.0,1281508.96479705,253213.008439332,4.0,188815.98304914715,12.148528185091074
2407.0,1280709.66226824,215323.429072529,4.0,55210.85987092637,10.918914949707187
2408.0,1280974.6144605,215318.307664528,3.0,78091.07416980485,11.265631042098097
2412.0,1280349.63346787,205296.267014265,4.0,688384.6988445626,13.442103115943736
2413.0,1280343.22892386,204947.482949913,4.0,498263.72667278285,13.118884787465314
2414.0,1270303.23326558,206931.616775945,4.0,208014.9252247056,12.245365111997133
2415.0,1270290.26251356,206290.107527286,4.0,127198.10365373724,11.75350102139446
2416.0,1271785.68830709,196546.085373312,3.0,93181.99999999996,11.442309848973883
2417.0,1271777.38814709,196298.821757048,1.0,0.0,
2418.0,1278991.88421847,236130.958629847,4.0,73647.63890714932,11.20704736308972
2419.0,1279009.32933849,236719.115238443,3.0,10580.10575119662,9.266730700749541
2420.0,1279010.87071449,204036.587780982,4.0,970679.9457235106,13.785752079884052
2421.0,1279000.72473048,203530.64525245095,3.0,72929.98960584248,11.197255213455884
2422.0,1265415.25290857,247308.578673288,4.0,34372.288829376055,10.445005961440286
2423.0,1265420.87722857,247531.565105513,3.0,12102.87609475347,9.40119839712142
2424.0,1269925.77368119,225049.091674492,4.0,953051.0601441076,13.767423759526473
2425.0,1270283.21752155,206020.89907901,4.0,38056.69737816967,10.546832362995973
2426.0,1270275.98558554,205744.589638725,4.0,98105.70913207546,11.49380084092506
2432.0,1291248.44103102,186111.70699462303,3.0,470.62708661801264,6.1540660322612215
2433.0,1290991.35917476,185491.40145798,3.0,782353.4353559372,13.570061880793531
2436.0,1274821.89189421,214894.9637281,4.0,235506.9497744656,12.369495702722777
2441.0,1263053.73495415,260978.846591279,4.0,328091.01412796124,12.701046330972687
2442.0,1276732.28012016,223921.946969345,4.0,841604.2577367018,13.643065180050577
2443.0,1277054.09573649,223919.738649338,4.0,139558.15866660848,11.846236701365925
2446.0,1274707.96299808,239501.094953299,4.0,265674.9692953617,12.490028920668712
2447.0,1274875.92754225,239497.629097283,3.0,93182.0,11.442309848973883
2448.0,1282516.94835009,212649.310413793,4.0,52369.13488903396,10.866072667928266
2449.0,1282600.47372617,212646.652941793,2.0,2302.101248557679,7.741577571180674
2450.0,1264534.69559567,245782.968175724,3.0,317981.2576794899,12.669747721910584
2451.0,1264052.36881118,245801.614831746,4.0,550709.6737088646,13.218963041300873
2452.0,1260308.13872734,248534.578162536,4.0,323613.0742259833,12.68730386577919
2453.0,1259650.41827866,248548.645426556,4.0,381374.46840022487,12.85153702811495
2455.0,1286314.61068997,201833.514754727,4.0,1207125.2946675846,14.003752301376124
2456.0,1287054.81555472,201816.234946698,4.0,1468565.8051856563,14.199796839774912
2457.0,1277955.69004141,234431.332132101,4.0,115129.43563620182,11.653812301685765
2458.0,1265313.37284446,258925.254909188,4.0,29354.547453355663,10.287202752040011
2459.0,1265643.27377281,258916.903229177,3.0,19535.026832350624,9.879964381040857
2464.0,1294519.13722637,186529.407603055,4.0,227744.40380283823,12.335979243153306
2465.0,1294510.56999436,186262.808370769,4.0,380295.5227959658,12.848703921025503
2466.0,1263848.18186696,179048.154475391,3.0,62122.33333336692,11.036860838266263
2467.0,1263561.15556267,177909.227626219,2.0,108689.66666661525,11.596252005725916
2470.0,1256940.50934789,259611.92710188,3.0,1399476.3723562814,14.151608704877143
2471.0,1256562.58685151,259534.16838181004,3.0,950645.9199894144,13.76489694831704
2473.0,1278903.00409038,234075.955171734,3.0,1153125.5004324196,13.957986640190269
2474.0,1279018.38444249,234049.88605171404,3.0,385913.6994062884,12.863369046782331
2475.0,1273207.74187654,253849.20504798004,3.0,152889.68890116873,11.937471952763975
2476.0,1273200.83870853,254082.10546422,4.0,694292.5691104454,13.450648719976968
2478.0,1276699.23423213,249621.253491655,5.0,216561.43606616868,12.28562955552852
2479.0,1268037.22366326,244909.214062825,4.0,141820.0070177371,11.862313976341396
2480.0,1268229.68753545,244905.496878833,4.0,41381.13375550613,10.630580349558953
2483.0,1272904.00069223,256404.555258602,4.0,51261.48096426553,10.844694890727125
2484.0,1272907.90098023,256737.147386938,3.0,44962.451949710914,10.713583019328544
2485.0,1263833.54410695,247924.837937921,4.0,290336.39294379525,12.578795505378954
2486.0,1263845.10410696,248456.027506456,4.0,1079798.2361089836,13.89228476323006
2487.0,1281166.6508127,212690.378253832,4.0,298003.5207010331,12.60486057985075
2488.0,1276904.70264833,256621.686330825,4.0,837820.0680202517,13.63855864044316
2489.0,1277559.274169,256601.969530806,4.0,965590.4938976644,13.780495103954845
2492.0,1290743.22093451,189838.26219843296,3.0,1344700.2651045253,14.111681694959652
2493.0,1290815.16371858,188747.551093325,2.0,1029469.1185697144,13.844553808467502
2494.0,1270444.01483372,226701.19010818,4.0,1097976.0734768074,13.908979109809456
2495.0,1270227.0148975,227068.099484563,4.0,1163627.1047993817,13.967052499246789
2496.0,1274821.8573982,224874.585818321,3.0,21670.961625131345,9.983728469417137
2497.0,1274826.9774622,225089.553882539,3.0,2806.9561582219253,7.939855957508852
2498.0,1269426.51192068,180487.129004866,3.0,429368.04663212434,12.970069747666633
2499.0,1269414.10219267,179832.849772185,3.0,393024.26172248326,12.8816266236087
2500.0,1268003.81854323,243684.522285581,3.0,39652.16065653939,10.587900718807532
2501.0,1268261.50110349,243677.766701564,4.0,317195.7321814227,12.667274313990974
2502.0,1288321.51418002,181831.060654238,3.0,93182.0,11.442309848973883
2503.0,1288379.82765208,181544.344045952,1.0,0.0,
2509.0,1271509.46315481,242253.979500115,4.0,27145.10910351161,10.208952165617221
2510.0,1271522.92408282,242718.401516587,4.0,72564.45753690142,11.1922305153291
2515.0,1267042.23550223,244931.246510848,4.0,81024.05241139424,11.302501332926171
2516.0,1267277.00113447,244927.220590845,3.0,1264.7342620200516,7.142617309544556
2520.0,1270246.60804951,204628.042629585,4.0,119485.87569402948,11.690953448339078
2521.0,1270606.69528188,204617.660741568,4.0,155364.9924056404,11.953532417442686
2522.0,1278190.14104965,218065.474131346,4.0,575887.1236207221,13.26366695453795
2523.0,1278468.68312994,218051.523667321,4.0,179639.96935771088,12.098709956625568
2524.0,1272084.8084354,227986.983453497,4.0,419009.6036678624,12.945649119089964
2525.0,1272237.12209955,227982.790237501,4.0,570395.2546326107,13.254084828679824
2526.0,1284103.9507197,245224.879407153,4.0,144766.98261759954,11.882880712336416
2527.0,1284111.52582371,245882.603503823,4.0,122897.39630629016,11.719105109864213
2530.0,1264949.78398009,256297.929466486,4.0,537260.5866916033,13.194238519646307
2533.0,1266966.95518216,258885.258621141,4.0,188569.43660606147,12.147221581998743
2534.0,1266970.87639816,259215.52697348603,3.0,12464.5083201604,9.430640550346991
2535.0,1279765.72319527,201990.841858879,4.0,307299.2162653537,12.635577197725977
2536.0,1279760.68089126,201363.459586233,4.0,171474.4861615967,12.05218976578392
2537.0,1272862.0335882,239064.40784885,4.0,205000.5404589736,12.230767894502307
2538.0,1273148.10718849,239558.556137353,4.0,93182.0,11.442309848973883
2539.0,1273039.87966837,221813.514519185,4.0,115695.27649203745,11.65871508686902
2540.0,1273033.12939636,221507.620118871,4.0,214896.73740432487,12.27791290059039
2543.0,1283069.60959865,254484.056120634,3.0,39212.95833460142,10.576762540912648
2544.0,1283068.47705464,255126.034489289,3.0,73256.6847634119,11.201724782284176
2549.0,1273023.10808437,251248.747637317,5.0,223474.38000910296,12.31705205563339
2550.0,1273299.14718865,251312.543093383,3.0,40600.45492880133,10.611534550669937
2551.0,1286417.22630608,197203.771389976,4.0,489559.9806133344,13.101262267896091
2552.0,1286845.36096251,197196.865277976,1.0,0.0,
2553.0,1274294.02219766,205947.172550932,4.0,190930.3231321547,12.15966384011772
2554.0,1274680.78123805,205881.890886873,3.0,17840.833825656242,9.789245144148055
2555.0,1275826.61656722,237065.023014799,5.0,181569.32695235068,12.10939282643596
2556.0,1276228.27551164,237054.965350792,4.0,496243.2766196281,13.114821562518213
2562.0,1266265.93854144,255598.158905774,4.0,240596.2928896956,12.390875674630513
2565.0,1271826.70590714,197881.478078678,4.0,604829.0731207505,13.312701173328266
2566.0,1272486.5425158103,197861.167038649,4.0,278045.4878166148,12.535540004527245
2569.0,1276745.69215217,247351.25150533,4.0,116540.06351622527,11.665990385713437
2570.0,1277027.88876046,247343.600561321,3.0,79791.09032524619,11.287167127144997
2575.0,1279826.74604332,211080.754124194,1.0,0.0,
2576.0,1279821.67122732,210961.122188061,3.0,311591.57064039056,12.649448540752715
2587.0,1277264.5519927,217735.155859008,3.0,1535074.6247699591,14.244089553307056
2588.0,1277146.78783259,217561.984274819,4.0,1074677.999735904,13.887531639544902
2591.0,1269269.86526452,173273.656549469,3.0,65800.0715159557,11.094376204181446
2592.0,1268614.48004785,173277.361253485,4.0,77933.13168673906,11.263606451924428
2597.0,1264934.66756408,170764.558882907,4.0,484879.0173377826,13.09165469001402
2598.0,1264904.80279605,170035.831010163,4.0,423997.6591617553,12.957483213353939
2599.0,1284231.74214384,198572.046847388,3.0,315771.53404869785,12.662774237566415
2600.0,1284228.84025583,198379.94918318104,3.0,51366.59454032235,10.84674332849224
2601.0,1267307.46462251,173610.226085827,4.0,550069.0773990911,13.217799144593302
2602.0,1266646.29041383,173601.790693805,4.0,475900.1780929864,13.072963401332679
2603.0,1283653.40966325,195741.510204479,3.0,49196.08584574908,10.803569343334946
2604.0,1284026.61100763,195735.403260469,1.0,0.0,
2607.0,1277744.0635452,220349.513493687,3.0,41607.2371377124,10.636029400774937
2608.0,1277733.07205719,219793.734101117,3.0,46217.31613965578,10.741109815064434
2613.0,1276590.67538401,207682.308872715,2.0,374.6540440730417,5.926003051021492
2614.0,1276635.99455206,207190.114312202,2.0,4828.906800125624,8.482375385651183
2615.0,1274207.08011757,254314.130296454,4.0,98535.5307193137,11.498172480079672
2618.0,1263298.4201384,211874.626253009,2.0,58690.94164679239,10.980040677839966
2622.0,1279084.29445857,207145.41984815904,3.0,195279.1150977951,12.182185173603251
2623.0,1279072.40242656,206703.722247705,4.0,116664.56297747568,11.667058113013278
2624.0,1280622.83564414,212232.583181366,3.0,78956.36175649904,11.276650596000431
2625.0,1280887.64748441,212224.253517359,3.0,76613.54205861906,11.246529129380312
2629.0,1264770.90577191,245333.813615263,4.0,66502.82021325812,11.104999634966626
2630.0,1281521.14521307,225146.939290598,4.0,96333.11342372288,11.475567395625129
2633.0,1264327.65597945,244554.932270467,4.0,413372.5507551792,12.93210452527151
2634.0,1264028.72151515,244560.124846473,3.0,45005.02683593696,10.714529469978908
2638.0,1273104.56626044,196801.61439757,4.0,36014.32815684392,10.491672142612298
2639.0,1273223.39346056,196797.933629557,4.0,151462.28429958867,11.92809192442117
2640.0,1285906.66336155,202981.8976679,2.0,40.66666666666666,3.7054087560651467
2641.0,1286500.56633817,202932.475843847,3.0,52237.51863400007,10.863556263473027
2644.0,1274397.98264576,239507.567721292,3.0,12093.0949369903,9.40038990232837
2649.0,1282389.61823796,226757.449500248,2.0,3471.011257790826,8.152201259241956
2650.0,1282396.60473396,226898.972188383,3.0,6866.13778046493,8.834357040880807
2653.0,1273345.72261269,181416.646509811,4.0,202905.02394673388,12.220493286210834
2654.0,1273336.72158869,181089.028013483,4.0,156239.14983217153,11.959143124113403
2655.0,1265888.37956506,178235.29457055,3.0,985208.8431349348,13.800608921167667
2656.0,1265892.92190106,178162.610666484,3.0,1204076.7661354651,14.001223662067094
2662.0,1283596.19910319,244316.674542218,3.0,140112.5550597488,11.850201343297416
2663.0,1283601.68831919,244572.203566492,3.0,1665738.2077393015,14.325778951149719
2664.0,1271744.64869104,221535.4966629,3.0,275074.4222675924,12.52479696646359
2665.0,1272067.31729938,221528.671254888,4.0,113396.6156128927,11.63864682514694
2666.0,1270704.83480199,223732.754777148,4.0,599995.1434060232,13.30467683984223
2667.0,1254594.64227349,252828.935734943,3.0,108939.55385129264,11.598548455567546
2668.0,1254344.98403323,252835.484278947,3.0,68136.61464248058,11.1292700075986
2669.0,1283494.83974308,250527.997748584,4.0,305921.9872223642,12.63108540471308
2670.0,1283825.34239942,250521.827828571,4.0,347479.2327482408,12.758460180325606
2671.0,1268215.47467144,244385.4582223,4.0,202969.02278136535,12.220808649243665
2672.0,1268222.57732745,244645.338926554,4.0,187170.67679608,12.139776189709558
2673.0,1262326.1891614,257015.04940322,4.0,519648.7823256143,13.160908443755117
2674.0,1261994.33418506,257021.080251232,3.0,361638.0266592024,12.798399064192246
2677.0,1261676.19114473,188200.607668757,3.0,606698.8760543589,13.315787861372812
2678.0,1261675.65175274,188162.95518872104,3.0,463886.16803604754,13.047394473602159
2681.0,1270012.04715328,258811.960509062,4.0,1441436.9317629964,14.181151043291452
2682.0,1270018.69054528,259473.89292573897,3.0,27349.070897337075,10.216437836426197
2684.0,1269949.79403321,226904.232988387,4.0,1677318.448020744,14.332706914263477
2689.0,1281472.86610901,229324.381726876,3.0,72321.1804211911,11.188872317128526
2690.0,1281691.74623723,229599.405087158,4.0,306386.15484270226,12.632601529282924
2691.0,1288011.68736371,190166.159158766,3.0,23724.08169510365,10.074245916516322
2692.0,1288005.1831077,189912.302390516,3.0,43934.19968384313,10.690448331850595
2693.0,1279633.26642713,253911.901752055,2.0,95002.71810178406,11.461660781771101
2694.0,1279844.67250735,253907.97029604,4.0,159910.0146474811,11.982366527551765
2695.0,1280844.38047637,228260.729949787,4.0,671197.6280935797,13.416818900299301
2696.0,1280859.56780438,228695.674270228,4.0,1017836.8400913754,13.833190188287846
2699.0,1280900.75078042,212698.723341852,4.0,264908.45762724086,12.487139602373139
2701.0,1284358.87673597,245219.182895154,4.0,106961.79794149926,11.580227021110044
2702.0,1273734.54366909,195568.953148305,4.0,555797.538073116,13.228159366761327
2703.0,1273724.99218108,195259.430139989,4.0,384581.446344326,12.859910869538751
2706.0,1280145.59839565,222882.077976272,4.0,778828.4850079437,13.565546127322284
2707.0,1280133.81695564,222594.998807982,4.0,441253.9983880986,12.997375948691362
2712.0,1263634.89028275,256189.897530377,4.0,119389.93857532609,11.690150209851707
2713.0,1263638.97725876,256458.298554659,4.0,69232.5080123842,11.145225800263955
2718.0,1271972.00453128,178644.056554973,3.0,342823.0635830116,12.74496974343968
2719.0,1271961.85822727,178361.207082689,3.0,304900.98019195127,12.627742347769313
2720.0,1263953.12586707,171982.877924159,3.0,119501.62192468412,11.691085222853095
2721.0,1264951.8600761,249578.911731616,4.0,130540.1288623302,11.779435959336952
2722.0,1265206.74474835,249580.480307609,4.0,215516.22629799368,12.280791481737708
2723.0,1280227.52082774,218424.250259712,2.0,67767.8634611794,11.123843371311509
2724.0,1280367.78757988,218421.349395707,4.0,218955.43474361376,12.296623493769461
2725.0,1263355.23370646,172803.052516997,1.0,0.0,
2726.0,1263129.73745023,172814.921253011,2.0,46591.99999999999,10.749184131556358
2727.0,1280306.18207581,228701.303518236,4.0,188445.3363733197,12.1465632510997
2728.0,1280321.73189983,229167.058206707,4.0,161627.40186513512,11.993048976691567
2731.0,1278933.66117841,225591.016475052,4.0,1350501.5036759384,14.115986565635838
2732.0,1279255.57561074,225584.055835038,4.0,610545.2995770804,13.322107770561614
2733.0,1269772.09553704,243636.966893524,2.0,20376.05998359288,9.922115960490496
2734.0,1256794.99581175,253062.113079175,4.0,255903.60328995492,12.452556102900465
2735.0,1288038.00288373,191193.347383827,4.0,176633.00973312563,12.081829467766108
2736.0,1274810.65733419,224411.260953844,3.0,22224.226526707105,10.008938257828566
2737.0,1274816.24031019,224643.12169008,4.0,844982.9078351546,13.647071678720716
2738.0,1279584.96601108,207073.442248091,1.0,0.0,
2739.0,1279739.14681123,207065.80288808,4.0,379007.6277087253,12.845311609742582
2742.0,1258765.60016575,247092.360945061,3.0,37646.43359722951,10.53599350356814
2743.0,1258554.12355754,246930.963312894,4.0,70299.61693231837,11.160521628741497
2744.0,1280878.6530524,211898.54746902,4.0,134590.11412053485,11.809989247139839
2745.0,1280858.31814039,211237.09108434603,3.0,218221.04015108047,12.293263773722707
2748.0,1278943.49189842,225957.016731426,4.0,877265.7822896072,13.684565283924393
2749.0,1284984.02118461,242983.11063686,3.0,93072.86190476191,11.441137926731287
2752.0,1278712.32505019,251278.347957358,4.0,203005.6633998927,12.220989156156406
2753.0,1266896.35198209,227696.541469201,4.0,155639.97358728686,11.955300757394587
2754.0,1270635.75326592,225114.057434559,4.0,822118.5859242537,13.61963992874777
2760.0,1276522.07250394,228346.79017387296,3.0,40270.848066065046,10.603383113123753
2761.0,1263250.19716235,169410.256801516,3.0,4104.72331114669,8.319893616727322
2762.0,1262601.06922568,169431.229153544,3.0,17800.74220061616,9.786995432074724
2763.0,1272253.33829157,192180.112824842,4.0,792077.7270762243,13.582414806228881
2770.0,1290442.45907819,187649.373492196,3.0,74354.43512450955,11.216598602086457
2771.0,1290410.89319016,186772.429043293,2.0,95625.13664936184,11.46819100014075
2773.0,1266908.53694209,254518.608888671,4.0,417331.9080303992,12.941637126705617
2776.0,1287953.19142765,192183.204344839,3.0,71327.37030754412,11.175035408022246
2777.0,1288234.04025994,192421.387577087,3.0,94544.5114410614,11.456826023126814
2782.0,1272388.0506117,208949.787914008,3.0,19666.806825412597,9.886687560910246
2783.0,1272668.98706,208947.505162001,3.0,19440.608201443105,9.875119363607496
2784.0,1267499.4671827,244260.90763016,4.0,437244.0061889684,12.988246684814266
2785.0,1265559.83658871,253481.723831609,4.0,243687.2235153512,12.403640811137395
2786.0,1266270.62750144,253469.667063594,4.0,280920.0345647164,12.545825333314086
2790.0,1278682.42911415,235073.63498075295,3.0,136192.118830839,11.821821806345197
2791.0,1278721.78693819,236137.688933849,4.0,10660.263165622651,9.27427838462174
2792.0,1268792.80811203,256197.168186396,4.0,908214.4107106314,13.719235764851783
2793.0,1268800.47544004,256856.759355068,3.0,173254.80544530792,12.062518653725538
2794.0,1286140.56051379,205954.337222934,4.0,149808.8593149869,11.917115489271017
2798.0,1278165.79756163,204085.089029029,3.0,900336.828927598,13.71052422665475
2804.0,1288113.22848381,182385.294126809,3.0,52210.2420426207,10.863033962337555
2805.0,1288737.86010045,182363.604526788,1.0,0.0,
2806.0,1268064.45067129,178416.827370748,4.0,247999.1922787558,12.421180768201314
2818.0,1280255.49945177,227424.008220926,5.0,305084.2336532062,12.628343193372153
2819.0,1280541.77580406,227416.873052925,4.0,339838.8225542448,12.736226732883454
2822.0,1267113.10379031,227934.797853455,4.0,187320.81073466493,12.140577991361274
2823.0,1268065.94801529,245969.038063914,4.0,223619.09516362989,12.317699415380812
2825.0,1276885.72204031,255958.279226139,4.0,1409673.387281206,14.158868595295514
2826.0,1277544.15941699,255938.711354122,4.0,920229.4219240574,13.732378289593864
2827.0,1274855.12082224,251882.804789975,4.0,229192.40013818344,12.342317105062607
2828.0,1275299.81119069,251867.540341958,4.0,61684.66009469368,11.029790558150651
2829.0,1277502.23064895,249616.655091643,4.0,275641.42166421865,12.526856103142572
2830.0,1277761.05202521,249611.461555645,4.0,170568.6828499541,12.046893326555235
2831.0,1271225.37873852,229627.305951178,4.0,492597.76415057055,13.107448225784077
2833.0,1277426.18847287,216371.501137614,4.0,181280.4223337536,12.10780040599077
2834.0,1277748.20165719,216363.970641598,4.0,483980.1435287263,13.089799159090095
2839.0,1287389.70496307,252408.80863051105,3.0,375631.6821514275,12.836364373534817
2840.0,1287432.02477111,252408.170806512,3.0,506053.8411248871,13.134398347994104
2846.0,1284071.92454368,197234.944574013,3.0,46762.96934205261,10.752846915324614
2847.0,1284117.72563171,196510.39615726503,3.0,47811.80528659848,10.775027860509836
2848.0,1286909.85030659,199858.036736697,3.0,268661.55076719867,12.501207690829924
2849.0,1286893.89101057,199156.404287979,3.0,219715.7906324074,12.300090129401239
2852.0,1280238.07097174,175753.265768021,5.0,1554865.8579498474,14.256899834890413
2853.0,1274354.50469372,191024.591799647,1.0,0.0,
2854.0,1274352.80094972,190947.78520757,3.0,92266.38909774424,11.43243520571932
2856.0,1268799.29662403,169762.230497882,3.0,139611.0,11.846615262767727
2857.0,1268624.29335986,169512.949153617,1.0,0.0,
2865.0,1275323.75275871,212556.155725703,4.0,1470779.2649630662,14.201302930514847
2867.0,1286332.77209799,247154.23025712403,3.0,46917.0,10.756135362104326
2872.0,1271794.8165631,196841.954877615,4.0,232933.99999999997,12.358510430619061
2873.0,1271864.21009918,196839.816445604,1.0,0.0,
2876.0,1269465.93246472,243219.0461891,4.0,297169.67936123733,12.602058565629447
2877.0,1289514.39168525,190793.716983423,4.0,106837.70403288575,11.57906617722217
2878.0,1289631.67296536,190893.098999515,4.0,115592.43994189634,11.657825834655341
2879.0,1260680.21245572,257709.199931934,4.0,1641422.5387648104,14.311073825510798
2883.0,1274356.22315772,208416.658121467,4.0,452339.7474515574,13.022188830118127
2884.0,1274659.45586203,208412.109897465,3.0,322716.4519078902,12.684529358791613
2885.0,1263471.20721057,247380.574257359,4.0,112831.46647355727,11.633650537243431
2886.0,1262757.74538584,247395.194993377,4.0,284777.2676978024,12.559462636857477
2889.0,1280702.15602823,214844.420176044,4.0,76771.93368092093,11.248594405480777
2890.0,1281805.57702135,254513.145272657,4.0,114297.88636768998,11.646563357640707
2892.0,1274536.31666191,216751.845842004,4.0,94130.36845147407,11.452435998816767
2893.0,1274528.4252699,216441.672529683,4.0,270502.0384836665,12.508034913224257
2896.0,1276062.10591148,222665.15061605,4.0,1234983.2451621508,14.026567961281863
2900.0,1272989.24856432,200917.261377782,4.0,196926.03003486668,12.190583455152574
2903.0,1274856.42591023,252134.895158231,4.0,512308.1548378393,13.146681587891251
2904.0,1275116.2843425,252125.96402221904,3.0,59449.68083390261,10.992885533456958
2907.0,1273252.3930126,202021.177794918,4.0,477656.46503604046,13.076647060697189
2908.0,1273524.69893287,201956.246786848,5.0,292474.1500281291,12.586131565776453
2911.0,1261646.87261671,248239.90520224,4.0,103243.90607389234,11.544849488005363
2912.0,1260950.00292,248255.043314263,4.0,133607.12355007988,11.80265885864885
2913.0,1280434.92293996,209934.693451017,4.0,316886.50391165685,12.666298956926296
2914.0,1280529.10188405,209349.69594641,3.0,56752.45154846331,10.94645413350246
2921.0,1269562.01688081,223767.338649184,4.0,64612.10501211589,11.07615705630497
2922.0,1269406.24260865,224030.398873448,4.0,70457.98983614253,11.162771922338996
2929.0,1278207.41496967,232767.604450405,3.0,122570.99971140086,11.71644573055063
2932.0,1266968.15889415,241195.366827026,3.0,266948.8532554075,12.494812358191094
2937.0,1271443.61515474,190080.969014689,3.0,59533.25062117257,10.994290269413455
2938.0,1271571.33701088,189740.88703033296,3.0,70025.4773689617,11.156614417226983
2945.0,1269738.92728099,229666.885919228,2.0,17583.11613150966,9.774694409883557
2946.0,1269881.95064114,229663.269151226,4.0,108028.04533105405,11.590146151386845
2947.0,1284590.3411842,206187.529031172,3.0,72406.04034117234,11.190045005020398
2948.0,1285040.82809666,206174.752775162,3.0,19384.77876186908,9.872243437188166
2949.0,1267685.57508689,245977.554735929,4.0,278749.7915197287,12.538069853844899
2951.0,1268045.34571126,245454.32350339,6.0,1648156.7164018336,14.315168079834345
2952.0,1268058.88766328,245709.074991643,4.0,141000.1441254007,11.856516191525746
2955.0,1291576.50829536,189176.703157753,3.0,567363.7565293787,13.24875592291448
2956.0,1291855.57632764,189406.329653993,4.0,362108.0496565016,12.799697925985793
2957.0,1278617.51749809,214410.7786396,3.0,292212.4819420426,12.585236494504944
2958.0,1278612.23929009,214110.636559293,3.0,48532.05296236591,10.789979744458687
2959.0,1284920.99276854,199900.323072746,4.0,149604.8252880541,11.915752598601637
2960.0,1285072.54099269,199897.89561674,1.0,0.0,
2961.0,1271948.02853125,253469.448247597,4.0,109445.3574137516,11.60318068463475
2962.0,1272208.96171552,253459.929911584,4.0,191836.13580328453,12.164396827248238
2965.0,1257893.08515687,257063.552251279,3.0,493014.3166513461,13.108293492463922
2966.0,1257681.06230865,257067.12773928,4.0,760964.5664694398,13.542342073958789
2968.0,1277853.57509731,253283.43941541,4.0,520416.5786949232,13.16238488271282
2969.0,1275577.14066297,249722.51576376,3.0,20172.79349113246,9.912090118687711
2970.0,1275581.54130298,250023.137844071,4.0,25527.05671091075,10.147494216120196
2971.0,1263975.47325909,256977.717115194,3.0,51024.48086982554,10.840060813590533
2972.0,1263985.2495151,257636.257467866,4.0,130054.92251012169,11.775712121064904
2975.0,1280246.93023576,257848.897148088,4.0,1695141.2860648336,14.343276649933406
2976.0,1280241.84524375,258181.641212419,3.0,54043.995529830885,10.897553725866333
2977.0,1274852.97483823,226171.829275638,4.0,625777.1879422013,13.346749656919398
2978.0,1270870.07761815,240248.509098053,3.0,20218.42110433449,9.91434940368656
2979.0,1270874.29643416,240399.872682214,4.0,57666.51426425637,10.96243194199195
2980.0,1279754.39282726,251641.49976572403,3.0,52469.95255519305,10.867995952453038
2981.0,1279748.67698725,251751.62520583,3.0,14152.040664686954,9.557614109258822
2982.0,1276067.31455147,234807.423524484,3.0,9198.976902405591,9.126847550592995
2983.0,1276230.17611964,234803.039716482,3.0,16231.415218345202,9.694703854387066
2984.0,1264601.81943573,243655.916333541,4.0,744799.6243400284,13.520870500567892
2985.0,1264305.78756343,243664.356653556,4.0,523896.4030459481,13.169049239646359
2989.0,1267103.35582229,228379.042717904,4.0,234829.2449559389,12.366613911803293
2990.0,1266876.69943807,228585.211230114,4.0,239528.80866574188,12.3864289753038
2993.0,1274164.18712553,249454.305011481,4.0,1727387.0138324492,14.362120428046474
2994.0,1274497.06315787,249445.50123547,4.0,1543474.7428432852,14.249546759229265
3005.0,1260470.6315275,188829.017781407,3.0,302748.56764048326,12.620657930241416
3007.0,1280636.76870015,212707.00878185,3.0,127465.99508587577,11.755604902799641
3009.0,1282737.0256623,226426.259547904,3.0,334368.8841707573,12.720000106134693
3010.0,1282747.26284632,226730.739932209,4.0,149272.04101636153,11.913525698853038
3011.0,1284891.82380851,191859.586552501,4.0,246909.72637048148,12.416778068524467
3012.0,1284880.01580851,191516.639736161,1.0,0.0,
3013.0,1274470.75576584,213632.910478801,4.0,309109.3969438857,12.641450528641238
3014.0,1274447.08882181,213307.481998473,4.0,332114.09334856254,12.713233843527231
3015.0,1261713.39351279,259680.452541962,4.0,963717.3059457788,13.778553279492582
3016.0,1261726.87511279,260345.953854635,4.0,431960.3783205319,12.976089146169379
3017.0,1258922.20842192,252365.443894461,4.0,69104.87612109957,11.143380573418035
3018.0,1258932.43088593,253049.557047173,4.0,131576.70961542064,11.787345303604566
3019.0,1286299.54675396,201179.815618053,4.0,401063.6813890353,12.901875500136743
3020.0,1286292.31609794,200853.218177721,4.0,499985.807827263,13.122334992656011
3021.0,1274108.39525346,234453.962020129,3.0,689676.8760028916,13.443978471240808
3022.0,1274138.6783255,235174.185956866,4.0,446138.31327801314,13.008384302382531
3024.0,1278512.80837798,219736.176469058,3.0,1214925.9180201914,14.01019366007498
3029.0,1273267.11909261,223826.489177242,3.0,70394.93583746481,11.16187660543183
3030.0,1273502.01259685,223965.498713389,3.0,36202.300369347104,10.496877941909455
3033.0,1286781.47129844,207357.154312372,4.0,130631.0392836848,11.780132134383162
3039.0,1282839.59174241,255659.615417838,4.0,467808.1090755269,13.055813467474337
3040.0,1280569.39154808,227841.96930936,4.0,333041.39398226835,12.716022067490258
3041.0,1276876.3533363,255626.801849812,4.0,61100.954615605886,11.020282768860973
3042.0,1277536.72696897,255615.78712979,5.0,823861.9473331029,13.621758255210983
3043.0,1273924.06949328,245435.131631374,3.0,82853.52921528861,11.324829619597287
3044.0,1274210.11192557,245426.648047358,4.0,182709.19506580263,12.115651069867042
3045.0,1272696.30590802,226689.518556178,4.0,761952.9671252895,13.543640109831154
3046.0,1272540.40760386,226952.905500442,4.0,216696.66218111012,12.286253784457555
3050.0,1277932.62879339,233485.352035135,4.0,434966.5635942828,12.983024441816033
3055.0,1273289.31589264,252761.206518874,4.0,80931.34468576346,11.301356477769524
3056.0,1273526.69797288,252752.395190865,3.0,24824.183893582747,10.119573613995668
3057.0,1279124.65817061,255408.422713578,2.0,10018.403288342228,9.212179009480048
3058.0,1279272.09855476,255895.21471408,4.0,165526.3204571542,12.01688549714926
3062.0,1284417.78604802,197230.85107000204,3.0,1217923.621280885,14.012658016977754
3063.0,1284400.565952,196316.01631707,3.0,1491063.02616954,14.214999863926275
3064.0,1281824.16953337,191498.732280135,4.0,171197.43122627493,12.050572738057788
3065.0,1282207.82130976,191186.918903813,3.0,54520.80628456686,10.906337674486275
3066.0,1258839.97008583,259078.912445337,4.0,689115.9800983812,13.44316486688687
3067.0,1258846.32214984,259348.84070161,4.0,560306.4879341703,13.236239212879822
3069.0,1275572.72767097,249422.430387452,4.0,502839.6072862868,13.128026526037067
3070.0,1275874.32773528,249533.979763567,3.0,199183.36263616712,12.201981099741795
3071.0,1284337.12383994,209962.746891052,3.0,48157.512910221885,10.782232436419585
3072.0,1284647.40243226,209958.398795038,4.0,55677.38600859342,10.927329347221526
3075.0,1284301.58745591,207384.95380041,4.0,50962.8023603776,10.838851280107262
3076.0,1286144.6037778,206214.22874321,4.0,63862.069439814775,11.064480871628692
3077.0,1280685.5307482,182134.224750549,4.0,122845.26615856064,11.71868084369904
3078.0,1281103.68639663,182128.756910548,3.0,91185.55649190371,11.420651791720983
3079.0,1281558.3820131,220271.767573595,4.0,277828.0399670216,12.534757640015117
3080.0,1281678.34438123,220270.8718936,1.0,0.0,
3081.0,1279520.56620301,216991.170130238,1.0,0.0,
3082.0,1260915.75203995,246625.281136587,4.0,611902.098254556,13.324327578525576
3083.0,1260268.4747913,246639.387760594,4.0,726712.4346618268,13.496286127593365
3084.0,1277871.38476132,244872.249198794,3.0,67611.634338091,11.121535352815648
3085.0,1278196.55800965,244865.059630781,1.0,0.0,
3089.0,1284611.44940822,207381.486920401,4.0,277148.623135485,12.532309186895812
3092.0,1258196.26269318,248049.066994041,4.0,1495698.6991005782,14.218104012887448
3100.0,1256765.99881971,251072.717813149,4.0,177938.8960949121,12.089195489974367
3101.0,1256502.03971544,251074.96715714,4.0,206412.59242600956,12.23763232054446
3103.0,1273475.97163682,249533.265523568,4.0,1722346.375201088,14.359198090781419
3104.0,1273491.10418084,250089.55934813604,3.0,1402037.324206357,14.153436968338115
3107.0,1277382.96844083,224216.697049648,4.0,76055.69167505614,11.239221136110592
3108.0,1277390.78898484,224581.942042008,4.0,220624.3513545232,12.30421676662922
3109.0,1276922.99954435,257284.538363501,3.0,243866.9974342932,12.404378263176017
3110.0,1277574.64031301,257265.242171481,4.0,382138.7756101184,12.853539108553473
3119.0,1271266.83825856,205717.108038694,4.0,91704.96330794,11.426331782275353
3122.0,1260279.7057033,247170.951345146,4.0,230537.2979120724,12.348167941396078
3125.0,1261806.09770487,252348.484598443,4.0,344048.5793514822,12.748538145430071
3126.0,1261546.08445661,252352.933110446,4.0,400090.50946119626,12.899446074147088
3129.0,1262177.44240925,249824.631411865,4.0,576288.3883791859,13.264363488651906
3130.0,1261521.49002458,249838.732083872,4.0,575416.3625476678,13.262849166517768
3131.0,1269364.60945661,228063.76578958303,4.0,32873.64162879861,10.400426449350313
3132.0,1256207.40483513,250187.699252233,4.0,1722007.267593771,14.359001184398638
3133.0,1255545.05213046,250191.897716239,4.0,1180736.5636807317,13.981649008215092
3143.0,1280247.86917976,257517.499835745,4.0,312809.7201776223,12.653350361907128
3146.0,1280589.8206041,209932.486731008,3.0,231460.07450314856,12.35216267328549
3147.0,1280612.60242812,209652.56442672,3.0,92260.92309237894,11.432375962398622
3148.0,1268940.38430418,257381.067067608,3.0,72520.74778539603,11.191627976252414
3149.0,1268943.52862418,257647.03865186905,3.0,149024.19519628174,11.911863955612425
3152.0,1269839.1259371,223931.45122535495,5.0,308403.7202042574,12.639164983517677
3153.0,1270116.02072138,224095.413145512,4.0,312833.00668831303,12.653424802189742
3154.0,1283877.34028748,193146.00460182095,3.0,68287.5146190958,11.13148222678553
3155.0,1283872.44460747,192894.577913567,3.0,155702.4032007676,11.955701792518438
3156.0,1289766.62938151,190068.964150667,3.0,218046.32393238047,12.292462814300002
3157.0,1289866.9667896,190153.988598764,2.0,153509.52025416508,11.941517865285926
3158.0,1280735.04146826,230899.09276849,4.0,113710.55978462887,11.641411549521337
3164.0,1295296.78925917,186707.476467237,3.0,18492.445308908336,9.825117565983449
3165.0,1266677.69886187,244189.30929409,3.0,38301.56954824182,10.553246154700915
3166.0,1267015.2673742,244181.594414085,4.0,294886.1617586426,12.594344668502762
3167.0,1276968.9820724,245346.372271284,4.0,241623.38540054968,12.395135534235019
3168.0,1281857.4024294,226942.428764433,4.0,302463.1359437777,12.619714684378264
3169.0,1281980.11116554,226938.374684423,2.0,277.540891747864,5.625968279980378
3176.0,1280301.52825181,230911.159008503,4.0,108115.17462478536,11.590952369582988
3177.0,1280380.6547159,231382.670560986,2.0,1351.9268081914302,7.209286119184422
3187.0,1281855.5710694,255154.867129326,3.0,262400.95651955367,12.477628981318116
3188.0,1282151.97465371,255147.806777313,3.0,250373.4361725768,12.430708827007832
3191.0,1268519.42283174,255541.890297711,3.0,167596.92615480753,12.029317126496823
3192.0,1268527.91857575,256205.352186397,4.0,604815.6299200581,13.312678946635321
3193.0,1275208.5663266,204586.364933535,4.0,131547.19495588812,11.787120963214784
3194.0,1281925.04332547,244765.46430268895,3.0,139442.88735095796,11.845410386741984
3195.0,1281929.62175748,245086.420719013,4.0,113175.0936617566,11.636691399887264
3196.0,1266453.25310163,250028.425268069,4.0,47778.72498854777,10.774335735478704
3197.0,1266464.80132565,250298.124852344,3.0,35149.46768728409,10.467364753092392
3200.0,1284000.0529916,201214.83129808295,3.0,373656.7472007139,12.83109286673779
3201.0,1284270.09804788,201211.734850079,4.0,348804.9301388291,12.762268105489401
3202.0,1285065.18112069,177956.930602267,3.0,57546.92845924903,10.960356041035858
3203.0,1272236.73854755,190997.52562362,3.0,672650.0796612455,13.41898053234265
3211.0,1278135.8892096,238063.851431817,4.0,740272.295128016,13.514773363886535
3212.0,1278384.33228184,238057.62077581897,3.0,55778.370091363046,10.929141440449127
3223.0,1272515.48869184,231288.130080879,4.0,142769.81632797827,11.868988936293528
3224.0,1272831.22526816,231283.203552872,4.0,200692.69543780983,12.209530138695143
3225.0,1282181.57599774,255675.208249852,4.0,415061.4401172977,12.936181836730157
3226.0,1284343.12185594,210393.125899479,3.0,32783.69166627025,10.397686465428055
3227.0,1284653.48409627,210388.597387478,4.0,8285.09959332519,9.022213950708773
3229.0,1270252.96600153,256152.235834345,4.0,705116.5032436315,13.466118320969507
3230.0,1270261.07947353,256815.89593102,4.0,1060497.213111576,13.874248425082975
3233.0,1254236.45436913,250885.845492944,4.0,1252531.5333282182,14.040677287934194
3234.0,1271629.54558693,205436.778886408,4.0,434589.3429423162,12.982156824972092
3235.0,1271625.79429093,205167.839430138,3.0,818501.7944613049,13.615230868168815
3236.0,1279718.06220321,205331.706246302,3.0,311164.39283234946,12.648076645820844
3237.0,1279795.78713129,204978.307717934,3.0,232932.0,12.358501844459092
3244.0,1268934.14219217,256853.019579068,3.0,373778.8785370409,12.831419667690831
3245.0,1268937.26353617,257117.043963328,3.0,285261.8068477843,12.56116265809572
3247.0,1270911.03160219,255709.766265884,3.0,333791.10395051044,12.718270639017435
3248.0,1271572.39934687,255689.39756186295,3.0,108589.93701951232,11.595334021226547
3249.0,1262177.76855326,248228.28158623,4.0,72237.24135457307,11.187711000132662
3256.0,1293067.22317688,181655.697518066,3.0,111957.06010213777,11.625870684818551
3262.0,1280983.31327651,251237.359541312,3.0,23586.590107796885,10.068433613746622
3263.0,1281177.71410871,251233.809653312,3.0,33932.725771115205,10.432135189686129
3266.0,1266203.81726138,252395.1105185,4.0,1156061.5200821722,13.960529544862592
3267.0,1266870.36414206,252381.631158486,4.0,1335880.6551019042,14.10510129907502
3268.0,1284617.61964823,196330.470333084,3.0,210839.1257117883,12.25885068427011
3273.0,1277551.80408899,256270.422266468,4.0,523191.45487099135,13.16770274655863
3274.0,1277799.60312925,256263.00825046,1.0,0.0,
3282.0,1283585.45670317,243796.756973684,3.0,47316.70476190475,10.764618678345148
3283.0,1284080.45305568,243791.659181684,1.0,0.0,
3287.0,1276515.80152793,205758.883910745,2.0,9818.190273575368,9.191992094505107
3288.0,1276735.89951216,205619.835270599,3.0,187663.8269356068,12.142407486557385
3291.0,1278201.96319366,206753.491463766,4.0,18237.94933000377,9.811259830224797
3292.0,1270270.63851354,240416.313898236,4.0,113252.0561002143,11.637371198590754
3293.0,1270283.70641756,240892.457642719,4.0,702181.8292690064,13.461947665521798
3294.0,1281044.88927658,192601.291129261,3.0,93182.0,11.442309848973883
3295.0,1281098.86194862,192419.553593084,1.0,0.0,
3296.0,1286140.8620178,243851.183021754,4.0,150648.81671990722,11.922706690029806
3297.0,1286355.84422602,243896.983789787,2.0,49746.52042430744,10.814695798920786
3298.0,1278663.27788213,227466.124252975,4.0,134496.06865141302,11.809290248239321
3299.0,1278984.98130646,227458.628572956,4.0,262060.07001444555,12.476329031328065
3300.0,1265705.69028486,248270.734898269,2.0,659912.4127367663,13.39986239722153
3306.0,1262588.94717768,261255.361791566,3.0,138431.64032775312,11.838131911122181
3307.0,1262550.94493763,261576.890367895,3.0,59706.15865608992,10.997190454128567
3308.0,1262172.10154524,247962.272881955,4.0,1098665.563127883,13.909606876908313
3309.0,1286383.99181004,248612.786674619,1.0,0.0,
3310.0,1286386.24409804,248942.657778963,3.0,47780.66348368196,10.774376307005278
3312.0,1292528.42567234,189576.32146216897,3.0,352992.88422707905,12.774203177715316
3313.0,1292521.68256833,189377.341813967,3.0,251562.03152994928,12.43544488435209
3314.0,1275595.69579899,212550.522509694,4.0,1043651.2471749886,13.858235937186024
3315.0,1275578.07800698,212124.934477255,3.0,1320151.8916673898,14.093257357387564
3319.0,1271819.52683513,228170.031645685,3.0,452427.09043534886,13.022381903030185
3321.0,1277001.22412044,205320.93562229,4.0,111753.67406848964,11.624052389505737
3322.0,1277262.4362167,205306.993414283,3.0,64920.948629422914,11.080925633804931
3323.0,1264017.62705114,252433.370934531,3.0,101347.33761787172,11.52630888234785
3324.0,1263767.65777089,252437.435510546,3.0,39111.70272021283,10.57417700349869
3325.0,1279921.95218742,219844.548629165,4.0,509670.1081282603,13.14151894859752
3328.0,1280184.24268369,215334.67444855,4.0,95827.56701774414,11.470305678491505
3329.0,1280449.18706797,215329.189200535,4.0,69792.21335834733,11.15327772605691
3330.0,1275893.65906329,254655.670904815,3.0,93727.21637297935,11.448143888942324
3331.0,1275933.11896734,254654.38252081,3.0,1662381.490597319,14.323761765120095
3332.0,1288893.69408461,190504.521015123,4.0,696401.5907410666,13.453681771108293
3333.0,1288877.80602059,189889.304758489,4.0,883735.8391827414,13.691913472508944
3334.0,1277433.81906487,216681.316113919,4.0,182124.49578380305,12.112445774976463
3337.0,1284050.90521565,205516.202310488,2.0,46592.0,10.749184131556358
3338.0,1284061.50169566,205201.366278172,3.0,386735.92886511807,12.86549738474853
3341.0,1284283.90540789,202187.480579078,3.0,427462.4674467706,12.965621768058556
3342.0,1284364.18022397,202255.803587154,3.0,637947.5853541637,13.366011404334753
3343.0,1284020.43155162,201865.052418754,3.0,46780.04297154624,10.753211958725739
3344.0,1280244.73893975,257186.418811396,4.0,406193.8193115662,12.914585712137637
3345.0,1280898.40434842,257167.214139387,4.0,407020.9721090551,12.91661999162066
3346.0,1279457.51845895,190404.646903023,3.0,588193.4646336111,13.284811194250798
3347.0,1279604.4643151,190048.10955865696,3.0,215573.23550246007,12.281055970712043
3354.0,1280238.76293975,256523.649786726,4.0,320007.075131894,12.67609838431866
3355.0,1280241.70847575,256854.982779056,4.0,823800.6505403554,13.621683850666198
3356.0,1282980.89030255,203874.908676818,4.0,737965.3975305308,13.51165221566839
3357.0,1282973.82835054,203598.107396528,3.0,82885.16914879365,11.325211424621722
3358.0,1286683.29037035,201170.72083404695,3.0,110290.5400702274,11.610873436107747
3359.0,1286939.24819461,201164.655554041,5.0,899786.7112662679,13.709913026738553
3361.0,1272094.31729941,222752.440088138,4.0,403530.4609875573,12.90800725575741
3362.0,1272087.6030594,222446.526999831,4.0,331852.4871616951,12.712445833383095
3363.0,1281680.09830122,214874.476240069,3.0,9599.139098574942,9.169428696202907
3368.0,1281585.35737313,226951.307356447,4.0,125137.83244047328,11.737171068325734
3370.0,1280023.79417153,206305.991687298,1.0,0.0,
3371.0,1280019.60850753,205984.869958967,3.0,108963.913423334,11.598772036884974
3374.0,1282026.97817358,203908.378372848,3.0,6920.766614012045,8.842281824847484
3375.0,1282335.5224939,203897.52275683,4.0,1102492.4664731238,13.913084053148838
3380.0,1280003.3601875,253905.11109603904,3.0,73931.10438319287,11.210888916667528
3381.0,1279848.15410735,246490.108208448,3.0,14227.483661358165,9.562930842092024
3382.0,1280127.10143563,246484.60068844297,3.0,6395.905875411764,8.763413357681046
3383.0,1281313.76831685,245014.774190933,3.0,137971.44919711305,11.834802052858686
3384.0,1281452.110589,245106.382319033,4.0,474361.59716166416,13.069725173055238
3387.0,1267321.14507052,243198.469421074,4.0,605613.9380630184,13.313997996136132
3388.0,1267660.09777486,243190.684333071,4.0,191927.37576357037,12.164872328223472
3390.0,1275889.3641513,251339.145717412,3.0,58851.542321283785,10.982773320013381
3391.0,1276184.43768759,251326.469557405,4.0,557031.4411236367,13.230376964576005
3393.0,1281472.67090902,206014.619911,3.0,1631.7241168642722,7.397392475195112
3396.0,1290695.92314246,180590.108076975,3.0,137702.82441768312,11.832853195891163
3397.0,1290672.08160643,180558.98481293,1.0,0.0,
3398.0,1264928.99594808,247447.375985429,3.0,67280.069925709,11.116619333970146
3399.0,1264505.31114763,247457.978993446,2.0,394.2318003552112,5.976939062076822
3400.0,1277065.85132051,236477.36906220004,3.0,100824.11747931495,11.521132866708616
3403.0,1269280.52497652,242311.707436174,3.0,66274.58930988165,11.1015618343803
3404.0,1269439.81636868,242307.355756164,4.0,223936.71475518495,12.319118767505566
3413.0,1282308.82015787,251212.327413291,4.0,226310.16584579932,12.329661752600291
3414.0,1282309.48716587,251881.563957974,3.0,164352.7615935683,12.00977038207604
3416.0,1277264.0293687,255283.504953459,3.0,954163.408909336,13.768590223927204
3417.0,1254968.35548986,253752.869943887,4.0,1325460.1643499658,14.09727025095894
3420.0,1275397.04491879,219267.068500578,2.0,91906.51169185678,11.428527162110596
3421.0,1275480.36037488,219307.059220612,3.0,679421.9482639427,13.428997639550285
3428.0,1276482.4977839,226558.858012035,4.0,152241.0550585017,11.9332204321779
3429.0,1276493.39019991,227056.831772551,4.0,387729.4954145685,12.868063198698097
3430.0,1263576.50391468,253249.174391374,4.0,341959.9023772152,12.74244876466
3431.0,1263582.0652587,253516.27589564,4.0,74121.78817429906,11.213464805503575
3436.0,1280748.33081228,225651.729947105,4.0,104115.53804549748,11.553256504228445
3438.0,1263501.49290662,244669.50059057804,3.0,25114.335079043307,10.13119408078065
3439.0,1263381.27069849,244671.861166582,3.0,10170.623210010604,9.227258766418856
3443.0,1273763.84018111,196521.163837284,3.0,142050.15272860622,11.863935462456737
3444.0,1274317.24888569,196504.124477267,1.0,0.0,
3447.0,1282436.720126,224397.255385831,3.0,113506.65893467877,11.639616783210641
3448.0,1282673.33907025,224390.629401818,3.0,1511803.920632853,14.228814145191032
3449.0,1278730.93426621,236429.335334152,3.0,19081.97568775792,9.856499487218008
3450.0,1278740.25477821,236726.582118452,3.0,32254.34846871784,10.381408149373643
3451.0,1278210.07141767,219118.832212418,3.0,100402.95219152833,11.516946890105558
3452.0,1278900.72722638,219096.380820394,2.0,19128.995687389102,9.858960561703785
3454.0,1277852.6407613,257256.897339478,3.0,952367.5933156384,13.766706366677884
3455.0,1277934.40402539,257254.454779476,4.0,889144.6691968524,13.69801523376144
3456.0,1277652.3402811,234109.117859766,3.0,428823.0664504236,12.968799680319977
3457.0,1273542.91870889,254331.979000479,4.0,87449.0503293217,11.378811620803125
3458.0,1274398.32286976,235169.178404853,2.0,4754.7557211593385,8.466900600612393
3461.0,1285657.7028493,246838.458544806,3.0,185550.109014738,12.131080254010737
3465.0,1278789.80549826,220681.75919002303,3.0,157530.69129460398,11.967375583626602
3466.0,1278782.88428226,220328.272405654,4.0,142363.72718990207,11.86614052072213
3470.0,1270718.719602,253004.13061511505,3.0,124039.41559547107,11.72835466178335
3471.0,1270963.90385824,253162.545335278,3.0,48726.62884430331,10.793980953151099
3472.0,1277856.16044131,213826.034062997,2.0,46591.99999999999,10.749184131556358
3473.0,1277853.7916733,213639.284430817,1.0,0.0,
3474.0,1279327.82149881,228301.178717822,4.0,233377.28690428383,12.360411680064502
3475.0,1279363.07570685,228726.470174253,4.0,208750.04224447047,12.248892845081802
3476.0,1265408.50910056,247036.75934501,3.0,29950.60134116863,10.307304681511267
3477.0,1258207.00682119,248580.807730585,4.0,586873.5313330345,13.282564626420612
3478.0,1258212.56682119,248846.150066867,4.0,542204.7799538518,13.20339903185781
3481.0,1281811.47500536,194619.852347329,4.0,716575.3817395838,13.48223872900608
3482.0,1282086.40198164,194613.926523328,3.0,438861.2480853595,12.991938578511805
3491.0,1282327.84735788,186455.850610971,3.0,93182.0,11.442309848973883
3492.0,1282317.06911787,186215.899378732,3.0,186350.0,12.135381904907405
3499.0,1284316.48671992,179777.958508134,1.0,0.0,
3502.0,1282459.07276602,228803.13571034404,3.0,37647.70314938601,10.536027226038746
3503.0,1282745.18444632,229207.328478754,3.0,168107.26222999726,12.032357520307658
3504.0,1286382.77459404,192618.607673287,3.0,226079.4416113948,12.328641728043554
3505.0,1286647.69958632,192611.00466527,4.0,200536.2762049588,12.208750438066174
3508.0,1280296.2959318,201970.587650865,4.0,429802.8887936249,12.971081984418833
3509.0,1280596.09228411,201965.691970855,4.0,271018.20029530505,12.509941257367995
3510.0,1283910.7132795,203582.908932507,4.0,67638.65722574903,11.121934951037659
3511.0,1284310.72953592,203576.599876508,1.0,0.0,
3512.0,1281211.61234875,193580.482042268,3.0,5323.427339508918,8.579872611654077
3513.0,1281197.77510072,192977.818873659,3.0,46855.69999999999,10.754827945153936
3514.0,1276249.36210366,256640.882810846,4.0,596006.5243746135,13.29800689292484
3515.0,1279420.67993091,246508.908656463,3.0,483195.8689965612,13.088177376304113
3516.0,1279424.85573891,246780.895984754,3.0,300543.0928187082,12.613346426398891
3517.0,1268207.82340743,244105.487982005,4.0,249238.85658227516,12.426166979030379
3518.0,1276211.69323963,234147.90256381,3.0,108471.53125419958,11.59424303277983
3519.0,1274257.87333362,247417.367793396,3.0,50812.96678940594,10.835906852755345
3522.0,1271730.43448304,220907.291222259,5.0,962774.6405547714,13.777574645278248
3523.0,1281075.5358686,207944.288008973,4.0,1372429.5466878477,14.132093118944713
3525.0,1274335.16318971,207588.59053660897,3.0,78917.57529204969,11.276159236046347
3526.0,1274328.12184569,207311.580936328,3.0,34278.66942851637,10.442278557154328
3530.0,1282992.98707058,228650.083486184,3.0,385190.7185023085,12.861493863346624
3531.0,1283034.30489461,229138.401438683,3.0,415316.3312606255,12.936795752853925
3532.0,1273463.6783888,248505.108402506,3.0,635753.0645970007,13.36256550371632
3533.0,1273469.76958881,248765.363506779,4.0,796689.2089309393,13.58821993056848
3535.0,1283414.289087,178609.74295493998,3.0,256919.73450203097,12.45651899798349
3536.0,1283398.81203099,177847.174634159,4.0,182271.2296820577,12.11325112968252
3537.0,1276701.02655213,217872.293075144,4.0,500893.0783480996,13.124147940819608
3538.0,1276780.32101621,217570.784786835,3.0,364762.425194624,12.807001530766106
3541.0,1277111.94994454,214883.23995208705,3.0,24951.32060124411,10.12468202968851
3542.0,1277120.24754456,214740.578191936,3.0,40382.35509802075,10.60614821354451
3544.0,1288522.44717222,181975.54231838897,3.0,145717.31576942842,11.889423830485015
3545.0,1254860.40880176,248654.756722659,4.0,799498.3439663374,13.591739739917337
3546.0,1254671.40560156,248471.340466484,3.0,916325.1524399912,13.728126550582008
3547.0,1269800.73227306,204640.897605598,4.0,153893.67521464205,11.944017222261502
3548.0,1282833.50547041,250540.403252602,4.0,338441.1587807976,12.732105526920998
3549.0,1283164.20787074,250534.170292586,4.0,263114.15937234013,12.48034328303501
3556.0,1270832.98315412,249145.917171165,3.0,47378.84459715055,10.765931091538496
3557.0,1279351.36249083,216064.75995329,3.0,88104.67398707445,11.386280863718753
3559.0,1282391.86751795,207740.262152776,2.0,37218.77189887111,10.524568533920304
3560.0,1283066.21689464,207725.092872754,3.0,73776.26370279984,11.208792328811166
3561.0,1274337.59198971,215468.80116868,1.0,0.0,
3562.0,1279496.21785098,198675.877375484,2.0,1033.3148152343626,6.94052718090361
3563.0,1280266.44498777,198645.413887456,2.0,47585.31481523438,10.770279480334814
3565.0,1275829.96370323,223339.795224741,3.0,18279.34500299197,9.81352701302001
3566.0,1275836.55288725,223646.133529052,4.0,296896.20739163284,12.601137886644102
3567.0,1265377.11121254,245768.318639711,4.0,358512.3874718582,12.789718492042306
3574.0,1292027.54055183,188493.83838905403,3.0,4159.78405795375,8.333218442762249
3575.0,1292123.44026391,188200.317940757,3.0,40496.000812644605,10.608958502852186
3578.0,1269055.33419229,178520.579754844,4.0,105271.46291928868,11.564297653978759
3579.0,1268726.80331196,178523.465258852,3.0,18957.682548178265,9.849964539866894
3582.0,1282079.97151764,224730.650394171,3.0,76624.06892327522,11.246666522081819
3583.0,1282063.55161361,225128.124698579,3.0,275063.646868336,12.524757793027458
3584.0,1271823.35454713,250149.188148201,3.0,21335.93317389512,9.96814793377479
3589.0,1283002.60223858,204691.816453651,4.0,1286434.1198450325,14.067384700566471
3590.0,1283667.63110326,204674.728261635,4.0,1231702.0973823236,14.023907589763494
3591.0,1292328.47988012,185299.871025786,2.0,1074788.703488918,13.887634645330426
3593.0,1266832.72049402,250591.734836653,4.0,523399.23408218863,13.168099805726307
3598.0,1277512.83500096,237289.114471033,4.0,136225.0967713719,11.822063919829993
3599.0,1277938.61298539,237278.521639019,4.0,567105.0132968146,13.248299774197244
3600.0,1280197.82405971,216043.301649272,3.0,35983.33567040732,10.490811212223633
3601.0,1284155.73215976,250515.680820569,4.0,466839.81069000857,13.05374146001256
3608.0,1286164.95513782,177625.924393937,2.0,1393.047619047619,7.23924915772361
3611.0,1292133.76634392,182675.283695102,3.0,65498.88497087809,11.089788398133072
3612.0,1278873.37394635,256894.665147096,4.0,1672724.5964704803,14.329964349843438
3613.0,1279557.56057104,256874.852539077,4.0,1213130.0458557531,14.008714392283267
3614.0,1280445.29631595,230907.70921649,4.0,45480.51249251069,10.725039216325845
3615.0,1280003.67020351,253574.143223703,1.0,0.0,
3616.0,1266370.43831755,242471.499116331,3.0,49896.7671405459,10.81771149287825
3617.0,1266512.08433369,242467.296684325,2.0,69281.02808977205,11.145926382759178
3622.0,1278850.20204233,212653.237517804,3.0,93182.0,11.442309848973883
3623.0,1278965.12146644,212649.75034979,3.0,186350.0,12.135381904907405
3624.0,1282039.1930856,213488.374990657,3.0,43224.93519803063,10.67417281137236
3625.0,1282176.88076574,213551.945742726,3.0,8469.895692116866,9.044273472589971
3628.0,1278375.80012184,254073.59858422,4.0,59786.20918254601,10.99853029766635
3629.0,1278300.92786576,254331.089208484,3.0,34292.59188623599,10.442684629833874
3630.0,1276581.739704,213258.804878414,4.0,490418.72241132543,13.103014840712508
3631.0,1273261.45304461,200852.289345711,4.0,114255.36586483756,11.646191273647785
3632.0,1267618.54705483,257863.91942009295,3.0,33734.04551780774,10.42626285913251
3633.0,1267622.56734283,258208.915772453,4.0,121018.71276365334,11.703700463560939
3635.0,1279241.07333873,202338.594819233,4.0,306143.3980303803,12.631808892180297
3636.0,1281499.42278104,192973.922233641,5.0,233962.44213231455,12.362915877749682
3637.0,1281486.95730902,192434.161529094,3.0,226507.5864820666,12.330533717746361
3638.0,1275997.50930341,232838.980642468,2.0,12018.68014292706,9.394217396979236
3639.0,1276031.96395944,233535.861795187,4.0,133372.91928458866,11.800904387991935
3642.0,1275194.63032658,232742.357474372,4.0,251227.9422973616,12.434115942650195
3643.0,1275692.68703109,232727.63574636,3.0,84662.82586062736,11.346431892452735
3644.0,1283594.94943918,201219.477250099,4.0,199703.23518732568,12.204587719509668
3645.0,1283591.74604718,200894.94348976,3.0,40985.29408858434,10.620968600578877
3649.0,1279983.84249149,249270.663347289,4.0,709680.1860301307,13.472569705326848
3650.0,1280243.80095576,249266.484851286,4.0,451893.5256035195,13.021201868241016
3655.0,1277132.64575256,176795.822057083,3.0,328434.10862354183,12.70209151421069
3656.0,1277778.41714522,176785.026153073,1.0,0.0,
3660.0,1276130.40664755,225713.401691169,4.0,223916.820303203,12.319029923942045
3661.0,1276452.33810388,225705.164187163,4.0,691893.8552667428,13.447187834491753
3662.0,1285880.88844952,209510.378378585,4.0,52736.41194315895,10.873061424660794
3663.0,1286257.36473791,209506.797002584,3.0,695325.3306577612,13.452135116687366
3664.0,1271191.05861048,198681.394431487,4.0,275708.95737743314,12.527101086064937
3665.0,1271692.51461099,198665.97286348,3.0,62424.54145157226,11.041713769531444
3669.0,1276650.54962407,212878.526478037,4.0,124299.54265723804,11.730449598145597
3670.0,1276800.81970423,212875.08583802,2.0,64872.18321452063,11.080174200866931
3671.0,1273820.89976518,223383.014616787,4.0,138383.25380060627,11.837782316294259
3672.0,1273823.52805318,223532.632792935,1.0,0.0,
3675.0,1268029.66366325,244629.673582539,4.0,103250.26872323344,11.54491111346622
3676.0,1264892.08759603,243133.15166100895,3.0,83620.78686141617,11.334047414832991
3678.0,1263749.05969086,251623.746549711,4.0,52690.974586223245,10.87219945963928
3679.0,1263758.84938687,252049.849398136,4.0,47335.6534707751,10.765019063702201
3680.0,1267024.07415822,243932.198637828,4.0,265272.9510636486,12.488514578891959
3681.0,1279239.15269873,250274.409652323,1.0,0.0,
3682.0,1279239.80722673,250605.977908671,4.0,386435.39320552966,12.864719974448521
3685.0,1271344.91454664,225178.129178628,4.0,309362.1582818586,12.642267902859695
3686.0,1271191.60222648,225443.078426898,4.0,643446.0203671844,13.374593418066542
3695.0,1292626.67386444,187287.355891824,4.0,353565.4941312596,12.775824020513532
3696.0,1283561.79270315,255268.04338543105,3.0,921706.9054751438,13.733982562060822
3697.0,1283650.79974324,255524.32927370103,3.0,86569.37358092562,11.368701378200338
3698.0,1272530.99192385,253018.738487139,2.0,7561.841845380206,8.930870069841824
3699.0,1272532.32331586,253171.952439293,2.0,52159.78219814841,10.86206702094282
3700.0,1271009.2577783,213110.462990269,4.0,29381.673819745614,10.288126419505524
3701.0,1271239.26385853,213105.740878269,4.0,73441.91220025544,11.204250062540577
3703.0,1262823.90340191,249677.684467718,3.0,472784.98057340586,13.066395977592723
3704.0,1278334.4005698,210706.433995813,2.0,26576.435211916552,10.187780207844687
3705.0,1278406.70821787,209899.89761097697,3.0,209095.08524302047,12.250544380802953
3708.0,1265395.47210854,246552.64676851,4.0,514136.34013371775,13.150243762442337
3709.0,1271686.98245099,236396.674342111,3.0,61025.10211150577,11.019040568533104
3710.0,1271864.44830717,236393.157286108,4.0,131787.34468254112,11.788944877339816
3711.0,1264996.87377214,259595.272253871,4.0,340010.7227443357,12.73673243357839
3714.0,1277787.15461724,255931.430202112,4.0,1147466.586137255,13.95306710165824
3715.0,1277243.78533669,251979.005366072,4.0,309932.3833357223,12.644109434398215
3716.0,1277247.14591269,252633.549622744,4.0,752501.0565895615,13.531157679709912
3717.0,1264348.22289148,246318.266992271,4.0,682820.9469384388,13.43398794743192
3718.0,1264062.04330719,246311.148592263,4.0,583303.2498188661,13.276462484162632
3719.0,1279908.9443794,219424.253844738,4.0,565048.2779409759,13.244666454161276
3720.0,1274146.53003751,235499.147877201,4.0,884137.4863466369,13.69236785706807
3721.0,1274406.29624577,235496.094757184,4.0,769466.4172290816,13.553452588981338
3725.0,1274559.83435793,252520.836278617,3.0,427592.7577474114,12.965926521009735
3726.0,1274590.39794196,252712.949430823,4.0,130704.16382413857,11.780691756978914
3730.0,1284284.5793279,182898.862319335,3.0,24478.839289914584,10.105564320874482
3735.0,1282807.71219037,180690.735853076,2.0,82751.85570154025,11.32360171838412
3736.0,1283002.64684658,180527.199788898,3.0,263414.15582054213,12.481482809522031
3737.0,1273545.18514089,254596.707128748,4.0,71300.92887916054,11.17466463407574
3738.0,1259419.31671043,250409.58757245503,3.0,84226.70970554424,11.341267367333128
3739.0,1259430.11690244,251037.119797111,3.0,85969.2333695929,11.361744759710943
3740.0,1285261.68992089,209519.747402593,4.0,300445.2601988482,12.613020853963974
3741.0,1285571.48326521,209515.406858593,4.0,156768.12146149616,11.96252305922301
3742.0,1266004.89111717,242307.13950017103,3.0,74286.7526896788,11.215687919919505
3743.0,1266007.75070117,242480.597164348,4.0,469674.7978782923,13.059795814791642
3752.0,1271485.67448278,241398.093099236,4.0,70708.06072649856,11.166314858490312
3753.0,1271614.78315492,241394.434347227,3.0,9092.939216328756,9.115253481037207
3759.0,1270399.93547367,180473.775660843,4.0,972954.9363496916,13.788093045963741
3760.0,1270722.989298,180469.400044844,4.0,805146.6079743151,13.598779661525779
3767.0,1284609.09996822,201860.399874747,4.0,683815.8028889318,13.435443866316511
3768.0,1284694.30944031,201859.951362744,3.0,759199.9230529023,13.540020424924982
3769.0,1274142.87422951,223375.865048781,3.0,70200.34458046184,11.159108498555444
3770.0,1274468.18949383,223368.697112769,4.0,783845.0670946271,13.571966661301685
3771.0,1281722.71794927,207167.584776178,3.0,818615.3310265052,13.615369571214083
3772.0,1281895.08473344,207163.45978418,4.0,1237678.4822633695,14.028747991116722
3773.0,1282183.53887774,224581.124122009,3.0,88207.81723741093,11.387450868877051
3774.0,1282465.08358203,224735.306202173,4.0,150079.61624535604,11.918921207236224
3778.0,1274220.41310959,228385.005277917,4.0,411025.6304844201,12.92641085280995
3779.0,1274542.38750991,228382.364573911,4.0,379773.52797782834,12.847330375030772
3780.0,1278139.5945536,230584.764320165,3.0,6954.029378888405,8.847076537305561
3781.0,1278457.97612192,230576.599008158,3.0,58897.50475494256,10.983554004649639
3782.0,1281719.36006126,224424.450585857,1.0,0.0,
3783.0,1264150.06609127,247210.736369193,1.0,0.0,
3784.0,1264246.39530738,247413.689009398,3.0,61143.68878368128,11.020981927018383
3785.0,1266073.89790124,249247.424499273,4.0,73678.50372505459,11.207466362973996
3789.0,1256627.27177957,256574.747770771,2.0,355.2149557356989,5.872723115343384
3790.0,1280723.86662024,210555.522571653,3.0,98990.88868290086,11.502783091375331
3791.0,1280852.70854038,210202.421899289,4.0,106897.33648769028,11.57962418077841
3795.0,1292154.41952795,181741.212462142,3.0,5986.1102838000525,8.697197111864725
3796.0,1292790.85069661,181700.352622107,3.0,57201.82552806926,10.954341091685007
3797.0,1269260.9115365,172948.786149144,3.0,183844.4927540252,12.121845531176188
3799.0,1267956.95812717,173281.127973482,4.0,49849.80403530187,10.816769844295033
3800.0,1267300.06308649,173285.975397483,4.0,55152.46222709882,10.91785666968865
3805.0,1270058.59102532,245670.446127608,4.0,305736.90641815995,12.630480228161975
3808.0,1266819.00075001,241775.055915624,4.0,62004.97847916558,11.034969958854571
3809.0,1266982.13521418,241771.47261962295,7.0,572772.6609261853,13.258244164659532
3810.0,1269478.13323273,243644.99050954,3.0,128571.76426634616,11.764242504208196
3813.0,1273896.93310925,226842.522460327,4.0,10571.105119622804,9.265879625870465
3814.0,1274153.44504552,226839.424412325,3.0,1047.1766262931988,6.953852894152931
3824.0,1273896.36126925,190958.284855589,4.0,467523.4269114127,13.055204737495817
3831.0,1267601.60382281,256094.570938289,4.0,92659.05257176928,11.436681934137114
3832.0,1268261.46372749,256078.652346268,3.0,127908.35348727377,11.759069298078986
3838.0,1283149.65017472,248545.090610549,3.0,330603.4645540848,12.708674943909083
3839.0,1283480.29715107,248538.847858548,4.0,552922.4250893026,13.222972990536451
3842.0,1284307.29747191,207815.343368843,4.0,1199972.8268963671,13.997809470248816
3843.0,1284617.04550423,207811.210184842,4.0,542802.6540063249,13.204501096404599
3848.0,1285619.74035326,201196.227330074,4.0,507811.9248445386,13.13786643132582
3849.0,1280609.59686013,204409.346245363,4.0,522056.827236943,13.165531725378061
3850.0,1280587.2868441,204187.328325137,3.0,56973.98090580336,10.950349967263321
3851.0,1279149.35173863,223856.700697273,4.0,151919.80991528553,11.931108094269518
3852.0,1279163.92159465,224551.050009981,4.0,101085.18402884364,11.523718846582394
3853.0,1273374.49157272,241398.162987232,3.0,78845.45539572122,11.275244954658142
3854.0,1260427.48035946,261043.751679346,4.0,70658.26342826302,11.165610344164245
3855.0,1260419.42365545,261824.862272158,2.0,342.014440444624,5.834852959693509
3856.0,1265626.93982078,172002.107236177,4.0,1587506.6187915,14.277675179057773
3862.0,1265332.25073248,174603.148646832,4.0,238704.90557103007,12.38298336331403
3863.0,1268606.83537583,172952.461605147,4.0,141695.88371942917,11.861438375993808
3864.0,1274282.77022965,198853.514495671,4.0,1210915.1934548384,14.006886989905329
3865.0,1274386.08760576,198854.055167675,3.0,1394580.882576821,14.148104485498424
3866.0,1278188.59775364,200760.781697616,3.0,602127.1439049302,13.308223904490735
3867.0,1278472.98168994,200753.336129621,3.0,437619.4107747325,12.98910488645243
3875.0,1273545.15986089,232865.573794499,4.0,62288.15873944196,11.03952661832249
3876.0,1273805.13733315,232861.470434487,4.0,531403.6490109538,13.183277179071917
3877.0,1280325.12165983,203961.174532905,4.0,261462.60751679767,12.474046559975163
3878.0,1280312.86578782,203293.627332211,4.0,423718.382825798,12.956824322092647
3879.0,1285641.69107328,205966.741382957,3.0,17114.94945451159,9.747707597674012
3880.0,1285732.80608137,205962.927110955,4.0,21494.343335572543,9.975545078827656
3882.0,1265256.73284441,209880.104970962,3.0,284942.8964648248,12.560044075894067
3883.0,1275518.78059891,217391.475474656,4.0,97955.77317942966,11.492271361701432
3884.0,1275512.50239091,217088.75003434703,3.0,14155.241021159522,9.557840224681824
3885.0,1262780.85360987,248481.005490482,4.0,395465.3130914192,12.887818358402845
3886.0,1262183.75242525,248494.289202496,4.0,314225.5912441763,12.657866450386228
3887.0,1273515.99486886,224767.272730201,3.0,5285.351494826106,8.572694404101503
3888.0,1273354.01387669,224944.922266394,4.0,536522.9028888332,13.192864529589686
3892.0,1273008.21931635,226162.662939638,3.0,361881.91138668207,12.799073225950318
3893.0,1272852.24357219,226426.131291911,4.0,352037.9893416263,12.771494373022813
3896.0,1271762.11121906,211201.896268308,3.0,202980.61888381225,12.220865779987284
3897.0,1271763.90584306,211102.134028211,3.0,111273.10509722664,11.619742864731885
3898.0,1294717.39604257,183877.464368328,1.0,0.0,
3899.0,1295087.53242695,183864.764912322,4.0,121445.67014764372,11.707222282478565
3900.0,1259764.61751078,255050.756729215,4.0,243138.887559354,12.401388112790254
3901.0,1259776.5121668,255733.015865907,4.0,170773.47618688346,12.048093256631729
3902.0,1278273.80818574,174118.923558339,1.0,0.0,
3906.0,1266994.59319818,242285.041772142,4.0,426865.431088814,12.964224092865757
3907.0,1276194.70866361,253315.287159443,4.0,636695.5468967439,13.364046871943819
3908.0,1276460.13042387,253312.00434343505,3.0,55246.68753951345,10.919563663546729
3909.0,1278019.98655348,249606.280435637,4.0,122561.87707013843,11.716371300377196
3910.0,1278169.29202563,249603.28145963,4.0,81465.73054955648,11.307937726746223
3911.0,1272553.31307589,244395.259694308,4.0,193628.51714523183,12.17369674228102
3912.0,1272565.3888519,244807.912750721,4.0,305377.2654019558,12.629303226958905
3913.0,1264154.85745127,260017.998782307,1.0,0.0,
3914.0,1264096.62724322,259976.027390257,3.0,93182.0,11.442309848973883
3917.0,1275658.12677506,213276.874126434,3.0,26489.757633263976,10.184513432857102
3918.0,1275759.12357517,213274.83803044297,3.0,4177.4528826995775,8.337456981578791
3919.0,1274178.66053355,236823.604582548,4.0,252517.7112974149,12.439236668989732
3920.0,1274438.7135258,236819.713510543,4.0,207982.38513376945,12.245208668240442
3921.0,1256369.4264673,258323.482172564,3.0,151760.61549855233,11.930059660337047
3922.0,1255739.53206666,258336.126524583,1.0,0.0,
3923.0,1269326.83985658,212893.696078047,3.0,230130.49615437345,12.346401801593462
3924.0,1269736.60971299,212885.54023803803,3.0,398973.507222595,12.896650295729202
3925.0,1262380.40688947,255005.207609162,3.0,291881.5335580527,12.5841032919361
3926.0,1262129.9746972,255008.998329177,4.0,569002.5772661222,13.251640242564154
3930.0,1267249.32369445,240829.056554645,4.0,642279.5097084859,13.372778861302313
3931.0,1272573.4026119,256414.63199460495,3.0,56983.40911589224,10.950515436305892
3932.0,1272577.3422599,256747.17823495,4.0,178879.21974720358,12.094466107061024
3935.0,1270981.96190627,223896.843033314,4.0,862528.119796358,13.66762303001864
3938.0,1270589.45476986,240884.222122714,4.0,1035346.47005313,13.850246682338618
3939.0,1270604.25297788,241423.07076326,4.0,804933.0918840258,13.598514437274384
3940.0,1287685.96883537,183396.009967834,3.0,139768.0,11.84773918415428
3941.0,1273759.81330112,235503.715813205,2.0,1278819.8730969715,14.06144823647323
3944.0,1272920.54853225,227975.519581497,4.0,814402.6027827498,13.610210120724602
3945.0,1273237.52856457,227967.536669478,4.0,746821.6697443784,13.523581707026233
3947.0,1271463.73784277,201965.40064285704,3.0,104887.07793388364,11.560639602181514
3949.0,1272199.60939552,231292.909600884,4.0,80871.59299049841,11.300617904059562
3950.0,1262769.16567385,247948.780785948,4.0,1205467.4947438082,14.002378012111917
3951.0,1275686.16472709,220147.799637482,4.0,63880.04941547383,11.064762375895867
3952.0,1275992.03979939,220300.452885628,3.0,20833.22351531231,9.944304275777482
3953.0,1284333.32627194,204657.615109608,4.0,1064832.913782037,13.87832845634981
3954.0,1284640.61958426,204650.4537016,4.0,853181.7678161414,13.656727896171615
3959.0,1272060.55621137,221222.745686576,3.0,23126.380684048803,10.048729265854503
3960.0,1272382.49745971,221215.802134573,4.0,34798.12386528982,10.457318752392307
3961.0,1273594.12696494,231259.813536853,4.0,161612.7958369191,11.992958604093543
3962.0,1273853.82789321,231254.174112841,4.0,121100.86952930612,11.704379109773921
3963.0,1265660.86622082,247526.58904151604,3.0,32903.1220805416,10.40132282831621
3964.0,1284217.42918383,197624.233150408,3.0,306068.5676386543,12.631564433083465
3965.0,1284876.10534449,197611.169214398,4.0,1105183.9715923038,13.915522369204828
3966.0,1268974.33105621,244084.76394999,4.0,97135.48914971194,11.483862078232189
3967.0,1268982.46161622,244370.927406281,3.0,87597.00981455439,11.380502141804836
3969.0,1277344.29791279,213243.913870409,4.0,214631.0943998353,12.276675993369537
3970.0,1277331.24216877,212865.065870017,4.0,47583.41099711668,10.770239471012388
3972.0,1274069.35006943,238626.9828244,4.0,604357.5563337031,13.311921282450445
3975.0,1280446.05253996,222875.580632269,4.0,962453.350230718,13.77724087667674
3976.0,1280439.74450795,223439.057176843,4.0,971817.8198651138,13.78692363775342
3977.0,1278185.19154565,253277.273783401,4.0,131753.43877030406,11.788687566786361
3978.0,1278435.5926339,253641.969207779,3.0,7765.252672732528,8.95741427500605
3979.0,1281440.84646098,229960.198367521,1.0,0.0,
3980.0,1281464.256189,230029.063007593,3.0,169180.11602288182,12.038719201653265
3981.0,1284700.63750432,251948.385014042,2.0,15383.138685512293,9.641027298020038
3982.0,1284715.31008033,252487.325174585,3.0,138627.61165033927,11.839546564153034
3986.0,1283795.89593539,241767.28298761,3.0,199876.08555686317,12.205452881300308
3987.0,1284020.44633561,241952.691755801,3.0,139096.01221892133,11.842919709052861
3989.0,1281549.25574109,220082.519637406,3.0,595355.2286675234,13.296913529351082
3993.0,1280179.40677969,252578.021558687,4.0,576099.9986089689,13.264036533305909
3994.0,1280178.85324369,253239.844727367,4.0,571028.4711586051,13.255194349319085
3995.0,1280712.75999624,251242.359861314,3.0,47754.90212839664,10.773837003014254
3996.0,1280844.75846037,251239.921205312,3.0,48211.61305751176,10.783355205821712
3997.0,1273743.9146771,195879.190396622,4.0,153485.2765740901,11.941359923324852
3999.0,1273038.02962038,229665.227807224,3.0,13560.80453913683,9.514938891529077
4000.0,1273041.64050038,230099.769247666,4.0,590534.3991082584,13.288783167128193
4001.0,1282318.57145388,201243.842370123,3.0,460860.5994945412,13.040850889036976
4002.0,1282476.45823804,201239.498562112,3.0,411726.32381416735,12.92811414502455
4006.0,1280634.14406015,199787.313152626,3.0,1062969.2627218938,13.876576741310437
4007.0,1280630.66303615,199303.025408134,4.0,388921.0388026709,12.871131616913216
4008.0,1282294.24799785,246572.223536536,4.0,204600.957210224,12.228816810935562
4009.0,1282303.02681386,247234.004017204,4.0,378993.75213285605,12.8452749987911
4012.0,1262053.61360912,251653.86098173296,3.0,157483.83078315336,11.967078070283488
4013.0,1262066.23332115,252344.04331845,4.0,395129.4339051808,12.886968670980249
4016.0,1274596.70693398,236371.838758081,4.0,421879.8710780825,12.952475886801432
4017.0,1274608.39128599,236817.197414547,3.0,70477.85433277395,11.163053816514038
4020.0,1266326.11524551,178741.569131076,2.0,1388.2712818421048,7.235814569982319
4021.0,1266018.44426918,178260.334570587,3.0,56886.75297276166,10.948817780579905
4028.0,1266852.98916604,251579.056373656,4.0,258038.7618666502,12.460865092412105
4029.0,1276988.27071242,248057.062770054,4.0,24980.802798685057,10.125862920820694
4030.0,1276991.29432842,248278.711602286,3.0,40311.81457498284,10.604399870602457
4031.0,1280391.6726999,197606.897534385,4.0,88816.29604266725,11.394325426137629
4032.0,1280890.79871641,197593.263102382,4.0,528560.9154166185,13.177913338608992
4033.0,1272186.64485151,230452.890912026,4.0,424889.0208810586,12.959583286468188
4034.0,1269575.38692883,247008.427376986,4.0,1222909.4405541718,14.016743364956456
4035.0,1276745.71576817,255630.697529808,3.0,34422.385179361474,10.446462363685438
4036.0,1272409.43147573,222439.548375815,3.0,70325.90123966677,11.160895448628473
4037.0,1272402.78616372,222133.47976750092,4.0,74686.65152080523,11.221056660652545
4038.0,1279992.35922749,201978.90918687,3.0,122745.35162899924,11.717867176336876
4039.0,1280030.82597953,201976.883906871,3.0,9152.630193704495,9.121796569826788
4040.0,1274149.38110951,248744.582706764,4.0,366760.1954629264,12.812463495108744
4044.0,1284164.25996777,256115.521658301,2.0,55319.34913895226,10.920878020325395
4045.0,1284168.10547177,256406.28620261,3.0,79247.10744167073,11.280326191914687
4046.0,1277678.22636113,222936.183832332,4.0,267112.3007574331,12.495424451041888
4047.0,1259095.86167009,260025.760574311,3.0,83471.92137944221,11.332265583382323
4048.0,1259283.41866229,260200.55123049,3.0,207374.32683497496,12.242280781363185
4054.0,1284251.48819186,199911.047168747,4.0,235391.082848852,12.369003592244818
4057.0,1263258.35428236,245564.047727495,4.0,362239.6651119101,12.800061330064175
4058.0,1263264.13841036,245831.301103771,4.0,612991.3934507156,13.326106174772013
4059.0,1266975.48663817,229310.134046853,5.0,256816.9924250201,12.456119018488176
4060.0,1278188.55116165,206311.30439131,4.0,64832.19735622391,11.079557631721194
4061.0,1278179.57215364,206014.107143,1.0,0.0,
4062.0,1256198.62627514,248358.584114358,4.0,224942.1541499607,12.32359855546573
4063.0,1256204.80509114,248624.551730633,4.0,722600.375472379,13.490611617308577
4066.0,1278754.08805823,173778.102373987,3.0,54341.80202598681,10.903049044483984
4067.0,1278998.96421848,173774.534437984,3.0,207860.58544305275,12.244622871664246
4070.0,1270965.83000225,171871.83882004,2.0,139764.0,11.847710564890653
4071.0,1271164.30699445,171899.426020071,3.0,93182.0,11.442309848973883
4079.0,1281997.56191754,214902.850512102,3.0,173371.29684713666,12.063190798180004
4080.0,1270747.42597003,246720.610672683,4.0,1602167.3827731595,14.286867884781095
4081.0,1258857.24957386,248832.496562853,4.0,501672.53357522096,13.125702862262948
4082.0,1274854.72319023,218728.904212028,4.0,305341.4088371396,12.629185802794982
4083.0,1275107.6793505,218724.134228021,4.0,598363.2784716622,13.301953337569019
4086.0,1282202.84857376,245406.273071334,4.0,9121.47464858689,9.118386763921325
4087.0,1282345.78630191,245387.464751318,3.0,28972.400003651703,10.274098931779747
4090.0,1267981.9465432,243182.565613061,4.0,228940.27982014327,12.341216461713982
4091.0,1268250.38891147,243175.971117049,4.0,377861.0307781908,12.842281763560365
4097.0,1277255.24984869,205634.558662608,3.0,110732.07802297975,11.614868851092238
4098.0,1277284.00146472,205496.39162246895,3.0,26642.470925344784,10.190261872805966
4099.0,1284852.55321647,197224.355005994,4.0,1242678.7802502282,14.032779914127438
4100.0,1266811.38097399,241470.872491315,1.0,0.0,
4103.0,1277825.78904928,254332.827064484,3.0,62363.258442374405,11.040731573929364
4107.0,1281888.75929344,227793.596701309,4.0,151766.95115022222,11.930101407132836
4108.0,1281906.23071745,228263.431389779,3.0,59780.28928830237,10.998431275041716
4114.0,1283870.65331146,192677.093753338,3.0,511050.1503948956,13.144223006043248
4122.0,1275652.08869505,218713.803540006,4.0,504292.08884264575,13.130910920538726
4123.0,1275918.32965532,218708.320276007,4.0,143339.80361532714,11.872973339485071
4124.0,1274223.43045358,251395.940917477,5.0,1650908.094022547,14.3168360544979
4125.0,1274264.15250163,251649.890869737,3.0,38657.106936011616,10.562485916439433
4126.0,1266883.67876607,252926.621239036,4.0,1725528.5739908265,14.361043981215495
4128.0,1271870.56939518,230457.781664029,3.0,230813.3167570217,12.349364510205595
4129.0,1271877.10315518,230877.75849646295,3.0,146250.3797715538,11.893075361819305
4130.0,1281871.71833342,227371.113948867,4.0,275144.5027846706,12.525051703312021
4131.0,1279172.75685866,247298.518001273,4.0,1124939.9483904648,13.933240212987462
4132.0,1279180.95794666,247832.228529826,4.0,142900.74527348415,11.869905579254143
4133.0,1277849.3195453,251959.040822044,3.0,85838.00989658682,11.360217193165687
4134.0,1277851.2391613,252622.10936673,4.0,1094443.4847855093,13.90575655896594
4135.0,1276160.26155958,226566.406876042,4.0,61817.11175388302,11.031935494340445
4136.0,1276171.04370359,227064.236316562,3.0,309494.0493732192,12.64269414434108
4137.0,1277705.72204116,224941.252698377,3.0,7946.951380029718,8.980543659893241
4138.0,1277726.71839318,225248.947610691,4.0,168204.94676167128,12.032938436086566
4142.0,1279202.85881069,236714.199910432,3.0,56115.47648578215,10.935166926651625
4143.0,1295329.54605921,186488.921779007,1.0,0.0,
4144.0,1258818.05642182,168287.632032365,3.0,48623.0735435503,10.79185346149427
4145.0,1258197.24694918,168342.846176431,3.0,72945.47057171393,11.197467462533428
4146.0,1285305.55334494,193846.163962543,1.0,0.0,
4147.0,1285462.6616331,193841.602298543,3.0,156407.36368283897,11.9602191883561
4150.0,1276293.9125677,230822.741536409,2.0,19577.648482407767,9.882143810935894
4151.0,1274217.82322158,245748.555247694,2.0,9503.331383292414,9.15939768804312
4152.0,1274503.73010187,245740.08574368095,3.0,4185.840373064317,8.339462768753835
4155.0,1282474.33951804,213044.79483020297,3.0,99701.46537055766,11.509935653640891
4158.0,1284643.23641627,242044.171883896,3.0,116614.51889408962,11.66662906396394
4159.0,1285023.46035264,242035.993771881,1.0,0.0,
4162.0,1275366.91634277,230079.475999638,3.0,73660.15654516322,11.207217315236592
4163.0,1275611.36536701,230077.342815638,3.0,10698.045820345302,9.27781637015786
4164.0,1257360.57475632,255198.714809373,4.0,1270940.910911038,14.055268058855669
4165.0,1257096.56938004,255203.801401377,4.0,1461961.5002199872,14.195289585306265
4166.0,1274486.06546186,224284.27004170403,3.0,11406.052994946258,9.3418994579398
4169.0,1281778.37202932,208689.302921742,3.0,139361.900877298,11.844829432042802
4170.0,1282049.31410961,208682.745801732,4.0,251130.54722103768,12.433728191354751
4173.0,1272436.12337975,196220.329788968,4.0,356155.9791838068,12.78312405765195
4174.0,1273086.23787643,196204.884924963,4.0,195278.1806433544,12.182180388367124
4175.0,1286097.20889774,248483.068466485,4.0,1615849.2436832914,14.29537122391147
4176.0,1286279.54252994,248478.924786478,1.0,0.0,
4179.0,1278731.59372221,217010.19272226104,3.0,10762.94230046103,9.283864244333923
4180.0,1278949.21298642,217005.654674262,3.0,375903.0747530201,12.837086609228898
4181.0,1285669.99417731,203830.564548761,4.0,436381.36632436543,12.98627183341433
4182.0,1286323.43347397,203816.86054875,5.0,456225.90789698553,13.030743377875279
4183.0,1277551.329017,212086.072653219,3.0,120883.8102853485,11.702585117672113
4184.0,1277962.80652142,212078.94503721604,3.0,134494.30121816462,11.809277107001222
4185.0,1279207.38930669,198815.170111626,3.0,230509.3777131167,12.348046824813025
4186.0,1279600.9807311,198872.156863689,1.0,0.0,
4187.0,1279404.15865089,229657.41583921,4.0,284273.59135463263,12.557692403259937
4188.0,1279412.4535629,230083.556703642,4.0,198052.86179701693,12.196289252816994
4189.0,1271991.9428353,205157.058630124,4.0,463353.5554641017,13.046245660372906
4190.0,1272357.78526768,205146.286982119,4.0,742406.3529197931,13.517652017690942
4193.0,1283848.36499144,253822.764791951,4.0,365205.0191644096,12.808214171213134
4194.0,1277506.48165695,237023.166502759,4.0,85062.96800658411,11.351147061292973
4199.0,1277041.26604047,223314.725080714,4.0,228279.28889676905,12.33832510959747
4200.0,1277046.98418447,223620.778265029,4.0,175046.2336161369,12.072805410105277
4201.0,1255961.6943709,255109.066361278,4.0,72385.92094144189,11.189767097328815
4202.0,1256001.61424293,255797.858297974,4.0,1454578.0864092824,14.19022644156042
4205.0,1266935.98769413,256247.178554446,3.0,25115.64190253012,10.131246114389489
4206.0,1266937.48542213,256375.299066573,3.0,29886.216500854287,10.30515266649829
4207.0,1271393.08869068,253490.063991621,4.0,154053.06831157708,11.945052421460845
4208.0,1271398.4210427,254148.050232291,3.0,81847.88014393969,11.312617683183984
4209.0,1268004.15454322,172733.842660919,1.0,0.0,
4212.0,1260934.36253598,168966.70384106,4.0,295709.2307811548,12.597131922063364
4213.0,1261012.81092006,168194.888160273,3.0,666784.3990601348,13.410222032854616
4216.0,1273474.41029282,178652.796394989,2.0,46592.0,10.749184131556358
4217.0,1273470.14034082,178476.91185081,2.0,93180.0,11.442288385370787
4218.0,1280407.25996391,221541.359510899,4.0,67249.53345197975,11.116165359922991
4219.0,1280691.29382022,221532.114454895,2.0,10243.267198996484,9.234375910105916
4222.0,1275967.83218338,231275.823008865,4.0,68348.28978399839,11.132371820390603
4223.0,1275976.10904738,231573.25776118,4.0,127950.1745775569,11.759396206007144
4227.0,1260893.95056795,251673.789429754,3.0,22024.75943566912,9.999922528414158
4228.0,1260757.0502798,251674.54366976,3.0,34751.5487104749,10.455979417207761
4230.0,1278299.53285776,225971.127899438,4.0,311331.8083866443,12.64861453041517
4231.0,1278621.69727409,225964.068507433,4.0,397916.57552343776,12.893997653057895
4232.0,1286924.49433859,200511.053825364,3.0,221869.7215878986,12.309845648902458
4233.0,1287200.41305888,200504.320577353,3.0,48003.0858616829,10.779020576608653
4236.0,1281584.19033313,197565.80281435,4.0,196281.63508054815,12.187305820516341
4237.0,1281910.66348547,197557.948158339,2.0,46592.0,10.749184131556358
4240.0,1279086.63532257,232026.79561764,4.0,63182.97113963932,11.053790099835345
4241.0,1279095.17529057,232298.967969924,4.0,23404.43248413182,10.060680705806432
4242.0,1258967.48227796,255060.877113223,4.0,371836.4365764715,12.826209349942388
4243.0,1258979.30282198,255745.372473925,3.0,103734.29917616791,11.549588093399159
4244.0,1265219.35530837,250297.12357235,4.0,265916.23091790406,12.490936616804428
4245.0,1265234.06526038,250946.718709007,4.0,273308.9485091567,12.518358113821252
4246.0,1277120.99621655,217049.190674305,4.0,574747.3783987747,13.261685881325377
4247.0,1277111.83448854,216689.148753926,4.0,454439.7768794651,13.026820679704636
4248.0,1260028.77482305,255047.563193217,4.0,281639.2424777695,12.548382248946771
4249.0,1260040.75479107,255728.920441911,4.0,262498.9928993475,12.478002524432542
4250.0,1283337.58348691,253834.678455964,3.0,22279.367071984936,10.011416285737571
4251.0,1262975.58154607,172661.358564854,3.0,295717.13439241215,12.597158649350895
4252.0,1262660.53431375,172674.845412865,3.0,1493977.8433112763,14.216952814117322
4254.0,1264958.74986809,171347.1984355,3.0,1016253.593915458,13.831633476286079
4261.0,1277138.40722458,227047.344284534,4.0,1423684.7935328416,14.168758993595748
4262.0,1283083.40223867,208674.31341773304,3.0,420563.0768004925,12.949349751427413
4263.0,1273742.60267709,209084.672842145,4.0,259267.75997433063,12.465616628950146
4264.0,1274058.63717341,209079.233546138,4.0,421417.5072135825,12.95137932484658
4265.0,1280441.76249196,224161.813273579,4.0,1389371.9168156274,14.144362344582078
4266.0,1280701.12812422,224153.591833577,4.0,1213279.099519513,14.008837251747616
4267.0,1272183.35710751,236926.823206663,4.0,238632.64373697471,12.382680592938174
4268.0,1272483.2633478,236920.920614645,4.0,264814.7678845584,12.486785871446695
4269.0,1266636.49713382,257571.596859798,4.0,292338.7061949034,12.585668361747315
4270.0,1266951.38596614,257564.074875787,3.0,29378.739074245703,10.288026530979973
4273.0,1274926.64856631,223358.675800756,3.0,39709.631178699055,10.589349036212587
4274.0,1275105.69842249,223354.730904758,4.0,534206.9376815334,13.188538566622587
4277.0,1273042.44856438,203770.14477270804,3.0,144883.98645051173,11.883688607712376
4278.0,1273989.46309336,203994.431684926,3.0,48760.34898923976,10.79467274085507
4280.0,1276725.53208815,253305.635895431,3.0,31863.33743046745,10.369211330974295
4281.0,1276843.30546427,253302.835063428,3.0,13032.450420205616,9.475197712315486
4282.0,1280607.53222013,229159.477854699,4.0,358556.11911983025,12.789840465459418
4284.0,1259609.24675862,246570.123440534,3.0,1796.845457522038,7.493787882819347
4285.0,1259611.04631062,246654.399536625,3.0,58080.65939527963,10.969588002658742
4288.0,1280020.67346753,230493.293408066,4.0,1393690.3069998014,14.147465684214938
4289.0,1280285.6542678,230485.935136065,4.0,87401.25198343648,11.378264886294307
4290.0,1277728.25944918,247672.51198566,4.0,91839.14670317849,11.427793920386303
4291.0,1277821.23660128,247873.195953861,2.0,0.0,
4295.0,1270621.7476979,205204.840390176,4.0,130524.05978143956,11.779312854892837
4296.0,1270613.51544189,204909.006021872,4.0,215986.52897480436,12.282971318864083
4297.0,1286750.63046642,196075.404540822,3.0,4306.228328203693,8.367817702111555
4298.0,1286757.28141043,195829.05337257695,3.0,42662.8906433779,10.66108474977141
4303.0,1281883.12678143,182118.162478536,4.0,326088.0,12.69492256257227
4304.0,1282200.28063776,182113.846190527,4.0,139770.0,11.847753493478953
4307.0,1265346.6821565,244538.594734445,3.0,53438.70593216147,10.886290592576042
4308.0,1265609.03562877,244532.691502452,4.0,277535.0588477922,12.53370254237887
4309.0,1280890.48242842,247922.509873912,4.0,142436.57719702466,11.866652107315186
4310.0,1281188.39391673,247916.250353903,4.0,82561.19070516941,11.321295002912375
4311.0,1270962.36613025,205195.530694157,4.0,249764.34491802417,12.428273131970558
4312.0,1266025.6151492,251614.702901691,3.0,57850.00008068173,10.965608734016493
4313.0,1274850.36952624,216434.111889675,4.0,165645.04099617418,12.017602470643494
4315.0,1266793.63268597,249229.398323253,4.0,79931.33718661616,11.288923259951117
4316.0,1278033.38117748,247689.900401682,3.0,9973.027641422968,9.207639492023713
4322.0,1280439.42393196,179387.624299735,4.0,1287040.2532831472,14.067855762921436
4327.0,1287893.26566759,182750.365295187,3.0,1172382.20567663,13.974548310014022
4328.0,1274311.90174969,231642.250721246,4.0,157822.1753701179,11.969224205848473
4329.0,1274616.83614999,231633.079201236,4.0,171035.28057055283,12.049625133329974
4333.0,1282123.16959767,212186.078733325,4.0,47192.44850286559,10.761989169427919
4334.0,1282394.90758196,212177.911053315,4.0,35443.435191255514,10.475693329797464
4335.0,1280964.25951649,209178.977738246,4.0,207905.0948177724,12.244836979643827
4336.0,1281244.56703678,209225.74209028497,3.0,14252.728138957584,9.5647036157208
4337.0,1270587.00728187,229218.243486762,4.0,318584.7434467417,12.67164378908031
4338.0,1270593.51416187,229637.244255185,4.0,184851.37707157832,12.127307414007456
4341.0,1265619.69700478,244962.885230884,4.0,249769.25303349085,12.428292782762766
4342.0,1265879.90878105,244957.038766876,3.0,33280.62035926485,10.412730535364322
4343.0,1274300.27838966,206204.336071193,4.0,390132.4454815964,12.874241564252477
4344.0,1274958.28696634,206190.41843918,4.0,687208.8914509838,13.440393588234055
4347.0,1274478.46667784,213952.567631125,4.0,272101.528881817,12.51393054357884
4348.0,1278434.8505539,249598.43205162897,3.0,54314.87550664276,10.902553418803047
4349.0,1278440.23109791,249957.889651999,4.0,161728.8690935527,11.993676564531116
4350.0,1279436.17823492,220656.189717993,3.0,32841.18968588895,10.399438789642499
4351.0,1279395.46572289,220285.165845618,3.0,8490.407612441175,9.046692289041149
4352.0,1279295.27890678,227015.669148505,4.0,425414.4232572257,12.960819086338589
4353.0,1279306.8629068,227449.85097295,4.0,299843.9867349051,12.611017574151461
4356.0,1272811.65016414,230022.85769558,4.0,887151.9980271885,13.695771608535615
4364.0,1262661.90538575,172711.253796905,3.0,1570059.9849195208,14.266624383549733
4365.0,1262331.83645742,172732.96995692,3.0,49166.54662830183,10.802968724632654
4366.0,1263638.85553075,172479.227364659,4.0,108423.23070977768,11.593797650468305
4367.0,1263311.16913041,172497.608868673,3.0,11578.591585382304,9.356913118979
4370.0,1277567.83884101,212511.115789652,4.0,154779.08093591646,11.949754094933171
4371.0,1263024.43479413,259149.532349408,3.0,102902.8691748635,11.541540804571056
4372.0,1262693.88100179,259158.010365427,3.0,26036.21556591296,10.167243754190686
4373.0,1259506.68528652,260832.22028712896,2.0,352586.1155695584,12.77305017088631
4376.0,1275459.14751086,214251.010959432,4.0,781145.835424593,13.568517140486906
4377.0,1269754.68644901,245936.570927888,4.0,271417.3866716116,12.511413087232999
4378.0,1270064.73438533,245930.472495869,4.0,478482.9612053458,13.078375880474882
4380.0,1280110.96037962,218427.438611716,4.0,153893.6543280246,11.944017086540404
4381.0,1272097.78315541,247208.61400118505,3.0,36319.94495078685,10.500122317041912
4382.0,1272763.43832409,247188.971313164,4.0,192298.98867466304,12.166806672460925
4383.0,1281634.25420518,228269.394973785,4.0,190024.7249906665,12.154909474206073
4384.0,1264998.80753215,251601.234485686,4.0,250916.0240317197,12.432873596523683
4385.0,1265008.56900415,252029.051190123,4.0,334277.74663357856,12.7197275031377
4386.0,1255559.32899448,250969.098933041,4.0,224688.85313950625,12.32247184919706
4387.0,1280727.66649225,216290.801489532,4.0,118687.38725752382,11.684248317643911
4388.0,1280719.69042824,215890.254673108,4.0,55802.65395395265,10.929576709137164
4389.0,1282020.28166157,246576.428208545,4.0,114382.96222797972,11.647307415262823
4390.0,1282029.06182158,247239.374385223,4.0,173029.51009891822,12.061217437539504
4391.0,1288043.84345974,202042.040578932,3.0,264256.27636490547,12.484674655067847
4392.0,1288049.43001975,201571.81811446,2.0,46592.0,10.749184131556358
4393.0,1285509.00601715,242534.412716404,1.0,0.0,
4394.0,1285511.86227314,242673.05450853697,3.0,46728.39999999997,10.75210739586156
4395.0,1278959.89637844,226521.796123996,4.0,501215.2297415093,13.124790888097674
4396.0,1261652.91594471,248505.843634516,4.0,281502.7138914085,12.547897367337464
4397.0,1264332.52471545,258950.084285215,4.0,621153.0039698164,13.339332713772471
4398.0,1264004.83773912,258958.37919721,4.0,528432.059002945,13.177669521634934
4399.0,1276717.51864815,223321.340888724,4.0,333690.4727875976,12.717969114099947
4400.0,1284153.58252776,251960.009014055,3.0,153837.65403263748,11.943653130748556
4401.0,1284153.21964775,252219.071478322,3.0,86455.37468739586,11.367383660230324
4402.0,1278086.74821754,217025.744850278,4.0,268822.7498256268,12.501807518817769
4412.0,1280178.23813969,253901.971000046,4.0,1605067.3697087225,14.288676288561732
4413.0,1279626.97349912,214390.276751578,4.0,282724.0454121068,12.552226596350794
4414.0,1279629.04633112,214109.121423289,1.0,0.0,
4417.0,1277121.86924055,176463.610152736,3.0,580676.0434763973,13.271948295948096
4423.0,1279639.16505113,223829.16533725,3.0,635334.4271156008,13.361906796114733
4428.0,1271710.15237102,194081.852090776,3.0,94884.11346371604,11.46041156767327
4429.0,1271877.31377919,194077.90527477895,3.0,52519.055445994345,10.868931343601433
4430.0,1285255.58592089,209089.792266145,4.0,355640.5148924964,12.781675710025324
4431.0,1272868.4328842,253172.946551293,3.0,58857.23789969469,10.982870094075684
4435.0,1278155.90060161,248823.93688283896,3.0,340144.41597810143,12.737125559287145
4436.0,1278160.68472962,249088.424819112,3.0,92685.90959293004,11.436971739924497
4437.0,1264926.90513207,254822.374008983,4.0,170759.63304720874,12.048012191930779
4438.0,1264931.85815607,255086.335417256,4.0,453177.8640967334,13.024039963378966
4439.0,1283601.14534318,201868.668546751,4.0,129371.53432499195,11.770443654816821
4440.0,1283598.04588719,201543.905410424,4.0,105995.5823937688,11.571152696695272
4441.0,1286485.76358615,243581.589741468,3.0,266088.84056801005,12.491585519100344
4442.0,1286617.96243428,243820.441261709,3.0,205367.6938401801,12.232557279978497
4443.0,1274425.58098179,211713.859148845,4.0,522280.3300960309,13.16595975355063
4444.0,1266035.6604612,245493.708591431,4.0,309993.63289577345,12.644307037204507
4457.0,1265681.68081284,175263.000679508,3.0,427079.00652972783,12.964724302097082
4460.0,1288233.02611594,188446.608117014,3.0,97676.23191184252,11.489413532199432
4461.0,1272584.87569991,245471.249967411,4.0,50207.238109031736,10.823914480724978
4462.0,1272604.24440393,246135.64990408704,3.0,49164.72324801256,10.802931638153616
4465.0,1273431.94782878,247169.187889144,3.0,194274.9204715414,12.17702955071713
4466.0,1267739.48510295,252643.89675875,4.0,396018.3449193589,12.88921581471756
4467.0,1268090.54411131,252635.823926747,3.0,99588.24944500756,11.508799459153039
4469.0,1253361.61788823,251070.049525142,1.0,0.0,
4470.0,1253371.64899224,251303.642229378,3.0,93182.0,11.442309848973883
4471.0,1277703.49336915,224835.656730279,3.0,17244.524284920753,9.755249939308847
4478.0,1275169.06667855,231892.296481505,3.0,29634.33189054473,10.2966888293599
4479.0,1275177.85144657,232184.4212818,4.0,179425.34947785793,12.09751452006206
4484.0,1282966.36735854,203321.264388248,3.0,14478.443950242912,9.580416198165453
4491.0,1271751.70705906,221841.520663202,3.0,94694.12754226325,11.458407266082055
4493.0,1270627.98065791,242279.767852142,4.0,445623.280888052,13.007229212388534
4494.0,1270921.75697821,242271.190764129,4.0,423727.1226917152,12.956844948471241
4497.0,1281427.44492497,244095.696942002,1.0,0.0,
4498.0,1269846.4385771,206941.042311952,4.0,888769.2251772705,13.69759289157001
4499.0,1276520.54303195,228235.987549752,4.0,170144.86291858103,12.044405487986833
4502.0,1259729.65207075,245374.206575304,3.0,32695.330441201048,10.394987546725188
4503.0,1262659.25904974,256480.566586673,4.0,360573.2187409736,12.795450318388129
4504.0,1262668.23312975,257008.936571226,4.0,256440.8490038516,12.454653308826689
4507.0,1258833.61808583,258808.97990106,4.0,577452.8324437405,13.266382042620373
4509.0,1274461.18885383,223006.72111240003,4.0,1033424.4896944376,13.848388592729805
4513.0,1285020.19923264,205306.65805427695,3.0,60613.37364580198,11.012270834934018
4514.0,1285017.54668865,205176.474630147,4.0,585365.4535989255,13.27999163817251
4515.0,1257310.91050027,252392.752886489,4.0,97024.21443123955,11.482715859644058
4516.0,1257322.74902828,253058.263351172,4.0,220292.04103710744,12.302709404298986
4524.0,1274546.04824592,228808.567454338,4.0,136559.2471953578,11.824513844823938
4525.0,1266613.0011338,172015.164644182,4.0,1229252.227162696,14.021916597078683
4526.0,1266290.46961346,172010.104612187,4.0,1440177.3057426563,14.180276792960388
4529.0,1276967.01682439,217865.317651138,4.0,561046.7007087409,13.237559426510249
4531.0,1283842.87545544,241404.328043237,1.0,0.0,
4532.0,1284030.78060763,241276.439147115,4.0,153860.5727749625,11.94380209970821
4533.0,1283582.57580717,206539.74253554604,3.0,176286.78087265446,12.079867384704956
4534.0,1283670.13401526,206538.813767537,3.0,57483.70260669618,10.959256753683716
4535.0,1278177.43730564,205770.284102753,1.0,0.0,
4536.0,1278161.59448962,205419.04039038703,3.0,68320.28696789495,11.13196202880338
4537.0,1267769.37022299,244615.477422535,4.0,70869.490690807,11.168595305251133
4540.0,1275488.95973489,235358.426405057,2.0,326628.5723863536,12.696578940034755
4541.0,1275615.25906302,234973.191268653,2.0,285745.93783055426,12.562858365739928
4542.0,1280591.4882521,201292.115586162,3.0,140822.36556192223,11.855254556411808
4545.0,1258827.75197382,247449.261809438,4.0,372803.131459068,12.82880576159485
4546.0,1258834.13187782,247752.246065736,4.0,276200.91960866214,12.528883849454546
4547.0,1263867.08177099,249656.183859691,4.0,342485.4331525686,12.743984404838546
4548.0,1263880.17066699,250321.199924365,3.0,42044.05494189324,10.646473274713708
4552.0,1280867.9654364,228970.289246514,3.0,1667127.7801571158,14.326612811558975
4553.0,1281203.84562874,228962.370590508,4.0,640878.9497818378,13.370595872175008
4554.0,1270378.02283365,193643.363514334,1.0,0.0,
4555.0,1270479.68369776,193633.374010324,3.0,58154.25169306476,10.97085427123381
4557.0,1276389.01439181,231264.806304857,1.0,0.0,
4558.0,1276533.21554396,228772.733214304,4.0,60278.717321668286,11.00673437384231
4562.0,1258127.51907711,252378.591158479,4.0,53769.32596211095,10.892458434149757
4563.0,1257863.58160484,252383.337526485,4.0,54271.90203198258,10.901761914019907
4564.0,1270909.5962102,241840.369771689,4.0,688696.4651811314,13.442555908923612
4565.0,1271203.2596985,241832.081451684,4.0,716160.2433824273,13.481659224509233
4566.0,1278158.40556161,231216.887072816,4.0,177768.10083061364,12.088235175564472
4567.0,1274938.90539832,205394.094598368,4.0,718050.8430518459,13.484295657573231
4568.0,1274918.52523831,204593.03942954505,3.0,737421.0866388356,13.510914360303397
4569.0,1274136.02680551,248480.155698493,4.0,275817.7897118213,12.527495744479511
4570.0,1274808.56152619,248459.931058466,3.0,53594.54447849937,10.889202559761193
4571.0,1282336.6317419,204169.062277108,4.0,466158.6482824925,13.052281302127005
4572.0,1277855.05279331,253713.838519841,3.0,24035.554089200392,10.087289433492765
4573.0,1276484.4935599,217367.671378627,4.0,173222.90633032846,12.06233452000504
4574.0,1276806.42008823,217359.872850627,4.0,416056.5271478886,12.938576412579241
4575.0,1270648.39825793,213115.000078276,3.0,32261.225261947617,10.381621331799472
4576.0,1270757.16216204,212143.291405275,3.0,275430.05562141945,12.526088993749775
4577.0,1262352.00669743,253671.373367801,4.0,1097957.0332467477,13.90896176845238
4581.0,1258943.96106194,253711.185591847,4.0,187573.45811446928,12.141925824278688
4582.0,1258678.56886967,253713.374903843,3.0,174765.58062292892,12.071200815623325
4583.0,1258573.47261356,257169.544187382,4.0,480737.5840658904,13.08307683694153
4584.0,1258312.00688529,257089.741819307,4.0,464882.0920130246,13.049539086852922
4585.0,1263969.61898708,250319.59134836504,3.0,21290.13611136301,9.96599915107343
4586.0,1263984.3433391,250969.441781029,4.0,57040.87022514314,10.951523311373327
4595.0,1285142.07724877,199895.146944731,1.0,0.0,
4596.0,1285393.63846503,199892.751616731,4.0,552778.4094373636,13.222712493938717
4597.0,1270309.37726559,241857.162091702,4.0,569503.5553865054,13.252520304846383
4598.0,1270616.0187379,241848.987563699,4.0,647377.9467287892,13.380685555527053
4600.0,1266329.03550151,242300.672684163,3.0,526167.7713331649,13.173375397771064
4601.0,1277442.68716088,217041.366546288,4.0,162793.6958735373,12.000239008665297
4602.0,1277598.61893705,217037.752402291,4.0,857248.7933233652,13.66148346271072
4603.0,1279242.47161072,252111.70655021103,3.0,24998.32110292619,10.126563945712329
4604.0,1279243.34789872,252595.738678709,4.0,558660.7646762227,13.233297706878217
4606.0,1257356.89104432,256422.580154613,2.0,67768.64655758766,11.123854926816488
4610.0,1282377.11231793,206858.31149587,4.0,1646905.9397417472,14.314408897475353
4618.0,1279878.84537138,214385.354511574,4.0,232027.64638819167,12.35461180901515
4619.0,1279865.50681137,213661.064590827,3.0,94530.92625891414,11.456682321942399
4622.0,1277176.89074461,178150.626090467,3.0,70891.9923499927,11.168912763264297
4623.0,1277168.8048566,177895.265066206,3.0,156909.13630575678,11.963422167145362
4627.0,1278319.74284178,178428.89297075602,3.0,216263.60675605744,12.28425334422995
4628.0,1278802.23692228,178426.80599474898,3.0,381207.3075233518,12.851098620366882
4633.0,1279885.78892338,224536.139993966,4.0,1324817.729089695,14.096785444988635
4634.0,1275784.70559119,203673.062596604,4.0,1576835.9968622825,14.27093086362037
4635.0,1276084.6659115,203665.4730286,4.0,1471345.7618774057,14.201688024225122
4636.0,1271494.1232508,249320.449011341,4.0,104421.32968726194,11.556189240912023
4637.0,1272156.63672347,249296.823411331,4.0,106674.0259701453,11.577532977197972
4638.0,1269581.76683283,247272.126001254,4.0,1571301.3957136867,14.267414748431941
4639.0,1270097.50468937,247261.723761246,4.0,988225.2673249918,13.803665954106565
4640.0,1273528.32786088,240661.955178484,2.0,4.166666666666667,1.4271163556401458
4641.0,1273700.47582905,240567.755882382,3.0,85432.35111957991,11.355480126773406
4644.0,1273600.90648495,236832.250854567,4.0,98167.37070328684,11.494429165230072
4645.0,1273918.63282128,236827.495974556,4.0,211741.2223658076,12.2631201588372
4648.0,1271004.33093029,212860.246350005,2.0,4111.565270555213,8.32155907940478
4649.0,1271234.14577852,212855.737806007,4.0,171469.23493755082,12.05215914137692
4653.0,1264498.84164363,251610.471989691,4.0,62329.6852074616,11.040193079372392
4654.0,1264248.86673138,251615.101877704,4.0,732489.2577528753,13.504203954582037
4655.0,1269784.48235305,244062.766573966,3.0,120761.08375380082,11.701569358224036
4656.0,1270078.75697735,244054.707245961,4.0,182855.6492979536,12.116452318905313
4658.0,1265634.8692288,258256.258876503,4.0,242179.0085557117,12.397432436467753
4659.0,1265965.93418913,258248.373052493,4.0,409144.8091261078,12.921824428904761
4660.0,1269375.38404863,177864.263146177,4.0,265757.4267629252,12.490339242240513
4661.0,1269042.72036828,177867.486890182,3.0,34347.039564950246,10.44427110950992
4665.0,1273284.74104463,226326.386075795,4.0,477016.63696864905,13.075306647603226
4666.0,1273129.06258047,226589.96034807,4.0,262065.9347560006,12.476351410456374
4672.0,1280304.87436381,219409.114772722,3.0,36961.175376109895,10.517623326551645
4673.0,1280366.38111588,219406.739476711,4.0,125082.54420782533,11.736729152009499
4674.0,1275471.35615087,215440.780560657,4.0,162472.82730497257,11.998266050184894
4675.0,1275456.41848685,214879.888592079,4.0,122107.7496133937,11.712659127481864
4677.0,1272399.30974773,227981.098973498,4.0,739536.062794912,13.513778326400892
4678.0,1256871.34774782,248344.100530341,4.0,299514.6092202484,12.609918474046658
4681.0,1274857.33080624,236340.431334049,3.0,320887.87717013014,12.678847048790496
4682.0,1274869.46392626,236813.268326536,3.0,34226.89338738828,10.440766970390907
4689.0,1277847.2877373,251295.883061364,4.0,387489.3042496819,12.867443525458294
4690.0,1277848.2880573,251627.279669717,1.0,0.0,
4693.0,1287127.0992028,251501.217589587,3.0,441168.64987451694,12.997182507342103
4694.0,1271481.78174677,241258.751211092,3.0,111677.61335714343,11.623371547398433
4703.0,1273954.26136531,180051.759468421,1.0,0.0,
4704.0,1273950.80139731,179765.553324118,4.0,79170.20434320037,11.27935529923074
4705.0,1274581.14987795,179098.971627444,4.0,827343.1742792573,13.625974850785344
4706.0,1274567.69944595,178467.425642788,2.0,271100.7497065406,12.510245800907281
4711.0,1289174.9235249,191683.052472323,2.0,268617.96778844594,12.501045455057508
4712.0,1289249.89382897,191741.214392379,3.0,639988.0023388256,13.369204708814555
4713.0,1296910.58657283,184563.148401037,4.0,388754.74869155686,12.870703957684723
4714.0,1297204.44129312,184552.353777021,1.0,0.0,
4715.0,1296257.74401215,184597.107953072,4.0,146928.49737931683,11.897701335038393
4716.0,1277301.63493674,232791.621154428,4.0,933166.657127898,13.74633908888104
4718.0,1284592.9287682,205854.32301484,4.0,189942.5808043292,12.154477099176095
4719.0,1285032.88851266,205842.058886826,3.0,32556.90075376521,10.39074462989086
4720.0,1288465.52141218,186999.34859553,3.0,189324.28631610237,12.151216624351797
4721.0,1288459.18707617,186745.918323278,3.0,139768.0,11.84773918415428
4722.0,1277150.99384859,212868.630798027,4.0,78022.86570034677,11.264757212716107
4723.0,1275269.40178266,251104.658357173,4.0,684219.9253130717,13.436034673161046
4724.0,1276182.96658359,251063.78373313,3.0,540400.5073846851,13.200065823973523
4733.0,1280979.10726051,251900.135733992,3.0,63400.12055116999,11.057221041861522
4734.0,1281247.10930878,251895.137077987,4.0,54603.5943759936,10.907854990628381
4735.0,1270393.83185767,198705.734911516,3.0,522157.4969717458,13.16572453969363
4736.0,1279838.61612333,253577.196727708,1.0,0.0,
4737.0,1259177.50122218,251701.581045792,3.0,63188.553034223216,11.053878440854005
4738.0,1259180.27779819,251861.526581943,3.0,24193.66713820205,10.093846189394318
4739.0,1280437.88159595,254622.401656777,3.0,25801.66948185117,10.15819447741508
4740.0,1281330.69510086,254232.69868037096,3.0,4022.241101601298,8.299594514234906
4741.0,1254586.11344148,252308.943350405,4.0,81100.7292107527,11.303447231564347
4742.0,1254590.38544148,252568.997622669,4.0,114474.73352657411,11.648109409735508
4743.0,1274521.8081819,216181.610065416,4.0,813634.3434317709,13.609266334516565
4744.0,1274843.72056623,216174.04776141,4.0,529662.3934407871,13.179995089053794
4745.0,1276654.12146407,237044.475814775,4.0,884775.9385610318,13.693089715168222
4748.0,1262177.58122525,249026.469619051,4.0,237595.6028799578,12.378325359901897
4749.0,1262166.23543324,249292.885043323,4.0,108705.1372116284,11.596394332449124
4751.0,1282338.8279659,204714.073989674,4.0,1191171.4092906194,13.990447758460988
4752.0,1282337.7285739,204441.568581387,4.0,654210.587756687,13.391184578236544
4753.0,1286131.95129779,205422.209350392,4.0,619292.1829663219,13.336332464476591
4754.0,1286107.52249776,205143.760134116,5.0,979097.8575021186,13.79438687310784
4755.0,1269994.83819325,223668.036377072,4.0,321203.7439124241,12.679830917003077
4764.0,1271243.85208254,256887.023419097,1.0,0.0,
4765.0,1278176.40056963,249963.205556005,4.0,111353.14322525923,11.620461900623512
4766.0,1271854.23870715,244004.049197897,4.0,116792.18393644544,11.66815142878478
4771.0,1271830.59729914,196545.011581302,1.0,0.0,
4774.0,1281678.67046122,245090.509935021,4.0,684886.1325180961,13.437007873526051
4775.0,1263787.5865389,211047.790284157,4.0,188487.88204351315,12.146788997562444
4776.0,1263778.12983489,210415.147531509,4.0,94752.42829923368,11.459022751104223
4777.0,1283054.03257462,206968.19776797303,3.0,1176019.3759848212,13.977645883482548
4782.0,1277405.26764084,225256.145434707,4.0,255113.29478171712,12.449463018733171
4783.0,1277413.78232886,225624.489499077,4.0,393486.4733937117,12.882801971137479
4784.0,1260016.73053505,254366.18789652,4.0,480516.9497631423,13.082617782031809
4786.0,1261687.17303275,258360.81113261,4.0,1463510.3109005664,14.196348430460333
4790.0,1293218.01882504,187820.638260365,3.0,28141.481348985984,10.24499997139321
4791.0,1292859.67143267,187666.28459622,4.0,67221.14337999525,11.115743110655341
4792.0,1280763.56735629,178785.297387123,3.0,305159.1610270273,12.628588758911578
4800.0,1280359.33977187,220728.981270075,4.0,230315.3344540457,12.347204668281849
4801.0,1280659.13804418,220717.91464605895,5.0,99686.99845774204,11.509790540803737
4802.0,1271497.4284028,241823.803883672,4.0,62264.972335639264,11.03915430485481
4804.0,1284091.30969569,244306.572846219,1.0,0.0,
4805.0,1279165.93177065,255228.452921391,1.0,0.0,
4806.0,1279531.00645903,255217.650105387,3.0,132720.61929137632,11.79600159100305
4809.0,1284434.09574404,202510.834947407,3.0,914052.4713873732,13.725643257308583
4810.0,1284704.20838432,202509.323779419,4.0,905035.914401138,13.715729906315804
4811.0,1271444.31531474,222460.464983836,6.0,420158.1586583936,12.948386487609799
4812.0,1271765.40453108,222453.518167838,4.0,168145.0771916627,12.032582440448824
4815.0,1285798.00249743,244530.19217445,3.0,289569.0973375489,12.576149225711411
4816.0,1282082.37273364,225607.544347063,4.0,174827.98991607063,12.071557854762851
4821.0,1279235.22521073,202018.77158691,4.0,748331.4778184781,13.525601310957434
4822.0,1279223.10911471,201374.585922256,4.0,404207.29296239937,12.909683126743857
4824.0,1272400.94757172,227167.564828664,4.0,83242.88054351979,11.329517885188974
4828.0,1262971.87229806,244118.638830021,4.0,82664.7430520778,11.322548466676952
4829.0,1262972.42410606,244246.971950158,3.0,98947.1015713681,11.502340658750946
4833.0,1271929.42520323,177057.70640935,3.0,131722.14591037156,11.788450027811981
4836.0,1275004.70744638,176467.20560874,3.0,433997.3819262277,12.9807937806363
4837.0,1275549.93733494,177103.554025397,2.0,342016.0527030216,12.742612952671335
4842.0,1282918.28447849,200903.736129776,3.0,46406.54375379333,10.745195757447247
4843.0,1263056.55748215,261412.529471725,3.0,186350.0,12.135381904907405
4844.0,1262851.61034594,261417.644607738,1.0,0.0,
4845.0,1266654.14935784,241778.676971629,4.0,152666.9232942608,11.936013855393574
4848.0,1280029.57074754,217494.338770762,3.0,31839.104466672645,10.368450513516061
4849.0,1280182.35129169,217489.12981075,3.0,85612.10705686279,11.357581989708654
4850.0,1283818.41785541,249196.70513922,4.0,472281.820702214,13.065331164146617
4851.0,1284149.17535976,249190.499443218,4.0,327902.6893674403,12.700472164590629
4858.0,1269203.39294446,243652.645677537,4.0,107699.52585401614,11.587100460665116
4861.0,1277541.55672899,207676.258632705,3.0,522542.80846292287,13.166462189537597
4862.0,1273832.47781318,207042.621448055,3.0,18448.71687695404,9.82275010108569
4863.0,1273765.87954111,206764.72013576297,3.0,22073.49339307898,10.002132773678914
4864.0,1285736.97209738,206222.826503217,3.0,1985.7626474152075,7.59375832458031
4872.0,1280492.90412401,248595.682738602,3.0,9306.637860609884,9.138483172996734
4874.0,1264017.34852314,244100.246830001,4.0,170345.6385866065,12.045584820099817
4875.0,1263752.12925887,244104.853422001,4.0,152330.7460199705,11.933809396512377
4877.0,1275782.04152718,224618.600410059,4.0,661526.1920633778,13.402304856709263
4878.0,1276103.93816751,224610.379674047,4.0,617064.6317592158,13.332729049037138
4879.0,1270635.93995391,205734.606022716,4.0,84552.6779815524,11.345130027172889
4880.0,1270975.85003427,205725.178886712,4.0,145870.51224673563,11.890474604740204
4885.0,1275412.5337508,231589.616033196,3.0,48989.990296346085,10.799371276558425
4886.0,1275660.27896705,231581.655073181,4.0,50652.59083022759,10.832745660001947
4887.0,1263657.03594677,257644.358203873,4.0,130608.38976087033,11.779958733890334
4888.0,1274501.95288587,225097.759898543,3.0,17894.361719895038,9.792240954494435
4889.0,1261008.15671206,257538.307899758,4.0,829931.4251265557,13.629098356030083
4890.0,1279590.18053909,222894.360088289,3.0,776898.3894898482,13.56306484794093
4891.0,1279605.08569109,223587.21570499204,3.0,738233.5251462103,13.51201548326669
4892.0,1282251.80089381,199272.739392102,3.0,183241.8820193631,12.118562318736862
4893.0,1282252.56530981,198958.090367779,4.0,208005.56023865304,12.245320090242766
4903.0,1265593.28401275,177747.839530051,1.0,0.0,
4904.0,1265617.65470077,177575.056361884,4.0,1070018.0818255383,13.883186105197677
4915.0,1273384.55486873,202576.088771477,4.0,503720.9201201089,13.129777663768056
4916.0,1281956.9560295,218156.306899428,3.0,67756.01067161757,11.123668453206962
4917.0,1282018.50969358,218151.000147432,1.0,0.0,
4918.0,1281866.42470141,212193.795853332,4.0,26193.94479397949,10.173283548304456
4919.0,1282083.18738964,212187.280781329,4.0,16710.830370288895,9.723812313370276
4922.0,1278208.38578567,256250.847546443,3.0,306244.3353691056,12.632138543916065
4923.0,1278557.49855402,256240.67205843297,3.0,356279.1752241392,12.78346990257776
4924.0,1270935.11685023,242735.971372604,4.0,270394.118511693,12.507635871848164
4925.0,1270946.99870624,243146.004333019,4.0,157705.02398776563,11.968481630324247
4926.0,1280033.88537154,251254.923765332,3.0,194328.1072816449,12.17730328409869
4927.0,1280177.89919569,251252.348021328,3.0,367245.5543205294,12.813785988640946
4929.0,1283772.56915137,208254.205001295,1.0,0.0,
4930.0,1284313.25311992,208244.209609285,4.0,720972.756401633,13.488356629702466
4931.0,1285552.94816118,208228.351369262,4.0,150180.64606148266,11.919594155558876
4932.0,1285863.09254551,208224.383881271,4.0,62315.6330540466,11.039967605144069
4933.0,1255870.7516508,255800.38879399,3.0,1529356.6417973633,14.24035770937829
4934.0,1255850.92656277,256004.565562189,1.0,0.0,
4935.0,1274250.82347761,203412.111684337,4.0,103223.32547731878,11.544650128557503
4938.0,1269250.00043249,209042.927498102,4.0,391638.972856278,12.878095706791393
4939.0,1269561.30526482,208703.76576975,3.0,131293.388986873,11.785189708580559
4940.0,1277681.68178514,245338.756143272,4.0,259395.02999687105,12.466107391069796
4941.0,1277669.75429712,246009.70167996,4.0,104666.55592152652,11.558534918147133
4944.0,1273284.52062863,179118.479147464,4.0,737043.0373723628,13.510401564815735
4945.0,1273931.9192213,179108.836459458,3.0,620556.6752933278,13.3383722175594
4948.0,1291555.95450334,188158.297396719,3.0,21984.166523252054,9.998077769741025
4949.0,1279864.72268337,223581.501784995,4.0,1446990.38171752,14.184996358540749
4950.0,1283848.48371145,194575.954171285,4.0,1503184.814969469,14.223096625227194
4951.0,1284029.35180762,194572.329467282,3.0,534426.396999485,13.18894929556752
4955.0,1272508.82200383,230868.075104445,4.0,193080.6640319407,12.170863328922962
4957.0,1269381.74891263,245423.36657536,4.0,104356.7551734698,11.555570646140504
4961.0,1266300.14647748,241059.323754892,4.0,791019.3020777287,13.581077648573086
4964.0,1274419.72600579,210434.692107528,4.0,756844.5765936256,13.536913196403823
4970.0,1263122.68433022,172655.060964838,3.0,160207.44300833935,11.984224773263342
4972.0,1281536.39519708,211226.977932334,4.0,590582.9233042451,13.28886533372603
4973.0,1289352.46253309,186638.440499157,1.0,0.0,
4974.0,1290057.3610938,186671.844979197,3.0,272712.14164007426,12.516172091641844
4975.0,1274227.72344559,256033.019898221,4.0,101707.08001625864,11.529852196292566
4976.0,1274894.07019827,256014.666234195,4.0,177092.09421642384,12.084425182551053
4980.0,1279832.80082734,200877.203713745,4.0,119592.1930676538,11.691842843014074
4981.0,1280400.1287639102,200866.10694572303,6.0,352976.9243426586,12.774157963644601
4984.0,1262669.28855376,257667.392955899,4.0,173976.28403504245,12.06667427025798
4985.0,1262337.88765742,257674.228859901,4.0,1131342.51272408,13.938915549856143
4991.0,1274195.66738155,251131.14354120204,3.0,1200658.8054402603,13.998380968643925
4992.0,1274849.84159023,251108.876853183,4.0,871064.5526612664,13.677471366361942
4993.0,1277097.18258452,215137.139728338,3.0,90740.95565002265,11.415764084901781
4994.0,1277102.81381653,215040.31809625,3.0,40514.00715368384,10.609403048946866
4995.0,1265585.53566074,254809.880568966,4.0,174688.40715154502,12.070759135314393
4996.0,1266815.67262201,248968.779442981,3.0,7243.346184594776,8.887838558800043
4997.0,1267147.23268634,248960.608178973,4.0,159537.65149771102,11.980035232896142
4998.0,1280433.84716395,222588.462103978,4.0,239359.1081903352,12.385720247952214
4999.0,1285815.97651346,248488.662578493,4.0,1037517.8014280612,13.852341688942744
5000.0,1286415.68723407,255235.828537405,3.0,46596.333333333336,10.749277133183954
5001.0,1286257.34176192,255719.2262339,2.0,37265.73333332328,10.525829505998413
5002.0,1284953.27974458,255501.57573767,3.0,327538.9333332365,12.699362207398558
5003.0,1285298.03494492,255799.99800998,4.0,802363.475866651,13.595316995983005
5004.0,1279041.34668252,228734.891742274,4.0,126791.92377796536,11.750302626354006
5009.0,1286586.06752224,177266.790633559,3.0,16035.069098057247,9.68253342132017
5010.0,1272537.87480386,193480.117754161,1.0,0.0,
5014.0,1287041.30541071,251775.183605865,3.0,279283.41714286525,12.539982377248554
5015.0,1276513.32978393,227920.871389434,4.0,57811.70054172681,10.964946465691739
5016.0,1272439.28670776,209867.075146943,3.0,88473.78206242394,11.390461539223733
5017.0,1272725.79698005,209680.974474758,3.0,14615.453818260114,9.589834728603464
5018.0,1271324.00907461,248308.666226313,3.0,14281.651992022084,9.566730914918331
5019.0,1277095.34104852,213541.058638707,3.0,55636.962098515134,10.926603045310898
5020.0,1264029.77764314,209746.713802829,3.0,54665.678374669325,10.908991339462661
5021.0,1263769.78961088,209749.309002832,3.0,109336.56817157114,11.602186185195588
5027.0,1267973.50238319,230563.677792147,4.0,229916.80705691167,12.345472814024843
5028.0,1268294.84459151,230555.517344132,4.0,908320.0051596302,13.719352024084964
5029.0,1287950.93683565,192755.26719342204,3.0,120062.46630599607,11.695767438873672
5030.0,1270884.41515417,201987.508226871,4.0,120176.5392328669,11.696717100941978
5031.0,1270858.69048214,201925.88173081,3.0,65338.785425544425,11.087341096453741
5037.0,1268072.62155129,178823.497771159,4.0,239371.22767598345,12.385770879736928
5038.0,1267408.01758261,178617.731818944,4.0,127363.44196071748,11.75480002615836
5041.0,1265621.99198078,171359.234851509,4.0,1171592.0912695297,13.97387414354551
5049.0,1277307.98693675,247337.713137314,4.0,112644.07384992662,11.631988337729396
5050.0,1277468.0191289,247334.35025730697,3.0,103894.63506965167,11.551132540235889
5053.0,1259465.12471047,253041.151223153,4.0,189282.76473069945,12.150997285670941
5054.0,1259476.87235849,253706.380151838,4.0,246601.5208123959,12.415529036815814
5055.0,1268608.56343985,212910.03131006696,3.0,142815.1345657687,11.869306307625799
5056.0,1268659.93470389,212905.788238063,4.0,84941.08411008611,11.349713167031469
5057.0,1266700.37694189,245479.353967413,4.0,207661.7788162488,12.243665971824074
5058.0,1267057.78174224,245471.454063401,4.0,74919.81555642126,11.22417369468128
5067.0,1268949.18936019,230965.291808546,4.0,663479.1323009428,13.405252681319254
5068.0,1260956.09316,248521.012274534,4.0,294952.60584658047,12.594569964267869
5069.0,1266895.59998208,253725.957879856,4.0,327253.20842013805,12.698489487910908
5070.0,1266899.64196609,253991.286136135,4.0,165342.7640977007,12.015775956325696
5071.0,1282159.07698971,227787.709277302,4.0,163756.3148982145,12.006134717017822
5072.0,1282175.40012573,228248.128925771,3.0,119797.3610820672,11.693556936725274
5076.0,1268943.52241617,243659.88618955,4.0,90592.24747846815,11.414123919699534
5080.0,1264675.53489181,175265.32771951,4.0,331734.27985329565,12.712089565550386
5083.0,1271097.15096238,225743.010267198,4.0,1622186.3615854457,14.29928540322602
5084.0,1282171.64223772,251882.444533974,3.0,114265.12887980808,11.646276719069101
5085.0,1275760.03077516,244179.148590088,4.0,934219.1068373783,13.74746627946075
5086.0,1276039.79397544,244168.792302072,4.0,1007775.0084465516,13.823255496793106
5088.0,1278178.17650564,250636.382708699,4.0,377863.3432709625,12.842287883497345
5089.0,1278179.88940164,251289.050677359,4.0,301023.88541342894,12.614944894115673
5092.0,1261613.03082468,255016.820473179,4.0,716887.8505089957,13.482674692436925
5093.0,1261289.02884035,255021.93925719,4.0,867899.5778875648,13.673831293271537
5094.0,1278681.32447416,249218.68965123605,3.0,93182.0,11.442309848973883
5095.0,1278830.14700231,249215.949875236,1.0,0.0,
5098.0,1262868.68445796,250989.53784506,4.0,1150576.4416560242,13.955773628367739
5099.0,1262729.87767382,250986.177973047,4.0,44648.41984656296,10.706574195903787
5100.0,1264044.19031517,245280.401967213,3.0,249653.44888067688,12.427829030696847
5101.0,1263252.25719436,245298.150255233,4.0,277469.63130023336,12.533466769424072
5103.0,1271240.76715453,243137.369197011,4.0,139561.0921379287,11.846257720849975
5104.0,1271254.01419455,243593.330541477,4.0,101710.37482585316,11.529884590853763
5106.0,1263269.80247436,246097.25041604,4.0,1667808.3371663042,14.327020949523058
5114.0,1268788.45739202,252707.176822811,4.0,30105.13685622774,10.312451095851602
5115.0,1269068.9191523,253047.90744715897,3.0,33871.06862596571,10.430316496125016
5116.0,1282200.48966175,256202.933562398,4.0,91087.88632597294,11.419580103231768
5117.0,1275502.8836389,216728.718929976,4.0,20197.91927513011,9.913334871902117
5118.0,1275667.08114307,216724.452497974,2.0,6729.399259313101,8.814241155551034
5119.0,1278233.46348169,212495.593485638,4.0,313555.7566964387,12.655732475542507
5120.0,1278251.62124172,212144.745805278,2.0,46592.0,10.749184131556358
5124.0,1273209.42891654,253160.309751272,1.0,0.0,
5125.0,1284182.20415978,257472.0419157,3.0,1337451.6213814449,14.106276586168354
5126.0,1261330.02551238,257033.77605924,4.0,1025902.293492111,13.841083069663627
5127.0,1260997.83293605,257040.055931255,4.0,725652.6193236968,13.494826693516051
5129.0,1264425.32209155,242860.54686074,4.0,1685019.3184397935,14.337287586652309
5130.0,1272301.48945962,244814.983918726,4.0,208448.43270550112,12.247446964477612
5131.0,1272314.83128363,245270.449903205,3.0,15077.183992405571,9.620937886220114
5134.0,1268251.41188747,245705.288879648,4.0,58654.31704661896,10.979416458305739
5136.0,1293774.05671361,187532.291380078,4.0,28009.50674909284,10.240299258284493
5142.0,1279948.03647545,176436.874600708,4.0,883319.029310432,13.69144171592971
5143.0,1280266.93215577,176423.480296701,4.0,187821.66978704085,12.143248226677093
5148.0,1265598.09764476,244073.375469968,4.0,364519.1051169405,12.806334243644196
5149.0,1265858.10404502,244067.545133963,4.0,114798.35711879907,11.650932451953347
5152.0,1279628.54041113,227441.079004943,4.0,500940.2876752095,13.124242186686725
5153.0,1279950.47775546,227432.320540935,4.0,217455.01456493515,12.289747278532182
5155.0,1280118.94789962,245952.146031901,3.0,159586.62987920264,11.980342187802018
5156.0,1264087.14461921,247653.654065639,4.0,615995.6580457956,13.33099519386386
5157.0,1263907.35729103,247645.680689633,3.0,11527.78936824816,9.352515866194615
5158.0,1286932.37555461,206502.913543507,1.0,0.0,
5159.0,1287139.67398681,206500.627783507,4.0,121394.8087368754,11.706803395052994
5160.0,1273541.21330088,206473.183943465,1.0,0.0,
5161.0,1273700.56901306,206492.198343486,4.0,84230.38253158952,11.341310972811497
5162.0,1267447.93649465,241079.183978915,3.0,132942.04644247118,11.797668571207128
5163.0,1267608.18321481,241039.34052287004,3.0,112993.98024397918,11.635089824098289
5171.0,1265998.67690916,174599.947174832,4.0,478541.8591401984,13.07849896596582
5175.0,1268727.00414395,178532.886506855,3.0,113066.66753695128,11.635732901928868
5177.0,1255576.76400249,252035.129270121,4.0,71876.09007108118,11.182698944190992
5178.0,1257909.83811688,255074.522425234,4.0,650427.7006540507,13.385385426490307
5179.0,1257633.7739886,255076.003065243,3.0,348884.52637245884,12.762496276442057
5181.0,1275388.67160678,230799.624160379,4.0,133004.6535466093,11.798139395664037
5182.0,1275635.17074303,230794.74755238,3.0,48123.853506158106,10.781533248057645
5183.0,1289692.23219743,187582.72171612096,3.0,100235.99062526014,11.515282591017227
5184.0,1270081.55422534,224785.947546229,4.0,370097.4260991735,12.821521563740967
5185.0,1258333.98979732,246752.895088717,3.0,82181.9886384409,11.316691440714113
5187.0,1269673.95499294,228217.458717734,4.0,294921.346721481,12.594463978489069
5188.0,1269890.61304115,228455.546845987,4.0,169674.5736131109,12.041637608606438
5189.0,1270709.82168199,199376.311040208,3.0,20715.884544707857,9.938656054285726
5190.0,1285403.24473703,243483.012205377,4.0,1200526.4373541877,13.998270716353641
5191.0,1285406.99667305,243758.653997645,3.0,27374.324478315768,10.217360790223125
5195.0,1273095.74706043,196514.835133269,4.0,88783.34126370204,11.39395431299975
5201.0,1256210.39299515,248890.531890914,4.0,305449.00304617564,12.629538114187092
5211.0,1286932.6055066,192603.505337268,3.0,149219.21109505495,11.913171719153569
5212.0,1287217.5101469,192596.006969258,4.0,239908.4987527486,12.388012874431007
5213.0,1278160.24901763,236072.618213788,3.0,150075.52415509275,11.91889394073492
5214.0,1278416.12684189,217319.994642586,4.0,270898.85647276096,12.509500806848925
5215.0,1263484.51101859,250978.52472505,4.0,146065.90040463777,11.891813171486994
5216.0,1263238.54858634,250982.921077043,4.0,908067.0576063726,13.719073506845904
5217.0,1274867.36786225,253764.599863902,3.0,37232.30865785501,10.524932175630589
5222.0,1266684.28874987,244709.086830631,3.0,72623.3097814641,11.193041220650533
5223.0,1267029.01246223,244701.476910621,4.0,348869.93154785497,12.76245444274414
5226.0,1286492.08345816,199366.646016195,1.0,0.0,
5227.0,1286482.88723414,199167.41708798695,3.0,356345.20458407584,12.783655215800255
5228.0,1284707.87667233,248789.660658807,4.0,198941.73357719023,12.200767264738962
5233.0,1277862.33004132,214125.846159309,4.0,155369.43971074675,11.953561041918425
5234.0,1268248.66059147,245604.553199545,4.0,1527663.744101294,14.239250161730308
5235.0,1271374.99486667,180460.27633284,4.0,267437.3628214251,12.496640660222093
5236.0,1271342.45790663,179147.186091483,3.0,409639.5115072304,12.923032811695817
5237.0,1277830.49016929,181723.846318126,3.0,219498.70486854733,12.299101611108872
5238.0,1277910.64946537,180885.567469269,3.0,24873.749202355943,10.12156827744017
5240.0,1265952.49162912,171365.247587517,4.0,948273.713780183,13.762398467179588
5243.0,1263244.32445835,169084.586849183,4.0,248428.42801012815,12.422910066978408
5244.0,1263235.85175434,168743.460896835,4.0,490451.0589181877,13.103080775064834
5250.0,1279529.31717902,255881.831226066,1.0,0.0,
5251.0,1279834.12268333,222600.900375992,4.0,1159162.444683782,13.96320827184801
5255.0,1258667.33558966,253053.71058316497,3.0,104041.60747007244,11.552546169943733
5259.0,1270954.33758624,201924.479810819,4.0,136588.44515882066,11.824727633659732
5262.0,1267546.45169476,228411.091229931,4.0,162927.88249009324,12.00106294317293
5263.0,1267763.17009497,228649.283294186,4.0,232135.5129270594,12.355076587568314
5264.0,1273451.1961488,247975.305713966,3.0,25831.68093975293,10.159356961005102
5265.0,1273457.5153168,248245.252018243,3.0,135205.49652797764,11.81455109655735
5266.0,1282559.59750213,212172.960269302,4.0,49185.86149408187,10.803361493175835
5267.0,1282613.04787017,211536.963852659,4.0,81382.69618527999,11.306917951816404
5268.0,1276448.34501587,251322.365621403,4.0,650924.7988165972,13.386149398107415
5269.0,1276451.83973587,251982.30456607,4.0,389063.3301731322,12.871497411851319
5270.0,1273583.65483694,235998.059941709,3.0,256296.35545585613,12.45408969241437
5274.0,1276651.28357607,236777.882534504,3.0,486315.2964508607,13.094612450659392
5277.0,1276450.15698387,213956.690959141,4.0,336101.4847782204,12.725168431371456
5278.0,1269192.11736044,169748.544161871,3.0,1380132.9844076096,14.13769041800329
5287.0,1258368.56259735,251055.598069131,4.0,261614.84519844368,12.474628644655564
5288.0,1258104.60906108,251060.187317133,4.0,75779.26200111904,11.235579945822598
5289.0,1273314.41291666,227146.93430064604,3.0,291459.34628691344,12.582655811193913
5290.0,1279678.86277917,253249.228535369,1.0,0.0,
5297.0,1269270.90891251,230957.205216542,4.0,567862.561267399,13.249634698824272
5298.0,1269592.36260885,230949.227552533,4.0,850721.0997265605,13.653839621438289
5300.0,1274698.02795808,239026.268456802,4.0,211875.79477110863,12.263755508241893
5301.0,1274883.87832627,239023.217640802,2.0,46592.0,10.749184131556358
5306.0,1282552.33407812,253853.122359991,4.0,123158.74330388232,11.721229398217966
5307.0,1282556.08083013,254495.451128647,4.0,89094.12803166219,11.397448708163314
5308.0,1256296.79113923,255219.246905386,3.0,11499.52005754964,9.35006057935433
5309.0,1256318.19465925,255791.738553971,4.0,551170.0105267179,13.219798589593887
5310.0,1269250.35281649,255519.3056577,3.0,599859.7002695986,13.30445107397111
5311.0,1279244.02117872,252924.806967035,1.0,0.0,
5312.0,1270434.70609771,254177.026872322,3.0,5550.434198438411,8.621631437633232
5313.0,1270455.04990573,254826.81592898103,3.0,63953.1925599588,11.065906728512395
5315.0,1265721.37758088,245230.622191161,4.0,405567.678234525,12.913043039312896
5316.0,1262988.58743408,250987.390517056,4.0,478881.3465519746,13.079208134960234
5317.0,1263002.9358501,251637.079221725,4.0,286099.1789711716,12.564093809307316
5318.0,1272223.95544355,189721.87365432095,3.0,382831.76221332286,12.855350908507871
5319.0,1281891.52274944,212667.884493813,4.0,115972.05759552296,11.661104558274365
5322.0,1289708.31712544,180273.00503663704,3.0,139768.0,11.84773918415428
5323.0,1289927.89152567,180268.414508641,1.0,0.0,
5324.0,1286330.44595398,204333.696133286,4.0,1350505.0575240564,14.115989197134901
5325.0,1286326.74355398,204060.858052999,4.0,314563.3470174691,12.658940756199277
5326.0,1283814.65043141,183626.42584008,3.0,62625.42769621535,11.04492666784433
5328.0,1267117.57559831,171361.348323524,3.0,101319.2703189595,11.52603190234234
5329.0,1267103.58251029,171026.271267176,1.0,0.0,
5330.0,1265362.16209252,175920.805096179,4.0,623890.4917728888,13.343730137996996
5331.0,1264694.56170782,175984.34007224403,3.0,141460.17416653235,11.859773501796154
5336.0,1290292.21299805,187654.152692199,1.0,0.0,
5339.0,1280232.77509974,248600.709938616,3.0,262608.6951821866,12.478420352192162
5344.0,1272973.3329163,226853.493596345,4.0,652425.5781285886,13.388452355166137
5345.0,1282997.92377457,198589.42348739496,3.0,291589.27980804135,12.583101515093944
5346.0,1283237.50854282,198586.049471393,4.0,1256887.8330888287,14.044149249771262
5347.0,1290114.17786185,186530.644147053,3.0,296463.49367214966,12.599679365630909
5348.0,1290419.91712618,186537.927603051,1.0,0.0,
5349.0,1262006.59076108,257681.061563909,4.0,1006118.0695408892,13.821609988103845
5350.0,1273794.62456515,203089.21171601105,3.0,25100.47762532725,10.130642153836328
5351.0,1273657.02674101,202511.184323415,4.0,148555.49666292107,11.908713882312696
5354.0,1265545.1135167,242492.20151636,3.0,1337964.197444784,14.106659761049809
5355.0,1265552.14762871,242781.831788659,4.0,888678.9970422967,13.697491366097791
5361.0,1279763.28159526,201065.30041793,3.0,45010.415105417465,10.714649188759836
5367.0,1277250.93330468,180411.46212478,4.0,201199.8510041409,12.212053976671369
5368.0,1277894.25119334,180407.998572782,2.0,22740.765518687564,10.031914430708337
5373.0,1273789.70526914,251917.339766011,4.0,834895.950712675,13.635062386143591
5374.0,1273791.43230915,252169.365238264,3.0,196190.0308753659,12.186839013789681
5375.0,1275924.47007133,229839.582751393,4.0,229384.0994076561,12.343153167446218
5378.0,1279383.08978687,219853.483349174,3.0,60479.52264504988,11.01006011804862
5380.0,1275038.35173443,210427.013323516,4.0,480695.9009237413,13.082990126539144
5383.0,1272747.61221208,246661.238768622,4.0,622390.6311616898,13.341323198972244
5384.0,1273419.27883677,246641.164336607,3.0,683716.9932758785,13.43529935846485
5387.0,1265696.84055686,175920.31396018,4.0,707524.8793630366,13.469528073058687
5393.0,1267480.71857469,250573.194548637,5.0,824178.4512551934,13.622142352501623
5394.0,1267486.87211069,250903.111476973,4.0,413570.5516201154,12.932583399496718
5395.0,1272200.37841952,237766.982951522,3.0,57205.37502786431,10.954403141971685
5396.0,1272208.99224353,238190.200935945,4.0,150365.16679385822,11.920822059909343
5397.0,1282342.89158191,228244.499037772,4.0,253569.04396501463,12.44339142771049
5399.0,1284896.53574452,247697.648433685,4.0,967695.556453556,13.782672808994851
5400.0,1279519.36607501,207329.76461635495,3.0,94424.81871574555,11.455559227703205
5401.0,1279509.595771,207116.314888135,1.0,0.0,
5404.0,1279956.09285946,220744.09935008,3.0,180817.36269946065,12.105242754959136
5405.0,1280059.37253956,220740.26370208,3.0,106083.63707089228,11.571983090945173
5409.0,1265438.64324459,243244.698669121,1.0,0.0,
5410.0,1265563.31134072,243241.538605124,3.0,751572.3614649121,13.529922772914109
5411.0,1275031.48197442,246617.72049658,4.0,85914.92240170871,11.361112811182029
5412.0,1275301.60549469,246614.183728576,4.0,91084.8280708318,11.419546527894742
5415.0,1284096.37267169,244566.920110479,3.0,1438796.4252312458,14.17931750625176
5416.0,1277594.22687304,213238.265934393,4.0,150763.76117510244,11.923469395166865
5417.0,1274591.10558997,236123.753253832,3.0,33405.86771971254,10.41648684376574
5418.0,1275099.35787849,236111.216549814,3.0,566.2597383107835,6.3390528745492
5419.0,1278079.00869754,253858.756855994,3.0,279606.2588241358,12.541137674013056
5421.0,1269301.79006454,211644.910156772,2.0,644175.6732125396,13.375726752379087
5426.0,1272134.10885145,248544.630322546,4.0,230354.56032574316,12.347374967544885
5427.0,1268575.89713581,254749.799992904,4.0,107656.4890887382,11.586700780481005
5428.0,1270267.15652953,228983.091678515,4.0,13690.20660121294,9.524436009564745
5429.0,1270270.96004954,229225.914078772,4.0,122903.88958206835,11.719157943402134
5430.0,1286119.74560177,249807.063155845,4.0,1208083.6447848177,14.004545897451292
5431.0,1284872.9498245,247994.255793989,4.0,397418.3569441904,12.892744800645465
5432.0,1273830.51589319,189685.47800628803,3.0,18227.40018052658,9.810681245353786
5437.0,1272222.32491554,189597.163574189,4.0,643228.6835029197,13.374255590850886
5438.0,1272625.66725196,189412.377205998,2.0,230698.8013617142,12.348868248490412
5439.0,1272528.99883585,252789.425654903,4.0,10191.864255046416,9.229345058948368
5440.0,1272864.4095882,252780.983414888,4.0,45870.23366656788,10.733571681682623
5443.0,1264347.52439548,246980.253232956,3.0,330346.2861248504,12.707896735151309
5444.0,1264075.54724319,247007.03070497504,5.0,912384.542243245,13.723816827384809
5445.0,1262712.3951138,245042.381742969,4.0,115245.99793231636,11.654824235156758
5446.0,1262469.72631355,245048.721326977,4.0,216292.425058164,12.284386590792383
5447.0,1263485.48343459,243678.420909569,3.0,198305.5703464582,12.19756440461491
5448.0,1263327.42762643,243681.141997576,5.0,893854.3126190499,13.703298079599788
5449.0,1284402.75392002,251954.636662051,3.0,97821.5598941976,11.490900280543565
5450.0,1279569.95916307,230505.52694408604,3.0,87503.31206674664,11.37943192382072
5451.0,1279681.24012318,230612.92803219,4.0,332619.8101183267,12.714755405357293
5452.0,1285458.9211531,193688.529402375,3.0,65132.170777822575,11.08417388090706
5453.0,1286066.06656171,193673.896890372,1.0,0.0,
5454.0,1264195.59261931,245503.40247944,1.0,0.0,
5455.0,1264198.51517932,245648.049839586,3.0,67290.44749166476,11.116773566355894
5456.0,1259688.1318147,250405.222068459,4.0,512554.09291782806,13.147161531581729
5461.0,1277095.60159253,225658.304411113,4.0,466149.99014533067,13.052262728584285
5462.0,1277103.47231254,225997.826971471,3.0,194586.30167000243,12.178631054015911
5464.0,1277575.80300102,179638.457131997,1.0,0.0,
5465.0,1277565.40901701,179421.283691764,3.0,316081.5959923947,12.663755674403058
5466.0,1290119.24806987,183169.097711608,1.0,0.0,
5467.0,1290104.23661385,182725.15633516,3.0,480271.4024801946,13.082106644927118
5472.0,1258217.7646452,249112.640051141,4.0,320478.357813603,12.677570026740245
5473.0,1258223.27971721,249378.52267541,4.0,328374.4250728098,12.701909776161214
5479.0,1265027.74410817,243633.91082952905,3.0,5533.41061135118,8.618559651485842
5480.0,1274070.59774943,232857.630242497,4.0,1342566.910498155,14.110093944345264
5481.0,1274078.67947744,233519.748643175,4.0,1153727.539727291,13.958508597417763
5482.0,1277697.99800915,224575.284570009,4.0,116698.30937752772,11.667347331259066
5483.0,1277946.86821739,224575.09097001,4.0,271601.9779925305,12.512092957381435
5484.0,1289992.48915774,187943.937588498,3.0,207201.5402603381,12.241447223028725
5485.0,1290283.76122203,187936.57899649403,3.0,130312.06353781986,11.777687341619584
5487.0,1275715.95768711,220859.435030207,4.0,74769.72741939958,11.222168368399508
5489.0,1256192.73225912,248092.609906092,4.0,809995.6746842337,13.604784186738357
5490.0,1273826.18194118,223685.009113103,4.0,78333.68182343498,11.268732953258098
5491.0,1273831.52408519,223991.838873416,4.0,57335.34933162132,10.956672629270122
5492.0,1262143.22269721,246598.311408564,4.0,598514.9502101449,13.302206783133755
5493.0,1262148.70032923,246863.953904837,4.0,482660.75090795854,13.087069306778416
5495.0,1270259.11947353,239996.572969794,4.0,240613.79966209727,12.39094843608203
5496.0,1285337.25536098,248915.58795493803,3.0,4195.038033230933,8.341657685184625
5497.0,1285312.26489694,249495.317107528,3.0,81974.47230319961,11.314163164402707
5498.0,1269346.19742459,176556.128936842,3.0,1572814.9577124536,14.268377538574256
5499.0,1281981.50649354,176351.503720626,3.0,7846.418463835078,8.967812460019072
5500.0,1282371.20518193,176334.975848615,4.0,154961.18311856338,11.95092993304504
5501.0,1268651.84811188,174916.779239163,1.0,0.0,
5502.0,1268643.14801587,174587.900646821,3.0,47349.52138652198,10.765311990569938
5506.0,1258103.90826108,168595.878496692,3.0,141257.44232292267,11.858339336632511
5507.0,1257804.96790877,168393.297504485,2.0,9602.69225109922,9.169798780962026
5509.0,1285570.52915321,178900.129195243,3.0,1321856.256858424,14.094547561907497
5512.0,1266336.42884551,245217.010671139,4.0,296191.14268913446,12.598760277226035
5513.0,1277512.42162496,250653.86558871,4.0,437753.4577021397,12.989411148922477
5514.0,1277514.46917696,251309.837749392,4.0,630674.1089117244,13.35454454045621
5517.0,1280584.4902361,250581.66072464,4.0,550264.949120769,13.218155166890217
5518.0,1280844.39852437,250577.151220635,4.0,393013.73624483735,12.881599842517522
5521.0,1287968.91641967,188453.596661016,3.0,71597.05966709017,11.178809286003409
5522.0,1277421.11896886,225990.374619454,4.0,420850.2538100383,12.950032357728618
5524.0,1280503.78438002,249262.364467293,4.0,387609.006688579,12.867752395799409
5525.0,1268590.17335983,225720.072987184,3.0,19501.318479913716,9.878237356620641
5526.0,1268423.76555166,226000.901467472,4.0,71482.27146312215,11.177204746372302
5530.0,1280761.54962829,226073.419035539,4.0,150422.06924216097,11.921200416715513
5531.0,1281021.35385256,226064.695323527,4.0,130003.31050050534,11.775315194501985
5532.0,1268594.96075183,229695.527967244,3.0,889324.7633746134,13.698217760917744
5538.0,1271478.81617878,247086.345841065,4.0,611466.6458138649,13.323615687754797
5539.0,1271251.18545854,247628.162673607,4.0,555558.4215981417,13.227729051925504
5547.0,1272695.09592402,181426.552301824,3.0,223355.660155646,12.316520668548463
5553.0,1288586.93190829,189896.971382499,4.0,1133709.7835059064,13.9410058076817
5554.0,1279265.40101875,225949.961947411,4.0,593344.3405714164,13.29353018495294
5555.0,1284957.76761658,209954.049035043,4.0,148888.07488966608,11.910950127416971
5556.0,1285267.79257689,209949.703563035,4.0,410215.17114261375,12.924437108682023
5558.0,1275776.76101518,213920.935503095,4.0,1024040.2134257448,13.839266354734086
5559.0,1271339.31352264,218154.177683428,4.0,456937.792253922,13.032302538628239
5560.0,1271642.01637095,218148.218003422,1.0,0.0,
5565.0,1274816.1494302,220330.041109666,2.0,724868.1386689387,13.493745039597043
5566.0,1273898.05842125,207316.272200331,3.0,34421.46429018682,10.446435610702222
5568.0,1281518.55961306,207933.752904966,4.0,1111258.5031391457,13.921003717649723
5569.0,1270914.0348662,255951.447866142,3.0,142579.7011740388,11.86765642882175
5570.0,1270917.0387702,256193.127802387,4.0,417051.33063270175,12.940964588247816
5571.0,1269556.12913682,253677.633847803,3.0,264773.64659605,12.486630576174115
5578.0,1274478.90898184,223917.14447332904,3.0,80416.2550158132,11.294971611545677
5579.0,1274480.12811784,223979.371737391,3.0,9281.607970559591,9.135790083459879
5582.0,1275818.71007122,226147.586523622,4.0,508162.2439654406,13.138556053455085
5583.0,1276140.61560754,226139.325723603,4.0,409733.6736073828,12.923262651046866
5589.0,1283177.29542276,252238.84082233897,3.0,79095.32180557659,11.2784090092201
5590.0,1283893.22643149,252224.338550314,3.0,98180.06389248348,11.49455845838066
5591.0,1278507.38188198,232317.743137941,3.0,12751.121548028672,9.453374511269187
5592.0,1278686.43365815,232311.15785792505,3.0,31018.62463525396,10.34234309774802
5594.0,1282868.15430243,256817.304379031,1.0,0.0,
5595.0,1282872.11366245,256977.787707195,4.0,186300.2742031495,12.135115028425147
5608.0,1269733.828209,242299.323244154,4.0,348194.0745079727,12.760515288675656
5609.0,1262974.92081007,250337.47717239,3.0,622072.3826094588,13.340811735705522
5610.0,1281553.00178909,211885.534029007,3.0,115967.11366772631,11.66106192702954
5616.0,1275174.41509457,253003.433079123,3.0,101322.64926900284,11.526065251316238
5617.0,1274877.69951026,192143.474424794,3.0,239855.7545395596,12.387792998885718
5618.0,1275658.49029505,192381.218041047,1.0,0.0,
5620.0,1271062.50206636,176226.158504501,3.0,46600.99999999999,10.74937727911096
5621.0,1271143.99992244,176225.703144506,1.0,0.0,
5624.0,1274267.21682163,211715.790604845,2.0,46586.0,10.7490553457913
5626.0,1270194.68555346,212876.41985403,2.0,109697.99107771611,11.605486333221583
5627.0,1271996.60683531,210041.196811125,3.0,110625.43968383576,11.61390535684548
5628.0,1272429.82283576,209690.192266762,4.0,103492.2597422358,11.547252103791845
5630.0,1279317.9885388,227874.726813391,4.0,292105.15267219325,12.584869128316766
5631.0,1284478.94080009,243238.459501117,3.0,32849.98516424536,10.399706572291509
5632.0,1284733.94816035,243232.991021112,4.0,374790.79445171583,12.834123267816693
5635.0,1290335.11315809,185366.622833863,2.0,1225413.3504046774,14.018788773946413
5637.0,1256268.7396832,259341.687485605,3.0,505073.48461683793,13.132459211764097
5638.0,1281177.73055671,249908.331699952,3.0,6614.241245249668,8.796980367816015
5639.0,1284298.27187191,202512.555715412,4.0,1000253.4631308826,13.815763988978803
5640.0,1284295.65702391,202335.680131242,3.0,343229.22556865733,12.746153799056202
5641.0,1272360.00408368,204864.555589825,4.0,741361.6899040851,13.516243895722857
5643.0,1292482.63834429,188139.807220697,4.0,281450.3131554643,12.547711203541986
5647.0,1284066.48627166,211240.594380349,3.0,263667.3852698147,12.48244368350078
5648.0,1284330.61894394,210822.500427932,3.0,176780.55297091298,12.08266442862743
5649.0,1266687.00196587,244939.296686858,4.0,141730.30392365783,11.861681262543453
5652.0,1281894.31308544,243827.895341724,4.0,27176.43100079463,10.210105369325882
5653.0,1282149.4221417,243817.735917717,2.0,2608.062000812592,7.866362696081675
5654.0,1272173.50181149,249856.512883902,4.0,164043.89241947947,12.007889307702165
5655.0,1266026.0787652,243229.804333106,3.0,148228.60508277122,11.906510989971629
5656.0,1266035.6174532,243619.706157506,3.0,86453.32051391044,11.367359900019965
5657.0,1271033.47493032,214329.046223521,3.0,23742.165941177453,10.075007899940307
5658.0,1271263.31992255,214324.558671504,4.0,87975.39643980349,11.384812468457593
5661.0,1279903.46898741,225936.0347794,4.0,514727.3603325594,13.15139264205308
5662.0,1280186.4034517,225929.88425140097,3.0,66873.88230045911,11.110563770794476
5663.0,1268238.25611146,254493.403192639,4.0,580569.01166274,13.271763956193992
5664.0,1268275.38199949,227312.909020811,4.0,1174763.1472957674,13.97657710847151
5665.0,1268492.10302372,227551.040413052,4.0,201497.3107745321,12.213531314247717
5666.0,1272643.95333198,224880.331866324,4.0,604423.8131205125,13.312030908208337
5667.0,1272488.13899581,225143.691866592,4.0,94286.43349858424,11.45409259293349
5668.0,1273444.7322128,247701.43448169497,3.0,23841.607522182934,10.079187548527779
5669.0,1266245.01630142,254532.227640688,4.0,370212.3864593549,12.821832137393121
5672.0,1282560.44332613,197921.782462716,3.0,2932.385968134093,7.983571694224797
5673.0,1282562.29926212,197642.761982426,3.0,6877.0458684891,8.835944459137508
5681.0,1266311.76714949,173289.432101488,4.0,192025.28869299995,12.16538235427937
5682.0,1265977.73764515,173290.262437493,4.0,585580.6852808201,13.28035925829981
5689.0,1275793.20159119,215432.51150465,4.0,151972.54747172928,11.931455174778067
5690.0,1276043.16274345,215426.513168633,3.0,25240.291008663797,10.136196846250481
5692.0,1267598.5339348,255830.290618017,4.0,47915.40052359421,10.777192245786946
5693.0,1268258.39351948,255814.350073993,3.0,32533.760753135462,10.390033621550527
5694.0,1278442.15199392,250631.093044683,4.0,312466.4058679448,12.652252241157345
5695.0,1278446.35180192,251283.695413351,4.0,240900.12724621137,12.392137716814576
5704.0,1274227.70936559,229237.334302783,4.0,1334793.312480987,14.104287015718686
5705.0,1268208.76369543,252708.81067881,4.0,153711.95300231536,11.942835694897907
5706.0,1270372.95787364,244046.648493946,4.0,158474.82517125088,11.973351027957253
5707.0,1270385.24132966,244469.576494381,4.0,181393.5080233405,12.108424027838309
5708.0,1254378.82710527,251528.135861605,1.0,0.0,
5709.0,1254381.19030526,251764.370613843,3.0,72004.40818446613,11.184482620908284
5712.0,1274808.05528618,207440.946440458,3.0,42716.79761373167,10.662347508598886
5713.0,1274804.45983018,207299.472648323,2.0,2847.9228254357367,7.954345174354229
5714.0,1264014.64938714,259621.86572589,3.0,281085.27268750087,12.546413363802104
5720.0,1273215.89509256,254609.836408764,4.0,357533.9821308506,12.786985691510237
5721.0,1273216.10213256,254751.221624911,4.0,254128.26946904,12.445594416441748
5728.0,1264878.72836402,242592.731116459,4.0,69593.93956991096,11.150432767386294
5729.0,1265298.87582044,242585.128812447,3.0,80235.75565845468,11.292724525654227
5731.0,1284982.7111046,245205.916527137,4.0,122694.78711655944,11.717455145008882
5734.0,1284137.60057575,248179.232114181,4.0,494037.8604201777,13.11036743376
5735.0,1284141.57830374,248526.321330532,4.0,392251.6403762012,12.87965885255263
5736.0,1279025.12818651,256558.563130766,3.0,444866.702332672,13.005529970955878
5737.0,1277742.68229719,225982.763035446,4.0,698121.996704685,13.456149146851404
5738.0,1272053.47448337,215829.286673054,3.0,217624.26795243367,12.290525313262116
5743.0,1274287.52677365,205680.202310666,3.0,49499.077539553386,10.80970931281856
5744.0,1281656.5134052,185585.664690077,2.0,139682.99667644277,11.847130824712448
5745.0,1281646.93202919,185316.55601780105,3.0,93161.9014383476,11.44209413424885
5746.0,1271016.9171703,223205.607512608,4.0,200277.4844595492,12.207459106246914
5747.0,1271139.64926644,223278.215960681,2.0,14.166666666666666,2.6508917872622613
5749.0,1267285.05918248,172646.332964838,3.0,6895.216965858698,8.838583256861938
5752.0,1275508.69234291,204579.457733527,4.0,63980.88249331627,11.066339606676847
5753.0,1275496.11032689,204105.325829044,4.0,100004.3586857662,11.512969050878011
5755.0,1280206.51103571,226535.41942001897,5.0,454045.588552881,13.02595288729692
5756.0,1278315.04005778,222431.742615819,3.0,44633.23898635268,10.706234129185605
5757.0,1278308.63295378,222303.98069568,2.0,98.26094562558283,4.587626650402548
5760.0,1269374.99563262,245153.460271075,4.0,133841.43795114418,11.804411079410105
5761.0,1285221.46259286,201200.58752207496,3.0,428516.8773852944,12.968085403374527
5766.0,1269717.91358498,223504.089560911,4.0,117340.38142996113,11.672834233113404
5767.0,1269847.83454511,223580.991640985,4.0,181598.96872099527,12.10955606628406
5768.0,1280603.09849212,217785.577363059,3.0,143331.66010252613,11.872916525230192
5769.0,1280838.92543636,217778.76635505297,3.0,119030.22745592988,11.687132752072726
5770.0,1276949.69599238,244690.299758613,3.0,281429.6700639972,12.547637855431939
5771.0,1282028.71046159,253202.397239327,4.0,69437.09913350893,11.148176573310545
5772.0,1259616.72016662,246920.092592895,3.0,22055.646367735637,10.001323919193506
5773.0,1259618.86160663,247020.372528985,3.0,19906.556060273502,9.898804406720762
5776.0,1268535.57406376,256864.170811072,3.0,267108.6622524557,12.495410829318933
5781.0,1262925.42781802,253662.412087798,3.0,53467.27701656028,10.886825101202986
5783.0,1266179.81431735,244520.303406432,4.0,105154.42727686036,11.563185284636877
5784.0,1272250.76088357,257089.708027303,3.0,430583.1486851494,12.972895728648599
5785.0,1272581.28056391,257079.724155292,4.0,241048.08150598803,12.392751700897255
5790.0,1267679.11479889,245717.574959651,4.0,247366.98188343516,12.418628269578894
5792.0,1281716.85215726,213216.917198375,4.0,1203704.7412097806,14.00091464322339
5793.0,1265296.49393244,257603.891067833,4.0,140146.23608247566,11.850441699881783
5794.0,1265626.42468478,257595.748411819,4.0,192547.04685900145,12.16809580211688
5795.0,1269185.95172843,247213.944369197,3.0,1316189.1435582952,14.09025110664792
5796.0,1281738.27833328,211886.42183701703,3.0,11962.658537161937,9.389545288518695
5797.0,1281832.53926139,211729.570764855,3.0,45977.19089701618,10.73590070243207
5798.0,1282927.2142705,201227.135746107,4.0,372701.5479363909,12.828533238762699
5803.0,1286141.39417779,176211.115560487,4.0,101703.86081423146,11.529820544091221
5804.0,1271653.98053096,177179.466601476,1.0,0.0,
5805.0,1271933.58072324,177181.393769473,4.0,270516.1047295227,12.508086912389297
5807.0,1269380.42443264,224370.651417792,4.0,161683.87291826098,11.993398306010429
5808.0,1269224.54974447,224634.002330065,4.0,304848.8804326841,12.62757145881055
5812.0,1284358.37183997,205860.86106284,4.0,180520.62868769155,12.103600336583286
5813.0,1272664.25054799,228387.928541914,4.0,722911.0441299643,13.491041456406567
5814.0,1272669.658676,228897.869086429,3.0,69074.27958486073,11.142937720274483
5815.0,1276395.54623181,223328.030808732,4.0,1144978.7788063951,13.950896661005183
5816.0,1284211.36454381,248528.942066535,3.0,141894.49068114086,11.86283903703247
5817.0,1267536.22929475,228855.696606398,4.0,297370.8333784374,12.602735236169352
5818.0,1267309.8862545,229061.751966596,4.0,282095.1876316215,12.549999837757808
5820.0,1284152.35091175,255215.314169377,3.0,93182.0,11.442309848973883
5821.0,1284302.20588791,255211.788601384,1.0,0.0,
5822.0,1282185.18815774,223658.676505074,4.0,221385.2280074169,12.30765957619703
5823.0,1282468.22764604,223559.970328972,3.0,1496963.9322778394,14.21894956977674
5826.0,1263318.52842642,256994.702971205,3.0,34589.55287699378,10.451306975481486
5827.0,1262990.04970609,257003.19673121,4.0,60652.03974796556,11.012908545265296
5828.0,1280941.72972447,220296.479509622,4.0,160064.73233798245,11.983333589509101
5829.0,1280924.89574045,219875.844501197,4.0,185434.6491948136,12.13045780351326
5830.0,1259481.38384649,261243.627583563,1.0,0.0,
5831.0,1259579.28688659,261394.067903712,3.0,93182.0,11.442309848973883
5836.0,1284972.2583686,248211.678578213,3.0,194198.1966962276,12.176634548988975
5839.0,1269749.928561,180482.773676857,4.0,926373.250998802,13.739032511246267
5840.0,1278889.29682636,223871.215129286,4.0,1467752.2802828257,14.199242727515978
5841.0,1278903.96178637,224556.185177982,4.0,1331184.4161547136,14.10157964236601
5842.0,1276765.34732018,220837.335382178,3.0,39081.76340894317,10.573411228192521
5843.0,1287624.75667532,201397.226242274,3.0,88296.19641408387,11.388452309946077
5844.0,1288242.85587594,201385.386754259,1.0,0.0,
5845.0,1271572.58699487,244437.450862348,4.0,222177.8558115947,12.311233492407691
5846.0,1271866.51160318,244429.823278338,4.0,100764.16095075216,11.520538025274407
5847.0,1276037.64568745,212541.501197681,4.0,390835.2970413219,12.876041515034604
5848.0,1276277.43851969,212536.722061679,4.0,447047.1849330065,13.010419427158975
5850.0,1264066.86813919,246558.19268852504,3.0,356498.1715982796,12.784084390066756
5854.0,1279054.42245853,206039.470599025,3.0,144460.62188480454,11.880762236488307
5855.0,1263046.39933814,260520.797310814,3.0,376858.2693373574,12.839624452343475
5856.0,1263187.74455428,260968.158975273,2.0,0.0,
5858.0,1270960.33265825,243600.969261497,4.0,113877.34748886988,11.642877248961153
5859.0,1270972.45931426,244026.767341927,4.0,145344.56922165127,11.886862541832858
5866.0,1268667.42647991,225649.776859105,3.0,980881.468510484,13.796206904040867
5873.0,1272684.38827601,220290.860693619,4.0,9574.281618105562,9.166835784404487
5874.0,1272807.45592414,219852.61128516504,3.0,9867.380311552875,9.196989677902037
5875.0,1276708.60690413,218452.450003743,1.0,0.0,
5876.0,1276704.23589613,218120.2112194,4.0,459617.2850298782,13.038149433104804
5877.0,1286734.7141784,191809.840248451,3.0,160762.49888445047,11.987683392635226
5878.0,1286892.99603456,191805.60140045,4.0,167492.5418291655,12.028694102862888
5879.0,1278977.39077845,251273.330613345,4.0,466914.0865583168,13.05390055090082
5881.0,1272731.46462806,222432.48437582,3.0,59527.58684272679,10.994195128499436
5882.0,1272810.34667614,222430.797399819,1.0,0.0,
5883.0,1269841.9983211,218183.959443465,4.0,152860.96546444105,11.937284064781384
5884.0,1269826.55083309,217409.079058677,3.0,130952.63434210132,11.782590966893505
5897.0,1272964.2154763,203441.683780372,3.0,188977.70083001244,12.14938430205461
5898.0,1273956.62456532,203678.577668607,3.0,80572.93786363982,11.296918113599574
5901.0,1277398.65151285,224948.034138396,4.0,61268.19669058069,11.023016173110634
5903.0,1263734.43210685,250973.976181045,4.0,46984.5672474292,10.75757447033374
5904.0,1273586.97310893,230427.779743999,4.0,429927.48990146,12.971371845314282
5905.0,1273829.03589319,230421.132447988,4.0,345653.6252542803,12.75319246954141
5907.0,1280822.42713234,208705.142729759,3.0,19973.13180559473,9.90214323963204
5908.0,1281069.3088606,208698.509897754,4.0,768295.8817966477,13.55193020069122
5911.0,1264895.22276403,253226.704311341,4.0,1011114.4945747216,13.826563740427952
5912.0,1264900.60100403,253493.095479622,4.0,201735.3396216677,12.214711917428284
5913.0,1281462.909757,245923.557167873,4.0,654095.6538578713,13.391008879465941
5914.0,1284327.59430394,204384.733765334,4.0,961140.8903813766,13.77587628530368
5915.0,1284321.85811193,204111.861573055,4.0,1420703.6432533532,14.166662830264112
5918.0,1275160.19960655,231597.456545204,3.0,37289.99289738824,10.526480282703238
5919.0,1279103.70578659,232570.813218191,4.0,33880.792989682435,10.430603554326861
5920.0,1279025.02258651,232833.25296247,2.0,3868.137921203621,8.260528512918778
5921.0,1263827.39319494,247642.13476963303,3.0,8477.755750706465,9.045201041720086
5922.0,1255535.31235445,249652.946035683,4.0,522813.0442106472,13.16697921109165
5923.0,1291845.85063164,189102.73048567804,3.0,129955.07716234558,11.774944109428356
5928.0,1281663.36306921,244336.999982238,4.0,358929.5997868035,12.790881547367713
5929.0,1281913.01318146,244327.65060623,4.0,125685.16582045212,11.741535375048295
5930.0,1270368.70161764,245664.436271608,4.0,67342.88394192795,11.11755251837849
5931.0,1270720.557234,245657.63543959,3.0,93701.81982982138,11.44787288991434
5933.0,1270793.93829007,222168.396311536,4.0,258925.0091521859,12.46429375880394
5934.0,1270786.68075407,221835.395991206,4.0,279996.49794679653,12.5425323747403
5935.0,1272171.88965149,236387.106406108,4.0,229689.47804280795,12.344483580239265
5936.0,1282172.83679773,213975.35105516,3.0,14139.689636355197,9.556740989871285
5937.0,1282335.7636459,213625.302862793,4.0,118373.03732962236,11.68159625024214
5938.0,1275342.37867874,248364.29016237,3.0,1612.1464290189128,7.385321755801524
5939.0,1275593.22725499,248362.329842359,5.0,732637.0975920394,13.50440576630855
5940.0,1262712.3895458,245309.438319236,4.0,148302.4964681748,11.907009361889761
5941.0,1262301.01828139,245318.484527245,4.0,120775.11533407638,11.70168554437207
5945.0,1279553.93522705,256543.255418748,4.0,405890.5167112252,12.913838738945348
5946.0,1277350.27429679,213535.332238704,4.0,76053.33829660426,11.239190192800356
5947.0,1275724.28178312,221925.68879129,4.0,593076.7679105066,13.293079126448445
5948.0,1275720.59973513,221754.526743114,4.0,920909.212549412,13.733116735513706
5949.0,1266255.08158143,255060.277049229,4.0,445182.7338566156,13.006240114739752
5950.0,1257070.68592402,253727.712823868,4.0,410926.60689776746,12.926169905507592
5951.0,1287393.72038707,191791.521080434,3.0,226315.9229278604,12.32968719117842
5952.0,1280979.08198051,252562.949046671,4.0,252691.19356854944,12.439923443416241
5953.0,1280980.88582051,253222.96248734,4.0,274042.31257914414,12.521037798919151
5954.0,1278955.81535444,217314.53595458,4.0,692874.3223006441,13.448603908624055
5955.0,1279259.08741875,217306.984466568,3.0,790875.6114200507,13.580895979542044
5956.0,1274833.04312621,188488.236021057,3.0,120907.13340117554,11.702778037353418
5957.0,1274638.66687001,187227.934067771,2.0,46591.99999999999,10.749184131556358
5959.0,1295499.67860338,187369.712627903,3.0,960144.755613971,13.774839339174674
5960.0,1295857.22055574,187071.687667608,3.0,988462.8424832664,13.803906331086868
5962.0,1259212.83191022,253708.761079848,4.0,200520.88330701325,12.20867367644959
5963.0,1263567.61284268,247931.08824192,3.0,310428.8380499166,12.645709969064347
5965.0,1270269.19332954,257479.554363698,4.0,826601.3009788078,13.625077754950144
5968.0,1276970.2559924,218113.245011389,3.0,785647.7129435564,13.574263768576754
5970.0,1284939.31257656,208665.40954572,4.0,64359.06387381804,11.072233055845443
5971.0,1284933.16659255,208236.279177278,4.0,240925.2426544653,12.39224196789742
5972.0,1288020.94585972,190527.567223147,4.0,929623.898856102,13.74253537350158
5976.0,1271294.12401859,223369.603608772,4.0,249812.46439718787,12.428465772935532
5977.0,1269730.14123298,244876.85783879497,3.0,54970.331625322346,10.914548893678464
5978.0,1269736.37547299,245146.77457507,4.0,169812.40409074945,12.042449601373546
5979.0,1271736.44427504,208289.89063333,3.0,87055.74929842468,11.374303988947904
5981.0,1279127.29273061,222904.594328299,4.0,98355.61434149867,11.496344907510712
5982.0,1279135.64767462,223269.360344678,4.0,114650.72132557834,11.649645579810771
5985.0,1272076.6266754,246150.237168103,4.0,354864.5817316657,12.779491535772413
5986.0,1284999.72422463,242250.146860108,2.0,556.1754514591609,6.321083804650288
5987.0,1284676.4830723,242566.077996433,3.0,1077.1418805180083,6.982066405265384
5989.0,1263998.91485912,251619.421109706,4.0,88812.90809768802,11.394287279876758
5993.0,1292895.70906471,188722.383861288,4.0,104821.73804647983,11.560016453467306
5996.0,1277070.6800565,236664.915238395,2.0,133576.87010986044,11.802432397176108
6000.0,1269018.86872026,245690.361775637,4.0,287312.6492011366,12.568326271847598
6001.0,1269011.81720026,245949.975087896,5.0,1206281.4124789906,14.00305297272962
6002.0,1283661.79609525,198580.07443139,3.0,68638.8057478718,11.136613335232392
6003.0,1285492.22521713,243006.32478088103,3.0,62268.50711883251,11.039211073254917
6006.0,1258701.9428217,255064.30264923,4.0,369065.7918201208,12.818730204745037
6007.0,1258713.73738171,255749.484025925,4.0,178210.01191913718,12.090717976049682
6009.0,1272044.79339536,230455.085792035,2.0,129.59514855122364,4.8644153491991675
6013.0,1279280.03551477,256551.175994754,3.0,211371.79977866125,12.26137394606811
6016.0,1256568.62454751,255213.960505381,4.0,516951.453730464,13.155704249140616
6017.0,1266272.75050944,253738.154423878,4.0,304722.62182291073,12.627157205154953
6018.0,1261273.79626432,251667.399669752,3.0,157132.41828211816,11.964844157392982
6019.0,1261162.04586421,251669.27992574903,3.0,35193.73748412835,10.468623433375186
6021.0,1280653.14758018,245649.760111585,3.0,300.928167913015,5.706871591461414
6022.0,1264273.82570741,255099.252089262,4.0,399839.1477844769,12.898817614675144
6023.0,1273547.05746089,254741.14514489504,3.0,18953.060168884385,9.849720683957697
6026.0,1273005.68914033,239636.85386543,1.0,0.0,
6027.0,1257522.56426048,249393.801523417,4.0,312121.4536275593,12.651147665491285
6029.0,1273338.85714068,250740.445492804,4.0,467694.3140238455,13.055570186325228
6030.0,1273733.82546109,250081.821812123,4.0,653931.0724050574,13.390757231008951
6031.0,1276025.46098344,232813.69065845,2.0,55834.53212348792,10.930147812217093
6032.0,1276337.74251975,232817.36189045,4.0,298186.3247392459,12.605473820902537
6033.0,1265826.71697299,179202.036075547,4.0,959086.9970991912,13.773737066225737
6034.0,1267357.40977456,249475.296435505,4.0,102533.53573629324,11.537945201964634
6035.0,1267361.99275056,249735.741107777,4.0,776762.4883364824,13.562889904804173
6036.0,1263315.19837841,243378.527789265,4.0,44356.39150780665,10.700012092524519
6038.0,1262350.42960943,262020.586304352,2.0,14442.518328332417,9.577931796710002
6039.0,1258513.7037175,257813.817532048,4.0,119988.5457636433,11.695151565238715
6040.0,1258634.51318963,258256.578428492,2.0,208.77285601686455,5.341246847638531
6043.0,1273886.06731725,227120.968156621,4.0,309475.652753287,12.64263470162563
6050.0,1272354.71045168,238187.22256794604,3.0,145123.64521200565,11.885341383638828
6051.0,1274822.1107102,207993.877129033,4.0,155899.37776513703,11.956966063794395
6053.0,1272269.45637159,222442.583767831,3.0,148487.72390096035,11.908257566474159
6056.0,1266080.20202924,249507.320691541,4.0,101384.99046985849,11.526680336203038
6057.0,1265595.75089276,255337.845433503,4.0,1617424.558482542,14.296345663454973
6059.0,1267658.50334287,244917.800942838,3.0,45569.02115315302,10.726983403955975
6065.0,1279888.73669939,214859.637008056,3.0,60212.00048320535,11.005626955005463
6066.0,1280175.00089169,214854.21480006,4.0,79302.04455364331,11.281019189808147
6070.0,1272691.01323602,220596.833877936,4.0,87340.78112659711,11.377572770514524
6071.0,1273008.79250035,220588.618325919,4.0,136984.13768680475,11.827620414798863
6075.0,1293830.27642566,185519.309234008,4.0,1483038.577524806,14.209603633947482
6076.0,1294486.77677834,185485.029105976,3.0,202809.10997598857,12.220020470676385
6078.0,1261990.18820105,171447.4521956,1.0,0.0,
6082.0,1284290.2748159,206532.232711539,3.0,95250.86627847487,11.464269387734728
6083.0,1284373.27302398,206531.35245552697,3.0,54755.897163172885,10.910640352621245
6087.0,1273065.9564044,248776.850994796,3.0,178352.7993904337,12.091518886713386
6088.0,1270729.75371401,254170.182072312,3.0,80570.53355164723,11.296888272961642
6089.0,1270749.91019402,254815.68146497,3.0,158122.4592690087,11.971125070470855
6093.0,1282525.82886209,252532.413366631,4.0,597522.2228054897,13.30054675507606
6094.0,1253772.69872065,251341.020725414,3.0,465758.0,13.051421464913206
6095.0,1284891.65881652,198370.609919176,4.0,232082.53625534463,12.354848347102275
6098.0,1256111.39024304,258926.787389189,3.0,22457.93442806092,10.019399257369601
6099.0,1255631.73341055,258936.588221192,3.0,214472.2801694703,12.275935779020136
6100.0,1276886.94188032,228765.099358305,3.0,36400.79290777186,10.502345836568127
6102.0,1269388.46379264,178517.590570852,4.0,212476.11593879413,12.266584865447607
6103.0,1269711.36401697,178514.561066836,3.0,105370.63964868856,11.56523931507613
6105.0,1280201.68325971,255720.949945897,3.0,313703.8893397778,12.656204792379814
6107.0,1270954.82513824,204899.331141859,4.0,428502.70588965947,12.968052331795038
6108.0,1271255.92984255,204890.798021853,3.0,557058.7462998343,13.230425982467935
6109.0,1276779.92568821,214265.219535455,4.0,438886.7114001629,12.99199659816206
6110.0,1259655.89431067,248814.484786823,4.0,381423.2902334434,12.85166503539534
6111.0,1277519.18898496,237555.090983301,4.0,163596.99043545974,12.005161307110304
6112.0,1277945.2130494,237544.549671292,4.0,709768.3634445012,13.472693947117106
6113.0,1284456.70035207,203365.629828289,1.0,0.0,
6114.0,1284701.17984031,203303.267716229,3.0,104153.7558581237,11.553623508046808
6115.0,1280288.17919579,200377.070529222,2.0,42415.52632088079,10.655269761003247
6116.0,1280603.55186813,200359.622401208,3.0,359792.638370782,12.79328313995235
6117.0,1280860.17113239,255963.400570154,4.0,171165.108407308,12.050383915886428
6118.0,1281531.19570906,255954.695866138,4.0,262543.4500034143,12.47817187113879
6121.0,1264506.77604364,211680.12334080003,3.0,214543.93644379315,12.276269828280814
6122.0,1264331.49617146,211684.381196812,2.0,46592.0,10.749184131556358
6123.0,1289168.6801329,189881.639414489,4.0,592797.5374948098,13.292608198931786
6124.0,1289459.55418119,189873.973046467,4.0,657304.6534222591,13.395902893828401
6125.0,1284927.02585655,207807.494600832,4.0,511775.5960730942,13.145641519025244
6126.0,1280584.1356121,249918.871347964,3.0,12025.733467770038,9.39480408835458
6128.0,1278991.03839447,203047.644227967,3.0,51200.51420986412,10.843504854138576
6135.0,1282171.37222172,252539.428470641,3.0,157538.41462799982,11.967424609908468
6136.0,1284964.53625658,245863.658671811,4.0,154591.20713581538,11.948539538587976
6139.0,1279069.57497054,231483.115233079,4.0,158031.32354700836,11.970548542657632
6140.0,1294388.98791423,181292.446893692,3.0,411999.2345360773,12.928776770407795
6142.0,1273350.58936469,209091.423498154,3.0,177130.995091254,12.084644823089238
6147.0,1293258.41338508,188502.917429075,3.0,72742.89970003699,11.194686581645762
6148.0,1262614.24669769,170076.847330198,4.0,280342.15323424543,12.543766111983176
6154.0,1269081.27012832,179836.475116193,4.0,370442.7933153434,12.822454307789583
6155.0,1292156.61018395,187877.433780432,3.0,308033.99301563145,12.637965422799597
6156.0,1269068.26232031,179176.572843522,4.0,627139.6862210545,13.34892457984371
6157.0,1263498.6694186,244500.304110408,3.0,90376.20741766,11.411736319456578
6158.0,1285309.93030494,196322.936893076,3.0,222761.70256477763,12.313857880719727
6159.0,1285509.66214515,196323.783997074,4.0,435774.86746303126,12.984881029942192
6160.0,1259224.53923823,254374.691192523,4.0,350540.8583590987,12.767232550300779
6161.0,1263035.76881014,247943.287345931,4.0,1385889.4466658449,14.141852691240286
6162.0,1285472.7692171,251809.852149904,3.0,186508.49738182663,12.136232079397118
6164.0,1255568.03107448,251488.954485565,4.0,44793.92292295577,10.709827760160747
6165.0,1254905.5153618,251494.865269572,4.0,56795.960299312654,10.947220480689015
6166.0,1282325.65804589,249226.856307253,4.0,375307.48105484655,12.835500918457207
6168.0,1281411.08242895,211889.037005022,3.0,14496.362448499509,9.581653031315899
6171.0,1270318.07998559,201876.109506771,3.0,82861.7176238991,11.324928444645353
6172.0,1270595.56734587,201931.472898826,3.0,55032.50304944449,10.915679254199187
6173.0,1265456.88695662,248993.72459501,4.0,253497.2542466404,12.443108270580515
6174.0,1265697.66014086,249005.751475021,4.0,231021.31101316877,12.35026524071692
6177.0,1260285.32675931,247436.891761422,4.0,123084.04184661555,11.720622668079557
6178.0,1259627.88816664,247451.450417429,3.0,17900.29963081561,9.792572730840458
6179.0,1274087.78411745,239513.984361306,3.0,48617.61381409031,10.79174116838705
6182.0,1281600.57286115,221495.833046854,4.0,112750.08989460228,11.63292905465598
6183.0,1281768.66604531,221489.626070842,3.0,3135.186713311955,8.050444008968798
6184.0,1271810.68888311,197361.676606148,4.0,363317.37741325615,12.803032049196549
6185.0,1272470.57406779,197341.385982126,3.0,118180.5097561541,11.679968478278028
6188.0,1262042.76029712,259672.573629946,4.0,212084.33863488355,12.264739298292714
6189.0,1262055.16772112,260338.904318631,4.0,61155.977165410375,11.02118288229778
6190.0,1274165.21669354,224658.766682088,4.0,1169067.1276441002,13.971716661939949
6191.0,1274493.24818186,224651.381850094,4.0,1043319.7221385476,13.857918227889531
6193.0,1273738.87602109,222105.176983476,4.0,1034486.3809689456,13.84941561123714
6195.0,1268239.47691146,242715.88343659,4.0,399405.6203564324,12.897732771863922
6196.0,1281635.95468518,209907.173514992,3.0,80440.55472463355,11.29527373999202
6197.0,1281785.95244533,209906.202698991,4.0,131229.56729993125,11.784703490620027
6198.0,1286166.65952182,205034.395206004,3.0,6796.615088345821,8.82417998610443
6199.0,1286164.33766581,204879.28557384,5.0,239577.73246762253,12.386633204625884
6200.0,1265084.87556423,245006.278126925,3.0,48955.91553716087,10.798675489220098
6201.0,1265089.18494023,245175.138415098,1.0,0.0,
6202.0,1282952.28179052,202798.668355703,3.0,182516.9855698723,12.114598519289528
6203.0,1283614.44550321,202785.566979691,4.0,119005.73675366152,11.68692697894566
6204.0,1254869.97571377,249664.353843704,3.0,526153.1856837412,13.17334767685697
6207.0,1269266.09886451,241885.346091732,3.0,30855.547665721384,10.337071840256415
6208.0,1269425.87281668,241881.122027725,4.0,141124.15794956422,11.857395334734884
6209.0,1276958.41548039,217566.493458837,3.0,162189.7523431427,11.99652223952541
6210.0,1268286.0230235,258193.11366044,3.0,89163.51939905864,11.398227259567998
6211.0,1263951.95268308,259871.750398159,1.0,0.0,
6213.0,1279128.93375461,178425.369322747,3.0,639759.6382294644,13.368847819527096
6218.0,1265304.20388445,172649.71286884,2.0,92136.90909090912,11.431030892137231
6221.0,1293270.8720091,188916.898229495,3.0,77116.25939673142,11.253069424434997
6222.0,1293267.02656908,188788.51198937,3.0,113516.02588510116,11.639699303161766
6230.0,1273334.00114068,243912.146477804,3.0,56398.18992633441,10.940192343466434
6231.0,1273347.28920469,244372.131118283,3.0,214229.36954395424,12.27480254031357
6232.0,1276799.30488822,217057.017426312,4.0,302881.4470940368,12.621096744211837
6233.0,1276789.85023221,216696.982417941,4.0,224914.2664155312,12.32347457041988
6236.0,1284235.49510384,198822.943999633,3.0,259047.93810949317,12.46476841278062
6238.0,1276341.66411975,206860.572935864,1.0,0.0,
6239.0,1276323.84427974,206154.251527146,4.0,309091.3004166464,12.641391982841073
6244.0,1282939.07743852,202003.632514894,3.0,89809.48838138774,11.405445909971203
6245.0,1282938.53407851,201875.147906765,3.0,37863.5118146546,10.541743178376372
6249.0,1275423.88408682,242801.026348665,4.0,143705.94456481194,11.875524439094661
6250.0,1275708.71557511,242791.050284654,4.0,165281.1797148482,12.015403422002533
6251.0,1285577.67417721,209945.360075027,4.0,164904.47555799538,12.013121649222407
6252.0,1285886.94816153,209940.738379017,3.0,33518.15508351234,10.41984251380661
6255.0,1274267.18661363,211395.740364507,1.0,0.0,
6256.0,1274424.20926979,211393.822092503,4.0,247330.707216966,12.418481615703877
6257.0,1264338.99089147,245019.279086947,3.0,362244.5669572666,12.800074862022884
6258.0,1264038.92292316,245018.881774947,4.0,273119.659099157,12.517665289855099
6261.0,1261358.76592842,188169.130996734,3.0,254456.77829764597,12.446886270678263
6270.0,1283194.48275077,201872.645570755,3.0,5253.252735166343,8.566602732335395
6274.0,1281569.03551711,257010.10681122504,3.0,232785.38583157127,12.357872217231366
6275.0,1282228.86098978,256994.5222352,3.0,212676.38070383947,12.267526949906422
6276.0,1267509.45572671,244620.952814534,4.0,474050.2910108817,13.06906869422817
6277.0,1267517.87825473,244921.937774837,4.0,615197.3108013457,13.329698325904827
6279.0,1278329.38751379,227037.868252531,4.0,215854.97893803733,12.282362067375166
6292.0,1287338.33203502,189521.127670109,3.0,213239.5973017797,12.270171682460798
6293.0,1287330.24838701,189196.65355777703,3.0,238678.4832960758,12.38287266706612
6295.0,1278943.67199442,234681.48746036,4.0,1614692.1767283457,14.294654893826914
6296.0,1277489.66213693,227908.863517419,4.0,293317.8565084476,12.589012134491302
6297.0,1277512.75199296,228573.995742097,3.0,150862.86641311712,11.924126533711783
6298.0,1283916.75980751,199916.40704076,3.0,56887.344389095706,10.948828176906446
6299.0,1283908.67884751,199246.653440073,4.0,794604.8142787884,13.585600181089296
6307.0,1274604.46974997,252143.648694232,3.0,742593.9287759942,13.517904645060124
6308.0,1258659.26013365,259082.524285346,1.0,0.0,
6309.0,1277868.14661732,218082.25685136,4.0,1299072.7387766943,14.077161290064
6312.0,1272904.05022824,242051.627563909,4.0,190843.83713692264,12.159210765993214
6313.0,1272914.75461225,242422.428332284,1.0,0.0,
6316.0,1271198.87877049,198941.215743765,4.0,174761.69882973877,12.071178603948193
6319.0,1277001.93477644,221420.801046774,4.0,671932.4954136806,13.41791316120607
6322.0,1271502.4782588,249600.307379633,4.0,465904.3583322492,13.051735652412882
6325.0,1282443.676478,178856.815979198,2.0,83919.68641080607,11.337615506299684
6326.0,1282662.14751823,178717.903851047,3.0,53767.20889812735,10.892419060294413
6327.0,1265161.27306831,243631.75889352,3.0,61727.256191886736,11.030480865864304
6328.0,1271503.8847228,198931.936255753,3.0,46687.56358017944,10.751233103698706
6329.0,1283567.87993516,205879.785222858,3.0,250890.59092796317,12.432772230367796
6330.0,1283820.87487942,205874.192710862,3.0,180518.43713716904,12.103588196342908
6335.0,1264984.10577212,250951.284341022,4.0,162918.50052970447,12.001005357998563
6338.0,1274519.02238989,246873.105776846,4.0,124009.14028331252,11.728110553832778
6339.0,1263995.02506712,258294.793916538,4.0,299870.29835668707,12.611105321341926
6340.0,1258823.26211782,258257.96460449704,3.0,27009.0695247102,10.203927996904497
6341.0,1258827.26506183,258539.046716794,4.0,113217.07370401968,11.63706226115188
6342.0,1276976.3370164,251320.060469389,4.0,531957.884444404,13.184319600611913
6343.0,1276979.95186441,251980.072950065,4.0,379018.7751779322,12.845341021565615
6346.0,1281472.11186901,246583.501360551,3.0,597505.3254268947,13.300518475596443
6347.0,1275196.32056658,203965.58035691097,3.0,1103925.1050592046,13.914382663897682
6348.0,1275485.26623088,203721.020484656,3.0,1385965.0667995864,14.141907254085048
6351.0,1276476.92331989,217064.835346311,4.0,164256.9201196053,12.009187067085557
6352.0,1288907.25184463,191029.51141566,3.0,562191.9002336984,13.23959853008237
6355.0,1292850.67732066,187397.803507939,3.0,1571.5896746239991,7.359842917685628
6356.0,1281757.1076453,215049.140240252,3.0,3601.815927933971,8.189193421691071
6359.0,1285494.94470513,178434.776426762,3.0,222023.8109041708,12.310539911427961
6360.0,1285618.68294525,178434.33188276002,3.0,408068.9810509715,12.919191510298734
6363.0,1277128.36428057,217352.040146619,4.0,1065458.987012969,13.87891623800426
6364.0,1277447.84460089,217344.43355460503,5.0,1105309.107049218,13.915635588701653
6367.0,1280880.7406684,209682.091914758,4.0,159036.0628430061,11.976886265818166
6368.0,1281161.06815669,209728.859530807,3.0,14780.56391491705,9.60106834769296
6372.0,1263477.15409058,247650.385713637,3.0,39387.09252619912,10.581193440755252
6373.0,1286556.64333022,202661.748995572,3.0,307111.3121783649,12.634965541238504
6374.0,1286549.84646621,202481.778883383,3.0,229484.67600382428,12.343591535028272
6379.0,1279432.70092292,247293.025521278,4.0,1593694.4782366802,14.281565450097217
6380.0,1279440.88031493,247827.250225812,3.0,48035.08786606994,10.77968702005149
6383.0,1274099.24766946,242774.870572641,3.0,813510.4473440187,13.609114048022219
6387.0,1284762.48684838,252921.153719038,4.0,158176.92172903338,11.971469443326667
6390.0,1292368.97095217,186981.625523508,4.0,434937.0225427029,12.982956523825898
6391.0,1292153.81453595,186634.079923153,2.0,1452.9015542070265,7.281317907804181
6392.0,1291646.68627943,188705.659445271,4.0,245416.53109496276,12.410712172865258
6394.0,1274175.40760554,250356.069940403,4.0,228908.39932481665,12.341077199565458
6395.0,1274841.88530222,250311.178292364,4.0,174267.9626325482,12.068349408719007
6396.0,1269965.01675323,248279.910066277,3.0,24541.30800384934,10.108113017734816
6397.0,1269926.45150518,248471.354866475,3.0,7145.918383951479,8.874296617296677
6400.0,1258955.57520595,254377.584888533,4.0,389118.9666209414,12.871640402634156
6401.0,1275082.57343046,212026.298189163,4.0,1460107.178318734,14.194020400797504
6402.0,1275301.82987869,212023.149261162,4.0,1400711.4652272495,14.152490854948995
6403.0,1282860.22879843,212497.269005641,4.0,479992.043754173,13.081524807234558
6404.0,1283023.03852659,212510.263117656,3.0,467454.7297302225,13.055057788220424
6405.0,1268616.65527984,230547.584608123,4.0,321854.14864587534,12.681853767395745
6406.0,1262775.43172187,248214.902322218,3.0,34974.83637178015,10.462384121089004
6407.0,1283082.92159866,208605.105545655,3.0,459076.7931931869,13.036972780480468
6409.0,1282308.70726186,250550.173236609,4.0,318352.4761493072,12.670914463487193
6410.0,1275495.12415089,216418.906833664,4.0,80164.22582976555,11.291832632366372
6411.0,1275487.52043888,216158.838481396,4.0,293363.7000937521,12.58916841547502
6414.0,1279500.59116299,202004.801154897,4.0,453503.7677728171,13.024758856711895
6415.0,1274593.71742997,243141.475757018,3.0,114455.7030076708,11.6479431538262
6416.0,1274752.02091813,243135.612909019,4.0,84314.34930148585,11.342307346604136
6419.0,1265570.19057272,254016.852344155,4.0,171213.17065203452,12.050664671109418
6420.0,1266256.67441343,254004.526264146,4.0,185651.5203406617,12.131626648856162
6427.0,1284541.14444815,183593.716272041,4.0,224951.8551545016,12.323641681199089
6428.0,1284535.17004815,182888.683247328,3.0,274291.34867635067,12.52194613678686
6429.0,1275693.09355909,206574.50496757,4.0,260649.1690884941,12.470930602347297
6430.0,1276171.64210358,206562.691655561,1.0,0.0,
6432.0,1279896.7245394,219014.499092311,1.0,0.0,
6433.0,1284248.25619185,199690.938688532,3.0,83848.8879353366,11.336771504615244
6435.0,1271940.90059525,252811.254006922,3.0,20353.14271916236,9.920990612321207
6436.0,1272198.20024352,252801.796662912,4.0,49416.4429097081,10.808038500216176
6439.0,1278730.6275142,233714.217059374,4.0,362709.94584214094,12.801358746571731
6440.0,1279052.33125854,233705.429347351,3.0,346453.960417094,12.755505218414909
6443.0,1269722.43486498,248088.204082087,3.0,38521.16518928524,10.558963114397594
6452.0,1282318.10687788,248560.768114567,4.0,378616.279136886,12.844278515081472
6456.0,1291070.13203885,181657.80875006304,3.0,31820.788217396574,10.367875072716235
6457.0,1290962.37434272,181375.214125767,3.0,64831.46422580175,11.079546323534872
6458.0,1279565.88044307,258200.726844445,4.0,130089.31235022435,11.775976511627482
6459.0,1278684.98354615,248614.525554627,4.0,523820.8013674175,13.16890492269071
6468.0,1279942.25599544,184155.07211262,1.0,0.0,
6469.0,1281174.8092767,184235.357360706,3.0,393305.6965399803,12.882342442271227
6470.0,1256374.8106593,257522.640891746,3.0,288646.23805519665,12.572957127510323
6471.0,1256071.043235,257528.648763746,1.0,0.0,
6472.0,1267051.10359824,245201.683247134,6.0,338743.4482746553,12.732998310102383
6473.0,1270054.04939333,243203.10622108,4.0,216173.32488966608,12.283835794936188
6474.0,1270348.27089763,243195.131501079,4.0,199274.7993886383,12.202440052589498
6477.0,1284221.63321583,197902.597118691,3.0,612919.8949601625,13.325989529316
6478.0,1271833.18129914,247097.07972906495,3.0,108714.36257040528,11.596479194743367
6479.0,1272168.16555548,246942.640432909,3.0,4877.057509948792,8.492297347715326
6480.0,1258426.05558941,254382.563896537,4.0,555255.2107215716,13.227183126172923
6481.0,1258437.92298143,255067.709177226,4.0,320178.2599345945,12.676633181969915
6485.0,1277937.72914539,200767.349889636,3.0,644575.6485808535,13.376347470083724
6492.0,1271995.74494731,205426.708998397,4.0,454984.8889834415,13.028019486356186
6496.0,1286118.65932977,203515.44122044704,3.0,45220.9540323444,10.719315843184475
6499.0,1293845.70976968,186038.858994544,4.0,959166.7396494178,13.773820206999812
6500.0,1294502.74093835,186005.914226517,3.0,220894.0472176585,12.305438441184803
6502.0,1271438.78712274,241019.330410853,3.0,139687.5961406922,11.847163752045303
6509.0,1274978.48639037,207019.510280028,4.0,272645.4657160308,12.515927569796082
6510.0,1275703.68933511,207000.642248005,4.0,227232.7818601463,12.333730241777136
6512.0,1284527.91411214,249064.502643079,3.0,104032.13645859844,11.55245513480108
6513.0,1279005.90943448,228309.574365839,4.0,177393.5829816989,12.086126175608666
6514.0,1272783.99768412,247995.257393986,4.0,38171.306748904855,10.54983938012589
6516.0,1286391.66201805,192918.476153597,3.0,675777.4902124172,13.423619144350706
6518.0,1277906.56415336,206770.38183178,4.0,45937.58673339324,10.735038944027277
6523.0,1265590.64260475,255073.862649232,4.0,419217.5565687246,12.946145292239663
6524.0,1277364.5872568,223308.086296707,4.0,134270.51528996084,11.80761181477415
6525.0,1277369.0626488,223613.962649018,4.0,121106.49691846684,11.704425577304981
6526.0,1278652.65554613,256569.48338677,2.0,96574.4573239461,11.478069568299912
6527.0,1278719.8387782,256566.652026772,2.0,87441.45002314965,11.378724705777305
6537.0,1274022.41477339,213963.549263135,1.0,0.0,
6538.0,1274141.93950951,213960.670927137,4.0,127423.97964281192,11.755275227664406
6539.0,1275496.5969189,226155.528155625,4.0,610570.9019869415,13.322149703360198
6540.0,1272680.43486801,250827.553588897,4.0,426752.2267738618,12.963958858625174
6541.0,1272525.15435585,251086.389045149,3.0,291172.9220805635,12.581672603620373
6544.0,1281107.41574064,196610.289021373,4.0,56763.308809883136,10.946645424322671
6545.0,1281407.41804494,196603.100989372,4.0,126414.59670285883,11.747322234271701
6546.0,1255572.59869049,251761.896885842,4.0,61643.63990251779,11.029125338672406
6550.0,1277970.13887343,225612.070555076,4.0,349300.1923965294,12.763686981600753
6551.0,1278290.52044176,225604.922907069,4.0,275508.0335989681,12.52637206721881
6552.0,1279695.5219152,204544.388613492,2.0,46591.99999999999,10.749184131556358
6553.0,1279965.07058747,204528.776133478,1.0,0.0,
6554.0,1261564.86423263,253015.147319138,4.0,407307.3591726642,12.91732336166052
6555.0,1261587.59351265,253681.547575817,4.0,794238.6664957602,13.58513928258804
6556.0,1259705.42211872,251692.31595777,4.0,263795.6276839432,12.482929944768417
6557.0,1259441.46167046,251696.948533773,4.0,134558.02195910746,11.809750775032642
6563.0,1285207.54662484,251816.634613901,1.0,0.0,
6564.0,1285198.40851283,252214.654518306,2.0,46592.0,10.749184131556358
6565.0,1274186.20286955,250865.573172927,3.0,252592.9938482633,12.439534752362897
6566.0,1267211.47729442,227409.809436917,4.0,277180.0682771832,12.53242263995072
6568.0,1285319.48537695,177296.715433598,1.0,0.0,
6569.0,1285316.99520095,177012.869545311,4.0,139770.0,11.847753493478953
6570.0,1277218.64984865,179421.498923764,3.0,276937.037186499,12.531545456756513
6571.0,1277207.84415264,179093.602539435,3.0,267926.3793671709,12.498467517901139
6575.0,1265896.10327706,170036.465186164,3.0,132950.06806440483,11.797728908625942
6576.0,1265566.09969272,170036.311330155,4.0,191524.12754691,12.162769072078524
6577.0,1263999.58967511,243368.820781246,3.0,191518.71291912644,12.162740800422135
6578.0,1263518.92861862,243375.459565267,4.0,1137610.5500449387,13.9444406119376
6579.0,1280227.48242773,210395.765707493,2.0,834.1075097337073,6.726362302604359
6580.0,1280213.89714772,209942.508747026,3.0,391172.1560873829,12.876903038963944
6582.0,1259694.06551071,251032.418357104,4.0,337093.8502962678,12.728116658090062
6590.0,1282589.54367815,249882.735923916,4.0,1424432.480048293,14.169284032743231
6591.0,1280438.24876395,254157.152888298,3.0,325079.811362671,12.69182600458726
6592.0,1289732.39552547,189162.778613746,4.0,1491120.355059308,14.215038311521507
6593.0,1289719.16128546,188602.398197174,4.0,74776.790187524,11.222262824201524
6594.0,1280588.76287611,210922.936844021,3.0,158671.4791004755,11.97459117455067
6596.0,1277626.13068107,202002.3143069,3.0,49777.32141542346,10.815314766025152
6597.0,1260588.49776763,253031.16267915105,3.0,38506.205648085845,10.55857469295143
6600.0,1272890.72613223,235139.25456482204,3.0,152256.74334506303,11.933323475856096
6601.0,1272806.46411614,235508.655397207,5.0,404928.7435412458,12.911466388735622
6603.0,1266949.39972614,175257.94813551,3.0,733980.8023992241,13.506238152485162
6608.0,1275683.03480709,206169.970631167,4.0,640546.9221289721,13.37007765622889
6612.0,1285326.85971296,243009.594476879,3.0,300.2357142857142,5.704567880430036
6618.0,1270356.30763362,245134.582703054,4.0,28337.698450555683,10.251948297898654
6619.0,1270362.62161763,245404.508975342,4.0,49574.48408866892,10.811231546650417
6622.0,1256859.6745318,247789.395953774,4.0,1357726.2095776638,14.121321953797466
6623.0,1256865.61181182,248078.106354073,4.0,1219555.2565144624,14.013996806406576
6624.0,1285804.59596945,249776.460851818,4.0,1212090.555657563,14.007857158709383
6625.0,1265991.20318116,174271.687654495,4.0,701822.8398408209,13.461436286259453
6626.0,1265986.76190116,173943.209958166,4.0,591406.7337497969,13.290259272453035
6634.0,1283362.67302294,251191.97246927,3.0,23194.302519982637,10.051661946459209
6635.0,1283345.15302293,251702.790005788,2.0,493.7968174152211,6.202124131801653
6636.0,1264459.84010759,247647.43102563903,3.0,69917.08420573486,11.15506530759681
6637.0,1277490.87896894,234957.609252647,3.0,43036.24901643438,10.669798039932639
6638.0,1256238.03862718,251483.24286955604,3.0,7057.148999958249,8.86179642455975
6639.0,1288296.05818,189904.637366503,3.0,37041.74330235289,10.519800753050871
6642.0,1264734.14858787,250955.929653019,4.0,122072.20581940138,11.712367999619378
6643.0,1264484.18122761,250960.642869025,4.0,78641.42313300892,11.272653851465657
6645.0,1276949.00997637,230809.968928397,4.0,396135.9973566447,12.889512858947128
6646.0,1277268.37285671,230802.516512379,4.0,202685.49435510908,12.219410767743776
6647.0,1283411.320895,197587.354942366,4.0,59920.4954470604,11.000773886632558
6648.0,1283643.90111923,197585.365758374,1.0,0.0,
6649.0,1272872.8570762,253645.635575771,1.0,0.0,
6650.0,1260270.3586313,245362.539567292,4.0,387120.39603879256,12.866491024505509
6651.0,1260272.8523913,245627.874991566,4.0,393398.1458951673,12.882577471898962
6653.0,1266158.04074933,243616.714349508,3.0,90794.46387327812,11.416353592171994
6660.0,1278903.40831438,219252.061268553,3.0,32068.1479878644,10.375618541966476
6662.0,1285049.16243267,206523.998151526,3.0,14619.66458657722,9.590122790946014
6663.0,1279827.21420333,252427.455926523,3.0,16913.038970615882,9.735840140152543
6669.0,1281786.03410934,210548.948427647,4.0,850669.8520047348,13.65377937929137
6670.0,1282055.6890856,210541.462923631,4.0,794264.583674262,13.585171913529779
6673.0,1263579.17482668,248462.709234476,4.0,742288.0705523255,13.517492682051437
6680.0,1273553.5968529,255386.299385563,4.0,64852.06921260938,11.079864096908787
6681.0,1274216.43768558,255368.342393547,4.0,86322.93208447676,11.36585056696955
6683.0,1280072.48108357,221069.933014423,4.0,125677.61383191786,11.741475286688777
6684.0,1280219.03922772,221064.493718415,2.0,9886.473878308016,9.198922826999706
6685.0,1278246.8952257,256911.87180312,1.0,0.0,
6687.0,1282611.61676618,198661.42335946896,3.0,12142.4594089514,9.404463631323754
6688.0,1282613.61811018,198224.310015023,3.0,268.9148618064384,5.5943948306446805
6689.0,1275601.708855,241094.243626922,3.0,372638.0,12.828362717993418
6690.0,1275966.52280737,240873.124650702,2.0,279492.0,12.540728948627407
6693.0,1277855.6955453,253891.494008034,4.0,542098.4928229518,13.203202984988065
6694.0,1263241.29591434,244674.004846588,3.0,106909.29797916728,11.57973607152043
6695.0,1287942.17664364,187430.18923597,3.0,248750.3230729088,12.424204953805559
6698.0,1280135.58073165,247038.36433701203,3.0,563658.4730896698,13.242203802897027
6699.0,1280139.25394765,247278.25553725695,3.0,541756.3316346211,13.20257160670386
6700.0,1277757.1245372,176459.385064736,3.0,188502.4556207333,12.146866312951044
6701.0,1272396.01086771,221827.565655202,4.0,42044.260669439456,10.646478167844096
6702.0,1272389.23857971,221521.631254882,4.0,52233.00258444412,10.863469807513852
6704.0,1277594.28492104,230794.910560384,4.0,528240.2308056321,13.17730644180163
6707.0,1277483.99583292,206263.186695263,5.0,1084203.4204374745,13.896356100606456
6708.0,1272407.64638773,195290.568188027,3.0,700270.3464293033,13.45922174865069
6709.0,1273057.65163639,195275.223100007,4.0,389182.7811842077,12.871804386753656
6710.0,1285597.61766523,200216.257857069,2.0,31514.644520827904,10.358207622201789
6711.0,1286277.65440193,200199.776577041,3.0,31235.947544977294,10.349324875468097
6712.0,1273716.79006907,208426.77255347403,3.0,104604.28953428916,11.557939838704135
6713.0,1274032.5374614,208421.555081472,3.0,84726.56280200864,11.347184441888004
6714.0,1280462.20242798,219894.225685209,2.0,2450.6404556991424,7.80410467986645
6715.0,1280628.72838014,219887.609877214,5.0,172402.27037549423,12.057585806356421
6719.0,1259615.36490263,246856.612720817,3.0,31454.204038208187,10.356287926905964
6720.0,1259537.61795855,246958.351024926,4.0,86264.91713644123,11.365178272245645
6723.0,1272520.27806784,231590.482465193,4.0,279752.0559806762,12.541658975497214
6732.0,1273565.87832491,227964.55471748096,5.0,623005.0544061953,13.342309910748229
6733.0,1273758.87429312,227962.847645476,3.0,278072.88170344784,12.535638522714583
6734.0,1261844.57303292,253678.209335804,4.0,798532.2054816271,13.590530578299298
6735.0,1273238.49643658,250710.627636775,3.0,1321077.7237756236,14.093958418848288
6736.0,1278351.94744982,227900.486941412,4.0,195350.94606935183,12.182552943416725
6737.0,1278362.17413783,228326.362717852,4.0,103389.04950430738,11.546254331234557
6738.0,1281197.26886073,192895.878457561,1.0,0.0,
6739.0,1284128.55110373,247385.752369359,4.0,513797.7513396642,13.149584987119859
6740.0,1284130.39788774,247545.11492952696,3.0,55809.77825911172,10.929704370635575
6743.0,1269339.04260859,227215.98959671,4.0,252223.65792128444,12.43807150430409
6744.0,1269023.91723226,227502.639965013,4.0,192522.19004576025,12.167966699031547
6747.0,1281892.48537344,204724.152005687,3.0,839254.5100813118,13.640269288770424
6748.0,1275555.80971895,246608.601392567,4.0,97206.65622631936,11.484594467798546
6749.0,1275578.71909498,247378.854449362,4.0,124918.58064419084,11.735417449214237
6750.0,1282127.06886168,226909.321564391,4.0,152941.60904248868,11.937811487286229
6751.0,1282143.1846377,227349.349212855,4.0,176556.30557929754,12.081395116262772
6752.0,1269691.95460895,223844.29064926496,3.0,71532.13833785019,11.17790211493563
6753.0,1283701.5633913,242036.97994789496,3.0,246244.78079490515,12.414081364068222
6754.0,1283708.8675193,242320.660140187,3.0,185442.92671123327,12.130502440972943
6755.0,1271772.24081908,222759.573656142,4.0,201126.66317645588,12.211690153627583
6760.0,1266831.84587002,251257.518965334,4.0,238805.1295793987,12.383403140920626
6761.0,1267492.2815187,251232.982581303,4.0,290413.2574885464,12.579060213399503
6762.0,1272044.84523536,230875.191584453,2.0,45.38505332202813,3.815182828860089
6763.0,1272193.17765151,230872.921888456,4.0,128673.88298808824,11.76503644360578
6764.0,1261944.08100101,251655.79570174203,3.0,74432.01470585392,11.217641433452666
6765.0,1261793.57968886,251658.444341734,3.0,102810.0803333816,11.540638684913578
6767.0,1280772.8976603,244611.748078525,5.0,558516.262918749,13.233039015990899
6768.0,1281112.19916464,244864.576686785,4.0,347552.58512274345,12.758671256632875
6769.0,1268244.30891147,245445.245423377,4.0,93134.88440589604,11.441804091320641
6770.0,1268651.65387188,245437.323567376,4.0,74627.44856557332,11.220263661755586
6775.0,1276989.76844043,212522.579661667,4.0,135080.73662788465,11.813627927755917
6778.0,1285268.54156891,245858.495279804,3.0,74813.72964442402,11.222756698515115
6781.0,1263559.49380267,252440.821686536,4.0,1321901.1940628926,14.094581556859989
6783.0,1271183.01464248,198421.488127232,4.0,344265.9317423937,12.749169695091258
6785.0,1270358.49329764,224949.804826394,4.0,538264.0827117995,13.196104578770639
6786.0,1284352.62054396,205586.17395857,3.0,315718.92689886806,12.66260762491522
6789.0,1285269.7230089,252918.896183029,4.0,130795.54415464276,11.78139065132897
6790.0,1285009.58937663,253068.33221519,3.0,35140.204904688864,10.467101192819388
6793.0,1259236.50179824,255057.46181722,4.0,380165.8936977486,12.848362998799441
6794.0,1275838.25989524,219835.972885162,3.0,191351.07696693327,12.16186511909478
6795.0,1276146.27704756,219987.21173331104,3.0,549312.6934600787,13.216423127492769
6801.0,1267732.37092695,252364.570550472,5.0,1684318.3435711716,14.336871496043974
6803.0,1278598.21669807,238052.256935805,3.0,15316.836183300466,9.63670790651697
6804.0,1278828.2244423,238046.859687805,4.0,20000.46453389823,9.903510778961303
6811.0,1284598.03801621,206528.800327525,4.0,181329.8282320296,12.108072907380373
6812.0,1284594.0872322,206353.623815343,3.0,75333.70020995557,11.229682859618112
6815.0,1271851.60977916,198410.097727209,5.0,148142.06717885143,11.90592700569465
6816.0,1271834.70789114,198141.396478936,4.0,591409.1987632676,13.290263440495423
6817.0,1267022.13943821,244441.52075035905,3.0,285942.423563642,12.563545753324119
6818.0,1278479.45740195,206294.821127295,4.0,349053.32856096764,12.762979993410859
6819.0,1282688.43583825,229404.861214951,3.0,205382.94652283567,12.232631547337638
6824.0,1271626.03313893,206253.84320724,3.0,26088.49281914852,10.169249607935797
6825.0,1275196.45445459,204111.545285046,3.0,238535.5024562357,12.382273435491241
6826.0,1270861.00152214,223468.961624876,4.0,427667.043085203,12.966100235097327
6829.0,1268703.70001593,177367.842921674,4.0,558506.8610130668,13.233022182130469
6830.0,1268043.62455925,177375.99050568,4.0,1287915.1612159903,14.068535314855877
6837.0,1257506.26608448,248596.4104186,4.0,793207.3346936033,13.583839922551242
6838.0,1261612.42026468,246609.974448577,4.0,653655.1133445663,13.390335141715573
6843.0,1270552.84100983,253255.520823374,3.0,209556.11575028,12.252746838087349
6844.0,1271047.19569834,253502.64632763,3.0,204161.6548154657,12.226667384588989
6845.0,1275882.01343128,212893.722958043,4.0,766824.6133195113,13.55001338838588
6846.0,1276052.01016746,212890.362382039,3.0,148245.07703036314,11.906622109093512
6847.0,1277467.65823291,201750.74854663,3.0,582271.0854943651,13.274691400906882
6848.0,1277459.37016889,201509.635842383,1.0,0.0,
6849.0,1270069.86296134,218179.472915456,4.0,362406.50839891896,12.800521812147862
6852.0,1256196.70537913,249108.50155513,4.0,167951.86775489885,12.031432715877077
6853.0,1255526.80445044,249121.084211141,4.0,218451.78924771436,12.294320624997054
6862.0,1274491.23077387,214903.367248103,4.0,155640.77045726194,11.955305877338498
6864.0,1266713.31492589,245999.302767947,4.0,1684896.2490046432,14.337214546581873
6869.0,1263091.34314619,250335.381044388,3.0,1356209.1081445487,14.120203945139535
6870.0,1274497.91416587,246081.934128031,4.0,519985.72401979216,13.161556636372655
6872.0,1280160.34937167,219412.577044725,4.0,339509.3708792799,12.735256827600784
6873.0,1269453.73361671,242793.206444666,4.0,428368.749939745,12.967739668909386
6876.0,1271170.82763447,246964.801776931,4.0,611977.4390279526,13.324450696481547
6877.0,1271055.46763435,247239.724785224,3.0,193724.8738975413,12.174194255696548
6878.0,1285857.43641751,207796.330952823,5.0,164056.3082506936,12.007964990869652
6879.0,1285851.5377935,207368.008968383,4.0,302391.75018433377,12.619478641778915
6880.0,1276942.75608838,207694.462344721,3.0,418409.71144630894,12.944216402377222
6881.0,1276868.7030963,207541.10868056104,3.0,45526.14502973247,10.726042055948538
6882.0,1274233.41765361,256365.364026561,4.0,52687.649268890666,10.872136347838953
6883.0,1274239.1532056,256697.749882907,4.0,77980.16896585147,11.264209829318691
6884.0,1282191.03231774,255939.07122612,4.0,375798.8483884517,12.83680930153012
6886.0,1288116.97587581,192795.344505459,1.0,0.0,
6887.0,1288401.82566811,192563.683577225,2.0,46591.99999999999,10.749184131556358
6894.0,1285939.89196959,178520.48657085,3.0,167428.89114835317,12.028314009651098
6897.0,1270653.37201793,243171.386157051,4.0,176499.78255764864,12.081074923386733
6900.0,1270321.8759536,242283.258988142,4.0,447887.85986960615,13.012298167272588
6901.0,1272192.21899551,235707.051045403,2.0,673.7986371072864,6.512931308274186
6902.0,1276686.01016811,245353.705263287,4.0,337244.4784277727,12.728563401594307
6903.0,1285007.73209663,204641.898885593,4.0,779333.1023001706,13.566193835896259
6904.0,1277709.14527316,206781.66989578295,3.0,88130.86272265839,11.386578065251038
6908.0,1269400.47192065,240916.249258742,4.0,253317.20534392787,12.442397758451747
6909.0,1269694.66526495,240908.324714735,4.0,382322.3352611311,12.85401934136566
6913.0,1277607.73048906,231232.092448831,4.0,533563.0163062338,13.187332461410591
6914.0,1277882.94904934,231224.493088812,4.0,513782.487991544,13.149555279759717
6915.0,1280460.10335597,215895.085713118,4.0,63911.42832774549,11.065253471443965
6916.0,1269571.10609682,230097.55471965697,5.0,1117555.4989062175,13.926654267687427
6917.0,1269892.60024115,230089.385759652,4.0,548741.800230001,13.21538330062662
6920.0,1257029.95830798,251070.46814914,4.0,45871.43004496088,10.733597763145388
6921.0,1257035.67875598,251730.306677818,4.0,49451.57490739344,10.808749185024867
6922.0,1273785.51205315,251410.832949489,2.0,29972.14838730717,10.308023842336326
6923.0,1273787.78501314,251665.346549749,4.0,320964.9453943038,12.679087191769804
6928.0,1270600.06667387,230057.274271622,4.0,293133.30979249143,12.588382766753108
6930.0,1287836.16672353,176175.967976451,4.0,301984.9020333705,12.618132301840317
6931.0,1288080.19539578,176170.911592439,1.0,0.0,
6933.0,1282827.7236464,254489.054776639,4.0,496608.51066112367,13.115557289769045
6935.0,1281576.18412511,220696.766102031,4.0,599367.6320026271,13.303630431743661
6937.0,1260320.23747934,256388.638266578,4.0,252441.31074545643,12.438934067989626
6938.0,1260052.86691907,256392.95289059,4.0,255506.94691547583,12.451004877749325
6939.0,1276910.56946434,235991.562597692,2.0,125055.48013702566,11.736512758912319
6940.0,1277017.55154444,220331.233365655,4.0,116640.49441036972,11.666851786005532
6941.0,1277008.88223244,220071.39925339803,3.0,380.8759977728184,5.942473856988213
6943.0,1270916.3442422,230052.402527615,4.0,321558.70746248105,12.680935410849544
6944.0,1271232.06571452,230047.38614361,4.0,331405.13224663405,12.711096870416645
6945.0,1277948.78783341,246000.285039946,3.0,76351.38239114164,11.243101416457218
6946.0,1278041.3651135,245997.407407939,1.0,0.0,
6947.0,1266527.05246171,173940.671590164,4.0,106540.47137511957,11.576280204856918
6948.0,1267609.50737481,249497.643507525,4.0,1322999.3980459403,14.095411988105258
6950.0,1285311.68358494,206521.03655152,3.0,10690.854213054425,9.277143908502454
6951.0,1285297.41126493,205713.93485470104,3.0,43738.30643310526,10.685979574530664
6952.0,1275435.33061484,243110.256044984,4.0,50812.95504422391,10.835906621609947
6953.0,1275455.31019884,243649.989549547,4.0,537882.1165492197,13.195394700914113
6954.0,1271103.3389304,224324.150553748,5.0,1036058.253890562,13.850933929844834
6959.0,1279656.39762715,215358.62619257,3.0,113650.71619047898,11.640885130980843
6961.0,1283057.09126264,227582.660445094,1.0,0.0,
6962.0,1283098.42220667,227780.841501296,3.0,48347.64972023381,10.786172889984
6963.0,1286358.07552202,195279.443580016,4.0,341987.21015152405,12.742528618127682
6964.0,1286653.51680231,194944.346427664,1.0,0.0,
6965.0,1256806.67792375,253730.416567862,4.0,438927.4460365879,12.992089407411282
6966.0,1274197.68312556,253257.609079376,3.0,16279.084918619885,9.697636429046767
6967.0,1273474.73547682,239856.777961656,3.0,978668.3961893852,13.793948147270358
6968.0,1274512.99320589,239835.196649641,3.0,432657.0365911496,12.97770062983687
6969.0,1276217.69023164,229109.368990645,4.0,658370.1311326697,13.397522561478558
6970.0,1276539.84875996,229101.859166637,4.0,486046.80545298354,13.094060205761787
6972.0,1271269.85137856,205993.761350974,3.0,19679.475053269805,9.887331496128015
6973.0,1277236.87756068,250658.782900721,4.0,298757.3423067472,12.60738695868484
6974.0,1277240.35128868,251318.925941393,4.0,487306.1291203156,13.09664780646708
6975.0,1271891.3281792,254777.374072939,4.0,97117.61593972032,11.483678058419132
6976.0,1271974.36638728,254774.823224932,1.0,0.0,
6977.0,1277735.31781718,225617.311707079,4.0,348219.74608061294,12.760589013727897
6978.0,1257898.76035687,255973.659130156,2.0,103546.01224375694,11.547771355640435
6980.0,1279667.71615516,232280.458785892,4.0,16778.80725470332,9.727871896130274
6981.0,1279583.81413908,232555.20662617695,3.0,53795.28947969886,10.892941186177186
6982.0,1286094.59769775,192926.686457604,4.0,832439.2917389716,13.632115575341667
6984.0,1280440.98892395,214849.176400051,4.0,55314.19573400723,10.920784858618342
6985.0,1280431.67199595,214374.606799558,4.0,198934.71020704904,12.20073196046171
6993.0,1277355.9409208,234449.204772115,3.0,189836.83268740028,12.153920206854368
6999.0,1282096.37042965,212661.726733804,4.0,37483.81538531071,10.531664529071803
7000.0,1279594.53420308,231177.770400763,3.0,118861.8653371904,11.685717302362967
7003.0,1283979.66361558,206535.529287532,3.0,19402.916683908323,9.87317867828217
7004.0,1284088.82380769,206534.370823532,3.0,17189.652125303874,9.752062861133373
7008.0,1282348.0536299,211541.845068663,3.0,88644.98324663186,11.392394719338519
7009.0,1282422.47705398,225578.13429904,3.0,46813.71558719846,10.7539315070722
7010.0,1272915.79858024,227551.991901055,4.0,743646.0020850473,13.519320396935624
7012.0,1266207.47767738,228758.874654293,4.0,110774.65984020953,11.615253325335912
7017.0,1288269.27379598,183806.040304258,3.0,71608.94351711098,11.178975254605058
7018.0,1288249.54579595,183158.375599593,1.0,0.0,
7019.0,1294478.44244233,185211.048369706,4.0,859350.9289450555,13.663932649489942
7028.0,1283991.7649276,200565.144897416,3.0,983906.7494340544,13.79928640470842
7031.0,1270374.78168164,245924.37476787,4.0,72803.44235795746,11.195518518203649
7033.0,1279477.55417097,200885.035009757,3.0,135165.9108076003,11.814258271801581
7035.0,1279382.37490687,217304.103570566,2.0,749779.5406508765,13.527534496503128
7036.0,1279358.55570684,216324.830289558,4.0,765859.9079686394,13.54875454422732
7038.0,1272409.07941173,228900.564638436,3.0,492676.0707048189,13.107607179674138
7041.0,1256213.39267515,249033.286195055,3.0,30390.362333976573,10.321880808642545
7043.0,1284913.80774453,199438.216384262,4.0,153201.38000066188,11.939508544085276
7044.0,1284907.33235253,199187.935744017,4.0,682959.6556856725,13.434191067533998
7048.0,1279051.56684253,244840.052142754,3.0,130218.04944626548,11.776965627768098
7049.0,1279055.66687454,245039.649134964,3.0,20035.114790550146,9.905241752554712
7050.0,1292812.97664863,186476.892914996,1.0,0.0,
7053.0,1271950.79851526,177847.677546158,4.0,775516.115694924,13.56128404242075
7054.0,1270421.6224497,174571.501350805,4.0,122615.68346267582,11.71681021814181
7055.0,1270711.20094599,174568.071270794,3.0,46622.0,10.749827811712468
7059.0,1279900.7894994,225569.866587028,4.0,754160.2793009091,13.533360196416984
7060.0,1280200.45887572,225563.27605901696,3.0,50819.28424007217,10.83603117255758
7061.0,1273533.60997288,251394.198453471,4.0,65571.94810567518,11.090903263136212
7062.0,1262474.95888956,251646.43646973404,3.0,429389.38383727975,12.970119440873125
7063.0,1262313.54487339,251649.287861735,3.0,643261.2125467181,13.37430616107908
7064.0,1277635.86623308,233493.277539134,4.0,587693.4693035246,13.283960780242802
7065.0,1261083.79831213,261027.531199336,4.0,159597.19483593284,11.980408387627422
7066.0,1261097.48720814,261873.389120206,3.0,117293.58481842048,11.672435342765947
7067.0,1276663.62668009,232808.630306438,4.0,417755.1978919706,12.942650888970228
7068.0,1276695.09612012,233507.119075149,2.0,217240.26162285864,12.288759216451401
7070.0,1285868.99737751,208652.355785698,4.0,56263.99617494181,10.937810110003738
7071.0,1281329.28402886,254653.336632803,3.0,4422.691685729023,8.394503768391203
7072.0,1281329.41266887,254851.76895301,3.0,99241.70274516502,11.505313595509863
7076.0,1259199.7134462,257541.794107765,3.0,186349.99999999997,12.135381904907405
7077.0,1259202.90832621,257736.40031597004,3.0,93181.99999999996,11.442309848973883
7078.0,1282612.73945418,198953.414911777,3.0,39197.34155325283,10.57636420595978
7083.0,1265356.57879651,244987.270958915,4.0,141554.74038274825,11.860441779083843
7087.0,1273811.76722117,240172.321257979,3.0,70760.91261428723,11.167062045509478
7088.0,1274322.56184569,240161.84656997,3.0,3726.418838569728,8.223202954551423
7089.0,1264917.41726007,246967.165296942,4.0,136886.19782194163,11.826905186777863
7090.0,1265157.22846031,246960.838192925,4.0,361813.58088824456,12.798884388243382
7091.0,1273981.85189334,247425.375025406,3.0,106282.08413682466,11.573852009549983
7092.0,1274113.24235748,247421.447217405,3.0,37455.06923152538,10.530897339772356
7093.0,1275556.42911096,228369.529309899,4.0,275597.22151203244,12.526695736474421
7094.0,1275878.25887129,228361.544733882,4.0,216636.318596152,12.28597527537551
7096.0,1272439.13419576,211737.07438086,3.0,53576.619751301005,10.888868053226822
7097.0,1272437.68305977,211416.934220538,4.0,656093.5822113822,13.394058713561888
7098.0,1276721.81983215,246574.013552532,4.0,103538.16530615208,11.547695570636469
7099.0,1272476.6268678,228899.948510438,3.0,112473.84545289446,11.630475988734656
7100.0,1265717.07281289,249765.434675798,4.0,131956.14929984597,11.790224944103215
7101.0,1266086.66916525,249767.806067809,4.0,233940.7632643883,12.362823213849579
7105.0,1287349.99801902,189996.729718596,4.0,178943.2303864632,12.094823885841638
7106.0,1277688.13189714,246569.558832526,4.0,91098.827554816,11.419700213294936
7107.0,1277712.01336916,247133.989425108,4.0,47987.77857123356,10.778701644371308
7108.0,1273574.41406892,242381.711852238,3.0,47253.815576913104,10.763288682612087
7109.0,1273831.92696519,242482.669036344,4.0,310523.08248414774,12.646013517316113
7110.0,1273264.2880526,232205.871969819,4.0,29210.65608696197,10.282288856168979
7111.0,1282608.59219018,227026.999836519,3.0,58847.68206722172,10.982707724779708
7120.0,1279866.43660337,231457.829857051,3.0,831976.0364695031,13.631558917068242
7122.0,1285604.99302524,200542.913025394,4.0,1092802.1510730332,13.90425573620177
7123.0,1275109.11570249,222686.202392071,3.0,835185.8996629708,13.63540961338056
7125.0,1260946.33629599,254355.968760505,4.0,1158233.538227894,13.962406590553586
7126.0,1274650.76984602,232758.410274386,4.0,780698.3320804784,13.567944095665059
7127.0,1271471.49112277,248564.41112257505,3.0,112738.61118517826,11.632827242819031
7137.0,1262143.24829721,255699.740665883,4.0,436955.788630646,12.987587298778092
7138.0,1281055.70489259,226968.291292459,4.0,207017.63775016487,12.240559275140171
7139.0,1281071.6017886,227389.331740886,4.0,285354.44217396365,12.561487343301064
7143.0,1262326.22884141,252339.720182434,4.0,867072.7426129632,13.67287815375752
7144.0,1262337.76100142,253003.063991114,4.0,1048211.3532698596,13.862595796497288
7145.0,1277226.04620066,249618.254515648,4.0,17077.474048933513,9.745515566999142
7146.0,1277233.14655267,249982.513588026,4.0,52069.05041014034,10.860326009196728
7147.0,1266670.25758186,227902.275933415,4.0,218173.69214390116,12.293046777485763
7150.0,1272053.79473937,220916.784662262,4.0,130556.28705523416,11.779559731184742
7152.0,1262612.4963617,168595.420832679,3.0,46820.83507325745,10.75408357670937
7153.0,1262056.71172112,168596.633056685,2.0,30625.201736197792,10.32957853512975
7154.0,1279677.89593117,229184.136542723,4.0,397637.3346680863,12.89329564942686
7155.0,1279999.7834195,229175.597854719,4.0,659164.7166486278,13.398728731643438
7156.0,1283097.61715068,209550.077386618,3.0,82973.40611048111,11.32627542712957
7157.0,1283405.18835099,209545.767690614,3.0,288060.0776473212,12.570924340305602
7159.0,1264760.9375799,211024.056076139,3.0,18123.625872231783,9.80497166290302
7160.0,1264915.70730805,210664.42490775895,3.0,106622.14112185802,11.577046471978322
7163.0,1281227.45842876,194258.357370958,4.0,333289.2496002519,12.716766009350959
7164.0,1285706.44326535,205158.216134131,4.0,1189123.7249048778,13.988727228211223
7165.0,1285685.93478532,204890.869189858,4.0,1581741.188267375,14.274036816117922
7166.0,1280733.98764426,222582.010647967,4.0,1277550.3466817292,14.06045501060181
7167.0,1280724.50246024,222357.641047731,1.0,0.0,
7168.0,1275798.3114792,225295.321498752,4.0,498321.9972222459,13.119001727831069
7170.0,1275656.02770306,216414.706385657,2.0,981.3207970944992,6.888899416399161
7171.0,1275816.24063122,216410.523985654,4.0,122096.02895784553,11.712563136702148
7173.0,1267964.75204718,173607.248357818,4.0,665631.6920011495,13.408491781540036
7174.0,1279844.93855534,180830.248045206,2.0,3245.796953098955,8.08511619316021
7177.0,1280812.16076434,227403.812700897,4.0,440275.68547418073,12.995156367584862
7178.0,1280828.48748435,227834.997213349,4.0,520345.9777292591,13.162249211102928
7182.0,1280576.74847609,203952.969860896,3.0,82619.83695733167,11.322005087544447
7183.0,1279773.27077927,221081.695126429,4.0,205546.24027074868,12.23342630108965
7184.0,1279759.92133926,220751.38639009,3.0,47493.94396849375,10.768357486494372
7189.0,1280710.91654024,230049.100063607,3.0,49271.3808387734,10.805098681099691
7190.0,1280722.97030024,230473.789856046,4.0,100802.4619210006,11.5209180581406
7191.0,1257173.28413212,258439.222716689,4.0,1053827.8679245925,13.867939681581875
7192.0,1257322.30416428,258706.08082896503,3.0,33276.24261441825,10.41259898635022
7193.0,1274246.05413361,218174.333779454,4.0,339467.3192354948,12.735132959890887
7194.0,1274234.9567256,217627.939218894,3.0,199136.14314539827,12.201744006201032
7197.0,1260778.32579982,253028.11384715105,3.0,29142.63261761178,10.279957419443727
7202.0,1273093.19518843,244793.776622713,4.0,665915.6488338282,13.408918288098647
7203.0,1273112.61413245,245457.017071396,4.0,83018.52099949031,11.32681900645786
7206.0,1266706.33591789,176455.846376732,2.0,23295.0,10.055994024250897
7207.0,1266701.04561388,176206.197224483,3.0,139764.99999999997,11.847717719783347
7214.0,1276699.21650413,222345.531159729,2.0,1548.753148579642,7.345205465922491
7215.0,1276693.52722412,222071.24597545,3.0,58568.30790183408,10.977949008480978
7216.0,1269581.79275283,230523.28643210203,4.0,715478.2758281032,13.480706515292828
7217.0,1280856.46969238,204178.536005124,1.0,0.0,
7218.0,1284331.15142395,209532.791050598,4.0,147200.65514928068,11.899551936009404
7219.0,1284325.17932793,209102.832266167,4.0,617332.5024765596,13.333163059638943
7220.0,1255584.6908505,252555.124918655,4.0,182840.8482165781,12.11637137155425
7221.0,1255588.65571451,252815.123446926,4.0,193595.977714152,12.173528677338908
7222.0,1274399.33630978,209736.292938814,4.0,746541.231696278,13.52320612778675
7223.0,1274374.60139774,209073.792906135,4.0,626717.8797009881,13.348251765725994
7229.0,1273008.27378035,203626.65914055696,3.0,71456.63072925874,11.176845981421051
7234.0,1276990.87538442,253299.918391421,4.0,774653.5179239422,13.560171134721738
7235.0,1277256.25381669,253294.764855415,4.0,946155.0849152884,13.760161772140313
7236.0,1261150.5317522,251037.075509101,3.0,60814.328798087125,11.015580711209376
7237.0,1260882.45616792,251042.512821108,3.0,44370.34280776968,10.700326570459172
7238.0,1272187.25342751,234786.041380465,3.0,150183.09066525134,11.919610433181436
7239.0,1272516.78590783,234779.642468452,4.0,59263.44448818937,10.989747944449997
7240.0,1279961.80153146,227858.068701372,4.0,325060.3636871692,12.69176617848743
7241.0,1279973.11058748,228283.987485811,4.0,374827.3622446969,12.834220831603492
7242.0,1266674.95313385,243605.607405499,4.0,223530.93337267128,12.317305087810759
7243.0,1267035.43825422,243600.818669483,4.0,324773.17086796707,12.690882281850437
7248.0,1280678.7870042,213711.010382891,4.0,157609.4297503239,11.967875288057108
7251.0,1272320.89521964,245478.312943414,3.0,4326.628968193088,8.372543988499567
7252.0,1272340.39621165,246143.120368093,3.0,17884.3678558542,9.791682306134403
7254.0,1264983.47326012,258933.606909186,4.0,246974.39480485156,12.417039945478866
7262.0,1280355.14719586,213605.379662782,4.0,87860.14870991715,11.383501610106498
7263.0,1291052.57562283,181372.163309768,3.0,62456.369930623616,11.042223510842398
7264.0,1291044.55597481,181061.209837452,1.0,0.0,
7265.0,1273005.27410033,220280.746581614,4.0,80380.12998589047,11.29452228514409
7270.0,1273147.98744449,239058.41277684303,3.0,262949.10008852434,12.479715756644357
7271.0,1260921.68343197,253025.81099914,3.0,53185.42527550346,10.881539676808792
7273.0,1268917.47812815,229687.683167249,4.0,1054161.794974339,13.868256501970908
7275.0,1256876.78109182,256569.738298774,3.0,52876.78767057679,10.875719725149667
7278.0,1276724.10463215,223627.611609042,4.0,579962.2345521669,13.270718267561577
7279.0,1270680.21476996,244034.334893927,4.0,143218.9329708857,11.872129738253088
7280.0,1267269.85054247,249218.28446725,4.0,20550.97408600625,9.930663619579892
7281.0,1285724.26444936,205430.10010241004,3.0,107343.72541152762,11.583791351775918
7282.0,1261301.81751236,169422.436897531,1.0,0.0,
7283.0,1260811.14531985,169185.738849282,3.0,197650.6593368585,12.19425640460016
7284.0,1271222.12184252,175125.359527364,1.0,0.0,
7285.0,1271890.90526719,175125.887719378,3.0,184464.01382855652,12.125209676438885
7288.0,1281247.08767678,251232.506165311,3.0,22726.640137710383,10.031293089717899
7289.0,1265554.68862072,253215.660343334,4.0,1435608.720332768,14.17709951258429
7290.0,1272803.94808413,232511.264738128,4.0,312518.97776764166,12.652420475171125
7291.0,1272981.25413232,232585.80854621495,3.0,112277.97250700711,11.628732972840453
7292.0,1270643.06494592,206010.810886994,4.0,38145.826348626455,10.549171629643372
7293.0,1270982.95006627,206001.565830991,4.0,121210.40476277414,11.705283196810308
7300.0,1263032.42007414,259648.459837928,4.0,1007739.1405605148,13.823219904995293
7301.0,1278992.87826647,208306.192137346,4.0,1612274.5730211989,14.293156518202403
7302.0,1279324.50425081,207627.264648646,4.0,813488.2189160518,13.609086723564701
7303.0,1268658.85303989,245697.275439635,4.0,49699.72399410851,10.81375465863084
7305.0,1275375.97867876,230379.755551949,4.0,122865.12489567936,11.718842487145023
7306.0,1282587.57715015,210526.693259627,4.0,479521.1436652929,13.080543267568693
7307.0,1282588.76870215,209900.609866977,4.0,151118.49702183425,11.92581955653193
7309.0,1275954.53528737,230845.108000427,4.0,101609.0941141611,11.528888319118476
7310.0,1260397.18154342,259797.06553407,3.0,543515.1102180321,13.205812786846053
7311.0,1260411.29469545,260377.738238677,4.0,222552.9538634006,12.312920347163828
7314.0,1258670.16368566,260150.814782441,1.0,0.0,
7315.0,1259148.77987815,260452.769214749,3.0,246908.8521739463,12.41677452796697
7320.0,1281105.83794864,228280.678429797,4.0,511190.6868966174,13.144497963758653
7325.0,1279752.17759524,217502.776402771,3.0,284408.90114744764,12.558168274408256
7326.0,1279907.0890834,217498.51457876,3.0,242255.12148227863,12.397746670839254
7327.0,1277021.17490445,222338.677463725,4.0,687635.8678927992,13.441014715023302
7328.0,1277015.60172045,222067.945111439,4.0,766190.3511859449,13.549185918094405
7330.0,1264313.50346744,257628.154811859,4.0,205661.2653478338,12.233985751384276
7333.0,1274372.08568574,231242.92150484,4.0,129505.73104276528,11.771480414298988
7334.0,1274631.00152601,231237.312288836,4.0,182454.0763438248,12.11425378386672
7335.0,1280712.75999624,251568.749301642,1.0,0.0,
7336.0,1267898.95364711,226281.86677976,3.0,581041.9217139321,13.272578187644008
7338.0,1257829.5921648,250428.756468475,3.0,88644.08080705813,11.392384538907159
7339.0,1257840.65552481,251064.774901137,4.0,85605.89460835455,11.35750942200607
7340.0,1268233.34302345,245040.089134961,4.0,68594.60912900696,11.13596922650082
7341.0,1261301.80247235,255711.223609895,4.0,1138521.3463886117,13.945240913882941
7342.0,1272369.15173168,220603.722645938,4.0,117418.19091894611,11.673497122575167
7343.0,1272363.19467568,220298.079573631,4.0,17974.416715394895,9.796704732293334
7344.0,1269709.00446497,241447.102507278,4.0,260281.3591579767,12.469518475502374
7345.0,1280738.03359626,216842.573010087,4.0,125568.31425069094,11.74060522611541
7349.0,1289757.0004535,190999.300855622,3.0,523125.7029487428,13.167577063974065
7352.0,1266407.27940558,178725.419883057,4.0,34921.79925294338,10.46086653362455
7353.0,1269401.60478465,179173.955755517,4.0,723061.7847791876,13.491249953615858
7356.0,1276357.93016778,221434.601238787,4.0,935634.2937088652,13.748979967262464
7357.0,1264921.96023606,254558.39288871,4.0,241916.88511011,12.396349496188156
7358.0,1264263.11146739,254571.361400723,4.0,146776.83191538087,11.896668561967637
7359.0,1266388.97732556,243221.158061102,4.0,141303.6675993635,11.858666524452987
7360.0,1266675.42884585,243213.299757093,4.0,322171.9851064468,12.682840797175185
7362.0,1284926.91200055,200226.91827307604,3.0,172086.09665592245,12.055750192509285
7363.0,1294158.743946,188492.794101059,3.0,538463.9815934276,13.196475886792694
7365.0,1284970.0316806,249835.107379869,3.0,31031.62614981548,10.342762161799731
7366.0,1285060.93900868,249832.59294787,4.0,6483.6936858071895,8.777045640192332
7374.0,1267346.92292655,244624.378030539,4.0,170692.20887740832,12.047617265546451
7375.0,1275637.06610304,217900.194579169,2.0,38123.78339909109,10.54859360255704
7376.0,1275903.05605531,217893.21883516,4.0,480323.6229251477,13.082215370131024
7378.0,1280086.65561159,217899.965907171,4.0,175503.76572101825,12.075415778757677
7379.0,1280346.51372387,217892.503315166,4.0,184931.9098249564,12.12774298131136
7380.0,1280406.60677992,207433.575752452,3.0,7539.698317470585,8.927937449255996
7384.0,1276775.02738421,225696.906971157,4.0,1206361.4960054138,14.003119359285353
7387.0,1279639.90418713,227866.856093377,4.0,455354.7191884485,13.028831996812796
7392.0,1284502.45452811,241174.380971,3.0,121446.15044012312,11.707226237263688
7393.0,1284512.10182412,241307.404651135,3.0,219244.69032445367,12.297943692492852
7400.0,1271228.94430652,242727.173164591,4.0,245014.80777554936,12.409073927600648
7401.0,1270447.25924972,248687.251442701,3.0,120902.85587305058,11.702742658102641
7402.0,1274629.79909401,232062.951009676,4.0,278360.98065254354,12.536674041917603
7406.0,1279932.88594744,216310.548497543,4.0,367873.6832441485,12.815494906172653
7407.0,1278757.88204223,174180.016614407,1.0,0.0,
7416.0,1276248.71218367,204087.540101022,1.0,0.0,
7420.0,1278214.57503368,205178.526790142,1.0,0.0,
7421.0,1278341.3149378,205141.065222114,2.0,46591.99999999999,10.749184131556358
7423.0,1261623.54455268,247142.08491312,3.0,185925.66067773715,12.133102199028881
7424.0,1260926.78186397,247157.050737128,4.0,208891.53522550265,12.249570426022391
7425.0,1259644.94352666,248282.851314291,4.0,181471.6986868833,12.108854990428863
7426.0,1272848.86494818,245464.140079394,4.0,70038.16311572999,11.156795559838427
7427.0,1277234.95493667,237822.673447579,1.0,0.0,
7428.0,1277396.70860083,237824.272807568,4.0,89327.24103637757,11.400061771145356
7429.0,1272102.12760341,247479.527793467,4.0,30602.62744419479,10.328841148443725
7430.0,1272110.00920342,247741.32945773,4.0,19777.642818299017,9.892307428120851
7436.0,1269142.54564838,228265.883165792,4.0,218813.58517443103,12.295975437065158
7437.0,1268827.04529606,228552.689374074,4.0,137664.75073377206,11.83257666599012
7438.0,1281536.51129308,225626.562011078,4.0,104501.62884318808,11.55695793728168
7439.0,1283512.0890871,195913.647356659,4.0,323746.0644423476,12.687714735759364
7440.0,1283495.56678309,195263.101051986,4.0,1462268.516902744,14.19549956651984
7441.0,1277356.4245048,213835.248655006,4.0,87848.5143938039,11.383369182758583
7445.0,1269096.61528035,181597.233070001,2.0,39.72228327228329,3.6819123217212764
7447.0,1294380.02369022,180864.640365243,1.0,0.0,
7448.0,1294374.63751422,180590.043820962,4.0,690172.6348661355,13.444697040737946
7449.0,1280758.76415628,179378.67319572,4.0,899278.4863225211,13.709348038923828
7455.0,1270922.6539382,230472.197664052,4.0,86475.55366073125,11.367617036337418
7458.0,1286625.29773028,191812.815672457,3.0,217516.00855621844,12.290027729359666
7459.0,1276452.74424787,212533.228301674,4.0,242368.00909552828,12.398212548789227
7460.0,1276715.81458414,212528.012045667,4.0,155362.2609089251,11.953514836128615
7461.0,1280885.49164441,256836.234171048,4.0,693672.6235757379,13.449755404237926
7462.0,1281562.41087711,256818.146939024,3.0,384875.1468764612,12.860674266847933
7463.0,1258172.45994115,246959.67646493003,3.0,53148.37524050373,10.880842813980241
7464.0,1258182.26966916,247389.600817367,4.0,45802.47521380782,10.732093412611556
7466.0,1283866.75667146,254086.155320227,1.0,0.0,
7469.0,1264575.80964372,170035.640994161,4.0,527910.8059251696,13.176682620246401
7483.0,1266288.91415747,257579.906875804,4.0,323507.1007626005,12.68697634248931
7485.0,1259954.38717498,259056.636221319,2.0,840901.9506800218,13.64223034557097
7486.0,1259397.10711041,259067.775293335,3.0,833190.0164071621,13.633017006068604
7487.0,1268463.85732768,241734.694507584,4.0,738558.6862468753,13.512455844616664
7488.0,1268766.24388801,241725.690859571,4.0,192719.89857706247,12.168993111017665
7493.0,1264235.77361137,253238.153783366,4.0,672033.9490112314,13.418064137591179
7494.0,1287615.29510731,200491.308801353,1.0,0.0,
7495.0,1288052.86374775,191773.425976425,4.0,131320.06730265755,11.785392884124212
7496.0,1288329.58534804,191740.55826439,5.0,296999.38109766884,12.601485333936433
7497.0,1270261.92036954,205214.675014183,4.0,94520.50597404625,11.4565720843763
7498.0,1270253.77105752,204919.203781888,4.0,161655.57778998266,11.993223287909244
7499.0,1281755.0581093,247244.695281222,4.0,301704.5658022759,12.617203558616584
7500.0,1281762.5187173,247904.630001903,4.0,244790.2220101645,12.40815688605364
7501.0,1276462.57099988,226131.064283594,4.0,658978.1647599001,13.398445679035705
7504.0,1265862.62142102,243624.459053516,4.0,202100.1735774864,12.216518762260648
7506.0,1267497.8858707,251563.665973648,4.0,300471.1611325654,12.613107058743255
7507.0,1267504.7595347,251823.198261917,4.0,414835.01179577113,12.935636158226236
7508.0,1284401.81235202,252493.954486594,3.0,164570.0520632261,12.011091606948533
7509.0,1255554.97897847,250709.157492772,4.0,306711.0900045526,12.633661508576601
7510.0,1257444.5148524,258087.818940327,1.0,0.0,
7511.0,1257450.83178042,258433.550844684,4.0,872859.6109042553,13.67953000963835
7512.0,1264658.04311579,174606.379238844,4.0,89381.68021896844,11.400671020911874
7514.0,1271423.88587472,171245.4729314,3.0,306017.95742793794,12.631399063617682
7515.0,1271731.38328303,171238.561507389,4.0,889626.0310101431,13.698556463527575
7527.0,1268577.03953581,208026.374089062,3.0,89597.85835512656,11.403086696390824
7528.0,1268910.73700815,208019.781577051,3.0,46319.61089507416,10.743320711846183
7530.0,1258632.51382962,251051.011125118,4.0,51258.025478926014,10.844627479451734
7531.0,1274192.01515755,237481.730855227,4.0,320134.6986789429,12.676497119580008
7532.0,1274452.23838982,237476.60880722097,3.0,226310.749262106,12.329664330547033
7534.0,1255604.64189053,253742.088759869,4.0,95097.5179953254,11.462658149300422
7535.0,1255616.71049854,254413.707512558,4.0,131672.5010542664,11.788073066037965
7537.0,1270509.57041779,212149.435405284,3.0,735560.5497183291,13.508388140201196
7538.0,1281333.03500487,208692.674249738,4.0,492899.5709225063,13.108060722176772
7539.0,1278923.7655624,225222.574618667,4.0,1246448.2150132696,14.035808636769298
7541.0,1267219.64625442,250279.434292331,4.0,67355.93971735644,11.117746369744296
7542.0,1281911.51775746,230389.527519956,3.0,454426.468621136,13.026791394299009
7546.0,1281461.904829,209631.419146702,3.0,31007.735578801483,10.341991987138702
7547.0,1281784.23295733,209629.208522707,3.0,19280.831842719464,9.866866712603068
7550.0,1263279.47037838,170721.269922867,3.0,52135.698178411454,10.861605178874917
7551.0,1263103.5140902,170726.445410863,1.0,0.0,
7555.0,1272266.39403558,177183.687401474,1.0,0.0,
7558.0,1273222.04862857,176512.824296787,1.0,0.0,
7559.0,1273648.83448499,176498.15140077504,3.0,557267.3649102002,13.230800412557482
7561.0,1280872.70066839,256505.580282703,4.0,401218.9938472668,12.902262676539689
7564.0,1275401.3821988,231219.369056806,4.0,127709.43987701552,11.757512961583075
7565.0,1275649.16383106,231212.997664809,3.0,38834.42976604313,10.56706249723991
7566.0,1278719.10911418,254070.586168215,3.0,20299.362540850165,9.918344762608264
7567.0,1278813.32844229,254296.654584438,3.0,328482.15273822466,12.702237785866894
7572.0,1264964.9837881,246306.804400265,4.0,421974.0363868604,12.952699065975779
7573.0,1265389.96126054,246292.969840243,4.0,710395.82780163,13.473577597615867
7577.0,1288227.64691593,187236.110259771,3.0,349812.87807968125,12.765153656439796
7578.0,1288497.25491621,187245.440243781,4.0,671403.4078815711,13.417125439299477
7579.0,1272494.52248381,198121.07731092,3.0,154663.10891131897,11.949004539547175
7583.0,1270393.30360167,224259.310105681,4.0,284589.415397691,12.558802772792701
7584.0,1287005.20640267,205663.494662642,3.0,71699.08261101594,11.180233231680416
7585.0,1284635.24524824,209098.485770166,4.0,283564.5161544305,12.555194946469403
7586.0,1284629.18163225,208669.552905723,3.0,25434.21411070377,10.143850558831952
7592.0,1258424.1254774,256215.75506641,2.0,8496.483902826503,9.047407698407133
7593.0,1271506.3798268,246166.700080112,4.0,1150496.762569131,13.95570437451977
7596.0,1270947.40421024,204607.838277563,4.0,312866.47556598,12.653531782868638
7597.0,1281559.90169311,223852.410329267,3.0,448525.44894695375,13.013720701227843
7598.0,1281979.39788553,223660.626649067,4.0,431022.95349932107,12.97391662404675
7600.0,1274865.36453424,253498.622711629,4.0,338470.82837382244,12.732193188518389
7601.0,1281503.59698905,254848.012089014,3.0,145677.07321652872,11.889147623703577
7602.0,1262817.6967459,249544.579763576,3.0,49187.98919460083,10.8034047506168
7603.0,1262171.83741724,249558.691315591,4.0,119563.54529761124,11.691603268832202
7612.0,1286361.88550602,195492.429052234,3.0,423160.4447783615,12.955506688188072
7614.0,1277849.9402813,230124.502815694,4.0,487549.3958377194,13.097146889082351
7615.0,1277869.85528933,230783.735072359,4.0,454847.47563994565,13.027717423361103
7616.0,1257989.44752496,256222.173370421,2.0,46591.99999999999,10.749184131556358
7617.0,1258037.27882101,256451.230010644,1.0,0.0,
7618.0,1259488.6036225,254371.850936517,4.0,349446.8095295707,12.764106638886693
7619.0,1287219.73190689,249554.445875585,1.0,0.0,
7620.0,1287239.73446691,249778.821427822,4.0,1235107.6800267946,14.026668714548459
7621.0,1280278.64441179,199309.835776135,4.0,278993.0072660235,12.538941996926766
7622.0,1280246.65791576,198890.652543709,3.0,7020.864448647099,8.856641630271566
7628.0,1258398.38800539,260549.000382841,3.0,357876.103103161,12.787942124765658
7629.0,1257215.32541217,259806.594366089,4.0,1384042.844885361,14.140519371967695
7630.0,1279036.88082652,205369.927622348,2.0,7709.948233467403,8.950266752328272
7631.0,1279394.87909888,205349.838790327,3.0,24919.904205354105,10.123422128807087
7632.0,1260959.06820001,255027.152441189,4.0,824627.1650473553,13.622686642014957
7633.0,1272884.84722021,254621.728056774,3.0,57680.56525310351,10.9626755717219
7634.0,1273533.95090088,225778.429467246,3.0,95637.45229332274,11.468319782711832
7635.0,1273752.9976851,225772.975387231,2.0,42508.95121274469,10.657469949506373
7637.0,1275164.59359056,225737.656603202,4.0,171759.99899748276,12.05385342671593
7638.0,1266408.13246159,243610.806509495,4.0,241970.1939766396,12.396569832167557
7639.0,1281839.03564538,195934.655484676,3.0,521902.4625879354,13.165235996125709
7640.0,1282121.68569368,195927.78905268,4.0,732464.8270855857,13.504170601089877
7642.0,1267183.62366238,176209.269736484,2.0,23295.0,10.055994024250897
7644.0,1267649.29303886,242730.411308601,4.0,291199.59986010817,12.581764221196952
7645.0,1277172.3084086,201930.696962819,3.0,632629.5218020969,13.357640256172473
7648.0,1270693.97195397,198956.726207778,3.0,55574.70837942699,10.925483491484883
7649.0,1274068.60402143,207314.91130434,3.0,77806.66534304859,11.261982379286607
7651.0,1264292.51991542,256171.340474367,3.0,48449.76425066173,10.78828275147966
7653.0,1272097.27070741,238192.484391958,3.0,92632.78503400156,11.436398408016558
7654.0,1280600.08274812,202315.177219212,3.0,92229.92019467012,11.432039870943367
7657.0,1267913.57169513,240964.892202795,4.0,500408.2816695874,13.123179607537038
7658.0,1270527.38507381,176521.964968801,2.0,46592.0,10.749184131556358
7659.0,1270633.69713791,176556.942952842,3.0,139768.0,11.84773918415428
7662.0,1279242.11039473,251835.938741922,3.0,35736.522984227035,10.483928497585353
7663.0,1279512.19218701,251730.304437816,4.0,113562.4393403442,11.640108090986214
7664.0,1277495.26776893,236607.062374324,2.0,6.36060606060606,1.850123665360107
7665.0,1272760.40056409,235835.579941541,4.0,505744.9630304872,13.133787795574538
7667.0,1282724.94924629,211534.90318065896,3.0,21291.290869275945,9.966053388706834
7668.0,1272786.37330012,251714.964853793,3.0,395105.5512670125,12.886908226584282
7669.0,1273069.39179641,251789.399093881,4.0,310202.7947731284,12.644981539268542
7670.0,1273071.14699641,236369.457830086,3.0,731270.2566356957,13.502538378526674
7671.0,1269023.89988826,240923.525482744,4.0,156606.03399794962,11.961488593073346
7672.0,1269239.45419249,240920.587178752,4.0,186054.69388099475,12.133795962593819
7674.0,1276351.38091977,221128.772118479,4.0,153435.83603436366,11.941037752329615
7676.0,1257511.66698048,248862.274354875,4.0,666764.0313386541,13.410191486200265
7677.0,1256882.54979584,248876.295346886,4.0,381476.75227366,12.85180519016615
7678.0,1280196.2790997,225669.363739133,3.0,35016.56133743167,10.463576409626167
7679.0,1261276.58858433,253019.20306313,4.0,306660.0198790383,12.633494985814739
7680.0,1261038.21309608,253023.939319134,3.0,68572.7705344776,11.13565080393173
7682.0,1271215.53816251,242262.589420125,4.0,396600.5090843726,12.890684778688724
7684.0,1262383.20644146,255136.678521305,3.0,175519.79850416383,12.0755071275148
7685.0,1262395.17853747,255696.303673878,4.0,549303.7776324137,13.216406896482402
7686.0,1264748.83722788,251605.856501684,4.0,139837.94558989987,11.848239499633705
7687.0,1279408.0959309,223841.85167326,4.0,996422.0054857978,13.811926147118061
7688.0,1255300.41155422,253744.917815879,4.0,124403.62893186908,11.731286630339785
7690.0,1288311.82586001,190519.900919139,4.0,735117.9608973116,13.507786256334418
7691.0,1277500.12440895,236757.045286477,4.0,49011.81637061951,10.79981669844148
7692.0,1282803.92447838,194598.456059307,4.0,687889.769606288,13.4413838854836
7694.0,1283254.61644684,196159.074684903,1.0,0.0,
7695.0,1283253.05875084,195904.616508648,3.0,55568.24705415197,10.925367220952808
7696.0,1285656.5503373,255895.855482087,4.0,1072141.9356428902,13.885169014500377
7697.0,1280979.8539485,224745.409242183,4.0,234559.58772324416,12.365464940018768
7698.0,1280992.69087651,225165.270938605,4.0,361151.690005864,12.797053342980336
7702.0,1253970.83843285,250893.335924953,3.0,372935.1593273932,12.8291598479314
7704.0,1260725.04931976,259703.692349985,4.0,1079886.5738786417,13.892366569398533
7706.0,1275740.08031113,243639.48036553,4.0,376533.99530246656,12.83876361511396
7707.0,1276019.86981542,243629.215597525,4.0,216490.81028829308,12.285303378818451
7713.0,1278200.00357766,202399.557571307,4.0,1015376.7271325908,13.830770261331832
7714.0,1278976.89567445,202353.350019246,4.0,626512.5533642682,13.34792409041084
7715.0,1283848.79609545,253165.194551289,4.0,184445.74565974387,12.125110637753366
7720.0,1260961.67517601,248786.942834795,4.0,249685.2320506224,12.427956331750028
7721.0,1260313.63447134,248800.51038681,4.0,304552.7774516847,12.626599676077534
7723.0,1287393.21222708,189952.819702551,3.0,63835.32370903543,11.064061979269015
7724.0,1287779.84006748,189945.281974554,1.0,0.0,
7725.0,1264187.55421931,211038.231948152,1.0,0.0,
7726.0,1264047.53085917,211041.513740152,4.0,145965.42519799792,11.891125058933335
7728.0,1256229.31753916,250963.360053033,3.0,54588.978608998346,10.907587284379082
7730.0,1278776.69497025,236725.050278455,3.0,44505.21815192062,10.703361723120612
7731.0,1273108.04651645,211089.740364194,3.0,48914.14384468197,10.797821873818632
7732.0,1273104.94878845,210451.01197955,3.0,19842.119395819795,9.895562199519624
7735.0,1282870.99718244,211193.862156302,2.0,135054.53112973634,11.813433910155416
7736.0,1282853.52639842,210519.308107615,4.0,347226.5447466371,12.757732712609247
7737.0,1279146.45343463,230327.954463899,3.0,291889.3100796011,12.584129934313443
7738.0,1279062.62060255,231191.780832782,4.0,278067.08826281247,12.535617688245031
7739.0,1283488.99430308,245891.489007831,3.0,240636.14789403512,12.391041311861311
7740.0,1283917.91302352,246479.517040431,4.0,49101.95832093343,10.801654197323982
7741.0,1286639.5253783,251121.475573197,3.0,211073.51639557307,12.259961770710786
7742.0,1286645.13689831,252131.81080623003,3.0,70142.62318869517,11.158285922320397
7745.0,1279189.96287468,173771.751653984,3.0,262425.10666687274,12.47772101237004
7747.0,1292277.08500007,187399.986227944,3.0,21468.93608423653,9.974362336046335
7748.0,1291854.22919165,186742.16766727003,3.0,7378.600525047693,8.90633926885999
7751.0,1266248.72990142,242763.571052626,2.0,9935.833595749227,9.203903056423238
7752.0,1266377.73879756,242761.721324638,4.0,27207.035535730916,10.211230878239386
7753.0,1271999.1448833,205696.492294669,4.0,43680.63330651609,10.684660109089231
7754.0,1276378.69253579,246023.936559975,4.0,102243.64220178626,11.535113893016222
7755.0,1276395.37989581,246583.860976547,4.0,58532.41984827532,10.97733606515651
7756.0,1270024.02974528,215869.726545095,4.0,231001.46170211877,12.35017931719871
7757.0,1270254.21464153,215865.798737094,3.0,83674.42180763604,11.334688616078193
7758.0,1276364.48427978,221740.640663102,4.0,709602.5718322138,13.472460334311714
7760.0,1256832.59715578,255208.878457382,4.0,983062.2364078288,13.798427709849276
7761.0,1276712.32639214,251321.171061397,4.0,568838.1308868567,13.25135119264841
7762.0,1281984.51865354,204177.029125124,3.0,66773.25376356182,11.109057886585102
7763.0,1277368.17516081,214435.620111629,4.0,158205.98555894167,11.971653168991491
7764.0,1277362.58591281,214135.733583316,4.0,185329.74253551333,12.129891909568535
7765.0,1265324.08702047,243637.223149523,4.0,141649.46470477857,11.86111072625243
7766.0,1286705.89728238,205410.427910388,3.0,371120.6266342774,12.824282427919234
7767.0,1286701.37305836,205138.4665021,3.0,251073.1575434129,12.433499639962834
7768.0,1261514.24196057,249041.062067062,3.0,75220.07927978555,11.228173485995928
7769.0,1261519.78000858,249306.92440334,4.0,101859.41691034762,11.531348875999942
7770.0,1266214.89002939,250304.655028358,3.0,11308.49360445426,9.333309368767623
7771.0,1269548.6143848,208007.155337036,3.0,52314.45045606523,10.86502791124053
7777.0,1268650.13451189,252982.22975109503,3.0,191658.26759921468,12.163469208929712
7778.0,1266520.7487177,242758.371884629,2.0,374.1766608101837,5.92472804099742
7779.0,1266623.1559498,242755.781356618,2.0,43247.91989344332,10.674704416254139
7780.0,1279004.77196248,174126.279846355,3.0,109780.70258292533,11.606240042000739
7781.0,1272826.08715616,249272.86769929496,3.0,85247.64160366826,11.353315730289996
7783.0,1285414.07737705,244278.754670188,3.0,638478.0598461644,13.366842591837976
7784.0,1260636.48093568,251678.123061761,3.0,26407.727360054243,10.18141194933759
7786.0,1282026.83974157,207454.665608481,3.0,49353.67289189521,10.806767467459881
7787.0,1282387.39314994,207446.296840474,4.0,743689.3139934337,13.519378637882276
7788.0,1274918.32805429,222996.75592839695,3.0,163225.90412013748,12.002890435142803
7793.0,1278216.43954568,246808.25553678,3.0,462755.3712148224,13.044953837531693
7794.0,1278575.75212204,246779.153904751,5.0,516531.11229442776,13.15489080250294
7795.0,1254914.85232182,252040.579062134,4.0,112637.89570126552,11.631933489587976
7796.0,1281511.09996505,251890.283061981,3.0,91175.96024825104,11.420546547546301
7797.0,1258844.29686984,248300.870962307,4.0,300772.96490498894,12.614110989708072
7798.0,1258201.63376518,248314.922162324,4.0,282150.8848386114,12.550197259449826
7799.0,1279716.19935521,207276.477640301,2.0,11252.626423009488,9.328356840208128
7805.0,1285835.36524948,253617.05816774105,3.0,227870.54972980937,12.336532982354429
7807.0,1281617.74834916,208695.062729746,3.0,284204.41628275724,12.557449033872599
7808.0,1260233.98698327,251683.673909768,4.0,843218.825726547,13.644981783045793
7809.0,1259969.38256699,251687.684405774,4.0,95024.03197949992,11.46188510679688
7812.0,1275197.02136658,217399.415058658,4.0,57440.04880420031,10.958497053377043
7813.0,1273944.6669333,246292.103344247,3.0,395127.6820226996,12.886964237277734
7814.0,1273958.97957332,246889.42072086,4.0,243290.1522528733,12.402010052214155
7818.0,1264577.25092371,246582.304880545,3.0,137585.28802255585,11.83199928032447
7825.0,1287619.87155531,201148.526978016,3.0,191804.0006357523,12.164229299585957
7828.0,1268237.01758346,245175.378223106,4.0,138322.60565548812,11.83734395805921
7830.0,1270984.78014627,244452.651950359,4.0,240092.066030642,12.388777737226222
7832.0,1262219.4062493,166777.61833483,3.0,710955.0606688772,13.474364500977508
7833.0,1284973.09568059,178307.974890634,2.0,46591.99999999999,10.749184131556358
7834.0,1261406.55684046,251031.855029106,4.0,412699.6931911032,12.930475472321698
7836.0,1284756.57836838,193861.749562562,4.0,185085.09401980543,12.128570965982382
7837.0,1285112.87257674,193851.75909854504,3.0,173124.38341135066,12.061765594394513
7838.0,1281599.96722914,227377.302236885,4.0,198172.46888379432,12.196892985497108
7840.0,1275908.68498331,253325.395063445,4.0,1154747.741678372,13.959392472610812
7847.0,1265160.28650831,248542.32913854704,3.0,39793.815864361095,10.591466798907327
7848.0,1265445.6091326,248523.875442535,4.0,74288.60106931496,11.215712801295716
7849.0,1265531.07121269,252134.569334224,3.0,85608.03714129177,11.357534449559791
7850.0,1272540.13067587,253447.68875958,4.0,494812.5679488016,13.111934319236102
7851.0,1272546.44856387,254099.543736234,4.0,582740.0679680033,13.275496513368815
7852.0,1282158.84735772,249890.736243933,3.0,51417.86921788015,10.847741041180255
7853.0,1273597.09246895,243391.016301274,3.0,429381.0593615869,12.970100053909452
7854.0,1273598.88018095,243608.010285497,1.0,0.0,
7858.0,1280430.31833194,223801.897369221,4.0,1257780.820192939,14.044859472281479
7859.0,1261042.29079209,188175.547636732,4.0,229384.47021633547,12.34315478398538
7860.0,1282332.96934189,174346.910950571,4.0,704823.3282018021,13.46570245209409
7861.0,1282326.99398188,174036.958502263,3.0,769618.871679714,13.553650699446338
7862.0,1282091.23263764,174354.543782577,3.0,57685.06143543291,10.962753518376562
7868.0,1280903.70124443,248587.760178596,3.0,46454.86862657945,10.746236553099816
7869.0,1253446.86966431,251310.637621388,3.0,186350.0,12.135381904907405
7870.0,1253653.18486452,251547.36811763,1.0,0.0,
7873.0,1277249.78892069,204490.553733438,3.0,138566.03226278382,11.839102258232456
7874.0,1274071.91762143,231647.448225245,4.0,128298.87815133498,11.762117806616434
7877.0,1275424.23845482,222985.622040376,4.0,296678.716587066,12.600405069924546
7880.0,1284345.19436796,205193.960454166,4.0,585339.8307827861,13.279947864873652
7881.0,1283377.13983896,207825.51194486,4.0,1616438.333706285,14.295735727387978
7882.0,1283373.09363095,207396.469192415,3.0,1659131.9839481222,14.321805122336126
7883.0,1279505.14495499,252590.542838693,4.0,524065.72741715785,13.169372389439202
7884.0,1279497.15449099,252919.407351032,1.0,0.0,
7890.0,1266183.71358135,243226.048749104,2.0,26687.64469461833,10.19195599176868
7891.0,1263518.56701863,210421.44903551,4.0,124130.01660249296,11.729084816260833
7896.0,1278124.72024958,217544.365586802,4.0,628653.1598787716,13.351334968460252
7897.0,1278436.8413379,217535.101458803,4.0,253454.04489451088,12.44293780311231
7899.0,1275017.8767264,209726.240138799,4.0,314776.81029685604,12.659619127935425
7906.0,1283328.58547091,253175.8241833,3.0,59515.62246699855,10.993994119540792
7907.0,1273332.02053268,236415.190054134,3.0,999538.731163008,13.815049182710085
7912.0,1295389.58663526,181699.024494097,1.0,0.0,
7913.0,1295720.97639561,181686.750894085,3.0,1645054.3602628454,14.3132839873881
7916.0,1273196.53291653,216474.425105706,3.0,203549.14711882485,12.223662763889553
7917.0,1273446.27486879,216468.220433712,1.0,0.0,
7918.0,1286634.7379863,248984.572338998,2.0,20.0,2.995732273553991
7922.0,1294038.46893787,187322.783283859,3.0,2225.0762984219623,7.707546485438004
7923.0,1294210.62477806,186871.187763393,4.0,40850.24201615896,10.617668024778775
7925.0,1281013.07801254,212220.308301359,1.0,0.0,
7926.0,1281153.56754868,212215.889357358,4.0,111935.88906183808,11.625681567292146
7927.0,1258861.87984586,249098.207283124,4.0,351191.24851370795,12.769086221621993
7929.0,1254851.50825775,248132.353586137,4.0,70692.90743853214,11.166100527736837
7930.0,1280584.6250841,251245.288949326,3.0,90467.6383639358,11.41274747859966
7931.0,1277601.77151304,231527.850721121,4.0,635294.2799881394,13.361843603575085
7932.0,1277884.49464934,231519.792353123,4.0,692528.4414856089,13.448104586937593
7936.0,1279040.83161052,233339.997666985,3.0,302938.6946361347,12.6212857360869
7937.0,1268046.83127926,226430.677851915,3.0,26819.734030327218,10.196893239945602
7938.0,1276055.61970347,222359.480599746,4.0,940364.8847344748,13.754023254175108
7939.0,1276377.2378158,222352.385815725,3.0,531442.3098054063,13.183349928644231
7940.0,1281310.20799685,214009.623311192,3.0,608447.2269970974,13.318665461267663
7941.0,1281324.61970887,214355.995983541,3.0,731984.3418556177,13.503514401807033
7942.0,1270003.21681726,241439.093035281,4.0,411278.32781952585,12.927025460925375
7943.0,1270297.64273757,241431.381099269,4.0,591636.8903346173,13.290648364762125
7944.0,1276358.39435977,233526.746339172,4.0,332261.0081637328,12.713676108197387
7947.0,1271753.08139506,209716.220426798,3.0,326912.97627960314,12.69744928687585
7948.0,1273599.74731696,248761.392690778,3.0,325990.1681245964,12.694622500767045
7949.0,1273617.82802097,249528.944947556,4.0,1299047.1361864132,14.077141581512036
7950.0,1287639.94496332,202051.14656294897,3.0,394954.266901215,12.886525257183314
7951.0,1287634.63757132,201802.699202687,3.0,636505.9698377007,13.363749076099323
7953.0,1267905.49329512,240669.234986484,4.0,701967.7913454855,13.461642800681133
7956.0,1280477.13055599,181705.840430111,1.0,0.0,
7957.0,1280672.81094019,181711.711854115,4.0,185824.3556529072,12.132557182093374
7959.0,1284156.77151977,249854.616883889,4.0,344914.1044937791,12.751050692532903
7966.0,1275536.99147893,227516.962397024,4.0,198403.38270007152,12.198057523587115
7969.0,1292087.41965587,185449.048177943,3.0,262310.61855862255,12.477284647531272
7972.0,1273514.35870886,224673.74793011,4.0,1348339.8786179295,14.114384674146825
7973.0,1273843.3082132,224665.950426102,3.0,1240818.974923881,14.031282183219382
7977.0,1272332.36139566,225406.963994861,4.0,529717.6007695448,13.18009931478792
7978.0,1272609.62072393,225571.210715026,4.0,707208.1868410459,13.46908036665407
7979.0,1281840.12556539,226482.75420396,4.0,411767.6007696098,12.92821439337914
7980.0,1286340.401986,191820.53906446704,3.0,505864.5598393114,13.134024244138292
7981.0,1278805.86028229,207612.128200635,2.0,65009.13241743179,11.082283037738472
7982.0,1278793.75794627,207161.883400172,3.0,54637.67983649432,10.908479030614231
7983.0,1280702.99398023,195317.66233204296,3.0,93182.0,11.442309848973883
7984.0,1280699.55890822,195144.272571877,1.0,0.0,
7985.0,1286968.64185864,204317.456645265,4.0,1175683.3236246137,13.9773600885455
7986.0,1286962.05197063,203929.086660862,3.0,324322.8626017782,12.689494788120044
7988.0,1281617.46815716,222037.056023404,1.0,0.0,
7989.0,1281613.50457315,221926.051031291,4.0,238021.14855273056,12.380114808171097
7991.0,1266756.49591795,173288.105637491,4.0,17540.6290326537,9.772275128034186
7992.0,1264630.02743576,171341.231587499,3.0,810764.2570692596,13.60573260905258
7993.0,1264606.35652374,170778.033890918,4.0,415591.0666299136,12.937457042860482
7994.0,1282605.73555017,191774.882680416,2.0,449482.57977546006,13.015852377471996
7995.0,1282597.77529417,191474.97740010903,3.0,403206.5380504814,12.907204211010807
7996.0,1275625.31775102,230425.079648003,3.0,27454.73779864797,10.220294029445114
7997.0,1275942.01759134,230416.452319995,4.0,164227.72443241483,12.009009307255674
7998.0,1276114.87813553,215424.79201664,3.0,11440.00850502958,9.344872008380154
7999.0,1276303.11755972,215420.275024638,3.0,13618.721349275846,9.519200694920242
8001.0,1256545.01206748,258721.938364968,3.0,48901.38956070459,10.797561091433552
8002.0,1256550.88381149,258991.959485248,3.0,47372.07619746623,10.765788224331738
8003.0,1256354.87401929,258921.812989175,4.0,1676036.2458701015,14.33194218620446
8006.0,1280117.87372363,245882.723567829,3.0,966312.9500534344,13.781243025588
8007.0,1280603.77759612,245290.748399228,3.0,722755.6695965749,13.490826504325964
8008.0,1289303.61030903,190615.104119226,3.0,192351.05342688644,12.167077384780399
8009.0,1289405.48474114,190701.431031317,2.0,124847.11142076024,11.734845159042674
8010.0,1273223.84517257,255396.532985568,4.0,186006.0244673545,12.133534341780239
8011.0,1273230.47512457,256061.846266255,3.0,89965.76899217763,11.407184532431716
8013.0,1277920.90207337,251643.323637724,1.0,0.0,
8014.0,1277921.83186537,251957.618614048,3.0,50548.04546584035,10.830679558336906
8017.0,1268356.01374358,226130.948123604,4.0,64434.17961382894,11.073399510645302
8018.0,1279561.16191505,257206.350523427,4.0,512661.11187723937,13.147370305231007
8019.0,1279564.58450706,257537.63692376,4.0,276096.5011571209,12.528505725462438
8020.0,1259189.88048619,252361.434358463,4.0,94392.83051163418,11.455220401279423
8022.0,1278338.62136981,223287.530584693,4.0,307898.2517116173,12.637524655791948
8023.0,1278343.94386581,223593.940376997,4.0,182627.55086881807,12.115204116751855
8034.0,1280344.29714786,220318.917397648,3.0,39863.261943678575,10.593210425432998
8035.0,1280497.19974001,220313.447637647,2.0,727.6710858936376,6.589849141010856
8038.0,1278638.08601011,226530.968668014,4.0,189379.9122410243,12.151510394135887
8040.0,1272040.53553936,244417.894830331,4.0,163461.3021506602,12.004331557211524
8041.0,1262339.02608941,261261.679039568,1.0,0.0,
8043.0,1262077.78384915,253007.239543125,4.0,602618.672603512,13.309039891928283
8044.0,1260623.77821566,255032.45004119,4.0,670291.3632025738,13.41546776729
8045.0,1260293.92451933,255037.424761206,4.0,495161.62445646734,13.112639502310184
8050.0,1287002.20281868,205480.432006449,4.0,395076.2560172045,12.886834078459
8051.0,1286992.20448266,204812.879877776,2.0,139764.0,11.847710564890653
8053.0,1281653.2814052,204994.63936595604,3.0,20243.91674508694,9.91560961975324
8054.0,1281647.24498919,204728.24026168897,3.0,6608.8643017140175,8.796167102911957
8058.0,1260666.38506371,257045.724859253,3.0,189314.38280686623,12.151164313216954
8059.0,1260669.96938372,257217.725499436,4.0,580746.8938517689,13.272070302106547
8060.0,1262587.71524167,168744.58096084,2.0,44849.91445881082,10.711076960212232
8061.0,1274513.08472589,215838.775825068,4.0,373514.4078948987,12.83071185816548
8062.0,1281681.19769323,223570.613656983,4.0,279510.0,12.54079334911258
8063.0,1264969.40926011,250301.616628349,4.0,142176.81032603438,11.864826705176647
8065.0,1257125.61494808,259520.285245791,3.0,122421.05272815876,11.715221633683221
8066.0,1256845.19945979,259525.949565798,3.0,613395.0197248172,13.326764411497956
8069.0,1282247.77465381,257522.247547746,3.0,36560.50505586333,10.506723839910943
8070.0,1288328.88717203,191185.68107982,4.0,441597.8220701901,12.998154842026588
8071.0,1288619.85965233,191177.989815816,3.0,546949.2265291715,13.21211125539422
8072.0,1274525.18904589,251385.828085467,3.0,158913.18295615437,11.976113312935947
8073.0,1256915.91555586,250436.971380487,3.0,295502.9480677597,12.596434092319166
8074.0,1283545.64703913,242567.190508425,4.0,808670.905556067,13.603147321629594
8077.0,1282324.33714989,202284.609027177,4.0,65142.42173712834,11.084331255559
8080.0,1285002.81670463,204367.397829309,4.0,1050553.2058149038,13.864827446071155
8081.0,1280691.61798021,214369.312527552,4.0,241554.3070892005,12.394849600869744
8083.0,1279936.18348344,217290.482514545,4.0,384151.83995106106,12.858793169952568
8086.0,1295370.35469924,185827.532018334,3.0,135068.4879821544,11.81353724716443
8087.0,1295816.34170771,185808.22168231,3.0,185531.03781589936,12.130977466795498
8088.0,1291982.65152778,187689.044340238,4.0,349637.10838700645,12.764651062402264
8091.0,1284727.38451235,242890.023212761,4.0,132940.56032859674,11.797657392485116
8094.0,1269750.253425,213569.490638733,4.0,124890.47393476688,11.735192423667504
8095.0,1269978.28113724,213565.004430741,4.0,224925.89809501168,12.323526285141687
8096.0,1282817.24396639,253847.163703978,4.0,431780.6268996349,12.97567293014535
8097.0,1274997.31800638,245403.85969533,4.0,274597.5726158576,12.523061932567751
8098.0,1275267.25547865,245396.477487326,4.0,242637.4710363869,12.399323719609443
8099.0,1262110.83364119,245056.502126977,3.0,419192.0388595348,12.946084420538439
8106.0,1270672.39134595,207376.595208392,2.0,11752.630459138703,9.371832363380278
8107.0,1270663.15870595,206924.189959928,3.0,41138.4075230021,10.624697453731496
8108.0,1281331.06425287,254151.759224296,3.0,221437.48245105965,12.307895582357741
8110.0,1285453.43654509,255489.827385664,4.0,322933.13333330664,12.685200563229762
8111.0,1285406.64268903,255678.810617864,3.0,231311.7333333724,12.351521574703662
8112.0,1271985.1616513,179138.124779478,4.0,1588109.0611850573,14.278054596759091
8113.0,1272633.78961997,179128.171755478,4.0,1205941.327815402,14.002771004849821
8116.0,1270772.82321805,169368.155809477,3.0,292243.85029463033,12.58534383649403
8117.0,1271090.35141037,169041.967137143,3.0,507286.6803097979,13.136831567167897
8118.0,1283564.20083116,183637.021936089,3.0,31216.64260007944,10.348706648250687
8119.0,1283765.67091136,183628.477040082,3.0,11533.001507910503,9.352967900973395
8120.0,1261670.93520874,187833.574260384,3.0,212501.0927042277,12.26670240947093
8121.0,1261035.45847209,187846.92824439696,3.0,109735.53145750726,11.605828490424582
8122.0,1274910.62821428,244210.605230108,4.0,844238.0309031593,13.646189760952362
8123.0,1275190.44792658,244200.233518109,4.0,848999.7743782571,13.651814199543457
8125.0,1278315.97541778,226540.150364026,4.0,55774.194830099965,10.929066583160674
8127.0,1280612.85138813,202613.578499526,4.0,849980.1638938282,13.6529682915987
8128.0,1281400.94335693,196321.09862107,1.0,0.0,
8130.0,1287628.98368332,201570.674754456,3.0,175994.52911159376,12.078208188943936
8132.0,1295084.95303495,183603.772336051,4.0,156915.88970007515,11.963465206379073
8133.0,1295082.41562694,183344.469743788,2.0,46592.0,10.749184131556358
8134.0,1266875.79652606,252657.638518766,4.0,711517.2222139632,13.475154901720098
8139.0,1254896.61974579,250974.863669038,3.0,43341.73379101052,10.676871278697453
8141.0,1274602.27845398,243369.302445248,3.0,1230973.6853430094,14.023316028287423
8142.0,1276972.8649524,250659.902324721,4.0,310155.8469180347,12.644830182127597
8147.0,1274788.11506216,247401.795697376,4.0,32768.32459426958,10.397217614181098
8148.0,1275053.43339844,247394.146097377,4.0,114164.8968294571,11.645399145672414
8149.0,1284963.92569658,210384.003915474,3.0,265290.2568406672,12.488579814388002
8151.0,1283385.31468697,208256.079049304,2.0,46591.99999999999,10.749184131556358
8152.0,1276567.97074398,229524.29699108,4.0,135364.6507673857,11.81572753275591
8153.0,1276576.369976,229824.202527389,4.0,88819.58603905873,11.394362468162623
8154.0,1258888.40304588,250418.009460464,4.0,428690.76689232665,12.968491114897466
8155.0,1258899.33251789,251046.426165119,4.0,176843.9066293024,12.083022739017718
8156.0,1274082.48914145,207871.456072897,4.0,169142.80028724807,12.038498609231137
8158.0,1280622.99513215,229624.912287176,4.0,253080.46486519283,12.441462760090147
8159.0,1280284.6302678,182139.717550561,2.0,46591.99999999999,10.749184131556358
8163.0,1272865.7228682,252908.970359027,3.0,7745.205904509617,8.954829337973322
8164.0,1273412.27333276,252888.666295007,3.0,26117.739374006047,10.170370031942221
8170.0,1265304.92862046,258264.015420511,4.0,127239.53123083484,11.753826661722648
8172.0,1270920.04241821,256434.808122635,3.0,223074.6402311031,12.315261703996024
8173.0,1271581.24318688,256414.645754606,3.0,231076.95308731045,12.350506064276466
8178.0,1281424.85964496,209908.53767499296,3.0,31052.45061419175,10.34343300901991
8179.0,1271074.22648236,194391.991291106,4.0,113889.01531182532,11.642979703272863
8180.0,1271068.40625836,194096.384250805,2.0,51.2,3.9357395320454622
8184.0,1271238.85739453,230467.384032041,4.0,137529.7975403699,11.831595881995185
8185.0,1270670.33752196,224423.093273848,4.0,271429.6526546677,12.511458278537987
8188.0,1272039.43646735,181258.237037659,3.0,59868.41290278002,10.999904314511404
8190.0,1291080.85114285,182026.750894442,3.0,133230.7824384152,11.799838109776577
8191.0,1264470.7495476,178230.766698554,3.0,131981.33333328887,11.790415777426835
8197.0,1268113.04177533,241742.154411584,4.0,538658.9275878142,13.19683786219003
8198.0,1285411.67059304,244101.99089400505,3.0,410455.9329777032,12.92502385248423
8199.0,1285665.61785731,244097.735982001,4.0,412604.1628858569,12.930243968966977
8200.0,1276234.82667965,237321.401447058,3.0,313926.6557108991,12.65691465706767
8201.0,1276660.67852008,237310.561255053,3.0,1283066.6655349284,14.064763602914216
8204.0,1280509.11935602,226991.037916481,4.0,399623.7347881721,12.89827872035944
8205.0,1283847.84524745,245886.038895831,4.0,151772.09455050417,11.93013529667921
8207.0,1257533.6019565,249925.286387965,4.0,1631377.6561607933,14.304935403641544
8210.0,1282319.99071787,201510.616770387,4.0,107621.14951079064,11.5863724641868
8211.0,1283052.01420663,206842.83904784903,3.0,1215350.4447180028,14.01054302503498
8215.0,1282382.91974194,207152.388616174,4.0,1465230.30244692,14.197522991113642
8216.0,1285430.99072106,192361.342777014,3.0,46555.80372147353,10.748406952086693
8217.0,1285419.73024106,191955.289144605,4.0,120380.03685252488,11.698408991236661
8225.0,1264245.41994737,170035.487458155,4.0,502699.1802573564,13.127747218999719
8226.0,1263916.83332303,170035.177442163,4.0,563921.5854640697,13.242670487949107
8227.0,1279185.82937066,221104.79119046,4.0,1265350.5762735803,14.050859777142973
8228.0,1268387.86142361,245702.605167642,4.0,1586024.063510263,14.276740853514706
8233.0,1268708.79582395,227789.187293306,4.0,247980.2867761176,12.421104533181738
8234.0,1278226.73119369,247134.706993103,3.0,362625.8120870017,12.801126760888971
8235.0,1278202.54488966,255919.145786107,4.0,97382.312160035,11.486399873139709
8237.0,1285845.64179349,206939.91104795,4.0,477226.8906064064,13.075747318427988
8238.0,1257731.13206869,259371.947901636,4.0,604265.7535649139,13.311769369495908
8239.0,1257736.72099671,259629.780733898,3.0,39457.559318106265,10.58298092561367
8240.0,1256199.11414713,249654.075955689,4.0,527741.0247823143,13.176360958995256
8244.0,1281903.84095745,244077.845293984,4.0,80160.43335452866,11.291785322423449
8245.0,1279204.13439469,249283.32830731603,3.0,18872.969711926256,9.845486003400644
8247.0,1256258.89129919,253066.034999177,4.0,128867.92426103327,11.766543315920877
8248.0,1256270.6736992,253735.888951868,4.0,394232.02850566927,12.88469491978039
8249.0,1283835.99487942,206537.052935541,3.0,26309.26250278525,10.177676342580467
8250.0,1292352.90733615,182152.276590571,3.0,7509.994622199128,8.923990028672588
8253.0,1281795.37170935,224254.995161682,3.0,961620.0349183028,13.776374677527631
8254.0,1281793.03308535,225137.508826584,4.0,859425.5779966522,13.664019512501326
8260.0,1284726.28345634,240562.894954383,3.0,74626.87251797011,11.220255942748203
8262.0,1282337.01497389,191983.233912632,3.0,1681310.801134668,14.335084285922045
8263.0,1282336.9907179,191782.98303243503,3.0,813154.5695428031,13.608676492897839
8264.0,1281569.37542111,196599.285053357,4.0,259484.4257580742,12.466451963440493
8266.0,1279512.333627,219408.975380719,4.0,672336.9158278129,13.418514856703938
8267.0,1273323.48971666,230850.492192432,4.0,287634.234163194,12.569444931692178
8268.0,1273335.95064469,231265.43094486,4.0,220348.078307228,12.302963749139424
8270.0,1283996.6163196,207818.739976853,4.0,1249996.363013093,14.038651199684725
8271.0,1267555.45431876,253714.13707985,4.0,352833.0739432133,12.77375034572537
8272.0,1267560.91659077,253980.024632126,4.0,136134.4201802737,11.821398060267137
8273.0,1278607.59724207,222916.085784316,4.0,808073.9036000476,13.602408798172123
8274.0,1278616.07097009,223281.204504684,4.0,626721.1146686679,13.348256927473306
8279.0,1264508.64676364,252037.452086136,4.0,36272.790631754986,10.498823169812217
8280.0,1278861.22796233,214105.57550329,3.0,71343.72579969693,11.175264683505096
8281.0,1284910.83001654,206525.567687526,3.0,37422.38253023548,10.530024267770115
8283.0,1278400.62028186,210702.704715803,3.0,52165.37180789224,10.862174178412225
8284.0,1278543.56127401,210694.65421979097,3.0,179309.1364756587,12.096866614656726
8285.0,1278382.57599385,201412.393538296,4.0,145517.36061889914,11.88805067544436
8286.0,1278286.28850575,201936.75405082095,3.0,26935.94729484952,10.201217004158329
8287.0,1278966.67199445,201871.083906755,3.0,6382.437112592602,8.761305295967622
8288.0,1272180.0690435,230032.709983602,4.0,1294964.5253731443,14.073993859206315
8291.0,1284393.36089601,195897.692348644,4.0,1678617.8991528903,14.33348133371764
8292.0,1284333.35315195,195247.546299979,3.0,1701978.609397393,14.347302020114853
8293.0,1281641.11020519,204457.393733412,4.0,465357.63241368905,13.050561490927059
8294.0,1281628.90482917,203918.662148863,4.0,65661.82396130901,11.092272969550493
8297.0,1275282.34962267,251359.889461443,4.0,173026.03951109067,12.061197379558456
8298.0,1275590.34667899,251349.416053429,3.0,125293.65393668976,11.738415492647766
8299.0,1278453.45644192,229669.41449523,6.0,735482.4456151063,13.508281951458184
8300.0,1278446.26092191,230109.204959676,4.0,130940.0439223197,11.782494817433545
8301.0,1270939.71000223,247513.925041497,4.0,254184.9806370449,12.445817551165183
8302.0,1270661.21316995,248176.60645017,4.0,255039.23894765292,12.449172690528613
8304.0,1269260.25534451,230531.31497611105,4.0,218139.38828809932,12.292889533261782
8305.0,1257334.70147629,253725.015671864,4.0,385596.8925641869,12.86254778298322
8306.0,1279343.88351484,206022.976519004,4.0,286311.0794187927,12.564834188971009
8307.0,1279336.54751483,205753.44685474,3.0,85150.52445233651,11.352175845230253
8308.0,1283826.11763142,249860.679219902,4.0,410834.05536389584,12.92594465370737
8309.0,1260971.70762402,255715.7272259,4.0,994093.3488115912,13.80958639351453
8310.0,1259408.73501442,259536.829117805,1.0,0.0,
8311.0,1259410.47024642,259606.808637887,3.0,58126.88968233991,10.97038365302511
8315.0,1270592.81336187,256806.61413902,4.0,547665.0548986185,13.213419165374265
8316.0,1270924.54929821,256797.350395009,3.0,471891.3412650808,13.06450402888134
8317.0,1275185.14706257,226589.677852064,4.0,162278.3856523866,11.997068569356104
8318.0,1275510.63954291,226581.624092057,4.0,220370.7409976588,12.303066593354185
8319.0,1276172.06341559,249633.868339673,4.0,117915.33975746256,11.677722186267912
8320.0,1255580.7279065,252295.132662401,4.0,149556.2625913987,11.915427939419347
8321.0,1254919.30211382,252300.695350394,4.0,252542.68057202845,12.439335545381688
8322.0,1290256.87085401,189488.549942076,4.0,1234241.2840035162,14.025966994320616
8323.0,1290468.66272622,189668.020726264,3.0,112095.34853583618,11.62710511431743
8325.0,1256876.91990782,248610.454706624,4.0,684723.6270110719,13.436770571613362
8326.0,1276983.80095242,203999.67642094204,3.0,663724.7189397283,13.405622762586512
8327.0,1276981.43346441,203936.626052871,3.0,372654.0,12.828405654184877
8328.0,1261286.39696833,252357.452406451,4.0,360907.6355620444,12.796377347409136
8329.0,1277979.52959344,212503.300493643,3.0,189217.62757022685,12.150653100235784
8332.0,1271864.02347517,230037.665695608,3.0,943499.5612764144,13.757351178794783
8335.0,1283177.48044676,252012.092214108,3.0,210486.2085195041,12.257175412236123
8336.0,1283867.42854346,251995.304502085,2.0,63642.32136681397,11.06103395832346
8339.0,1284756.18764837,201533.036994413,3.0,198587.05654560967,12.198982854982969
8340.0,1254245.67779313,251768.02315785,4.0,240614.4142529773,12.390950990341578
8341.0,1265580.42775674,254545.898168698,4.0,291173.93604093307,12.581676085944887
8342.0,1281550.11532509,256482.401530683,4.0,231857.04081134184,12.353876257317715
8344.0,1275764.19019917,214258.881999448,6.0,1367163.2446198328,14.128248526732731
8345.0,1276136.41912755,214278.125711471,4.0,771463.1058631127,13.556044128336774
8350.0,1260611.69066365,254360.158712506,4.0,1067009.774163416,13.880370690657507
8352.0,1265321.81969248,259586.474045858,3.0,54905.87972729476,10.913375720620778
8353.0,1274551.8675099297,227089.594524577,6.0,726493.5558881705,13.495984891874912
8354.0,1274535.1398299,227533.018781036,4.0,690857.5551409877,13.445688938432816
8355.0,1273331.82072468,180908.456237286,3.0,39380.71348759569,10.581031470048178
8358.0,1272811.49106014,248784.5071228,4.0,211517.0958349506,12.262061105572716
8360.0,1260324.48451936,249332.33413136,4.0,271590.24869806133,12.512049770848584
8361.0,1259666.53635868,249346.78552337,4.0,350522.78778560204,12.76718099842357
8362.0,1281096.46137263,197087.880573854,4.0,114740.6453480803,11.650429602578605
8363.0,1281269.93478081,197083.261501864,1.0,0.0,
8364.0,1264612.20657174,244090.214701995,4.0,710540.8997626839,13.473781789623496
8365.0,1285179.19040081,192368.316153035,3.0,8770.106922233868,9.07910427710877
8366.0,1279462.57618695,220762.696726099,3.0,12879.864535317816,9.463420482158767
8367.0,1279696.7098832,220753.790550098,3.0,64638.40657694296,11.076564042163156
8371.0,1258851.88867785,248566.644082576,4.0,523664.4619028931,13.16860641831806
8373.0,1281774.89439732,250560.088884622,4.0,152462.78789013307,11.93467583141819
8374.0,1267016.4278222,243205.469101086,4.0,487304.76662093896,13.096645010480739
8375.0,1275610.11538301,212899.098254055,4.0,575025.589492563,13.262169822254565
8376.0,1279611.26777111,222391.92015177,3.0,4399.942788023456,8.389346817099876
8379.0,1277490.26117693,248825.697330847,4.0,1694528.3336993696,14.342914990868717
8380.0,1277494.94853693,249135.161331162,3.0,300837.88522139424,12.614326811336435
8382.0,1269772.35934503,227692.635293201,4.0,109992.74864465457,11.60816972118941
8383.0,1269457.3901287,227979.276125491,4.0,69711.44924626237,11.152119847910912
8384.0,1262407.47805749,256477.796858683,3.0,302798.6030150219,12.620823186978058
8386.0,1284652.65433627,242468.916780338,3.0,209240.23820810972,12.251238335928315
8387.0,1269248.1615205,208949.046154007,2.0,23432.41950926579,10.061875791610614
8388.0,1271387.74520269,252884.660023004,3.0,43747.00521524684,10.686178437219871
8391.0,1278123.80261758,235658.20234136295,3.0,38298.78634410863,10.55317348652328
8393.0,1275325.35704672,237562.38755931,4.0,154785.89801482554,11.949798137892637
8394.0,1275468.81643887,237767.528167516,1.0,0.0,
8397.0,1264966.5651001,257612.036091834,4.0,258120.57342343064,12.461182093585471
8398.0,1290271.18810202,185855.854770362,3.0,1251376.2446692684,14.0397544993626
8399.0,1269368.24036862,244883.507758811,4.0,81059.46035781754,11.30293824284232
8400.0,1271384.87909068,252594.034294695,3.0,52192.96200545622,10.862702937299007
8401.0,1270711.81707399,245311.86545524,3.0,43192.88511716578,10.673431064306364
8402.0,1271007.75973029,245304.250671238,4.0,310385.7807713254,12.64557125687119
8407.0,1283469.05663906,247558.020401537,4.0,34011.91235770024,10.434466105697124
8408.0,1272981.58520432,251150.94040522,5.0,1072202.2723798018,13.885225289735203
8410.0,1283810.9857914,248532.590002537,3.0,182373.1389318437,12.113810081149818
8412.0,1268278.3944795,225914.28617137705,3.0,622935.9073071533,13.342198914960727
8413.0,1283032.12479861,205891.627718881,3.0,267960.3775372436,12.498594403552557
8414.0,1265433.30110058,248028.921714023,3.0,160756.35037461694,11.987645145982825
8415.0,1271266.31793857,244019.240749925,4.0,147715.25033216958,11.903041715269028
8416.0,1271278.70046657,244445.040430352,4.0,239413.3391311009,12.38594678956421
8418.0,1262718.17559381,245575.314735517,4.0,472764.8881349837,13.06635347864245
8419.0,1262125.3149212,245592.631343529,6.0,722105.5780074585,13.489926637111637
8421.0,1260836.46941587,261944.86764827403,3.0,117842.40207808398,11.677103435162326
8422.0,1258663.82282166,260783.450367078,1.0,0.0,
8423.0,1258297.25270928,256216.572026402,3.0,44998.81845371665,10.714391511823672
8424.0,1258304.25430928,256630.883194834,3.0,9911.996776584092,9.201501098105545
8425.0,1261607.42647266,246371.078896329,4.0,1375388.843584313,14.13424704443779
8427.0,1271083.72318637,194701.941755414,3.0,83327.33739065133,11.33053195427547
8428.0,1264064.61943519,177768.396586075,3.0,698548.0,13.456759174001025
8429.0,1263979.8052911,177957.009386271,3.0,465746.6666666667,13.051397131522855
8430.0,1287207.83661088,206498.547783494,1.0,0.0,
8433.0,1269401.53099266,246213.986352161,3.0,83260.38402814044,11.329728133134923
8436.0,1278621.31436209,223587.620185003,3.0,305893.26158581075,12.630991501736224
8438.0,1279281.85669877,226512.619291991,4.0,454330.7575155855,13.026580752549702
8439.0,1264877.89406002,252419.479862526,3.0,118956.19959807293,11.686510633734626
8440.0,1265017.41342016,252417.16786252,3.0,216785.4455396441,12.286663413174377
8443.0,1277450.0417849,246565.877424523,4.0,51272.28112287152,10.844905556139688
8444.0,1277571.86437702,246572.223536536,2.0,2811.4287821962566,7.941448096519109
8446.0,1264911.17418805,254025.970104173,4.0,154902.81558373402,11.95055320302307
8450.0,1278651.48786612,227028.507676527,4.0,264187.3793590752,12.484413900660167
8451.0,1279567.88601106,258532.151036784,4.0,199754.746091378,12.20484562350334
8452.0,1279742.28556325,258527.50342077,1.0,0.0,
8453.0,1289074.59238879,181421.098541811,3.0,925033.981254012,13.737585752310618
8455.0,1275485.36760688,188466.497845039,3.0,174328.592549918,12.068697260222871
8458.0,1260005.05309503,253701.617719829,4.0,442546.2324939207,13.000300218184695
8461.0,1278019.62796147,174113.143718332,1.0,0.0,
8462.0,1278020.94226548,173788.572518006,3.0,142116.39008291895,11.86440164932629
8463.0,1274988.70027837,207438.705672458,4.0,364797.01354304206,12.807096350589159
8464.0,1275701.5551271,207419.432072446,3.0,197815.385700629,12.19508947927428
8467.0,1270075.38232134,180478.26910086,4.0,980631.3207850988,13.795951848118616
8472.0,1266380.28017356,175919.790376186,3.0,461612.7754235964,13.042481670187316
8473.0,1266367.87332554,175261.49277551504,3.0,368822.5331368378,12.818070867325355
8474.0,1267314.95639852,173937.016742155,4.0,57431.29484721752,10.958344640134166
8476.0,1265710.04919687,249508.403699547,4.0,95716.49240173317,11.469145896989556
8482.0,1278124.30194558,214664.940879866,1.0,0.0,
8483.0,1278118.23832957,214420.114255607,4.0,296122.4056682072,12.598528180487993
8486.0,1278392.85029785,216347.536913589,4.0,402472.9321527133,12.90538312426939
8487.0,1278385.68562585,216087.637201324,4.0,78991.31715258917,11.277093215947774
8488.0,1280282.69228379,199974.458112821,3.0,1406252.0291296905,14.156438587870495
8489.0,1278932.99391441,216335.412241578,4.0,533290.663585934,13.186821889564893
8494.0,1273202.72382854,216784.463570029,3.0,114660.1214403737,11.649727565596416
8495.0,1273422.01246877,216779.100050032,1.0,0.0,
8496.0,1283675.64383927,175618.864103884,4.0,293227.63461338496,12.588704496304189
8497.0,1284468.26035208,175592.77360785,3.0,186350.0,12.135381904907405
8498.0,1293973.38733782,188086.828020647,4.0,244162.51600765405,12.405589331774701
8499.0,1294068.07418591,188301.905652866,3.0,288414.10272450227,12.572152583074287
8500.0,1272582.58629191,187751.318196297,1.0,0.0,
8501.0,1269354.24632061,176916.882857203,3.0,916238.7480437435,13.728032251664203
8503.0,1272625.28504395,242044.327083901,4.0,269323.4507374788,12.503668355355535
8506.0,1259335.53667834,247222.789489195,3.0,18036.320065749733,9.800142785322182
8507.0,1281840.75052539,249896.46129994103,3.0,25469.886004988508,10.1452520923054
8508.0,1284849.69235247,240614.864682436,1.0,0.0,
8509.0,1276895.09932032,256289.880890489,4.0,896425.1826680994,13.706170113629097
8511.0,1276241.63019966,229531.945887089,4.0,215699.1760898983,12.28164001266619
8512.0,1273886.97771725,240908.48913073505,3.0,98330.0381203221,11.49608483545156
8514.0,1271560.32651486,244011.605933905,4.0,143157.25283793776,11.871698975243046
8515.0,1263338.15402645,249667.422387704,4.0,421653.8915720452,12.951940094349608
8516.0,1261411.97181647,261019.420031324,4.0,159517.08666969242,11.97990632192516
8519.0,1276887.65413631,247492.192817479,1.0,0.0,
8520.0,1277324.69164076,247484.097329468,2.0,46591.99999999999,10.749184131556358
8521.0,1279698.64460319,230075.405471638,4.0,498213.6527400221,13.11878428556966
8522.0,1280020.80172352,230067.598367631,4.0,1119881.2954537526,13.928733251452336
8526.0,1267452.46334265,248953.086514965,4.0,579227.485232654,13.269450572713408
8527.0,1278425.6035139,204965.160709932,3.0,137056.45091967445,11.828148170449337
8528.0,1278678.72505015,204404.062469348,3.0,526565.8888803488,13.174131747798063
8529.0,1271166.10392246,249892.531507939,4.0,94709.58176270798,11.458570454232232
8530.0,1271394.45912269,250164.500788212,4.0,15872.739222080709,9.67235840241194
8531.0,1281914.53810947,230462.771488041,4.0,475514.5962439416,13.07215285711883
8533.0,1271688.49528299,253479.320567608,4.0,88905.72140940279,11.395331777242175
8534.0,1279811.82514732,221995.77429536,4.0,201874.78748242505,12.215402920239866
8535.0,1279792.85369129,221566.221334934,4.0,268501.18541495496,12.500610607874588
8536.0,1276628.38271205,231555.917601153,4.0,323097.3820811262,12.685709049276285
8537.0,1276644.80524006,232145.846177757,4.0,409372.6117965738,12.922381051575275
8538.0,1286378.56000203,203276.814404204,1.0,0.0,
8541.0,1273836.8945172,224298.727705732,4.0,151527.9264601671,11.928525220014718
8545.0,1257886.45558886,253719.909367859,4.0,304949.8909434956,12.627902750103603
8546.0,1257897.95293286,254387.52972053,4.0,1149840.7772829265,13.955134036217133
8547.0,1256530.99869147,253064.048439175,4.0,293030.9392642604,12.588033477183037
8548.0,1256542.67024349,253733.119927868,4.0,493352.04909427336,13.108978293705842
8549.0,1275215.29464661,209723.441930801,3.0,342285.68209678034,12.743400995121034
8550.0,1275188.19000657,208964.27610603,4.0,305298.2619771846,12.629044485870816
8554.0,1281092.02137262,181656.249006063,3.0,59807.21071171198,10.998881513132895
8557.0,1282489.51923005,227794.784349307,4.0,77051.31606354417,11.252226921245402
8558.0,1282661.72595023,227790.871325299,4.0,121171.40534262171,11.704961395265283
8559.0,1272519.13957185,238659.095976427,4.0,384252.6461465743,12.85905554790042
8560.0,1272829.22590816,238652.683560416,4.0,621643.3728164654,13.340121851689602
8561.0,1268091.8935513,240953.280362785,4.0,629739.9614402762,13.353062253540408
8566.0,1281107.79692464,194280.114874989,3.0,93182.0,11.442309848973883
8567.0,1265642.5329088,246784.232944757,3.0,221618.60769923663,12.308713200091901
8569.0,1259326.11216633,246796.890416756,4.0,157553.81796165678,11.967522380225068
8570.0,1259125.22019812,246621.321840584,4.0,148349.75659002224,11.907327984935836
8572.0,1256246.64457919,252290.068022385,3.0,39625.05904375527,10.587217001241696
8573.0,1269690.16132894,170655.820258796,3.0,787218.3359039311,13.576260917009801
8578.0,1277882.74501733,179421.165547773,3.0,390745.2600311434,12.875811117771615
8581.0,1272068.54731539,216589.274961829,4.0,202217.960382236,12.217101406461778
8582.0,1272339.25707565,216583.942929819,1.0,0.0,
8583.0,1274113.04517348,231248.552736849,4.0,122400.3235142357,11.71505229214703
8584.0,1280074.03653958,205311.731590286,3.0,398694.5191038815,12.895950786357178
8585.0,1286099.94873776,195793.83526054,4.0,1010452.1710978978,13.825908482788648
8588.0,1284557.69030418,250506.327860564,4.0,68984.86344453409,11.141642389145126
8589.0,1284558.02630417,251167.766837239,3.0,10473.78918703709,9.256631147372898
8590.0,1282420.04793398,225255.587354705,3.0,59453.04056573184,10.992942045735072
8591.0,1282416.00921398,225398.99189885,3.0,17102.46949474131,9.746978146961077
8592.0,1284134.02841574,247862.342001855,4.0,244084.8148607884,12.405271045764275
8593.0,1269229.67633647,208013.480777055,3.0,82319.93573766119,11.31836858986697
8595.0,1258288.68317327,259360.393789634,4.0,571314.3542801962,13.255694870040523
8598.0,1289441.42957318,189166.813749745,4.0,1704349.3511294737,14.348693983626495
8607.0,1280911.30489244,257497.88012372,4.0,453108.1215255425,13.023886054850236
8608.0,1275193.70411858,229229.117150769,4.0,1072064.9341228756,13.88509719165424
8610.0,1285850.37606549,255812.574138001,1.0,0.0,
8612.0,1281631.71750118,198639.528383449,1.0,0.0,
8613.0,1281590.31826913,198617.796159431,3.0,93182.0,11.442309848973883
8618.0,1281814.91302136,254905.931257069,3.0,104494.46766110943,11.556889407943562
8619.0,1278231.8981697,257577.399355799,3.0,136517.38004403043,11.824207211831736
8622.0,1278997.50521047,203370.048452288,3.0,234552.68504084484,12.365435511317791
8623.0,1272782.53406811,252234.885430336,4.0,248963.9824897121,12.425063516348528
8627.0,1282032.06150158,191792.174584433,3.0,272217.5382179161,12.514356798490226
8630.0,1282935.49113451,242866.689900741,3.0,12892.66607955372,9.464413907715613
8631.0,1282942.86284652,243240.134701118,3.0,80687.2873193746,11.298336311729594
8632.0,1282555.93875012,255138.182457298,3.0,60338.24532818547,11.007721432545207
8635.0,1281774.35468532,192967.781497642,4.0,189124.3546919048,12.15016003901295
8636.0,1259729.20816675,253039.59051916,4.0,262735.2634967568,12.478902201521265
8637.0,1259741.06243876,253703.997943833,4.0,340587.8832248422,12.738428471782983
8638.0,1263054.80548215,261143.204223454,3.0,279502.0,12.540764727186753
8640.0,1286329.90361798,202486.80185939404,3.0,112654.06226707155,11.632077006169567
8641.0,1274474.08184585,223670.75752908,4.0,622180.6914354482,13.340985830234235
8644.0,1283659.04678325,178602.34762693904,3.0,377953.1707025653,12.842525579896842
8645.0,1277094.03493653,175132.227623373,3.0,860768.0100435691,13.66558030464562
8646.0,1277080.12357651,174466.904806703,3.0,1170039.3592364402,13.97254794658114
8648.0,1278371.47698584,237534.003431275,4.0,481904.0503421929,13.085500307536437
8649.0,1287949.72128364,202044.208898932,3.0,327584.67192092765,12.699501840858254
8650.0,1266000.28714916,228076.5840296,4.0,33350.89363232043,10.414839846556601
8651.0,1258116.09066109,251719.682037801,4.0,50102.32250074304,10.82182264329875
8654.0,1277815.63589726,228566.908830091,4.0,669250.428966437,13.413913602348305
8655.0,1281671.78431721,220696.067606032,1.0,0.0,
8656.0,1276142.54181555,214600.086671799,4.0,313516.0563916614,12.655605854303912
8657.0,1273886.46558924,235502.204645202,4.0,1250718.1287104674,14.039228447283206
8658.0,1275843.66309525,223945.748441368,3.0,49253.19719797032,10.804729562218457
8659.0,1276099.39160751,223938.28815335,4.0,464146.2157049757,13.047954901622322
8662.0,1279662.63775516,228718.633886248,4.0,369510.4074430912,12.819934185260852
8663.0,1279984.40645948,228709.83631824,4.0,481210.2364123014,13.084059535533669
8664.0,1275673.69695108,254662.540344819,3.0,6404.574332752056,8.764767753535644
8667.0,1273518.26885286,251915.247926012,4.0,337178.2219659819,12.728366918107126
8669.0,1285674.61625731,178656.085098982,3.0,614707.926979823,13.328902518500618
8670.0,1285842.60147348,178740.64657107004,3.0,92593.90952380952,11.4359786465901
8674.0,1293667.4899935,187237.311347768,4.0,84847.97823852654,11.348616442900903
8675.0,1280752.16415627,223090.675672486,2.0,593882.2419521163,13.294436332819613
8676.0,1281051.03692459,223449.332440853,3.0,565090.0975601468,13.244740462123657
8677.0,1269340.32574458,213577.675662741,4.0,250158.2774848556,12.429849106454258
8681.0,1278447.76453792,251947.252790034,4.0,117461.53061755424,11.67386615996006
8682.0,1278713.47103418,251942.012342036,3.0,66768.54027129563,11.10898729456854
8683.0,1275143.97426254,214887.565072089,4.0,307121.4116045761,12.634998425928039
8684.0,1275391.93765478,214881.434832081,4.0,156181.78860932926,11.958775919381397
8685.0,1282859.12742244,256451.443258643,3.0,61113.6884252066,11.02049115321378
8686.0,1282913.91999848,256480.498618677,1.0,0.0,
8687.0,1277421.66917686,245344.208559275,4.0,113779.44593199209,11.642017168649542
8688.0,1277436.72031288,245992.741423935,4.0,87990.78390157643,11.384987359584766
8691.0,1277993.04005745,212851.98055800804,3.0,293865.57812244527,12.590877724494536
8692.0,1278247.16620171,212845.596430004,4.0,398198.2814956104,12.89470535492138
8694.0,1281845.5914214,196592.56786935,1.0,0.0,
8695.0,1282134.6994537,196585.536445349,3.0,50817.56755125158,10.835997391723355
8696.0,1280140.43340364,218811.258388102,3.0,72164.11465963224,11.186698174447217
8698.0,1269250.4236645,224293.64008972,4.0,148438.31406905316,11.907924757450733
8699.0,1282288.68895784,253197.075127319,3.0,37947.49438667221,10.543958756577483
8700.0,1282291.99993385,253858.727991998,4.0,64979.15715388778,11.081821838284672
8701.0,1272063.74616338,245276.967279211,4.0,208856.4755071852,12.249402574985407
8705.0,1271347.06091464,200868.64857773497,3.0,124484.64611992992,11.731937662943915
8706.0,1271826.49560313,200343.696577191,3.0,65271.693938927805,11.086313744087468
8707.0,1283994.90105559,241020.392746851,1.0,0.0,
8708.0,1270807.32638609,222780.497496173,3.0,31671.99227075776,10.363188044745705
8709.0,1270895.34693018,222778.506008163,4.0,68792.27083558548,11.138846675104519
8710.0,1272176.66686749,225670.412635133,4.0,585509.0025712178,13.280236837770563
8711.0,1260369.9732874,251053.125941128,3.0,133565.24768261125,11.802345384110907
8712.0,1260222.59824724,251041.416373104,4.0,1006314.8522741856,13.821805555103161
8713.0,1263570.93898667,252981.8330791,4.0,1650359.6513896766,14.316503792663834
8714.0,1273580.48165293,257714.588347942,4.0,1693549.8792026094,14.342337404129287
8717.0,1286133.99257779,252187.512502283,3.0,5502.909391318431,8.61303221159955
8718.0,1272263.21131559,226788.73551628,4.0,476964.27171600267,13.075196865002292
8720.0,1272584.74968392,252425.967414528,4.0,100162.47152732436,11.51454886182146
8722.0,1282878.66284645,257243.269755453,3.0,31975.313815549987,10.372719440802323
8723.0,1279395.09369089,229191.63855873,4.0,213646.26203353453,12.272076945171563
8724.0,1276983.27666442,252638.56799075,4.0,691484.5572399773,13.446596097574352
8725.0,1279089.82130657,207350.714376375,3.0,263386.94713593205,12.481379511770825
8726.0,1285802.23705745,251802.656309888,4.0,923811.7575288631,13.736263604250825
8727.0,1285783.07040143,252465.832822561,4.0,1073837.1562115175,13.886748918915739
8728.0,1279464.04959495,249278.928051308,4.0,15051.63768514674,9.61924208054578
8729.0,1261617.97341669,246875.62872085,4.0,452038.6739132607,13.021523016909171
8730.0,1268608.65559983,258449.497340694,3.0,110604.59676491447,11.613716929276444
8731.0,1268952.72350419,258441.043260694,3.0,91940.59931839968,11.428897987920653
8734.0,1280138.05055565,218755.723028049,3.0,20055.344080921022,9.90625093492165
8735.0,1280395.74623591,218748.002900034,4.0,209899.68755707535,12.254385017275341
8736.0,1271847.07467516,213527.585230693,1.0,0.0,
8737.0,1272007.72363532,213525.071118698,4.0,134510.8283900136,11.809399983259334
8738.0,1282038.40172559,254506.815608665,4.0,55171.63097626559,10.91820416856769
8739.0,1282295.96550186,254501.557368651,4.0,104930.18408277526,11.561050494489265
8740.0,1281864.87878141,213831.274895012,4.0,218149.69269138933,12.292936769847529
8741.0,1281938.51775749,213580.276046753,4.0,223755.6868023644,12.318310051690613
8742.0,1284165.97324777,194569.598523289,1.0,0.0,
8743.0,1281578.49548513,257273.958971485,3.0,73437.3640053986,11.204188131477519
8744.0,1282238.31833379,257258.385211483,3.0,27553.07991774067,10.223869602079999
8746.0,1276995.47314443,221114.848598465,4.0,116126.16259180184,11.66243248762083
8747.0,1277035.17055246,220840.693270177,4.0,41367.04541084844,10.630239838264668
8748.0,1258228.80074121,249644.683891684,4.0,515370.1715049571,13.152640701068794
8752.0,1271121.55640242,210520.234955609,3.0,405077.36624336144,12.911833355606582
8753.0,1270576.01259385,210080.54778716,1.0,0.0,
8755.0,1281447.09254098,244723.719022647,3.0,262472.9088278569,12.477903151222561
8756.0,1281672.89490922,244697.849006608,4.0,1049530.6385312255,13.863853611271898
8757.0,1263604.29815471,254583.552312732,4.0,78665.96643117625,11.272965894001414
8758.0,1276193.0377516,252985.86059910097,3.0,537647.9131620866,13.194959188405182
8759.0,1276841.66015227,252967.781943083,3.0,494765.6775979452,13.1118395508818
8766.0,1271883.4495872,254130.34879227,3.0,16167.485679356492,9.690757447553013
8767.0,1266060.98910123,169351.352033466,2.0,46592.00000000001,10.749184131556358
8768.0,1277278.44140072,181246.620909646,3.0,98199.24232607716,11.494753778692397
8769.0,1277266.5425207,180890.789293274,3.0,12906.07344599223,9.46545328932046
8770.0,1269599.76056086,169152.34326525,3.0,229836.33590390327,12.345122751583455
8774.0,1274874.20050226,254687.39167285,3.0,472144.4581831603,13.065040273215068
8775.0,1275199.35928659,254677.28472884,3.0,511931.6024011296,13.145946306037537
8776.0,1264905.85591605,253759.535927892,4.0,224746.55147271985,12.32272860837953
8777.0,1265565.04260473,253750.788215891,4.0,264239.4715086755,12.484611060019814
8779.0,1284173.56019178,256818.59577103,3.0,185737.65508493796,12.132090500532627
8781.0,1282836.0995824,208119.576009154,2.0,443634.9456953404,13.002757308847315
8782.0,1282834.62291041,207902.801480934,2.0,485499.2295395393,13.09293297977001
8783.0,1258818.76938182,247022.716720998,4.0,482720.9806752213,13.087194085952023
8786.0,1282322.96313389,202028.057346925,4.0,153340.80295377708,11.940418193526572
8788.0,1274006.60216537,181737.588718146,4.0,203589.04725272377,12.223858766792638
8789.0,1273997.74814935,181406.6136778,3.0,65736.83357553762,11.093414680185633
8790.0,1273077.02136442,231271.064160869,4.0,231939.8200830767,12.354233220805801
8791.0,1275129.46674252,213936.889487118,4.0,1257916.8150909117,14.044967589327182
8796.0,1275768.00971916,213600.386254773,3.0,337690.35389037075,12.729884641827026
8797.0,1281585.70022112,197824.957182616,3.0,166807.37181926242,12.024594963489315
8798.0,1276466.53323989,254639.658808798,4.0,126033.38635030611,11.744302121869167
8799.0,1276469.74981588,255306.879289478,4.0,166116.31883185278,12.020443537806486
8800.0,1281587.16114913,198075.67974287304,3.0,105469.94700061154,11.566181328763768
8801.0,1274575.34706195,235494.10096518704,3.0,716767.3940139655,13.482506651346469
8802.0,1274587.43205397,235973.614437684,4.0,95362.62771714294,11.465442037678153
8806.0,1263313.61041042,243275.850157157,4.0,1062092.539970117,13.875751614436096
8807.0,1261870.00304894,255012.932025179,4.0,636979.1319164336,13.364492174074877
8808.0,1286137.12614579,255213.700985387,3.0,55924.59999998429,10.931759633896172
8809.0,1286141.24160179,255388.922425568,3.0,46594.0,10.749227056459247
8812.0,1289106.99910884,182497.605614915,4.0,953344.8986082112,13.767732025461555
8815.0,1269435.01028869,180933.14711731704,3.0,403724.87408189295,12.908488920206434
8820.0,1266249.95102142,254796.327800959,4.0,209394.39927484025,12.25197483052239
8827.0,1280866.1393244,256225.969978422,4.0,154834.92220763376,11.950114810351439
8828.0,1285318.94534495,197220.576509997,3.0,182137.3729040765,12.112516477519803
8829.0,1285525.52825716,197218.154557988,4.0,436338.293711389,12.98617312448182
8831.0,1266934.39121412,256110.66738629303,3.0,40909.94657065527,10.619128504900965
8832.0,1271400.6739707,246169.72664012,3.0,179241.46859059576,12.096489162297644
8833.0,1265370.79396452,245508.135407448,3.0,52581.69627355816,10.870123358576706
8834.0,1265728.37265289,245500.295215443,4.0,333036.77403512783,12.716008195403278
8836.0,1285949.2137616,243885.874861777,2.0,67788.24855449064,11.12414413375094
8837.0,1285915.73190556,244094.292461991,3.0,213766.07399038217,12.272637583926636
8840.0,1267634.42923084,259199.635901466,4.0,69324.26738534216,11.146550302600403
8841.0,1280163.61119567,223574.923032984,3.0,345039.6435831074,12.751414598348514
8842.0,1266190.17028536,244950.059118867,3.0,59010.96573122466,10.98547856546932
8843.0,1276301.99589571,231564.594721168,4.0,225323.86016876463,12.325294024802094
8844.0,1276318.82853574,232154.523681775,4.0,313136.6907969976,12.654395086002935
8846.0,1254437.84764932,253112.47915923604,3.0,82320.52097863895,11.318375699188573
8847.0,1285216.58598484,251409.099637493,3.0,139768.0,11.84773918415428
8848.0,1285216.95641685,251499.098165572,1.0,0.0,
8851.0,1263614.24010673,250325.980468377,3.0,34336.65689324007,10.443968776574312
8852.0,1285466.8721931,249822.704563856,2.0,13910.55277381676,9.540403023438957
8853.0,1274055.23166941,232181.350753799,4.0,373079.13756326895,12.82954584117111
8854.0,1260136.17520717,261679.26944001,3.0,93244.88841582138,11.44298452008749
8857.0,1276134.72325554,205769.654534757,1.0,0.0,
8858.0,1276297.76491971,205609.285446584,3.0,93182.0,11.442309848973883
8861.0,1272336.06053166,179789.581484154,1.0,0.0,
8862.0,1272651.34533198,179784.830828145,4.0,102075.69255314284,11.533469900912669
8866.0,1280918.65394844,245935.228719875,3.0,129482.1624067452,11.771298408601568
8874.0,1259538.57629456,246518.294832483,4.0,130619.04027735618,11.780040275989418
8875.0,1270641.62923393,242752.782316625,4.0,295152.01653223386,12.59524581287397
8876.0,1274078.23717344,230090.696799651,3.0,10184.72935495475,9.228644755402073
8877.0,1274088.01374945,230414.07209599,4.0,252731.48884387975,12.440082895205082
8878.0,1276455.23864788,252648.61099875,3.0,340791.1796654321,12.739025192338968
8880.0,1271575.34718688,255931.147066116,3.0,83934.62848927466,11.337793542574975
8881.0,1282779.54527836,229370.872414917,3.0,51564.71435154043,10.850592887154498
8882.0,1282627.2332142,230003.567007571,1.0,0.0,
8885.0,1280672.16166019,221047.676822394,4.0,72471.16204976647,11.190943996882545
8886.0,1261664.10877673,249037.880307063,3.0,129465.39982171888,11.771168941578164
8889.0,1279010.06623448,174442.642406672,3.0,290630.5961286303,12.579808310634736
8892.0,1295743.35885963,183577.631664023,4.0,318497.87228044186,12.671371073533868
8893.0,1276776.0638002,216127.474705353,4.0,113100.31791137476,11.636030472987748
8894.0,1267607.74391882,256623.219514832,4.0,30250.756832253897,10.317276482394075
8895.0,1268267.60446349,256607.30482681104,3.0,32544.65131351774,10.390368311968995
8896.0,1280324.62463583,251249.719093323,3.0,248410.61443517116,12.422838359349004
8899.0,1263447.49994655,246325.403824285,3.0,211864.9198792088,12.263704180193743
8900.0,1272949.05208428,231582.03401719,3.0,103059.66112603052,11.543063333753683
8901.0,1272969.36082031,232215.079649836,3.0,61421.791197340026,11.025519956665313
8902.0,1277920.38303338,207212.369480222,3.0,74956.96230404213,11.224669391865483
8903.0,1281774.85170932,228682.97219021604,3.0,83712.3722262566,11.335142061877068
8904.0,1281781.39993332,228948.650142491,3.0,39901.82408914934,10.59417731835302
8905.0,1283157.37715073,249208.869811237,4.0,378940.3014808247,12.845133955775905
8906.0,1283488.01068707,249202.677235231,4.0,635342.5675244748,13.361919608826236
8908.0,1278075.94015354,178429.81975475,3.0,141847.13138230325,11.862505217137223
8909.0,1273767.51966912,196640.118333399,2.0,49006.87862670891,10.799715947377312
8911.0,1279850.08882736,222888.612440288,4.0,1491668.440145524,14.21540580994665
8912.0,1274689.23039007,238614.235496387,4.0,293462.9390198182,12.589506637772367
8913.0,1270459.86385773,199386.666304216,3.0,219935.28953399736,12.30108864358546
8914.0,1270408.16478568,198965.565119788,3.0,368506.19274609536,12.817212795751448
8915.0,1265248.7787964,251596.606837675,4.0,402563.4588206559,12.905608025079687
8916.0,1259790.00560682,256397.194362596,4.0,155391.22167200176,11.953701226722986
8917.0,1259527.13898253,256401.437114596,4.0,115886.43907892672,11.660366017123483
8918.0,1277845.39077729,250643.022452697,3.0,331873.1050185923,12.712507961036893
8919.0,1287092.58848277,207353.309832379,3.0,49829.6699002769,10.816365866735685
8923.0,1282213.38002977,229851.842591405,3.0,563756.7930796146,13.242378219535055
8924.0,1282501.31878206,229500.330143049,3.0,223039.62479547627,12.31510472432313
8928.0,1279513.00421901,222007.253271386,4.0,320026.9530844417,12.676160499617778
8929.0,1274280.96382965,205410.37997438,4.0,165031.87025481727,12.013893887290566
8940.0,1266754.46903794,178975.732075319,3.0,7014.864891881465,8.855786732462487
8944.0,1272292.28113961,178484.973866805,1.0,0.0,
8945.0,1272454.69349177,178481.59953080103,3.0,93182.0,11.442309848973883
8946.0,1272055.20318736,225242.998810694,4.0,436446.054130684,12.986420059294776
8948.0,1273757.69650111,209487.38887456097,3.0,83017.89732057965,11.326811493902278
8949.0,1273538.25502889,209088.157706156,3.0,222941.8812073843,12.314666394085927
8950.0,1253820.8603847,249134.863731161,3.0,130274.03429107532,11.777395466900778
8953.0,1278011.73324147,249091.348403111,3.0,108005.3266660798,11.589935825872338
8954.0,1258093.57098107,250426.075700477,3.0,100353.31379817025,11.516452376082547
8955.0,1275353.31992674,213282.850446448,3.0,77192.3927221252,11.254056191288651
8956.0,1275338.16709472,212904.474894062,3.0,306869.8516071681,12.634179000550004
8958.0,1272147.66264346,220581.278805912,4.0,277942.5606084814,12.535169754808388
8959.0,1272129.44382745,219658.817044973,4.0,444784.783450799,13.005345811465531
8960.0,1286784.10317045,249376.594547406,3.0,139768.0,11.84773918415428
8963.0,1277359.5029688,220583.922133923,2.0,3663.0892348356488,8.20606212361658
8964.0,1277350.47570479,220324.049941659,4.0,55219.66041435505,10.919074335779525
8967.0,1260319.12951136,249066.432755083,4.0,212756.13015091908,12.26790185989087
8968.0,1259661.38218267,249080.895347103,4.0,285949.4229130211,12.563570231201965
8970.0,1261013.91191207,251671.772021756,3.0,45047.39106005036,10.715470349262961
8973.0,1276181.30808759,227502.226205006,3.0,100795.53580516472,11.520849345991502
8977.0,1273298.83160464,233535.680355176,2.0,5404.599287642743,8.595005589978607
8981.0,1277027.46392846,222644.192280024,4.0,524839.9208781937,13.170848582465494
8984.0,1266824.78289402,242005.89732386204,3.0,81523.6098317284,11.308647948463415
8986.0,1270299.87595357,218174.904979452,4.0,789042.0849426459,13.578574938003282
8987.0,1280943.40358047,213915.071311086,4.0,255563.5939298821,12.45122655757671
8988.0,1281097.65689263,213932.658191115,3.0,37435.71864903503,10.53038057173002
8991.0,1264176.3324593,210405.627211496,1.0,0.0,
8992.0,1264037.55453916,210408.738763496,4.0,78423.37239158856,11.269877279150034
8995.0,1275123.76690251,230385.878623962,4.0,226918.7228061715,12.33234718303656
8996.0,1265957.66647713,257587.825531811,4.0,255010.8207958229,12.44906125773367
9000.0,1283282.36742286,257048.726203263,3.0,93189.75016895431,11.44239301789784
9001.0,1262981.59569007,256475.298874676,4.0,64121.10875201551,11.068528898402052
9002.0,1275138.16779852,224634.916698068,4.0,861079.8379553698,13.665942506120706
9003.0,1281341.44575688,207175.78394419,3.0,982861.2801514392,13.79822327030176
9004.0,1269046.10718429,241717.358251557,4.0,112868.74306585506,11.633980856765179
9005.0,1255925.79645085,253068.48088719,3.0,13302.30983991628,9.495692971304736
9006.0,1277122.43941656,203080.616259992,3.0,849559.4796655376,13.652473234906758
9007.0,1277322.79960877,203052.363395974,2.0,56.46736934563022,4.033662937609906
9008.0,1266826.79633401,242086.294827938,2.0,46592.0,10.749184131556358
9009.0,1266831.87537402,242289.050348148,3.0,110642.1226194062,11.614056151073322
9010.0,1276516.30123994,236250.140517965,1.0,0.0,
9011.0,1276713.82642414,236423.874086142,3.0,179166.41208565386,12.096070329397556
9012.0,1280560.65862007,210569.603595659,1.0,0.0,
9013.0,1280595.16114812,210316.180875406,3.0,48181.90374445848,10.78273878855674
9014.0,1264797.01655594,246708.699632674,1.0,0.0,
9015.0,1264585.00356372,246900.536496863,3.0,87622.03449544121,11.380787780630861
9017.0,1277600.17932105,213530.504142702,4.0,99888.80372490145,11.51181288352998
9018.0,1277754.7705532,213527.79585470297,3.0,48181.64074296764,10.782733330030029
9021.0,1271236.89182653,190678.633207291,1.0,0.0,
9024.0,1269929.3455852,256825.176123038,3.0,688123.8360144735,13.44172409492555
9025.0,1269988.67288125,240900.405162722,4.0,506877.531562215,13.136024698290075
9026.0,1274083.35691744,209741.428746819,4.0,435492.7895064592,12.984233518321233
9028.0,1274585.67845395,219300.726548612,3.0,119263.8216779681,11.689093307090452
9029.0,1274574.89400595,218734.18242003,4.0,193823.9164557516,12.174705378749087
9033.0,1271387.22449869,228834.716318369,4.0,288191.01419462083,12.571378783000485
9034.0,1271071.96894637,229121.460190669,4.0,485983.5775882563,13.093930111341036
9038.0,1276049.64824747,222078.102231458,3.0,398206.1390249304,12.894725087431942
9042.0,1266736.74039792,178039.426218361,4.0,115193.85058245696,11.654371645458529
9045.0,1287016.52038668,202471.119491369,3.0,52960.72998697076,10.87730597425779
9046.0,1287170.73395485,202467.596803367,3.0,96085.4013183853,11.472992672059531
9049.0,1281696.75084524,206009.269895002,4.0,1008250.8540529856,13.823727559799957
9051.0,1286789.66189046,195000.075003728,4.0,865696.0806589631,13.67128917982728
9052.0,1287004.78125067,194890.732731611,2.0,202126.6825229392,12.216649921015147
9053.0,1261647.5373207,256226.497210413,3.0,93135.26118314535,11.441808136813258
9054.0,1279245.24492273,217516.13499477497,3.0,603127.7286273031,13.30988427521405
9062.0,1275438.79288684,223654.612505063,4.0,774228.3254650915,13.559622103210593
9063.0,1275445.71442284,223954.831769377,4.0,577421.7555205533,13.266328223922622
9064.0,1294381.39834623,180934.716013327,3.0,83918.84530497351,11.337605483501893
9065.0,1295008.39188287,180561.489708945,4.0,653744.3751466384,13.390471690342057
9066.0,1274864.81439024,230392.924191967,4.0,312495.0398717813,12.652343875622325
9068.0,1270347.01534562,197666.723198459,3.0,50841.272664230346,10.836463757724742
9069.0,1270346.36702561,197146.532669917,1.0,0.0,
9070.0,1276260.47787967,256972.525883183,4.0,286168.1218172276,12.56433475561438
9074.0,1274494.00146186,214596.603087783,4.0,186137.89077798603,12.134243026301192
9075.0,1269780.92856103,215114.222480327,4.0,183468.35415432573,12.119797474679702
9076.0,1269765.59851302,214354.41262354,3.0,34093.29238461682,10.43685593965935
9080.0,1265373.81630053,245633.731631577,3.0,105894.11540801998,11.570194962604777
9081.0,1272486.41297981,229439.612766996,3.0,947.079164100105,6.8533826843069265
9082.0,1272488.66885181,229596.247647151,4.0,440611.14516196767,12.995918008450264
9083.0,1264432.18397956,243140.908845022,5.0,1474335.0055239608,14.203717602382905
9084.0,1266022.09943719,251407.317493483,1.0,0.0,
9086.0,1286170.11558582,177935.966762245,1.0,0.0,
9087.0,1286322.44499397,177933.25021824203,3.0,55800.77415887983,10.929543022088213
9088.0,1261068.91543213,260361.850494653,4.0,206912.859372944,12.24005301440226
9089.0,1260851.0444559,260367.114878654,1.0,0.0,
9099.0,1274869.55743025,219295.958868608,3.0,433084.5077576381,12.978688155973321
9100.0,1280454.93247597,252572.957878679,3.0,202509.12495721868,12.21854022603062
9101.0,1275727.63711113,222081.659607455,4.0,1272493.507225909,14.056488925017302
9104.0,1259500.55703051,255054.109113216,4.0,243380.3326271748,12.402380653588743
9105.0,1259512.44778253,255737.107385918,4.0,132967.1243938024,11.797857191639636
9106.0,1290300.94586205,188586.68005316,3.0,19999.05010772529,9.903440056794487
9107.0,1262911.025258,252992.585015103,4.0,1479156.403631691,14.206982485683785
9112.0,1285514.08243315,248437.865778446,3.0,52560.14450525922,10.869713402493739
9115.0,1284298.80601591,203016.35949192903,3.0,93182.0,11.442309848973883
9116.0,1284298.34009591,202990.199811906,1.0,0.0,
9117.0,1265725.26078089,250029.784180075,4.0,33134.21261907838,10.408321641423582
9118.0,1265958.37745312,250040.74117209003,3.0,4960.091834976816,8.509179534663865
9123.0,1271554.43384285,230462.591008037,3.0,942449.5773833024,13.756237698075633
9124.0,1282832.5044464,251739.045173824,3.0,32239.963588728235,10.380962067238048
9125.0,1283100.02489468,251733.724341825,3.0,29818.728666817668,10.302891953835703
9127.0,1265632.26718079,172651.389412835,4.0,666914.8725722783,13.410417689424781
9130.0,1271638.54161894,178366.508522689,1.0,0.0,
9131.0,1265279.05988443,241713.000939563,3.0,73962.10068360751,11.211308088066978
9132.0,1265292.60452445,242325.029612184,4.0,111453.40581039892,11.621361897435467
9141.0,1274034.5178134,205948.70074293,4.0,841283.9473462537,13.642684512584552
9142.0,1285940.86963359,243334.39927721,3.0,121051.39509083096,11.703970487213722
9143.0,1286129.25478578,243330.257261217,3.0,395680.0981003233,12.888361330683647
9148.0,1261525.54282458,249572.589875609,4.0,153916.41466848832,11.944164972154278
9149.0,1279078.10418656,231754.910305366,4.0,99598.53725131502,11.508902757233068
9150.0,1277419.79743285,216111.999633342,4.0,211722.16003058356,12.263030128218121
9151.0,1277395.02911283,215403.976464614,4.0,133141.95948669073,11.799171202536936
9153.0,1283604.6229752,202193.047811091,4.0,622027.4210794007,13.340739456086244
9155.0,1265709.00625287,176584.604008868,4.0,927903.3946611666,13.740682905768857
9158.0,1277624.65330507,214729.973903924,4.0,189739.71686747437,12.15340850073259
9159.0,1277874.24434532,214724.378767923,1.0,0.0,
9160.0,1269238.7347044798,229679.56931123097,5.0,1099263.8704936446,13.910151305106405
9161.0,1269249.5453925,230105.706271678,4.0,139592.64868924808,11.846483808104692
9162.0,1286862.13683453,191176.463927805,2.0,46591.99999999999,10.749184131556358
9163.0,1287040.89465871,191171.775287807,1.0,0.0,
9164.0,1289428.45485316,188610.395189181,4.0,69884.33389382453,11.154596781412247
9165.0,1273520.7760528603,225040.597274482,5.0,437191.6935646517,12.988127035938096
9166.0,1273697.88562106,225036.380122483,1.0,0.0,
9167.0,1279558.01164305,197878.35174267,1.0,0.0,
9168.0,1279748.46828325,197873.441982672,3.0,186350.0,12.135381904907405
9169.0,1268422.92503965,240942.712106764,4.0,962678.0851368716,13.777474351548165
9170.0,1268744.48375998,240932.444778755,4.0,138430.2695919744,11.83812200917663
9171.0,1274871.32683825,254294.508600444,3.0,85583.63759080239,11.357249394218254
9172.0,1254487.82198538,251489.628725573,1.0,0.0,
9173.0,1264804.49885994,245333.131823272,4.0,255136.5381680344,12.449554124637897
9174.0,1264903.94225204,245331.396271259,2.0,4220.639116614579,8.347741844997485
9176.0,1264220.47082734,169420.280737534,4.0,10271.17977016939,9.237097171706568
9177.0,1263902.31594703,169434.326625541,4.0,99985.62434223085,11.51278169805857
9182.0,1281712.58412525,225620.427803084,2.0,2246.7139141100934,7.717223945036444
9183.0,1281808.53766136,225617.084635079,4.0,509339.757006828,13.140870571885364
9184.0,1267749.93092696,179186.80087553,3.0,186747.7132086068,12.13751385771852
9185.0,1273442.37330079,178653.532266989,1.0,0.0,
9186.0,1288714.55238843,187893.042292446,3.0,1010957.9561509608,13.826408910739216
9187.0,1288826.97472455,187895.065908447,3.0,955757.4565028892,13.770259453257642
9188.0,1275667.08440706,253334.569591463,3.0,23263.53320353386,10.054642314946838
9189.0,1264636.63537177,257620.179771841,4.0,53472.28395296223,10.886918741692254
9192.0,1277525.54328898,237821.074343577,4.0,170170.05865438492,12.044553561046536
9193.0,1272773.61643611,211414.068428531,4.0,226146.74549285293,12.328939383879835
9194.0,1263349.46007445,258974.96902123105,3.0,115980.25598484452,11.66117524857444
9195.0,1266212.94186938,252669.653238773,4.0,1125816.28457613,13.934018916800085
9196.0,1271818.68299513,197621.573694408,4.0,536999.6755836452,13.19375276936353
9197.0,1272478.5642118,197601.305406392,4.0,416956.5231418012,12.940737234294541
9198.0,1291366.21280715,183586.195952028,3.0,48207.32363614578,10.783266231155201
9199.0,1291293.48525506,183229.346287668,1.0,0.0,
9200.0,1280120.38751562,246046.181935996,3.0,39377.43429405713,10.580948197558083
9201.0,1281776.97836532,223020.70236042104,3.0,263622.1003089327,12.482271918418288
9202.0,1281904.12998146,223020.17384842,3.0,1254088.6863748117,14.041919720461197
9203.0,1272289.41566761,244402.860078305,4.0,168285.39008965052,12.03341656767432
9204.0,1284823.95193644,193377.102842063,1.0,0.0,
9205.0,1285118.25644875,193370.193082049,4.0,160390.59387668173,11.985367331028488
9206.0,1256783.02377973,252401.5586465,4.0,149808.2612903959,11.917111497345658
9207.0,1256519.08035547,252405.961526513,4.0,186349.0359110712,12.135376731355365
9208.0,1280975.2785245,203522.843396455,1.0,0.0,
9209.0,1280967.93273249,203122.540100038,3.0,93182.0,11.442309848973883
9211.0,1274349.24651772,208142.631113186,3.0,254057.5398268302,12.445316055096852
9214.0,1258150.47773314,253717.730871856,4.0,276740.2967807344,12.530834788639995
9215.0,1258161.99242114,254385.047160536,4.0,827220.431916954,13.625826482524289
9227.0,1271339.52152264,196855.770109624,1.0,0.0,
9228.0,1276529.52395995,206149.205959141,3.0,188922.85371012788,12.14909402928517
9233.0,1271170.36145847,232252.935201868,4.0,303740.60994899884,12.623929359410903
9234.0,1271572.64638688,232250.486753866,3.0,471498.1750933032,13.063670510620382
9236.0,1276048.79659946,234152.288355812,4.0,38244.86574157746,10.551764601266798
9237.0,1255592.58486651,253071.037943184,4.0,31483.023823848453,10.357203753313755
9238.0,1277281.33119272,231241.054048836,4.0,355955.8901280424,12.782562098022703
9239.0,1254250.05865714,252042.788662136,4.0,40964.56890857206,10.620462799112074
9240.0,1262154.20234522,247130.708273098,3.0,166369.41356825727,12.02196597778286
9243.0,1274854.38328624,189277.850869864,2.0,0.0,
9244.0,1274784.88043816,188791.58053337,3.0,1485.6018788044137,7.3035752747148734
9248.0,1278439.50962591,177113.676713407,4.0,105576.13999784796,11.567187677734355
9249.0,1278424.19205789,176454.947112739,3.0,32497.931620131552,10.388931723835071
9258.0,1274890.68306227,243670.831661567,4.0,1034566.2674939346,13.849492831625986
9259.0,1275170.45253456,243660.517421558,4.0,760732.6894805039,13.542037312956134
9260.0,1274054.79858142,206761.605639771,3.0,136213.62976290795,11.821979739371388
9262.0,1282190.31679775,228668.902686194,3.0,102043.17101899705,11.533151248007673
9264.0,1276178.6831276,250268.190516323,3.0,32130.74359624483,10.37756859520484
9265.0,1263987.23082711,242867.899884745,3.0,978466.2649392084,13.793741588922678
9270.0,1285447.99628909,205165.263366133,3.0,464938.9536983619,13.049661393582095
9271.0,1258592.30493358,247757.471473753,3.0,7295.706332466122,8.895041280459736
9272.0,1287492.33273917,187440.633139983,4.0,238972.2762101386,12.38410282506447
9273.0,1287480.41869116,186987.761651516,1.0,0.0,
9275.0,1263527.64644264,211053.990412161,4.0,669986.9344537233,13.415013490361668
9278.0,1265537.28017269,252408.588790506,4.0,988333.2579359557,13.803775225458454
9279.0,1263250.54922636,243379.130797267,4.0,1062764.9151406076,13.87638448059972
9282.0,1286262.24960192,199873.21062471,4.0,510853.6420086225,13.143838413305348
9283.0,1286635.6349463,199864.102720708,3.0,178068.48149916634,12.089923482808972
9284.0,1277597.05887304,232118.621217728,4.0,740567.677221531,13.515172302465919
9288.0,1275197.46066259,229655.212063208,4.0,494058.5291459061,13.110409269204293
9289.0,1278943.00991443,200403.213825256,3.0,114849.9477218369,11.651381752930696
9292.0,1282131.95698969,196446.879869208,3.0,89717.16123412177,11.404417347854064
9303.0,1268297.82750352,169653.935777768,2.0,46494.00000000001,10.747078550992006
9304.0,1268268.23697549,169170.432481274,3.0,46645.00000000001,10.750321019395061
9305.0,1275695.69330309,232834.564642459,3.0,19557.55754737917,9.88111706602604
9306.0,1277518.54693696,222328.088919714,3.0,93644.8173397995,11.447264365601953
9307.0,1260297.14371933,248002.567409992,4.0,1244108.180792485,14.033929510552118
9309.0,1268946.65560019,257911.615548149,3.0,337020.8243639037,12.727900000790067
9310.0,1268949.78552018,258176.480508417,3.0,373999.1998236829,12.832008936885511
9311.0,1282107.53478166,226253.83964373203,3.0,50174.41631857217,10.823260540683517
9312.0,1284966.69049659,251414.847989485,2.0,46592.0,10.749184131556358
9313.0,1284966.83091259,251504.663797587,1.0,0.0,
9314.0,1272080.28120339,241821.634603664,2.0,98.0,4.584967478670572
9316.0,1262680.34263377,258325.68326057505,3.0,69362.67770680597,11.147104216632043
9317.0,1263593.18596271,254050.488440186,4.0,50229.67055993902,10.824361178091069
9322.0,1277850.0515133,213526.12686269,2.0,19487.118382086937,9.877508930471887
9323.0,1277844.09516129,213233.80231839404,3.0,116271.70184041985,11.663684988524828
9324.0,1273877.02270924,225770.167707235,3.0,14212.029185513677,9.561844010721252
9325.0,1273887.34450124,226195.930267662,3.0,884832.7705507299,13.693153946305225
9327.0,1271880.26129919,174551.925606787,3.0,350657.0664257424,12.76756400612402
9328.0,1271867.71403518,173883.922342107,4.0,1040708.5788956312,13.855412364981646
9329.0,1273086.34648442,231579.326305181,3.0,51905.874870445536,10.857187258710143
9330.0,1273807.82437316,247695.282289684,1.0,0.0,
9331.0,1274118.94251747,247686.113649681,4.0,60371.47084350634,11.008271935308592
9334.0,1282204.32460576,229601.34339115,4.0,266643.7634023462,12.493668827052232
9335.0,1278415.82168987,236437.02199015,3.0,122595.26457508391,11.716643676738968
9336.0,1268887.02219212,245692.894255638,4.0,797518.9803363397,13.58926091315271
9337.0,1281380.58284491,228692.212062225,4.0,363892.4335380068,12.804613590688303
9339.0,1288030.97933173,190919.195063546,2.0,98469.26726086665,11.497499770971821
9340.0,1273547.3652368898,226514.35023599904,3.0,77142.1253597683,11.253404783363074
9341.0,1273406.07742876,226753.959644243,3.0,91825.13195499824,11.42764130771377
9345.0,1274269.19186163,212241.658957377,1.0,0.0,
9346.0,1277938.1386174,177116.87191341803,3.0,160698.6670544831,11.987286257070688
9347.0,1277932.11660139,176871.126377165,1.0,0.0,
9348.0,1279078.42962655,176450.604904726,3.0,350682.8801919358,12.767637618831609
9349.0,1279084.52473056,176078.699176341,1.0,0.0,
9353.0,1277666.22968911,244675.615790591,4.0,598669.7476427245,13.302465385559463
9354.0,1271215.33381051,240658.945962474,3.0,52357.28767958618,10.8658464172991
9357.0,1272799.82014813,248524.762930527,4.0,420721.93254007626,12.949727401664152
9358.0,1277939.9958974,205440.850374416,3.0,22329.10956798973,10.013646467997473
9360.0,1287923.04019561,186729.919987261,2.0,46592.0,10.749184131556358
9361.0,1273111.32210045,224089.967001513,4.0,147380.0899593408,11.900770174711228
9363.0,1263985.76292311,174609.622054845,3.0,16395.093956320485,9.704737420053451
9367.0,1267465.90558267,249473.701939508,3.0,150061.44682993414,11.918800134729462
9368.0,1286233.21945788,245838.582895786,3.0,517.9507348874491,6.249880131341698
9369.0,1285821.16710547,197213.386237994,3.0,254511.9245134442,12.44710296854479
9370.0,1285818.36921746,197034.758973807,1.0,0.0,
9374.0,1281975.49926153,252328.278262421,1.0,0.0,
9377.0,1275833.18674323,217080.417362332,3.0,213292.3156290624,12.270418877692634
9378.0,1276155.19397557,217072.635858327,4.0,86849.4595435882,11.371931548778136
9381.0,1275323.35871072,247386.322929367,4.0,104704.24161224972,11.558894908093908
9382.0,1262104.51933718,253674.820855811,4.0,903792.9295662132,13.71435555292165
9385.0,1273905.80677326,229240.007838786,3.0,1357136.8142698803,14.120887754862297
9386.0,1273909.41272527,229666.026015222,4.0,1376406.7977997938,14.13498689171904
9387.0,1274168.41285354,236404.064742118,4.0,556391.9447616618,13.2292282615033
9388.0,1267626.52075084,258539.100476786,4.0,112449.83294706102,11.63026247181109
9389.0,1267630.47479884,258869.395773128,4.0,292801.1792002596,12.587249088384475
9398.0,1282158.64460571,244067.554989964,3.0,35232.55839124784,10.469725888376372
9399.0,1276435.48805586,249622.594035655,3.0,51686.80788205086,10.852957861244489
9400.0,1279760.92434725,198373.45478317104,3.0,61874.40408106846,11.032861868811578
9401.0,1277816.84652127,229044.785822585,3.0,855158.1678436022,13.65904172244
9402.0,1277836.88255329,229698.507295251,4.0,408811.0530723276,12.921008355354274
9403.0,1280619.17817214,204941.674565896,4.0,352521.8471737937,12.772867877111912
9407.0,1265516.70474868,251606.838133693,4.0,92253.7505932811,11.432298217914042
9410.0,1263465.34698658,247114.689969093,4.0,151204.8138611884,11.926390579927032
9413.0,1282940.56031851,202259.94598715,3.0,32368.77165381779,10.384949399144915
9414.0,1282939.90188651,202198.432003096,3.0,2485.5352432308264,7.818243304967824
9415.0,1290010.05702975,188594.53861317,4.0,55257.50739912202,10.919759490676173
9416.0,1280895.71730842,204935.852421895,4.0,36535.826749716216,10.506048612947422
9417.0,1280892.55724442,204746.175621703,3.0,6053.558005441615,8.708401478234803
9419.0,1274132.57694949,190631.008311257,4.0,215952.28703352372,12.282812768902454
9424.0,1285007.02668864,254163.050168306,3.0,14.9,2.7013612129514133
9425.0,1263780.9309869,211961.090317085,1.0,0.0,
9427.0,1265476.29770863,249761.107251793,3.0,34312.89141009119,10.443276405402598
9428.0,1265482.46698864,250008.48075605897,3.0,13784.138482521745,9.53127382477089
9429.0,1279651.27129115,228292.743005812,4.0,390939.6484150404,12.876308475174334
9432.0,1281506.73842904,253877.384760007,4.0,232657.5479249223,12.357322900008601
9433.0,1287936.82989164,187226.78443576404,3.0,204273.8153591378,12.227216604990653
9438.0,1273561.7109649,242294.385644153,3.0,124841.62891208424,11.734801244297703
9444.0,1272351.49918768,242207.376940057,1.0,0.0,
9445.0,1271040.74392232,254160.209016308,4.0,509190.23701903,13.14057697230607
9446.0,1271039.05169833,254797.815032959,4.0,1239650.0827804452,14.030339706451668
9448.0,1270606.63620989,230480.317408055,4.0,73536.0761897925,11.205531397296236
9449.0,1292287.13812009,184475.27652894,4.0,1019394.6195445772,13.834719498813111
9450.0,1292061.42893586,184249.24056071,4.0,1335075.9488367196,14.10449873871268
9451.0,1278093.49132155,178983.276651323,1.0,0.0,
9452.0,1285093.48518471,178941.958187282,1.0,0.0,
9459.0,1286331.74547398,246824.922800794,3.0,46608.66666666667,10.749541782792994
9460.0,1286560.29165022,246820.313904792,1.0,0.0,
9463.0,1285084.07539271,248425.62923443303,3.0,46466.07787333408,10.74647781725459
9466.0,1272589.80907592,200053.028800905,3.0,145627.46134054795,11.888807005068609
9467.0,1272582.14801991,199798.011264637,5.0,280039.1899567099,12.542684836488428
9471.0,1280100.02239561,209950.123531029,4.0,541803.733206989,13.202659098987741
9472.0,1280160.24140367,209570.251274645,3.0,3649.470681226265,8.20233741721817
9474.0,1265595.76138875,170737.162594885,4.0,386766.6326829061,12.86557677380121
9476.0,1273165.9358605,242106.007083952,3.0,254659.82473650124,12.447683912901718
9477.0,1281512.36242905,193573.937466264,4.0,54107.129411154674,10.89872123824366
9478.0,1281787.29823734,193567.95519425,4.0,106711.49283429937,11.577884143151023
9480.0,1280418.56997994,213707.354510874,4.0,93655.5275036566,11.447378729127314
9482.0,1269095.51326434,180491.579116866,2.0,52904.3017107485,10.876239932323804
9486.0,1257437.2534124,257767.920315996,3.0,64524.35528427249,11.074798032816982
9487.0,1257178.31133214,257773.123004004,3.0,119161.92940713953,11.688238598431107
9488.0,1264006.87415513,243669.392045557,4.0,197549.48563754893,12.193744392128472
9489.0,1263745.58167486,243674.249645561,3.0,67546.1742825628,11.120566706441243
9490.0,1261051.4719121,188617.162613183,3.0,103244.33893645226,11.54485368061749
9491.0,1291517.27251929,186660.008371189,2.0,695471.3983565782,13.452345165641763
9492.0,1283966.95820756,203026.782723948,4.0,185635.6929136321,12.131541391801925
9493.0,1278458.75532192,207519.124104545,3.0,46607.46666666665,10.749516036176884
9494.0,1278659.45177013,207506.176328525,1.0,0.0,
9502.0,1264252.22237937,254038.29388018,4.0,104805.107888387,11.559857789074359
9503.0,1273590.55806895,230843.930528432,4.0,247467.73979763588,12.419035508243356
9504.0,1273841.4404372,230837.833376423,4.0,203320.33182653924,12.222538003600325
9507.0,1282826.5356144,249214.984627232,4.0,699967.8405923554,13.458789670959254
9508.0,1277687.87269713,218525.336339816,1.0,0.0,
9509.0,1273524.16709287,232197.812961817,4.0,44034.000673861454,10.692717357076326
9510.0,1286394.21024205,244081.218989983,3.0,17747.94706943408,9.784025130154602
9511.0,1286642.3665943,244055.59863795305,3.0,114528.14031659917,11.648575838737878
9512.0,1270937.68177822,249620.36241965,4.0,338498.6567434539,12.732275403065008
9513.0,1263642.99626675,256722.248506933,4.0,72966.20489414,11.197751666282024
9515.0,1278183.45304964,252615.834806725,4.0,945230.554547658,13.759184149785595
9517.0,1281416.33407696,197054.642749831,1.0,0.0,
9518.0,1258511.9986295,258951.53964521,1.0,0.0,
9519.0,1258452.82550944,259086.376957342,2.0,46591.99999999999,10.749184131556358
9521.0,1278479.29106595,236143.731237859,3.0,53300.18978061504,10.88369517075951
9522.0,1269845.1551211,208001.272777036,1.0,0.0,
9523.0,1267397.0458066,178034.878634349,4.0,225127.0502098131,12.324420189420968
9524.0,1257689.28176466,257444.911099672,3.0,258249.16593203635,12.461680157284652
9525.0,1257170.86877212,257455.20076367297,3.0,93182.0,11.442309848973883
9528.0,1283582.68537517,254096.822008237,3.0,640797.5764704958,13.37046889269183
9529.0,1279941.33439544,221560.503510922,3.0,121271.46122139912,11.705786792901236
9530.0,1280091.7534036,221554.591766909,4.0,127193.61240444831,11.753465711681084
9531.0,1256893.81155585,249408.039027438,3.0,122191.2773738004,11.713342943252163
9534.0,1262786.70468187,248747.01803475604,3.0,59659.68446323207,10.996411769138094
9536.0,1267340.31761454,244264.046382174,3.0,49244.36480051014,10.804550219759523
9543.0,1271274.83333057,227193.977500692,4.0,1436728.9176097852,14.177879502595918
9546.0,1272911.80152425,257069.739579275,3.0,48159.22049992533,10.782267894218935
9547.0,1288060.66425976,192056.788280711,3.0,76165.02707892914,11.240657674100563
9548.0,1274224.01381359,228811.22723034,3.0,84155.82697283251,11.340425442293904
9549.0,1278931.97029841,228737.726046264,2.0,204.81612407419547,5.322112620897276
9550.0,1286354.91475402,200201.185345054,3.0,178489.75032005436,12.092286457377005
9556.0,1279429.00473092,247051.148721024,3.0,599331.7025871283,13.30357048440829
9557.0,1279428.38629892,247101.619121075,3.0,1079812.1452310088,13.892297644370238
9558.0,1269527.55044878,224457.810393885,4.0,232210.0309101304,12.355397546753558
9562.0,1281698.56908524,212673.685005814,4.0,148636.58819778997,11.909259600324798
9563.0,1274133.93720549,213641.045262814,3.0,90786.89417558104,11.416270216898422
9564.0,1286914.36179459,200059.168896899,3.0,195876.12704042348,12.185237733517575
9565.0,1287190.28115487,200052.452736899,2.0,7300.770361430305,8.895735150531749
9566.0,1277221.74565665,249288.94347532105,3.0,30567.497271895976,10.327692542769825
9568.0,1280938.99481246,213781.985614955,4.0,374789.4510680414,12.834119683454158
9569.0,1281120.84089266,213819.490126997,3.0,38961.954023981656,10.570340911118423
9570.0,1278404.43916187,233723.126819372,4.0,76951.91210350601,11.250935987606853
9571.0,1278284.78124174,235753.935141459,3.0,108684.25481682023,11.596202212726284
9572.0,1266428.7032776,244054.75281395,4.0,176793.1301917306,12.082735572049137
9573.0,1259752.66711077,254369.01042451,4.0,401502.66131033225,12.902969440766244
9574.0,1282559.24518213,225064.644186512,3.0,46907.495960855485,10.755932770252812
9575.0,1282581.73299015,225557.576923013,1.0,0.0,
9576.0,1280448.47967596,251247.617397323,3.0,72184.94075409438,11.186986726312652
9577.0,1280448.98789996,251576.566837654,1.0,0.0,
9578.0,1283399.17324698,209115.81057018004,3.0,398817.7118049545,12.896259728834242
9579.0,1272798.62821212,202715.345347628,3.0,98246.01369268722,11.495229955805977
9580.0,1272666.54251599,202160.872387052,3.0,95396.13261417816,11.465793317979216
9586.0,1273310.98872465,230435.265312016,4.0,494514.06699746015,13.11133087655124
9589.0,1271106.95051439,195964.531068712,4.0,149414.4056557503,11.914478970431013
9590.0,1271714.31313902,195927.249020666,1.0,0.0,
9592.0,1263020.24682611,252449.455542549,3.0,74521.04717222521,11.218836876847405
9593.0,1262899.58532199,252451.389238551,3.0,663989.4474509958,13.406021535939207
9601.0,1278020.29490547,223899.25736931,4.0,375190.2451060471,12.835188496591913
9602.0,1278351.88447382,223891.884057313,3.0,137303.003896648,11.829945469860858
9605.0,1274047.9724694,206487.991367489,3.0,232938.2004530141,12.358528463259816
9606.0,1284904.00032052,201204.061954081,4.0,621263.3809019288,13.339510394836159
9610.0,1267150.30718234,249087.175859109,4.0,30107.51145857222,10.312529969723194
9611.0,1267153.55684635,249220.985587239,4.0,9451.796152337662,9.1539600714574
9612.0,1278181.86220165,251952.525110036,4.0,134719.6718130319,11.810951393406024
9613.0,1265651.67959681,259577.545277849,4.0,155702.62721648737,11.955703231260255
9614.0,1265824.53521299,259573.39340584,3.0,62511.23489673468,11.043101577917652
9617.0,1284696.37702431,249841.593587875,3.0,21743.001687428132,9.987047223242936
9618.0,1263386.90820248,245029.137006953,3.0,37342.474178507175,10.527886675706862
9619.0,1263246.51409034,245032.213166952,4.0,100007.36204403882,11.512999082700764
9621.0,1271761.52363507,210462.870539561,3.0,112969.44291029622,11.63487264440224
9622.0,1271760.24869107,210346.332683444,4.0,613394.1011787809,13.326762914018039
9626.0,1268716.72395195,178021.332074344,3.0,34398.258991839975,10.445761231378398
9627.0,1268713.64753595,177870.631914183,3.0,76787.56423390763,11.248797981986991
9628.0,1273270.47109261,220277.511701614,1.0,0.0,
9635.0,1281772.16409332,207460.576648489,3.0,114056.65577451944,11.644450584400976
9636.0,1276705.23359212,204518.475589469,4.0,77561.01080090583,11.25882014177432
9637.0,1287413.34931509,205654.956614628,3.0,93182.0,11.442309848973883
9638.0,1287530.78246722,205652.500230625,4.0,373026.4855317877,12.829404702892724
9641.0,1276732.34706415,254814.649912968,4.0,861539.1154131512,13.666475737765191
9642.0,1262916.77623402,253260.102199376,3.0,121953.0767672541,11.711391633069583
9643.0,1269376.37124862,240020.827817827,4.0,75798.80936615638,11.235837863936602
9644.0,1256193.84381112,249375.069939405,3.0,31764.91001666809,10.366117500914253
9645.0,1255531.05744244,249386.947571412,4.0,70873.89831654397,11.16865749687459
9646.0,1275730.62104712,208374.104713425,4.0,220154.76492595192,12.302086054946729
9647.0,1276606.25772002,208171.138889208,3.0,165902.60993725868,12.019156208045498
9648.0,1273198.27339654,225208.317402661,4.0,454492.6079653968,13.026936928364872
9650.0,1284812.06086443,250500.433204561,4.0,57217.98104906068,10.954623481973579
9651.0,1284812.44275244,251162.07032524,3.0,10337.270847101432,9.24351117193766
9652.0,1274854.89343023,227253.393692747,4.0,104010.80914416313,11.55225010680123
9653.0,1274857.22251824,227530.145757034,4.0,380446.1371314664,12.8490998881334
9654.0,1276453.68747987,216135.316561371,4.0,89572.55142272168,11.402804206301031
9655.0,1276436.76530385,215417.068304628,3.0,24927.438034454244,10.123724404869119
9660.0,1269911.57457717,169201.383201301,3.0,138346.56712172585,11.837517171909218
9661.0,1270180.36280145,169191.361249298,3.0,60436.51994711515,11.009348836090894
9662.0,1260910.79696795,246386.385968342,4.0,1517526.2133065148,14.232592075774184
9663.0,1277764.65471321,217033.904658288,4.0,157046.70744287796,11.96429853972237
9667.0,1282854.76262243,209898.648586974,4.0,108291.89489652702,11.592585590821228
9668.0,1283102.47571068,209896.709258974,3.0,19396.4398529107,9.872844815474336
9670.0,1261397.96336846,260353.900670648,4.0,269211.12034985825,12.503251184777152
9672.0,1277881.58719334,216100.537105337,3.0,258941.21965253423,12.464356363775849
9673.0,1278047.7633855,215386.693008602,3.0,232839.1488237984,12.358103145751944
9677.0,1269724.19371298,179169.346155509,4.0,838055.7427206022,13.638839896011614
9682.0,1277690.43864913,224210.13634564,3.0,7287.244808219711,8.893880812305607
9684.0,1286051.8392337,255498.578681678,3.0,176997.3999999086,12.083890322182025
9685.0,1275539.24575093,246048.917807996,4.0,264185.0866878159,12.48440522242121
9686.0,1268906.29086414,254741.39090490303,3.0,48639.61208121533,10.792193541304284
9687.0,1272052.55224337,244821.656174734,4.0,223869.4319498934,12.318818267808128
9688.0,1272194.93880351,235153.012452841,3.0,141481.30093509154,11.859922838464387
9690.0,1280637.05906816,230051.05935961,3.0,19615.876267614596,9.884094530988403
9691.0,1280500.56754802,200644.993537501,3.0,244321.00588879763,12.406238237539586
9694.0,1277268.1412407,245998.162031949,4.0,138736.6182654801,11.840332582024093
9700.0,1275828.53682323,205371.669446349,4.0,1235543.951609065,14.027021877723078
9701.0,1275808.51947922,204571.541445524,4.0,1330498.4548508269,14.1010642080695
9702.0,1283103.63283068,209980.035211056,3.0,37601.19177526048,10.534791025026218
9703.0,1283411.20409499,209975.725835055,3.0,348992.6686765424,12.76280619430645
9706.0,1270619.6056819,231317.423968911,4.0,206055.33136551885,12.235900010567244
9708.0,1276786.34034421,214586.844559774,4.0,194418.09959876048,12.177766271606377
9710.0,1280712.46668424,224513.451993942,3.0,91625.57043007071,11.425465664872936
9711.0,1280720.02380425,224753.301274195,3.0,49083.74701440129,10.801283240947415
9712.0,1264628.21866776,256960.839547172,4.0,93484.586327949,11.44555184957968
9715.0,1290589.89575034,189769.966390371,2.0,28668.11243313827,10.263540719009924
9718.0,1255523.36912245,248906.311666921,4.0,233313.9366435888,12.360140193231718
9719.0,1286660.81965032,249378.913139403,3.0,231735.336516318,12.353351208573294
9720.0,1273255.3284366,230097.914271668,4.0,396615.8442668471,12.890723444514036
9721.0,1274870.73919025,243131.238573015,4.0,4581.128056882278,8.429700547410528
9722.0,1275150.47749454,243120.850476995,4.0,49264.97027464058,10.804968565379566
9724.0,1278070.21509753,216356.43976159405,3.0,141918.00667886643,11.863004752059105
9725.0,1275795.93752719,204097.409541041,4.0,1488962.41638043,14.213590070501674
9726.0,1275247.55602264,249428.687923461,4.0,810807.0492080516,13.605785387661374
9729.0,1269387.63896063,240439.98250626,4.0,83937.25052174334,11.337824781070479
9730.0,1280136.02527565,190692.183031306,2.0,492648.2582989156,13.107550726372232
9731.0,1280919.45087644,190763.547383383,3.0,631581.7200926124,13.355982618722834
9732.0,1282724.80255829,212167.994445309,3.0,31245.877681684666,10.349642732277015
9733.0,1282770.75391833,211615.844620734,3.0,14466.443151506792,9.579586980944356
9736.0,1283540.79603113,196150.037948906,4.0,236992.20531137288,12.375782530594865
9737.0,1264008.66877913,252045.742070138,4.0,107110.20534156468,11.581613539866021
9740.0,1277496.83077694,177892.563946202,1.0,0.0,
9742.0,1282329.17049389,227798.427421302,4.0,189043.34440549443,12.149731603227226
9745.0,1280778.0958683,226515.265627995,4.0,284019.74688238784,12.556799046002169
9750.0,1283725.06796731,193975.185338676,3.0,190226.4806480888,12.155970644681608
9753.0,1271128.86808242,222773.459736168,4.0,176533.7634211325,12.081267431231813
9754.0,1271450.89041875,222766.58741615704,5.0,283796.30321238056,12.556012017592163
9755.0,1276268.02808768,230408.292575985,4.0,101172.07706779146,11.524578079460587
9760.0,1280854.26988438,255700.758393884,4.0,396662.569176891,12.890841246560093
9761.0,1278226.01989768,257245.734011456,4.0,526237.919332561,13.17350870757758
9762.0,1278877.56716235,257226.281275436,4.0,758435.7385051398,13.539013352369025
9763.0,1283790.55539139,184510.622896984,3.0,102409.35520239838,11.53673334681295
9766.0,1294382.36391424,187367.0273159,4.0,84401.6413266965,11.343342127393731
9767.0,1295020.55393088,186946.864755481,4.0,72507.3956940417,11.191443845213133
9768.0,1269090.35608034,181148.05578954503,3.0,355531.96037808334,12.781370426795078
9772.0,1268225.48119944,253702.473719835,4.0,371567.4417743497,12.825485665760223
9773.0,1287014.52857868,195435.579068169,4.0,370443.9584976769,12.822457453161883
9774.0,1287507.64141119,195439.534460172,3.0,232923.0,12.358463205826894
9775.0,1284804.03264043,195890.98137264,3.0,52016.42821799165,10.859314874938123
9776.0,1285152.42963278,195885.286844626,2.0,1316.4739388538371,7.182712182959063
9783.0,1274629.772854,190941.414519563,2.0,16.0,2.772588722239781
9784.0,1274222.49541359,226613.659420103,4.0,219712.34625804325,12.300074452779398
9786.0,1268566.07070379,243669.782125562,4.0,64093.73157695095,11.068101846815662
9787.0,1284025.14476763,209824.064074904,1.0,0.0,
9788.0,1284015.11596762,209107.178058162,3.0,279017.06965530245,12.539028240492211
9789.0,1278881.75839436,257557.898363784,4.0,301395.1667565576,12.616177529069038
9791.0,1270277.62801754,229644.437151194,4.0,155486.14106095614,11.954311881619628
9793.0,1272736.15947607,204599.775301561,3.0,369490.3208905462,12.819879823873157
9796.0,1269371.48772863,224721.158298165,4.0,452458.3535990275,13.02245100164128
9797.0,1269648.58366491,224885.038554326,4.0,646274.9890488774,13.378980371831089
9799.0,1286970.30029064,204662.781445622,1.0,0.0,
9802.0,1263853.98333897,248990.668147013,4.0,495950.06345860846,13.114230522127773
9805.0,1272419.05413175,226525.348251998,4.0,980569.2226658948,13.795888521479805
9809.0,1282345.71737391,175008.159655258,4.0,435227.79630979977,12.983624842681406
9810.0,1283659.12089525,174959.979303196,4.0,200597.8601276072,12.20905748709319
9811.0,1257293.91875625,251068.219765142,4.0,60280.0006239189,11.006755663090779
9812.0,1272768.9596041,210453.826571554,4.0,31646.024278095047,10.362367804456005
9813.0,1284114.70041572,196424.210301176,1.0,0.0,
9815.0,1268989.84350424,244630.728686541,3.0,120220.60146642146,11.697083679628562
9817.0,1263238.62929034,244505.042286411,4.0,307331.10458847415,12.635680961963006
9819.0,1281616.77228516,227799.519901305,4.0,192533.83563648997,12.168027186804528
9820.0,1270284.28708956,230072.786719635,4.0,310856.6533448569,12.647087163183585
9823.0,1276324.80357574,206985.243335992,1.0,0.0,
9825.0,1269811.18078507,216634.26600188,2.0,85568.21742087284,11.35706920137173
9826.0,1269795.79857706,215874.255057096,3.0,97919.33679798372,11.491899324826809
9830.0,1284746.18105637,193504.571130186,1.0,0.0,
9838.0,1280202.74201171,216303.839185536,4.0,258870.2249165553,12.46408215300987
9839.0,1281584.44953312,230471.329568043,3.0,414189.0347260145,12.93407775421322
9841.0,1259166.15773417,251041.820533112,3.0,65938.22955209596,11.096473666888503
9842.0,1264623.67735575,244549.994606465,4.0,545849.3883305572,13.21009837112623
9843.0,1278400.82501787,216657.333521903,3.0,293213.10209297284,12.588654934534327
9844.0,1275594.05176699,248435.333298445,4.0,542738.2803460818,13.204382494409444
9845.0,1275597.64459899,248691.508018702,3.0,52100.667906889,10.860933047369247
9848.0,1286411.56256206,249799.971635833,4.0,173303.19457065943,12.062797909294094
9849.0,1276962.7336884,249620.314227656,3.0,39738.48621685684,10.590075423202547
9850.0,1276969.20223241,249987.935220033,4.0,74946.24122604096,11.224526351853436
9851.0,1273930.52229328,178474.279338807,3.0,186350.0,12.135381904907405
9852.0,1274190.80062956,178480.599210814,4.0,1525540.0998078205,14.237859069130858
9855.0,1290850.35552661,182854.985775292,3.0,262917.6584594197,12.479596176432711
9856.0,1291129.67424691,182845.144943282,3.0,109100.04625693032,11.600020595807601
9857.0,1277081.82501651,215401.182864621,4.0,215495.07104179988,12.280693316068543
9858.0,1286145.4791058,206271.621383265,2.0,2325.744861502581,7.751795637252518
9860.0,1275432.11371882,223347.596056744,4.0,360599.6709670616,12.79552367729132
9862.0,1277073.32140051,236767.522342488,4.0,317678.23927084275,12.668794323328312
9863.0,1277245.38437669,236763.298278496,3.0,103888.47324108428,11.551073230038643
9865.0,1272615.40216394,235144.864484832,4.0,127674.70373659984,11.757240931063572
9867.0,1280746.11398026,222869.090776265,4.0,1210799.9759921196,14.006791836301586
9868.0,1281025.39519656,222863.353304252,1.0,0.0,
9871.0,1260247.49712728,261048.14470335803,3.0,73638.62598814061,11.206924976674037
9872.0,1287782.40070747,192385.113721043,3.0,56013.232561262936,10.933343237540685
9873.0,1287765.60185945,191782.385272428,3.0,94155.86007546046,11.452706774054464
9877.0,1270564.92830583,239988.139561787,4.0,191316.15155855368,12.161682582384694
9878.0,1270576.45777786,240407.906090215,4.0,84368.37472854134,11.342947903356032
9879.0,1286612.02937828,249795.216115832,4.0,441755.2769344395,12.998511335632813
9880.0,1286637.00179429,250320.275700375,2.0,12462.286328835406,9.43046226899456
9881.0,1271882.20024319,196543.777981311,1.0,0.0,
9882.0,1286872.36089854,202474.412099376,3.0,124453.84634774394,11.73169021408988
9884.0,1262968.08260207,243832.001325727,4.0,1046255.7666867332,13.86072841253812
9885.0,1275329.41023073,247704.340977699,4.0,217840.259088798,12.29151731670058
9886.0,1275583.48152699,247700.719601691,4.0,280473.4383953188,12.54423430568332
9887.0,1278784.94527426,201030.925825894,3.0,2689.1647888089,7.896985936953047
9894.0,1282285.47404584,245910.783535853,4.0,254122.57476275152,12.44557200740356
9897.0,1274244.83890161,257030.115003243,4.0,169384.9345440466,12.039929123030609
9898.0,1274250.54392561,257362.467387587,4.0,950174.7231174564,13.764401165736691
9900.0,1286465.61203413,206933.636103943,4.0,72010.84497359148,11.184572011288656
9901.0,1286464.27801812,206846.175367847,2.0,4317.986674698598,8.370544525080783
9904.0,1269364.12164861,177359.51024965904,3.0,481968.0087377228,13.085633018916587
9905.0,1278470.03711393,254367.07308051,2.0,12484.923670937227,9.43227708903377
9908.0,1267263.26526245,241123.42538695,3.0,358837.6961348783,12.790625465339597
9909.0,1260381.44765541,251682.413109764,3.0,26163.31475753057,10.172113508458763
9910.0,1282324.42873389,242984.739244863,3.0,69901.88325884254,11.154847870045556
9911.0,1282945.62527852,243380.107501268,3.0,162303.9168716451,11.997225886739786
9914.0,1275386.98130278,218718.879636005,4.0,96336.85270343162,11.475606211012751
9916.0,1277258.8748727,180655.06698903404,3.0,53566.6432078268,10.888681825120127
9919.0,1271211.39646651,199355.453760177,2.0,31103.92730589416,10.345089370126974
9920.0,1279652.22930714,219434.323092744,4.0,1021083.5965236098,13.836374970899472
9921.0,1274818.5421342,207853.482376888,3.0,62788.29026183086,11.047523874271443
9922.0,1284613.80435222,245213.485743135,4.0,165860.48762609373,12.018902277986967
9923.0,1270660.66430594,226334.980827808,4.0,128755.45909426168,11.765670218359226
9924.0,1282832.2357744,252022.111222118,3.0,276536.5326271801,12.53009821645068
9925.0,1282580.39571014,208313.274761349,3.0,97160.40667533784,11.484118568732482
9926.0,1262723.96957782,245841.258799791,4.0,451850.7092013295,13.021107114879229
9927.0,1281573.95711711,257147.36639536903,3.0,115057.06191909174,11.653183474884335
9928.0,1286326.23929799,243325.925549209,3.0,349193.0981003325,12.763380337862028
9931.0,1270150.94814542,223404.780376807,3.0,396059.6083374215,12.8893200050133
9934.0,1272574.4833159,199523.11385636,4.0,139770.0,11.847753493478953
9935.0,1273165.3807245,199511.020096347,1.0,0.0,
9936.0,1279017.9093705,238042.4088718,4.0,126791.27959953928,11.750297545746005
9937.0,1256254.48841919,252810.000438914,3.0,50978.434420799655,10.839157967784166
9939.0,1270935.52926622,231312.499424905,4.0,148693.91697500437,11.909645223575204
9940.0,1270938.20510623,231486.601121083,1.0,0.0,
9944.0,1263826.27473094,247373.079217359,2.0,40325.958599425605,10.604750674550308
9945.0,1274916.66040629,257011.081275225,4.0,122925.8111093384,11.719336290666655
9946.0,1275588.56882298,256991.803707197,4.0,110538.74348593506,11.61312135826941
9947.0,1257569.19837253,251069.493365139,4.0,283674.3532022544,12.55558221559051
9948.0,1264881.18833202,243636.492525533,3.0,15451.435992398578,9.645457222498637
9949.0,1275240.20927063,210421.271243513,3.0,197460.15410944933,12.193292091624214
9950.0,1257875.26301284,253066.121975183,4.0,171296.75584465446,12.051152745689528
9951.0,1282808.76863837,253186.447159305,4.0,327820.2833270676,12.700220820519311
9952.0,1272886.29010022,254753.679288909,4.0,46940.86370420431,10.756643869410516
9954.0,1280591.98303612,228693.767134219,4.0,338585.33522736194,12.732531437723662
9959.0,1281987.35423754,223737.430937156,2.0,19161.770745458427,9.860672466119754
9965.0,1282294.57145385,255144.410745308,3.0,183198.04884909425,12.118323080778412
9966.0,1268273.74353549,257135.877563357,4.0,194719.9523050188,12.179317663279967
9968.0,1280061.09330757,253904.07404004,2.0,8352.033391641766,9.030260308155826
9971.0,1284951.61145657,209524.094218597,4.0,69118.58152528219,11.14357888135304
9972.0,1263274.80541837,246330.530736282,3.0,400290.06090166833,12.89994471554843
9973.0,1277752.88696921,249096.67909111097,3.0,240320.22189000784,12.3897275708681
9974.0,1259452.91799046,252356.871734455,4.0,173098.2981276331,12.061614909386524
9975.0,1259201.0832382,253045.045559168,4.0,141324.31695993018,11.858812648416158
9979.0,1268679.71486391,176215.488232493,1.0,0.0,
9980.0,1274118.41790949,238625.968424395,2.0,206003.6508626507,12.235649170248902
9981.0,1289977.91206972,170354.343778491,4.0,51173.31247480757,10.842973434408012
9984.0,1281348.16492489,227805.370653316,4.0,359713.2234043875,12.793062391322113
9985.0,1282499.85817407,228240.780189767,4.0,96734.68721376256,11.479727326673366
9986.0,1282839.58483042,228232.731677756,4.0,104141.9359219717,11.553510016153973
9987.0,1282014.43654157,213900.997839078,4.0,57646.50891945898,10.962084967392798
9988.0,1280269.73561178,230060.806431621,3.0,50003.54847415555,10.81984925137518
9989.0,1280351.15871586,230058.645983621,3.0,12622.565975423888,9.443241441530573
9991.0,1279953.86751546,216872.200210124,3.0,8174.58590815151,9.008785341045401
9992.0,1280213.27839573,216861.903698117,4.0,301263.3127254604,12.615739954430367
9994.0,1276368.07679178,221912.428375289,4.0,993523.2676301304,13.809012760558984
9998.0,1262460.94416954,250344.915764391,3.0,190827.96931985143,12.159127616979784
9999.0,1262467.87325755,250988.633973062,4.0,410869.0205508474,12.926029757896456
10000.0,1283639.86143923,203864.138628796,3.0,286060.7333253693,12.563959421542519
10001.0,1283633.27123122,203587.284228519,4.0,59407.36074785914,10.992173415987622
10002.0,1281797.48780534,195686.475196421,1.0,0.0,
10003.0,1281795.26930934,195586.50034833,2.0,46592.0,10.749184131556358
10004.0,1275777.99787918,203416.850180343,3.0,227119.6420078307,12.333232214920843
10005.0,1287695.30611539,191783.09196043,3.0,135625.03421152357,11.817649255527694
10007.0,1264941.29054008,255632.844857812,4.0,866077.1681764594,13.671729292323421
10011.0,1286746.83456241,195426.664060161,4.0,557815.1604811677,13.231782932868871
10012.0,1271147.01995444,233005.681442648,4.0,93390.5366203639,11.444545298102502
10013.0,1271099.7729784,233186.291938826,1.0,0.0,
10014.0,1272616.72171594,178478.313770801,4.0,326090.0,12.694928695867167
10015.0,1281180.46022071,245130.593199059,3.0,124794.69662836118,11.734425239049473
10016.0,1281190.72230072,245929.39441587,3.0,218299.15339262816,12.29362166434741
10017.0,1271892.02865919,205976.236486956,3.0,9089.151890467188,9.114836881439933
10020.0,1285457.35846509,205709.835078686,4.0,406183.0264259191,12.914559141006999
10023.0,1280015.23679551,229641.119583189,4.0,950474.7077067124,13.764716831094944
10025.0,1277186.06264862,205926.23424691,4.0,59854.60027121747,10.999673571377604
10026.0,1277305.43941675,205982.690822974,3.0,37051.74035532799,10.52007060277428
10027.0,1270009.60920127,227435.384796932,4.0,897740.7038773574,13.707636557122278
10028.0,1256118.21539505,259266.011453524,3.0,47531.13728385141,10.769140297027482
10029.0,1255633.99293055,259047.940669313,3.0,158519.4664471566,11.973632681459422
10030.0,1270317.35070559,232137.681185752,3.0,58767.00137077455,10.981335775177094
10031.0,1270318.39467359,232189.285729811,1.0,0.0,
10032.0,1265740.12490889,250951.57662901297,3.0,151855.06344160816,11.930681814940076
10033.0,1265741.7991489,251283.965045363,4.0,89742.4123851434,11.404698761106966
10034.0,1276839.98661627,252641.304886743,3.0,437968.2004547285,12.98990158502142
10035.0,1264032.95121115,260350.969598636,3.0,1323069.5797738037,14.09546503413578
10038.0,1275891.1433513,251669.139829755,1.0,0.0,
10039.0,1266042.07838121,245753.62903969,4.0,467973.33870984986,13.056166604708316
10040.0,1282309.94188587,178805.818347141,3.0,213523.021510702,12.271499934927617
10042.0,1279175.92876266,173101.072869301,4.0,422871.79393911775,12.954824324473702
10043.0,1279167.54527465,172660.680740848,1.0,0.0,
10044.0,1293139.03866495,184314.69976078,3.0,173602.20249045445,12.064521768284902
10045.0,1254187.35049707,249125.391667143,4.0,280798.1244137228,12.545391271673177
10046.0,1254016.0663369,249129.81848315903,3.0,27131.97910820489,10.208468352059956
10047.0,1277000.10700043,219808.325909123,4.0,47924.312690897474,10.777378226463014
10050.0,1274170.42238954,249754.298163787,3.0,103874.03687138924,11.550934260118511
10052.0,1259993.28963901,253038.030135155,4.0,246773.05649441003,12.416224393637245
10053.0,1277581.39519303,212860.120654017,3.0,24105.94798172728,10.090213893248643
10059.0,1278596.70585006,247104.823473081,3.0,24336.9985471008,10.099753045342899
10065.0,1273781.94085313,227124.061596617,3.0,102146.55168164776,11.53416384227654
10067.0,1272000.73477131,205865.528006852,3.0,36501.18435368762,10.505099987090393
10068.0,1279943.64837945,216620.027537867,4.0,39474.57680325063,10.583412118439414
10071.0,1277893.89292134,179736.173484087,1.0,0.0,
10076.0,1287515.1479712,192699.288313374,3.0,26411.46309567269,10.18155340306274
10077.0,1287502.72576319,192588.499449253,4.0,68770.44004626495,11.138529281104882
10078.0,1273481.40869282,240179.113257989,5.0,491534.0985427026,13.105286592648582
10080.0,1259958.02922298,251027.921973094,4.0,63504.19081283612,11.05886117975561
10081.0,1285280.67968091,241979.341611832,2.0,46591.99999999999,10.749184131556358
10082.0,1285759.2561294,242672.67390054505,5.0,233053.31481481492,12.359022525320478
10085.0,1285166.19040079,248326.813170329,3.0,52569.362539107846,10.869888767795668
10087.0,1281976.00812553,226476.887387961,3.0,142786.66582484855,11.869106947951066
10088.0,1262037.40106511,259384.744509652,1.0,0.0,
10089.0,1287588.54675527,204301.660421252,5.0,1160869.3533388542,13.96467972492422
10090.0,1271768.54693107,224362.36540179,3.0,1007156.2467132116,13.822641320253629
10092.0,1293861.2284897,186557.580083072,4.0,363314.8986816052,12.803025226676459
10093.0,1289517.99008524,186792.796147317,3.0,290556.1529307934,12.579552134118789
10096.0,1275835.61720724,246600.43211256,4.0,94690.69038882785,11.45837096799361
10097.0,1276480.8911919,255638.542969823,3.0,39560.991114000266,10.585598838860639
10099.0,1284406.70502402,193871.52639456105,3.0,160096.5154532735,11.983532133933917
10102.0,1267594.18027081,255566.038521737,4.0,176876.15071041853,12.08320505314176
10112.0,1263615.31588273,255111.436729282,4.0,401208.5332501483,12.902236604161148
10113.0,1263620.82506673,255375.379129544,4.0,382546.6381879123,12.854605854718919
10122.0,1278005.84972146,213230.911566392,3.0,106748.78956235205,11.578233592032223
10123.0,1274565.49867794,218168.302291453,4.0,197279.7463470173,12.192378032646216
10124.0,1271494.6518268,228953.39164649,3.0,71574.55766852699,11.178494949975539
10125.0,1271293.65880258,229138.247582674,1.0,0.0,
10126.0,1272403.59096372,201057.053057924,3.0,101665.1148886226,11.529439503414356
10127.0,1272326.45496364,200727.430721581,3.0,113208.2667678342,11.636984470069207
10134.0,1272145.12849946,250712.935028777,4.0,243266.85317691744,12.401914281006615
10135.0,1272421.97477174,250726.889396787,4.0,366887.1654161704,12.812809628581807
10136.0,1272462.60625978,197081.503933862,4.0,96509.03645519438,11.477391924965676
10140.0,1273054.24088439,243461.137197345,3.0,124289.02061607737,11.730364943879703
10143.0,1279654.62009116,224541.03234598003,3.0,289476.16556765744,12.575828242960519
10144.0,1279669.21618716,225206.404698655,3.0,78404.24900620866,11.269633401377686
10145.0,1279808.3812433,210297.099851385,1.0,0.0,
10146.0,1279791.30713129,209966.617931053,3.0,628201.1469364763,13.350615691835536
10147.0,1281683.96607722,245450.48983939,3.0,443769.0734226933,13.003059601209046
10148.0,1281704.61894125,245920.004335865,4.0,382540.2523872344,12.85458916171122
10154.0,1281748.24121329,217744.64072302,4.0,271331.4503852251,12.511096416680296
10155.0,1281890.02278143,217738.227027014,4.0,152674.2658243916,11.936061949331725
10156.0,1274605.91525398,230399.971103966,4.0,311137.8568384416,12.647991362523417
10158.0,1258173.85789315,255071.115641236,4.0,668509.2233548424,13.41280547251922
10159.0,1264758.51569189,252033.245750129,4.0,125941.05838342108,11.743569285877685
10160.0,1275114.6032545,230081.678431645,3.0,83338.49854723747,11.330665888822283
10161.0,1275200.83864659,230080.95107165,3.0,119891.88088987136,11.69434562304199
10163.0,1281777.72703733,249239.947507262,4.0,147988.3928398702,11.90488912291308
10164.0,1282051.56441361,249233.396979257,4.0,94509.9740129526,11.456460653022951
10165.0,1269254.34136049,241459.658923298,3.0,23779.04383432922,10.07655996061927
10166.0,1269414.66417666,241455.340075299,4.0,117569.92979241192,11.674788582705974
10167.0,1270290.67518556,259467.545149744,3.0,103726.46080465493,11.549512528540363
10168.0,1258276.40362126,258819.714109078,4.0,647183.888479812,13.380385750225905
10169.0,1258282.54403727,259090.054461345,4.0,108404.49841982768,11.593624865464545
10171.0,1282606.72243017,211202.017676309,2.0,68867.84500152797,11.139944657233553
10175.0,1288523.61645223,202029.762754917,3.0,93182.0,11.442309848973883
10176.0,1288522.10528423,201957.990914851,1.0,0.0,
10178.0,1275519.66968691,245389.373871326,4.0,204689.8153119645,12.2292510161955
10179.0,1275799.5569192,245381.12254332,4.0,167128.0256264163,12.026515418212943
10180.0,1281242.53420478,253882.298104018,3.0,166621.67520871933,12.023481103545814
10181.0,1275867.85074328,212544.884109691,4.0,699548.1951447568,13.458189970134883
10182.0,1276453.94635987,205351.528390318,4.0,763327.565691669,13.545442530971325
10183.0,1276727.67020015,205336.226950303,4.0,350192.1459741591,12.766237271324139
10184.0,1279156.97669864,220667.01384601,4.0,266018.19904431334,12.491320002883294
10185.0,1257500.90813246,248330.546098337,4.0,444473.7718596327,13.004646326255093
10186.0,1271534.54968284,243128.723501012,4.0,55451.582566361925,10.923265532792557
10187.0,1271548.05560285,243585.718317479,4.0,62852.452366426005,11.04854523261159
10189.0,1282059.40626961,229209.272350758,3.0,33231.71496024407,10.411259968811537
10190.0,1276096.03762351,223334.252632737,4.0,922151.5872574184,13.73446490036677
10191.0,1278716.87948219,253928.529016063,4.0,38204.45214575545,10.550707336121645
10193.0,1284988.36960061,253615.916151747,4.0,23724.076476046277,10.07424569652644
10194.0,1295160.69370703,185836.809202343,3.0,81231.5561278546,11.305059072919915
10196.0,1281934.75724548,245446.422639385,4.0,81430.87122731694,11.307509733499078
10197.0,1282787.54982236,245903.350831851,4.0,313521.62707924214,12.655623622574394
10198.0,1282072.23135762,193561.755066246,4.0,166239.7570412047,12.021186344837789
10201.0,1287088.02873877,189199.858933777,3.0,316541.2560489015,12.66520886293684
10204.0,1281088.31570862,227811.029725328,4.0,380222.17900055606,12.848511042423299
10207.0,1274194.09784555,244762.54046267303,3.0,156792.10968740142,11.962676064761142
10208.0,1282321.17119788,201767.116290659,4.0,54490.160181429,10.905775417220998
10211.0,1285753.7453454,178470.55818679897,3.0,435326.7258623789,12.983852122077435
10220.0,1276279.8181037,251983.080502078,3.0,339993.55791492347,12.736681949103794
10221.0,1271864.80197117,226197.285915673,4.0,1131477.6815615054,13.93903501921383
10222.0,1273875.23922123,253011.445559129,3.0,129030.77101739107,11.76780618991739
10223.0,1274195.38066156,252997.73394312,3.0,4283.291879880827,8.362477123759591
10224.0,1283192.22649477,201548.141314432,3.0,53706.27060972899,10.891285044810632
10229.0,1281920.01023747,213215.718030378,4.0,741836.570111099,13.51688424197466
10230.0,1287547.42745923,251380.843829453,3.0,197396.4974348332,12.192969662332882
10238.0,1275132.66687052,224402.952217832,3.0,123256.93019390824,11.72202631907798
10239.0,1284393.95801601,256143.545914337,2.0,0.0,
10240.0,1284865.94528049,256249.993530437,3.0,139764.0,11.847710564890653
10241.0,1274148.19339751,223677.907097086,4.0,49462.385738074205,10.808967775619223
10242.0,1254581.59638548,252033.962934121,4.0,28672.10338436181,10.263679921528544
10244.0,1280195.1160277,215899.927249119,3.0,13880.438996145933,9.538235861525047
10248.0,1281481.13087702,247250.048305228,4.0,597533.4503978721,13.300565545150254
10250.0,1269670.40248093,240012.747817814,4.0,247250.53513669284,12.418157413837289
10259.0,1258866.49725387,249364.816371396,4.0,377820.081611036,12.842173386715892
10260.0,1280763.82156429,249258.173875287,4.0,278477.43013035454,12.53709229424091
10261.0,1271747.84619506,195306.369980037,4.0,1023371.2700102788,13.838612901879415
10262.0,1272071.04728338,195302.981884032,1.0,0.0,
10263.0,1276079.39231148,245372.77284731,4.0,121479.99950544658,11.707504915088617
10264.0,1276359.21291977,245364.39063929,4.0,55315.1795483258,10.920802644388461
10265.0,1278608.93452208,245807.521967754,2.0,1492.2078091771357,7.308012053355134
10266.0,1278812.05714628,245803.349039748,4.0,329580.4969878657,12.70557590350662
10271.0,1280159.26405966,223444.20712885296,3.0,252401.14500370025,12.438774946103646
10272.0,1274128.22200549,244088.473901987,4.0,1192749.3530387797,13.991771580966788
10273.0,1274143.45362151,244763.989934683,3.0,285486.96996238857,12.561951667675533
10274.0,1279117.4534986,222615.217943996,4.0,199812.19613528848,12.20513318505178
10275.0,1279111.1047626,222437.175319821,2.0,93180.0,11.442288385370787
10277.0,1276191.2923436,227928.236829445,3.0,27090.57551522412,10.206941179416939
10278.0,1274204.68216556,254046.739704192,4.0,148769.24407046463,11.910151686942337
10279.0,1277510.01119295,249976.833204016,4.0,197786.24953843903,12.194942178759584
10282.0,1257106.61136407,255776.496121958,3.0,936908.7897062064,13.750341213586173
10286.0,1263044.63850614,178177.723818496,1.0,0.0,
10287.0,1291516.5966793,183471.384495914,3.0,50540.735455890106,10.830534932792977
10290.0,1285549.03840119,243452.737325341,3.0,927198.4711613838,13.739922922129468
10291.0,1285789.54611343,243337.727021217,3.0,602487.5484255791,13.30882227761983
10294.0,1281855.15666941,191797.506296441,3.0,155901.4202246246,11.95697916484802
10295.0,1274359.55358973,230825.087712407,4.0,147843.60678279892,11.903910283106592
10296.0,1274618.49003799,230818.7071044,4.0,206943.4009087622,12.240200609298387
10297.0,1257299.64803626,251728.015349805,4.0,55168.93525185594,10.91815530667578
10301.0,1278970.12831445,202032.728578925,4.0,584120.1324965771,13.277861946985473
10304.0,1277110.06738454,214259.007631451,3.0,329626.2052647321,12.705714580121356
10305.0,1277107.70655254,214140.901903316,3.0,202636.1374272316,12.219167223238616
10313.0,1272680.94802001,180895.851245284,3.0,48791.76635526722,10.795316855377912
10314.0,1272879.28946021,180891.500205278,1.0,0.0,
10319.0,1254258.58979315,252577.786294684,3.0,57950.32844005934,10.967341516397381
10322.0,1260230.76554327,260601.744318902,4.0,259503.86434291623,12.466526872972063
10324.0,1259802.44189481,256967.040635183,3.0,58859.92678447741,10.98291577789402
10325.0,1259539.71440655,256971.236155182,3.0,55443.03881988618,10.923111445130129
10327.0,1283125.5163507,228168.125149682,3.0,113548.18045577376,11.639982523237759
10328.0,1268176.78967939,227837.858077347,4.0,100726.54279452826,11.52016462684002
10329.0,1268393.41687962,228076.074781597,4.0,145871.91019991218,11.890484188215687
10330.0,1263561.45572267,247647.99697764203,3.0,117354.65298111812,11.672955850950018
10334.0,1270887.20715417,240876.133546695,4.0,1663977.597597871,14.324721437290615
10337.0,1274657.57560603,181726.548078135,4.0,222694.16293930425,12.313554642481234
10338.0,1274477.27870984,181399.478509799,3.0,108298.24386472168,11.592644217388743
10339.0,1269988.70865725,174576.752998814,1.0,0.0,
10340.0,1281354.43097289,207937.75712896895,3.0,1095423.2468373512,13.906651373342603
10341.0,1270793.46424207,232611.77078624105,3.0,89458.74424489353,11.40153283983146
10342.0,1270860.3892981398,232581.01853020492,5.0,558945.9282910484,13.233808018104533
10343.0,1277951.8104894,237810.492007568,4.0,955432.2555146576,13.769919140635274
10347.0,1274545.36914192,217111.910738364,4.0,66713.59840863454,11.108164085316618
10348.0,1274506.43186188,225328.160026774,4.0,410023.3009445165,12.923969268637629
10349.0,1269422.60740867,227575.070237085,4.0,108243.71117969535,11.592140548839449
10350.0,1272307.72856362,222517.907095894,1.0,0.0,
10353.0,1270713.972914,245397.159279332,3.0,23654.880743188227,10.071324746547075
10355.0,1256774.96502772,258717.280252963,1.0,0.0,
10357.0,1284379.05875199,246936.0443369,3.0,53547.70737125769,10.88832826209773
10358.0,1284634.06188825,246933.772976905,4.0,479124.2358556844,13.079715207806936
10359.0,1269010.67512025,240450.780714259,3.0,17908.91390069428,9.793053851155332
10361.0,1278368.62130584,214415.613967597,4.0,636332.3600514176,13.363476284522761
10362.0,1278343.75128981,213224.256718382,3.0,644450.3814330634,13.37615311070654
10363.0,1276208.92255162,236788.74109451505,5.0,387046.3051984835,12.866299616529895
10365.0,1271135.63941042,223079.43912847296,6.0,524864.692867648,13.170895780485079
10368.0,1281516.46380505,205868.59623085,3.0,13061.15466663071,9.477397811374853
10375.0,1272651.05765198,227161.990364656,3.0,30855.478303173542,10.33706959227733
10376.0,1278176.19884163,231783.41481739297,3.0,42714.67258525376,10.662297760456347
10377.0,1278490.02034596,231773.393185377,4.0,55807.26365232932,10.929659312878448
10384.0,1278056.75973751,228336.473245859,3.0,65489.81065137682,11.08964984694783
10385.0,1270852.13176213,197650.972606435,1.0,0.0,
10386.0,1270389.22129767,253510.427511632,3.0,233275.21995794144,12.359974237014399
10387.0,1271050.96401834,253827.57515996703,3.0,362565.2453725767,12.800959724315803
10388.0,1278715.77285819,253267.425655395,4.0,74597.37121055023,11.219860547106489
10392.0,1271889.38821121,245281.451823205,4.0,51880.36328495563,10.856695640814415
10393.0,1271880.9837312,246156.18302410803,3.0,43120.98115306374,10.671764959337548
10404.0,1260892.99319194,261032.246783346,1.0,0.0,
10405.0,1265303.93322845,242787.873132661,3.0,71662.40649384663,11.179721572402903
10406.0,1271977.87921929,207772.102984801,1.0,0.0,
10407.0,1272565.04862788,207762.253896788,3.0,164085.79399976143,12.008144704164259
10410.0,1279130.12933861,203362.37126828695,3.0,93182.0,11.442309848973883
10411.0,1274266.78206964,219306.081876606,4.0,756606.3345782198,13.536598363572953
10412.0,1273569.01771691,256717.087418929,4.0,107437.70077946162,11.584666430925894
10414.0,1259553.17008656,258528.60447678,2.0,8892.246061109308,9.09293494689075
10415.0,1259543.94800656,258795.29682904496,3.0,240105.9344198125,12.388835498354595
10417.0,1269683.39627294,224194.549465612,4.0,197046.089201705,12.191192935695447
10423.0,1260797.56298384,188397.347060964,1.0,0.0,
10424.0,1260798.46915984,188180.489588737,3.0,139768.0,11.84773918415428
10427.0,1288242.29088394,182920.182511359,1.0,0.0,
10428.0,1263587.6259627,253783.387255922,4.0,103468.96739517713,11.547027014798324
10429.0,1262928.28145002,253795.100791931,3.0,60990.7994381547,11.018478302896918
10430.0,1274922.94085431,212028.351629153,3.0,1497281.4678427265,14.219161666999009
10432.0,1262780.07575387,170313.108002439,1.0,0.0,
10433.0,1262620.0383137,170380.49040252,3.0,95362.01926300608,11.465435657232348
10439.0,1285428.47660907,245855.174447805,3.0,22623.321459538205,10.02673657618227
10440.0,1271892.87576321,237773.023591518,3.0,16074.634063842695,9.684997784544544
10441.0,1270468.57348974,194943.409147665,3.0,265583.7441126696,12.489685490316282
10442.0,1270725.01816201,194948.763131678,3.0,516150.69361821614,13.154154043723533
10443.0,1276747.18559217,247683.181617677,4.0,102204.54129010125,11.534731391088409
10444.0,1277163.8937526,247754.35601773896,3.0,46434.44905118106,10.745796899192612
10445.0,1273735.02891709,249525.270131558,1.0,0.0,
10448.0,1265788.68586895,241531.373355374,3.0,66729.60564164954,11.108403996119206
10449.0,1265806.76292497,242313.22839617697,3.0,35100.84146202321,10.465980382443616
10450.0,1279329.40908282,210844.047627941,1.0,0.0,
10451.0,1279687.50354718,210832.727051929,3.0,123492.61963838244,11.723936673251371
10453.0,1267070.72657426,245991.285679936,4.0,135445.01590207353,11.816321050247625
10456.0,1275185.91147858,221937.32923930895,3.0,271888.709497545,12.513148105291847
10457.0,1274950.57535033,205873.890566856,4.0,541897.656443427,13.202832436841822
10458.0,1256367.83657931,257256.33273147,3.0,372075.7651068153,12.826852782159415
10459.0,1256071.042211,257262.211323485,1.0,0.0,
10460.0,1270180.87755345,248345.163890347,3.0,144345.85402270922,11.879967462979327
10461.0,1273932.3749653,237486.812199235,4.0,451783.0041679622,13.020957264264998
10462.0,1276551.80210397,229281.416222826,3.0,19484.391384322087,9.877368982197588
10463.0,1276902.31288832,229274.009118825,3.0,20508.38725577723,9.928589215881988
10465.0,1272090.8576514,209712.680458784,1.0,0.0,
10468.0,1284958.99462458,201858.55897875095,3.0,662474.6649590337,13.403737594540017
10470.0,1275617.58482301,203678.086532608,1.0,0.0,
10474.0,1279029.39922652,232973.628642604,2.0,42813.66454900042,10.664612595779172
10475.0,1278973.23922645,227020.12578851,4.0,425939.4524807376,12.962052484823129
10476.0,1271298.96913859,254789.911480948,4.0,481863.5041343165,13.085416166484558
10477.0,1275773.92440717,237392.325223133,1.0,0.0,
10478.0,1273408.07678875,246114.456688061,4.0,1276236.432046173,14.059426017294745
10480.0,1261937.06692101,251010.813045084,4.0,101347.72959709908,11.526312750021916
10481.0,1272211.12677152,224979.812954426,4.0,98886.66101358944,11.501729635042258
10487.0,1259585.19171859,245443.710383371,3.0,75176.24817796043,11.227590611349891
10488.0,1259589.4705666,245644.084655583,4.0,47357.38116236265,10.765477971626169
10489.0,1284301.41228791,203183.133444101,1.0,0.0,
10491.0,1268893.89752012,253950.07820008704,3.0,217897.2313179449,12.291778814647053
10492.0,1278534.28178601,213493.405518666,1.0,0.0,
10493.0,1278595.13004206,213491.375630662,3.0,67270.4797347578,11.116476782475683
10494.0,1257592.14518856,252388.217142493,4.0,126879.22863450705,11.750990957361758
10501.0,1281020.73087655,211896.00282903,2.0,51600.41767460413,10.851285045905966
10502.0,1285799.42995344,251140.050037205,4.0,1059966.1878852544,13.873747567358032
10504.0,1280406.48108391,198189.564734995,1.0,0.0,
10505.0,1280404.42367592,198106.62815889705,3.0,84451.3894797698,11.343931375383834
10506.0,1275561.33887096,241186.46231502303,3.0,434924.6057354837,12.982927974900836
10508.0,1281175.1560927,247256.474097237,3.0,72385.1359447631,11.189756252665584
10510.0,1284654.56908827,195893.423932642,3.0,97305.5898859473,11.485611716533644
10511.0,1283752.29459135,257503.376187727,3.0,93182.0,11.442309848973883
10512.0,1283754.53676735,257672.873915896,1.0,0.0,
10513.0,1260234.07063127,246161.67051211,3.0,21210.88790829659,9.962269909402764
10514.0,1259600.83011861,246176.06123213505,3.0,1103.191927336034,7.005963008954163
10516.0,1273492.00773284,240681.829802498,3.0,38228.67884772907,10.551341268095124
10517.0,1264607.97661974,172438.195620626,1.0,0.0,
10518.0,1264602.95921174,171990.062948167,3.0,253457.79020851385,12.44295258009617
10521.0,1254892.1705938,250714.81528477403,3.0,262863.067518082,12.47938851974681
10522.0,1263064.50333816,243684.021293581,4.0,1076584.0890574886,13.889303706119504
10530.0,1266443.47652562,228108.600669622,4.0,209973.93092556755,12.254738663544112
10532.0,1277541.49240899,229078.512094617,3.0,459240.4669979261,13.037329245100198
10533.0,1277560.789625,229705.87503926497,5.0,441262.4897053119,12.997395192110217
10536.0,1259771.11491878,258524.00242877,2.0,13008.112583550148,9.473328486697104
10537.0,1259793.91440681,258790.481533051,3.0,260687.07386599545,12.471076016283428
10538.0,1276180.76811959,250663.29765272103,3.0,278691.82959630433,12.53786189691654
10539.0,1283606.2683512,195911.099452659,3.0,3800.5455834463096,8.242899909999766
10548.0,1274092.09118946,234175.115747839,4.0,957049.8100917347,13.771610717243364
10555.0,1261680.23671274,251660.444981739,3.0,87027.08731377793,11.373974697612084
10556.0,1277773.52607322,222060.683287427,4.0,410838.9089191714,12.925956467544474
10557.0,1278738.04677822,217313.510354578,4.0,49986.21763607753,10.81950259913414
10558.0,1281816.24370937,211552.398220673,3.0,349050.2202510032,12.762971088399647
10559.0,1284900.14764853,198813.261631623,4.0,222440.9827510892,12.312417099341953
10560.0,1263694.5000748,260085.215870366,3.0,1173677.242319669,13.97565232020923
10561.0,1263700.29335481,260268.161342561,1.0,0.0,
10571.0,1277061.3628085,224223.558553651,3.0,36401.6761579375,10.502370100859627
10573.0,1270512.99960178,227872.748765379,4.0,49018.38214867316,10.799950652634427
10574.0,1270205.58251348,228168.873821691,4.0,144845.47988936055,11.883422797252264
10576.0,1274430.8067098,212994.669262156,2.0,187490.14351409872,12.141481555086054
10577.0,1255548.67715447,250448.596020505,4.0,546974.4137169966,13.212157304655618
10578.0,1274553.85733393,217619.494674891,4.0,192524.4127337614,12.167978244065239
10579.0,1282461.68895802,205252.534150228,1.0,0.0,
10580.0,1283017.03788659,205228.561094195,4.0,73604.6414196207,11.20646336549518
10581.0,1282439.704382,226534.94799602,3.0,46799.86539427027,10.753635605710796
10583.0,1270801.20107408,222486.212631866,4.0,75793.56562887039,11.23576868186477
10584.0,1270800.96389009,222474.822551861,4.0,163397.65746223583,12.003942125088848
10587.0,1281884.69074944,243563.736749455,3.0,227958.505126494,12.33691889631423
10588.0,1278994.28447448,203209.451012135,3.0,263427.9659612816,12.481535235629101
10589.0,1277103.77311254,213944.073551118,3.0,234146.3944314059,12.363701815951194
10592.0,1272757.79397209,190664.42162329,1.0,0.0,
10594.0,1271458.74833876,178677.049899012,3.0,93182.0,11.442309848973883
10595.0,1271522.85253082,178622.086122945,1.0,0.0,
10596.0,1265095.24830024,245397.756079331,4.0,183571.9261648238,12.120361837877969
10600.0,1268293.69361551,258853.54214111,4.0,417337.774432794,12.941651183529576
10601.0,1269331.77784058,213143.782478303,4.0,487232.9414617962,13.096497606929953
10602.0,1275121.97887051,223963.050201386,3.0,300027.82275184704,12.611630491844174
10605.0,1283314.6577269,183647.573104098,3.0,19216.368427034253,9.863517717066559
10606.0,1282148.2069737,181142.72247754,3.0,41304.038755503854,10.628715564858092
10607.0,1282152.28665371,180711.759085089,2.0,916.6098005644296,6.820681864320315
10608.0,1272775.1925641,211734.07438086,3.0,10985.125825305668,9.30429743903674
10611.0,1278530.28505,174623.782438859,1.0,0.0,
10612.0,1278527.854266,174450.181414679,3.0,91290.3285096487,11.421800130080953
10613.0,1281448.41273299,217754.834963024,4.0,380579.5143567105,12.8494504077942
10614.0,1283767.25983936,255631.740473807,1.0,0.0,
10618.0,1266681.75396587,244509.142318428,3.0,44396.08895409107,10.700906657920891
10620.0,1288508.31334822,187888.830708444,4.0,1459032.0422858354,14.193283789077224
10621.0,1258414.46634141,253715.553399846,4.0,229551.91324831155,12.343884484420728
10624.0,1263991.70353112,243048.919852927,3.0,110931.28700615418,11.616666252631996
10625.0,1263721.43997884,243052.64823693,4.0,1133083.409547663,13.940453155612596
10626.0,1258357.54717334,250423.397556484,3.0,309488.9864878846,12.64267778562027
10627.0,1277518.93240896,252628.43615073,4.0,1077210.1007812654,13.889885016761308
10628.0,1277521.43634497,253289.645111412,4.0,1096802.642283255,13.907909816311271
10629.0,1282322.13932589,249887.573811933,4.0,361542.16342587455,12.798133948429387
10631.0,1282913.97247849,211864.33230099097,3.0,251839.26571634837,12.436546328531689
10632.0,1282902.86783847,211528.168268651,4.0,228730.00018922304,12.340297548448682
10640.0,1280214.98245972,225194.677018642,4.0,424794.7345418693,12.959361353686788
10641.0,1280208.00709972,225371.715418831,3.0,45391.871146789104,10.723088318367944
10642.0,1267166.36881436,249740.471091777,4.0,530262.5956705381,13.181127626356096
10643.0,1267190.92023839,250009.78488405,4.0,69869.34870493563,11.154382329976439
10644.0,1271976.98680329,212059.662605196,4.0,409806.1957920796,12.923439633735796
10648.0,1290424.30291818,182311.489838734,1.0,0.0,
10649.0,1290395.68487015,181393.00970979,3.0,581558.4019826262,13.273466679229884
10650.0,1257766.07069273,168296.264608383,3.0,55233.05746156911,10.919316920073282
10651.0,1257326.79664429,168223.383520305,1.0,0.0,
10652.0,1273398.73758875,242298.08375616404,3.0,448133.6975507125,13.01284689890798
10655.0,1268925.45092817,228027.40790154,4.0,207946.57726926,12.245036485642766
10656.0,1257528.17219649,249659.572019696,4.0,564163.1683965272,13.243098794306983
10657.0,1264885.20503603,242852.690284729,4.0,175254.19125395518,12.073992720467947
10659.0,1265423.44151658,247630.347057611,3.0,47056.40651246029,10.759102299664576
10661.0,1254782.23478568,254424.843320578,3.0,137818.57488506124,11.833693424450402
10662.0,1254783.83516969,254590.388280749,1.0,0.0,
10663.0,1260921.27171996,246891.383280858,4.0,368494.4589804074,12.8171809538103
10665.0,1278742.03429821,234080.375139743,4.0,690797.9683574652,13.44560268425072
10666.0,1278429.9909699,234569.092644244,4.0,47264.03985480981,10.763505028568941
10667.0,1271912.91083522,196838.315773606,1.0,0.0,
10668.0,1269681.74436894,240432.098986238,4.0,157868.32669472566,11.969516589208979
10670.0,1270584.62673786,256142.472762331,4.0,807258.4853655191,13.601399200012189
10671.0,1263254.89105035,169720.313569844,4.0,83820.3861210967,11.336431528019355
10672.0,1262778.30602586,169750.569057867,1.0,0.0,
10674.0,1284969.17536059,202507.348419413,3.0,543218.6483062982,13.205267185098132
10675.0,1275987.49157539,242781.20452465105,3.0,80068.92048436296,11.290643048827212
10676.0,1276289.25343171,214903.046352103,3.0,41091.84426632786,10.623564944450843
10677.0,1276469.94040789,214898.641168103,3.0,45185.04419925024,10.718521430519715
10678.0,1269560.46737681,229671.398751229,4.0,85847.938296515,11.360332850853968
10684.0,1271013.10225829,245515.080303445,2.0,46592.0,10.749184131556358
10685.0,1277143.17887259,177120.51204142,4.0,403137.2388060668,12.907032325900326
10686.0,1272717.88030805,221820.579095185,4.0,46995.42139600616,10.75780545884059
10687.0,1272879.92594022,221816.608983189,3.0,4904.744334334548,8.497958247161792
10688.0,1265427.09732458,247779.026225775,4.0,129670.77193357436,11.772753993587402
10691.0,1269575.48766483,228742.184670269,4.0,191075.36693916903,12.160423220502642
10692.0,1254562.19651346,250876.656500936,3.0,77198.81794014365,11.254139424239472
10693.0,1254557.75689745,251318.313781396,3.0,109485.42799683394,11.603546741728591
10694.0,1272386.55256371,252220.69157432,3.0,208281.9588434776,12.246648012088945
10699.0,1268610.20023984,228314.326941833,4.0,150367.68772008174,11.920838825129275
10702.0,1263965.18263508,247103.979313076,1.0,0.0,
10704.0,1269421.28196867,241706.752299547,3.0,29379.218310342392,10.288042843190881
10705.0,1285677.91251332,204350.292229295,4.0,1307403.9484628637,14.083554010244063
10708.0,1268078.3233113,228362.431517884,4.0,192520.14735422283,12.167956088813714
10709.0,1270052.54808132,245410.497839347,4.0,185671.81973484744,12.131735984262884
10710.0,1277690.99212115,223607.150041014,4.0,117241.30552221164,11.671989530230347
10711.0,1278012.95276147,223600.33736901,4.0,460148.4222433223,13.039304373473387
10718.0,1272437.65809976,210114.027403206,2.0,4241.233449030722,8.352609413710802
10719.0,1272752.58200409,210086.784331173,4.0,5928.699394750746,8.687560141587284
10720.0,1259124.03517413,247061.417073041,3.0,67263.56881270984,11.116374043843662
10721.0,1272755.49637209,246925.110256895,4.0,202794.5917186802,12.21994888228972
10722.0,1278795.91314627,231200.096096799,4.0,73424.95198044824,11.204019102072031
10728.0,1274161.93650152,208419.604937464,3.0,132391.479095497,11.79351856312926
10729.0,1273634.06680499,206214.295047209,2.0,61513.90850777278,11.027018582823445
10730.0,1255288.3600982,253073.248567194,3.0,30709.08020804056,10.332313662092178
10731.0,1266575.58782175,255590.670393765,3.0,67538.73368357643,11.120456544631077
10732.0,1266598.45886178,255989.25714618,3.0,42503.010537547874,10.657330188581343
10733.0,1273241.11026058,228393.62665392496,3.0,172358.7511538912,12.057333346135477
10734.0,1261627.5383447,255706.773817882,4.0,610707.436349827,13.322373295901176
10735.0,1271290.15813059,244842.039342761,4.0,462168.6977900128,13.043685250145662
10736.0,1271301.58328259,245296.675183222,4.0,607599.0402184807,13.317270470075254
10738.0,1270928.92101021,171256.596899405,4.0,505504.0705745624,13.133311369981087
10743.0,1264897.88222004,244313.408814222,5.0,296938.58116035804,12.601280598959425
10744.0,1282680.25606225,242871.549164742,3.0,2325.7435371432466,7.751795067817868
10745.0,1271958.62955527,200341.065985188,3.0,57329.998250213896,10.956579295381129
10746.0,1282363.74982193,206261.598727256,3.0,47837.7089551942,10.7755694977452
10747.0,1272074.04862739,221834.512151197,4.0,70307.27016947039,11.160630488802584
10748.0,1273592.11083694,236411.309158131,4.0,688694.2530290271,13.442552696832701
10749.0,1273908.49605326,236410.363238126,4.0,613288.0404462602,13.326589991091739
10752.0,1274767.22763814,246621.241776586,3.0,42602.38869103138,10.659665603244877
10753.0,1265974.76881315,250298.546100348,4.0,203007.7076663032,12.22099922610265
10755.0,1276532.15090396,212106.04474924496,3.0,433148.3633691676,12.978835588872196
10756.0,1264814.32458796,210666.795979768,2.0,46592.0,10.749184131556358
10757.0,1264803.99127594,210390.108555481,1.0,0.0,
10758.0,1269322.58596857,256180.798458368,4.0,1113980.9527289837,13.92345060123431
10759.0,1274270.49336563,192132.237560794,5.0,1293444.8408009822,14.072819636329026
10760.0,1274380.43640575,191844.9464885,3.0,1294241.321213541,14.073435229092478
10761.0,1278331.92588179,178931.643883273,1.0,0.0,
10762.0,1278785.44921026,177771.718058079,4.0,112003.3995595295,11.626284503026667
10763.0,1271783.37989108,256106.157882303,1.0,0.0,
10766.0,1269228.12126447,229252.479262799,4.0,80982.69119985885,11.30199072192922
10768.0,1266329.47806151,244946.991534874,3.0,87444.65394271942,11.378761345847586
10770.0,1285054.18278468,177450.089449748,1.0,0.0,
10771.0,1274827.45650221,249436.740403473,4.0,1147107.0025196224,13.952753680792286
10772.0,1254577.08067347,251759.090741843,3.0,18396.458981549647,9.819913478421933
10774.0,1274090.25880545,218177.331795454,3.0,46914.37182839529,10.756079343066041
10775.0,1284702.49676833,256275.24313047496,3.0,46592.0,10.749184131556358
10776.0,1267971.03153518,242722.219756588,4.0,331328.7595051979,12.710866392565054
10778.0,1271880.33541119,241812.947627664,1.0,0.0,
10779.0,1277189.16959262,235718.672357425,1.0,0.0,
10780.0,1277222.94188066,235765.407205462,3.0,46668.32533345982,10.750820955151552
10781.0,1279741.23967524,207148.401416168,3.0,59681.72364512814,10.996781115913802
10783.0,1275597.858487,257323.715771541,4.0,419874.23476028605,12.94771050437119
10787.0,1264544.87895568,246314.298864275,4.0,198639.32975777547,12.199246046020976
10789.0,1260395.11498342,259711.944957986,4.0,915517.673091368,13.72724494721553
10790.0,1268724.50411196,178410.300458729,3.0,4499.678703606205,8.411761274010747
10791.0,1258835.15971783,168568.930016652,3.0,38345.63759649681,10.554396047952146
10792.0,1258343.99965332,168607.158944696,3.0,2160.368373937831,7.678034029627059
10794.0,1267365.18731056,245464.635183394,4.0,393363.3890031195,12.882489117574229
10796.0,1276909.70725633,229516.289439067,4.0,228140.2726341289,12.337715949611107
10797.0,1270233.35083351,199952.792832792,1.0,0.0,
10802.0,1279773.49682727,250596.325684652,4.0,467343.3457674659,13.054819482288472
10803.0,1280033.50053954,250591.624628648,4.0,856828.9285554829,13.660993561032495
10804.0,1274858.29208624,216743.970193982,4.0,66027.38374065123,11.0978248401206
10805.0,1260493.93335153,251680.522997767,3.0,18651.649444812927,9.833689863242313
10806.0,1257739.69014871,259766.970110044,4.0,428927.4863592085,12.96904315415735
10807.0,1263551.13655466,252053.27851814,3.0,210607.0552861096,12.257749379004581
10808.0,1262643.16784973,255131.090233296,4.0,1401634.706865435,14.153149761176058
10810.0,1270304.39038557,231322.353760913,3.0,120549.17892289268,11.699813072494397
10811.0,1270420.0394737,231320.545056909,3.0,189713.4182625368,12.153269887541422
10813.0,1277079.90866451,237033.840678766,4.0,31641.849288769365,10.36223586798551
10814.0,1281120.68076465,228697.613278225,4.0,619877.799773726,13.337277640455929
10816.0,1276410.38571982,223930.234649345,4.0,1215262.9057653476,14.010470994695252
10821.0,1280453.19986796,224521.536345959,4.0,426923.7931914776,12.964360806005477
10822.0,1280474.26047599,225183.918554634,4.0,588228.0742645914,13.284870033076587
10823.0,1273600.50258096,250809.910580873,3.0,267817.76564680453,12.498062049272633
10824.0,1277721.78962517,174458.70928669,3.0,293532.46989547665,12.589743542098796
10825.0,1278154.98885761,174454.115814686,3.0,202096.47595608307,12.216500466109961
10826.0,1278857.83263433,174445.022310674,3.0,175216.7358190693,12.07377897700374
10827.0,1278611.03948209,173780.124709994,3.0,53543.429627360856,10.888248372313777
10830.0,1285269.9736969003,252630.83211873495,6.0,488186.5837672432,13.09845295554586
10831.0,1285724.04198536,252622.585462734,3.0,885845.2086049172,13.694297506203116
10836.0,1262686.80784978,244513.599022418,4.0,151544.12353813535,11.928632106004262
10837.0,1262582.00004166,244516.782446429,1.0,0.0,
10840.0,1264727.46717986,246971.527536944,4.0,135044.6299059809,11.81336059468326
10841.0,1264587.46250772,246974.743024945,3.0,61709.89739003744,11.03019960853683
10842.0,1284903.52588852,192234.673080891,1.0,0.0,
10844.0,1280215.81413972,220734.37922208,3.0,256043.62686205443,12.453103126372199
10845.0,1271661.54257897,179142.750123486,3.0,277869.4539848931,12.53490669239847
10847.0,1283825.01919942,250657.762292713,3.0,30586.243563970504,10.32830563012656
10848.0,1283994.8275836,251179.812085256,3.0,813.5300441279528,6.701382857910688
10851.0,1279648.53081115,231736.628513336,4.0,168175.34396100848,12.032762428148194
10853.0,1275696.4202791,217387.207442641,2.0,132050.01678931018,11.790936044868854
10854.0,1275840.85995924,217383.73761864,4.0,438137.77302297007,12.990288690178769
10855.0,1256388.76368332,258055.492860287,3.0,96715.35493477678,11.479527458233582
10856.0,1256052.88937898,258062.287164301,1.0,0.0,
10857.0,1270844.97886613,249623.77483566097,3.0,82820.96424033867,11.32443649963428
10858.0,1279209.51596269,236980.116390705,3.0,99264.96915808658,11.505548009928331
10861.0,1275391.25919078,241925.637675777,4.0,299831.034188867,12.610974375600286
10863.0,1284641.32435225,209528.442634597,4.0,72658.89274149302,11.193531066758625
10865.0,1278728.5569862,218044.800275326,4.0,55367.73799641762,10.921752356470654
10871.0,1293160.75380097,185127.199729607,3.0,46591.99999999999,10.749184131556358
10872.0,1293147.62720896,184632.246321112,3.0,113986.46668946676,11.643835007079366
10873.0,1287633.44563532,192561.207225233,4.0,26318.219082951346,10.178016719128335
10874.0,1272923.00523625,228388.608605906,4.0,459849.4229849875,13.038654373540425
10876.0,1280173.04524368,212549.112397701,3.0,1181690.9316893097,13.982456963644298
10881.0,1277952.35116141,224827.540314272,3.0,187762.0554298688,12.142930777577623
10886.0,1260932.30583198,247423.319281399,4.0,146598.99610546816,11.895456220563139
10887.0,1278450.05720991,253272.311159387,3.0,88712.29538318746,11.393153776314444
10888.0,1273099.64990844,251528.57874161,4.0,304870.8181020812,12.627643418661805
10889.0,1273516.07851687,251653.371189743,4.0,173075.7032638426,12.06148436888532
10890.0,1281770.09580532,248571.113202587,4.0,185687.64736310256,12.13182122581274
10891.0,1271878.00113919,244826.348078743,4.0,117947.9608656248,11.677998796561113
10893.0,1270628.97144191,205464.470726445,4.0,101904.92575368832,11.531795557136615
10896.0,1285140.61862476,250492.66648455,4.0,181333.3591125371,12.108092379334687
10897.0,1267327.62865452,174595.248678833,4.0,674211.7431044598,13.421299499465562
10898.0,1277355.06136879,178149.08445847,1.0,0.0,
10899.0,1273007.60382834,190351.34155896297,3.0,4328.177710854092,8.372901880416734
10900.0,1272999.55499634,189704.62104630505,3.0,40967.76774492657,10.6205408839437
10905.0,1281365.4280289,228275.288349792,4.0,451368.50737861806,13.020039374380197
10907.0,1281425.74316496,229605.878495157,4.0,134212.5593477539,11.80718008593474
10908.0,1281432.36716497,229761.281759322,1.0,0.0,
10909.0,1274490.65170187,249145.658995166,4.0,1124698.527061424,13.933025581763287
10910.0,1282281.11839783,226422.6190999,2.0,107169.08160354308,11.582163068141007
10913.0,1272484.61406781,229321.029342875,4.0,133476.4694013245,11.80168048212086
10916.0,1295392.50036326,181868.662958279,3.0,730067.7173236356,13.500892572279346
10917.0,1278172.55871363,176011.376808286,1.0,0.0,
10918.0,1278169.50719362,175788.686952055,3.0,185986.98107413156,12.133431956020528
10926.0,1292765.77562457,187514.04901206505,3.0,105571.96188783158,11.567148102573796
10928.0,1272359.27998768,238662.463080436,4.0,194451.83348258628,12.177939768609052
10929.0,1272367.92037168,239074.720808849,3.0,152852.36843027384,11.937227822326664
10930.0,1281851.13503739,211881.493709013,3.0,5739.820348446329,8.655183190643731
10931.0,1282092.56825365,211877.535373002,5.0,108678.86714438185,11.596152639713246
10934.0,1279873.12223537,204973.895301938,3.0,93182.0,11.442309848973883
10938.0,1283506.21932709,255904.39020209,3.0,616169.8022788862,13.331277857580474
10939.0,1284077.97241569,255889.894202068,1.0,0.0,
10947.0,1266667.26609385,174597.346470833,4.0,655902.2418127824,13.393767035194545
10951.0,1287606.18489929,176853.767145142,2.0,170433.44351064248,12.046100138853767
10952.0,1277882.60524133,256592.303866789,3.0,1050441.3231105474,13.864720941553488
10954.0,1266806.42167799,249749.173875779,4.0,400015.4106947817,12.899258352084937
10955.0,1283069.88915065,253840.92319198,3.0,79639.47795081747,11.285265203043858
10958.0,1288807.26874052,187254.609523788,3.0,509673.2832484029,13.141525178333582
10959.0,1255514.58864243,248374.550962374,4.0,63420.74979880877,11.05754637077251
10960.0,1254856.19817775,248388.475442395,4.0,65980.2931176293,11.097111387295126
10961.0,1274877.43999025,230812.399712399,4.0,211233.11356781115,12.260717606250711
10968.0,1282358.41810992,175669.321383923,4.0,214767.7145350771,12.277312325548431
10970.0,1273545.00894889,223998.186329424,3.0,51629.43828511532,10.851847298192496
10971.0,1268421.61892764,244901.790510818,3.0,38510.78419590074,10.558693590037112
10972.0,1285447.33222508,255229.900089398,3.0,102495.59999995797,11.53757514980954
10973.0,1285514.72057715,193046.452281728,3.0,40061.23741334053,10.598164497742767
10974.0,1285462.2465931,192978.784121647,3.0,3915.31555651788,8.272651207097018
10977.0,1258245.05757323,250424.53899647304,3.0,458102.1259219496,13.034847420601785
10978.0,1272818.21675615,230443.180640012,4.0,620575.6715211993,13.338402828683058
10980.0,1268079.4568793,179184.269035533,4.0,375254.3793420078,12.835359419892653
10981.0,1276106.55039151,237326.858791068,1.0,0.0,
10986.0,1283189.87084676,201224.120962098,3.0,301275.8879932901,12.615781695342216
10987.0,1256899.44310784,249673.926323712,4.0,516635.6812730689,13.1550932266994
10988.0,1285030.00403266,205720.33210270095,3.0,82940.18103537247,11.325874916524931
10989.0,1285026.40627265,205568.583430544,3.0,154122.18016127613,11.94550094450869
10992.0,1272772.2175241,212344.355597481,3.0,192943.90392546172,12.170154772403235
10993.0,1272408.15685172,212122.288141251,2.0,106657.42054058988,11.577377299918691
10994.0,1272575.0407559,226262.022363737,4.0,614943.9500486752,13.329286404503087
10996.0,1281582.53778912,197282.097662061,4.0,462816.0384209996,13.045084928889167
10997.0,1274100.53342946,230831.454816416,4.0,177535.67348396903,12.086926845078834
10999.0,1272787.01534812,234773.945252448,3.0,60334.798499558114,11.007664305808051
11007.0,1270070.94110534,246201.116656154,4.0,677119.6216613536,13.425603230024986
11010.0,1262734.98231383,246346.732848302,4.0,841188.0680007916,13.642570538212686
11011.0,1265654.68318081,247279.21355325,3.0,68787.23528695886,11.13877347308816
11014.0,1283164.73510274,249872.621107906,3.0,263998.7016930067,12.48369946428684
11017.0,1282291.30604585,224742.100506186,2.0,18.999999999999982,2.9444389791664394
11019.0,1269180.10360043,246966.692208931,3.0,612090.1904412356,13.32463492063859
11020.0,1281012.76498854,248585.65125060096,3.0,7463.927457900216,8.917837023549112
11021.0,1281201.57401273,248581.991474584,3.0,7691.370155145612,8.94785422024967
11022.0,1274304.93195768,226765.595484257,1.0,0.0,
11023.0,1274303.53234167,226932.084956422,3.0,57936.02677550672,10.967094694161949
11024.0,1272939.07211627,229645.218975201,3.0,39536.36201276206,10.584976084721326
11025.0,1256976.11459592,255779.010553956,3.0,467541.1025886767,13.055242543821922
11026.0,1256982.44163594,256046.636986241,3.0,289782.0031239466,12.576884205918793
11028.0,1278598.58316207,222625.892824009,4.0,1034904.1617436038,13.849819383045032
11031.0,1285169.3442568,200222.566849068,2.0,1447.1598831253964,7.277358213357868
11032.0,1269857.00811312,218943.871316239,3.0,358808.35555513547,12.790543696396005
11035.0,1286881.49933055,205134.769670099,1.0,0.0,
11040.0,1283575.59974316,199251.621312082,3.0,1232879.0762629278,14.024862704557574
11041.0,1267962.76843117,230137.883999705,4.0,307676.4689750968,12.636804084466766
11042.0,1268283.9938395,230129.839391693,4.0,605958.615678916,13.314566971760634
11043.0,1255510.07190643,248109.249650106,4.0,72868.68089974533,11.196414208397359
11050.0,1277856.3884093,254109.86956025695,3.0,112172.13487688232,11.627789888970254
11051.0,1287779.09267546,189563.77189415705,3.0,85156.61554573993,11.352247375917763
11052.0,1258697.75939769,259622.0920939,3.0,74127.13571374147,11.213536948211994
11053.0,1258294.57226127,259619.667261899,4.0,87127.78326217763,11.375131093172978
11056.0,1276162.86130357,217375.700242639,4.0,120221.38785966585,11.697090220859124
11057.0,1282691.41190226,212542.845069692,3.0,84970.85352289269,11.350063576938224
11060.0,1280279.78879578,199891.508160725,1.0,0.0,
11061.0,1284149.12876776,193420.849530101,5.0,128071.62520183288,11.760344958289103
11062.0,1284403.42944001,193062.934201732,3.0,122325.4481989508,11.714440380151844
11064.0,1281214.08217275,222890.359448284,1.0,0.0,
11065.0,1281315.50783685,223024.56456841496,3.0,93182.0,11.442309848973883
11070.0,1280987.26962851,215884.81902511403,3.0,57009.74849296558,10.950977558385754
11071.0,1273960.91915733,203854.235140786,3.0,36400.59566983117,10.502340418046735
11072.0,1274064.45669343,203878.96832481,3.0,34161.34267218322,10.43884995252185
11074.0,1275300.93618269,252119.616950214,3.0,705.1643804215369,6.558430939352325
11075.0,1264775.71447591,245633.999983579,2.0,270.89199279461167,5.601720190863924
11076.0,1254254.44419314,252317.770102412,4.0,50826.34414311133,10.836170084641903
11079.0,1269301.29924855,174583.37866281,4.0,900565.3821270351,13.710778047433314
11080.0,1289750.42797349,189866.305782467,3.0,30296.917547907804,10.31880125523035
11082.0,1274385.09848575,195243.946875975,4.0,522945.23535220674,13.16723202504464
11084.0,1262138.29520921,246359.414896309,4.0,1036735.4616030928,13.851587354960477
11085.0,1286048.5495697,244555.770862475,4.0,249489.38944000943,12.427171665974848
11086.0,1286104.16851376,244629.055150539,3.0,86312.43601173717,11.365728968795684
11087.0,1258189.83587717,247766.170609757,5.0,95731.29261413644,11.46930051055619
11095.0,1256936.67139588,259255.24178952,1.0,0.0,
11096.0,1256556.8398435,259265.827709526,5.0,1203070.2847138853,14.00038741778374
11100.0,1272027.28030734,243975.878957868,4.0,171022.26277252616,12.049549018662798
11106.0,1265982.02308515,176764.979945049,3.0,145306.28062834236,11.886599073870869
11109.0,1280654.98060417,218739.101012036,4.0,84351.51041521561,11.3427479943368
11110.0,1280631.96492416,218413.402835697,4.0,181588.10151881407,12.109496222731936
11111.0,1295209.86157908,182849.661679283,1.0,0.0,
11112.0,1295734.82049161,182799.831727237,4.0,1066270.5420597058,13.879677643309085
11115.0,1263706.98660281,245022.124590948,3.0,45532.52748307729,10.726182239265055
11116.0,1278875.76300235,223275.284568682,4.0,1531088.323763444,14.241489363219724
11117.0,1284073.83795168,205868.601542845,3.0,131923.86541986046,11.789980258046327
11118.0,1279868.03404337,204655.078021616,1.0,0.0,
11119.0,1268929.62705617,208984.247178048,3.0,405604.7042017689,12.913134329322446
11123.0,1272724.71762006,222126.453207508,4.0,67250.76395088133,11.116183657263969
11125.0,1278448.82034591,252610.72715871,4.0,768368.1868135788,13.552024307163105
11128.0,1272585.21982791,257412.270395637,3.0,1598564.9523758113,14.28461687998515
11131.0,1286386.18931404,250326.038836375,2.0,506.3178335028506,6.2271646015490045
11132.0,1270039.10974531,216629.62491387097,3.0,196570.01968508,12.18877398109469
11133.0,1270269.18443353,216626.230929866,3.0,154123.8291371104,11.945511643598278
11134.0,1256888.18070784,249142.16689916,4.0,123811.83290843177,11.726518215508626
11137.0,1279153.30809064,219120.76136443004,3.0,1513992.2031411286,14.230260563125537
11139.0,1284056.91411166,210865.688971967,1.0,0.0,
11140.0,1271584.19134688,256656.394938856,3.0,619411.4243651537,13.336524990595825
11141.0,1281746.28025329,246579.971888542,4.0,312558.86488142546,12.652548098040201
11142.0,1278366.87589782,238181.109095946,2.0,172182.41518206763,12.056309747190275
11143.0,1278368.90808983,238270.397608027,3.0,219234.5694866656,12.297897529133635
11145.0,1271690.527731,236566.634598285,1.0,0.0,
11148.0,1284993.37779261,203842.173124775,4.0,573471.0032980366,13.259462653328304
11149.0,1285398.80838503,243218.306349099,3.0,147752.27739283338,11.903292348975837
11151.0,1276212.14994362,212887.196430042,4.0,273611.85904251144,12.519465808244812
11152.0,1271104.2470904,222450.768791839,6.0,357337.48069295083,12.786435938294261
11153.0,1276808.13759224,214890.001424089,4.0,87467.6541362506,11.379024336987733
11158.0,1286125.57664178,243589.405677482,3.0,171658.19723836437,12.053260553285131
11159.0,1276715.88741614,251981.190390065,4.0,320555.4450226867,12.677810535771483
11160.0,1276719.23423214,252643.61951075503,3.0,104815.5925789555,11.559957823952153
11164.0,1273940.0091413,246097.733680055,4.0,1366273.2698370663,14.127597350230547
11169.0,1270709.14878599,194387.955195099,3.0,245014.49649844065,12.409072657157816
11175.0,1272564.08568388,255416.918777585,4.0,120089.44535182662,11.695992122039906
11176.0,1272893.96856423,255406.725881577,4.0,61809.38804995549,11.031810542102052
11177.0,1269208.36830445,206953.177415967,4.0,187555.49451773957,12.141830051363176
11178.0,1269527.31128077,206947.111815959,3.0,341489.70138843014,12.741072800549759
11179.0,1262203.59722528,251006.566709071,4.0,868521.021774592,13.674547069061896
11180.0,1262210.55127329,251651.098229736,3.0,676793.1544564025,13.425120972649125
11181.0,1277130.89055257,203345.558660269,3.0,762433.5976708791,13.544270698649784
11183.0,1285266.24006489,254313.670328453,4.0,17677.368776943447,9.780040500282604
11184.0,1285265.43232089,254601.16844075904,3.0,47.16666666666666,3.8536874284151823
11186.0,1273827.77643718,242289.019180149,3.0,110303.79067186778,11.61099357157643
11187.0,1274087.65285344,242293.41022014603,3.0,125577.00769387143,11.740674456496581
11191.0,1283884.95020749,203860.11635679,4.0,219436.54538150283,12.298818382603418
11192.0,1284316.42572792,203853.032388791,3.0,160355.43695933966,11.98514811137117
11193.0,1277573.89816903,230132.074335694,3.0,408100.1136691759,12.919267799926512
11194.0,1270008.95659328,215109.685712323,4.0,328400.9880220771,12.701990665149298
11195.0,1268016.98948723,251812.296373904,3.0,415333.3432133953,12.936836713449697
11196.0,1275509.4961189,254001.74079214,4.0,645463.8293157774,13.377724452556711
11197.0,1275527.18904692,254667.069176823,3.0,202727.3622810338,12.219617312382843
11201.0,1264042.39146717,179171.052523509,2.0,14.666666666666664,2.6855773452501515
11208.0,1285165.24064079,193246.895801932,3.0,54727.45949822355,10.910120864245002
11209.0,1271168.95563446,232928.262626559,5.0,353501.38643959165,12.775642686346693
11210.0,1270923.04664221,256676.489722878,3.0,334232.93715026934,12.719593445494453
11215.0,1277612.39679305,214130.25134331,4.0,183260.7640403576,12.118665357671038
11216.0,1277885.99794534,256260.422970459,3.0,646461.0202066107,13.379268181805724
11220.0,1268203.63051142,252482.685750589,3.0,17008.03939761774,9.741441416995894
11221.0,1254233.07120112,251327.704501405,4.0,681997.2158699064,13.432780854515077
11222.0,1264469.5169076,250310.615988359,4.0,117092.88963287874,11.670722827271527
11223.0,1278710.89561018,248347.313778356,2.0,46592.0,10.749184131556358
11224.0,1280613.17100413,211903.546765029,4.0,188009.64023303436,12.144248518332713
11227.0,1273293.81944464,178779.700971112,2.0,46592.0,10.749184131556358
11228.0,1273308.06418066,178779.700971112,1.0,0.0,
11229.0,1285884.15910552,205427.201798394,4.0,2219.904662707435,7.705219529217794
11232.0,1274291.64062966,249150.97297917295,3.0,448332.0055835945,13.013289320822
11233.0,1276856.62271228,206255.209991246,3.0,26133.81938025768,10.170985516231784
11234.0,1276829.56402425,205848.437510833,2.0,0.0,
11235.0,1275172.40101457,216426.517393664,4.0,118940.1149299564,11.686375409545274
11236.0,1280620.72473215,205289.343174264,4.0,906629.6429655356,13.717489313805817
11237.0,1284424.90348804,194408.264827117,2.0,185808.38963441263,12.132471258456627
11239.0,1257442.69104441,258007.470652238,1.0,0.0,
11240.0,1274531.32024591,226606.018012092,4.0,222818.5329842176,12.314112965731198
11241.0,1276316.62475973,213263.997134432,4.0,533530.4363975639,13.18727139851381
11242.0,1276387.4576558,212883.729870036,4.0,158981.9040652739,11.97654566381519
11248.0,1270727.11627401,245917.13591986903,3.0,185536.15857988843,12.131005066993193
11250.0,1284962.02150458,246899.245168865,2.0,99635.59524935544,11.509274761748587
11251.0,1282548.74847811,253191.760503307,4.0,218388.2010986489,12.294029497119938
11252.0,1268279.88689551,257664.711163893,4.0,135846.3951203306,11.819280078766901
11253.0,1268044.51761526,245178.839471102,4.0,236002.46191777632,12.37159751580832
11254.0,1277396.98348084,204749.068997711,1.0,0.0,
11255.0,1277687.53605713,204741.226501703,3.0,213895.28230197396,12.273241839203022
11256.0,1276036.22149545,215162.625872374,4.0,66726.91692080299,11.108363702534518
11257.0,1276029.38616744,214909.228432104,3.0,47230.54600655683,10.762796123411034
11258.0,1275435.56095083,213281.77076643697,3.0,34727.54853598087,10.455288556894377
11259.0,1277376.46188082,223912.838745326,4.0,126996.9215554494,11.751918125426071
11268.0,1270047.86366531,179164.754667506,4.0,602061.4001046211,13.308114712619243
11269.0,1270034.1796333,178511.615850836,3.0,53797.45183058086,10.892981381284327
11270.0,1285434.40147308,246513.435568467,3.0,224741.8334938801,12.322707615717661
11271.0,1280112.45311561,221984.208407357,4.0,72123.76412098033,11.186138868425884
11275.0,1280363.40933987,205965.997318953,4.0,311297.0844077703,12.648502990525802
11279.0,1275528.69067892,205379.227846354,4.0,62468.48892172871,11.042417531332065
11285.0,1266168.73662134,244060.580909967,4.0,125763.62997724768,11.742159471569366
11286.0,1285066.36288069,196009.797052756,1.0,0.0,
11288.0,1272232.58833955,232270.672417894,4.0,455501.7456389746,13.029154828032599
11289.0,1272219.52734753,232584.205538213,3.0,1250031.5215558277,14.038679326205196
11293.0,1280711.52806023,183001.976943433,2.0,73105.09638311455,11.199653361270949
11294.0,1281416.44921295,182991.090863422,3.0,302417.0261648908,12.619562225157862
11297.0,1266473.65822165,241782.644523636,1.0,0.0,
11298.0,1269298.08798455,242591.631724462,1.0,0.0,
11299.0,1269221.69214447,258169.66553241,4.0,445014.47110186215,13.005862079949663
11302.0,1280965.99833249,224145.245721564,4.0,1199384.4432777048,13.997319019211973
11304.0,1258908.0241019,251546.218805626,3.0,49000.3437412031,10.799582592194751
11305.0,1258641.22870964,251550.793269634,3.0,7509.681238326763,8.92394829889422
11308.0,1277686.49176913,223301.128984705,4.0,185886.47043198065,12.13289139231967
11310.0,1274821.66322219,249136.940147161,4.0,1342653.658721491,14.110158555963661
11311.0,1275241.79557464,249128.648819149,4.0,1572733.4708765417,14.268325727681637
11312.0,1272608.38251594,215058.128400266,3.0,74376.18449755,11.216891068738592
11314.0,1265572.76996472,243631.016493514,4.0,707455.9191609222,13.469430601485586
11315.0,1280337.09605984,229632.536927193,4.0,153982.64523674778,11.944595181777531
11321.0,1283209.33542278,257429.582395658,1.0,0.0,
11322.0,1266601.86302179,256255.264186442,4.0,98257.93716330928,11.495351311845738
11323.0,1264974.99063613,258271.768380508,4.0,242469.28610694947,12.39863032610915
11324.0,1278215.42021768,207195.395144209,3.0,22767.9247083394,10.033108013417078
11327.0,1273948.84606931,203360.401156291,3.0,55725.64348149811,10.92819570563465
11331.0,1274130.3059735,248215.536178216,3.0,137585.31631774662,11.83199948598009
11332.0,1274803.47621419,248195.333490193,3.0,30854.15067029917,10.337026563891108
11333.0,1253833.80521671,249590.130547628,2.0,21015.26736911662,9.953004470133283
11335.0,1270054.45163332,217404.566290662,4.0,293026.9697474599,12.588019930682805
11336.0,1275840.27794324,205850.733126834,3.0,355747.3551963419,12.781976081479886
11337.0,1281547.54905309,197566.86547035,1.0,0.0,
11338.0,1287930.41453162,186982.756083518,3.0,157570.18266369603,11.967626242209693
11339.0,1253871.39932875,252054.357558146,1.0,0.0,
11341.0,1270091.11262536,246997.91064097,4.0,1364237.0687657502,14.126105906363827
11342.0,1270754.10110603,246984.698096961,4.0,1096440.300761322,13.907579400087771
11343.0,1280514.70431603,249920.09349195697,3.0,51836.16401999868,10.855843331760475
11344.0,1280283.58994779,227849.585437357,4.0,278533.16113351693,12.537292401758515
11347.0,1271606.94059491,236398.259622112,3.0,53601.69620221194,10.889335992121838
11352.0,1280842.28831637,255181.299833342,3.0,396845.5673078411,12.891302484764921
11353.0,1281008.09305254,225644.292635098,4.0,229796.8386964429,12.344950887541692
11354.0,1284223.13062383,198001.791102797,3.0,258074.31282778675,12.461002856646092
11355.0,1284884.3363205,197988.770814776,4.0,612412.7181359509,13.325161710244258
11357.0,1272379.14481971,194361.13925907,4.0,138094.30079684927,11.835692069877085
11358.0,1285226.16108885,206946.812935963,4.0,981040.7720186468,13.796369299374609
11359.0,1260625.00887166,251047.756917119,3.0,90485.47794995154,11.41294465217077
11360.0,1276758.43589619,215409.381648615,3.0,14466.37512912461,9.579582278852667
11361.0,1276837.24511227,215407.498448625,3.0,38876.51842037817,10.568145707763849
11362.0,1285547.29363318,248494.827634498,3.0,66477.96360619956,11.104625797384472
11363.0,1286501.85670616,204058.618564993,1.0,0.0,
11368.0,1278630.20281009,225228.875802681,4.0,423918.03395007696,12.95729539937064
11369.0,1278612.09260209,225597.969179049,4.0,457732.7939399261,13.034040873495893
11370.0,1281928.12473348,199274.771200106,4.0,410734.628150591,12.925702611341869
11371.0,1281924.51385348,198954.88371177003,3.0,540852.8519338728,13.200902528103372
11372.0,1259155.36119016,250413.873972461,3.0,96173.3157136047,11.473907214741434
11376.0,1269741.661553,213135.524622291,4.0,404644.2701652395,12.910763614846427
11377.0,1272058.66117138,210135.76519522103,3.0,180801.8294993511,12.105156845801357
11378.0,1274087.30706145,219309.453908622,1.0,0.0,
11379.0,1278848.48882632,238169.544423923,3.0,27880.0389055394,10.235666260337597
11380.0,1257666.90909263,256416.52633062,3.0,644017.4968316888,13.375481173710726
11381.0,1282318.29190187,209153.049034223,4.0,129206.36725209272,11.769166151253254
11383.0,1269959.08600122,194940.989179656,1.0,0.0,
11384.0,1270204.71313748,194942.155835658,3.0,175639.05534130038,12.076186346280982
11385.0,1272552.03947587,194998.026171714,3.0,440373.2573433828,12.995377958425111
11386.0,1272897.29598823,194964.70796369,1.0,0.0,
11387.0,1275308.6277667,212142.924621284,3.0,46759.58964445337,10.752774639765919
11388.0,1262736.86717783,251641.821941718,3.0,69831.89272513072,11.153846100229028
11389.0,1271482.59838678,211044.940236151,1.0,0.0,
11392.0,1269720.33022498,241872.672555715,4.0,331080.6009812882,12.710117132212401
11394.0,1273540.20773289,226122.090523586,4.0,943807.997353756,13.757678031806817
11395.0,1266462.81706963,227220.091932714,3.0,99716.60275498353,11.510087469217055
11399.0,1263270.21649037,252445.450294554,3.0,996066.5080535876,13.811569309491578
11403.0,1273402.00856474,245884.666159824,3.0,453587.9798291785,13.024944531549805
11408.0,1277719.84639317,247393.796657369,3.0,49459.42467105398,10.808907908800998
11409.0,1272367.12645169,224716.54383415,4.0,723243.6615116864,13.491501458903244
11411.0,1281775.16537333,251222.585269302,4.0,90539.3521160708,11.413539865188676
11412.0,1281775.19686133,251569.609205648,1.0,0.0,
11413.0,1281608.58764514,205561.412486538,3.0,6393.440479768595,8.76302781871678
11419.0,1256248.45955518,252410.475638509,3.0,45706.8467815233,10.730003385825
11420.0,1267334.27499053,243934.424301833,4.0,266932.2215504978,12.494750053285753
11421.0,1267490.3189587,243931.112301826,4.0,392825.31397531606,12.881120298333304
11424.0,1278187.66367365,232080.075681686,4.0,247370.1998171767,12.418641278238281
11425.0,1278498.67845796,232044.882465661,4.0,116713.24169033824,11.667475279621199
11428.0,1275103.1137825,217913.92910718903,3.0,325171.57793002576,12.692108254097143
11429.0,1275369.88683876,217907.066579178,3.0,99541.9330474163,11.50833427202925
11430.0,1282008.34367757,254867.342393026,1.0,0.0,
11433.0,1266787.32983798,248969.477938995,4.0,246625.40670565877,12.415625892408842
11434.0,1279096.40729058,207595.355912626,1.0,0.0,
11437.0,1283160.83353475,249520.616243556,1.0,0.0,
11438.0,1273754.39730111,196211.960700959,5.0,548007.974071312,13.214045117049306
11444.0,1277077.52120851,206889.0492879,4.0,105125.96306498804,11.56291455837467
11447.0,1275142.01163852,242892.369644761,4.0,149555.21854970136,11.915420958465669
11448.0,1275426.92677481,242883.221676752,4.0,112436.59357596796,11.63014472907923
11449.0,1273565.19422892,256384.399418578,4.0,54245.03690209532,10.901266781541974
11454.0,1271813.80209912,227999.639581516,4.0,502113.4142551011,13.126581297967657
11456.0,1285992.42828964,195700.318012446,3.0,1365632.3790596062,14.127128160681869
11457.0,1272386.5627397,252616.91781471705,3.0,20582.285919700484,9.932186078035068
11458.0,1281113.81663664,194661.737083375,1.0,0.0,
11459.0,1280131.40357964,246765.568304732,3.0,5914.833443940735,8.685218617764258
11460.0,1275889.19058329,228787.433630317,4.0,139431.71397939412,11.84533025487256
11461.0,1270289.58827356,178509.355690837,2.0,32710.61161336716,10.39545481841226
11464.0,1278212.53503367,219276.312916577,3.0,55503.13749755376,10.924194829624136
11465.0,1274823.4387742,214588.642767787,4.0,353850.71170374186,12.776630384816707
11466.0,1286812.31014648,200840.643073708,3.0,642322.293403372,13.3728454713519
11467.0,1262977.32170607,256208.449658394,4.0,95052.75873605678,11.462187371546483
11468.0,1289137.51610085,188618.211829185,4.0,48327.6385969646,10.785758903661263
11469.0,1276862.0705203,219807.536533132,3.0,86720.38309508994,11.370444234273148
11470.0,1268731.10647996,240459.635050267,3.0,89884.46493185582,11.406280401654831
11475.0,1285095.68102472,248350.498802349,3.0,90727.50143137744,11.41561580327878
11476.0,1273045.22578038,194244.598522946,1.0,0.0,
11477.0,1292498.19277631,184362.861744836,3.0,42690.10060627187,10.661722336419924
11478.0,1273152.40798849,240212.100714013,4.0,176534.2535547518,12.08127020765786
11479.0,1280612.31897213,203282.820612207,4.0,128099.87593219194,11.760565519361265
11480.0,1286009.14112166,199526.096832365,3.0,2217.8144564186746,7.7042775108578105
11481.0,1286242.10790589,199525.03942436,3.0,225431.10774488805,12.325769882355672
11487.0,1270091.17361736,244477.562670395,4.0,164933.4059925204,12.013297071368967
11488.0,1272817.68325216,227117.055708617,3.0,103600.43658192524,11.548296822909888
11490.0,1261359.03133641,172895.371877089,3.0,1025959.5919963106,13.841138919918091
11491.0,1261338.1550484,172439.712036625,1.0,0.0,
11492.0,1268322.33105555,176285.918888554,1.0,0.0,
11493.0,1277516.68735296,251971.603126064,4.0,382345.07503041415,12.854078817600644
11494.0,1275575.47301497,221145.92399050304,3.0,104004.43653015382,11.552188836157429
11497.0,1276503.49906392,227494.857501,4.0,109868.33909995315,11.607038010623835
11498.0,1272969.32734831,235505.642277196,1.0,0.0,
11499.0,1258190.35786118,257819.10290804497,3.0,46226.00203807291,10.741297733425954
11501.0,1268255.30097547,226024.44207549104,3.0,23780.587538887117,10.076624877209827
11502.0,1267940.17534316,226311.38805978,3.0,25783.76266300661,10.157500218636224
11512.0,1271323.20069061,226479.993691966,2.0,12230.074731620663,9.411653339179365
11513.0,1268255.51556748,225900.589659363,1.0,0.0,
11517.0,1261531.0634646,250357.387188405,3.0,95277.499839483,11.464548963545136
11521.0,1264234.21687536,250965.089397028,4.0,689770.5781301828,13.444114325821067
11522.0,1287276.09760295,205657.82765463,1.0,0.0,
11527.0,1272847.22360417,200322.93152117697,3.0,39070.25607835403,10.573116742375065
11529.0,1276442.09861585,225279.036442727,4.0,1004427.4145840018,13.819928200381332
11534.0,1261306.61802436,169689.730657801,1.0,0.0,
11535.0,1278762.89221823,177114.625257403,3.0,161807.76328403622,11.99416426319737
11536.0,1278733.21772221,176452.691176727,4.0,295667.95988010324,12.596992346503907
11538.0,1283647.05862324,192902.658937573,1.0,0.0,
11542.0,1258913.58250192,251865.885813951,3.0,15239.832808206414,9.63166785859033
11543.0,1258646.78186163,251870.24734996297,3.0,39419.228854327,10.582009018220264
11545.0,1283537.44300713,193152.582969829,1.0,0.0,
11549.0,1285220.99840085,206522.03328752503,3.0,27079.492175129864,10.2065319740856
11550.0,1275896.97765531,255323.09215349,3.0,55359.065546390426,10.921595710567992
11553.0,1278316.87928978,235839.313253537,2.0,48.2191298897181,3.875755827997065
11554.0,1275376.94719078,218327.318035617,2.0,46592.0,10.749184131556358
11556.0,1290264.47808601,171603.20905976,2.0,42825.83105608284,10.664896728867026
11558.0,1291096.34195887,180576.429356948,3.0,635820.473228835,13.3626715276778
11560.0,1269969.65944123,213131.021390289,4.0,599726.366941517,13.304228775076057
11561.0,1270199.07864147,213126.443278283,4.0,226428.10201286612,12.330182743106757
11564.0,1281764.65522932,203914.41907684496,3.0,43563.74073779135,10.681980448883023
11566.0,1265629.69534078,246283.27691224203,3.0,142018.12748089267,11.863709986751914
11567.0,1265632.71569279,246402.388912365,3.0,365947.1101270351,12.810244094091606
11571.0,1266813.15691,250019.114292055,4.0,70353.10344787936,11.16128217596724
11572.0,1268644.53086388,245167.467119098,5.0,721070.7951676246,13.488492601693098
11577.0,1282852.61497442,256187.500858381,3.0,32665.762528356405,10.394082790898189
11579.0,1280433.08108395,230481.840352058,4.0,57817.26419730159,10.965042698596559
11580.0,1272730.97778006,225998.593051463,4.0,718098.1344052803,13.48436151613553
11581.0,1285438.78368108,192643.282169312,3.0,31705.768922875883,10.364253928256886
11585.0,1273705.98763706,194639.76831536004,3.0,60330.06629954976,11.007585870382485
11588.0,1281090.28089263,181713.39031811096,3.0,9905.783085420093,9.200874015615893
11589.0,1274211.39832558,192133.106680781,4.0,1524404.7534922564,14.237114566247943
11590.0,1276552.18501598,179094.849259436,3.0,416183.0796474417,12.938880537736216
11591.0,1287827.38323551,192679.53407335296,3.0,166657.47644681396,12.023695945896764
11592.0,1270475.69784175,247526.047089517,3.0,30858.27706484412,10.337160293666535
11593.0,1279508.059323,218023.683475301,4.0,1414933.468702932,14.162593069369567
11596.0,1285071.1912327,251156.28882122,3.0,29596.716724193084,10.295418712679947
11597.0,1280474.20735599,225363.512346819,4.0,222078.55040357888,12.310786428917867
11599.0,1271560.83576286,230882.564256474,3.0,898291.1254518374,13.708249487898586
11602.0,1259731.64611875,261707.958336025,1.0,0.0,
11603.0,1264845.21495599,168989.919393092,3.0,93182.0,11.442309848973883
11604.0,1264784.81745192,168728.460576817,3.0,153981.78349720262,11.94458958541987
11609.0,1264645.05297178,258279.521276519,4.0,48009.41298598697,10.779152374538905
11610.0,1277629.56344907,205462.087558433,4.0,388572.878098733,12.87023601961106
11611.0,1277873.83621733,205448.38125442,3.0,180189.7659984909,12.101765830082417
11612.0,1265191.41834834,248966.415922984,3.0,161772.21999341072,11.993944575376087
11613.0,1279627.68345112,210965.509964079,3.0,519181.3030627954,13.160008432673518
11615.0,1282049.95026961,254763.283256918,1.0,0.0,
11617.0,1262186.27805726,250348.599796399,4.0,1029913.3278584268,13.844985208954936
11618.0,1276418.01042384,247356.41912134,4.0,121571.61769840088,11.708258814185012
11619.0,1276423.15768784,247686.815793678,4.0,187903.62498018125,12.143684477286682
11630.0,1285097.07078472,200224.50585708,2.0,43948.34156455238,10.690770167806415
11631.0,1281785.07871734,249897.507891938,3.0,66323.75456145054,11.102303401015094
11632.0,1278364.71122582,237267.919975013,4.0,389098.2586601442,12.871587183661022
11633.0,1259980.84087101,252347.716918454,4.0,148398.02616601993,11.907653308858901
11634.0,1259716.87946273,252352.294326454,4.0,238882.96129852225,12.383729009290798
11635.0,1270086.73860936,200196.757569045,1.0,0.0,
11637.0,1285238.46681687,242365.14398022,1.0,0.0,
11638.0,1285166.05132879,243012.774572894,3.0,46689.99999999999,10.751285287964983
11639.0,1269493.59640074,258162.851900399,3.0,70752.23585425243,11.166939417186391
11640.0,1269501.01700875,258824.326333076,4.0,1319513.8490333052,14.092773930537966
11641.0,1274124.73285349,247955.838833943,3.0,74188.49451860829,11.214364356736251
11642.0,1261423.79172048,261763.853888094,3.0,49395.84256569026,10.807621541045215
11644.0,1270151.38609742,169708.723681822,1.0,0.0,
11645.0,1270190.30731346,169653.84982577,3.0,107878.75826921249,11.588763266890911
11647.0,1293128.93204094,183941.697200403,4.0,269244.89944983914,12.503376651291717
11648.0,1262070.81175314,176387.026920661,3.0,28100.758726717784,10.243551855908128
11649.0,1261822.36964089,176396.77956067,2.0,5.999999999999999,1.791759469228055
11651.0,1284985.01427262,203380.910276309,3.0,257085.84784459407,12.457165346404796
11652.0,1285663.2648973,203374.507716298,3.0,92912.5909509305,11.439414447921061
11655.0,1268083.0847833,240626.051370442,4.0,817188.5844293445,13.613625172700948
11656.0,1271306.0517626,255414.085433587,1.0,0.0,
11657.0,1278415.63468188,234089.338723749,5.0,258578.7869932593,12.462955711766755
11660.0,1274636.34399001,221165.941654518,2.0,43398.09230579279,10.678170763034675
11664.0,1254178.36918506,248804.336498812,4.0,503230.2053718244,13.128803009140423
11665.0,1262403.96759349,256216.232122406,4.0,303232.25551813724,12.622254310727033
11666.0,1277349.38552879,222637.010200024,3.0,107088.90832414616,11.581414687339285
11667.0,1277494.35013694,222633.776344016,2.0,1314.4464488991373,7.181170904579449
11670.0,1274214.08568558,255106.154297277,4.0,114081.80516948778,11.644671059238636
11671.0,1274877.26021425,255086.51948125695,3.0,195689.91470919724,12.18428661761165
11673.0,1258644.01738164,251710.708981797,3.0,61331.099441154685,11.024042325104624
11674.0,1286960.38137864,202145.726403043,1.0,0.0,
11675.0,1284944.46707256,209025.335050091,1.0,0.0,
11676.0,1258655.42160565,252369.712246463,4.0,76324.98900305202,11.242755673522518
11677.0,1264017.17265114,211849.616140977,1.0,0.0,
11678.0,1264011.43089113,211692.24769282303,3.0,74858.5557071374,11.223355688020064
11679.0,1276795.89778422,212100.87674923203,3.0,373964.6954291803,12.831916674692787
11686.0,1272921.33861226,225044.454234496,4.0,523163.13379402726,13.167648613710591
11687.0,1271203.5769465,250693.16869275304,3.0,127531.79380280765,11.756120975654069
11688.0,1264472.9043636,245016.94545494,3.0,132884.43888232217,11.797235148924315
11689.0,1265528.30711669,241624.473899469,4.0,1714273.8130323386,14.35450011627506
11690.0,1265544.2595007,242319.539116174,4.0,1471592.2495940032,14.201855535546267
11691.0,1272020.82597134,225933.920283407,4.0,741208.5831728677,13.51603735343
11692.0,1272297.95365162,226097.990811571,4.0,700301.9088367694,13.45926681938139
11701.0,1285612.36864126,200869.636097729,3.0,419522.2065794791,12.946871739315473
11702.0,1286335.21036999,204606.744453564,4.0,288002.6535060287,12.570724972638239
11703.0,1286477.34854613,204603.211013556,3.0,277673.7038904819,12.534201976303105
11704.0,1260302.63741533,248268.409778267,4.0,157743.15635078,11.968723396583028
11707.0,1280693.56908421,223913.671705335,3.0,40587.45506325288,10.611214309253183
11708.0,1269062.5854563,242236.4021561,3.0,27575.871820721142,10.224696459967198
11709.0,1269064.57169631,242316.576812178,3.0,37624.806739913285,10.535418865557276
11710.0,1277293.92991273,181727.193454131,4.0,389850.6195294775,12.873518917884816
11719.0,1274552.99147792,217415.050834671,3.0,65792.56447646779,11.094262109050826
11720.0,1274545.15192592,205673.935878649,1.0,0.0,
11722.0,1280882.28524441,200834.366529703,3.0,23298.666666666664,10.05615141330982
11723.0,1280996.33030052,200704.273281559,3.0,96180.2436919329,11.473979248535377
11725.0,1274883.43736626,231625.060833231,3.0,76025.6756402236,11.238826399585637
11727.0,1254721.35171361,254425.980792582,3.0,46742.15238095238,10.752401657117137
11732.0,1278772.41874625,219732.205973044,4.0,126627.36509713987,11.749003919340145
11733.0,1278766.79705024,219412.050772727,3.0,109813.10727351274,11.606535175008757
11736.0,1270186.76862545,169489.9938256,3.0,74550.57027981975,11.219232969792328
11737.0,1277743.42111319,175792.81687205998,3.0,346377.0064930354,12.755283074982959
11738.0,1269514.37720077,244880.823022798,3.0,51757.75279696937,10.854329512408667
11741.0,1271816.72139512,242709.637740582,4.0,312698.41997669265,12.652994490592402
11744.0,1281540.65599708,256218.548026413,4.0,130294.9122144932,11.777555715646782
11745.0,1282056.94726162,209904.451402992,4.0,207728.12870477897,12.243985430183043
11748.0,1287606.06777929,203183.368068099,4.0,65908.69050805914,11.096025585969851
11749.0,1288027.72013173,203539.663940474,3.0,31235.85005930168,10.349321754518185
11751.0,1281023.83385256,249254.074483275,4.0,164961.47474065414,12.013467239200242
11752.0,1279485.44223498,201368.930050239,4.0,201147.2371688593,12.211792442105178
11753.0,1259380.50480638,258397.983996645,1.0,0.0,
11754.0,1263015.76490611,172659.638372853,3.0,204707.33756449228,12.229336616461234
11755.0,1261983.09175305,260682.545342982,1.0,0.0,
11756.0,1263311.32106641,172646.985892832,3.0,31807.59279121732,10.367460307287372
11762.0,1277698.40549715,223905.75900133,4.0,95518.37660843342,11.467073933176662
11764.0,1278167.51672962,231511.486881107,4.0,248536.0777285344,12.423343295987108
11765.0,1262159.88240923,247397.246449381,4.0,209163.0983796525,12.25086960163494
11766.0,1262165.91031325,247680.161585674,4.0,204470.7433351473,12.228180179854501
11773.0,1281504.68754904,254520.262712672,3.0,126612.52209496545,11.7488866945036
11775.0,1262751.96848984,247128.984881103,4.0,260866.33342846044,12.471763422662207
11776.0,1274223.46590959,217119.83457838,3.0,55634.046546130536,10.926550640782157
11777.0,1274214.41144557,216759.719186008,2.0,12723.102519634582,9.451174715929508
11780.0,1283620.1967992,203033.084867954,4.0,42475.48069827673,10.656682263680961
11786.0,1281852.8528614,186474.289906994,1.0,0.0,
11787.0,1265974.16183715,258908.988861173,4.0,215119.89985813232,12.278950825426332
11789.0,1270935.40984222,240398.22634621,3.0,111533.34913768538,11.622078920567446
11792.0,1269808.11780907,244875.356526792,3.0,30804.51253858595,10.335416469223029
11794.0,1273364.06341271,236835.789926559,3.0,228354.95874531684,12.338656533925064
11795.0,1262364.29930544,259166.429949433,4.0,637305.5634961547,13.365004511055831
11796.0,1262372.15920946,259664.706173941,4.0,426548.73418184585,12.963481904759693
11797.0,1276147.98501556,214906.489936113,3.0,80047.06057028586,11.290369997829192
11798.0,1280415.84786794,207961.22164098904,3.0,106335.70838996032,11.574356428805167
11799.0,1277748.6586812,248830.143218845,3.0,649692.117653633,13.384253864508791
11800.0,1278855.39596233,213805.763150975,1.0,0.0,
11801.0,1283495.45785508,249866.609331906,4.0,408945.44019827264,12.921337028078394
11806.0,1267967.21758318,251552.218165636,3.0,297830.01584935834,12.604278186125201
11809.0,1267093.23243029,228823.361374363,4.0,274753.9742157442,12.523631337004726
11810.0,1269982.52459325,248192.996210188,3.0,26025.354981490043,10.166826533408976
11815.0,1280995.16460453,216284.134161517,4.0,80192.65456391676,11.292187200681486
11816.0,1281211.97260475,216285.290641516,1.0,0.0,
11817.0,1277715.92216916,174124.381862342,1.0,0.0,
11818.0,1293893.81959373,187984.11531654,3.0,46649.68809523808,10.75042152019179
11819.0,1283196.89676678,177852.494826168,1.0,0.0,
11821.0,1279820.76345132,222385.52091977,4.0,76368.29953567628,11.243322961504855
11828.0,1273230.80875657,227059.110940546,4.0,539815.2167501969,13.198982168776348
11829.0,1279741.05657125,247286.624625266,3.0,1502676.4773803032,14.22275839432126
11830.0,1270014.71384127,241864.921899706,4.0,460705.5643818342,13.040514428953596
11833.0,1282780.09311835,245442.290095374,2.0,143914.66522189986,11.876975800274106
11834.0,1282785.42086236,245671.195759609,2.0,105341.23729566568,11.564960238702838
11842.0,1273584.11909293,230095.033375666,4.0,262575.4197965416,12.478293633257827
11843.0,1262792.99959388,249013.130035028,4.0,348502.06484845123,12.76139943412485
11847.0,1282186.96409374,184665.814193144,3.0,147352.75081680648,11.90058465658206
11849.0,1265469.64778863,249500.154355526,4.0,102291.45906998798,11.535581459402387
11850.0,1278361.45042582,248620.340146631,2.0,263498.3462116044,12.481802370707063
11851.0,1266201.94846137,242475.094892338,2.0,22457.044751759528,10.019359641352061
11855.0,1268297.52894352,259183.756349444,4.0,124263.46164287554,11.730159281292392
11856.0,1268527.01534376,242908.458540782,3.0,17566.78265498847,9.773765048590313
11857.0,1268913.16548815,242962.531884834,3.0,21733.98298699269,9.986632350839418
11858.0,1279017.0724425,237784.33821553,1.0,0.0,
11860.0,1270844.56254613,201418.8577943,1.0,0.0,
11861.0,1271112.0961144,201125.922049999,4.0,127277.81837369392,11.754127522494672
11865.0,1288690.1075884,183232.267183676,3.0,26026.753131355985,10.166880254570978
11866.0,1285206.95904084,177014.92234531,1.0,0.0,
11868.0,1277932.77279338,216359.654673591,4.0,337585.80038413545,12.72957498034584
11869.0,1255504.93769842,247807.647217795,3.0,42494.30434310911,10.657125330475377
11870.0,1261662.38634473,257027.03826724,4.0,653650.463616833,13.390328028263575
11873.0,1264431.25386757,242014.36682786,4.0,29431.982315562465,10.289837195926944
11874.0,1264425.78538756,242339.887148201,4.0,11949.967332048947,9.388483823636166
11876.0,1258621.52464561,250420.718132481,3.0,58962.27826370977,10.984653166953006
11878.0,1272086.0889474,242023.71818786897,3.0,283597.0309677777,12.555309604501309
11879.0,1272105.70206742,242701.012396574,4.0,452931.725356428,13.023496676453798
11881.0,1262628.71645771,170811.559394956,3.0,334542.819102757,12.720520159633738
11882.0,1262170.58026524,170836.438306972,1.0,0.0,
11883.0,1265377.28644453,176583.667624861,4.0,1140141.0962133904,13.946662581320213
11889.0,1278850.15417032,234232.463395894,3.0,1284917.3029276684,14.066204918542228
11890.0,1266891.50878207,253457.35736759,4.0,304862.62294391904,12.627616537544217
11891.0,1267549.99006276,253448.193719581,4.0,328688.87131792546,12.702866902425452
11892.0,1290314.32282206,189154.707765743,4.0,1329494.4740815354,14.10030933326811
11893.0,1290374.99923813,188584.67941315504,3.0,29731.00330709352,10.299945662718159
11895.0,1264531.63127567,247986.052081987,4.0,202382.67475035763,12.21791561367214
11896.0,1264093.70762722,247921.489521921,5.0,865158.3983659429,13.670667888647888
11900.0,1280618.05484414,200923.12550579,3.0,90159.08964140048,11.409331051517611
11901.0,1281541.24722908,194317.368379027,3.0,4943.78977705847,8.505887477411983
11902.0,1271656.72696295,224651.654170081,3.0,71173.91729725183,11.172881700190029
11907.0,1263647.01527476,256986.208891198,4.0,60995.24139180492,11.018551130142102
11908.0,1282051.4072936,217730.739859,1.0,0.0,
11914.0,1270651.63115393,177322.964713618,1.0,0.0,
11917.0,1274735.00357412,245411.094255343,4.0,292950.91740495426,12.587760356577364
11921.0,1274232.4878616,202699.068163604,4.0,49185.03705778551,10.803344731383303
11922.0,1274775.04978216,202707.648515612,4.0,583727.9289067793,13.27719027809719
11927.0,1295374.75399525,187243.466163784,4.0,348765.281920738,12.762154430285246
11928.0,1295644.86138752,187018.220915556,2.0,32026.3881035347,10.374315470198264
11931.0,1253573.00752044,250904.556724966,1.0,0.0,
11933.0,1277688.98552914,228925.478942469,4.0,1323045.576890444,14.095446892156358
11934.0,1285973.86528163,202494.934723392,3.0,201128.5011293101,12.211699291871252
11938.0,1280357.86540388,205696.506374672,3.0,192307.28986936723,12.166849839695413
11940.0,1263767.30077888,167082.842463136,3.0,1080894.563121904,13.893299555436888
11942.0,1267597.0093268,171985.676196158,3.0,103704.6576286649,11.549302307660923
11945.0,1264276.2226994,170791.519458935,4.0,280994.62436965137,12.546090817775783
11946.0,1286796.44633846,252444.841014549,3.0,330329.10860038444,12.70784473525966
11947.0,1286808.92237048,252555.863094658,2.0,85781.1135546222,11.359554139504707
11948.0,1284384.88032,242478.400364339,4.0,520387.03600287327,13.162328113709252
11949.0,1286820.30880249,190530.82277514003,3.0,1578876.3389215304,14.27222397409842
11951.0,1274365.89509374,194624.108283341,4.0,189230.0242188218,12.150718613384251
11952.0,1274481.64318985,194621.37305133,1.0,0.0,
11953.0,1282958.90579054,203044.412931964,3.0,57450.86556661318,10.958685349597054
11954.0,1262116.61642519,245322.540655255,4.0,462697.5319115232,13.044828840779985
11956.0,1290474.56691822,183895.67268835,3.0,27549.912722165773,10.223754646596579
11957.0,1290753.93511051,183885.538544342,3.0,74818.71898511266,11.222823386465974
11959.0,1277992.65490545,226549.36623603097,3.0,37608.61636325453,10.53498846172236
11961.0,1260246.50531928,252359.460982457,4.0,852924.8428222514,13.656426713356625
11962.0,1261697.79543276,258848.37580511,3.0,560886.7781293693,13.237274342619855
11963.0,1261704.08343276,259181.247869447,3.0,846572.5662148824,13.648951201883964
11964.0,1284142.74527974,202513.690563411,4.0,1636940.515216619,14.308339518012296
11965.0,1276169.04632758,217886.243795156,4.0,446829.1975490227,13.009931692182244
11966.0,1281496.14655703,248576.24478659,4.0,427338.8881887916,12.965332626591886
11967.0,1256924.95491588,258444.14495669297,3.0,1056696.6532145666,13.870658235219192
11969.0,1277872.60556133,205886.479110867,4.0,93215.33333333331,11.442667507885549
11970.0,1268492.22244772,242249.8620601,4.0,489078.3593406193,13.100277999669649
11971.0,1268782.66411202,242243.046508104,4.0,188964.5883688068,12.14931491335911
11973.0,1268276.8078555,257399.649019614,4.0,85091.42927511934,11.351481595918647
11974.0,1254902.21680181,251308.350517377,3.0,70315.11795836136,11.160742103873321
11977.0,1275466.98309486,214572.997135773,4.0,64431.90460402667,11.073364202521892
11983.0,1278760.45157823,229674.580127224,4.0,215808.7997315325,12.282148108229354
11985.0,1273026.34622836,221201.785750553,4.0,407099.089180179,12.916811897151744
11989.0,1287425.5388831,176184.487656459,4.0,511965.0296567416,13.146011600237317
11990.0,1276296.04575171,215156.454672366,4.0,55048.03449258818,10.915961437473243
11991.0,1283687.76819128,205541.611014515,1.0,0.0,
11992.0,1276869.06002429,206497.276423499,4.0,244892.4850174928,12.408574556546581
11996.0,1271251.42168255,231307.573920906,4.0,175196.16854480465,12.073661588208795
11997.0,1275733.76639113,222366.579991743,4.0,1720471.162980253,14.358108743242388
11998.0,1284952.63443257,251821.011893913,1.0,0.0,
11999.0,1284938.46316856,252220.038966313,3.0,139768.0,11.84773918415428
12000.0,1266963.03294216,258554.985340804,3.0,34159.400386451154,10.438793094658612
12001.0,1256343.51120327,256327.391994521,4.0,799411.8841153843,13.591631591442809
12002.0,1256143.82000308,256331.309306532,3.0,833785.6691260027,13.63373165685729
12003.0,1264619.87620376,256307.2542665,3.0,142591.00488472855,11.867735705623017
12004.0,1264294.60945143,256316.447802514,3.0,62384.43003881772,11.041071004613881
12005.0,1263609.80701873,254847.494713008,4.0,47906.38971237506,10.777004171420488
12008.0,1271017.79877031,213544.217422709,4.0,182327.8866456768,12.11356192014546
12010.0,1286285.08249794,200526.492097378,4.0,536344.3159653781,13.192531614347304
12011.0,1286565.86675423,200519.712577373,3.0,350958.02733450633,12.768421915054144
12012.0,1282495.73279805,228133.249565646,3.0,58910.4294973056,10.983773425225968
12013.0,1284589.8559362,205579.95347856,4.0,322196.6734585631,12.682917425210395
12014.0,1284583.5200002,205187.77383016,3.0,183960.49327950188,12.122476303100047
12015.0,1270560.39742583,213548.877838716,3.0,545047.815772062,13.20862880515844
12016.0,1258391.46934937,252374.15154247,4.0,130259.6638068754,11.777285151157981
12017.0,1258403.31056538,253057.847031176,4.0,154308.81334247804,11.946711154947405
12021.0,1265993.28913316,176585.29591286197,3.0,279982.8155920427,12.542483507382432
12022.0,1273300.77285264,179775.248812139,3.0,39037.69814391378,10.572283077311114
12026.0,1290478.80672623,169781.291489899,2.0,1105.5657349500011,7.008112460266494
12027.0,1290750.09459852,169491.358945608,3.0,49479.41836922681,10.809312071571265
12032.0,1281403.12870094,174376.269798607,3.0,65489.72698177542,11.089648569349775
12035.0,1277007.00690444,205484.543238461,1.0,0.0,
12037.0,1257356.18038832,255771.65164195,4.0,1552572.198881343,14.25542359662397
12038.0,1286048.6873617,208649.588745698,2.0,2215.984875532524,7.703452222723181
12040.0,1271263.89502656,205446.898630425,4.0,157221.10709932272,11.965408419043618
12041.0,1281941.30412549,204450.574469402,4.0,478767.02813971136,13.078969386760315
12043.0,1281272.65682881,248580.60696259103,3.0,21469.5475837804,9.974390818633129
12044.0,1275367.19986276,241273.087147102,3.0,54455.43065219541,10.905137859883537
12049.0,1259271.90429428,247742.49150572703,3.0,30952.26774825884,10.340201546777763
12052.0,1265636.13662079,246535.720624492,3.0,337956.9873266078,12.730673909937215
12058.0,1258923.14480592,246447.63550441,3.0,76814.50789362319,11.249148806160372
12068.0,1284585.1125122,173612.116133824,1.0,0.0,
12069.0,1284947.66227257,173601.157157809,3.0,551080.9614927584,13.219637012899625
12070.0,1264297.77220343,248276.597106278,1.0,0.0,
12076.0,1276830.82680826,215143.058000356,4.0,63264.69094455456,11.05508264751785
12080.0,1269870.00843313,256161.99961035,4.0,523046.36894246354,13.167425398662854
12083.0,1263908.55972302,169692.742113814,3.0,86052.20952228636,11.362709478501042
12087.0,1286595.43424226,245831.11511977,2.0,67.09750013791574,4.2061467875148555
12089.0,1277192.69848862,207784.295176819,3.0,426434.927902904,12.963215061947396
12090.0,1278063.64389752,208100.342793137,1.0,0.0,
12096.0,1280877.1615964,247262.708657235,3.0,105106.20815236092,11.562726624124924
12098.0,1286354.86752202,195100.172923833,3.0,49950.85051346367,10.818794811228306
12099.0,1271587.61681889,226033.144859508,4.0,1189576.8558592568,13.989108218541427
12100.0,1282428.30150199,245920.448239863,4.0,386816.7761292111,12.8657064132061
12105.0,1262193.68125726,176939.629161224,1.0,0.0,
12106.0,1262223.1837853,176750.068201035,3.0,79942.35369860493,11.289061075146916
12107.0,1271001.06289829,177854.05290617,3.0,93182.0,11.442309848973883
12108.0,1270984.17253028,177230.161385521,1.0,0.0,
12109.0,1283067.88755065,207828.89351286003,3.0,106630.79799684658,11.577127660777212
12114.0,1271986.1773953,226624.733212113,4.0,447313.33551529126,13.011014602335107
12115.0,1254910.18627381,251767.880757853,4.0,55909.194325649056,10.931484123715629
12116.0,1288808.92691652,187744.302132294,1.0,0.0,
12118.0,1269215.50974447,244078.248493984,3.0,72838.9447558057,11.196006046584019
12121.0,1265734.64689289,245760.204463705,4.0,500916.8829150198,13.124195463938452
12122.0,1284907.91468853,241659.623787507,1.0,0.0,
12123.0,1286245.2676499,204608.98195757004,3.0,307786.9354089259,12.637163054420881
12131.0,1264635.03133976,245014.118702933,3.0,428992.0801119344,12.9691937364622
12132.0,1269871.20888112,229236.128286779,3.0,28173.48726615902,10.246136646824489
12133.0,1278714.36869818,252605.716726705,4.0,690260.7261411728,13.444824669173544
12134.0,1273528.11589287,252884.362806991,3.0,64109.75437340681,11.068351805643545
12138.0,1283345.44108693,206544.193671539,4.0,1708843.1547357028,14.351327181839064
12141.0,1264757.8762679,172466.058084652,1.0,0.0,
12142.0,1264894.91633204,171993.625956163,4.0,484031.7493834777,13.089905781447069
12145.0,1281685.13439722,226042.69308351,2.0,3168.036849435486,8.06086738463292
12146.0,1279713.65177122,206001.904710993,4.0,199211.3930944794,12.202121816746502
12149.0,1273109.67512445,196970.130813748,3.0,19203.780133675245,9.862862420599415
12150.0,1275202.0997666,177780.622250095,2.0,46592.0,10.749184131556358
12151.0,1275530.08139892,177779.817770094,1.0,0.0,
12152.0,1264756.8946359,176674.328872964,1.0,0.0,
12153.0,1264377.38717951,176753.546857044,2.0,46592.0,10.749184131556358
12154.0,1265320.64286047,173946.40029417,3.0,98829.09466165728,11.501147320766268
12156.0,1281331.58617286,227383.41250889,4.0,311947.124150159,12.650588978551603
12157.0,1275253.33195864,249728.676211759,4.0,75890.73957210808,11.237049947667487
12159.0,1268918.49880016,255529.55960971105,3.0,588707.4073551447,13.285684577500714
12160.0,1276138.24914356,216402.741521642,4.0,45790.51635738773,10.73183228222848
12162.0,1275285.88799068,246057.030640006,4.0,320395.9277470831,12.677312784192583
12166.0,1274231.3540376,229663.453215212,4.0,1268630.242178932,14.053448326916339
12167.0,1274235.10501359,230089.35324765704,3.0,51664.353043581184,10.852523326428974
12168.0,1287408.7666591,205375.730438352,1.0,0.0,
12169.0,1277033.76242447,222950.17301634,4.0,338147.3252918182,12.731236953144265
12174.0,1274874.89573425,217407.23656266896,3.0,33816.101755264724,10.42869235132847
12175.0,1274867.30450225,217103.986194357,3.0,12393.279633193108,9.424909639611906
12177.0,1280591.75762811,198637.958847448,3.0,455405.7226495952,13.028943998737466
12178.0,1280978.3431645,198630.39814344,3.0,380558.7342194672,12.84939580500085
12182.0,1282059.06015761,249892.541043937,3.0,16512.037984273855,9.711844968682826
12183.0,1283216.3937908,183651.785712108,3.0,30501.742628415443,10.325539096321224
12184.0,1266193.41898936,169692.962273806,1.0,0.0,
12185.0,1295724.4353396,181853.771566257,3.0,1553008.5783284148,14.255704625829937
12186.0,1279752.89087525,249933.57995598,4.0,420948.90953746,12.950266750282493
12187.0,1279994.52357949,249929.309299976,4.0,561380.4019976802,13.238154033140766
12190.0,1281400.89017294,196215.312060967,1.0,0.0,
12195.0,1270759.91313805,174942.096103176,1.0,0.0,
12198.0,1275235.70635863,179097.653739437,3.0,624486.0399778968,13.344684254379416
12203.0,1271548.04312284,230042.568223611,3.0,1156073.8114424725,13.960540176904871
12204.0,1265305.45092446,242845.44030071804,3.0,60750.83340936346,11.014536079781344
12206.0,1268885.75313613,253420.963127553,3.0,357735.594204535,12.78754942883584
12207.0,1268889.70526412,253690.054455817,4.0,403317.1617189458,12.907478533189288
12208.0,1288602.74586031,190512.211639121,4.0,829232.469854335,13.62825581682623
12211.0,1283873.51321547,242445.473900303,3.0,818596.3603620024,13.615346396856603
12214.0,1273425.58987677,246905.04043287,3.0,315840.32759540726,12.662992072446217
12215.0,1255519.11485043,248640.411314651,4.0,802291.2032246718,13.59522691723526
12216.0,1263492.2658986,244109.689070016,4.0,184375.79185004075,12.12473130084688
12217.0,1270208.23640148,213560.40603072903,3.0,65622.48110051088,11.09167361592696
12218.0,1254923.75318582,252560.803702667,4.0,473378.0750050716,13.067649661100761
12219.0,1278768.62738624,230100.647199661,4.0,37429.994830446645,10.530227662785899
12220.0,1278907.55039439,230096.95823966,5.0,310099.92898294993,12.644649876075132
12221.0,1277992.79954545,214122.378959298,1.0,0.0,
12224.0,1279520.90149902,218443.009107724,2.0,133444.42603818834,11.801440385793914
12228.0,1293476.54746531,188873.980661452,1.0,0.0,
12230.0,1293175.89914499,185671.675378174,3.0,93182.0,11.442309848973883
12231.0,1293200.37312903,185666.095026165,1.0,0.0,
12233.0,1274924.12888631,257343.304315567,4.0,655047.5655356862,13.392463131119198
12234.0,1272836.04907617,231584.248929188,4.0,194217.31592141767,12.176732996268163
12237.0,1280972.2247005,221035.848406389,4.0,93008.00948613044,11.440440891933756
12238.0,1280959.16665249,220721.120022058,4.0,127592.65978956663,11.756598123078055
12239.0,1271853.37253116,192774.761529446,1.0,0.0,
12242.0,1285474.69504111,252472.292406574,3.0,278103.8621023274,12.535749927584552
12246.0,1281717.01292527,213761.385614932,3.0,135335.6227652553,11.815513066757315
12247.0,1272842.78034018,249832.551283866,3.0,116428.34865273822,11.665031329753791
12248.0,1273520.67038886,252186.508854285,4.0,201165.0758337176,12.211881122785801
12250.0,1277893.82994534,232109.824609727,4.0,748296.018233594,13.525553924971296
12251.0,1279587.97157907,225942.893083408,4.0,583614.4306000315,13.276995822192836
12253.0,1284938.48780856,252483.138230592,3.0,283979.0110257855,12.556655609573463
12256.0,1270335.9428336,242769.23831664,4.0,322017.2048272794,12.682360254239772
12257.0,1268637.56798387,206964.690183982,3.0,12842.774573860832,9.460536642207154
12258.0,1268889.43160012,206959.609799966,4.0,87580.59131800412,11.380314692079617
12263.0,1265525.48529269,169080.190497175,1.0,0.0,
12269.0,1276115.02251953,246592.32254456,4.0,82379.4453903634,11.319091235633875
12270.0,1279422.84101892,255493.903161675,3.0,49560.0225797175,10.810939791346637
12271.0,1279553.90405905,255490.29196167,1.0,0.0,
12272.0,1272246.69822757,238664.834472433,3.0,71611.43520552084,11.179010049770834
12283.0,1273775.97272512,210206.454027295,1.0,0.0,
12284.0,1273898.98002125,209744.425482824,3.0,172427.56743056804,12.057732528318072
12286.0,1276250.40440767,229831.893151388,4.0,121450.6506843523,11.707263292047521
12287.0,1288840.88122055,188423.061620995,4.0,96988.51400029055,11.482347838106083
12293.0,1274857.62309423,252383.21157448,4.0,109225.27959164424,11.601167813593374
12294.0,1274902.46059829,252540.251958638,3.0,4881.229899546365,8.493152495688888
12295.0,1264296.40900342,256441.293690637,3.0,26463.52956765369,10.183522821352453
12296.0,1280398.22258791,197856.580798656,4.0,327668.9964528958,12.69975922066856
12297.0,1260652.70531969,256383.251450583,3.0,151538.8157363699,11.928597080596507
12303.0,1271451.49669075,175886.628328145,3.0,164004.508522501,12.007649197419324
12307.0,1264410.82084355,246317.003888279,1.0,0.0,
12311.0,1275714.26475911,234817.450788498,3.0,245759.47006447043,12.412108572625929
12312.0,1275892.5071913,234812.189924493,3.0,48749.86004795646,10.794457605610724
12313.0,1286457.14323412,251125.561525196,3.0,79319.10176019018,11.281234258315832
12315.0,1270210.56350549,194031.439482734,1.0,0.0,
12316.0,1272354.30622767,242303.644780159,3.0,606401.9378982849,13.315298309047746
12317.0,1272365.71537969,242693.377900556,4.0,470517.0599567152,13.061587496556843
12319.0,1269094.48696034,224557.035929993,4.0,276589.3859687788,12.530289324261696
12320.0,1282013.45887756,245915.465007856,4.0,111419.1492422316,11.621054487952687
12321.0,1269359.2591206098,228504.168414026,6.0,408135.4345823666,12.919354345809715
12323.0,1281894.21663745,182535.870638967,2.0,46592.0,10.749184131556358
12324.0,1282043.87577359,182533.276462957,1.0,0.0,
12327.0,1273970.06482133,194943.586299673,1.0,0.0,
12328.0,1274375.33829375,194934.011515662,4.0,292465.96612458624,12.586103583754646
12329.0,1272714.38494805,251868.653237954,3.0,315593.3482874964,12.662209791329643
12330.0,1272959.1459083,252034.068214133,5.0,380526.804604815,12.84931189954465
12332.0,1275235.32408662,248797.169202805,4.0,55468.96298062837,10.92357891773532
12336.0,1285152.72486478,191852.759480506,4.0,114859.8425212945,11.651467903368196
12337.0,1256910.08547586,257887.959420115,1.0,0.0,
12339.0,1278409.18552987,217017.235410273,4.0,261248.69251579684,12.47322807752441
12340.0,1274231.0863256,217422.86677068504,3.0,114051.49702261965,11.644405353646727
12341.0,1275136.45554252,230807.131680384,4.0,187047.16041519196,12.139116058774624
12344.0,1275874.04165527,234156.992099822,3.0,13697.392766098244,9.524960784661229
12345.0,1270947.52920224,224587.313754022,4.0,279156.2431481326,12.53952691533933
12346.0,1270791.77688207,224850.68559429,4.0,156832.93122905478,11.962936385440669
12347.0,1278458.41349792,205575.525318548,3.0,427931.2792873346,12.96671789925964
12348.0,1285871.02464151,245846.05009579696,3.0,802.5983539350669,6.687854406915023
12349.0,1272528.01752385,239071.390120849,4.0,267131.8590856797,12.49549766972999
12350.0,1282846.04281442,255921.128698111,4.0,680306.7874061586,13.430299133361375
12351.0,1274021.50206938,205416.802246392,3.0,1029595.4152650614,13.844676482325877
12352.0,1274735.39634211,208117.347657159,1.0,0.0,
12355.0,1262663.17277776,256212.713402405,4.0,564844.1087033823,13.244305058258039
12356.0,1278027.21324149,249966.288244009,3.0,25766.79655002022,10.156841986645807
12359.0,1270380.93720165,246195.24395214,3.0,53042.93672519976,10.878856991449153
12361.0,1265324.80196448,174274.482918501,4.0,187607.337949632,12.142106429659401
12364.0,1271953.23256326,200066.219392911,2.0,36.66666666666666,3.601868077124306
12365.0,1275922.45003933,252663.613878772,3.0,779162.4108452834,13.565974789445203
12369.0,1280194.0812757,224529.615705967,4.0,504693.7842286807,13.131707156478154
12371.0,1279712.72133921,204960.041989923,2.0,46592.0,10.749184131556358
12372.0,1279689.62623519,204696.441477656,1.0,0.0,
12376.0,1280127.77791564,206910.25459991404,3.0,538424.4235077304,13.196402419411065
12377.0,1280121.82745163,206643.960839644,3.0,85287.24543368493,11.353780196317055
12380.0,1273525.31768487,252609.482422709,4.0,93731.49468117637,11.448189534281221
12381.0,1273415.39045276,196507.205565274,4.0,186104.01730839655,12.13406102922377
12382.0,1281511.67769305,228938.11638248,4.0,287493.71660463326,12.56895628369248
12383.0,1284980.3000326,203120.845828041,3.0,91264.95416199608,11.421522139245031
12384.0,1272924.73131625,242763.789868638,4.0,526095.7681306482,13.1732385438368
12385.0,1272945.14040428,243464.22974135,3.0,131020.48639388822,11.783108974642648
12386.0,1263517.78289063,251626.810165703,4.0,171673.97080778313,12.05335243846746
12395.0,1265667.07620482,247774.010161757,3.0,46045.47438515208,10.73738476074442
12396.0,1270796.10040207,249506.89451554403,3.0,142439.8039401685,11.866674760952748
12397.0,1270842.41822612,249535.047987565,4.0,173399.09445297928,12.063351121013785
12399.0,1272659.81125198,227978.331549495,4.0,816509.2720571044,13.612793547185014
12402.0,1273908.20869327,244770.817326695,4.0,540371.9110711698,13.200012905684652
12404.0,1264316.20522745,244095.426605999,4.0,452199.9356523024,13.021879696526797
12405.0,1273246.46258059,204544.340357497,3.0,1160974.5496025605,13.964770339339465
12406.0,1273180.11198851,204302.425861254,4.0,1382335.8452328534,14.139285267703334
12410.0,1290207.06842196,171707.842403874,3.0,90534.95517616608,11.413491300155114
12411.0,1278357.94584982,237001.859814733,4.0,310107.8882515842,12.644675542532127
12412.0,1283287.14854287,205221.527046189,4.0,483077.51601920975,13.087932408410392
12415.0,1284634.10323225,241623.934187472,3.0,116348.7763440054,11.664347651648965
12416.0,1284876.65164849,241795.943339646,1.0,0.0,
12421.0,1274873.22507825,254558.62092071804,3.0,41968.65604837905,10.644678334094154
12425.0,1264873.94161202,248972.297778994,3.0,240166.53254956825,12.389087847320006
12426.0,1264686.66577183,248975.37752299,3.0,178551.49845558277,12.092632345345725
12431.0,1276705.21388014,249993.356468037,4.0,129165.584443749,11.768850460572322
12432.0,1275095.41823047,235961.242085665,2.0,13320.144638940088,9.49703280281471
12437.0,1270650.00715393,206279.90579927,4.0,114129.18997227792,11.645086331109665
12439.0,1279691.09996319,204345.897861287,3.0,987062.2901614564,13.802488427023475
12442.0,1277458.10348091,227045.484700531,4.0,633176.6862514772,13.358504787377928
12443.0,1261264.32484032,253686.161719814,4.0,790233.3766961108,13.580083594356598
12444.0,1259122.11651812,259343.125821605,1.0,0.0,
12445.0,1281503.76038104,249246.369075269,4.0,360780.6273687005,12.796025372183326
12446.0,1271802.77457911,197101.773245871,4.0,326143.4996818971,12.695092746570001
12448.0,1277551.478265,217850.85083513,3.0,498998.7793891462,13.120358928616728
12449.0,1277375.01932082,214735.570319936,4.0,81676.74164370612,11.310524560315454
12451.0,1267672.63979088,245457.675567389,4.0,309889.208604828,12.643970120984402
12454.0,1274989.48370238,252698.1479588,4.0,63781.59782079298,11.06321999231662
12456.0,1274516.12638989,215958.333969191,2.0,444.24607143455137,6.096378623854526
12458.0,1278570.74098603,246332.334896281,3.0,178650.100373777,12.093184425297338
12460.0,1263661.90993078,211050.787980154,2.0,198432.67109186048,12.198205133117865
12463.0,1278570.63013804,213219.528078377,4.0,646474.1262755602,13.379288455164346
12464.0,1273051.98072439,230442.329568014,4.0,567202.4177296131,13.24847151676081
12466.0,1270005.40152127,258150.026172385,4.0,135919.4782116819,11.819817917401437
12467.0,1283089.52262266,196399.72543714903,3.0,122889.4125505873,11.71904014498068
12468.0,1283507.4037111,196393.935421154,3.0,224909.4710635515,12.323453249393085
12469.0,1279241.07692273,251268.652085349,4.0,167561.8504223122,12.029107818341556
12470.0,1279511.52421901,251263.868661344,3.0,82702.25404859726,11.323002136367043
12473.0,1276138.40991154,247362.295409337,4.0,130399.89627611155,11.778361133045781
12475.0,1278381.56389785,232991.522018626,3.0,20568.02555054379,9.931492991192318
12476.0,1278707.83065018,232982.510178611,3.0,189291.94867156452,12.151045804182832
12481.0,1284917.57280053,199680.39968051,4.0,129675.0115178994,11.772786688040876
12486.0,1280758.40889227,202494.00096339,1.0,0.0,
12488.0,1283058.85311864,207414.25197643,4.0,1267852.756541936,14.05283528463556
12489.0,1276300.11922371,220322.23202166,4.0,425316.573612076,12.960589049709052
12490.0,1276595.67967202,220347.387541682,4.0,277885.2936521872,12.534963694762789
12491.0,1273819.20914118,230092.932319656,3.0,89450.24284277133,11.401437803776906
12492.0,1265685.54206085,248518.779314533,3.0,156090.441933024,11.958190874219026
12493.0,1279160.66533865,246517.91390447304,3.0,1493937.8860110398,14.216926068182122
12495.0,1286275.15142593,191562.0930482,1.0,0.0,
12496.0,1286268.98643392,191086.43423171304,3.0,149179.19496189023,11.912903513073426
12498.0,1294533.33933839,186821.813491344,4.0,123826.15119552624,11.726633854368815
12505.0,1277101.49855253,213840.98484700904,3.0,113866.20280694251,11.642779378510623
12506.0,1253578.31984045,248819.977522835,2.0,5439.55490830677,8.601452518176725
12510.0,1262573.45936966,251644.702197731,3.0,564966.6894235915,13.244522051618155
12511.0,1263626.97329074,255669.916281849,4.0,690100.3370300356,13.444592281987122
12512.0,1263630.99204274,255933.905914113,4.0,136182.5893145103,11.821751832768005
12513.0,1294368.96071422,187446.30993999503,3.0,62704.361190152784,11.046186280663841
12520.0,1273270.20766862,239779.038313583,1.0,0.0,
12525.0,1280645.12134017,219400.982612714,4.0,161003.85362988373,11.989183579269488
12526.0,1280907.78489244,219456.385044768,4.0,166587.80566368464,12.023277810739962
12527.0,1283855.85215946,257500.236795723,1.0,0.0,
12528.0,1268015.36350323,244111.198254019,3.0,21328.35622834793,9.96779274465841
12529.0,1282315.13113387,208681.572233737,4.0,171631.6342382144,12.053105797753407
12530.0,1282314.33618987,208296.57402533304,3.0,224468.2684048297,12.321489632766195
12533.0,1263029.58378613,247659.720049649,3.0,156140.70097914868,11.958512809091312
12535.0,1269277.77963252,213578.881998748,4.0,274269.13201390515,12.521865136921797
12536.0,1271349.72824265,210629.336395726,4.0,1201640.575414767,13.999198327243764
12537.0,1270588.45214586,213118.829134271,4.0,435857.4856788588,12.98507060118924
12539.0,1284975.4680326,244547.63934245697,3.0,262765.3143450373,12.479016571893364
12542.0,1272181.8941955,250136.522164181,3.0,8750.019118668606,9.07681116433997
12553.0,1275266.28568666,250840.772404909,4.0,301817.9893434478,12.617579430376605
12554.0,1276181.6614316,250827.586036891,3.0,314994.7064355448,12.660311112700041
12555.0,1275863.29989527,247696.69009769,4.0,271593.3483923972,12.51206118391169
12556.0,1276143.30821556,247692.729457676,4.0,233115.3541307389,12.359288692141302
12557.0,1270109.47313738,256156.45957835004,3.0,47520.63978331012,10.76891941739939
12558.0,1273215.95154056,217447.512082711,3.0,46636.99999999999,10.750149496485612
12559.0,1273382.75333273,217443.091794699,1.0,0.0,
12560.0,1274255.48587762,210756.749195859,1.0,0.0,
12561.0,1274421.47832578,210754.592715859,4.0,102350.62881434865,11.536159734835572
12562.0,1275711.78507911,242874.075372741,4.0,119595.80224358132,11.691873021584893
12563.0,1258270.26390925,258549.371836796,4.0,166589.7119373053,12.023289253730681
12564.0,1257713.52387668,258559.691964805,3.0,131742.9703891219,11.788608109299854
12565.0,1268544.74564777,243244.051373124,3.0,14183.559937416734,9.559838821991923
12567.0,1288793.19565251,192118.490552768,1.0,0.0,
12569.0,1276172.68543158,218134.141971409,4.0,666195.7070217105,13.409338760742735
12570.0,1263301.7072424,247937.43204993,4.0,430344.1474667938,12.972340510512145
12572.0,1280659.10655618,218860.43086816405,3.0,1609.0954966348063,7.383427496775467
12573.0,1271877.28721918,252589.404726699,3.0,170969.48400525548,12.049240363449993
12577.0,1275579.27979897,256659.901498869,4.0,126194.46336235252,11.745579356196203
12580.0,1281765.85401331,213704.891918883,3.0,291444.34873721044,12.582604353123449
12587.0,1267077.71575826,246251.151024207,3.0,194503.58254497292,12.178205861125365
12588.0,1264767.28695591,252421.255094528,3.0,26510.821528715765,10.185308288192415
12589.0,1291807.63149559,185459.85227395603,3.0,775005.3516121937,13.5606252136177
12591.0,1283472.70399906,247874.953521863,4.0,548454.5300335432,13.214859656507334
12593.0,1271165.81093046,231930.783649534,3.0,113446.730776533,11.63908867336734
12594.0,1271318.49304262,231929.843361542,1.0,0.0,
12595.0,1275686.68671109,236114.612517819,3.0,139765.0,11.847717719783347
12596.0,1275905.69778331,236227.585061938,2.0,23295.0,10.055994024250897
12597.0,1270386.93387365,232056.078305662,4.0,354452.7186152477,12.778330241207897
12598.0,1256496.55907543,250440.53995649505,3.0,269380.993777967,12.503881990276474
12601.0,1270379.42206565,198445.97395125,4.0,809730.5969186148,13.6044568749294
12603.0,1275270.02648667,221764.531991124,4.0,984791.4114390024,13.800185132692299
12604.0,1266866.85694206,229029.233310565,4.0,114728.77358358727,11.650326131148216
12606.0,1273906.71160527,248487.18264249,1.0,0.0,
12607.0,1256250.56649919,252550.029174656,3.0,54707.19984476735,10.909750603967147
12608.0,1271738.25169905,194996.688187718,4.0,790483.4114071658,13.580399950474305
12609.0,1281419.38783696,212207.529101342,3.0,14915.26482475122,9.610140452389693
12610.0,1264955.7741241,245775.568943724,4.0,144611.87021740602,11.881808675361155
12613.0,1284211.52531181,197233.289086014,3.0,85676.4770545389,11.358333586798913
12615.0,1282850.34924643,209149.072650209,4.0,68924.34303028633,11.140764704185871
12616.0,1273233.14245257,224517.642969951,4.0,1537112.557019859,14.245416251472388
12617.0,1266639.52177382,173287.891749486,4.0,412645.4584054697,12.930344049036284
12625.0,1270621.2539379,232407.309922025,3.0,71369.22387770154,11.17562201727661
12626.0,1270691.80299397,232393.25123401004,5.0,854783.7113205908,13.658603746701106
12627.0,1280281.2385878,247275.245745257,3.0,494279.8443010544,13.110857122216569
12629.0,1271223.87217851,224750.878682181,3.0,59213.92579489525,10.988912026231027
12630.0,1280124.51679564,222376.24040775,3.0,7356.895695474653,8.903393342242344
12632.0,1278803.14770629,231491.567649096,3.0,40841.32711917649,10.617449767323023
12635.0,1273493.21310884,239051.231656834,2.0,427872.9951849678,12.966581690305805
12637.0,1294794.01101865,183095.087343529,2.0,155274.64237445925,11.952950714249576
12639.0,1273407.89074075,208946.316809997,3.0,47341.11388384656,10.765134412234477
12640.0,1273295.96446864,208433.726601481,2.0,56538.11879248665,10.942670358541356
12641.0,1273558.79826091,233530.34115517105,3.0,94287.00286007716,11.454098631551695
12643.0,1278213.84242567,219359.872788668,3.0,241716.177158873,12.395519495187738
12644.0,1265955.40369312,256927.149307132,4.0,196419.88601640484,12.188009922406154
12645.0,1278849.37759432,213505.953678668,3.0,78853.46791581731,11.275346572601178
12646.0,1271112.20702641,195631.612476364,4.0,1286098.5693207746,14.067123828836776
12647.0,1271102.7109624,195321.716412053,3.0,559395.3073525622,13.234611670999334
12653.0,1276995.25957642,232799.744482428,4.0,1652474.031043497,14.317784135633511
12654.0,1273576.65650092,257381.568059608,4.0,1434877.632552222,14.176590130057097
12655.0,1274109.02450147,249456.027123481,4.0,1710776.4715761675,14.35245790236223
12656.0,1274162.24459752,249366.953139395,4.0,89658.21933164205,11.403760157280695
12657.0,1279742.24127524,197623.51763041303,3.0,93182.0,11.442309848973883
12658.0,1281488.59442903,247909.981681898,4.0,503200.6137523243,13.128744204066201
12659.0,1271979.13182729,212117.835085258,4.0,238623.8684700977,12.382643819141888
12660.0,1274510.29573388,187483.310836032,1.0,0.0,
12662.0,1282948.78310253,243540.076333433,3.0,295214.00161622226,12.595455801532905
12665.0,1274847.18936622,250843.010548905,4.0,285438.81983177207,12.561782993807261
12666.0,1275438.33522283,253341.425847471,3.0,208214.6629933764,12.24632486012488
12671.0,1259249.44432625,255741.182841927,4.0,176532.33891707638,12.081259361898356
12672.0,1259264.27338228,256405.6782666,4.0,126721.73262766557,11.749748879837242
12673.0,1275855.98725526,213272.99483043,3.0,586928.0286579551,13.282657482533294
12674.0,1271213.27966651,248572.108594581,4.0,67499.63092940404,11.11987740913314
12675.0,1271102.56337839,248835.565426856,3.0,40606.83781615426,10.611691750526017
12679.0,1284724.11616035,175584.351719841,1.0,0.0,
12681.0,1262127.8804892,245854.396207795,4.0,276792.63899755984,12.531023909155138
12682.0,1272375.7960197,220909.834902257,4.0,77344.0458173789,11.256018875887433
12683.0,1270709.732466,194304.605627015,3.0,216485.9319801508,12.285280845006973
12684.0,1271516.18065882,214319.528847501,1.0,0.0,
12686.0,1276734.55506416,255299.126329467,4.0,90775.51243889924,11.416144841421097
12688.0,1282115.43500566,195589.340924323,4.0,97876.90945258904,11.491465942196946
12689.0,1282108.94687766,195285.484540015,4.0,1318898.1374999727,14.092307201651309
12691.0,1277026.53868046,220591.097685933,3.0,22890.63934054204,10.038483343554454
12692.0,1263935.40612306,170805.365858942,3.0,140162.5960379355,11.850558427958845
12699.0,1258985.94486998,259615.911997885,1.0,0.0,
12700.0,1281514.89030105,191806.777912453,1.0,0.0,
12701.0,1283590.77785519,244056.731181964,3.0,47677.25982165368,10.77220982990432
12702.0,1284085.82873569,244046.601581946,1.0,0.0,
12704.0,1275166.14904656,208400.419593439,3.0,128174.89891407988,11.76115100799608
12708.0,1271306.9366266,177851.99940216503,3.0,242343.36147324988,12.398110848586606
12709.0,1282011.21279757,175683.47747994997,3.0,29617.68456344725,10.29612691337689
12711.0,1282593.92294216,186140.041202649,1.0,0.0,
12712.0,1282565.92460613,185934.00984244,3.0,519964.7957075986,13.161516387703513
12713.0,1262586.22967367,252335.394742429,4.0,1712205.532231959,14.353292882351743
12714.0,1281005.57638054,216831.884050086,3.0,48830.03646625576,10.796100903855669
12715.0,1266324.9288775,173941.621414155,3.0,30941.479832740108,10.339852952095761
12716.0,1262095.69226517,167915.057311982,4.0,1070240.8064411152,13.883394233866223
12718.0,1282546.36921412,245918.671663865,4.0,156413.0693700565,11.960255667349257
12719.0,1276670.19359209,233528.625891179,2.0,165720.457075245,12.018057654305112
12720.0,1256710.30505966,257782.435644016,3.0,93182.0,11.442309848973883
12721.0,1256381.78371532,257788.959292024,4.0,238961.39911097471,12.384057307873583
12723.0,1269993.86148925,214349.810575545,4.0,200743.98207913965,12.209785654169844
12724.0,1270223.67140949,214345.167247534,3.0,96653.61595520306,11.478888896820266
12727.0,1271272.78744256,206263.274631262,3.0,45122.86601750104,10.717144404046062
12728.0,1263224.86391433,250332.98078838,3.0,828741.8241022564,13.627663955096903
12729.0,1280400.19602792,197936.141630724,1.0,0.0,
12732.0,1256930.80886789,258984.274493247,1.0,0.0,
12734.0,1282725.2894703,178873.232939214,1.0,0.0,
12735.0,1290126.60730188,183386.720303833,2.0,781.5648675052537,6.661298150262397
12737.0,1284265.27852787,200886.701057747,3.0,47015.75469648756,10.75823803083136
12738.0,1284546.65459216,200882.88742575,1.0,0.0,
12740.0,1279131.28645861,258213.140220448,1.0,0.0,
12741.0,1281540.70521308,209157.963018224,4.0,169832.51239595312,12.042568009182709
12744.0,1283091.01638266,209131.496202201,4.0,424057.55726747913,12.957624473273489
12745.0,1273759.73259711,238611.638056383,3.0,467248.359296826,13.054616213908382
12746.0,1273760.12498112,238650.967400417,3.0,216211.8036838556,12.284013778829472
12751.0,1258139.28675711,253061.985463172,4.0,166610.2699862978,12.023412651390547
12752.0,1264457.26333959,247134.517361104,3.0,71675.45089927169,11.17990358161803
12753.0,1282147.6134377,192419.204537079,2.0,306807.7552682358,12.633976626083514
12754.0,1282195.26066975,191953.562744603,3.0,775708.8265768207,13.561532505267932
12756.0,1281949.9009255,202298.8586272,3.0,68324.13429426782,11.132018340306454
12757.0,1255952.63075487,257797.481596023,1.0,0.0,
12758.0,1271280.13355458,246704.969648674,3.0,1462380.9515108797,14.195576454098612
12759.0,1268574.1989598,243822.158125713,3.0,53414.59782269599,10.885839355056426
12760.0,1268837.16337608,243811.964269713,1.0,0.0,
12762.0,1262781.81392987,244122.425582021,4.0,1109208.593470395,13.919157340142716
12765.0,1274860.79634224,227953.267997473,4.0,257820.1963675252,12.460017707642626
12772.0,1273614.41528496,237492.294183239,4.0,141353.13739611828,11.859016558815405
12773.0,1294422.92877828,183110.087983549,3.0,291628.9126298036,12.583237425881148
12774.0,1281688.98015723,226487.675739974,2.0,2838.793897601151,7.9511345570082295
12784.0,1275993.0020394,232163.19753778,4.0,182774.9138883112,12.116010696026464
12785.0,1280803.32678032,207951.386376992,3.0,60678.23791665988,11.013340394093234
12786.0,1278330.18437779,222922.22191231,4.0,300254.7929271193,12.61238670293595
12787.0,1278323.63980179,222631.548952013,3.0,6216.815542228673,8.73501308392869
12789.0,1291378.55168715,180900.369965285,4.0,322799.6796146508,12.68478722285777
12790.0,1284305.32825591,176885.80151318,1.0,0.0,
12791.0,1280145.41241165,180157.078764528,4.0,1295748.6721342928,14.074599211266008
12798.0,1272228.32587555,215065.649360269,3.0,64816.620794539165,11.079317343194358
12800.0,1265100.28599624,245629.161455572,3.0,65338.51143437316,11.08733690305247
12803.0,1284879.6860805,255243.234041408,3.0,96267.8666666509,11.474889862628803
12808.0,1275663.66546306,252673.168310776,3.0,6752.422270035797,8.817656574313702
12810.0,1263225.40388232,243682.828397572,3.0,44643.78836579704,10.706470458279579
12811.0,1270778.86616206,247518.338097498,4.0,155422.10065248964,11.953899924644674
12814.0,1272948.29227628,205129.947142094,2.0,145179.97555156672,11.885729462437983
12815.0,1265703.80119686,249256.181427285,4.0,66346.59343300016,11.102647696060979
12818.0,1287242.23712292,202871.123267785,4.0,128389.06180309922,11.762820478159872
12821.0,1271170.43166646,228596.627934128,4.0,235634.92767470385,12.37003896966427
12822.0,1270855.40011413,228883.342878416,4.0,487904.12826016126,13.097874207051513
12823.0,1273234.02597257,227544.440349042,4.0,1077562.3556410742,13.890211969950167
12824.0,1287043.94848272,252553.652854651,2.0,130963.54042485316,11.782674246078289
12825.0,1287493.81632318,203616.712324545,4.0,160560.83285090854,11.986428170619874
12830.0,1269371.03595261,215122.431760326,3.0,123380.25899051366,11.723026401890245
12831.0,1262934.03345002,254062.616312206,3.0,8833.11846488637,9.086263398280508
12832.0,1274388.01643775,239032.768808812,4.0,240645.49969348183,12.391080173926776
12833.0,1285243.41305687,208232.311049268,4.0,166657.6431711962,12.02369694629772
12834.0,1274497.75410187,224882.842330322,3.0,65098.13695294436,11.08365120955281
12839.0,1289695.73088543,166888.483934939,4.0,185828.0096273292,12.132576845492633
12840.0,1285975.53753762,197210.895741984,3.0,173503.90676111,12.06395539547064
12842.0,1267740.79710294,243584.363053471,3.0,51310.96185577669,10.845659689731399
12843.0,1278145.1834816,230772.57072036,3.0,35292.950131783735,10.471438509995464
12845.0,1272565.06341189,198760.951039568,1.0,0.0,
12846.0,1271306.8700026,245507.041583449,1.0,0.0,
12847.0,1283056.75135863,207137.094408154,3.0,652181.8400153749,13.38807869775371
12848.0,1283493.93555108,251189.41963726297,3.0,62779.202197505445,11.047379122406715
12849.0,1267620.29636683,229293.584862843,4.0,631667.9322921272,13.356119111457245
12854.0,1258840.60918984,248033.35313803,4.0,1531438.4425312595,14.24171801021357
12859.0,1260329.84080736,249598.285363629,4.0,438071.9648618403,12.990138479199803
12860.0,1259671.96419869,249612.812915653,4.0,516360.197469404,13.154559858046408
12863.0,1270374.48868965,244863.841134787,4.0,173408.8768225836,12.063407534766739
12870.0,1295993.13428389,182529.572398961,1.0,0.0,
12871.0,1262985.82365808,256739.239290938,3.0,30868.887373062327,10.337504074509843
12872.0,1274128.6537495,194629.737851351,1.0,0.0,
12874.0,1279296.91903478,200669.782529533,1.0,0.0,
12875.0,1279829.06233133,200659.363585517,4.0,55934.19954644273,10.9319312707548
12876.0,1275720.12498312,243099.681580976,4.0,68246.07263380794,11.130875167564506
12877.0,1273477.65016483,215798.703377023,1.0,0.0,
12878.0,1261629.09968869,247407.806513384,4.0,213029.82460829205,12.269187456524621
12880.0,1283176.97651076,252518.937014624,3.0,75784.9020630598,11.235654370565124
12881.0,1256760.50966771,250438.294516489,3.0,225442.8177769599,12.32582182606504
12882.0,1289701.55898143,187952.029428512,4.0,313995.9960543612,12.657135513389859
12884.0,1281283.79628482,249249.85003528,4.0,70703.94437123908,11.166256640586424
12885.0,1281294.78905283,249906.317235947,3.0,5369.407120252688,8.588472775495752
12886.0,1269049.56254429,255525.509433702,3.0,653553.3141138874,13.390179391142448
12887.0,1269057.6973923,256188.983482376,4.0,1095507.8666298925,13.906728618849833
12888.0,1282021.04972558,223092.944024488,4.0,934659.6510508584,13.747937732431984
12889.0,1282401.11820596,223329.145304739,3.0,1479498.165726584,14.207213511028854
12890.0,1274377.16146174,179759.214764118,3.0,328903.6108900531,12.703520010803576
12893.0,1287434.45427512,176857.131945148,4.0,1018969.425907454,13.834302307738495
12898.0,1269023.80932826,209047.481610104,2.0,341237.4516464702,12.740333853073254
12899.0,1278163.02168962,249228.22443525505,3.0,47768.86242139215,10.774129292439
12900.0,1278282.04306574,249226.034803256,1.0,0.0,
12906.0,1285432.62950507,246316.584240273,3.0,86030.23968536491,11.362454137678755
12907.0,1266826.77137402,250288.79352434,4.0,97656.9787178659,11.489216400396018
12909.0,1279032.14853851,233061.715426698,3.0,216862.5521465653,12.287019031593672
12910.0,1279519.90053901,232729.367970362,2.0,91060.46648659694,11.419279031724288
12912.0,1280689.7872602,223793.671961203,3.0,93030.68504465344,11.440684664431648
12913.0,1281669.80012521,244560.899758473,4.0,889952.7151113836,13.69892361120859
12915.0,1264587.68893972,211575.985100701,4.0,225632.33266153812,12.326662106872108
12921.0,1288330.70867604,202916.541123822,3.0,28232.40302109358,10.248225640582401
12922.0,1288269.28819597,202036.271554932,3.0,149515.12799062213,11.91515285726618
12926.0,1277356.32120879,222943.171352342,4.0,146610.13065935086,11.895532170135452
12927.0,1286101.50220975,197208.86393398,3.0,59277.16955541048,10.989979511789059
12928.0,1281432.55058897,212682.032781824,4.0,155109.58614004403,11.951887153444545
12929.0,1280437.85407595,254677.696504831,3.0,24393.48549849543,10.102071387867134
12932.0,1279477.05842696,230415.864735991,3.0,69192.6083426066,11.144649320042255
12933.0,1271291.72965059,254151.944248289,3.0,129076.77052293358,11.768162626662749
12934.0,1258380.05405337,251715.195189804,4.0,221800.4951344412,12.309533586242356
12937.0,1265335.01028448,244079.272813976,3.0,66843.69828557827,11.11011231160323
12939.0,1285238.33196887,247999.991665989,4.0,197826.77819946368,12.19514706918697
12940.0,1290412.69107817,182927.328495353,3.0,390824.3725554185,12.87601356300809
12941.0,1278460.41938592,177773.05668208,1.0,0.0,
12942.0,1284299.64716791,207238.708040252,2.0,15624.342483746304,9.656585392678934
12943.0,1284298.05465591,207118.659720138,2.0,56165.35681193621,10.936055418978773
12947.0,1258688.72726968,260468.464766756,3.0,636785.3341939969,13.364187882772853
12948.0,1269174.00260842,246719.26750467703,3.0,273555.1111607799,12.519258383875195
12951.0,1269740.43025699,258851.58841310404,3.0,1312604.5238513816,14.087523907497141
12952.0,1269746.70616101,259480.240381747,3.0,5393.280493415716,8.592909104631062
12953.0,1281045.15762858,176390.79236066304,3.0,72382.8159549129,11.189724201513101
12954.0,1281589.85862114,176367.93412064,4.0,235913.2187711915,12.371219299312024
12955.0,1279212.8552267,174123.626918346,1.0,0.0,
12960.0,1281585.58374113,257506.974267736,4.0,205375.09781409637,12.232593331610163
12961.0,1280147.79429966,213324.59969449,3.0,111918.0156150596,11.625521878794933
12964.0,1279210.5077707,200890.861121759,2.0,84797.96515761604,11.348026825709262
12967.0,1280678.4539482,223433.944024846,3.0,138757.83336433873,11.84048548669498
12971.0,1261033.28036009,187741.95141229,3.0,56187.490294329225,10.936449418476773
12972.0,1260779.55645582,187712.847796261,1.0,0.0,
12973.0,1287662.83110735,183210.907951653,1.0,0.0,
12974.0,1270432.3553777,198373.032191172,1.0,0.0,
12980.0,1270760.76907404,247248.483313233,4.0,499818.8155412889,13.122000942815426
12982.0,1282454.32934202,213213.092430368,3.0,256889.88306465663,12.456402801492077
12986.0,1281084.25599661,180657.68804504,3.0,93181.99999999996,11.442309848973883
12987.0,1291129.1998149,183767.145712227,3.0,92213.0999328009,11.431857481152697
12992.0,1280234.10117975,210929.050060034,3.0,239706.83251724744,12.387171924468662
12993.0,1261641.1767447,247973.949745968,4.0,1109425.2752237765,13.919352669130639
12994.0,1267348.20702255,244694.39723061,4.0,429650.2450249521,12.970726773030865
12996.0,1269291.48728053,212894.65044604204,3.0,39633.71682792771,10.587435470026046
12997.0,1272635.65509196,208567.434697613,3.0,63444.26779800025,11.057917127028354
12999.0,1272582.8671239,252028.167990118,3.0,253042.26165120257,12.441311795859294
13000.0,1280707.59366024,195609.915644348,1.0,0.0,
13001.0,1273770.61675712,223021.85359241095,4.0,1015859.2960892752,13.831245409429094
13002.0,1279781.52005927,210624.043147728,4.0,128084.8697487844,11.76044836809697
13004.0,1278494.28050596,200406.359809265,3.0,31962.701726851345,10.372324930939754
13006.0,1270284.45278555,217399.901970655,4.0,697264.6165338935,13.454920268387824
13014.0,1274875.19199026,254822.42124098504,3.0,392117.25045890006,12.879316182362146
13015.0,1280127.50201163,180156.667052522,1.0,0.0,
13018.0,1264304.01297143,256969.221435174,4.0,171597.7752994806,12.052908501496718
13021.0,1297408.34010933,184943.360241428,3.0,518915.1565943152,13.159495674014464
13022.0,1297436.43687735,184797.969457284,2.0,225935.4468198978,12.328004603913119
13025.0,1296245.27911614,184333.410672799,4.0,83100.3127494233,11.327803744367424
13026.0,1296232.98260413,184075.895728543,4.0,28519.12175248707,10.258330079961766
13027.0,1291536.18912731,166722.41539076,2.0,47303.61077957121,10.764341909400926
13028.0,1290960.39111073,164149.959580138,2.0,875.38300179353,6.774661506923228
13031.0,1295150.11597902,185180.228849664,3.0,383952.41452219366,12.858273903375961
13033.0,1269712.10814497,170082.825314209,3.0,322548.3359038345,12.684008282758843
13034.0,1270465.00459374,170077.326946199,1.0,0.0,
13039.0,1289935.52992567,168770.492640868,4.0,94009.54275362311,11.451151574755036
13040.0,1275638.19435903,230853.619808435,3.0,13243.579068148185,9.491268115328179
13041.0,1279648.28773914,219105.152788401,3.0,1240533.0552047126,14.031051728437504
13043.0,1261831.95920891,253011.188983127,4.0,452230.08112544206,13.021946358341625
13045.0,1264583.43364371,211461.496844575,3.0,67734.24639521293,11.123347186171783
13046.0,1274832.46763821,215767.676880985,4.0,205927.69422770504,12.235280387262552
13048.0,1272883.44466022,250994.335093066,3.0,459040.6892272187,13.036894132667573
13049.0,1264436.72823557,248979.487091005,3.0,50299.251228820445,10.825745469870082
13050.0,1284000.7727996,208094.195785135,1.0,0.0,
13058.0,1290701.86535046,180845.931757227,2.0,45836.24971464863,10.73283053553413
13059.0,1290936.5447107,180838.110573217,3.0,47895.42529696558,10.77677527355553
13060.0,1270716.729458,193608.356346294,3.0,89647.23433065819,11.403637628927282
13061.0,1270727.31998602,192633.515769303,2.0,58318.09767379339,10.97366774738842
13063.0,1265996.25694117,250627.90994069,1.0,0.0,
13064.0,1266297.00471747,258240.487932488,4.0,526703.0120856282,13.174392124243107
13065.0,1279535.07961103,204006.323396951,3.0,66278.81923142483,11.101625656527027
13066.0,1279522.34898701,203339.666948259,2.0,1543.4430592740505,7.3417709526067645
13069.0,1262501.32298559,258329.889660567,1.0,0.0,
13070.0,1276711.90316014,222957.159192353,4.0,194632.42010199133,12.178868033532183
13071.0,1285992.76716964,197929.039614722,3.0,93181.99999999996,11.442309848973883
13072.0,1265464.00407661,249266.121651292,3.0,41996.23317974371,10.64533520704688
13074.0,1281636.45074917,211884.774221018,2.0,47143.74674538376,10.760956654565932
13075.0,1275530.61157493,191120.474871755,1.0,0.0,
13076.0,1275229.55378261,190676.297271296,3.0,387874.7495590191,12.868437756076014
13078.0,1284157.11071976,255575.138233751,1.0,0.0,
13079.0,1267929.63070314,251222.15122129,3.0,304152.00822087715,12.625282882458855
13083.0,1282487.42086205,246259.595888212,3.0,77195.1242439825,11.254091576556984
13084.0,1282793.20467037,246359.73444831403,3.0,330968.55434662773,12.709778647872293
13095.0,1275906.77029531,218141.27643542,4.0,252813.52474397045,12.440407439602142
13105.0,1272408.16312373,187055.85176359105,3.0,542104.8219141336,13.20321466008829
13108.0,1281307.78969285,192240.672376901,1.0,0.0,
13109.0,1278117.19698557,235409.72714109704,3.0,21281.307543671028,9.965584386289313
13113.0,1257288.40925224,250433.802420482,3.0,60382.79117840991,11.00845942906239
13114.0,1278867.47436234,222910.33941631,4.0,1288480.503919195,14.068974178125156
13116.0,1258690.12522168,254380.081272528,4.0,464127.54327193706,13.047914671177672
13117.0,1272531.41419585,235513.97462920804,5.0,221021.4313745408,12.306014950343597
13118.0,1273449.1649808,238639.798120409,3.0,487260.4941770407,13.096554154699787
13120.0,1277606.28754506,213830.391055003,4.0,76760.80466721939,11.248449432964286
13121.0,1277753.70853721,213827.151183009,1.0,0.0,
13123.0,1286539.8697622,196079.365500823,3.0,127922.4393422069,11.75917941660531
13124.0,1281034.82892457,249910.88907595,3.0,40826.89864605015,10.617096423702755
13126.0,1262805.3148579,249278.8683393,3.0,50578.31582805451,10.831278222478105
13128.0,1292267.33076006,185162.161969647,4.0,1144676.779006345,13.950632866041987
13130.0,1261285.75421634,168580.639648676,3.0,61883.818255963415,11.033014006984466
13131.0,1261278.16304833,168196.153568283,3.0,811134.1402740849,13.606188720498086
13133.0,1288642.66016436,188692.84779726,3.0,142629.99702831748,11.868009122682562
13135.0,1273177.15960452,215496.36276871,3.0,278706.42573697603,12.537914269311091
13136.0,1273536.85605289,215487.966800705,2.0,46591.99999999999,10.749184131556358
13137.0,1265749.43754891,251620.832501709,3.0,21508.648790566567,9.976210402555818
13141.0,1279767.68876326,218016.961043298,3.0,380991.5352916511,12.850532436779755
13145.0,1266732.66398191,177806.394538119,3.0,47596.97886808221,10.770524569047323
13146.0,1266372.24798155,177793.750826105,1.0,0.0,
13147.0,1281681.83417323,214349.600271538,3.0,73850.41978646595,11.209796972255706
13148.0,1281456.22175699,194431.992827147,4.0,420421.28021966014,12.949012535684949
13149.0,1283112.16403069,251197.003957272,4.0,120771.74557983124,11.70165764291864
13155.0,1290863.87162262,181949.282862365,3.0,273175.75467102847,12.517870657026979
13156.0,1272557.39473988,221823.982679188,4.0,19694.05922778649,9.888072307205809
13157.0,1280844.03865236,249914.265715957,3.0,8637.313940879805,9.063846926990639
13158.0,1266813.786158,241566.890987411,1.0,0.0,
13161.0,1282351.58156592,212654.570253804,3.0,66533.73735693951,11.105464426672045
13163.0,1261730.72548079,245863.148463801,3.0,5855.937240462505,8.675211338449584
13164.0,1275768.50943117,223947.511577368,3.0,95177.57943895314,11.46349968294757
13165.0,1281476.11218901,223252.427288651,2.0,46592.00000000001,10.749184131556358
13166.0,1281783.27526133,223260.421400666,3.0,96653.29744894756,11.478885601477643
13169.0,1282316.15244588,228920.560350463,4.0,387578.4313518779,12.867673510783433
13170.0,1282422.58892599,229531.457055077,3.0,412751.6116776436,12.930601266505565
13177.0,1264920.80798006,168918.962145016,1.0,0.0,
13183.0,1271741.19953905,202041.56288293,4.0,135718.54893925885,11.818338527264668
13187.0,1278440.4571459,177581.882793888,1.0,0.0,
13188.0,1277813.80485727,227907.28054142,4.0,825354.6910181692,13.62356850143091
13191.0,1273913.08427727,230092.152799651,3.0,48742.911518094064,10.794315061096652
13192.0,1260603.86423165,261039.393407345,1.0,0.0,
13193.0,1258872.60880587,249630.941491663,4.0,524977.5981382298,13.171110870450466
13196.0,1278487.49151395,205573.955462545,1.0,0.0,
13198.0,1282532.7871981,245810.779503748,1.0,0.0,
13199.0,1276271.58712769,257304.126907527,4.0,281840.3721053909,12.549096133286001
13200.0,1281688.08025323,251903.999285996,1.0,0.0,
13202.0,1254454.57660934,254067.757112205,1.0,0.0,
13204.0,1282849.35052642,228653.347614184,4.0,160139.04254757697,11.983797732762598
13206.0,1282826.91391839,227787.117725298,3.0,40612.84208122759,10.611839602994577
13207.0,1282968.15737455,227783.909085289,3.0,84729.28345495349,11.347216552352236
13208.0,1274592.06622997,211391.743692502,1.0,0.0,
13210.0,1272099.59288341,218139.208851412,4.0,114854.97727331372,11.651425544342462
13212.0,1273424.56005277,250091.975028142,3.0,477237.15567856486,13.075768828032668
13213.0,1262962.53335406,255388.06380155697,3.0,151240.40076517963,11.926625907863693
13216.0,1284152.85382375,252498.980662599,4.0,193706.52168195124,12.174099517811012
13217.0,1284152.17798376,253158.994807273,3.0,98960.50579663244,11.5024761181753
13218.0,1276131.67698354,216142.964497373,4.0,106421.82834310309,11.575165988449152
13219.0,1282098.88159765,226028.098907501,4.0,89710.84158833923,11.404346905719215
13220.0,1274595.25061397,253368.861495495,1.0,0.0,
13221.0,1263552.87370667,211825.807756945,1.0,0.0,
13222.0,1271105.93867439,222472.483351856,4.0,151459.42612198013,11.928073053686518
13223.0,1277097.88799253,216119.971089348,4.0,316891.5164434984,12.666314774867848
13226.0,1281378.85055691,185327.057265818,1.0,0.0,
13228.0,1267159.83467035,249480.255731508,4.0,109165.08043107954,11.600616514881441
13229.0,1278393.00056987,233357.272930995,3.0,45509.94385865389,10.72568612740531
13230.0,1278719.2360902,233348.574114993,3.0,258086.4571319644,12.461049912931212
13234.0,1276253.27154367,236403.778662115,1.0,0.0,
13235.0,1276321.93253574,236707.075622424,3.0,261913.2455193767,12.475768603937743
13237.0,1277252.46181668,230308.362975881,1.0,0.0,
13242.0,1269261.28452851,241711.012139559,4.0,33405.652728248046,10.41648040800547
13246.0,1281408.44102095,220277.368597612,2.0,71.93553113553112,4.275770317009818
13247.0,1267005.51281419,242745.350892618,3.0,424129.44546247146,12.957793983522839
13248.0,1267313.12964651,242738.213164613,4.0,768205.1891782416,13.551812149854518
13252.0,1291731.39085552,181349.016365752,3.0,94673.70650705809,11.458191590221507
13253.0,1291714.9709515,180732.995309114,1.0,0.0,
13255.0,1284085.28473568,196072.248700827,1.0,0.0,
13258.0,1274572.37662995,208137.65044117,1.0,0.0,
13259.0,1281056.02738859,198162.208126962,1.0,0.0,
13260.0,1281054.14514859,198089.626942888,4.0,209424.19874930975,12.252117133059384
13261.0,1273792.81586115,252325.35768643,2.0,27968.06276816736,10.238818522737905
13262.0,1275119.2416545,252693.352374807,3.0,7794.33319094214,8.96115223465673
13263.0,1270765.01547405,168908.797472998,1.0,0.0,
13264.0,1281642.99142119,228504.232094035,2.0,12592.28008396484,9.440839213418457
13266.0,1273145.73381248,223399.357784808,3.0,171829.27992132984,12.054256704286196
13268.0,1283316.6012789,205966.185606956,1.0,0.0,
13271.0,1283522.39942311,257510.346299738,3.0,181149.92239113443,12.107080267899915
13272.0,1275415.35032681,242570.489388436,4.0,665138.4858343635,13.407750547332082
13273.0,1289754.62547749,190030.07378263804,3.0,5309.230109322693,8.57720211489597
13275.0,1278379.14232984,253846.300151989,4.0,220894.8154321992,12.305441918929969
13276.0,1272588.70571591,200328.122113183,4.0,276787.9090284967,12.531006820516167
13278.0,1274198.91410156,225762.030875221,3.0,34920.056605533806,10.460816630958348
13282.0,1286096.44147375,196846.401405618,1.0,0.0,
13287.0,1270237.39806551,224522.614425957,4.0,164286.94077708473,12.009369816855898
13289.0,1276747.53631218,220342.95675768,3.0,173928.67603975243,12.066400586343976
13293.0,1291106.54304688,189009.619509593,2.0,36668.04694269696,10.509660999289665
13295.0,1270921.00497821,175891.217896149,3.0,162870.14593674528,12.000708511599287
13296.0,1270917.9334902,175608.542311862,1.0,0.0,
13297.0,1294793.21082665,183355.762671798,1.0,0.0,
13298.0,1293057.22023287,181303.172653705,4.0,243785.01286838137,12.404042021081441
13300.0,1274860.83992624,227090.498716578,4.0,488567.4871861619,13.099232892788109
13302.0,1285720.22508936,205703.024774686,5.0,110759.06561954237,11.615112541167177
13303.0,1258831.97174983,259895.206398174,1.0,0.0,
13304.0,1256578.68784352,255786.69720996905,3.0,234073.2069658607,12.36338919569385
13305.0,1266706.84279789,245739.208431676,4.0,398038.5251370419,12.894304076408803
13306.0,1284219.03942382,243244.033005118,3.0,40398.05101330013,10.6065368205405
13308.0,1283989.50150359,207259.957320273,1.0,0.0,
13311.0,1261296.19421636,169109.417185217,3.0,23942.40877226304,10.083406591104001
13315.0,1269918.61393718,210550.481611654,4.0,1013170.9036696664,13.82859547943484
13316.0,1270467.88779375,210541.760139644,3.0,272100.79751979787,12.513927855747557
13320.0,1276706.37464812,247925.945201918,5.0,66997.65952386349,11.112412965283301
13321.0,1276712.26015213,248359.956786364,4.0,91383.79356240816,11.422823428398802
13322.0,1253681.20054455,251332.488629401,3.0,372638.0,12.828362717993418
13323.0,1273968.56875733,248750.059378758,1.0,0.0,
13325.0,1278629.47481009,253929.914488062,3.0,100351.7026483105,11.516436321178805
13326.0,1285659.3002893,203115.961348027,3.0,116942.94269664628,11.669441425571133
13327.0,1280485.427772,217131.989074379,1.0,0.0,
13329.0,1271247.81336254,213539.617998704,4.0,76486.1965378156,11.244865566119664
13331.0,1273550.9469329,255123.970873296,3.0,27904.834451164334,10.2365552306181
13336.0,1276785.90303221,229819.258335382,3.0,49922.477888035326,10.81822663899162
13337.0,1276796.04735222,230150.482399717,1.0,0.0,
13338.0,1274209.62667757,227111.524572611,4.0,474323.281558365,13.069644396805549
13339.0,1274213.23230958,227535.82159704,4.0,982061.4077311195,13.797409118712554
13342.0,1257167.67587613,257318.317819536,1.0,0.0,
13344.0,1270046.28593731,245140.602671072,4.0,126946.580551333,11.75152165137292
13345.0,1267744.34103896,201041.329025909,1.0,0.0,
13346.0,1267515.49079873,201024.251649886,3.0,592906.6247432586,13.292792203091054
13349.0,1293392.03975321,182610.345839038,3.0,40271.65991481061,10.603403272633704
13351.0,1277324.54962477,212690.32442984,1.0,0.0,
13356.0,1264258.63607538,252041.631542131,4.0,823587.4067577017,13.621424963535265
13360.0,1271898.14379521,175527.45059979,3.0,105172.41004164563,11.56335628292752
13361.0,1271895.94430721,175405.991207659,3.0,55066.48166341226,10.916296491771998
13362.0,1283970.95065556,246552.228464514,1.0,0.0,
13364.0,1272436.10168375,211096.727564201,3.0,248259.3470662764,12.422229233026508
13366.0,1276962.47781639,231249.806624845,4.0,537993.9910843548,13.19560267009336
13367.0,1273467.81714082,239526.792745322,3.0,1137669.089894829,13.944492069216851
13368.0,1273777.81125313,239520.405289307,3.0,93880.054495213,11.449773230442135
13370.0,1265008.74385215,241808.75601165,3.0,43115.54905070385,10.671638977868808
13371.0,1265020.74385217,242329.530860186,3.0,905.7535881223118,6.80876729126037
13372.0,1283851.00147144,252505.11915861105,3.0,91830.07616927524,11.427695150066826
13373.0,1276019.97874343,212116.165133253,3.0,1254298.8937109043,14.04208732401517
13381.0,1294891.50989875,187629.636660174,1.0,0.0,
13382.0,1271875.88133119,236932.874662668,4.0,146372.74686572817,11.89391170789156
13383.0,1270066.34494533,243628.936109513,4.0,134692.58011447798,11.810750276356213
13385.0,1275986.7779754,216406.402257636,3.0,46760.50972556703,10.752794316415535
13386.0,1282685.93881425,243170.054445043,2.0,6367.875269280129,8.759021140221856
13387.0,1286459.12185812,206508.12909551,3.0,70406.57886137094,11.162041987515362
13388.0,1286606.56352226,206506.504135504,1.0,0.0,
13389.0,1264246.73911537,253771.580535904,4.0,169666.4255789865,12.041589585914542
13390.0,1286559.72013022,247149.725297123,1.0,0.0,
13393.0,1288906.67110862,187513.542452052,2.0,89486.3207965081,11.401841052319204
13395.0,1260944.27690399,247989.089777991,4.0,1151529.4077911305,13.956601536597734
13399.0,1260270.2995593,253700.369015828,4.0,1250509.0395912426,14.039061258055165
13400.0,1264288.83287542,255915.348218098,3.0,141293.29051214873,11.858593083554764
13401.0,1279245.68095472,225215.58089067004,3.0,13858.72578756502,9.536670333998538
13402.0,1280978.79756451,253887.12357603,3.0,276472.16080545366,12.52986541062762
13403.0,1282859.39187042,174329.48349455,3.0,186350.0,12.135381904907405
13404.0,1283646.60780723,174303.42218253,3.0,93182.0,11.442309848973883
13406.0,1274952.42213434,181726.641902134,5.0,896523.1647080703,13.706279410743218
13408.0,1279405.51724289,223263.206808671,3.0,972542.8787563628,13.78766944476893
13409.0,1274321.08184569,207034.610632047,4.0,120307.58343423944,11.69780693766708
13411.0,1274314.03954168,206757.571527764,3.0,90204.86206942143,11.409838607806652
13412.0,1274971.76031035,206743.453447744,4.0,151600.1701525478,11.929001874568062
13414.0,1273003.14290033,235810.781157508,2.0,223705.5145434998,12.318085798687564
13415.0,1265819.46270098,259170.848573431,3.0,17891.092993162732,9.79205826983847
13418.0,1264866.29988401,248549.677874565,3.0,37243.36311963985,10.525229036648481
13419.0,1262012.20752908,258351.268860593,1.0,0.0,
13420.0,1281134.84742066,219447.804308757,2.0,250.5179513074945,5.523530579863493
13421.0,1279090.46501857,230092.102623656,3.0,48199.9063208178,10.783112356485304
13422.0,1283534.44467112,256133.753914326,3.0,551723.1633607723,13.220801683807421
13423.0,1283525.70483111,256411.345914602,3.0,502736.65348561655,13.127821760262364
13424.0,1281688.86700523,226947.929116443,2.0,2552.634077792474,7.844881076687665
13425.0,1268246.78263947,255021.270585179,4.0,432337.0460924264,12.97696076231702
13426.0,1271906.36421122,211481.049292594,3.0,951465.082829064,13.765758268070806
13427.0,1273320.56222866,243453.673005342,2.0,33389.900145569954,10.41600874238426
13433.0,1277197.73618463,178783.767915115,3.0,87905.4281798157,11.38401683580315
13434.0,1286087.63148974,255982.388090163,3.0,1163918.3449150529,13.967302754396243
13435.0,1274879.19915827,255350.523897529,3.0,100113.5603582899,11.51406042424312
13439.0,1268010.22276722,243919.335469812,3.0,12288.294069335992,9.41640238652493
13442.0,1276851.64434429,212525.325389668,2.0,82427.25953254437,11.319671480758547
13443.0,1280412.86559592,221972.650967345,3.0,64498.38004991803,11.074395386963317
13444.0,1280411.66450793,221955.961751327,3.0,38988.17736881288,10.571013734764822
13450.0,1276269.81682369,180411.647148788,1.0,0.0,
13451.0,1276588.42866401,180411.201004788,4.0,488016.0319070045,13.098103536564112
13452.0,1269485.86283274,257500.326971725,3.0,67910.6484076305,11.125948126105703
13453.0,1282807.85292637,247570.951153561,3.0,36793.45152512031,10.513075160635506
13454.0,1269450.54334471,227338.707868844,5.0,54385.390237161846,10.903850834957973
13455.0,1257635.7953646,255193.411961362,3.0,616131.1933644115,13.331215196080365
13458.0,1279852.31813936,246771.62142473497,3.0,42075.50559971633,10.647221035617024
13459.0,1264050.54461917,245647.366447583,3.0,122341.11038137182,11.714568408947715
13460.0,1278563.52709803,200576.45529744,3.0,166101.6355291552,12.020355142206462
13461.0,1274422.83691779,211073.676044181,3.0,116616.1120053404,11.666642725216278
13462.0,1261750.82973681,261364.816319674,3.0,184852.27766055413,12.12731228595808
13463.0,1265016.90065216,175593.825767845,1.0,0.0,
13464.0,1264684.22775581,175593.826727852,3.0,46796.19024661741,10.753557073605364
13465.0,1284786.6498564,182878.56612731505,3.0,519342.4534439492,13.16031877777913
13466.0,1284810.80460843,249838.881331876,3.0,2623.1899618431453,7.872146398839351
13467.0,1274047.20773341,216453.50555369296,3.0,93182.0,11.442309848973883
13468.0,1274206.52075757,216449.588241681,4.0,1510531.1893687316,14.22797192796956
13470.0,1271219.88465852,229284.117022827,3.0,22912.67572179366,10.039445561373048
13471.0,1277939.7396414,211493.602060616,2.0,74418.28209663916,11.217456917740588
13472.0,1286136.51526579,205694.368902668,4.0,392084.7959350025,12.879233411540353
13475.0,1282052.29606161,209154.65530622,4.0,190195.0656698502,12.155805485906486
13476.0,1285546.79136118,207800.763656825,4.0,275955.88540630834,12.527996296439845
13477.0,1287133.75865881,249372.956403404,1.0,0.0,
13479.0,1272048.30686736,215569.373456791,3.0,38214.48309339504,10.550969861310351
13480.0,1286681.51449834,201366.162690237,1.0,0.0,
13481.0,1282995.35123058,204418.971205369,4.0,845937.3575198078,13.648200590361997
13482.0,1273817.95851718,222721.647512108,4.0,936869.7204423144,13.750299512538065
13484.0,1287195.07974687,191796.976120442,3.0,139587.88074426993,11.84644965138905
13485.0,1294895.78938676,186260.067570776,2.0,69104.91749149117,11.143381172078817
13488.0,1259516.84240653,168677.188064769,2.0,31520.35032477209,10.358388658274649
13493.0,1274723.2201501,252388.005878493,1.0,0.0,
13495.0,1273191.37150854,216214.56078544297,3.0,280965.9917895635,12.54598891533177
13496.0,1273474.31646882,216207.553297445,1.0,0.0,
13497.0,1273687.34098104,194034.883066729,5.0,175142.5438379892,12.073355457568137
13498.0,1274347.23339772,194019.158650726,4.0,550910.3295801985,13.2193273336575
13507.0,1275189.28581458,217096.38254635,4.0,17692.829509158797,9.780914724004788
13508.0,1287822.96825951,201565.863746449,1.0,0.0,
13509.0,1264268.4683954,254835.307064995,4.0,94337.30998225189,11.454632042357645
13511.0,1281920.22444548,244565.203246474,4.0,231359.81370338495,12.351729412728254
13512.0,1282291.75193384,244937.626734853,1.0,0.0,
13513.0,1273356.0585487,250094.395956144,3.0,197013.8870714705,12.191029497984209
13516.0,1294382.77761023,181005.401581392,2.0,1081.3819597069585,6.985995094458982
13520.0,1272275.9464836,243943.083117843,4.0,244881.7756428495,12.408530824666386
13521.0,1279781.76121128,218503.758995786,1.0,0.0,
13522.0,1279780.71564327,218436.276819721,4.0,230378.51807611567,12.347478965940127
13523.0,1266946.75147013,257167.68293938003,3.0,27779.76955145808,10.232063320790056
13527.0,1274158.07531752,214603.7188638,3.0,46611.99999999999,10.749613297693154
13528.0,1270260.46334553,253635.747127771,3.0,156369.796126891,11.959978969050116
13529.0,1270681.73611397,254171.26540032,3.0,42695.12651894708,10.661840059657308
13530.0,1291291.98458306,185480.106865972,3.0,715628.3735512637,13.4809162798464
13533.0,1283064.15033464,183658.16036811503,3.0,37499.24670018574,10.532076123761689
13535.0,1276614.50770403,219685.612245008,5.0,493117.8032668919,13.1085033763402
13536.0,1280372.36633189,221058.803414404,4.0,138174.98322046793,11.83627615526464
13537.0,1278942.73074642,207153.441800162,3.0,48770.68127641168,10.794884617776342
13538.0,1286301.89152196,195968.769276708,4.0,676310.0719638936,13.424406936197801
13539.0,1286376.56857803,195882.859004632,2.0,20856.07099994019,9.945400359900802
13540.0,1280796.00198032,226980.073692471,4.0,422646.4130122668,12.954291205422365
13541.0,1279215.19506671,249943.115699992,3.0,244651.4654663821,12.407589886751985
13542.0,1270147.03838542,248390.575858399,4.0,198589.31713633455,12.198994238292123
13543.0,1273132.03403647,246120.704048067,3.0,36575.51178312334,10.507134218493732
13548.0,1263252.89597836,251632.563125715,4.0,940840.5876394511,13.754528996819493
13549.0,1278977.42719446,253923.952568054,4.0,288259.7148585046,12.571617140454979
13550.0,1279591.41221909,253912.666168049,1.0,0.0,
13552.0,1281234.88396476,230480.104096055,3.0,588555.7453572869,13.28542692567776
13554.0,1273891.14507724,227538.65724504,4.0,1370618.289923419,14.130772502509597
13557.0,1276433.63307986,248440.50814645,4.0,162846.3846374852,12.000562609889846
13559.0,1277661.87436111,251962.794102058,3.0,51309.05331620393,10.84562249348718
13560.0,1284422.79264003,249848.287859887,3.0,51940.40202839292,10.857852225433085
13563.0,1263053.25265016,244117.354414016,4.0,232390.65674793872,12.356175099829596
13564.0,1266623.77540581,256911.107387125,4.0,284125.76281636674,12.557172245942676
13566.0,1277062.24498449,219454.517588764,2.0,2650.7469527974617,7.882596748242844
13571.0,1279899.6658514,215340.282064557,4.0,147618.407655935,11.902385896488566
13572.0,1274587.60920596,210752.55169186,1.0,0.0,
13574.0,1264322.99191545,258287.085884526,4.0,330072.34953980887,12.707067150442585
13578.0,1269904.22059317,168881.983584985,1.0,0.0,
13584.0,1283310.45689489,255120.286137283,3.0,31567.438988254013,10.359881456571726
13585.0,1277967.03058542,247125.457009107,3.0,38883.71799016016,10.568330881321309
13586.0,1275108.7288865,218171.867283449,3.0,415480.9037929117,12.937191932637619
13587.0,1275252.54194264,218168.319699451,1.0,0.0,
13588.0,1277529.45964098,237984.995623738,3.0,65963.21091578924,11.09685245523082
13590.0,1274488.72389387,224419.522393852,3.0,27759.85357085248,10.23134613978163
13595.0,1283471.94348706,197242.235582024,4.0,226522.8721321863,12.330601199523072
13596.0,1283814.15180741,197238.001662016,3.0,97126.96142302523,11.483774282297698
13597.0,1261635.0196247,247691.011633679,4.0,185310.47342178444,12.129787932110522
13598.0,1281435.94489297,217451.688274711,1.0,0.0,
13599.0,1274189.24875756,215785.558353007,2.0,46592.0,10.749184131556358
13600.0,1270801.44881809,232286.7005779,3.0,199420.0539777952,12.203168703056678
13601.0,1279069.34956256,238211.546983972,1.0,0.0,
13607.0,1262740.16048983,246585.245168552,4.0,589168.0456787009,13.286466728696501
13609.0,1285332.62412897,173905.973158121,3.0,408205.9513260017,12.919527108688158
13610.0,1285461.79545709,173902.233382121,1.0,0.0,
13613.0,1281946.2529255,211219.325068325,1.0,0.0,
13614.0,1282075.66610962,211215.933964327,4.0,137186.5478318992,11.829096941594461
13615.0,1265648.49911681,247031.82596901097,3.0,169599.99264524385,12.041197958974632
13617.0,1279479.29657097,211295.889548406,3.0,609287.5076090212,13.320045533169056
13618.0,1279963.55577147,211272.442380384,1.0,0.0,
13620.0,1260215.42800725,245363.67051129,4.0,41156.64841912646,10.625140758525795
13621.0,1260223.17731926,245629.725743562,4.0,98173.90574257294,11.494495733395532
13623.0,1280458.85695598,231380.570144981,3.0,43946.09922262343,10.69071914428526
13625.0,1284401.39961602,193692.831226379,1.0,0.0,
13627.0,1272228.81438754,227570.756957069,4.0,460949.8540885237,13.041044539681563
13628.0,1282167.86834972,244317.404206231,3.0,57785.6561542113,10.964495860440882
13629.0,1282166.95724572,244631.939310551,4.0,131084.6973262207,11.783598937738422
13634.0,1274267.73547763,204866.54118982,1.0,0.0,
13637.0,1284475.61139208,240014.161193818,1.0,0.0,
13638.0,1284542.78252816,240181.152297989,3.0,65179.708434437125,11.084903479144927
13639.0,1283769.53241536,196515.499837279,3.0,87018.61520253992,11.373877342594152
13641.0,1273507.6294288505,224314.24866573507,4.0,144060.1509387446,11.87798620619197
13642.0,1274961.63435835,232057.005153671,3.0,180301.20606183863,12.102384098363926
13650.0,1277762.43583322,256926.795003131,1.0,0.0,
13651.0,1277867.62136932,256924.634875134,3.0,965948.2859336352,13.780865577531456
13652.0,1288904.95917262,191826.696824476,2.0,5997.789941877736,8.699146337334861
13653.0,1289152.73984487,192036.662008688,3.0,449109.5100100687,13.01502203455875
13655.0,1279017.0481865,199205.530176029,2.0,276777.09177645267,12.530967738377557
13656.0,1266274.43620545,256263.187066451,4.0,149047.57893484182,11.912020855665617
13659.0,1266282.83153346,256919.290427133,4.0,272519.52393378865,12.515465537982324
13660.0,1270239.3052655,223098.986008495,3.0,105728.19104967309,11.56862684443118
13661.0,1270583.69464186,223305.234648705,4.0,333337.5694461335,12.716910977553814
13666.0,1272020.87121934,202224.52710712,2.0,79088.29366814016,11.278320148721875
13670.0,1278872.66169035,238217.900007978,2.0,577.7036525900131,6.3590610254087645
13672.0,1282101.09254165,174692.540518925,1.0,0.0,
13674.0,1271163.75185846,231561.582625166,1.0,0.0,
13675.0,1268938.54929617,224820.363482267,4.0,727265.3331031178,13.497046659810842
13676.0,1272377.2999557,232331.617505953,4.0,706833.124500161,13.468549883779671
13677.0,1272471.11275579,232371.118369997,3.0,529596.4585789626,13.17987059660932
13678.0,1278261.02309772,203573.61363650896,3.0,50859.96336471724,10.836831318659636
13679.0,1278843.51737031,213214.02676637503,3.0,281567.37079379184,12.548127025791807
13680.0,1259947.22967097,250401.013748452,3.0,43125.0552980347,10.671859436606107
13681.0,1262617.0734497,168745.419552833,3.0,152369.86082526477,11.934066139063132
13684.0,1268588.76427183,244095.180909991,4.0,151656.1182247381,11.929370856679691
13685.0,1278229.14783369,257389.750779614,1.0,0.0,
13688.0,1273038.70942837,194655.567483366,3.0,101792.66452210589,11.530693322762648
13690.0,1273845.34398921,246892.748144865,1.0,0.0,
13692.0,1262951.18135405,254860.133113027,3.0,7949.158290026095,8.980821326574759
13693.0,1286409.92019407,196062.177532807,4.0,753641.1905473678,13.532671659120226
13698.0,1280420.89017193,230056.796575621,3.0,10651.393938887592,9.273446048853234
13699.0,1269555.01464081,246211.303664163,3.0,82462.9964992472,11.320104944422472
13700.0,1273019.57298036,220895.841814235,4.0,862752.6972512136,13.66788336729696
13701.0,1284069.08268768,243247.248877123,3.0,88446.04615767488,11.390147997149278
13702.0,1279968.86553147,204970.307717934,1.0,0.0,
13703.0,1267629.17662284,241765.125547618,6.0,642254.6318962825,13.372740126929436
13705.0,1284685.6457603,205315.368710279,1.0,0.0,
13706.0,1273452.2489488,210065.990091145,1.0,0.0,
13708.0,1285874.63027352,209079.967434138,4.0,118137.51128597504,11.679604574835844
13711.0,1268273.1733595,229703.638495266,4.0,1271760.8645693643,14.055913005655688
13713.0,1279583.30489108,173766.020069987,3.0,46810.66666666666,10.753866376163788
13714.0,1266858.10302204,171369.160995528,3.0,52479.779708318645,10.868183225978036
13715.0,1266843.63812603,171034.986467183,1.0,0.0,
13716.0,1265055.33233219,210660.024651766,4.0,413869.0544273295,12.93330490912227
13717.0,1282404.70706996,227164.591388658,3.0,29630.280758990528,10.296552116020205
13718.0,1256294.73469123,255103.671353266,3.0,42745.76398189887,10.663025381312636
13719.0,1281245.23564477,252558.066550657,4.0,167725.3035399948,12.03008282217752
13721.0,1270483.39793776,197640.940478429,3.0,95794.6837844602,11.469962469563844
13723.0,1274678.08242205,236816.104230538,3.0,13251.198374291103,9.49184327066734
13726.0,1287850.00294754,192874.305017546,1.0,0.0,
13727.0,1263526.15825063,173970.237158194,3.0,125245.3712824507,11.738030062435492
13729.0,1294190.84922603,186545.104371071,3.0,79672.33963839829,11.285677748560495
13731.0,1266014.84484518,242770.570028633,4.0,283944.14377720206,12.55653282095908
13732.0,1266169.03025334,242766.17041263,2.0,41735.02843311954,10.639096065562178
13734.0,1282132.62201369,213214.67406237096,5.0,543776.3755342896,13.206293366938345
13735.0,1259937.11095096,258387.870460629,1.0,0.0,
13736.0,1259947.43543097,258787.524861038,4.0,1171418.1456717453,13.973725663103247
13737.0,1276371.45272779,222074.546455443,4.0,494081.4338146653,13.110455628363162
13741.0,1262882.37706597,251637.319349721,4.0,1356559.0386261386,14.120461932895656
13742.0,1272363.36331569,237763.719463512,1.0,0.0,
13743.0,1272500.31973182,237760.977383509,4.0,94743.5694838951,11.458929252397668
13745.0,1278904.45196238,219407.234836712,3.0,24524.729033002204,10.10743723576915
13746.0,1261343.51005641,257694.998523921,4.0,832503.1565674328,13.63219229250214
13747.0,1291146.19584692,186266.077426776,2.0,23003.75612148152,10.043412791207352
13748.0,1264913.33655606,246785.273584753,3.0,82300.36626265358,11.318130836991267
13749.0,1269313.84907256,255517.343737692,3.0,955425.3121888548,13.769911873399954
13750.0,1267426.95620663,179525.747691885,3.0,14757.732978521824,9.599522494116899
13751.0,1267384.54161459,177384.014121681,4.0,1363356.2088199465,14.125460018295643
13752.0,1267376.14398257,176933.672809228,4.0,939876.1111199696,13.753503348879358
13758.0,1274901.75755829,256346.824378535,4.0,92391.3277485975,11.43378839769041
13760.0,1274720.5055901,194010.355514705,2.0,93180.0,11.442288385370787
13765.0,1281781.29990132,209156.292746216,4.0,129301.3060267876,11.769900665457488
13766.0,1282817.11967839,195270.156476006,4.0,1486111.2795893007,14.21167338677862
13767.0,1271093.21265838,195011.78105174,3.0,635341.4184692934,13.361917800264559
13768.0,1273561.37074091,256051.713402241,4.0,89241.30475244512,11.399099269152778
13770.0,1285149.25606477,192651.793657318,3.0,123818.00508798056,11.726568065555778
13771.0,1281169.07666869,229830.783263385,1.0,0.0,
13772.0,1281198.12812473,230035.682143599,3.0,93182.0,11.442309848973883
13777.0,1277977.62834543,225978.162651449,4.0,428617.8859742908,12.968321092308829
13779.0,1282411.47673397,227338.929948837,3.0,80294.3296589386,11.29345428298249
13782.0,1281751.2910693,204865.335493818,1.0,0.0,
13783.0,1281775.92914931,204454.331397399,4.0,366814.1136941229,12.81261049652529
13784.0,1282139.81817369,243557.57367745004,3.0,179854.58990420133,12.099903969533186
13785.0,1282144.8440937,243693.723693579,1.0,0.0,
13794.0,1279411.2298189,198520.560767323,3.0,138920.28798899002,11.841655579912224
13795.0,1284548.71692815,247475.758769453,3.0,400781.774880548,12.901172355863995
13796.0,1272165.10289948,249576.792627603,4.0,646441.808562867,13.379238463186015
13797.0,1293496.88506532,188368.087284938,1.0,0.0,
13800.0,1282546.88627011,224972.501274422,4.0,151167.8132839324,11.926145844960182
13802.0,1281418.56959696,243845.860525742,1.0,0.0,
13803.0,1270989.86737828,206270.830343261,4.0,286239.6440174912,12.56458465509131
13804.0,1281080.33964461,210214.048523307,3.0,172590.02762648807,12.058674278595475
13808.0,1278370.60063383,215470.556368679,3.0,87714.0369077602,11.381837221513463
13809.0,1280583.2976601,210194.54529129,3.0,70276.36351983571,11.160190798216682
13811.0,1282710.64543828,224724.883994162,4.0,1690145.1180878514,14.340324951903787
13812.0,1271595.4757629,245289.076783225,4.0,1106118.2304200104,13.916367354465047
13814.0,1269215.12779246,257639.910715863,1.0,0.0,
13815.0,1287061.44217874,202866.67840378,1.0,0.0,
13819.0,1258307.28810129,257385.206139609,3.0,76649.39293444439,11.246996964300488
13821.0,1259677.3913347,249878.807475924,4.0,1053888.8576293048,13.867997554353856
13823.0,1283535.19238313,182928.992559358,3.0,845071.6534739856,13.647176699754882
13824.0,1289703.89587744,180091.315820456,2.0,46592.0,10.749184131556358
13828.0,1276120.18687153,225287.052826732,3.0,295981.1152620244,12.598050931480445
13830.0,1273244.47640459,231576.19478517803,3.0,9290.274605450206,9.136723390622924
13831.0,1274855.42431024,217627.47368289495,3.0,73496.8662901213,11.204998048783455
13835.0,1281314.16364485,181088.360045478,3.0,65438.916530685696,11.088872414456889
13836.0,1281307.31954885,180479.578156859,1.0,0.0,
13837.0,1276435.03659986,217879.26843515,4.0,328560.03398912173,12.702474852079186
13842.0,1267338.66993454,244174.201710075,3.0,55806.673971627366,10.929648746443565
13844.0,1273899.16440526,226689.432924166,3.0,48632.954628676285,10.792056658876389
13845.0,1270027.7226733,242291.294764146,4.0,418048.1280818388,12.94335184383068
13846.0,1275849.77599126,212119.543053254,3.0,1284729.9665853423,14.066059111493237
13852.0,1274798.55627818,247940.835249931,3.0,2544.5054923932294,7.84169160456192
13853.0,1274056.10827741,240618.62090644205,3.0,14864.037126070636,9.606699958767846
13854.0,1274842.39448622,218162.910931438,4.0,154455.32325009027,11.94766016359993
13855.0,1274837.10379821,217919.9970112,3.0,64339.39358148309,11.071927375530743
13859.0,1277186.54296862,178436.89949876102,3.0,77580.66505755151,11.259073513495903
13860.0,1287914.3732516,182260.131310672,2.0,259699.32940654823,12.467279815462478
13861.0,1284756.81228837,179993.078764349,3.0,747371.6017389203,13.524317799243844
13862.0,1278375.99205784,248916.571826935,1.0,0.0,
13863.0,1278675.35794614,248911.248690933,3.0,186350.0,12.135381904907405
13864.0,1276266.46085568,230850.49379243,2.0,15361.96887959168,9.639650180752103
13865.0,1266658.61194985,240940.004138768,5.0,659120.4019363343,13.398661500796809
13867.0,1282516.89811008,228661.568094194,3.0,60641.61009818899,11.0127365717149
13868.0,1284356.10572797,240316.910250127,1.0,0.0,
13869.0,1284518.64972813,240389.65482620904,3.0,158303.1274819935,11.972267002351098
13871.0,1282035.32793359,191953.249400601,3.0,94113.74798604308,11.452259414647353
13874.0,1282425.51481399,224088.436121508,4.0,221617.29146603253,12.30870726089245
13877.0,1274091.28210145,242422.475564286,4.0,145147.1768515026,11.885503519394542
13879.0,1272262.50987558,243483.470509365,3.0,102573.17186120297,11.53833169469193
13880.0,1289410.62912513,187960.119924515,3.0,453840.2896440346,13.025500630207619
13883.0,1262805.39588189,244512.813614428,4.0,250384.68676779213,12.43075376125733
13884.0,1274664.90987805,222387.956567764,4.0,386844.89944608585,12.865779115054401
13886.0,1282044.0273896,248565.90161857,4.0,122384.8286271672,11.714925692253583
13891.0,1278765.92402624,229959.778399527,4.0,300486.0268663741,12.613156532263528
13895.0,1271555.45841886,247757.955697745,4.0,39562.326870681136,10.585632602780429
13897.0,1277770.72031322,221880.008791253,1.0,0.0,
13898.0,1275105.2781345,236336.596006051,4.0,211650.54410506287,12.262691816723288
13905.0,1262153.14000922,256219.635322407,3.0,59281.11566318495,10.990046080022037
13911.0,1280254.84261976,249924.707315966,3.0,43874.6996550516,10.689093115275828
13912.0,1277438.49196088,219798.566421121,4.0,93944.41634230784,11.450458570848813
13913.0,1277257.7852727,219374.955732688,3.0,174909.47127049151,12.072023812030446
13916.0,1265869.36087704,244526.764014438,4.0,81748.86143110358,11.311407161214238
13917.0,1282699.31084627,229499.192351043,3.0,330050.7525214256,12.707001717136816
13918.0,1282315.06092587,230004.636575565,3.0,978231.1774457006,13.793501298840475
13919.0,1282682.27807824,212644.050253794,3.0,32860.15035035017,10.400015967063146
13920.0,1282436.313022,226436.386139914,3.0,172248.30995390893,12.056692377239434
13921.0,1262358.36695343,258833.602877095,4.0,1298133.3162275134,14.07643787992999
13924.0,1277116.72850455,204261.882629201,1.0,0.0,
13925.0,1260905.84029596,246147.4284641,3.0,22648.44100483346,10.027846298733623
13926.0,1260281.82775131,246161.308976114,3.0,15300.923799889311,9.635668484635517
13927.0,1269229.07268848,258830.906685084,3.0,1151300.2058299992,13.956402475442248
13931.0,1293164.50938499,185267.149297759,1.0,0.0,
13932.0,1264284.09175541,177691.223785996,2.0,744992.0,13.521128759049008
13933.0,1287183.39341086,205659.766982645,1.0,0.0,
13934.0,1274655.05624603,194927.481339648,2.0,46592.0,10.749184131556358
13936.0,1278476.00991394,207630.876872659,4.0,165690.53934738034,12.017877106717561
13943.0,1275484.27147888,235483.430053174,4.0,425320.26846138266,12.96059773696341
13944.0,1275698.5472551,235478.703077167,1.0,0.0,
13945.0,1266949.84132615,257431.934395656,3.0,31631.03322794703,10.361893981841005
13947.0,1284556.14342417,249844.902003884,3.0,11647.46467283406,9.36284381066073
13950.0,1285835.88723348,253685.764407814,3.0,138348.77125599846,11.837533103758924
13954.0,1275174.87839057,226163.725595638,4.0,561417.9564283674,13.238220927486344
13955.0,1271678.85515498,252620.93387872,3.0,112454.1969744835,11.630301279718841
13957.0,1270069.64088133,259472.703293741,3.0,66124.06073707803,11.09928796470551
13959.0,1272743.70936407,229563.607903123,3.0,107913.7878120275,11.589087926326641
13961.0,1259101.8317821,258271.284732506,1.0,0.0,
13964.0,1277671.21855313,181237.663213626,1.0,0.0,
13965.0,1295355.68186723,186102.308338612,1.0,0.0,
13968.0,1261276.35236032,254351.8369205,4.0,1367508.3255008238,14.128500901377345
13969.0,1260362.7400074,258380.13855662904,3.0,1589089.7458493086,14.278671923375999
13970.0,1278007.16536947,223294.311768696,4.0,691379.9471346806,13.446444802772634
13971.0,1254878.87760177,250195.346548244,3.0,769139.6175171019,13.553027789247665
13973.0,1286559.75949022,191814.543352455,3.0,286802.92343481444,12.56655058094301
13974.0,1286536.0131222,190817.320567444,3.0,219196.0510977129,12.297721818828546
13975.0,1286135.34265779,175943.83460021,1.0,0.0,
13976.0,1276925.32895236,181727.185198128,3.0,82826.63890737227,11.324505014565108
13977.0,1276925.28888835,180756.104813144,1.0,0.0,
13980.0,1285747.45990539,243596.44369348895,3.0,223849.2777889066,12.31872823734676
13986.0,1268603.96235183,244378.098286286,4.0,234112.3433638036,12.363556378974096
13988.0,1285765.31584141,192935.195961609,3.0,81536.51271052723,11.308806207621137
13996.0,1272608.56753993,178113.873258427,1.0,0.0,
13999.0,1270729.84561801,228112.023261636,4.0,74235.89750032254,11.215003105969867
14000.0,1270422.17726569,228406.991133928,4.0,363361.313181309,12.80315297132809
14003.0,1273315.50578065,248769.404466778,3.0,153932.39398975854,11.944268784940522
14008.0,1275179.35179856,227527.31542103,4.0,294781.21497397183,12.59398871601185
14009.0,1275310.2498467,227522.062493026,4.0,248283.0306786333,12.422324627149694
14011.0,1271894.67595521,251026.571573094,3.0,162297.13061129523,11.997184073810324
14012.0,1276043.59941545,220195.738837525,3.0,296263.2403036252,12.599003663440794
14014.0,1271897.18315521,199812.434176654,1.0,0.0,
14015.0,1266653.96727784,229318.328862861,4.0,122438.59740915362,11.715364937661766
14017.0,1262655.15799375,255692.707897872,4.0,1255723.6745875613,14.043222597496516
14019.0,1278769.24127424,175783.507816046,3.0,151714.5159254683,11.929755849127066
14020.0,1288144.73401985,181903.172078311,1.0,0.0,
14022.0,1254697.67587359,253106.292791218,3.0,86189.60101406605,11.364304811486585
14023.0,1284624.31910424,203847.914308786,3.0,142388.9658037093,11.866317787624212
14026.0,1276988.27071242,246006.064239949,4.0,185485.9510401476,12.130734422528912
14027.0,1276428.25778385,248071.630642071,4.0,79945.06356712335,11.289094972354903
14029.0,1262620.8913697,170563.679010704,4.0,156542.64042655792,11.961083714640607
14030.0,1262273.84055336,170577.177314714,1.0,0.0,
14032.0,1271560.48568286,175470.572711721,1.0,0.0,
14033.0,1263247.57316235,169267.202273369,3.0,55606.59766716131,10.926057136277208
14034.0,1274871.63653426,229231.88188678,4.0,1125126.8559672425,13.9334063481234
14035.0,1274876.26053426,229657.991903216,4.0,724897.7723376333,13.49378592022263
14036.0,1274525.9101979,176467.997928753,3.0,1379740.7321256013,14.137406164211315
14037.0,1284745.42451236,243772.927597672,3.0,81847.40989313972,11.312611937743172
14038.0,1273898.28050126,235990.481253698,4.0,228676.56389752025,12.34006389945393
14039.0,1260967.25162402,249052.674291074,4.0,139236.91025925428,11.843932151642218
14040.0,1270269.15128154,205474.428742453,4.0,78846.87456121501,11.275262953827717
14044.0,1263516.78129062,169428.02972953,1.0,0.0,
14046.0,1256539.13974749,258451.91762869095,3.0,1135958.2514727262,13.94298712712377
14047.0,1256295.58544323,258456.825404704,3.0,1244638.048748884,14.034355321716081
14048.0,1279856.29157935,199291.760320112,4.0,367145.1645802431,12.813512592645251
14049.0,1254029.01315291,249584.781491622,2.0,392.6943749745133,5.973031637505091
14058.0,1265279.69079643,256288.605626479,4.0,71331.10845655315,11.17508781498806
14059.0,1275083.84376647,236754.599462479,2.0,2553.3167534013005,7.845148480599479
14062.0,1273557.5446929,255718.877497897,3.0,9908.09191619148,9.201107067533465
14065.0,1283088.41503866,196319.733501077,1.0,0.0,
14066.0,1276374.5882158,234143.516387805,4.0,444323.7700429728,13.004308787477111
14067.0,1273856.75666121,203350.217412278,3.0,101496.29383996148,11.527777562905326
14068.0,1283330.89555092,252515.796278626,3.0,20561.4311023946,9.931172323294303
14070.0,1279811.33989932,175100.989159346,3.0,314723.3924300504,12.659449412765511
14071.0,1279809.92223531,174430.266406655,3.0,456269.0819421317,13.030838006439073
14072.0,1277958.20748141,238068.307431832,4.0,1149242.780502054,13.954613831727537
14074.0,1276896.80440833,229093.539614633,4.0,413959.2469816723,12.93352281071985
14075.0,1273046.69790839,222119.31931948703,3.0,76497.60303880749,11.245014686497697
14077.0,1275540.48888694,205858.536582842,3.0,12338.207032603175,9.420455989706866
14079.0,1265503.63460466,250941.262709007,3.0,33073.17735511558,10.406477881043443
14080.0,1262196.32791327,172734.948964924,1.0,0.0,
14081.0,1268659.18865588,213590.811150759,4.0,156263.64151455462,11.959299869480878
14082.0,1269220.43326446,213579.98798275,4.0,204097.1191843096,12.226351233971766
14083.0,1275181.72152656,254013.049528152,4.0,680451.7143012551,13.430512142349322
14085.0,1284063.94623967,192675.850041345,3.0,263594.9842323514,12.482169053479348
14086.0,1264704.47741984,176358.20944863596,3.0,242336.0367526313,12.398080623573346
14088.0,1278010.53381747,204919.823877886,2.0,120.83333333333331,4.794412185626619
14089.0,1265982.39114915,259569.605629846,3.0,168948.47781496937,12.037349082424248
14090.0,1275145.10021453,214580.46830377,4.0,333964.7277953443,12.718790660979034
14092.0,1271479.32209878,248824.292530835,4.0,92453.93774621304,11.434465829160914
14093.0,1281521.73542106,255690.842425868,4.0,430357.3145085741,12.972371106583752
14095.0,1258265.01290125,258287.82246053204,3.0,56912.59387376966,10.949271929081952
14098.0,1267378.13118258,245984.449071929,4.0,577661.1675875275,13.266742760516685
14099.0,1271063.21009836,215848.726545066,3.0,70113.03479203791,11.15786400141507
14100.0,1271048.45189033,215088.928528294,4.0,250796.08846833897,12.432395491400536
14103.0,1262829.91453792,261148.814463466,1.0,0.0,
14105.0,1270320.71384159,207796.949064821,3.0,122057.6641711628,11.71224886918887
14106.0,1261929.903209,250352.038132399,3.0,31024.98908975276,10.342548258412883
14107.0,1260636.03376767,255720.308217898,4.0,590949.5701722164,13.289485963089612
14109.0,1275495.85803889,236845.410598576,3.0,191577.33967812848,12.163046868621283
14110.0,1275541.84415095,237343.937191084,3.0,73078.18913031636,11.199285230906282
14111.0,1267042.51140623,175920.564968184,3.0,495023.3202161373,13.112360151988865
14112.0,1272703.76254803,181755.823598161,4.0,719937.0005394956,13.486918987913254
14113.0,1283141.32211073,211525.219148651,4.0,102475.6460587854,11.5373804499029
14114.0,1269347.9615206,244753.860014677,1.0,0.0,
14115.0,1272173.17931549,229590.648223147,4.0,1151271.0636036498,13.956377162674094
14117.0,1264741.35492387,241597.922091439,4.0,341189.33507885016,12.740192837015163
14118.0,1282989.27123056,227121.45929262004,3.0,206054.70749839116,12.235896982894687
14119.0,1283839.96537544,245227.747887149,2.0,4067.769234355792,8.310850028508229
14123.0,1275840.02405524,204571.989957526,1.0,0.0,
14125.0,1273122.53336446,197061.230653837,3.0,233923.2508506913,12.362748352722512
14126.0,1280887.37810841,204435.421637386,3.0,324864.6080747851,12.691163783974806
14130.0,1280889.74585241,219038.224788338,4.0,380352.2241246869,12.848853007982129
14131.0,1280877.5080284,218728.466196015,3.0,44443.40209096608,10.701971795525612
14134.0,1257004.55350795,258712.510588959,2.0,1898.716916845557,7.548933630108713
14140.0,1281297.97081283,201488.616834372,1.0,0.0,
14141.0,1281326.87001286,201271.643842146,3.0,90705.8393606819,11.415377015074759
14142.0,1267309.8507985,226884.860956371,4.0,53656.951975024,10.890366319813625
14143.0,1276773.6435762,213950.183119133,4.0,296716.13168155565,12.600531175146553
14151.0,1287388.93235508,251395.44286947,1.0,0.0,
14152.0,1271554.06801885,254142.369784281,3.0,29882.51671984354,10.305028863271549
14154.0,1295272.02221914,185524.090354025,1.0,0.0,
14155.0,1276691.55839212,204254.576517195,1.0,0.0,
14157.0,1275858.48754327,247370.332145348,4.0,132776.2672333361,11.79642078946148
14158.0,1286997.73331466,196070.760572821,3.0,46639.99999999999,10.750213821024374
14161.0,1257603.63267657,253070.199351192,4.0,233229.52996049376,12.359778354774821
14162.0,1279577.21113107,225576.983323038,4.0,596197.0747319353,13.298326553692661
14165.0,1271259.94129856,205187.397190154,4.0,214212.2712173699,12.274722723951355
14166.0,1285839.70188949,206514.953223512,3.0,179756.7585759376,12.09935987474257
14167.0,1286149.1388818,206511.543815508,4.0,147077.54927558798,11.898715272749788
14168.0,1260552.35447159,257048.031291261,3.0,242225.673993505,12.397625107759417
14169.0,1260334.40509537,257052.471611261,3.0,261401.30673268493,12.473812079137135
14170.0,1282057.94495761,192082.813112736,3.0,376425.8913371024,12.838476471089358
14171.0,1267304.6585425,242277.749484137,4.0,865448.1171223352,13.671002706246812
14172.0,1267478.48823868,242273.668140128,3.0,14222.288800315277,9.562565646826746
14173.0,1274339.8314777,232767.595938399,3.0,972019.2304302644,13.787130867640144
14176.0,1286790.96601845,251781.466677874,3.0,340901.90804526967,12.739350055192377
14180.0,1263976.0421551,174280.158438504,3.0,17228.522038046096,9.754321547435723
14182.0,1275623.77541502,230373.347807944,3.0,41263.47432805555,10.627732988801311
14186.0,1293193.85120901,186329.492594838,3.0,56187.15147963984,10.936443388385214
14187.0,1293186.79412101,186071.631282583,4.0,103934.2674261644,11.551513934320322
14189.0,1275940.70264734,227893.78153340504,3.0,138481.7042508599,11.838493496611884
14190.0,1259928.05648695,260115.764990404,4.0,477052.9072401197,13.075382680365635
14191.0,1271395.4312187,228254.205341771,3.0,276441.0709139618,12.529752952145019
14194.0,1284309.61107191,250512.146420568,4.0,143943.19717574224,11.87717403667938
14195.0,1284308.67475192,251173.375093251,3.0,42784.94082491076,10.663941469770931
14199.0,1271919.63621123,176656.423080936,3.0,62359.63920549864,11.040673537483048
14200.0,1278151.05349761,174158.796838388,1.0,0.0,
14204.0,1274044.40587741,202704.407043606,3.0,28708.96240098476,10.264964631778799
14206.0,1268613.45713584,258845.803325102,3.0,483391.3992560574,13.088581954904692
14207.0,1281511.22297305,251227.5967253,4.0,184370.3998433489,12.12470205576279
14208.0,1279754.69337125,198123.367358923,3.0,48838.19949411238,10.796268062150181
14209.0,1278221.99429768,233231.080226868,3.0,59537.97086198408,10.994369553740183
14210.0,1277116.60677655,214580.80980777703,3.0,81568.03775448601,11.309192770034773
14211.0,1274533.18379791,247409.301233396,3.0,38030.35350867504,10.546139896400403
14212.0,1266217.10135739,228314.644189835,4.0,66187.34369394786,11.100244540776446
14213.0,1266433.75934161,228552.982622087,4.0,84019.23310995268,11.338801017211503
14219.0,1264133.88305126,249664.581171706,4.0,997749.2293847618,13.81325725055765
14220.0,1277735.45458518,207560.736584589,2.0,34183.492246926304,10.439498123683425
14224.0,1276998.45804043,255079.561785251,3.0,864990.5810475984,13.670473896892418
14225.0,1292091.73133588,188980.491573557,3.0,140430.9993748987,11.85247153947111
14230.0,1276809.75237624,226551.191068038,3.0,59188.183224471926,10.988477193253098
14231.0,1284154.72198376,251176.782901242,4.0,295028.666793988,12.594827806173557
14234.0,1265673.29137284,248023.953202024,3.0,83477.53041679031,11.332332777820998
14238.0,1270213.27249748,196081.659772828,2.0,54224.721399069625,10.900892197813175
14241.0,1280684.80108421,219065.18075636,4.0,63277.4143278096,11.055283740794598
14243.0,1280743.02534026,231180.383264765,2.0,3016.6750422382847,8.011910524454589
14245.0,1271571.32817887,223533.751576945,4.0,879168.3606840798,13.686731694940944
14246.0,1271848.69605115,223696.615705103,3.0,716206.5861829207,13.481723932514967
14248.0,1294466.97793032,184839.943793327,3.0,276377.45101059834,12.529522786544117
14257.0,1270271.92331354,223832.000281245,4.0,424965.3278178789,12.959762862973603
14258.0,1273932.19550928,245772.93111971,3.0,988560.9301721908,13.804005558714135
14259.0,1277406.27845685,244680.948782593,4.0,199042.83482738884,12.201275330932477
14263.0,1279526.28633101,222394.51695177,3.0,119606.2443800741,11.691960329671483
14265.0,1283653.47097525,174663.538918898,1.0,0.0,
14269.0,1288250.26989195,201500.987842381,1.0,0.0,
14270.0,1283021.4525426,205409.897734389,4.0,776757.957449082,13.562884071746215
14274.0,1286542.0593942,175125.139687374,1.0,0.0,
14275.0,1274255.56523763,211075.719372183,1.0,0.0,
14276.0,1271556.53688286,213099.572302252,1.0,0.0,
14279.0,1275180.25336657,216736.351761982,4.0,44299.397761437125,10.698726361390868
14280.0,1272834.44933216,249553.141107589,4.0,912275.1143249178,13.723696884010094
14284.0,1271707.84235501,235855.577317566,3.0,89713.31891667185,11.404374519930432
14286.0,1281692.66649324,212475.967245623,1.0,0.0,
14287.0,1260523.92637555,260365.361278653,1.0,0.0,
14290.0,1284769.08620839,183586.24452804,3.0,66713.57310264462,11.108163705993732
14291.0,1284812.78003243,183511.995311961,3.0,11735.254378373284,9.370352784946075
14292.0,1264048.80516317,245546.931247488,3.0,81560.09360897318,11.309095372419135
14295.0,1271695.904691,254137.192952275,3.0,4619.043981141024,8.437943032173761
14297.0,1272415.84350774,222745.30332014,1.0,0.0,
14300.0,1265543.4671807,252681.587958783,4.0,1650638.9630096836,14.316673021223615
14301.0,1262897.024298,252330.254006431,3.0,1382275.7127834917,14.13924176614942
14302.0,1254865.40982577,249398.502323434,4.0,89575.83319577796,11.402840843785244
14303.0,1254195.47939308,249415.98885144305,3.0,126271.02621697896,11.746185877563548
14304.0,1286155.6300178,206937.075783953,4.0,110665.3470987894,11.614266035353307
14305.0,1282201.13170975,198681.577471495,3.0,115774.11073783612,11.65939625036792
14306.0,1273504.46174885,231570.988129169,3.0,6397.867923150149,8.763720076837513
14310.0,1282230.15033379,196445.462525204,1.0,0.0,
14311.0,1271684.97752298,177849.461994156,3.0,307900.6006989686,12.637532284865442
14314.0,1259174.75159018,251541.645365626,3.0,73714.22168871349,11.207951026844045
14317.0,1283626.73779121,203310.361860231,3.0,1400.0247962811864,7.24424522707592
14318.0,1274863.22674224,226597.731292084,4.0,157921.687824052,11.969854542452468
14320.0,1274620.61342999,190620.258295238,3.0,12422.778955401622,9.427287078881555
14321.0,1274856.26322223,190195.841526806,3.0,70861.54944709585,11.16848324449561
14322.0,1254846.03612974,247814.105905801,4.0,141721.43375046513,11.861618675711082
14323.0,1254150.24848104,247822.930673808,4.0,249577.5391837692,12.4275249241838
14325.0,1272777.23947611,231691.58499330297,3.0,7488.122202164371,8.921073337757752
14326.0,1270107.11518538,228693.592286229,4.0,206808.70055926256,12.239549493068255
14327.0,1270265.39736153,228867.555870399,3.0,5883.859694636966,8.679968236201976
14329.0,1274041.01810139,206209.229127198,4.0,553885.7984683117,13.224713804530765
14334.0,1278781.60441026,206720.349511728,3.0,40164.30075903743,10.600733839245303
14335.0,1276715.53836013,248601.728306606,1.0,0.0,
14342.0,1271571.00664288,255575.244857758,1.0,0.0,
14343.0,1271762.54168306,210782.693707883,3.0,40496.45540701442,10.608969728450003
14347.0,1273171.73278852,242310.812396169,1.0,0.0,
14348.0,1277660.93637711,251646.026037723,1.0,0.0,
14352.0,1262701.01648979,244685.3880786,4.0,120657.2558100441,11.700709208573883
14354.0,1274852.49349423,251374.763125449,4.0,151136.95582071753,11.925941696918366
14356.0,1264071.36349919,211690.786380813,3.0,94033.02001503792,11.45140127632463
14357.0,1265617.97918078,256935.247099146,4.0,140687.2544774152,11.854294652484812
14360.0,1270317.69745758,202237.676355138,1.0,0.0,
14362.0,1284154.43225576,251406.72926949,3.0,226655.18790156124,12.33118514559109
14364.0,1264633.17405976,171990.396964163,3.0,345227.03593007417,12.751957554736624
14365.0,1264630.14225176,171675.435299844,1.0,0.0,
14367.0,1281856.6307814,222118.148439497,3.0,46736.514285714286,10.752281028626253
14368.0,1281932.69919749,222116.097239494,3.0,97849.35384127004,11.491184369238495
14370.0,1277245.48248868,180243.572396606,3.0,65353.37014651795,11.087564288442124
14371.0,1266671.68209386,242754.553644627,3.0,254140.6536909533,12.445643147423917
14373.0,1286161.52371381,207364.933192387,5.0,223110.11578641023,12.315420721330899
14376.0,1274633.64914201,244220.929646119,3.0,845969.6067401834,13.648238712103986
14377.0,1272715.10475604,209477.949962541,3.0,27746.11741259503,10.230851196326197
14378.0,1270485.44811375,222787.619160175,4.0,118188.37504189396,11.680035029218093
14381.0,1270492.15544176,223093.639256492,3.0,127321.71620115184,11.754472360736159
14383.0,1264649.32266778,174277.311974511,4.0,81667.77104835644,11.310414723808417
14384.0,1270772.43736206,175892.480040163,3.0,590045.3753790791,13.287954720346846
14385.0,1294498.43226635,185865.719602376,3.0,198612.7372271919,12.199112163618173
14386.0,1285681.95936131,204622.988485575,4.0,576511.6082753994,13.264750754265458
14389.0,1283075.78643066,208256.279497296,3.0,507844.10865983646,13.137929806748694
14395.0,1284365.42035197,206193.908295184,2.0,21739.30335031589,9.986877115558077
14396.0,1274061.75890142,207040.566984057,4.0,119764.27522597264,11.693280716736005
14399.0,1274342.20421371,207865.590600893,4.0,210199.7973077279,12.255813773141591
14400.0,1284718.53612834,255086.860025257,1.0,0.0,
14401.0,1280349.61637986,213342.888718501,3.0,61533.97447361769,11.027344731726402
14404.0,1278417.48837788,255912.758010104,1.0,0.0,
14405.0,1271842.86699516,218144.263635427,1.0,0.0,
14409.0,1282501.69017406,173793.235878006,1.0,0.0,
14410.0,1274307.01758967,206481.383431479,3.0,143158.25040900055,11.87170594357729
14411.0,1274965.01202235,206466.475975469,4.0,221148.70700378937,12.306590636586138
14412.0,1262344.24260142,261540.046271861,1.0,0.0,
14413.0,1279367.71250686,222399.389335781,2.0,46591.99999999999,10.749184131556358
14416.0,1268289.85739151,258523.220924765,3.0,73981.67638470499,11.211572725101393
14417.0,1261675.25674474,257687.896507919,4.0,1113090.3162079367,13.92265077360333
14422.0,1281035.46182056,197339.790782124,4.0,352219.6664078589,12.772010312235627
14423.0,1274125.79550949,213315.881230474,2.0,53350.03349779375,10.884629884617121
14429.0,1280181.82636368,219834.134293154,5.0,452022.0090658919,13.021486150252576
14430.0,1280325.77983584,219828.575573146,3.0,157686.49765181766,11.968364148815086
14431.0,1285457.49984109,199430.364416257,4.0,204498.3279900165,12.22831507834363
14432.0,1276441.25874385,249998.777012035,4.0,102494.94549635962,11.537568764114074
14435.0,1266218.9504454,169947.273122072,1.0,0.0,
14436.0,1275929.34373534,218736.040980026,1.0,0.0,
14438.0,1281267.98790081,225635.572507098,4.0,190012.29451219717,12.154844057008086
14441.0,1286244.8772499,255540.455609724,1.0,0.0,
14442.0,1261383.97450444,259688.381693959,4.0,908474.8019842068,13.719522430588045
14443.0,1283465.30406305,247229.255665213,3.0,112264.78515657395,11.628615513247585
14445.0,1270996.24568228,244849.905134767,4.0,418643.5328830845,12.944775079963005
14446.0,1284186.2353278,195901.693308651,1.0,0.0,
14449.0,1269915.62513718,169497.493473604,1.0,0.0,
14452.0,1285425.44742505,199662.438400492,4.0,162847.9079895394,12.000571964380168
14453.0,1286011.57587366,199655.133312494,2.0,5161.388319757739,8.54896087650363
14455.0,1270503.98616178,227231.798300728,4.0,1236182.092312238,14.027538230025892
14456.0,1270781.20670606,227395.678556889,4.0,836853.4815247722,13.637404282206504
14464.0,1279658.13580315,232008.937697619,4.0,29978.16470327429,10.308224552413627
14468.0,1282589.81958215,191175.070199803,3.0,155256.23986927353,11.95283219138271
14469.0,1282764.32710233,191169.657463804,3.0,93182.0,11.442309848973883
14470.0,1263994.03396311,243148.146029025,3.0,87861.4736475842,11.383516690068193
14472.0,1289968.87142971,187552.943284094,2.0,44854.9103811615,10.711188346023748
14473.0,1261600.16900066,254347.7821365,4.0,1611930.7217860816,14.29294322456569
14475.0,1282516.00966208,256718.887290925,1.0,0.0,
14477.0,1273318.69048466,180431.69111681,4.0,176498.17473884806,12.081065813879059
14478.0,1269490.31332874,174582.108966812,1.0,0.0,
14481.0,1263638.88407475,172627.995428815,3.0,52179.187528801005,10.862438988021413
14483.0,1286775.77907445,249791.212467834,3.0,625986.3748868603,13.347083884488914
14484.0,1271824.45361914,201857.51833874,1.0,0.0,
14485.0,1272770.4664841,210773.82497187,4.0,80707.79825369199,11.298590482224997
14486.0,1272945.02520429,210772.38797988,1.0,0.0,
14487.0,1288695.53472441,188630.371573195,3.0,82750.1693955513,11.323581340313362
14488.0,1275182.96856657,227950.398237467,4.0,258436.07875638275,12.462403664814317
14490.0,1291388.87648717,181360.78833375903,3.0,103457.8872742115,11.546919922647392
14497.0,1267328.03383853,243593.992237478,4.0,464776.3014505057,13.049311496667713
14498.0,1267187.12631838,176439.437288716,2.0,1.0,0.0
14499.0,1280234.85970774,210629.802635729,4.0,77428.56271077415,11.257111018774985
14500.0,1272881.81406821,254357.730552509,2.0,49575.855359306544,10.811259207082955
14501.0,1273207.64082055,254345.941880494,4.0,529045.0798443422,13.178828924306721
14502.0,1268617.91377585,244637.811694548,4.0,420191.6363393408,12.948466163195285
14503.0,1273526.20517288,225352.442138806,4.0,405152.05505879386,12.912017720216607
14507.0,1283692.34099129,176284.727592558,3.0,465094.1245845766,13.049995082547095
14508.0,1293853.45159368,186296.200050816,4.0,631263.8145336619,13.355479143742008
14513.0,1278067.35090552,228561.094814092,3.0,132830.57795896663,11.796829745234803
14514.0,1282053.33804561,228942.341790482,3.0,11630.702128256293,9.361403615853437
14516.0,1257725.2620527,259101.195837364,3.0,25481.87702286227,10.145722773490213
14517.0,1273894.70571725,227961.786013469,3.0,180165.915048092,12.101633455588614
14521.0,1278687.75097016,249593.901555628,1.0,0.0,
14523.0,1274375.46360575,216755.779858008,3.0,13549.846500997564,9.514130497904018
14525.0,1287038.07808271,252759.195702866,1.0,0.0,
14527.0,1268555.49988778,213159.701774314,3.0,91048.47012753968,11.419147282461484
14528.0,1268659.85630389,213157.11745432,4.0,118288.77129000735,11.68088412821732
14529.0,1274183.55358955,215569.638224781,1.0,0.0,
14530.0,1257719.39293268,258830.443069085,4.0,729979.0972965612,13.50077117887429
14533.0,1267471.30686267,241768.559915617,3.0,46798.137539988864,10.753598684959766
14536.0,1271928.52952324,197097.178749874,1.0,0.0,
14538.0,1279942.14572345,255739.463353917,2.0,67728.53257905823,11.123262826228757
14541.0,1278852.74962632,180058.622956425,4.0,858995.3409947081,13.663518777196979
14542.0,1289733.66880547,181407.694381803,2.0,93180.0,11.442288385370787
14543.0,1289912.25606966,181404.06282980705,3.0,574110.177682842,13.260576604064852
14544.0,1275376.18245476,252117.03032621703,3.0,16059.687335729845,9.684067518801266
14545.0,1284596.98092821,201534.305090412,1.0,0.0,
14546.0,1275578.48351097,214569.599503756,4.0,37369.63639418672,10.528613792546905
14547.0,1273583.35627693,242795.678892672,3.0,768924.8736530918,13.552748550156407
14552.0,1284761.99833637,244552.762670472,3.0,1055492.6709386848,13.869518202559702
14556.0,1275527.01055092,227079.02991657,4.0,490894.4765981781,13.1039844684004
14557.0,1282059.28454161,192961.417657629,3.0,119421.14015302212,11.69041151747646
14560.0,1273048.22648439,194965.435643688,4.0,93970.66989415966,11.450737990160466
14561.0,1278274.34917773,235296.160740986,3.0,53692.7737118063,10.891033703691555
14562.0,1282374.15500593,197645.393534437,2.0,10010.441258109391,9.211383953066905
14565.0,1286009.32192166,206938.414023951,2.0,128827.61187091858,11.76623044755654
14568.0,1267480.86750269,243590.42730948297,3.0,187747.82835385896,12.142855002868988
14570.0,1269446.9373927,247579.804849565,3.0,744558.0283124053,13.520546070731562
14571.0,1282698.64415827,206116.964231104,1.0,0.0,
14572.0,1273388.99806874,224254.203545675,4.0,212440.2793338888,12.26641618941915
14574.0,1281972.52454153,226032.620571494,2.0,1305.8691303095118,7.17462409831423
14578.0,1279688.33753118,216627.466833875,4.0,113195.5865961196,11.636872456324392
14580.0,1277368.48588081,220843.808406189,2.0,96.52460248446226,4.569797923876731
14581.0,1272900.10008423,256071.962042257,2.0,2240.478860329441,7.714444898934839
14583.0,1270298.01643357,230920.089120507,4.0,302293.8267656429,12.619154759671323
14589.0,1282019.00774157,173690.235429898,3.0,145070.16681429883,11.884972813420609
14590.0,1281797.99474934,173099.430181295,3.0,515049.8132954784,13.152018899813916
14594.0,1285952.9496336,178865.330411196,1.0,0.0,
14595.0,1273763.15154111,196498.884989262,4.0,230230.42924670625,12.34683595266228
14596.0,1263351.28458646,250330.707828388,3.0,83028.54630740611,11.326939759062416
14598.0,1281202.90866874,213854.615695029,3.0,295567.3048668634,12.596651855940458
14599.0,1280827.83455636,209156.217610225,1.0,0.0,
14600.0,1291367.21773514,182836.655151263,3.0,99325.10103723589,11.506153597921003
14603.0,1282341.57631791,211208.966156319,4.0,55699.8637255255,10.927732979332948
14604.0,1285540.77958518,197976.339710772,4.0,569263.7536834276,13.252099144694151
14605.0,1275675.20351107,205855.030982837,3.0,287901.90197730245,12.570375082960183
14606.0,1262956.85751405,255124.097465292,4.0,424348.0435396298,12.958309254899696
14607.0,1286338.52006599,204796.438277751,3.0,37749.273610615695,10.538721512389143
14610.0,1281892.20153344,205257.394758224,1.0,0.0,
14611.0,1282341.0901099,205245.891462222,3.0,54810.10580444205,10.911629868424033
14613.0,1273790.36178115,232189.67318581,4.0,191646.94417818365,12.163410125876904
14614.0,1257422.23606838,257102.24901931,2.0,46592.0,10.749184131556358
14616.0,1280301.17125981,201086.227201954,3.0,8962.145944235352,9.10076497999762
14620.0,1271893.8882432,254985.489529148,1.0,0.0,
14621.0,1281543.91186908,195298.71353203096,3.0,343170.6034814113,12.745982988735722
14622.0,1269226.30001648,240444.30730626,3.0,38929.36063085256,10.569504016910747
14624.0,1292536.24589634,185151.638001636,3.0,2864.105968701179,7.960011527640869
14628.0,1258297.65520528,259755.425854027,3.0,65971.47073823646,11.09697766601474
14630.0,1281436.31993297,244345.541294247,1.0,0.0,
14631.0,1274182.29406954,225336.064218789,4.0,507182.7684509145,13.136626707653647
14632.0,1275792.4581672,214884.18945609,4.0,278519.1365809723,12.537242049026446
14633.0,1268270.67364749,256871.582203075,4.0,261587.2680871767,12.47452322798926
14636.0,1277296.78360873,175130.601959378,3.0,299807.8889095825,12.61089717821231
14637.0,1270591.02891387,170011.574818134,1.0,0.0,
14638.0,1270488.80836977,169948.408290073,2.0,46592.0,10.749184131556358
14645.0,1265888.18103705,242773.64254064896,2.0,1852.5111566863984,7.524297379654886
14647.0,1272782.60491611,236915.02890265,4.0,230718.60493246795,12.348954086477864
14652.0,1280988.57439652,221368.125270724,1.0,0.0,
14656.0,1280385.52146789,197356.958078131,2.0,13060.932487342086,9.477380800537448
14657.0,1265975.46698914,259013.780989274,3.0,31606.25892780974,10.36111044729801
14658.0,1283509.4433911,196519.311165273,3.0,180896.87302871677,12.105682385599476
14659.0,1273209.87870856,217144.6806584,3.0,187450.10892766123,12.141268003266376
14660.0,1273395.14341274,217139.802386388,1.0,0.0,
14661.0,1276426.31352784,224602.147034034,4.0,1420289.3153121965,14.166371152002224
14663.0,1277373.85759282,221413.113046765,2.0,526506.3035082433,13.174018582959794
14664.0,1254928.20297784,252820.913142934,4.0,881272.9814032287,13.689122710956646
14667.0,1267991.08305521,243578.36958146104,3.0,65982.36902721145,11.097142849370057
14668.0,1278978.87276246,252227.31192632,3.0,296917.99784293346,12.601211278122845
14669.0,1289698.63802144,180468.991212845,3.0,207058.07055501448,12.240754566987373
14670.0,1282200.86924575,184932.375025421,1.0,0.0,
14671.0,1279510.670523,180342.20049271,1.0,0.0,
14672.0,1279510.669563,180058.302764416,4.0,999652.8735227032,13.815163371224635
14680.0,1271293.41797058,215844.290577069,3.0,68225.63202711374,11.130575609397518
14682.0,1280307.80741982,248599.273266613,3.0,55067.79362670945,10.916320316567571
14685.0,1269725.29412898,257493.97759571704,3.0,100874.32524321324,11.5216307165111
14686.0,1269731.33611299,257996.435900226,2.0,29222.779312291663,10.282703797560695
14688.0,1278858.53932233,222620.544408008,4.0,1255615.1872921365,14.043136199522003
14689.0,1255937.60285087,253738.983479872,4.0,43694.31226316144,10.684973218451828
14690.0,1286954.56941062,174696.736998931,3.0,83107.55361076051,11.327890874555667
14692.0,1259209.75907822,168705.463264793,3.0,116172.8462036922,11.662834414540457
14693.0,1259154.52067816,168200.406176284,2.0,46592.0,10.749184131556358
14694.0,1274210.51877357,226873.090012357,4.0,107397.03841153935,11.584287885365145
14695.0,1273573.17982893,228816.65667034703,6.0,423771.3169370896,12.956949241867779
14696.0,1273766.20466112,228815.097630352,3.0,315488.7744833476,12.661878380245941
14697.0,1273586.31365293,252607.441078708,1.0,0.0,
14700.0,1280753.91967627,217066.724754319,1.0,0.0,
14703.0,1279207.65509869,222383.322071761,2.0,46592.0,10.749184131556358
14704.0,1254877.10531378,250079.440564126,3.0,759568.2956748296,13.54050551886441
14705.0,1267879.55275109,250893.160052955,3.0,473225.7674486999,13.067327863214771
14708.0,1280406.78885992,219076.633172378,4.0,437644.3899599988,12.989161964524785
14709.0,1279117.3478346,219399.285076708,4.0,594369.1956407318,13.295255946750588
14710.0,1275592.28466299,251679.409525767,1.0,0.0,
14712.0,1283082.48396666,254313.60076046,1.0,0.0,
14714.0,1292435.13748024,186623.708595142,2.0,474852.7665479331,13.070760069805402
14717.0,1263719.68573883,250324.084788382,3.0,17284.62876629736,9.757572874907693
14718.0,1272095.8074114,200851.430145711,4.0,983021.1530929388,13.79838591781226
14719.0,1272174.77445149,200866.834305733,3.0,95734.80682644092,11.469337219010743
14724.0,1281476.28178902,218438.332307726,1.0,0.0,
14727.0,1271058.23992234,227559.758557066,3.0,279228.05205992406,12.539784117817279
14728.0,1264209.58698733,177821.359722137,1.0,0.0,
14729.0,1266799.93681398,249489.330547526,4.0,106894.91237535252,11.57960150350783
14730.0,1291034.3942468,181012.023277402,1.0,0.0,
14733.0,1268282.95351951,257928.794620156,3.0,126097.64579834856,11.74481185245557
14734.0,1284640.35680026,241914.293867767,4.0,93223.29523809522,11.44275291834826
14735.0,1284974.6871686,241905.971051753,1.0,0.0,
14737.0,1273185.62578052,242780.265196651,3.0,743036.8807161461,13.518500960040194
14738.0,1273205.26059654,243456.922669336,3.0,193370.2647634884,12.172362100250343
14740.0,1284585.0268802,242736.685228601,3.0,1076.0977643901842,6.981096595692976
14743.0,1273743.28939709,197023.319997802,2.0,4805.796996866007,8.477578175884119
14744.0,1272730.48626006,182784.627311215,3.0,46925.22177545236,10.756310587611946
14745.0,1280809.43762833,245459.161455393,4.0,354819.0414134913,12.77936319599747
14747.0,1273216.72120456,221197.518038556,1.0,0.0,
14756.0,1283552.39116713,255114.537785277,4.0,864348.4696574351,13.669731287836766
14763.0,1273832.03589319,234177.298147842,3.0,1332980.7971200545,14.102928193295682
14766.0,1264118.25252324,248985.057586998,4.0,1074397.9730403302,13.887271037592521
14769.0,1275209.1391266,235486.66038918504,3.0,584983.29807707,13.279338575510819
14770.0,1275232.53541462,236334.784998044,4.0,260799.2554819738,12.471506254283527
14774.0,1283700.0273273,254456.207736611,2.0,0.0,
14775.0,1282522.61990209,194153.727930859,2.0,425856.3437141821,12.961857347051398
14776.0,1282672.84761424,194149.756858855,3.0,470668.7452298815,13.061909824568259
14778.0,1272080.81400339,222140.45346351,4.0,145533.3037965414,11.88816023147434
14779.0,1286656.11558633,192910.915833578,3.0,638744.8470871568,13.367260353284978
14781.0,1257922.07562089,255761.75141795,3.0,1633894.4415447025,14.306476951057503
14787.0,1268767.104112,180496.878636867,4.0,99897.02541071337,11.511895188524806
14788.0,1268754.94603199,179840.104684204,4.0,250421.9880477689,12.430902726045227
14791.0,1262604.08688968,168346.327136427,1.0,0.0,
14793.0,1263732.84484285,244664.60657458,4.0,61464.156123630346,11.026209456626738
14794.0,1277661.14604111,215397.37512061,3.0,256580.59293744905,12.45519809672688
14795.0,1273003.17010033,233146.836002782,1.0,0.0,
14799.0,1291612.9281994,180875.835565254,1.0,0.0,
14801.0,1275999.92267941,243088.966060966,3.0,27999.1366603471,10.239928955122945
14802.0,1286463.14387412,195789.537980527,3.0,292150.32880758576,12.58502377345717
14803.0,1271783.83921909,247214.491889194,4.0,81851.79996759963,11.3126655736094
14805.0,1265489.48996465,250292.299060345,4.0,140433.40235608254,11.852488650797211
14807.0,1282082.00364563,211547.033420667,4.0,270066.8818720452,12.506424917942502
14808.0,1285829.24947347,255686.248569861,1.0,0.0,
14809.0,1267389.67185459,177657.240937963,3.0,91569.3341490949,11.42485171457916
14814.0,1273097.22078843,211596.422092721,1.0,0.0,
14815.0,1273109.57573245,211409.924748525,3.0,78364.43839529637,11.269125511537846
14816.0,1276568.64427999,179752.260012105,4.0,234716.94626614032,12.366135583178595
14817.0,1272621.14629194,178799.421419129,3.0,419200.0,12.94610341198897
14820.0,1280190.75909969,226087.442971557,3.0,53012.82311145179,10.878289108769257
14821.0,1278041.6479295,227905.935389414,4.0,288143.37078471325,12.57121345047389
14822.0,1276438.69247186,248787.671154797,1.0,0.0,
14823.0,1265609.59863676,256279.279866472,4.0,60515.44446345365,11.010653891828103
14824.0,1273818.69995718,233525.005859166,4.0,981565.7839831064,13.796904314378382
14825.0,1278241.48114571,233888.32829155,3.0,18268.18612993756,9.812916363104394
14827.0,1278814.36127429,200261.44998511704,3.0,383.774030149113,5.950053916221978
14828.0,1281806.16594936,221487.58011885,3.0,192531.8966222116,12.168017115722549
14829.0,1281897.92300545,221487.101462841,1.0,0.0,
14830.0,1269964.46424122,240004.668713808,4.0,175073.96157933283,12.072963801215726
14832.0,1284151.50444776,253815.693943948,3.0,181776.83023592707,12.110535006156482
14834.0,1262262.11255334,172130.889124304,1.0,0.0,
14836.0,1272394.93317172,227568.834013075,4.0,523207.3869670897,13.167733197846346
14838.0,1271584.07979488,244834.173870757,4.0,480603.0023805417,13.082796849415516
14841.0,1267343.44030254,244434.410542339,3.0,104708.41690723614,11.558934784336506
14844.0,1264262.59505139,211994.573837131,3.0,328497.8868539486,12.702285684173628
14845.0,1284627.45196824,196797.31750156,1.0,0.0,
14848.0,1264589.52881172,179121.452267468,1.0,0.0,
14849.0,1275050.77035843,215451.926160663,3.0,65170.76122183503,11.084766199814217
14850.0,1274373.32517374,244082.944365978,4.0,1337069.493285107,14.105990831760327
14851.0,1274628.363702,244077.20420597505,3.0,921020.5568645736,13.733237635145327
14852.0,1276339.76287176,244702.803054616,3.0,25834.554301376,10.159468188835525
14856.0,1264878.06135602,247962.291633964,2.0,167593.1192590871,12.029294411647307
14858.0,1281751.5672933,191962.906872615,3.0,48120.77600854023,10.781469296486852
14859.0,1279631.58105113,222893.444760293,3.0,664379.9482468358,13.406609476023274
14860.0,1271170.18955447,180463.174316838,2.0,2240.0542125092206,7.714255346569266
14861.0,1273784.33816513,205944.779206932,1.0,0.0,
14863.0,1274428.40088581,236397.844262108,4.0,491771.3401741316,13.105769131698386
14864.0,1261691.39191276,258519.521788761,3.0,105796.22348427078,11.569270102913595
14865.0,1286996.61689867,249530.553587556,1.0,0.0,
14866.0,1287023.4734107,249784.638003826,3.0,632941.2288609123,13.35813285141451
14868.0,1279524.24338701,216630.860817879,1.0,0.0,
14870.0,1275950.39685535,204093.57062903,1.0,0.0,
14873.0,1269588.97515284,247542.993201524,3.0,778704.386025933,13.565386774046882
14874.0,1280300.58233181,202626.060739532,4.0,1615442.6876978832,14.295119587107253
14875.0,1257024.45897998,250436.04811649,3.0,62599.405627485336,11.044511062274509
14877.0,1280873.47161239,218618.436883911,3.0,129698.76007700407,11.772969810328261
14878.0,1282039.0621416,251481.095925555,1.0,0.0,
14879.0,1286127.73932979,181526.907757923,2.0,692650.3588442643,13.448280618160336
14881.0,1286015.49478567,173570.067045778,3.0,724702.1631310141,13.493516039957019
14882.0,1286930.0244506,173543.338405758,4.0,313413.9037273006,12.655279972078583
14885.0,1265511.90391667,251288.717365369,3.0,27571.426914427848,10.224535258733235
14886.0,1285546.60467318,198344.859647155,3.0,129698.87177719807,11.772970671555814
14888.0,1281945.28742149,201525.265410408,3.0,165.10897207367796,5.106605692718335
14889.0,1281943.7362535,201254.242306128,4.0,127416.972904072,11.755220238553184
14890.0,1284295.7052799,202847.552771762,1.0,0.0,
14891.0,1284782.3814404,252643.03749474895,3.0,46592.0,10.749184131556358
14892.0,1264226.86909935,171742.779043913,1.0,0.0,
14894.0,1280861.11078039,193980.294906676,3.0,93182.0,11.442309848973883
14895.0,1280791.22866832,193677.987770364,1.0,0.0,
14898.0,1281229.56050876,224407.662873834,1.0,0.0,
14900.0,1281823.88146937,226037.946651503,4.0,467431.4315780984,13.055007946532541
14901.0,1281531.27212507,214980.302480176,3.0,70965.63088888957,11.169950966835314
14902.0,1281483.26239702,214306.101071492,3.0,78939.67350811801,11.276439213258424
14910.0,1268245.31908746,242243.599596098,4.0,355458.5940268567,12.78116404894369
14912.0,1278423.79999389,249324.674035355,1.0,0.0,
14913.0,1282821.44838239,252526.22738263,4.0,306921.13148142025,12.634346092852708
14920.0,1264307.45060344,211035.421580151,1.0,0.0,
14921.0,1279336.43404283,215405.916752622,3.0,142198.12780491624,11.864976630335747
14926.0,1271295.1026426,200354.635201201,1.0,0.0,
14927.0,1272772.0698761,211093.846284211,4.0,139140.83369019898,11.843241891196055
14928.0,1260885.49520794,245177.658095106,4.0,56989.70287146525,10.950625879119459
14932.0,1281130.93241265,209910.437898993,3.0,74932.58383106059,11.224344106029012
14933.0,1265990.78878115,228520.579166055,4.0,114135.28747490358,11.64513975600254
14934.0,1264719.46391585,250306.113332361,4.0,139872.06587407854,11.848483468622655
14935.0,1284351.42495996,244561.494574472,3.0,1212180.6451134195,14.007931481628262
14936.0,1294461.90049031,184715.599537194,1.0,0.0,
14937.0,1260972.86807202,249318.544435352,4.0,153865.15347306748,11.943831871012424
14939.0,1282680.86470225,223926.22191333803,3.0,1467588.7733672694,14.199131321779651
14940.0,1273334.38859668,220581.97070992,1.0,0.0,
14942.0,1269278.84984052,173599.650277808,3.0,118823.35622436754,11.68539326780241
14943.0,1268622.21924785,173603.367845818,4.0,48481.090646293385,10.788929117319631
14949.0,1260274.09155931,246905.228080869,4.0,385832.7196251401,12.863159185668763
14951.0,1281914.96134147,228498.228510022,2.0,489.3977554669998,6.19317556470259
14955.0,1268512.20209575,228839.150366381,4.0,150939.25587001533,11.924632755854635
14956.0,1271867.28721918,197099.41631788,1.0,0.0,
14959.0,1274160.24261352,214712.277711913,1.0,0.0,
14960.0,1268075.05559929,245178.290287107,1.0,0.0,
14962.0,1282052.4755176,222881.252824277,1.0,0.0,
14963.0,1273975.43557334,194633.374011353,1.0,0.0,
14965.0,1287713.92909141,204082.573893026,3.0,306490.9139609648,12.632943389419697
14966.0,1287513.0285472,203900.92928484097,3.0,78360.03506899146,11.269069319595276
14969.0,1277782.27013724,227043.597852543,4.0,943919.2177338672,13.757795867031474
14976.0,1273553.6817809,189692.040374294,3.0,20593.92252956256,9.932751288413105
14977.0,1253337.4928962,251300.029685378,1.0,0.0,
14978.0,1263290.02154639,171132.426211283,3.0,132113.74519680187,11.791418536549385
14979.0,1263100.9625382,171142.509859294,1.0,0.0,
14981.0,1284658.37318428,210819.290123925,2.0,685.6986696552748,6.53043827416196
14982.0,1262745.92458583,246850.812528819,4.0,548899.3475509167,13.215670365888917
14983.0,1278730.5920582,212656.867469802,1.0,0.0,
14986.0,1289977.38451771,190247.554678857,4.0,123842.3843101673,11.72676494178879
14987.0,1280377.05561189,206629.42675963,2.0,13411.926544394826,9.503899630714189
14992.0,1269997.37131326,223104.222872496,3.0,54451.72366970516,10.905069783869344
14994.0,1254901.0675538,251234.862133309,3.0,4533.602322889405,8.419272117227214
14995.0,1273166.0575885,214935.808144137,3.0,47126.66666666666,10.760594291056835
14996.0,1273311.99691665,214932.235280141,1.0,0.0,
14999.0,1260889.28426394,245349.222383276,4.0,65565.88851536305,11.090810847545525
15004.0,1292192.40371999,183142.030831575,1.0,0.0,
15008.0,1277181.28940062,237563.451815307,3.0,44213.19467305971,10.696778545531885
15009.0,1264976.32465212,246720.973552689,2.0,120206.9785556494,11.69697035726525
15010.0,1275403.8165668,221150.494806498,2.0,3171.4330337073006,8.061938825828893
15011.0,1275549.23979895,220840.53352618203,3.0,88000.97556118289,11.385103179321428
15015.0,1286800.39545846,194598.963963315,3.0,523077.1969385581,13.16748433624367
15020.0,1272655.43429199,227565.957405075,4.0,612706.834999846,13.32564185419232
15022.0,1277163.37733659,203983.507844925,2.0,675834.1037932287,13.423702916317588
15023.0,1278913.0998984,220323.554581657,1.0,0.0,
15024.0,1275113.7078945,213289.310094446,4.0,1432417.1909038315,14.174873918503144
15025.0,1282304.59180586,228664.583838195,3.0,329549.91387062886,12.705483105126344
15026.0,1290296.48135005,189871.133494467,1.0,0.0,
15029.0,1267669.37860687,243586.028013483,3.0,73567.79291989566,11.20596261274674
15030.0,1269272.28024052,257506.419835731,1.0,0.0,
15032.0,1272141.88773146,248804.475954816,4.0,147617.37095827187,11.902378873642839
15042.0,1280475.578044,217889.261523157,1.0,0.0,
15043.0,1270514.46283379,224686.480858117,4.0,154110.57549482802,11.945425646434488
15046.0,1279293.06700277,180354.403180733,1.0,0.0,
15047.0,1279293.06565878,180058.40868441798,3.0,877205.7269647277,13.684496824192118
15048.0,1271148.25061044,210657.111307755,3.0,483437.4627651334,13.088677242728464
15056.0,1280082.12249158,205711.880710691,3.0,93182.0,11.442309848973883
15057.0,1282360.94111793,206149.098311141,3.0,425854.2652704631,12.961852466417772
15059.0,1261585.75069664,245334.216495261,4.0,673061.7211639717,13.419592314917958
15060.0,1266271.03722945,255997.169530183,3.0,111909.49408014445,11.625445735027522
15062.0,1271466.93829076,179145.456107482,3.0,364137.4829484287,12.805286775715805
15063.0,1274509.75045387,250057.2316681,3.0,39497.285973169965,10.583987238988604
15073.0,1277621.94399306,201747.34925063,3.0,497823.0918350868,13.11800005561614
15074.0,1271986.7328513,243115.401005,1.0,0.0,
15075.0,1279361.73516285,230536.112864107,3.0,90595.8419162733,11.414163596013994
15077.0,1272297.36216362,178807.721899137,1.0,0.0,
15078.0,1270621.5282419,175892.73789615897,3.0,681495.5280095828,13.432044968115658
15079.0,1270621.4494579,175235.648999482,1.0,0.0,
15082.0,1271743.49253105,225769.663387224,4.0,736533.453240726,13.509709935768724
15084.0,1280618.45638014,203617.109956548,1.0,0.0,
15085.0,1283164.89977475,180384.173484758,3.0,93181.99999999996,11.442309848973883
15090.0,1272910.87634024,235834.461221531,3.0,820266.7057432431,13.61738481726422
15094.0,1265007.21265215,247788.551793784,3.0,64831.8413741968,11.079552140884557
15097.0,1285871.02496152,242548.357548416,1.0,0.0,
15101.0,1273866.27339722,225343.36373879,2.0,226839.61093013285,12.331998486953388
15102.0,1254864.88259377,249109.910707131,4.0,233214.70725022035,12.35971479858055
15103.0,1268938.63755217,230539.386784121,4.0,275927.0168223973,12.527891677928125
15104.0,1272215.40165153,254118.233016267,4.0,226116.1569858585,12.32880411518159
15105.0,1272219.28293154,254442.457144588,1.0,0.0,
15106.0,1277377.88383281,221106.582870454,2.0,14795.806354038636,9.602099065142898
15108.0,1284444.67283206,251170.296309248,3.0,7099.954127021769,8.867843602025685
15109.0,1284444.29356806,251400.324085474,2.0,6354.129247266085,8.756860155709472
15110.0,1263000.5812261,257660.558971882,4.0,98259.27985609896,11.495364976732816
15114.0,1266797.63134198,249394.262835428,2.0,474.2107989261572,6.161651946307807
15115.0,1280856.22623637,218198.338963479,3.0,33798.867187980744,10.428182565760967
15118.0,1271857.25150716,173331.076709539,4.0,335514.26824760885,12.72341976279839
15119.0,1271844.91685115,173302.329381511,1.0,0.0,
15122.0,1290787.32384655,166851.069982901,1.0,0.0,
15125.0,1283590.98815918,252510.47474262104,3.0,52975.55392662649,10.877585839459869
15128.0,1283882.21465547,193396.35609008404,3.0,14608.182610570071,9.589337103480197
15129.0,1272304.36837162,192765.834105432,2.0,71712.25042394969,11.180416868673284
15130.0,1284392.60569601,192673.735161334,4.0,101783.3721565703,11.530602031413297
15131.0,1285921.80211356,244527.367342442,3.0,295964.0894400506,12.597993406487108
15132.0,1278071.21477753,204780.075461745,1.0,0.0,
15133.0,1278100.17010556,204437.173253387,3.0,589803.4587655811,13.287544639648562
15134.0,1272648.30072397,215057.445328265,3.0,367539.4967958632,12.81458606613454
15135.0,1280658.93599617,220307.681237638,4.0,27699.77518399165,10.22917957604111
15136.0,1280828.65017235,220300.829205632,2.0,42.47792207792206,3.748984460434138
15138.0,1280358.68428387,212172.254285306,3.0,203200.9000654815,12.221950424132764
15139.0,1272902.05483623,256238.683834434,1.0,0.0,
15140.0,1254945.00707385,253088.122871205,4.0,994526.8677319926,13.810022393232993
15141.0,1276446.60152787,204158.995653108,2.0,2.0,0.6931471805599453
15142.0,1276670.9442481,204152.786693096,2.0,46588.0,10.749098276222542
15144.0,1281910.66380545,197600.676094383,1.0,0.0,
15150.0,1260277.15715931,245894.88363184,4.0,103390.34604037416,11.546266871517533
15151.0,1281253.55161279,230033.3750076,1.0,0.0,
15153.0,1273822.80856518,247429.452785417,1.0,0.0,
15154.0,1276293.59269571,231267.30236886404,3.0,67974.82741127284,11.126892730494474
15155.0,1267777.41380699,244914.698286831,3.0,39344.044141538136,10.580099886393585
15156.0,1270739.67205001,231928.582177535,4.0,261263.5088909628,12.473284789597852
15158.0,1271689.87224299,228389.042333916,1.0,0.0,
15159.0,1274793.68952617,247693.422385678,4.0,27128.943303611,10.208356455525134
15160.0,1275059.46360645,247708.222257704,4.0,437142.5121971251,12.988014535781396
15161.0,1271165.53009845,210744.884427845,3.0,580947.4869513541,13.27241564784445
15164.0,1267743.29022296,227361.435804859,4.0,264484.2156529025,12.485536852329297
15165.0,1267960.03780718,227599.753885105,4.0,262180.4575634925,12.47678831497681
15166.0,1272072.79403539,227574.944605082,4.0,432768.1658584841,12.977957449877772
15170.0,1270837.96382612,249343.863667369,3.0,59778.8397285564,10.998407026625758
15173.0,1264755.56061989,243651.539693549,2.0,25.766934320160125,3.249092054458384
15175.0,1285564.2142092,176223.108968496,3.0,336527.85037689266,12.726436189506563
15180.0,1273067.12504441,195585.101052329,4.0,834901.2198751757,13.63506869728436
15183.0,1287459.89779514,183538.830575988,1.0,0.0,
15184.0,1287669.34061135,183531.117615983,2.0,46591.99999999999,10.749184131556358
15186.0,1265364.00100452,245238.410927162,4.0,215979.922952768,12.282940733053508
15187.0,1273345.2219407,231574.150177181,3.0,32399.152349736218,10.38588753939301
15189.0,1270564.23832184,227762.233885273,4.0,296074.07024016726,12.598364939299929
15191.0,1276700.40876013,234134.745123804,4.0,738871.097228262,13.512878756066721
15192.0,1276711.59410414,234719.406372398,1.0,0.0,
15195.0,1272343.78757167,180446.414828822,3.0,450329.0060406472,13.017733719139933
15198.0,1262562.77629764,167735.401183799,1.0,0.0,
15204.0,1279509.12530699,198129.208830923,1.0,0.0,
15205.0,1270830.82769811,249063.953459084,3.0,23178.8804998954,10.050996819778163
15206.0,1279919.84063542,221075.933654428,2.0,59889.24915012263,11.00025228803052
15207.0,1265813.96599698,179540.638443887,3.0,861210.3406444343,13.666094051651111
15208.0,1273522.66251688,252334.723126441,3.0,38969.920525499874,10.570545358954229
15210.0,1277107.78232855,175794.14756006,4.0,1198452.070113803,13.99654134049561
15211.0,1281672.79615721,173058.414821252,3.0,390169.7209368902,12.874337105331115
15212.0,1281678.94182122,172900.6707571,3.0,171710.78786881568,12.053566874666174
15214.0,1286793.69894646,252139.458742231,3.0,295253.94080470444,12.595591081319236
15216.0,1262729.77271383,246107.215280056,4.0,1177690.9255730931,13.979066236589029
15217.0,1275210.18539859,244733.13630265,4.0,274551.8271035313,12.522895327587557
15218.0,1268883.17278412,242798.558508664,4.0,253032.09975907372,12.441271636179591
15220.0,1265634.00375679,243239.746285126,1.0,0.0,
15221.0,1265823.34622099,243234.945389122,3.0,93182.0,11.442309848973883
15222.0,1289184.70010091,190496.82776711896,3.0,68108.12706564499,11.12885182518813
15223.0,1267531.56228673,229296.014302835,3.0,285696.6746110477,12.56268594870782
15224.0,1273230.13195658,221503.144726858,1.0,0.0,
15225.0,1269215.00843246,240024.355369821,2.0,8135.244846508137,9.00396111711147
15228.0,1276936.31615236,230391.565919966,3.0,337477.1830816449,12.729253181325339
15233.0,1284310.22655992,249850.919411898,3.0,54462.76873810991,10.905272604783226
15239.0,1266681.26378986,175259.579367504,4.0,549980.1798604523,13.21763751994196
15242.0,1276883.81720832,255294.725753471,3.0,18958.056338358467,9.849984256754455
15243.0,1265672.26878083,242778.89284464705,2.0,21227.47465309528,9.96305159581299
15246.0,1257517.06589249,249128.049139157,4.0,310922.37658765283,12.647298567042116
15247.0,1256336.49545927,256059.452602252,3.0,261760.5142596201,12.475185297017221
15248.0,1277659.05420111,236019.308901727,4.0,119881.86401624956,11.694262070327479
15251.0,1270602.87140988,257405.677883625,2.0,16156.784262971383,9.690095318645218
15252.0,1270632.3933939,257469.921851695,4.0,453010.2299295211,13.023669986836062
15253.0,1283656.96147124,198249.988159046,1.0,0.0,
15255.0,1277344.88620079,203340.984836265,2.0,339.93858825238283,5.828764978508838
15256.0,1277393.94380084,203064.557251975,2.0,1725.66639283493,7.45336856955207
15257.0,1269508.43659276,259485.80166176,3.0,85084.48832185358,11.351400022058284
15261.0,1268027.41233525,176571.215528846,4.0,1452051.6374334702,14.188488036705241
15262.0,1267542.23614274,176576.482600853,2.0,377173.4446050457,12.840460425897945
15264.0,1261309.87293637,188617.161269188,1.0,0.0,
15265.0,1265774.06807694,228282.351005808,4.0,99815.78959892844,11.511081662199404
15270.0,1274325.11397369,232172.928481787,4.0,335630.96227335004,12.723767508775298
15272.0,1292511.51034431,189077.15083766,3.0,5260.408827374461,8.567964026546864
15273.0,1271823.78827514,178646.710058972,1.0,0.0,
15276.0,1271124.03441842,227448.67286095,1.0,0.0,
15277.0,1287054.39232273,203800.727044731,3.0,293174.7734203245,12.588524206481093
15278.0,1265290.89847644,171353.226019502,4.0,1292382.6048857658,14.071998053298234
15279.0,1284954.83091258,173916.90915814,3.0,821260.5527519592,13.61859569832027
15284.0,1265003.50039615,247638.354289621,3.0,59108.79324131394,10.987134978135714
15286.0,1268651.62731189,212178.01998131,4.0,146336.21441924857,11.89366209170961
15287.0,1274388.56696576,244756.881646678,3.0,326640.7036982893,12.69661608034544
15288.0,1275443.15864684,212141.169037282,1.0,0.0,
15289.0,1274266.08094963,242246.867692098,2.0,88112.55695239987,11.386370332441972
15295.0,1274346.20517372,242872.812268749,3.0,55992.97093988168,10.932981442908442
15296.0,1274585.83691797,242927.3043008,3.0,12710.004035295991,9.450144681673299
15298.0,1276785.34200822,219769.747925088,3.0,169391.8569737351,12.03996999023204
15299.0,1276794.50015222,219752.608213067,1.0,0.0,
15303.0,1294411.48129027,183369.301359817,3.0,46811.89682539682,10.753892655271823
15304.0,1294405.92551425,183217.912559658,3.0,110410.7071789042,11.611962393438521
15307.0,1280312.86777182,219542.17979686,3.0,4508.274836231077,8.41366983963472
15310.0,1276145.91679156,188950.348277524,3.0,13127.930100848596,9.482497308323135
15314.0,1271955.15710726,254127.73036027,3.0,80311.85605624324,11.293672536062793
15317.0,1272410.96721973,177045.959657341,1.0,0.0,
15318.0,1280492.17055601,208713.848137766,3.0,116604.37272233526,11.666542054102171
15319.0,1280556.81836407,208711.444553763,3.0,128443.71910932603,11.763246103789575
15320.0,1278722.6586822,216650.244625896,3.0,93182.0,11.442309848973883
15321.0,1278940.50303441,216645.692497894,3.0,345534.47791766614,12.752847708579099
15322.0,1266938.99492612,172006.586212173,3.0,38460.787142440655,10.557394485455452
15323.0,1279177.72665066,225217.05724266203,3.0,56383.69792914603,10.93993535189547
15325.0,1281901.78911746,198402.576767206,1.0,0.0,
15326.0,1273769.73029312,229241.186334789,3.0,1489281.0554602465,14.213804048360801
15332.0,1269172.79390442,168655.739616752,3.0,964337.9844076424,13.779197118376674
15333.0,1286055.6085777,178547.99933888,2.0,81.5238095238095,4.400895118978264
15335.0,1281315.61510085,226959.964828447,4.0,254274.23339410705,12.446168622619945
15341.0,1290534.12947829,181389.83422178,3.0,492472.0718002992,13.10719303098191
15343.0,1261591.30973665,245600.136879534,4.0,453589.5422133873,13.024947976044782
15346.0,1286642.9476503,200190.169985041,1.0,0.0,
15347.0,1270932.80875422,257461.955643684,3.0,412681.2158989224,12.930430699558045
15349.0,1272217.40657954,189028.485941604,3.0,604052.1646576799,13.311415838514966
15350.0,1271056.75768234,175890.064040154,3.0,131633.1927346241,11.787774490497355
15352.0,1284544.26451215,174273.623014495,1.0,0.0,
15354.0,1272775.75749211,247721.526321709,4.0,36867.94063008817,10.51509763477506
15355.0,1265790.18423696,242906.969388783,1.0,0.0,
15359.0,1262989.69277808,172992.945125192,1.0,0.0,
15360.0,1282067.65036562,223252.87810465705,3.0,131325.03926965743,11.785430744848636
15364.0,1286403.38547406,245147.66699107,2.0,39759.10267840386,10.590594092065231
15365.0,1281502.56620504,255163.330361336,4.0,399137.8362226063,12.897062090408435
15369.0,1265180.84420432,176583.04919286104,3.0,936573.3944661886,13.749983168821794
15374.0,1264798.08119594,169046.664353147,1.0,0.0,
15379.0,1271308.6042746,216604.328721851,4.0,133701.6670540172,11.803366231628736
15380.0,1271615.48261091,216598.24904184,1.0,0.0,
15381.0,1287147.84985882,204045.304964989,1.0,0.0,
15382.0,1270744.51845002,192278.758968934,2.0,102532.9535139246,11.537939523588115
15384.0,1283035.03295861,182949.203759387,3.0,856506.4396656532,13.660617115300246
15385.0,1280627.33561215,205959.757190943,3.0,589978.7401667694,13.287841781617031
15388.0,1290219.99200597,190453.13957506404,3.0,383948.80846257,12.858264511387732
15389.0,1264164.95876329,242344.629292205,4.0,19794.459093436195,9.893157333753205
15392.0,1280270.61029978,258313.419836551,1.0,0.0,
15393.0,1266695.08394988,175920.10660018,4.0,595452.9522561335,13.297077659209098
15394.0,1285669.11916931,176220.929512501,3.0,357315.2496526127,12.786373723348731
15397.0,1295802.73082769,185390.132977888,3.0,105470.0204283604,11.566182024959467
15398.0,1296271.84404416,185377.561457872,4.0,251790.70831759364,12.436353498869401
15399.0,1268773.257008,180824.801517203,3.0,267931.5832869548,12.498486940659207
15400.0,1261362.83876042,188398.024564967,1.0,0.0,
15402.0,1279918.59167542,218817.596948117,1.0,0.0,
15403.0,1272556.51582788,254756.83148092,2.0,9123.328949254124,9.118590032831694
15405.0,1269760.78584102,246207.240304157,3.0,140553.32494449467,11.853342232721491
15409.0,1269796.21425706,204415.498117357,3.0,362614.0264870636,12.801094259640937
15410.0,1258863.76797386,168940.877473041,3.0,131618.702476034,11.787664403855107
15416.0,1276155.58047156,248526.172018528,4.0,200258.9472707847,12.207366544435756
15417.0,1292336.10586414,180717.616045102,1.0,0.0,
15418.0,1292329.75975212,180337.800556704,3.0,50052.87303259699,10.820835186344555
15420.0,1285454.52416109,193508.582906201,3.0,49092.59458769511,10.80146347934647
15421.0,1285684.49152133,193497.26501818,1.0,0.0,
15422.0,1274368.49643774,216445.605265677,2.0,22885.1001354872,10.038241328672978
15423.0,1285869.48198551,196466.217789218,4.0,95084.07579283304,11.462516787539307
15424.0,1291976.90842377,185121.843121603,2.0,135468.21187280118,11.816492293054592
15430.0,1279044.13081053,214101.85735929,3.0,163508.180480185,12.004618301585761
15433.0,1276627.37381604,181722.94475013,4.0,622185.8923499798,13.340994189369878
15434.0,1259047.09175004,260562.473726854,3.0,622414.8687997141,13.341362141020666
15438.0,1271327.84145862,178659.407210991,1.0,0.0,
15440.0,1278125.67365758,230116.940511689,4.0,166496.65458278268,12.022730495604877
15441.0,1269536.2360808,224107.373081535,3.0,94512.84207952206,11.45649099927034
15442.0,1284362.24121597,241204.725739032,4.0,316892.31782629044,12.66631730375151
15443.0,1278915.07493839,200253.039553106,4.0,135582.63594704628,11.817336592801025
15444.0,1269192.92446443,247463.846705452,3.0,1280404.138815571,14.062686319512148
15445.0,1269432.95908868,247455.955313444,1.0,0.0,
15455.0,1272448.11941177,178250.764010578,1.0,0.0,
15456.0,1263372.86295448,176300.908008575,1.0,0.0,
15457.0,1263599.65380271,175837.502120107,4.0,294129.7609793614,12.591776312823812
15464.0,1284691.76288031,240063.732265875,2.0,44.58095238095238,3.797306691142547
15466.0,1278744.76594622,213216.016910374,3.0,156812.18632406605,11.96280410278197
15467.0,1278731.1852102,212833.437965989,3.0,93182.0,11.442309848973883
15468.0,1271091.61617838,194956.161723673,3.0,575555.4852506277,13.26309091474802
15469.0,1259032.46608603,168279.827936366,1.0,0.0,
15473.0,1265178.23959632,244289.587630197,4.0,156496.40232309213,11.960788300347259
15478.0,1279786.85177128,178679.974763006,1.0,0.0,
15481.0,1278887.61177036,233344.083938986,1.0,0.0,
15484.0,1264028.11229914,176050.68247231803,3.0,177934.86028148973,12.089172808822132
15485.0,1264005.10743512,175266.777575523,3.0,150083.9337154056,11.918949974686837
15487.0,1278469.35109794,235834.602277532,3.0,11450.861921597729,9.345820283144649
15489.0,1269043.76632029,228790.847326323,4.0,205290.2040305184,12.232179886479026
15492.0,1280809.19090833,203945.390788883,3.0,69883.48118728891,11.154584579654136
15493.0,1280803.16831632,203737.581508666,1.0,0.0,
15497.0,1264300.21111542,256705.257082909,3.0,86466.50325124376,11.36751237227065
15498.0,1282819.00025439,248551.343602553,4.0,768954.7474607594,13.55278740080149
15502.0,1286784.90009846,254700.512056857,2.0,46592.0,10.749184131556358
15503.0,1286686.34848236,255041.649465203,1.0,0.0,
15505.0,1281853.95295741,181641.583662048,3.0,56562.41624932226,10.94310001976622
15506.0,1271427.88062672,205227.991238192,1.0,0.0,
15507.0,1270707.16452999,245127.804143056,3.0,12537.374247049149,9.436469402074257
15509.0,1270909.93445019,229632.31478318604,3.0,269749.35710976867,12.505248499835869
15518.0,1269287.88952054,173927.642726138,4.0,1077093.516125857,13.889776782569426
15519.0,1272921.38616425,219785.24002111,4.0,144873.4603669639,11.88361595326523
15520.0,1264791.66813993,243134.857005015,3.0,91295.21625310536,11.421853669296933
15521.0,1283267.99404685,196573.294973329,1.0,0.0,
15522.0,1283510.4929271,196569.359933332,3.0,55271.72723942526,10.920016795278492
15523.0,1272509.74917184,232387.387682006,3.0,486841.8549550831,13.09569461617572
15528.0,1266712.46154989,176768.229609057,3.0,203933.68526909663,12.225550147768619
15531.0,1266660.04305385,228346.956509873,4.0,222248.8256398289,12.311552869401917
15533.0,1275715.64536712,233544.3194592,3.0,58434.17163581117,10.975656128444262
15535.0,1279793.59487529,203323.965508252,4.0,77591.6935424412,11.259215658463058
15536.0,1280053.16063556,203308.940292224,4.0,140162.72208511527,11.850559327251
15537.0,1271758.55813107,222147.500055522,4.0,98570.77858737845,11.498530133455299
15541.0,1279824.32837932,180058.150508419,4.0,1157360.2156213727,13.961652293607951
15547.0,1290458.14343022,183384.058543831,3.0,40980.73904479074,10.620857455910185
15550.0,1287480.90464316,191790.157560438,3.0,33559.82485481395,10.42108494170024
15551.0,1256885.57539584,249019.154995039,3.0,13362.83416233652,9.500232562492014
15560.0,1257428.6585964,257387.208763614,1.0,0.0,
15572.0,1290897.84000666,180423.488684803,3.0,771851.9094055549,13.556547983410846
15576.0,1282083.81766164,174045.063462272,1.0,0.0,
15581.0,1284622.40147224,191880.31256853,4.0,883965.619364937,13.69217344874235
15582.0,1277113.41714455,214440.81633563305,3.0,149402.6708075086,11.91440042841202
15583.0,1254862.65584177,248786.835570797,3.0,151726.5575007121,11.929835215938645
15585.0,1287814.45677151,175213.75863146796,3.0,212145.88966504252,12.265029475778828
15588.0,1274280.99698165,192484.822841153,1.0,0.0,
15589.0,1278980.86713046,253260.853495389,3.0,244649.26173575883,12.407580879078377
15590.0,1272791.69150813,240387.190954193,1.0,0.0,
15591.0,1272834.03627616,240386.338922203,2.0,46591.99999999999,10.749184131556358
15592.0,1268397.18391962,179478.590315834,1.0,0.0,
15600.0,1272934.66040426,205580.50599056497,3.0,225843.4458022275,12.327597320525406
15601.0,1272951.60261229,205400.106374368,4.0,365652.98879854265,12.80944004459853
15602.0,1284756.47302437,244292.808430195,3.0,742605.7136509251,13.517920514812033
15603.0,1257849.43370081,258253.533820495,1.0,0.0,
15604.0,1254894.7680338,250866.654900923,3.0,80094.1062366416,11.290957550282409
15617.0,1268056.63639927,178028.111914337,4.0,554490.5665065754,13.225805073015716
15618.0,1282136.35359769,212660.568589807,4.0,174185.340573922,12.06787518701174
15619.0,1284025.22252762,256151.127610341,1.0,0.0,
15623.0,1270477.82673775,175888.85732016,3.0,773694.3348525278,13.558932158360717
15624.0,1270444.32875372,175248.438311502,1.0,0.0,
15627.0,1278396.38962586,179867.947116226,1.0,0.0,
15638.0,1274832.09823021,208408.967497453,3.0,164545.74195517646,12.01094387713103
15639.0,1274995.06245437,208405.809673443,4.0,1721722.4865104496,14.358835793323085
15642.0,1293662.8443615,180618.295725003,3.0,400318.5364182357,12.900015850224413
15645.0,1278214.96088968,219431.35355673695,3.0,140132.37800772145,11.850342812031846
15646.0,1280034.05202754,251526.665717602,3.0,7729.88166444838,8.952848832854766
15649.0,1279210.16620269,206695.876423702,1.0,0.0,
15650.0,1280873.8758364,174395.976806626,4.0,521551.5286339949,13.164563357044113
15651.0,1270815.8119541,223086.441752478,2.0,19657.88147187209,9.886233629597363
15652.0,1285436.36934507,178679.658155009,4.0,616776.0656267243,13.33226129637123
15653.0,1256710.42806765,257970.1879002,1.0,0.0,
15655.0,1287296.70585898,183767.117808223,1.0,0.0,
15656.0,1287829.34816352,183765.197552219,3.0,54195.37700065116,10.900350888598958
15657.0,1258083.55491707,168162.043424234,3.0,210661.4534794505,12.258007638012845
15658.0,1272227.38193955,255427.556537598,2.0,140759.31401995118,11.854806718021765
15663.0,1264734.41661987,245779.459375724,4.0,436271.0514649318,12.986019006841522
15665.0,1275113.2295585,223656.813337073,4.0,818948.37494806,13.615776326597011
15667.0,1271399.29374669,181590.708781987,1.0,0.0,
15668.0,1265528.48196468,252020.32971811303,3.0,10140.73845846471,9.224316100772041
15673.0,1280208.58354771,216613.239121854,3.0,18694.005704060022,9.835958200870332
15675.0,1254141.15958503,247509.32139349,3.0,344361.61232299043,12.74944758284651
15676.0,1274094.67218146,242600.749804467,1.0,0.0,
15677.0,1273551.8865169,203279.139524207,3.0,401426.2607181046,12.902779136019804
15682.0,1265291.40369244,177518.756969824,3.0,371584.84081637376,12.825532490731188
15683.0,1281352.80530889,175710.113255978,4.0,321151.40006420424,12.679667942210001
15686.0,1273311.81682065,235181.74531686297,3.0,1684385.5335755346,14.336911386759706
15688.0,1284986.97260861,182714.332207143,3.0,1568428.0418839157,14.265584428533975
15692.0,1273229.24248457,218116.744339392,3.0,81679.91790845852,11.31056344779958
15696.0,1266674.54462186,243940.409901842,3.0,46487.1988873863,10.746932260931064
15698.0,1258125.92426111,257352.106811568,1.0,0.0,
15706.0,1274718.29957409,193577.415162265,2.0,46592.0,10.749184131556358
15709.0,1257038.33821198,257775.933692008,1.0,0.0,
15711.0,1276068.59807147,222971.125080362,4.0,1344194.215567132,14.111305295255606
15715.0,1272088.37931541,183104.73854354,4.0,196451.9285517858,12.188173041949291
15716.0,1272052.40395537,181764.940078169,4.0,1106201.936872795,13.916443027465784
15718.0,1282811.33651038,247884.00536187,4.0,961181.9107072972,13.77591896317849
15719.0,1271779.87761909,241405.889003247,3.0,52396.88382027836,10.86660239946212
15722.0,1269975.80382524,240424.215466231,4.0,129721.1588084998,11.773142493533527
15723.0,1284035.17791964,182908.888559341,3.0,38200.72061433787,10.55060965866642
15724.0,1274909.19256629,256678.918202877,4.0,81980.05097657678,11.314231215875369
15727.0,1274005.50046937,178968.858731315,1.0,0.0,
15732.0,1268229.77451146,253968.274040103,3.0,80752.5525931815,11.299144851646355
15733.0,1281558.3633251,256744.78386695695,3.0,83946.19731386442,11.33793136444418
15737.0,1261054.3508241,259696.260285974,4.0,996688.8444264332,13.812193908384065
15738.0,1255312.46339422,254417.339384571,4.0,219139.78473909275,12.297465091660339
15741.0,1266669.31006186,242464.00241231904,3.0,405275.3717586029,12.912322045308972
15744.0,1256674.13091561,257116.974395335,1.0,0.0,
15745.0,1271680.52446699,179825.61815618,1.0,0.0,
15746.0,1267357.75620656,175913.55805617603,3.0,399331.498350762,12.897547173863911
15750.0,1269462.09553671,248096.280498087,4.0,45163.6818176923,10.718048543232914
15753.0,1272530.49387586,232086.458209693,3.0,45984.96136762034,10.736069695228156
15754.0,1274326.03883769,214600.16180779,3.0,25495.316905997344,10.146250063535453
15755.0,1278963.29273044,201712.331586599,4.0,168262.38372006328,12.033279847889414
15756.0,1279103.81996259,201703.229890585,1.0,0.0,
15758.0,1296262.15246016,184841.12094532,4.0,150866.27523063472,11.924149128927475
15761.0,1274695.25170207,190013.111926615,1.0,0.0,
15762.0,1282357.29644592,205999.025478989,3.0,539178.021877402,13.19780107713637
15763.0,1281576.08146912,221013.80155836,5.0,289286.2070944958,12.575171813002541
15765.0,1282465.10854203,186210.480050728,1.0,0.0,
15768.0,1271314.91691461,171896.18326807,1.0,0.0,
15771.0,1291485.12787926,181357.52292574904,3.0,30873.92772079226,10.33766734363625
15773.0,1262973.22167407,255952.461626142,3.0,44851.64348021851,10.711115510744634
15776.0,1274817.41650219,248919.059698939,3.0,32136.66867810248,10.377752983580372
15779.0,1253777.43004864,251781.851893872,1.0,0.0,
15780.0,1269791.95377705,228980.193054512,4.0,179367.48024337972,12.097191942629145
15781.0,1273572.83659692,257049.433851257,4.0,239961.45101624855,12.3882335686576
15782.0,1268289.09323151,258457.3493727,3.0,77006.0248178969,11.25163894216316
15785.0,1279116.4534986,234220.290531889,2.0,45016.59855636315,10.714786557549578
15786.0,1277463.4571449,247142.16164912295,3.0,58831.455572931496,10.982431949570637
15788.0,1286244.93363389,199643.058176473,3.0,240970.55783551375,12.392430038352218
15789.0,1286692.61024235,199635.54508847,1.0,0.0,
15790.0,1276304.44696772,205788.364486769,1.0,0.0,
15794.0,1277395.52581684,178740.53437908,1.0,0.0,
15795.0,1283286.10758287,182939.104751378,3.0,815733.4004732221,13.611842865456891
15798.0,1278280.35346574,225236.550618678,3.0,133605.8201800469,11.802649103357696
15799.0,1291580.77171937,189128.577909708,3.0,323800.1605830998,12.687881816158532
15800.0,1278867.75186634,174811.529447049,1.0,0.0,
15802.0,1280542.49036406,208205.915721253,3.0,134973.13671036117,11.812831050289303
15803.0,1282142.70662169,197030.995197803,3.0,266865.910039716,12.494501601643835
15804.0,1278615.99122609,174087.396390304,1.0,0.0,
15805.0,1253777.34147266,251550.544565633,1.0,0.0,
15807.0,1280534.41650805,207958.39981699,3.0,96792.85203534398,11.480328427928086
15812.0,1257610.46301258,253722.200055853,4.0,377287.8281860224,12.840763645124639
15813.0,1266924.37220611,171367.176739529,3.0,32746.29968538147,10.39654524797401
15815.0,1273633.19838898,248762.446194783,1.0,0.0,
15817.0,1260978.48324002,249584.353331611,4.0,235962.24970700068,12.371427112344321
15822.0,1264910.45694005,211020.621708125,3.0,181289.12114296743,12.107848390215436
15823.0,1284541.41964816,256799.587259009,2.0,46591.99999999999,10.749184131556358
15824.0,1274895.30213428,211067.902476177,1.0,0.0,
15825.0,1275055.03250244,211065.95066817096,3.0,312596.2451486784,12.652667685216882
15826.0,1281297.89004484,226500.226907983,4.0,225480.66384483303,12.325989686331823
15828.0,1284873.47545649,179881.143660247,3.0,870915.3200858352,13.677300029622486
15829.0,1260571.95287161,168559.747296646,3.0,59282.07058251022,10.990062188214731
15832.0,1279772.75404327,176829.906985119,3.0,168289.61894014524,12.033441696399755
15833.0,1280000.3919955,176820.945705101,1.0,0.0,
15835.0,1280217.34828372,217276.342802539,3.0,355129.7438450233,12.78023847730739
15836.0,1253965.12880084,250718.299188778,1.0,0.0,
15837.0,1280543.98969206,222586.094679967,2.0,30205.058042198714,10.315764674179958
15838.0,1280197.68133971,220254.06421358895,3.0,292889.4220091601,12.587550417480028
15849.0,1294748.4921066,183615.878960073,1.0,0.0,
15850.0,1282756.21721433,190867.25227949,1.0,0.0,
15851.0,1281597.71231714,199953.472896799,2.0,18871.93274216369,9.845431057185637
15852.0,1281931.57682948,199948.241280794,3.0,263641.8264236539,12.482346742860965
15855.0,1275648.78456704,241235.952363074,1.0,0.0,
15856.0,1278094.46111356,216030.625489265,3.0,92615.15435765791,11.436208061214808
15858.0,1271771.97637108,199539.539712369,1.0,0.0,
15859.0,1276959.72191238,231547.10889715,4.0,773934.2034842597,13.559242140540174
15861.0,1278975.88063446,250610.746292666,4.0,900362.4252848568,13.710552656007625
15863.0,1282375.60415794,197921.590846717,3.0,105280.23203809492,11.564380950565976
15864.0,1272618.03902794,241794.52765964,1.0,0.0,
15865.0,1275489.31903088,203784.069892719,1.0,0.0,
15867.0,1281538.42143708,219857.582421184,3.0,268160.8940317692,12.499342430219318
15868.0,1281652.2371172,219851.68046917,1.0,0.0,
15869.0,1264342.05623546,259613.000253886,4.0,914681.1349919356,13.726330797174569
15874.0,1271708.30987501,207984.238985017,1.0,0.0,
15875.0,1275668.61624707,231877.013089478,3.0,17963.655619052413,9.796105863407773
15876.0,1272792.12491612,248265.011826262,4.0,118220.3455553267,11.680305497359427
15879.0,1268337.58199956,225949.277915418,3.0,17737.354463929296,9.783428116441222
15880.0,1280001.02092351,247281.128241256,3.0,421396.79095818574,12.951330165131454
15883.0,1272991.09893233,223663.168281078,4.0,206311.62717070009,12.23714305796897
15885.0,1263469.73841058,250328.582452387,3.0,82091.47554124471,11.315589459857888
15886.0,1269997.24472126,257486.76601171505,3.0,125066.4114012907,11.736600166409557
15887.0,1274630.08875801,241798.292779639,3.0,46718.21428571429,10.751889395147378
15892.0,1278947.62277843,207603.319816634,1.0,0.0,
15895.0,1283498.26758309,257219.58117944,2.0,29207.43146392931,10.282178458065545
15896.0,1280928.20479645,201165.759234041,3.0,6.666666666666666,1.8971199848858813
15897.0,1281109.84876464,201165.13293004,2.0,12400.310922983206,9.425476825712899
15902.0,1270085.66187336,170646.286754787,3.0,372654.0,12.828405654184877
15904.0,1285147.76064077,191406.368632048,3.0,73343.87539655025,11.202914281742075
15906.0,1260228.62384726,245895.70155184,4.0,58256.0926365714,10.972603960577562
15909.0,1280332.87365985,204383.370565325,4.0,967398.349001615,13.782365632734889
15912.0,1281845.4798694,196446.562941208,1.0,0.0,
15913.0,1287653.10048334,202636.621123537,4.0,518394.1643504032,13.158491166916724
15914.0,1268784.30718403,255533.70559370503,3.0,110537.2858694492,11.613108171706488
15915.0,1271138.34149043,223632.656857044,4.0,491133.3924963601,13.104471045024985
15917.0,1282610.53407818,197921.834238708,3.0,40271.73581741014,10.603405157396542
15918.0,1273106.32606845,250103.346036151,4.0,175462.65625877466,12.075181514395862
15919.0,1275767.69343117,191172.865783811,2.0,271352.87899432995,12.511175389327766
15921.0,1268221.18558344,253436.535927564,4.0,338660.47970794525,12.73275334970668
15924.0,1273360.17829271,241406.103595242,1.0,0.0,
15925.0,1262722.99152981,250340.61035639,3.0,10761.379363987504,9.283719019178804
15927.0,1272246.78315556,256757.209082961,3.0,254301.61402258437,12.446276298313327
15930.0,1267368.84375857,250005.22027604296,3.0,100165.48696278284,11.514578966810113
15932.0,1269310.95115256,212047.800781175,4.0,909340.7104209756,13.720475121877511
15933.0,1278222.76991369,257062.399355277,1.0,0.0,
15934.0,1269253.1047525,209201.433098271,3.0,316009.3168489417,12.663526975833596
15935.0,1288288.62246799,203397.808900326,4.0,431664.4347172515,12.975403793895113
15936.0,1278081.54975353,218180.984339461,1.0,0.0,
15937.0,1272048.08773136,220659.090966001,3.0,129749.18410279372,11.773358512783268
15939.0,1284946.41952057,209161.628362224,1.0,0.0,
15940.0,1274537.6995099,203048.075011969,4.0,873994.9847449673,13.68082991634314
15945.0,1271204.1100665,178371.926506698,1.0,0.0,
15946.0,1271197.15243448,177852.736298159,3.0,186350.0,12.135381904907405
15947.0,1269832.1761131,223107.066712499,3.0,50083.90232794011,10.821454924622016
15948.0,1270787.33662607,177855.487594172,1.0,0.0,
15953.0,1275144.39154252,215295.541008502,4.0,180446.09091529952,12.103187346856513
15956.0,1269314.39928056,212173.396301314,4.0,247083.007979097,12.417479623845724
15957.0,1294653.76263452,185858.939122364,3.0,147691.9585971516,11.902884022874515
15961.0,1272456.76734778,216581.628625825,1.0,0.0,
15962.0,1286418.39033808,196555.845885321,3.0,409260.2285038236,12.922106488210789
15963.0,1286416.98579407,196456.353277221,3.0,429093.6367836816,12.969430441654286
15964.0,1273541.24549289,197049.143741816,2.0,20602.088143028934,9.933147715806923
15966.0,1273532.45515688,196790.728893563,2.0,70449.43440307432,11.162650488949309
15969.0,1268895.82532813,229261.119006813,4.0,120661.96482406756,11.70074823583422
15971.0,1289211.10323693,191151.363575786,3.0,142009.92401458183,11.863652221568017
15972.0,1286903.27846657,196544.969917312,1.0,0.0,
15982.0,1281931.48786949,200597.14156945,4.0,89483.31330106927,11.401807443316713
15983.0,1281929.63289347,200474.209089324,1.0,0.0,
15985.0,1272176.51397149,239079.304744855,1.0,0.0,
15995.0,1278215.10098568,177115.101609409,3.0,90863.747980151,11.417116388519325
15998.0,1263880.429483,172362.374884546,2.0,1450.866240244104,7.279916064102958
15999.0,1278920.4256584,208660.985993713,3.0,9978.572183276829,9.2081952912624
16000.0,1279143.90194663,208785.157385841,3.0,1874.674251976632,7.536190191032181
16001.0,1281177.9211487,185606.592498109,4.0,1042844.979017119,13.857463093039094
16002.0,1279262.00402674,208849.57684190603,3.0,47651.59366743274,10.771671353799725
16003.0,1279366.32569085,208584.627593637,4.0,1584989.7770828516,14.27608851548272
16004.0,1279516.482555,208233.211913273,2.0,316.7189543526201,5.758014801304108
16005.0,1279058.23481055,208414.077705458,3.0,1438091.5428151053,14.178827475052719
16006.0,1278746.64946622,209217.687306285,3.0,62377.86045897153,11.040965691063994
16007.0,1279025.9119945,209481.79930655696,3.0,105015.19402466805,11.56186032366774
16008.0,1279224.3043147,208980.775754035,3.0,2859.0288420191937,7.958237280420847
16009.0,1278978.25234646,209121.058570176,3.0,650.0496761405266,6.477048784801034
16010.0,1279122.25861861,209219.420938283,3.0,16172.056622845124,9.691040132043495
16011.0,1279815.94489132,179747.16100411105,3.0,67066.87276937287,11.113445501636871
16017.0,1278884.17605837,209929.779723018,2.0,74519.0114576091,11.218809559163354
16026.0,1271042.68945833,253213.450039327,1.0,0.0,
16029.0,1286053.2696977,245183.41393511,1.0,0.0,
16031.0,1264936.58090807,248971.137330994,3.0,54015.78565217328,10.897031609719328
16043.0,1279478.35564297,205745.541062728,1.0,0.0,
16044.0,1269926.31473719,210942.723596051,4.0,1016232.4447322882,13.831612665138776
16045.0,1269032.63736027,205779.068870768,4.0,689262.83993558,13.44337795756357
16048.0,1282474.05996604,211205.494028315,1.0,0.0,
16050.0,1271778.91205108,223055.120600447,2.0,169958.91127723665,12.043311988449444
16054.0,1261936.964201,262201.451136544,1.0,0.0,
16055.0,1285162.09888078,192254.353144914,3.0,39262.68120359187,10.57802975901847
16057.0,1284174.22815979,209534.990154609,1.0,0.0,
16060.0,1264406.42781954,248980.017267004,2.0,7430.699626848807,8.913375295707981
16061.0,1269555.57860881,205764.568582743,4.0,566338.0918554099,13.24694651428511
16069.0,1281585.17625313,181104.5411015,3.0,54519.23954016115,10.906308937440285
16087.0,1272181.1533955,238665.49687244,1.0,0.0,
16088.0,1263742.55972286,247644.908081636,3.0,127701.0597169562,11.757447340474501
16091.0,1281157.72665268,203934.053188875,2.0,63702.484029589774,11.061978836554882
16092.0,1281346.45983689,203928.610308871,3.0,237536.1851657685,12.378075249444151
16093.0,1284232.08697584,200562.257473424,3.0,653526.1901905407,13.390137888046024
16094.0,1284473.26624009,201861.023554742,2.0,3409.001269544064,8.134174644547358
16099.0,1273294.45202063,197055.906877831,3.0,160142.41286830793,11.983818778756202
16100.0,1275518.60274291,218152.432915434,1.0,0.0,
16101.0,1287306.86886698,199136.197631955,1.0,0.0,
16102.0,1291667.63539945,189109.44837369,1.0,0.0,
16103.0,1278111.51096956,212523.089165673,1.0,0.0,
16108.0,1278503.57087398,192668.059641331,3.0,263438.7201827699,12.48157605894085
16109.0,1278784.63788226,192020.513080671,4.0,401805.16065740125,12.903722575126684
16110.0,1263565.95767468,185148.794225633,3.0,93881.38156583316,11.4497873661523
16111.0,1263495.4362026,185150.474993631,3.0,38897.45427520896,10.56868408466838
16112.0,1278152.99576961,193512.775162205,3.0,172195.8429518667,12.056387729870591
16114.0,1275893.9455273,197456.784702241,2.0,314460.6555412293,12.65861424567906
16115.0,1276435.25087185,196965.981181741,3.0,284271.4821629358,12.55768498364874
16116.0,1282032.06546958,197270.718782052,4.0,649576.4212399373,13.384075769818526
16118.0,1277279.97458471,195617.46911636004,3.0,215565.2565444804,12.28101895727841
16119.0,1260705.06871174,188174.54667674,2.0,46591.99999999999,10.749184131556358
16120.0,1260680.89194372,187988.188788548,1.0,0.0,
16121.0,1277658.95999311,194703.158267424,4.0,160393.50682918951,11.98538549248039
16122.0,1277862.59576932,194212.494586915,3.0,109537.00366405536,11.604017704157267
16124.0,1283904.9048955,198743.809983552,2.0,98625.25966743974,11.499082691021158
16125.0,1289498.53741322,190386.546870992,3.0,482051.3161849947,13.085805852479826
16126.0,1289472.02464521,190363.925814971,4.0,556438.4398893575,13.229311823433967
16133.0,1263812.63108292,185142.642993629,3.0,443743.0029168836,13.003000851572816
16134.0,1263241.40157834,185156.49956964,2.0,70.83333333333333,4.260329699696362
16140.0,1279350.57311484,202332.627267227,1.0,0.0,
16141.0,1271475.01112278,199022.278271839,1.0,0.0,
16142.0,1291352.44314313,189135.074933723,1.0,0.0,
16143.0,1274703.68607008,217922.816275194,1.0,0.0,
16144.0,1275160.14450255,195225.417083949,4.0,64481.94793098571,11.074140586571994
16145.0,1275158.77471055,195162.900475889,1.0,0.0,
16147.0,1281865.01753341,181121.223533511,4.0,113667.72062840818,11.641034739945244
16148.0,1281220.24159676,214357.725967541,3.0,178656.08461183257,12.09321792171194
16157.0,1287995.92621168,204291.28314124,3.0,286410.26333265414,12.565180549085254
16158.0,1288286.98566799,204269.029573217,3.0,461566.417187235,13.042381238468812
16161.0,1279373.32140286,222492.145047873,1.0,0.0,
16165.0,1272119.63710743,250399.29528445,1.0,0.0,
16174.0,1273087.73886843,197546.513854325,2.0,273795.7322349002,12.520137604552477
16178.0,1284394.93504,176057.960360333,1.0,0.0,
16179.0,1284475.22067209,175836.513256103,3.0,93182.0,11.442309848973883
16183.0,1272875.88069221,239707.161449507,3.0,86751.07361484671,11.370798073696175
16185.0,1271777.42456308,241285.011947125,1.0,0.0,
16189.0,1285066.3848327,192653.948153317,5.0,290018.67235204164,12.577700587310709
16193.0,1283010.08121459,180183.714540556,3.0,973484.205630058,13.788636879348505
16205.0,1274843.23403822,218201.455443487,3.0,199266.9695039048,12.20240075992135
16210.0,1279698.34309919,194500.420155212,3.0,98214.96358983032,11.494913861449277
16211.0,1280183.4408917,192784.373433456,2.0,126005.98039574406,11.744084648265547
16212.0,1272951.92741229,179782.992940143,1.0,0.0,
16219.0,1268117.39313534,181168.906477556,4.0,587453.8195034903,13.283552916810466
16220.0,1268110.94827133,180838.268013224,3.0,232852.61230691167,12.358160967187668
16222.0,1279693.43788318,229649.701279208,4.0,495259.0356759208,13.11283620907063
16223.0,1278537.977594,253794.009271935,3.0,136581.98314117777,11.824680322406575
16224.0,1280284.2290518,200648.623425514,3.0,7858.67151185598,8.969372852290117
16225.0,1260754.5636878,168876.403168976,2.0,892.638138820641,6.794181279067083
16229.0,1268092.01623932,179847.148332208,4.0,143573.8277360147,11.874604660879486
16230.0,1268104.70155132,180507.629612878,4.0,194734.48638386632,12.17939230142713
16234.0,1271904.60043521,175883.986920148,4.0,468145.087358256,13.056533542577608
16235.0,1273037.01157238,175863.525032133,2.0,464362.5345505196,13.04842085059566
16236.0,1272134.86673945,173879.299366102,3.0,1353178.5102008772,14.117966835036073
16237.0,1266599.51786979,171376.906083539,4.0,436258.65075930674,12.985990582122927
16239.0,1286140.57888179,170683.30019483,3.0,168734.13889736007,12.03607961259793
16240.0,1286879.00032255,170150.339298278,3.0,144318.8037617002,11.879780046471218
16241.0,1273828.53854918,193036.465401709,3.0,45323.85610664438,10.72158879772365
16242.0,1273843.50206921,193053.808889732,2.0,36362.01422222518,10.501279943407935
16243.0,1274232.52530159,202670.245379582,1.0,0.0,
16247.0,1295004.67207487,185844.037554353,3.0,87037.74566024965,11.37409716171127
16248.0,1258084.03523706,168031.636832103,2.0,253061.95480566044,12.441389618386069
16250.0,1265780.92964494,217852.54837112097,3.0,139768.0,11.84773918415428
16251.0,1265615.15172477,217813.530387089,2.0,186344.0,12.13534970691119
16252.0,1265780.66916494,217887.65915516,1.0,0.0,
16253.0,1263131.21412224,175665.269543931,3.0,275532.1987394686,12.526459774573365
16256.0,1263296.0395944,171665.216483831,3.0,103429.20963881387,11.54664269283452
16257.0,1263300.0209064,171370.57801953,3.0,200891.54517147772,12.210520465156252
16258.0,1265597.99953276,216818.466770068,4.0,93322.2,11.443813300653884
16259.0,1265563.93892471,215198.026768401,2.0,33147.86303402184,10.408733530007392
16265.0,1272805.67544414,239747.621993542,1.0,0.0,
16266.0,1263008.92893811,171713.504163876,4.0,187211.9113171564,12.139996469832365
16267.0,1262643.67933773,171732.053667903,4.0,1115055.7993010937,13.924415005840414
16268.0,1265663.37476483,246324.34641628,3.0,578480.8875663751,13.268160787155455
16269.0,1264298.86993143,171335.221731484,3.0,659805.6371390038,13.399700581448826
16270.0,1263948.65341906,171328.866467491,4.0,563378.07521003,13.241706218527028
16275.0,1267413.91588661,212149.160781279,2.0,1410054.6270457203,14.159139004189493
16277.0,1291480.92250326,169852.916961968,3.0,95821.18114550138,11.470239037072696
16278.0,1266584.40145376,211851.581644982,5.0,671241.2653793449,13.416883912250299
16279.0,1267776.39742298,211833.324812964,3.0,619667.6492477161,13.336938563694865
16284.0,1288916.39354064,174599.534438834,4.0,186354.0,12.135403369662278
16285.0,1288601.7160363,174911.819623157,2.0,46592.0,10.749184131556358
16286.0,1280268.27564378,181418.57790181,1.0,0.0,
16289.0,1280632.50758015,173734.54173395,4.0,588833.8244125848,13.285899291099721
16290.0,1266048.18532522,217909.865171179,2.0,46592.0,10.749184131556358
16291.0,1286400.36281806,243143.162797019,1.0,0.0,
16292.0,1281577.74482912,201264.660610139,3.0,66257.1889550189,11.101299250489998
16295.0,1289195.58163692,174588.956070825,3.0,263044.7874765016,12.480079591248883
16296.0,1288571.62816428,174973.759079218,1.0,0.0,
16297.0,1288877.83424459,174640.672166869,1.0,0.0,
16298.0,1288939.77670866,174550.680230781,1.0,0.0,
16299.0,1265508.48004466,165405.11420542,2.0,39861.99891073838,10.593178740796867
16300.0,1264855.822892,165471.441181481,2.0,8520.318531056484,9.050209005398747
16301.0,1264817.39517996,216559.589649796,3.0,83595.01452615851,11.33373916244
16302.0,1264326.14385146,216509.762321755,1.0,0.0,
16305.0,1266074.49271725,217947.411667228,1.0,0.0,
16306.0,1287699.77523538,194551.726523265,2.0,46591.99999999999,10.749184131556358
16307.0,1287592.69869128,194567.453179285,1.0,0.0,
16308.0,1265601.67050876,216995.805970252,4.0,279502.0,12.540764727186753
16316.0,1283219.4036468,193734.212090433,2.0,375509.45200334047,12.83603892164939
16317.0,1280372.42309989,206902.66573591495,3.0,583885.4901352577,13.277460164048938
16318.0,1285228.41209686,201528.888386413,1.0,0.0,
16324.0,1282900.48428647,196673.520509437,4.0,344258.95785063057,12.749149437604945
16325.0,1283041.48172662,196775.754557535,1.0,0.0,
16326.0,1274882.05643827,194921.91801165,1.0,0.0,
16329.0,1282909.91737448,197611.093758404,3.0,44118.414173664365,10.6946325292415
16330.0,1282076.48364563,201520.769026399,3.0,22663.109028431627,10.02849372854345
16332.0,1277546.18892099,217559.150610819,4.0,453079.1600362021,13.02382213541561
16333.0,1281143.23321268,204742.54797369204,3.0,25677.97620250363,10.153388946384638
16337.0,1282870.36198245,198662.435135469,4.0,66428.40914761566,11.103880092572076
16338.0,1279171.83692266,210001.097163081,4.0,1004520.6118831992,13.82002098257185
16339.0,1279375.28466687,209988.845899075,3.0,731604.1894163619,13.502994921858015
16340.0,1277342.35109678,217557.899986818,4.0,381536.4665469965,12.851961712417628
16341.0,1282573.40326214,197481.803006262,1.0,0.0,
16342.0,1282861.87417443,197481.37747027,3.0,94460.23582951608,11.45593424005419
16343.0,1281387.17497292,203926.54438886,3.0,58333.655560823536,10.973934488122117
16344.0,1279783.06207529,208344.772105381,3.0,24600.97582959844,10.11054138900356
16346.0,1279039.06681052,212470.535501614,1.0,0.0,
16347.0,1279161.22930664,212465.22183761,3.0,1509825.2812168333,14.22750449429302
16348.0,1281097.49874863,204740.14048570403,3.0,19254.66463344383,9.865508628981974
16350.0,1279192.69317868,211910.078285038,3.0,677821.5777567123,13.42663937263909
16352.0,1281032.16326056,204941.304133907,3.0,65241.65824431239,11.085853474013284
16353.0,1281057.60972458,205020.393861979,3.0,55058.44891156533,10.916150607423754
16354.0,1282044.6628456,201778.649410665,3.0,49398.94746597832,10.807684396592316
16356.0,1279205.23775469,212329.398925468,3.0,1216411.6458029686,14.011415808730776
16357.0,1281960.66860551,202039.049794927,3.0,207464.71182803268,12.242716540711097
16358.0,1280200.8273237,207446.623944461,3.0,30266.40879058967,10.317793755750277
16359.0,1279954.79698746,207207.142472222,1.0,0.0,
16360.0,1280247.04242776,207199.80948022,4.0,650332.2323994812,13.385238638059459
16362.0,1282124.87756568,201518.11712239697,3.0,139600.31020604307,11.846538691414265
16366.0,1279275.34981877,209586.011082664,3.0,173974.70137305552,12.066665173218148
16367.0,1279865.66687536,207464.393288493,2.0,3675.3544007662977,8.20940484257999
16368.0,1280144.82937165,207452.243656471,3.0,51773.83476280457,10.854640180222106
16369.0,1279227.79417071,213517.789326683,3.0,648499.6434764293,13.382416732971992
16371.0,1279121.11589861,209999.026955083,4.0,484874.0361398409,13.091644416887425
16372.0,1279384.03826687,209321.01850639295,3.0,59340.71143803114,10.99105088295446
16373.0,1280923.15692444,205284.141382247,5.0,847230.3667852908,13.649727916330093
16375.0,1282908.95641448,197482.338110268,3.0,89164.05182822849,11.398233230929199
16376.0,1283430.59449501,197477.633086264,3.0,45408.49657733696,10.723454515799748
16377.0,1278971.06041045,212827.411725983,2.0,232920.0,12.358450325951056
16378.0,1279180.36639467,212822.293005973,3.0,1435002.170591132,14.176676919781775
16379.0,1280881.21574041,205578.316678554,3.0,28806.655931257566,10.26836174814675
16382.0,1282916.35532649,196402.722173154,3.0,430970.02353471227,12.97379381570356
16384.0,1279214.36338671,212549.17377369097,3.0,1173519.9307851342,13.975518278181083
16388.0,1282906.07385448,197252.692222029,4.0,402281.7606713003,12.904908019279723
16391.0,1279225.37618671,212893.659982041,3.0,81512.96356473018,11.308517348723841
16393.0,1281536.53791708,194625.781179339,3.0,331904.419337684,12.712602312888126
16397.0,1282909.62572648,199340.141824171,2.0,393.4076775637905,5.974846421686718
16398.0,1282909.08435048,199261.560576081,3.0,756697.0259967494,13.536718222447256
16400.0,1280904.14118043,205187.676358148,2.0,28008.504723285158,10.240263483154978
16401.0,1282264.43967782,197264.562942043,4.0,892749.7388840184,13.702061572971655
16404.0,1282986.25414257,195908.771708652,4.0,352475.6121431173,12.772736713431444
16406.0,1272965.43333229,194347.359483048,2.0,59100.3375736762,10.986991915284412
16408.0,1292507.57172032,185433.728689924,2.0,46592.0,10.749184131556358
16411.0,1292551.96109636,185432.386801928,1.0,0.0,
16412.0,1282722.61919829,196661.70226942,1.0,0.0,
16413.0,1282853.99161443,196660.695037425,4.0,135643.1133312257,11.8177825488752
16414.0,1287639.80915533,201007.886145875,3.0,139768.0,11.84773918415428
16415.0,1287890.50451559,200796.925633654,2.0,46592.0,10.749184131556358
16416.0,1283051.41708663,194610.92255532704,2.0,30837.193039954956,10.3364768066723
16418.0,1283050.32787062,195911.10143666,4.0,842899.8543608167,13.644603433202093
16419.0,1288318.16870803,172878.385317072,3.0,139430.13333333336,11.845318918462965
16420.0,1288856.06458057,172879.453925073,3.0,46758.66666666666,10.752754900779689
16422.0,1289450.68973318,172301.063652486,3.0,439061.50862510473,12.99239479300605
16423.0,1289599.45946133,172207.487716377,1.0,0.0,
16428.0,1288290.583428,172673.953636855,3.0,232423.46666666676,12.35631627419212
16429.0,1288428.05626014,172020.603236198,3.0,1430959.2207881378,14.173855561129143
16430.0,1289525.50291726,171955.608292133,3.0,1108643.3678238078,13.918647634654082
16433.0,1260818.29520786,174447.453734681,2.0,336.26666666666665,5.8179044959826
16434.0,1260736.62839177,174949.70371919902,3.0,92888.04285714276,11.439150206691874
16435.0,1295435.77876331,183851.328304306,3.0,49476.44890069336,10.809252055553694
16436.0,1295746.22765963,183838.958256289,4.0,80750.93982603644,11.2991248797297
16437.0,1279192.55570668,213194.937934354,4.0,1015948.032266668,13.83133275646856
16438.0,1279233.34009072,213149.319566309,3.0,10621.91968049202,9.270675039335606
16439.0,1263084.06692219,173988.911974207,3.0,161847.28726312472,11.994408498405306
16440.0,1278733.86373821,248309.278770313,1.0,0.0,
16441.0,1265725.87857288,166081.018334106,3.0,175243.86943996738,12.07393382248734
16442.0,1265597.20823675,165787.789597809,2.0,84512.67370238468,11.344656786742298
16444.0,1270933.59518622,227134.099356622,3.0,636819.1305408517,13.364240954739541
16445.0,1267759.21963097,166853.518750906,2.0,492358.3071197885,13.106961996920711
16446.0,1267205.5242064,166728.685726777,2.0,446545.2357199324,13.009295985969757
16452.0,1296224.20865212,183817.797872275,4.0,62943.30672081505,11.049989706906201
16453.0,1294049.54208989,188583.973045155,4.0,239309.8438355325,12.385514409011677
16455.0,1282160.86994971,201248.998850122,4.0,360901.94081836415,12.796361568334248
16457.0,1280482.502588,206607.781447604,3.0,540592.1670319358,13.200420423322427
16460.0,1289104.52634083,182737.745519161,2.0,26701.1554996972,10.19246212059413
16463.0,1290234.96371798,181635.158510044,1.0,0.0,
16464.0,1290294.83795805,181395.55626979505,3.0,670764.276383219,13.416173052270413
16466.0,1278503.83429797,181715.910318121,4.0,417989.55786477774,12.943211730010116
16467.0,1279142.42553063,181713.692142114,2.0,139764.0,11.847710564890653
16470.0,1293991.16519383,188437.147509009,1.0,0.0,
16471.0,1273579.00165293,242601.82071647,1.0,0.0,
16473.0,1296415.89460431,183131.052527577,1.0,0.0,
16474.0,1296666.47156458,183000.140015438,3.0,93182.0,11.442309848973883
16475.0,1296060.79988395,182524.560302943,1.0,0.0,
16476.0,1296888.4498048,182487.766062915,4.0,1174387.923075104,13.976257653304417
16477.0,1281138.89266866,185595.69029009304,3.0,89428.77547425774,11.401197782685347
16478.0,1281322.01996486,185212.9771377,1.0,0.0,
16479.0,1281455.25100499,215699.082512915,3.0,816468.4288423087,13.61274352419354
16480.0,1294996.24916285,185611.172210112,1.0,0.0,
16481.0,1296453.98407635,182762.34225519,1.0,0.0,
16482.0,1296866.19950077,182739.931567162,3.0,530043.3075836615,13.180713994612029
16483.0,1288854.64730057,172573.328868762,1.0,0.0,
16484.0,1289262.81408499,172868.116325065,3.0,346369.0298372248,12.755260045891799
16485.0,1287948.73766765,173805.388070017,1.0,0.0,
16486.0,1289230.21741295,172978.661413178,3.0,299792.42983722506,12.610845613622107
16487.0,1289864.9316536,172972.784741163,1.0,0.0,
16500.0,1276301.30981572,219673.74350899496,3.0,650483.9479835774,13.385471900202216
16501.0,1277558.332601,218697.206419989,4.0,1160029.408765586,13.963955915145307
16504.0,1268629.96132787,173930.802214146,3.0,573449.6765762425,13.259425463796072
16505.0,1267970.55812718,173933.967846155,4.0,824556.7218301559,13.622601214043215
16506.0,1262688.50570577,175689.57527194903,3.0,284568.3486288383,12.558728744921366
16507.0,1289959.38752571,172269.652964443,3.0,93182.0,11.442309848973883
16508.0,1290055.0684218,172131.421604306,4.0,580501.6675979818,13.271647952808433
16509.0,1289907.40205365,172253.959396437,1.0,0.0,
16510.0,1287901.62457959,200803.640833661,1.0,0.0,
16511.0,1287626.43910731,201002.987905875,1.0,0.0,
16512.0,1279782.70348328,202325.25657922,1.0,0.0,
16513.0,1290365.78496611,180452.108716831,3.0,904157.9295035326,13.714759324894153
16515.0,1270409.42072168,173908.741222128,3.0,633803.3481684248,13.35949400891422
16518.0,1271382.01393868,233267.366946906,1.0,0.0,
16524.0,1275077.05541447,211819.57223694,3.0,11223.353968135518,9.325752062048034
16527.0,1268598.96567982,212178.133197308,6.0,984475.3846429808,13.79986417384674
16528.0,1266839.12670203,212192.050125331,2.0,645504.929753314,13.377788126347827
16529.0,1294082.23917793,183871.84593632803,3.0,50966.58126797423,10.838925427668325
16530.0,1294419.81460227,183840.134768292,2.0,2171.7500285951824,7.683288586306915
16533.0,1293439.08596127,183903.622448355,3.0,57651.99046762718,10.962180051859665
16537.0,1267313.21822251,245175.328687102,3.0,219728.37151025815,12.300147387542037
16538.0,1267217.63217442,245000.75684692,3.0,19718.55819787866,9.889315511785853
16543.0,1264423.42250755,212117.518157259,3.0,322603.0902440171,12.684178023809068
16544.0,1264669.9502518,211569.77511669704,3.0,214679.87769605787,12.276903256587127
16545.0,1266719.53604591,229163.224542707,3.0,6701.189067757657,8.810040262432274
16549.0,1266521.98327771,229321.70582287,3.0,46307.76739569687,10.743064988329866
16550.0,1272137.50814745,235415.198565111,3.0,92491.39869286584,11.434870932072794
16551.0,1264540.31761168,212115.080461249,3.0,48835.251057078895,10.796207688793496
16553.0,1263634.80497074,212551.901453704,3.0,66568.01497515148,11.105979485540454
16554.0,1266660.36785385,229248.343134791,2.0,19860.669190355715,9.896496632416971
16555.0,1266627.66743781,229222.542366773,3.0,11279.221930569882,9.330717544886616
16556.0,1272276.0714756,235501.761061192,2.0,12590.747157159623,9.440717470564236
16557.0,1272364.38270769,235500.591461197,2.0,47973.13754577209,10.778396498773132
16558.0,1264707.37341985,212111.596557245,1.0,0.0,
16563.0,1275976.39250338,207412.001288429,4.0,1330556.0746869408,14.101107514086333
16568.0,1284168.29868777,192675.178425342,4.0,167987.50153565969,12.031644859996831
16569.0,1284272.07935987,192229.36696888495,3.0,18245.36653260075,9.811666438150848
16571.0,1281478.89298902,198619.915903434,3.0,261535.23579608335,12.474324298327934
16572.0,1264150.11498727,212901.521486059,1.0,0.0,
16574.0,1267987.59678321,212216.691533357,3.0,1329175.284441855,14.100069220978726
16575.0,1267671.77003089,212152.057421282,3.0,852641.6860762563,13.656094675005967
16576.0,1280981.7873885,199149.017855972,1.0,0.0,
16577.0,1280985.39334051,199599.901760429,3.0,912239.5732691383,13.723657924547584
16578.0,1280983.17714851,199262.230208084,1.0,0.0,
16579.0,1281709.56511725,230023.364895582,1.0,0.0,
16580.0,1268098.43255931,211744.638668865,2.0,0.0,
16581.0,1273529.87211688,215672.711184889,1.0,0.0,
16582.0,1295218.09844309,184525.615984991,3.0,162582.32388183518,11.998939760972767
16583.0,1295215.03482708,184409.583408877,3.0,93180.0,11.442288385370787
16584.0,1270105.14372937,255825.018682003,1.0,0.0,
16585.0,1280796.99046032,199300.448320121,1.0,0.0,
16586.0,1295224.7116271,184310.982896775,2.0,0.0,
16587.0,1295542.75367542,184309.780464783,2.0,0.0,
16588.0,1272748.51250008,194353.088123068,2.0,20598.705532291853,9.932983514565008
16590.0,1275925.62815133,179798.875436157,3.0,6356.867840600439,8.757291057134088
16591.0,1276146.75307956,179751.92606011,2.0,4411.51562432408,8.39197358838185
16605.0,1274170.91710953,240729.432042554,3.0,28157.456570534603,10.245567485544194
16606.0,1273704.23826106,241337.872747168,4.0,155147.1453949379,11.952129270705896
16608.0,1271084.90949038,221830.5301992,4.0,139770.0,11.847753493478953
16609.0,1271084.72248237,221813.19099918,1.0,0.0,
16610.0,1284655.45062427,192668.613497332,4.0,524371.0478752996,13.169954819346218
16611.0,1280746.40889227,231365.600032955,2.0,86447.99604260166,11.367298310306056
16613.0,1267881.2873431,230992.452192575,2.0,21499.21794658903,9.975771838876929
16615.0,1271115.0616824,222161.382551536,3.0,181347.7861601013,12.108171937082641
16618.0,1264961.25610811,215210.087120414,3.0,159367.39273470076,11.978967461894925
16622.0,1282612.23161417,199938.216704786,4.0,1244542.3364999918,14.034278419094234
16623.0,1282565.16607814,199937.444096774,4.0,369878.20609504526,12.820929057715082
16625.0,1282920.66310249,198661.858687475,4.0,741367.8744349297,13.516252237811655
16626.0,1268371.00126359,169168.249057278,3.0,93319.0,11.443779010261407
16628.0,1268406.63236763,168820.252384916,1.0,0.0,
16629.0,1285841.10374549,174398.109670624,3.0,499639.6013772309,13.121642320259559
16630.0,1286639.77837031,174386.942054614,1.0,0.0,
16631.0,1287371.72633906,174521.056614757,1.0,0.0,
16632.0,1268267.88958348,169154.073569253,1.0,0.0,
16635.0,1273704.64805305,241221.004203051,5.0,498539.62818135554,13.119438360071735
16636.0,1273697.91806905,241342.945259184,1.0,0.0,
16637.0,1273628.44082098,241262.458219096,2.0,94242.39433936591,11.453625405389554
16648.0,1282857.07001443,197251.731262028,4.0,400186.4649945894,12.899685879956616
16656.0,1276177.91736759,218486.928659767,2.0,637181.8802311076,13.36481042006491
16657.0,1274860.57944624,218162.704851449,1.0,0.0,
16658.0,1275109.66162249,218192.27073946604,3.0,460095.8344244488,13.039190082471732
16659.0,1282362.81740592,200598.049409449,4.0,326205.3084918459,12.695282242770068
16661.0,1277237.36671267,229713.863199264,3.0,4730.131972634711,8.461708382288018
16662.0,1275397.94616678,229653.80131121,3.0,256053.46089839903,12.453141533293781
16663.0,1275588.55467899,229541.250335097,3.0,6421.472516791148,8.76740273437027
16664.0,1281564.7720931,191963.961336613,1.0,0.0,
16665.0,1277240.27512868,229808.497887373,3.0,103970.37132357009,11.551861246414807
16667.0,1279085.68684256,175780.652200043,3.0,194366.1098015101,12.177498823514076
16668.0,1279060.42476255,175469.407079726,1.0,0.0,
16669.0,1279853.23583536,175769.055720031,3.0,344716.2355036146,12.750476851783395
16670.0,1292525.88468033,186101.247986615,2.0,83342.58195808501,11.330714885515082
16671.0,1287107.65011477,203124.320900038,1.0,0.0,
16673.0,1271297.80248259,218914.149908215,4.0,1170640.0286334483,13.97306119022596
16674.0,1286384.77101004,243583.817773476,2.0,9996.742467631568,9.210014565670228
16676.0,1274338.74226171,216186.14420941504,3.0,1238831.8105367564,14.029679405260342
16677.0,1271726.96958703,223270.89544867,4.0,540097.2053431323,13.19950441223531
16678.0,1271824.01765113,223328.584984735,1.0,0.0,
16679.0,1264825.90429996,217717.103378981,1.0,0.0,
16680.0,1264885.09642802,216671.23080191,3.0,46689.33333333333,10.751271009288045
16681.0,1280358.72005987,221546.899542913,3.0,32979.6239924326,10.403645194970144
16682.0,1280328.91333984,219899.520597219,3.0,113966.45991592306,11.643659472824176
16683.0,1277479.59519292,248125.873650119,4.0,746933.9398431034,13.523732026259466
16684.0,1276661.01221609,235883.927653581,3.0,725727.7529177167,13.494930227497251
16685.0,1277470.84850492,247628.208625615,4.0,354825.32492395665,12.779380904897206
16687.0,1277973.26975343,246560.040112525,4.0,225444.5658406356,12.32582957994656
16688.0,1278207.89855367,246552.148080513,3.0,244807.60194284384,12.40822788282624
16689.0,1286088.84966573,196462.265341222,1.0,0.0,
16693.0,1286010.10700966,196462.962493226,1.0,0.0,
16699.0,1274473.5392538498,242626.286508486,6.0,780189.8547973529,13.567292572634278
16700.0,1274704.15032607,242596.141228467,3.0,1158329.543445181,13.96248947646168
16701.0,1287657.06797135,195453.351676181,3.0,116473.0,11.665414765470821
16703.0,1272907.95768423,178475.095914796,3.0,93182.0,11.442309848973883
16704.0,1266233.25482941,212366.703373507,2.0,91508.97116573474,11.42419229198462
16705.0,1266238.50519741,212207.566541344,3.0,463187.0630147013,13.045886275262589
16706.0,1265513.47774068,212673.458317816,3.0,17714.590554019695,9.782143904078453
16707.0,1265503.81764466,212399.756749541,3.0,38503.862508600745,10.55851384014239
16708.0,1281314.41068485,188984.358709559,3.0,6942.017217759729,8.845347676649098
16710.0,1274715.5584541,242822.322860688,3.0,12501.742487282454,9.433623312557854
16711.0,1283788.78764738,256406.195962608,1.0,0.0,
16712.0,1284027.68844762,256407.761594608,1.0,0.0,
16729.0,1285100.92678472,192368.207609028,2.0,2156.832404904353,7.6763959451342165
16736.0,1281368.3915489,189292.518517882,3.0,684924.0396113299,13.437063220017142
16738.0,1269664.70961691,197688.280958474,3.0,136608.09102858067,11.824871455906294
16747.0,1270817.13246611,197241.872702017,3.0,149430.95601619018,11.914589732467702
16748.0,1271114.13061041,196732.697533503,2.0,105591.01155887789,11.567328528817916
16770.0,1277924.41976938,218862.415444165,3.0,95748.22449879986,11.469477363777493
16771.0,1276264.39749567,218998.50242029096,3.0,1631398.009262319,14.30494787958449
16775.0,1274173.24389353,195869.250428617,3.0,60645.88236593748,11.012807020326928
16776.0,1274303.58219767,195863.657916605,1.0,0.0,
16780.0,1273027.55589236,193903.370490596,1.0,0.0,
16784.0,1277035.60760847,218418.999315709,1.0,0.0,
16785.0,1279690.91756319,213534.820430696,3.0,9388.957210047389,9.147289512792351
16786.0,1279715.82661921,213486.95271866,3.0,28786.919433793617,10.267676376623577
16793.0,1268661.56759989,213742.522126913,1.0,0.0,
16796.0,1274858.96466224,252551.115766659,3.0,5841.672655758692,8.672772448471022
16799.0,1273681.20715703,220716.26504606,3.0,657381.085448153,13.396019168043173
16801.0,1287683.00493138,175212.599207461,3.0,50970.06336746176,10.838993746563876
16802.0,1287692.91110738,174569.133606806,2.0,1375.5836597898456,7.226633399881749
16804.0,1288328.79430804,174586.162086815,3.0,167325.7114200708,12.027697559685912
16805.0,1288622.31110834,173865.980134085,3.0,162133.31237690678,11.9961741917117
16806.0,1288618.58541232,173717.610021934,3.0,93182.0,11.442309848973883
16807.0,1288520.73389223,173718.489957929,1.0,0.0,
16808.0,1288774.76224449,173709.493285924,1.0,0.0,
16812.0,1260746.68215179,175126.593767375,1.0,0.0,
16821.0,1281334.21612486,218631.384083927,2.0,34576.8083068027,10.450938456157434
16822.0,1295581.25223546,217338.999186605,2.0,4976.029110423072,8.512387484567311
16823.0,1261303.01437636,174946.481895193,3.0,162413.64704542313,11.997901736710025
16826.0,1270337.7062896,177858.328106165,1.0,0.0,
16829.0,1281780.27724533,218488.259667769,2.0,39382.39973521418,10.581074288254563
16830.0,1281878.46732543,218535.616851822,3.0,43005.3464547091,10.669079723102627
16831.0,1264825.31242797,165914.504925936,3.0,69029.67398198454,11.142291748841005
16832.0,1262001.07664907,174659.899494901,3.0,284163.3866408971,12.557304656792404
16833.0,1261990.38602506,174316.562278539,3.0,216154.97999170347,12.283750929347853
16834.0,1265574.11934073,166047.579806075,1.0,0.0,
16837.0,1268707.58059195,168314.121504396,2.0,46592.00000000001,10.749184131556358
16838.0,1268499.48356773,168301.932896391,2.0,93180.0,11.442288385370787
16839.0,1266673.97674985,166634.053982675,2.0,309789.3202759936,12.643647733407477
16840.0,1266391.68369357,166530.115230575,3.0,265335.7065795899,12.488751120513848
16841.0,1267845.49668705,167562.470431626,3.0,584636.5998752704,13.278745736396914
16842.0,1267549.03633475,167478.027999535,1.0,0.0,
16843.0,1280022.51993152,181272.268845662,1.0,0.0,
16844.0,1280744.54668427,231252.411936849,2.0,42876.6710848398,10.66608315944841
16845.0,1261493.52976856,174375.984678611,3.0,47210.223809523726,10.762365754251903
16851.0,1266406.81982158,166883.507550925,1.0,0.0,
16854.0,1268485.56894371,167711.555807784,3.0,769954.6593513935,13.55408690813691
16855.0,1266749.99268593,211890.914957017,2.0,61957.16743117765,11.034198577397634
16856.0,1266551.73418973,211899.744973034,4.0,421658.1989763907,12.951950309795096
16861.0,1271806.04190712,201113.66316998,4.0,999652.812355574,13.815163310036265
16864.0,1269351.4490726,218494.999827787,4.0,372656.0,12.828411021079189
16865.0,1269216.98283246,218070.759187341,4.0,139770.0,11.847753493478953
16866.0,1274869.30450225,198308.828927115,4.0,1557177.1671683127,14.258385231862617
16867.0,1275707.67653511,197462.569086239,1.0,0.0,
16868.0,1269284.03678453,212560.094989702,3.0,26309.995826209197,10.177704215395375
16869.0,1271361.36043465,222458.099799842,2.0,169312.56960987233,12.039501809959871
16870.0,1271348.36369865,222012.83893539,2.0,192953.2485454537,12.170203203027476
16871.0,1269292.46328054,213144.66599831,5.0,369289.2887776458,12.819335596297757
16873.0,1261035.27248809,245096.215343028,3.0,63270.06451448314,11.055167581809814
16874.0,1283310.77190289,210837.089931935,2.0,31112.98447684336,10.345380518329405
16875.0,1283422.579391,210834.422283933,3.0,434327.34152562014,12.981553771930715
16877.0,1270478.99569775,222490.41403988,4.0,160288.23482022205,11.984728941145677
16878.0,1284813.93094443,210386.223371476,2.0,33522.09134778927,10.419959943693613
16881.0,1274297.97989367,226611.790364087,2.0,42688.93115985006,10.661694942189802
16882.0,1274209.28088558,226188.035931662,4.0,868697.6104169146,13.674750369486677
16883.0,1281839.75942139,221919.756439283,4.0,144674.23498281263,11.882239838595417
16885.0,1283265.48454285,228241.63842976105,3.0,66218.08285869716,11.100708859590288
16886.0,1283353.65043093,228274.224989802,2.0,4.0,1.3862943611198906
16887.0,1280639.55148415,219060.955348358,3.0,29534.8913442537,10.293327600853706
16888.0,1280630.74278015,220308.954197645,4.0,38872.45623258095,10.568041212808923
16889.0,1283555.24057515,228207.804189727,1.0,0.0,
16890.0,1260715.44439176,174238.258278459,1.0,0.0,
16892.0,1269149.49444839,167641.98243171,2.0,816008.3260180631,13.612179837347698
16894.0,1267151.16145435,167151.507679209,1.0,0.0,
16895.0,1266843.10564603,166682.376414731,3.0,401355.358937682,12.902602495750841
16896.0,1279187.21580267,213020.94055818,3.0,1134657.5825052103,13.94184147395751
16897.0,1279229.40997872,213019.849998176,4.0,140186.28405279035,11.850727417504325
16898.0,1270629.4442099,201130.094594002,1.0,0.0,
16903.0,1272591.31070791,200403.006785259,4.0,1624492.7033372363,14.300706142445154
16905.0,1260822.66986386,245092.89643101403,3.0,25775.90614484464,10.157195464226259
16908.0,1271361.00901066,222473.742871851,4.0,211585.1648122142,12.262382866925382
16910.0,1288323.08077203,174326.102566555,3.0,128852.03270538712,11.766419991706073
16911.0,1288609.60250032,174320.904742554,1.0,0.0,
16912.0,1268747.36663999,168295.057568371,1.0,0.0,
16914.0,1271853.70917116,201110.949633986,3.0,83534.95487488358,11.333020444497606
16915.0,1265988.47185315,211909.351565033,3.0,309754.3440471374,12.643534823758303
16916.0,1273127.48613247,213010.97601416695,3.0,166810.59074697315,12.024614260578034
16917.0,1273320.13637267,213009.98030217,1.0,0.0,
16920.0,1274469.13534984,198678.591615483,4.0,1349879.420231699,14.115525828078601
16921.0,1269131.36484838,212056.641293183,4.0,112959.36610325212,11.63478344101915
16923.0,1279391.59634688,176449.032744721,4.0,546846.807486654,13.21192398274076
16924.0,1279397.15308289,176099.593128368,1.0,0.0,
16925.0,1279690.84537119,173764.862245977,4.0,140330.52337081038,11.851755800310025
16926.0,1279678.45529117,173090.745829284,4.0,513167.328194618,13.148357246787107
16928.0,1272684.58872402,200328.852737173,4.0,1164924.906720171,13.968167185153522
16929.0,1272919.76939626,206306.080647305,3.0,160095.57243952126,11.983526243633763
16930.0,1261234.51613629,245608.322863549,4.0,129060.67643623769,11.768037932730067
16931.0,1261226.06832828,245341.966127276,4.0,68668.1019386522,11.13704006090437
16937.0,1271378.32657868,222701.876568094,1.0,0.0,
16938.0,1269111.36292836,216236.307153463,1.0,0.0,
16941.0,1269274.34718452,209996.444939077,3.0,341594.9398837759,12.741380927800234
16942.0,1268769.12478401,211028.509196132,1.0,0.0,
16943.0,1273333.27019668,199730.03174457,3.0,1089298.226333153,13.901044217806247
16944.0,1269277.69528052,212050.231565177,4.0,189308.68041328332,12.151134191472469
16946.0,1269662.72798492,221189.776918545,2.0,46592.0,10.749184131556358
16947.0,1269520.66622478,219710.48789303,2.0,93180.0,11.442288385370787
16949.0,1269281.57944053,212173.59150131,4.0,128264.16530177165,11.761847207629863
16952.0,1269200.30603245,215824.945425048,1.0,0.0,
16957.0,1293711.73728955,188172.499444738,1.0,0.0,
16959.0,1280050.19705155,173753.069285959,3.0,50916.12911932753,10.837935030915453
16964.0,1295591.69121146,185623.581938118,1.0,0.0,
16965.0,1295809.44109969,185610.451058105,3.0,49304.332392286,10.8057672343094
16966.0,1293546.97780138,185534.462706029,1.0,0.0,
16967.0,1279696.2246352,174000.834534213,1.0,0.0,
16968.0,1279740.65759523,208000.278665036,3.0,387958.4911378296,12.868653631278939
16969.0,1279737.98866723,207876.70279291304,3.0,47438.726890824895,10.767194197114733
16973.0,1273703.04568505,241346.791083187,1.0,0.0,
16974.0,1277673.66008912,175792.962856054,3.0,437281.1077578445,12.9883315344505
16976.0,1293172.705865,185553.400690049,1.0,0.0,
16981.0,1278504.72146598,176453.281704739,3.0,99745.89392275302,11.510381170223189
16989.0,1271888.80523519,231958.852449566,3.0,68285.13816061844,11.131447425404298
16990.0,1278297.24844176,175787.449064046,3.0,120132.50121056236,11.696350589364085
16998.0,1268651.62993588,212042.314893171,4.0,88097.07003387967,11.386194554094047
17000.0,1277409.50117685,206248.977031246,4.0,964523.8086682792,13.779389796008507
17003.0,1279734.91353123,207734.341192767,1.0,0.0,
17005.0,1281376.42994891,180192.348396555,1.0,0.0,
17006.0,1281566.1166051,180119.391852483,3.0,93182.0,11.442309848973883
17010.0,1273912.44882128,244948.411502868,3.0,46851.94798176057,10.754747865921937
17011.0,1273687.97285303,246104.872112051,3.0,1192312.6352667096,13.991405370126907
17013.0,1278220.34834568,175484.429991737,1.0,0.0,
17016.0,1290103.63885385,180059.520236418,1.0,0.0,
17018.0,1277999.78482546,176457.74269673196,3.0,144568.4222035315,11.881508184523154
17027.0,1278951.07980242,211442.998796567,2.0,1338.3829353324843,7.199217399540887
17042.0,1273378.88197273,220372.38581369803,3.0,1725854.2614419188,14.36123270988895
17058.0,1281529.32102107,180275.455212653,1.0,0.0,
17062.0,1288945.08902866,182008.686318427,1.0,0.0,
17063.0,1289093.12806882,182002.95140641896,3.0,113512.96570315446,11.639672344649327
17066.0,1278483.02335395,175118.454375371,3.0,181975.65636281687,12.111628200864509
17067.0,1278879.82636236,175114.059047356,3.0,263784.3643519137,12.482887246666891
17073.0,1280148.13874766,207976.526729017,3.0,190759.6271953921,12.158769418097984
17074.0,1280143.58821966,207814.10612084,1.0,0.0,
17084.0,1281508.98150104,194471.668283179,4.0,526857.4852559994,13.174685364492467
17086.0,1277558.834233,205467.457286447,4.0,74403.9282675979,11.21726401872302
17087.0,1278239.58680969,175314.960487559,1.0,0.0,
17088.0,1278235.42636169,175121.089191362,3.0,113953.62481474956,11.6435468447405
17097.0,1278493.14079396,176025.750760287,1.0,0.0,
17098.0,1281773.61682932,194123.94981882,3.0,292224.300355042,12.585276938273573
17102.0,1280721.61202824,198098.328318894,4.0,1305406.0105864375,14.082024669574706
17103.0,1277968.69624943,203250.660868168,3.0,293824.0736363878,12.590736478222794
17104.0,1278035.90610549,203270.807172194,4.0,397373.14213182585,12.892631022849738
17105.0,1280728.04281224,197097.689917877,3.0,83901.24984097853,11.337395789137888
17106.0,1281029.87846056,197089.653501868,4.0,304002.74198656506,12.62479200004033
17107.0,1278868.72037834,200206.240129054,3.0,41493.16906881038,10.633284091919043
17110.0,1281627.95500517,222314.759895697,3.0,931161.9773608516,13.74418852325373
17111.0,1282071.04274963,222295.717591673,3.0,805127.8742183073,13.598756393746012
17113.0,1278422.83020189,184160.07211262,3.0,93182.0,11.442309848973883
17114.0,1278476.56831394,183994.052400455,1.0,0.0,
17115.0,1284017.48076762,201651.180482537,1.0,0.0,
17116.0,1282923.8129905,194611.964219332,2.0,117.04762459762462,4.762580899819202
17117.0,1277760.90930521,175419.632871673,1.0,0.0,
17118.0,1277758.9060412,175126.04720737002,3.0,118513.34092424494,11.682780814859683
17126.0,1278132.79077759,175122.157095373,3.0,78589.09559332686,11.27198823588367
17127.0,1280805.78674833,197845.72748664,4.0,978670.2342328156,13.793950025375048
17128.0,1280874.1048284,197843.907902628,4.0,379877.9466309483,12.847605287032572
17130.0,1277501.34290494,175600.368103862,1.0,0.0,
17132.0,1265436.98577259,167391.270303458,2.0,412152.9337890885,12.929149757971743
17135.0,1267955.50334316,229709.66307126,4.0,1167128.776355239,13.97005725338578
17141.0,1277883.80076134,204101.273349047,4.0,1451145.242541249,14.18786362509339
17142.0,1276478.2087599,217591.90158686,4.0,159868.04691998052,11.982104047208143
17143.0,1276615.45196004,217586.184722856,1.0,0.0,
17147.0,1281861.52671741,180127.642156497,3.0,424791.45540463965,12.95935363431171
17155.0,1278358.56165782,201181.64825806,3.0,188798.2665527656,12.148434351257139
17156.0,1278424.59231389,201194.418946072,4.0,146345.78022176295,11.893727458235006
17157.0,1277270.6622647,207010.674696028,3.0,63068.76787823327,11.051980963684935
17158.0,1280507.17279603,198620.209215432,4.0,629727.9660212623,13.353043205149014
17159.0,1281054.14617258,195309.703356043,4.0,160459.77918391835,11.985798593162604
17160.0,1281120.18572465,195308.297852039,4.0,218453.88273072024,12.29433020822355
17161.0,1280861.84044439,198346.117183149,1.0,0.0,
17162.0,1281060.62706859,198339.578495145,3.0,80363.18405890753,11.294311440579307
17163.0,1280957.41177249,197591.584254384,4.0,354646.9835441046,12.778878161149551
17164.0,1280714.60614024,196055.45772481,1.0,0.0,
17165.0,1281046.87385258,196046.772412792,3.0,56269.98721882331,10.937916585287141
17166.0,1277119.67500055,208185.473161221,4.0,919640.3637047034,13.731737963583749
17167.0,1277057.01368849,208179.442377225,3.0,67416.47196780668,11.11864465825548
17168.0,1277977.24152943,203590.068996519,4.0,100962.99876135774,11.522509379803797
17169.0,1277404.70168884,205036.141573995,1.0,0.0,
17170.0,1277636.08671308,205029.865029991,4.0,134677.0124073224,11.810634690131153
17174.0,1280330.58361185,208716.404233769,4.0,383864.4140323317,12.858044680761989
17177.0,1260503.40707953,188647.961077213,2.0,232920.0,12.358450325951056
17183.0,1271164.30603446,171571.297379732,1.0,0.0,
17184.0,1258252.65270923,168522.184416607,4.0,55722.71181222705,10.928143095270611
17185.0,1258085.08182906,168672.420000762,1.0,0.0,
17186.0,1271379.84101067,224487.753561914,4.0,176967.4358667351,12.08372101647587
17187.0,1281049.71897258,194123.451130822,2.0,139764.0,11.847710564890653
17188.0,1280460.20575598,203025.363779947,1.0,0.0,
17189.0,1280450.60242796,202620.063747525,3.0,800347.3050156039,13.592801043711855
17194.0,1280612.64505213,202873.040259778,2.0,18677.029887879464,9.835049699562873
17200.0,1279645.64044315,194680.235771403,2.0,38826.41315051493,10.566856045307233
17201.0,1270457.52497773,176191.29341647,1.0,0.0,
17203.0,1271107.0079224,218151.746259436,3.0,426168.85102110566,12.962590910619397
17204.0,1271095.88190639,217408.584338665,4.0,395293.5217713945,12.887383861018424
17205.0,1276741.32408817,179752.106476113,3.0,77028.15624150353,11.251926299470567
17206.0,1255949.41449888,254409.737720564,4.0,53412.274887252046,10.885795865335433
17207.0,1271546.67665885,171718.192419887,3.0,93182.0,11.442309848973883
17208.0,1271828.63800314,171712.552355871,3.0,834171.2394418232,13.634193983336717
17209.0,1255628.99293055,255114.170681283,3.0,78738.28964307946,11.273884842685478
17213.0,1280612.49350013,203063.242307976,2.0,7014.9058200712725,8.855792566939849
17214.0,1281094.35929263,194273.663738981,1.0,0.0,
17223.0,1279826.78015533,189512.130614102,3.0,157648.6842925712,11.968124319188753
17224.0,1278019.39135347,179420.817131773,3.0,467214.67449543136,13.054544119453725
17230.0,1283409.422271,208278.95789732,1.0,0.0,
17233.0,1271548.69009885,172023.509732202,1.0,0.0,
17237.0,1278985.23724246,189984.190390587,3.0,201435.49861163445,12.213224502978232
17238.0,1279173.40255466,234059.14320372,2.0,74.64031215538098,4.312680738676391
17240.0,1264288.78961141,246446.560688406,3.0,301587.3587515593,12.616815000283808
17241.0,1264260.60394739,246448.496048406,1.0,0.0,
17246.0,1274833.63461421,202627.409475535,3.0,271278.4182598816,12.51090094612741
17248.0,1274889.49112627,194306.258491009,1.0,0.0,
17249.0,1258057.56944503,168635.224224731,3.0,232657.4574395868,12.35732251108783
17250.0,1257984.02890097,168735.906720832,1.0,0.0,
17254.0,1271438.68606673,171721.086499885,1.0,0.0,
17257.0,1277019.19916046,179581.98973994,1.0,0.0,
17258.0,1265554.16074871,207156.067464173,3.0,620134.7875039538,13.337692132593418
17259.0,1265287.43882844,207158.39943216703,3.0,512312.0,13.146689093428092
17261.0,1267594.8702548,171825.275555998,1.0,0.0,
17262.0,1279860.84831536,209520.132618591,3.0,2610.453293713349,7.867279160989092
17263.0,1279923.69759543,209270.877834335,4.0,99235.70515095304,11.505253159470543
17264.0,1279520.56946701,209683.677898765,3.0,71495.37852323137,11.177388090554379
17265.0,1279841.06489134,209592.672778666,3.0,28718.632374463952,10.265301402754787
17266.0,1280028.90674753,208767.787017822,3.0,496945.61168334034,13.116235865857798
17267.0,1279432.58277892,209343.22516241705,3.0,44586.18781193264,10.705179399728795
17279.0,1280730.56018825,231376.146976978,2.0,126137.6167837446,11.745128786617125
17299.0,1264803.68586794,243637.857965529,3.0,41656.9545766808,10.637223610286934
17326.0,1273223.29662856,222421.630423799,2.0,46592.0,10.749184131556358
17327.0,1273396.84286875,222114.18191148297,5.0,236180.04760761588,12.372349706728695
17362.0,1276456.65957588,203705.694724634,2.0,2.0,0.6931471805599453
17363.0,1276654.06572008,203633.070852563,2.0,46588.0,10.749098276222542
17364.0,1278933.45157841,210360.110603452,1.0,0.0,
17365.0,1279097.30783458,210349.934731439,3.0,101488.32212586794,11.527699017897767
17367.0,1277903.71442536,234990.699108675,3.0,10415.061131646817,9.251008223255074
17370.0,1280717.20914824,205935.593158916,4.0,1044184.2232971586,13.858746490954541
17372.0,1280889.59366041,205897.070278883,4.0,58422.99833342426,10.975464898373845
17373.0,1281575.48070112,203310.777860239,3.0,32640.945998763727,10.39332279146331
17374.0,1265122.90769227,171996.368740171,3.0,576815.3434311596,13.265277465554625
17375.0,1281284.16012482,203111.038788036,3.0,186350.0,12.135381904907405
17376.0,1281282.47935681,203032.719363943,1.0,0.0,
17377.0,1280847.91884437,205685.884358659,3.0,37946.65641010404,10.543936673806693
17378.0,1281286.76575682,203275.183812201,3.0,279502.0,12.540764727186753
17379.0,1281159.34150068,203598.49318853,1.0,0.0,
17382.0,1264837.69860397,215865.096913084,3.0,641606.5927391868,13.371730610947964
17383.0,1265241.33194838,212579.197005719,5.0,881810.9313257177,13.68973294843349
17385.0,1265875.56497304,211884.42612502,4.0,965630.9701472631,13.780537021725912
17386.0,1265713.91601287,211816.237900943,2.0,674041.4581261347,13.421046898575646
17393.0,1269365.59569661,218999.488980293,2.0,139764.0,11.847710564890653
17394.0,1271825.82731514,199792.447680637,1.0,0.0,
17402.0,1269215.95755246,212173.850381315,4.0,72734.6971307582,11.194573814189244
17403.0,1264081.9245232,247367.386929348,3.0,580657.9597048745,13.271917152846328
17404.0,1263951.00452307,247370.137585357,2.0,932.154287986014,6.837498346033893
17405.0,1263892.755243,247371.676017359,4.0,258581.74403278445,12.462967147440391
17406.0,1273147.07435648,213984.62727916203,3.0,321981.1585964597,12.682248309138963
17407.0,1273470.10981281,213977.198799163,1.0,0.0,
17408.0,1281997.59404555,201803.282242686,3.0,16489.34179780693,9.710469499523956
17409.0,1280085.46892358,204959.399941921,2.0,46591.99999999999,10.749184131556358
17410.0,1281550.20025308,203271.707780197,3.0,337909.9478961408,12.730534712624573
17411.0,1280079.41317959,204687.627525643,1.0,0.0,
17412.0,1280775.5577563,205921.109254912,4.0,296358.45437642967,12.599324995158746
17413.0,1266882.23089407,211885.025165007,2.0,75510.35300709019,11.23202505175794
17416.0,1269155.8342884,216108.45140934,1.0,0.0,
17420.0,1270568.58577785,212146.796301275,4.0,732552.4070614888,13.50429016279054
17435.0,1264812.14058796,207764.799176797,4.0,419214.0,12.946136808377869
17436.0,1264797.87549993,208412.684041455,3.0,279502.0,12.540764727186753
17440.0,1269283.28977653,173760.751333967,3.0,214965.1194789556,12.27823105896668
17444.0,1268626.11915186,173768.312997982,3.0,59343.96006941335,10.991105626862694
17455.0,1269398.03659265,204686.062853634,3.0,61924.04718198581,11.03366386759382
17456.0,1268841.16664007,206361.000775352,5.0,271467.3542014371,12.511597168774454
17460.0,1269196.45630445,206348.861063346,3.0,80551.2729429723,11.296649191620814
17461.0,1269568.83384082,206333.200327322,4.0,467123.4038697328,13.05434874985871
17462.0,1270974.64299425,174564.43280679,3.0,129827.59727346816,11.773962674470178
17463.0,1271220.84197052,174561.032550797,3.0,52794.934044671696,10.874170518967587
17469.0,1271082.75499438,216607.855953842,3.0,90988.4652621854,11.418488022104247
17470.0,1281574.58374111,200601.868929461,3.0,19488.082262043536,9.877558391664689
17471.0,1282806.88147038,195511.435196251,3.0,78844.7916520715,11.275236536335992
17472.0,1278425.22488989,205402.514502376,4.0,1063271.037299659,13.876860598765107
17473.0,1283652.70527925,193976.635450676,4.0,371615.74292038777,12.825615650256914
17474.0,1280126.00857164,201677.119746566,4.0,152204.40378182477,11.932979658168698
17475.0,1280292.5951958,201633.639490515,3.0,84133.93044773377,11.340165218195208
17476.0,1281066.35442859,198628.58649544403,3.0,346088.307151712,12.754449244457843
17478.0,1280007.09311551,201710.646594599,3.0,45238.08536759661,10.719694607663307
17481.0,1279783.25497128,202773.017155677,3.0,200837.04336291645,12.210249128684557
17482.0,1267320.16900653,174266.025958493,4.0,169125.27266546633,12.038394977684451
17483.0,1284385.59353599,192453.300281122,1.0,0.0,
17486.0,1283519.90399911,193402.507002085,1.0,0.0,
17487.0,1283701.71270329,193399.420410082,3.0,61885.36222860752,11.03303895621073
17489.0,1279776.20313127,202450.070915356,2.0,72203.07944184293,11.187237975520437
17492.0,1269925.41284919,195258.404539987,3.0,635115.335401426,13.361561891935423
17494.0,1277998.87436146,176247.274280518,1.0,0.0,
17496.0,1282250.5272938,197042.77234982,3.0,978847.0971940524,13.794130726673451
17498.0,1296102.49594799,186729.948211253,1.0,0.0,
17499.0,1296188.37831607,186853.100147381,3.0,1033756.5238399612,13.848709836148938
17503.0,1277151.66904859,188229.640756786,1.0,0.0,
17504.0,1277419.30040886,188227.199476793,4.0,854750.2173378344,13.658564561772161
17505.0,1282794.75615837,206251.827463239,1.0,0.0,
17507.0,1267680.8808789,174370.550310597,3.0,43090.69782672903,10.671062425111591
17508.0,1267581.48017478,174262.951462492,3.0,1195.3731721782935,7.0862136935904605
17509.0,1270478.81099376,222481.89800787,4.0,65412.50087088122,11.088468663994146
17510.0,1280033.67442754,202072.651394963,4.0,114579.20544801558,11.649021613464932
17512.0,1276948.77970438,206621.669575617,4.0,1231172.832110658,14.02347779507642
17517.0,1275516.77599092,237369.232743114,2.0,35713.98271894555,10.483297563883557
17518.0,1275303.91813469,237173.08810290703,3.0,275741.3262096492,12.527218481352296
17519.0,1267999.08958322,174288.488486513,3.0,392200.8697009464,12.879529410235413
17520.0,1272912.77330025,178801.51095514,1.0,0.0,
17521.0,1267686.0180309,174593.248038828,3.0,402605.2725970227,12.905711888468248
17522.0,1277426.11602487,221720.71714308896,3.0,487811.1414246976,13.097683604652156
17523.0,1263208.87767431,168122.301664203,3.0,1381196.615262787,14.138460793917783
17524.0,1282247.3097578,197921.457598716,3.0,310207.07705395966,12.644995343951626
17525.0,1277434.27999288,222063.602583438,3.0,453247.1847996424,13.024192917455265
17526.0,1277514.76114497,222063.161623433,3.0,417792.4796719424,12.942740128114798
17527.0,1272946.76504429,212098.372493237,3.0,181777.0802350328,12.110536381463408
17529.0,1279691.76236318,230853.602080435,3.0,232086.03621566744,12.354863427659343
17530.0,1279590.44729109,230960.86268854103,3.0,11202.05588578482,9.323852601668673
17531.0,1279632.64076313,230796.786912382,4.0,167441.68162153158,12.02839040019852
17533.0,1271068.62283435,225014.612762451,4.0,214665.90876929383,12.276838185834325
17534.0,1274476.30072585,198769.558591589,3.0,1007222.016873373,13.82270662095844
17536.0,1275149.66616654,248531.525682539,4.0,1522837.249897266,14.236085764642095
17537.0,1275344.23730274,248459.86117047103,3.0,794444.7577542661,13.585398731709892
17538.0,1274484.86366986,248869.427570879,4.0,718945.6800247831,13.485541084509526
17540.0,1268516.53636774,242710.093804583,4.0,117764.70906628152,11.676443921837443
17542.0,1270854.08350614,227933.24406144,3.0,105837.79166119956,11.569662933692095
17544.0,1271118.4337144,228090.247325614,4.0,220982.96894471592,12.305840913931767
17546.0,1262830.09104992,249810.392883852,3.0,477322.0395221368,13.075946677335724
17547.0,1262842.48605794,250076.14629212,3.0,826209.7993433191,13.62460401461438
17550.0,1288405.12653211,203767.726148695,3.0,570182.0936622397,13.253711051358765
17551.0,1288715.47565243,203757.448260695,4.0,655099.4813934834,13.392542383074842
17554.0,1281885.58969343,202301.825539201,3.0,296766.1611773328,12.600699771569724
17555.0,1277057.82015249,208453.869321495,3.0,901803.405638659,13.712151821451965
17557.0,1259117.11063012,255742.992249921,3.0,64934.74853906394,11.081138176034404
17560.0,1275596.884407,229847.311455414,3.0,153492.8718160493,11.941409407250665
17561.0,1268728.90699196,229077.265694618,4.0,170642.9853292526,12.047328847889366
17563.0,1270954.16830625,228356.638237879,4.0,160047.7884780633,11.983227727608469
17565.0,1265557.37822071,228044.242525563,4.0,103130.3702671272,11.543749197598707
17566.0,1254864.93443376,248920.766386941,3.0,117280.7082000165,11.672325555642633
17569.0,1285533.27462517,197598.549502388,3.0,519015.9374017928,13.15968986957981
17570.0,1273580.51346093,229668.932511225,4.0,1457334.7730605227,14.1921198275289
17572.0,1273558.8067729,227135.808988631,4.0,361554.978663755,12.798169393840897
17573.0,1269833.8001131,206303.053063303,4.0,401820.39549442247,12.90376049038935
17575.0,1279129.67033061,211410.33422052895,3.0,201452.19409925377,12.213307382092838
17576.0,1279118.97644261,211032.79790014,3.0,137472.29555222663,11.831177688894655
17577.0,1270711.71832199,223088.620568484,4.0,281405.4012074216,12.547551617534447
17578.0,1278955.13260244,249947.659379989,4.0,1281095.3195996904,14.06322598841477
17581.0,1268502.66635174,242447.536556304,3.0,95631.63330258636,11.468258936593182
17582.0,1277470.84818491,247569.510577559,4.0,212897.68494645905,12.268566976921365
17583.0,1277727.00351317,247627.577393621,4.0,87400.2433042972,11.37825334544178
17584.0,1275809.66879122,216150.706961378,4.0,251077.907844252,12.433518559770704
17585.0,1265601.09898876,255614.235257789,4.0,227251.6152513883,12.333813119831355
17586.0,1277768.58444121,249971.551668018,3.0,93418.65451700374,11.444846331436901
17587.0,1277843.16402529,249970.011316016,3.0,58713.59282357078,10.980426543295021
17588.0,1272096.87307541,228396.70838192097,3.0,666384.8481233605,13.40962263266656
17590.0,1281963.78540552,201913.224578798,3.0,101535.52902265015,11.528164055846421
17592.0,1268295.29303952,228600.901854128,4.0,221323.90292307187,12.307382531607468
17596.0,1276976.45746441,232137.01750575,4.0,1124695.3850983928,13.933022788154739
17599.0,1270427.7487857,223568.689496979,4.0,500437.7281181329,13.123238450652293
17600.0,1260291.29955932,247719.728113711,4.0,115837.27190809172,11.659941656825062
17603.0,1267720.44510293,250566.812980622,3.0,1245574.2706844246,14.035107243126433
17609.0,1278894.73644237,214405.3931676,4.0,389735.55373538384,12.873223720769024
17610.0,1260995.18954404,250364.574516416,3.0,391142.0837782818,12.876826158581142
17611.0,1273214.61458056,217380.033554643,3.0,31078.87708540904,10.344283674015792
17612.0,1273212.04536456,217252.040658504,3.0,233888.4422609945,12.36259953818763
17615.0,1260378.84202342,256648.260090858,3.0,73009.22386818596,11.1983410665072
17616.0,1272798.50744413,215055.217680261,3.0,747065.3764345605,13.52390797893945
17618.0,1269123.87998436,205505.892614484,3.0,107756.07856863704,11.587625420004848
17619.0,1274287.02091765,203635.49901256,3.0,37207.27512563148,10.52425958903365
17621.0,1287229.44646691,193003.521913677,4.0,1244048.2105625127,14.033881306001799
17622.0,1287525.6906272,193051.790521726,3.0,946502.7430138,13.760529147687325
17624.0,1260303.68439133,250381.11256443,4.0,1193530.0835544548,13.992425930605442
17625.0,1277526.81887297,206022.530311003,3.0,98160.60985017508,11.494360292183089
17626.0,1277556.298169,205886.529606864,3.0,159846.33082363373,11.981968200353
17628.0,1270073.45585734,244869.653102785,4.0,146110.9050145635,11.892121235710073
17629.0,1268263.02999948,256213.54380241,3.0,338387.8077175404,12.731947876861652
17633.0,1275178.64344656,227444.429404944,4.0,83687.06581255046,11.334839714220523
17634.0,1272038.37118734,215069.548304275,4.0,106394.11859005711,11.574905577952647
17635.0,1277961.39052142,225243.6923787,4.0,268432.5737818495,12.500355039539375
17636.0,1276177.2543276,250004.198260054,4.0,59853.527595406114,10.999655649857479
17637.0,1271090.43147437,222472.443287849,4.0,75902.40467481318,11.237203645026954
17640.0,1285512.25760114,196470.066493228,3.0,111695.38667544207,11.623530683178796
17641.0,1273078.79826042,205396.528646365,3.0,235075.8867416872,12.367663663303162
17642.0,1273378.57195672,204927.709701896,4.0,1212593.128183324,14.00827170559342
17643.0,1270810.4012021,222921.95714432,3.0,36045.43706719221,10.492535562363505
17644.0,1287335.97120301,251104.380469173,3.0,914581.595565407,13.726221967070545
17645.0,1285535.65945718,206943.365767956,4.0,882835.6812495885,13.690894370818866
17646.0,1271784.80081908,241586.946731433,3.0,99674.45097353784,11.509664664068223
17647.0,1270287.08043356,227598.171869099,5.0,757512.7671553985,13.537795670554187
17649.0,1266667.91313384,242293.089004144,5.0,573290.1969831897,13.259147319471001
17650.0,1278415.60447387,215379.278352588,4.0,325581.5738189075,12.693368320043893
17652.0,1281511.01663706,252552.882166654,4.0,166396.10646737803,12.022126408461947
17653.0,1271573.28843488,232598.53328222,2.0,120614.9498837452,11.700358518144284
17654.0,1278676.44255415,200522.70374538,4.0,121530.18348139376,11.707917934625854
17656.0,1275566.96191096,228800.357150331,4.0,154989.43365928155,11.951112223637589
17657.0,1273495.30136484,240838.658538669,3.0,24554.895924380296,10.108666539994816
17660.0,1279845.88511534,246336.767280295,3.0,94741.1823368828,11.45890405620653
17661.0,1274773.80568615,246865.526064828,3.0,26880.79134069369,10.199167233961694
17663.0,1274235.2785176,249245.055411264,3.0,490603.59281946096,13.103391734096997
17664.0,1289874.89786161,186950.30833947696,3.0,448015.1594608245,13.012582348906825
17665.0,1289988.76147774,186788.236467317,3.0,441079.049983793,12.996979390029253
17667.0,1267319.67063852,228617.283038154,4.0,236695.2435995628,12.37452870066377
17668.0,1271002.24497829,232740.655074373,2.0,0.0,
17669.0,1282834.00972641,249878.573875919,4.0,567795.2216990642,13.249516107520758
17670.0,1266046.25815721,241439.278379276,3.0,142298.93251215474,11.86568528237837
17671.0,1274020.80818138,225340.205274791,3.0,520569.5052376592,13.162678693641125
17674.0,1279985.13253948,207984.955209017,4.0,387960.66123202245,12.86865922488798
17676.0,1275154.40466253,225311.739162758,4.0,377448.8738866595,12.841190405086461
17677.0,1273691.55749305,241197.095787033,2.0,29430.50476109622,10.289786992323938
17679.0,1271006.8857463,206925.944839939,2.0,266744.5469335135,12.494046726344038
17680.0,1260372.4463754,258779.33753302705,3.0,1217431.9043030236,14.012254201617429
17681.0,1274669.30360605,244748.726510659,4.0,346849.166027173,12.756645284391277
17682.0,1274930.22763832,244741.222894654,4.0,320256.4606744894,12.676877393402453
17686.0,1265180.58730833,245326.603631258,3.0,144860.56338178413,11.883526926888408
17688.0,1271322.04849862,217404.08993867,4.0,604930.3621703467,13.312868626537355
17689.0,1269960.27102523,224358.527129784,4.0,184454.64246188436,12.125158871924045
17690.0,1269804.42718506,224621.804506049,4.0,277030.7192943735,12.531883679000215
17691.0,1263295.52023439,247653.858481646,3.0,31195.95814726041,10.348043818843527
17692.0,1277709.88645716,205030.094341993,3.0,425865.7463692715,12.961879426213603
17694.0,1267753.06743896,229094.384478629,4.0,352963.30872409785,12.774119389221656
17704.0,1257728.2262767,259237.940285504,3.0,51153.92820953214,10.842594566271284
17706.0,1265729.65905289,250295.080244347,4.0,150828.71191232154,11.92390011372929
17707.0,1272829.27909216,244800.855342716,4.0,455177.4516050035,13.02844262542896
17709.0,1279132.26777062,200029.359552875,4.0,1683601.5223255008,14.336445820086686
17710.0,1273546.6949649,226481.42741996,4.0,456176.696526048,13.030635505822422
17711.0,1260282.02691931,254364.084216505,4.0,935693.3317245157,13.749043064728529
17712.0,1275403.41464679,252683.399926797,4.0,103266.77971653931,11.545071013033505
17714.0,1279072.45554656,219863.995093182,3.0,203580.8615567092,12.223818559027581
17715.0,1282864.32063843,198227.165695027,3.0,22243.463066739427,10.009803449674969
17716.0,1282864.98502244,197921.638398722,4.0,183477.35135686744,12.119846513011032
17717.0,1275471.24952687,214748.333071947,3.0,33108.1827878091,10.407535744945982
17718.0,1264401.95140353,246232.166448191,2.0,631579.1696078181,13.355978580464818
17719.0,1274394.38488576,195553.445948288,4.0,881194.1769420424,13.689033285788222
17721.0,1262763.60855386,247665.382449657,4.0,321542.7666842452,12.680885836159142
17722.0,1281761.96754931,202569.647811472,4.0,1117145.2294412511,13.926287087004688
17723.0,1278253.72389771,202111.390531003,4.0,465493.6009540537,13.05085362899694
17724.0,1279900.4138834,225201.436506644,4.0,900075.7514932794,13.710234207090359
17730.0,1274982.29906237,211385.0153725,3.0,448707.9994090115,13.014127619772646
17731.0,1257492.46429245,247780.354609773,4.0,894086.4104194528,13.703557705434937
17732.0,1276099.0369835,246032.43819198,4.0,163344.88975120458,12.003619132494586
17734.0,1268540.80830377,243169.515757054,3.0,14565.754481880542,9.586428469073573
17737.0,1285215.53382485,251153.181237221,3.0,188306.77976548809,12.145827719124467
17740.0,1286128.29740977,251132.887285203,4.0,429189.0746384672,12.969652834238707
17741.0,1256842.65385979,255781.592569962,3.0,200081.66437657428,12.20648088407235
17742.0,1275592.16101499,208505.09722554695,3.0,138225.268226295,11.83664001170919
17745.0,1282832.96735841,251202.12242128,4.0,154308.51941975966,11.94670925017611
17746.0,1276141.32786356,213267.429902434,4.0,666970.4405546791,13.410501006906257
17748.0,1278448.00472991,235170.675108865,4.0,132019.4137501755,11.790704264619173
17749.0,1271552.33541085,227358.014876857,4.0,735452.4222556428,13.508241129311502
17752.0,1285565.2919692,209085.45101814,4.0,212915.9239127362,12.268652643353384
17753.0,1269122.47870436,226977.831260473,4.0,77167.22933942593,11.25373015546936
17756.0,1257790.17757276,247774.80868975804,3.0,53819.31018573006,10.893387607136885
17757.0,1272142.05208346,226361.369883835,4.0,1059428.0349611,13.873239730798021
17758.0,1275016.0017184,246065.999472022,4.0,393744.7669975816,12.883458178868793
17759.0,1274859.36421424,252702.976694807,4.0,33641.06210280831,10.42350268620466
17760.0,1282270.03871782,243554.75678144404,3.0,92187.45555159092,11.431579343363925
17761.0,1278113.00274557,229691.136543244,4.0,199195.4283820557,12.202041673980004
17763.0,1273134.18296447,200317.314049169,4.0,53126.86387861388,10.88043799038517
17764.0,1273067.5331724,200033.49017687104,3.0,1432136.0870462349,14.174677654840908
17769.0,1268631.87473586,244897.729838818,4.0,519068.2279167498,13.15979061384843
17770.0,1258449.60374944,255753.577529937,3.0,127526.20093264309,11.756077119979823
17774.0,1277062.7013685,208148.930313185,3.0,97496.92855063232,11.487576154444943
17775.0,1290713.12224647,189873.686006472,3.0,371012.642596736,12.823991418089113
17777.0,1262702.4361378,259656.643837929,4.0,591189.5396363155,13.289891955016289
17780.0,1277845.3212093,257431.783483654,3.0,511003.3187447404,13.144131363772853
17783.0,1257621.96432459,254390.132408544,4.0,1531563.4385082736,14.241799626864122
17785.0,1285492.09068912,199179.902976006,4.0,627727.918042845,13.349862100045645
17786.0,1286233.67942588,199172.971519992,4.0,792771.8601122664,13.583290767059534
17788.0,1259327.02749434,246356.950320318,4.0,115883.7620120026,11.660342916078468
17789.0,1277069.2670005,212095.519181222,3.0,327699.3428685213,12.699851829401164
17790.0,1273485.57797283,223028.10396042507,3.0,631543.6722767592,13.355922374797576
17791.0,1273491.95128484,223390.24002479,4.0,209369.79517282048,12.2518573223764
17794.0,1282803.91756637,247224.191025198,4.0,228951.0702334094,12.341263592603294
17795.0,1278979.44127446,252600.696694702,4.0,862387.6430158517,13.667460150434785
17799.0,1263924.03306705,242729.778796598,3.0,777956.1871175368,13.564425486815843
17800.0,1273251.7375246,229671.808159232,4.0,759970.5437047554,13.541034953228175
17802.0,1277086.49989653,237299.72202304,3.0,14375.71266217736,9.573295440935972
17803.0,1277090.28268053,237453.247335196,2.0,2493.489205952733,7.821438296102828
17804.0,1280114.76057161,245664.645615608,3.0,294369.3718111485,12.592590624457175
17808.0,1254887.59088179,250440.289588496,4.0,855653.1900509727,13.659620421218099
17809.0,1277204.96780065,255285.256953448,4.0,833605.1722220693,13.633515154642977
17810.0,1276764.64780019,225271.003674716,4.0,1352257.307395583,14.117285833598224
17812.0,1275259.14821465,250033.35045208,4.0,52991.92169519156,10.877894760071579
17813.0,1274872.39141425,198399.559359208,3.0,694047.6795285218,13.450295939619698
17814.0,1276641.67596006,245352.331567287,4.0,110809.65182087444,11.61556915979814
17815.0,1276656.22156008,246015.989743963,4.0,110972.04691193736,11.617033618957882
17816.0,1271461.31627476,223098.43023249495,3.0,89103.32727056579,11.397551955865657
17817.0,1271344.23185864,223284.650968686,3.0,191743.4351207566,12.16391348198504
17824.0,1267428.19831863,227648.038621157,4.0,282103.71841361834,12.55003007809293
17825.0,1278032.9480895,222058.196759433,4.0,1732709.9143873334,14.36519716541212
17826.0,1286811.76813048,194170.07308287904,3.0,741710.3066658052,13.516714023631613
17827.0,1270638.71128191,228645.098270178,4.0,420112.7718207107,12.94827845855374
17830.0,1276191.31826361,252653.505654767,4.0,746473.4627908481,13.523115346489384
17831.0,1272167.63832349,229444.649502993,3.0,39705.3451862089,10.58924109706331
17834.0,1266886.85361408,228140.700317666,4.0,233862.17164109225,12.362487210724453
17835.0,1274176.86494954,250067.792308107,4.0,216050.35126120996,12.283266767191712
17836.0,1276918.85848835,229816.121503368,4.0,339833.5517592809,12.73621122307266
17838.0,1268626.47383986,217643.679314911,2.0,214402.39552680167,12.275609881282417
17839.0,1268601.35543983,215878.03361710897,3.0,213170.4582703235,12.269847398213003
17845.0,1270041.75377731,242777.229164645,4.0,347834.88662247115,12.75948318243455
17846.0,1279379.03961086,214395.122831583,4.0,685536.407016278,13.437956886736542
17849.0,1254981.30787389,254421.124152571,4.0,1664162.6046991816,14.324832614759265
17850.0,1281397.62316494,199381.157120213,5.0,994013.4715271147,13.809506038391051
17851.0,1281594.23788513,199292.230144113,2.0,213449.20811616367,12.27115418225261
17853.0,1271362.49297866,219335.619540647,4.0,77546.87298758522,11.25863784525896
17854.0,1271348.73541065,218559.358291849,4.0,324835.11249675736,12.69107298640444
17856.0,1277741.39980119,216104.01704134,4.0,494446.4189430006,13.111194070166096
17857.0,1281232.29542077,204470.203717425,4.0,651495.9811766456,13.387026506958012
17859.0,1265702.97770886,212166.697165295,5.0,403021.2703535631,12.906744619569658
17860.0,1265570.23844473,212268.688141406,7.0,608571.9250015941,13.318870384920226
17862.0,1283771.39270337,195257.792699993,4.0,1489276.5043956584,14.213800992475866
17863.0,1275008.13759039,209365.202122435,3.0,46405.79094156774,10.745179535202045
17864.0,1278010.43602547,227042.270748541,4.0,318726.6229055324,12.67208903286106
17865.0,1275540.20344694,227657.856157169,4.0,141080.17491106936,11.857083624149825
17867.0,1272355.94078767,194939.220795661,2.0,71956.15794503815,11.183812295102657
17868.0,1264285.03069942,255651.352697834,4.0,750102.2689061114,13.527964834757993
17870.0,1273077.23589242,224781.047962219,4.0,1137775.7349617206,13.944585804794004
17871.0,1268571.15729579,207746.463240772,2.0,21258.514620702128,9.96451278213159
17872.0,1279222.9637707,213439.516494602,3.0,649631.9917392168,13.384161314983965
17875.0,1260938.17194398,247706.206513688,4.0,144148.9100035284,11.878602141494625
17876.0,1281189.05234872,204467.744709417,4.0,684503.9462115054,13.436449688794834
17878.0,1277303.06898475,206798.575687811,4.0,83520.01450432408,11.332841576779334
17879.0,1283746.82975934,251184.563381255,3.0,15099.540220135745,9.622419573341803
17883.0,1275872.89138328,248339.426674336,4.0,459688.57096208696,13.038304519536348
17884.0,1276063.40447147,248556.440690562,3.0,162352.52703927242,11.997525342788801
17886.0,1275165.48895055,216166.619985402,4.0,426394.8846719295,12.963121155213805
17889.0,1259596.91741461,246015.238767967,4.0,43809.32226898291,10.687601910909306
17890.0,1286887.57408255,193534.017594218,3.0,660767.0075486769,13.401156571898689
17891.0,1274037.0227094,240651.338026464,3.0,14419.12493791947,9.576310725080777
17893.0,1275676.95941508,232171.610273793,4.0,135606.2090349108,11.817510442783131
17896.0,1278025.18239348,216171.413265407,3.0,238236.6863176328,12.381019938811841
17897.0,1275396.98616679,220843.87765418,3.0,288635.3408687267,12.57291937405735
17898.0,1275457.77803886,220717.93237406,4.0,134703.40763640453,11.810830660047321
17899.0,1285501.80390514,195880.83340463,4.0,471710.90118167805,13.064121579418027
17904.0,1278094.00210555,229313.344670862,4.0,594909.6311589683,13.296164792587675
17907.0,1280686.15999621,198349.441983148,2.0,394116.9970283618,12.884403090972596
17908.0,1280789.46982031,198096.552766889,4.0,542204.8917576325,13.203399238059918
17909.0,1280112.48690762,245534.757103473,2.0,238121.03025182255,12.380534353865654
17910.0,1275799.5490472,214581.233679771,4.0,482837.4290146889,13.087435290086052
17911.0,1275184.86258258,227087.676188588,4.0,461156.3919008942,13.041492509352569
17915.0,1280614.43506813,198351.331455156,3.0,1429462.5196390543,14.1728090711906
17917.0,1287072.64921875,201916.44569881295,3.0,660715.5979511574,13.401078765959616
17918.0,1269555.57662481,227454.031132951,4.0,164433.60610109277,12.010262157387288
17919.0,1279616.14937112,227011.364700496,4.0,602120.5721872763,13.308212990261765
17920.0,1277451.62412089,206011.555591002,4.0,119123.71548130468,11.687917857950243
17921.0,1281643.58393319,221011.79074235295,3.0,259086.68604801685,12.464917979849831
17922.0,1281579.83474912,220787.596950129,3.0,497806.3526843623,13.117966430353611
17923.0,1275107.40280649,222992.59189638495,4.0,748788.9190634129,13.526212405776693
17925.0,1279423.87218691,224545.915545985,4.0,609897.4778398215,13.32104615290925
17926.0,1272527.24190785,242688.812332556,3.0,210302.51788883985,12.256302334461912
17928.0,1274821.12677421,197493.892542273,2.0,1472164.622192092,14.202244407746132
17929.0,1276356.87403977,212109.479437247,4.0,1417323.398081684,14.164280719931224
17930.0,1260936.12963998,245348.212847278,4.0,46704.774984512645,10.751601686492382
17931.0,1274752.64133413,246074.605104029,4.0,485136.4640349132,13.092185499486897
17933.0,1279568.27871506,225208.573338658,4.0,180723.52983384315,12.104723683010915
17935.0,1275819.04178323,246040.707503989,4.0,215196.32036979543,12.279306008470217
17936.0,1271899.27960321,225506.256794959,4.0,481936.1445020365,13.085566903970218
17939.0,1279256.26194674,213672.110158846,4.0,689219.8201132194,13.443315541366948
17940.0,1258882.27805388,246034.507759988,3.0,263707.19689406606,12.482594663944939
17942.0,1279480.20767497,209088.515338153,3.0,54587.82879555625,10.907566221051265
17944.0,1279961.77497147,221989.714967355,3.0,66333.70660146435,11.102453442180442
17948.0,1270968.97342625,205455.060358435,4.0,192862.31671017112,12.169731828385524
17950.0,1280367.17049187,198767.173439577,3.0,315768.128615757,12.66276345302463
17951.0,1276878.16069631,228447.131165966,4.0,175475.2741352054,12.075253423843906
17954.0,1275340.01848674,197967.994302765,2.0,353414.63450552383,12.775397248608877
17955.0,1272668.561204,251210.898613289,3.0,334062.63986123505,12.719083798869283
17958.0,1264031.20874715,244659.958638579,3.0,13002.61216609192,9.472905552111994
17959.0,1287990.73760368,189348.408181936,3.0,119675.72360258477,11.692541060639629
17960.0,1274839.24715821,250046.697524086,4.0,60343.935006037325,11.007815724475305
17962.0,1270597.56337787,217420.356626675,4.0,715130.3799824998,13.480220154678346
17964.0,1268262.30852748,229277.195422828,4.0,363461.224260055,12.80342789697838
17965.0,1272357.63205168,251021.559093088,3.0,236607.09243084543,12.374156206538869
17969.0,1285544.63718519,198203.920959011,4.0,96369.91551313682,11.475949352152377
17970.0,1285542.87993719,198078.062654868,5.0,489537.7325510412,13.101216821845103
17971.0,1273082.23986042,236909.134886637,3.0,176503.55304742712,12.081096285733194
17972.0,1275264.06552665,250576.873972639,3.0,40782.25280604687,10.616002285516954
17976.0,1268103.00011133,242129.065387979,4.0,323591.4275677391,12.687236972986597
17977.0,1273540.19659689,254069.664568216,4.0,131208.58120722315,11.784543558896136
17978.0,1268255.32331148,255550.050361723,4.0,213416.13925254333,12.270999244102253
17979.0,1274192.79768556,252728.420534834,3.0,31087.762304975276,10.344569525710973
17980.0,1267581.17143878,250244.810676292,3.0,1370979.956403321,14.13103633874635
17981.0,1272497.99787582,219974.66549329495,3.0,27955.355957000367,10.238364086593787
17983.0,1262854.94301794,250338.543092385,4.0,975844.6789410644,13.79105871230181
17984.0,1281123.08038065,194931.902587652,4.0,55751.26744076925,10.928655423427518
17985.0,1282844.92076641,198954.280063778,3.0,38111.83886663252,10.548280244255464
17990.0,1279437.68677893,225211.40994666505,3.0,1750.0374609908936,7.467392472968959
17995.0,1272362.50046769,254112.839992255,3.0,268410.8400478158,12.500274070923627
17996.0,1277378.39890482,206812.121607825,3.0,241506.5242516034,12.394651767244442
18002.0,1265747.21905291,246280.36126422897,3.0,1599380.1648903105,14.285126715208872
18003.0,1277128.73106456,207771.326408803,2.0,13070.097037854694,9.478082231063139
18006.0,1264872.43870001,242332.556780189,3.0,45520.62247619869,10.725920743491395
18007.0,1270733.97387402,246188.430320144,4.0,321861.9507121066,12.681878008101359
18008.0,1279201.22924268,215463.757840678,3.0,433736.35732222657,12.980192156889135
18010.0,1263582.96125869,259998.591038287,3.0,1106815.1131183011,13.916997181588727
18011.0,1279108.87442659,210662.77140376004,3.0,52613.98434476128,10.87073722545845
18012.0,1271278.37797058,215084.352080286,4.0,400942.08725462586,12.90157227504761
18014.0,1270153.13348942,195820.432636559,3.0,1419162.346015001,14.165577358347118
18015.0,1272868.2156682,246128.233584076,3.0,19224.16161934928,9.863923184546449
18016.0,1274377.01547775,240068.341481879,3.0,102328.02511903252,11.53593886475485
18017.0,1281183.75647672,194958.001915678,3.0,49099.28240979193,10.801599698803958
18019.0,1278303.41445777,222055.606551424,3.0,429065.94869623095,12.969365912660077
18021.0,1274282.85848565,220142.641173467,2.0,802742.1266253832,13.595788803900401
18023.0,1271437.76907474,222154.44981552704,4.0,130523.82350581871,11.779311044683782
18024.0,1286555.51571421,204327.971077278,3.0,1282046.4805712842,14.063968172101362
18025.0,1273168.27774851,215047.11169625804,3.0,306034.730332174,12.63145387231169
18027.0,1268516.15351975,229270.927390814,3.0,156598.80276110122,11.96144241730592
18028.0,1270820.6751221,248661.610418677,3.0,75263.33638411995,11.228748394604095
18029.0,1270825.33688211,248843.846258864,3.0,13723.76555340204,9.526884320868422
18030.0,1276049.32018346,219407.293588713,2.0,93180.0,11.442288385370787
18031.0,1264167.44074729,250316.497204363,4.0,745096.3843286987,13.521268863931331
18032.0,1282832.3886704,251873.292341962,3.0,258750.31904412512,12.463618856581729
18033.0,1281255.48658879,209159.943050221,3.0,112755.17044481113,11.632974113917143
18034.0,1274879.81234226,243350.605293229,3.0,20998.51230717376,9.952206871680575
18038.0,1278440.67135391,234925.970532611,4.0,288883.6784120583,12.573779389226884
18039.0,1277818.70738527,204453.281477407,4.0,1093808.5608410167,13.905176256561033
18041.0,1260306.06883934,255724.809849903,4.0,415451.0242712504,12.937120014540204
18047.0,1274869.27992626,254023.829368159,4.0,277173.4061787592,12.532398604389543
18048.0,1275104.84831049,209061.658122122,3.0,401.988863223336,5.996424384810737
18049.0,1269952.25265722,212153.980685294,4.0,1603742.346525626,14.287850422664041
18051.0,1278023.57343347,222928.866264328,4.0,1069812.5474629884,13.882994001803727
18053.0,1276618.90303203,244696.913966611,4.0,125370.6867080606,11.739030121546298
18054.0,1271066.48696235,250176.207476228,3.0,81238.80175461063,11.305148266134669
18055.0,1275495.0998309,244724.876846641,4.0,222581.7780793151,12.313049854990949
18056.0,1275779.90015118,244716.62027064,4.0,180547.8714920529,12.103751237613974
18058.0,1282771.25228634,199261.708864093,4.0,249551.093525168,12.427418956876405
18059.0,1284856.59161648,195240.243835971,3.0,56309.828846127326,10.938624378750657
18060.0,1285151.36070478,195236.261243969,3.0,42107.98749564547,10.647992728412053
18063.0,1273562.2122769095,227541.54863704697,4.0,1484673.9956324198,14.210705774557697
18065.0,1261394.33770445,250359.22085240495,3.0,380157.5578082544,12.848341071580235
18067.0,1264241.25655536,253504.867127627,4.0,154254.65549431712,11.946360122798842
18068.0,1272679.11070801,224189.62357761,4.0,935282.26954701,13.74860365527408
18071.0,1266236.69182141,227426.010524929,4.0,187642.5695488964,12.142294206384532
18072.0,1270202.90603347,225213.225242659,4.0,1379114.6517011754,14.136952294509522
18073.0,1278316.63519378,201400.643586278,3.0,10402.875983499203,9.249837583775113
18075.0,1272644.90571597,242720.396588594,4.0,377643.9975800509,12.841707225480635
18076.0,1272666.86667599,243472.041389361,3.0,155788.48834620797,11.956254522309054
18078.0,1278091.13957755,229226.931742772,3.0,85961.48799386702,11.361654660912198
18079.0,1276827.78060025,227049.151004538,4.0,319442.0623777932,12.674331197945266
18080.0,1273611.80766897,231544.102625147,3.0,11720.118378731013,9.369062163654311
18081.0,1275814.33509521,236797.654182523,3.0,109642.27680559491,11.604978316395881
18082.0,1278982.92453846,215920.98856115303,3.0,513675.12563769374,13.149346293320146
18083.0,1286372.95174603,194179.91756288696,3.0,669709.1829647345,13.414598841861373
18088.0,1262968.99364206,255688.473017871,4.0,676358.1920013741,13.424478084518173
18089.0,1263426.82282653,212144.45639728,3.0,454209.0648174041,13.026312866220632
18093.0,1266693.70897388,245209.564847142,4.0,288354.37469318794,12.571945470397827
18094.0,1268580.89585581,211477.47578859297,3.0,57280.15292400193,10.955709471393567
18095.0,1268573.48407981,211240.67182035703,5.0,974720.3711504554,13.789905910025292
18096.0,1276093.99826351,219429.221396744,2.0,46592.0,10.749184131556358
18097.0,1278193.53541766,232326.369441941,4.0,98132.37470199316,11.49407260845928
18098.0,1281511.47033305,249902.467187941,4.0,307457.70188529894,12.636092801922619
18100.0,1277605.50444105,238077.153255835,2.0,110076.74768857636,11.60893310775048
18101.0,1280929.99545245,202601.651651502,4.0,832724.2399408083,13.632457821852832
18105.0,1265540.72049269,207756.200776786,4.0,280625.2740211064,12.544775513945373
18107.0,1269548.5786088,205494.435910463,4.0,62636.17974615304,11.04509834135521
18108.0,1273879.88619724,225256.461658701,2.0,333131.7606589967,12.716293368357466
18111.0,1273482.28133284,205414.657542393,2.0,1071277.7255641678,13.884362630066015
18113.0,1277918.02213737,244957.432110876,3.0,3884.945920435882,8.264864342611139
18114.0,1276059.82149547,244708.534638628,4.0,131359.96423068116,11.785696652386287
18115.0,1271575.46693088,232896.029090524,2.0,74372.05365071118,11.21683552728289
18116.0,1271986.26040329,233599.50211525,3.0,56646.444310412415,10.944584498562413
18117.0,1265955.16023712,216820.597650066,2.0,46591.99999999999,10.749184131556358
18118.0,1266163.70282933,215222.377424434,1.0,0.0,
18120.0,1278365.89791383,256578.006010786,3.0,363537.91501735785,12.803638875928543
18125.0,1276674.08108009,246575.505968541,4.0,60669.92822437781,11.013203437885995
18126.0,1276699.28248812,247351.98340933,4.0,112238.54319557815,11.628381735322707
18128.0,1261596.86845666,245866.101551816,4.0,291460.764229865,12.582660676158858
18129.0,1260900.32323995,245881.449007824,4.0,181044.49754590844,12.106498122828649
18130.0,1272375.81406769,250129.43589218,3.0,21012.400137890032,9.952868025195883
18132.0,1284635.06156825,204376.839429319,3.0,711946.9728017582,13.475758711218583
18135.0,1275670.56600706,253996.14796014095,3.0,41763.69189398953,10.639782626071936
18136.0,1273569.55806892,228390.611613914,2.0,0.0,
18137.0,1273534.73432489,253534.421879664,3.0,45598.3972622381,10.727627847126843
18139.0,1272104.67192341,232768.242594391,4.0,1510432.1176361467,14.22790633847207
18146.0,1274631.81714201,220860.610582203,3.0,506299.3660487736,13.134883405831546
18149.0,1278350.83954582,236736.16247046,4.0,237115.90660590964,12.37630435797657
18151.0,1275732.97503114,234160.789987817,4.0,150473.785533572,11.921544165498352
18153.0,1271999.13208331,213090.96731025,2.0,45135.92256302367,10.717433717603646
18154.0,1276671.0895921,244695.812910616,4.0,639023.2362283495,13.367696096123186
18155.0,1275651.82655105,231284.419104874,3.0,8858.393722041226,9.08912073168244
18156.0,1273578.06398892,204627.838213578,3.0,10175.69640172926,9.227757450399114
18159.0,1276986.61324042,247986.179377988,3.0,7398.403159772438,8.909019466686477
18160.0,1269311.80580856,204946.524293914,3.0,87578.16941322923,11.380287038255567
18161.0,1276152.79864757,248334.46046634004,3.0,215692.84865407896,12.281610677697266
18162.0,1274204.36190957,223012.329368412,4.0,904443.7819952806,13.715075428204585
18167.0,1277804.93445726,244699.415598616,2.0,110308.68841765504,11.611037972924969
18170.0,1282799.22399837,246845.396208808,3.0,139372.01959425016,11.84490203689075
18171.0,1275000.28229438,202866.131779775,3.0,216027.5945461768,12.28316143103524
18172.0,1275502.25010289,202186.301763088,3.0,170989.3397120787,12.049356492676488
18173.0,1285557.5232652,249707.748403743,3.0,128765.63228525785,11.765749226963507
18174.0,1266305.05655748,258901.078141153,4.0,626937.0339707385,13.348601390283108
18175.0,1271994.2538113,212840.826061994,2.0,51136.56354766085,10.842255049631179
18176.0,1272851.17566818,250112.440500155,3.0,117465.9211556023,11.673903537780449
18179.0,1273137.36043647,213501.811662674,2.0,229037.3443107452,12.341640344833772
18180.0,1277479.81900093,205878.28256686,2.0,44480.42115631724,10.702804397322023
18182.0,1287315.71565099,204867.046405822,3.0,75878.17729142607,11.2368844028251
18183.0,1274351.75762172,250062.2414601,3.0,45081.03226154137,10.716216866328578
18184.0,1278189.11116165,202097.278978989,3.0,251442.79102405976,12.434970771569164
18185.0,1278209.29324166,201989.283842877,3.0,4982.53732575737,8.513694543430162
18186.0,1276738.98124017,247855.001777843,4.0,60761.25098342986,11.014707545428468
18189.0,1281622.74047716,219416.23451672503,3.0,185994.2181442079,12.133470866965988
18190.0,1280996.47302052,204445.662085399,3.0,374207.68835345225,12.832566238718627
18191.0,1277225.47794466,207610.355272636,4.0,639455.3615963107,13.368372095526151
18196.0,1276238.26079164,256309.422842503,4.0,1083601.2934941405,13.895800582893122
18197.0,1260894.79901594,245615.143727556,4.0,175523.61141503986,12.07552885081607
18198.0,1279017.6223305,204384.905989334,3.0,994798.1592803012,13.8102951405682
18200.0,1283115.4530547,226624.519324109,3.0,1636303.0331022812,14.30795000704986
18203.0,1286135.53068979,252458.434870556,3.0,287943.66162609373,12.57052012062828
18205.0,1269989.01732925,227930.863517448,4.0,286257.71473607566,12.564647784530473
18206.0,1275591.49368699,229651.888927206,3.0,189697.1698821732,12.153184236898655
18208.0,1285518.91315316,191843.01176849,4.0,1660906.0541392288,14.322873827176014
18209.0,1265661.63294081,250896.834612966,3.0,92034.1152409353,11.429914605131488
18210.0,1265541.8159167,250982.085429043,3.0,33582.31795984452,10.421754956237432
18212.0,1265352.0305725,209466.915850535,3.0,190858.12482131916,12.15928562903206
18213.0,1271262.3852025603,222158.239511535,4.0,222292.2972190593,12.311748448965352
18214.0,1266675.92292586,244049.210541949,3.0,13156.206284655089,9.48464888707771
18215.0,1264833.68874797,245648.512431592,3.0,396681.0637230852,12.890887870861166
18219.0,1274814.16159019,248748.249330759,4.0,499078.7044059618,13.120519086556937
18220.0,1275203.36683859,248605.028530613,4.0,624088.8565644547,13.344048035554355
18221.0,1273128.63640447,213068.153742224,2.0,185007.46080836197,12.12815143194113
18222.0,1269732.77636899,227270.995036766,4.0,1668683.606039748,14.327545613696339
18223.0,1286288.51097794,198068.745726869,3.0,612220.819604559,13.324848312763217
18224.0,1272776.10725211,211986.869453117,3.0,175387.377934307,12.074752394724856
18227.0,1272464.40709178,232192.218145803,3.0,88038.63453269971,11.385531025896086
18229.0,1285268.9799049,252476.45349457895,3.0,279025.4909993166,12.53905842221887
18232.0,1284641.42016025,195243.149691969,3.0,104694.3601603345,11.558800528744296
18233.0,1269635.33368088,218948.287956253,3.0,369528.4064221521,12.81998289441855
18234.0,1285451.95756909,193362.362426043,3.0,86331.27973844174,11.365947264917239
18237.0,1279324.24313082,209605.81351468,3.0,143819.18960350312,11.876312161843662
18238.0,1271567.20709087,231302.635296896,3.0,964217.3789095858,13.779072044966279
18239.0,1286639.0968983,199163.226495981,3.0,271144.83217891987,12.51040839318631
18242.0,1271967.68401928,254976.992121145,3.0,653849.7080495862,13.390632799824777
18244.0,1264072.0662832,246824.941168785,3.0,481621.2728346256,13.084913343169474
18247.0,1269008.40088025,229258.209566802,3.0,6856.415166217507,8.83294001361014
18250.0,1278920.9686344,247837.169777825,3.0,1680693.3790419565,14.334716991851863
18252.0,1275499.8675749,236039.773477748,3.0,8752.8731189634,9.077137281907438
18254.0,1286187.31270584,208614.978569672,3.0,706062.3020873759,13.467458759164565
18257.0,1264748.16401188,241902.385387748,4.0,258100.42178079128,12.461104019881237
18258.0,1275871.74213527,248260.008498266,4.0,530696.3734327537,13.181945335238376
18259.0,1276150.12543157,248157.712114155,4.0,384318.3106194017,12.85922642209859
18260.0,1278551.69938602,198189.74777498803,3.0,87945.46072452301,11.384472136832883
18261.0,1279039.54482652,196746.014781505,2.0,60968.18234993909,11.018107406253748
18262.0,1257543.98678851,250431.632116482,4.0,531753.7715936705,13.183935825832197
18265.0,1275261.56357466,250312.885684371,4.0,122619.21019687176,11.716838980233073
18269.0,1272731.78616406,246131.999984086,3.0,114749.77255902384,11.65050914586439
18271.0,1275059.68075845,211128.217612237,3.0,351924.8437794035,12.771172919792972
18272.0,1286677.32717034,204324.872645274,4.0,1480459.7265223674,14.207863223534648
18274.0,1273869.57195723,250077.579060122,3.0,298884.0050329232,12.607810834069756
18275.0,1286131.79052979,251795.685493886,3.0,159535.17667021847,11.980019720277868
18276.0,1285151.01062478,249538.198579565,2.0,13277.098811179962,9.493795936150347
18277.0,1277158.7854646,207600.804424629,4.0,339349.8567888208,12.734786880115669
18279.0,1270008.19019327,229232.626974776,4.0,97481.61383484608,11.487419063150378
18281.0,1283245.56300683,229608.883423164,3.0,1622486.0217215065,14.299470112251472
18284.0,1282818.00319839,199264.215744093,4.0,1447980.788854787,14.185680584474309
18285.0,1276229.02847165,219495.4948688,1.0,0.0,
18286.0,1273855.57061321,250877.118772939,3.0,217824.9262206185,12.29144692839
18287.0,1281732.94169328,219005.004692301,3.0,105507.98435321938,11.566541910107759
18288.0,1278621.8409541,200485.223489344,3.0,87312.8251614277,11.377252640103222
18289.0,1273099.42290044,237749.01021549097,3.0,90340.8081196047,11.411344554481898
18290.0,1275148.11691853,215449.346768662,3.0,162245.21919536646,11.996864168464212
18292.0,1277617.84133707,214430.12180762,4.0,250626.6324323768,12.431719590467651
18294.0,1272168.67339548,251003.737269074,3.0,194750.5472048638,12.179474773510119
18296.0,1280974.9336925,197341.388222128,4.0,414633.9785314361,12.935151430597799
18298.0,1283764.28115135,204399.441413343,4.0,976905.1699507036,13.792144863827566
18299.0,1276030.89042343,203205.366020128,3.0,52435.3739310532,10.86733671756859
18300.0,1276093.87295151,203153.289668068,3.0,1607130.4875984106,14.289960840924337
18301.0,1275700.1719591,242559.926124424,4.0,910942.5217810832,13.722235080707248
18302.0,1275980.00831139,242549.602604419,4.0,1234787.2511395488,14.026409246920908
18305.0,1259247.72419825,246022.250543967,3.0,14974.494806264374,9.614103686605862
18308.0,1270170.30206543,223100.499160498,4.0,444805.1151439644,13.005391521726407
18309.0,1276157.50827956,248662.751154676,4.0,71765.26418472311,11.181155852246153
18311.0,1288144.78777984,191957.83602461204,3.0,53244.07034190914,10.882641722289716
18312.0,1283245.34649482,228662.793758199,3.0,1448397.0612000816,14.185968027874107
18313.0,1283268.19814286,229498.723871052,3.0,1490623.824396485,14.2147052643937
18315.0,1277360.8796088,235956.282789662,3.0,10857.31514213372,9.292594338441676
18317.0,1272624.93726794,207115.176776126,2.0,182313.17896915143,12.113481250808292
18318.0,1267297.1913425,229301.874526843,4.0,197235.48580029752,12.192153653239293
18324.0,1276151.17330356,248229.787442237,3.0,90999.05260752604,11.418604374538486
18325.0,1282031.00575759,252542.30309464,3.0,83801.52038881845,11.33620642937025
18326.0,1265665.51780483,212131.867853269,3.0,18480.79408082153,9.824487314013927
18327.0,1273503.67006885,224060.35548147603,4.0,86581.2079816199,11.368838073100303
18328.0,1279918.16773942,207990.96474503,4.0,520376.91640424775,13.16230866722746
18335.0,1279698.99071519,230502.226144075,4.0,355219.45437357243,12.780491058796187
18336.0,1259104.7750141,246209.385008156,4.0,149956.431474923,11.91810007405379
18338.0,1272453.84414777,225834.535963297,4.0,675762.4294081772,13.423596857470352
18343.0,1267861.63313508,228124.425437644,4.0,155615.2341235049,11.955141791612032
18344.0,1273011.18386035,254072.977848217,4.0,1190139.461866839,13.989581053067015
18346.0,1285544.02400118,198803.882687613,3.0,92388.63040531024,11.433759202497226
18347.0,1285550.74150519,198458.69081527003,3.0,50888.23558592585,10.837387047846546
18348.0,1274410.08760577,222701.060952082,4.0,287529.756823413,12.56908163585806
18349.0,1283259.42975885,195266.749052003,4.0,1699401.1365437135,14.345786474342525
18351.0,1265271.19409242,255623.54008980104,3.0,47485.8037557595,10.768186077052901
18352.0,1287602.65830728,251097.887029171,4.0,1130482.2833409174,13.9381548990523
18354.0,1277396.67052084,217447.93038670704,3.0,721758.385317263,13.489445715493387
18355.0,1281505.86770904,254168.133880317,3.0,184353.3280600304,12.124609456442276
18356.0,1272973.98219632,218833.845588133,3.0,87081.08793559375,11.374595008788972
18357.0,1282415.87730998,206074.16442306305,3.0,782754.4598211822,13.57057433680408
18360.0,1287741.78137943,193079.34360975,3.0,835874.5633222682,13.636233836936245
18362.0,1276445.41291986,211739.560908869,2.0,940011.7847923829,13.753647691180772
18364.0,1274255.94974962,218740.19746004,4.0,582094.9413123251,13.27438884281204
18366.0,1286280.71904193,204876.467973843,3.0,72863.55209774882,11.196343821745165
18367.0,1265783.34762895,227838.30070135,3.0,24454.6075609258,10.104573925448491
18368.0,1273955.99730131,223380.02876079097,3.0,109891.56924699628,11.607249424500955
18371.0,1281753.5177573,217334.4837946,3.0,59860.44452754231,10.999771207499101
18373.0,1284606.43827222,244556.070382476,3.0,1143562.161403542,13.94965865161772
18374.0,1273287.89163662,220890.78965424,3.0,1294208.7583164484,14.073410068941737
18375.0,1279676.05209117,208753.11412181,4.0,861074.6265185743,13.665936453891474
18378.0,1276703.92223212,247684.673393667,4.0,140370.3672090993,11.85203968853335
18379.0,1276705.40716013,246014.581231967,4.0,206038.4541683382,12.235818101070995
18380.0,1281806.23455736,193968.494074672,4.0,45827.74206452118,10.73264490865957
18381.0,1282859.95257443,197642.802366436,3.0,50441.80060856904,10.828575487470424
18382.0,1278040.7985215,245330.449071258,3.0,12713.965460928192,9.450456310875406
18385.0,1272783.69022812,250114.862132162,3.0,18640.336725879424,9.83308315276952
18387.0,1277527.23288897,235836.068133533,4.0,77652.53828872343,11.259999516886396
18390.0,1272790.30341212,243468.540717348,3.0,105969.13922864568,11.570903191352516
18392.0,1281410.01356494,243574.13009347,3.0,331650.48284641735,12.711836930844147
18393.0,1281634.87366118,243569.675053462,3.0,276346.04679549934,12.529409152094859
18394.0,1279530.56812303,209105.731850162,3.0,77731.10204501929,11.261010739983265
18395.0,1279160.49247465,210669.052875772,2.0,14053.85531099273,9.550652036480187
18396.0,1265548.2289727,208406.053129449,3.0,63025.8161085306,11.051299700937465
18399.0,1277607.27442506,199469.9552003,3.0,123915.64934650116,11.72735636590843
18401.0,1277912.95525737,257343.912251562,3.0,465049.0180100528,13.049898094089096
18403.0,1274090.21618146,252755.723958865,3.0,209703.3966093277,12.253449414228207
18404.0,1271399.13688269,221166.181142524,3.0,1198532.9345245112,13.99660881226584
18406.0,1273497.2865808497,223692.26831310996,3.0,84884.06358578075,11.349041646620957
18407.0,1271431.70673873,221871.895319238,3.0,330484.0301433275,12.70831361681391
18409.0,1282742.07711831,225174.083226621,3.0,1577758.320323791,14.27151561297008
18410.0,1268401.59531163,240536.828778356,4.0,1458648.9960000983,14.193021220082937
18416.0,1276369.26872778,207401.210312426,3.0,93182.0,11.442309848973883
18417.0,1276368.17323978,207289.841480315,1.0,0.0,
18418.0,1276372.9773358,207527.172680557,1.0,0.0,
18419.0,1285639.41190527,196323.755773082,3.0,88634.70935551164,11.392278813326039
18420.0,1274338.9059737,222396.594071776,4.0,532444.18005432,13.185233344881999
18421.0,1284622.84505624,256627.479354829,1.0,0.0,
18422.0,1269842.73681711,231886.20598550103,3.0,26234.96694318833,10.17484841609289
18423.0,1269937.5128812,231883.842785493,3.0,66146.31936201666,11.099624527209256
18424.0,1271666.99102697,247492.498929471,3.0,27296.477144408185,10.214512930517003
18427.0,1269616.88523287,231930.596321538,4.0,386419.94688446895,12.864680002359925
18428.0,1269618.55448087,231996.768737614,3.0,46592.0,10.749184131556358
18432.0,1271072.05355436,225948.328411415,3.0,352664.7914439223,12.773273285451374
18435.0,1269630.66372888,232476.799586102,1.0,0.0,
18437.0,1275937.22098334,218672.883347958,1.0,0.0,
18438.0,1271000.09573029,168617.274080709,3.0,125129.4583775193,11.737104147371504
18440.0,1284748.62790437,256429.127994627,1.0,0.0,
18443.0,1278108.41612157,214193.193807378,1.0,0.0,
18444.0,1286138.58380979,207766.459272802,2.0,516.4432832048681,6.246965472665421
18448.0,1281978.25548553,222114.424343482,3.0,40787.73764657401,10.6161367673406
18450.0,1281712.99654126,222175.605015546,3.0,46646.000000000015,10.750342457690289
18460.0,1281384.69401293,223416.484376818,2.0,139764.0,11.847710564890653
18461.0,1281047.83903658,195953.718780696,3.0,32139.26911709053,10.37783389843214
18464.0,1277510.41471295,201494.606658369,1.0,0.0,
18465.0,1277921.87288937,201488.18278636,3.0,83643.18854178446,11.334315275027611
18467.0,1281854.6491494,194014.73381871,3.0,48078.06821308836,10.780581389805576
18468.0,1280973.8674525,194931.941947654,1.0,0.0,
18470.0,1280721.09266824,196632.720381394,3.0,46750.43512382595,10.752578842135037
18471.0,1281041.53330857,196610.533117369,4.0,145319.4249856705,11.886689529443677
18473.0,1277911.25317736,203574.812484503,3.0,47957.27404180759,10.778065769365291
18474.0,1267954.55422316,229285.582878828,5.0,466006.7808937138,13.051955464275979
18476.0,1271003.44741029,170262.397474393,1.0,0.0,
18477.0,1271351.30763465,170256.308258384,3.0,599728.0057065858,13.304231507593618
18482.0,1280634.10828415,203281.367492199,1.0,0.0,
18490.0,1274116.88178147,211105.273100212,1.0,0.0,
18496.0,1281160.42841269,223545.616664961,2.0,46592.0,10.749184131556358
18497.0,1281318.28735685,223523.253528938,2.0,93180.0,11.442288385370787
18502.0,1289354.06259708,180472.898028851,1.0,0.0,
18503.0,1289384.39194112,180472.338348851,3.0,139768.0,11.84773918415428
18504.0,1288431.86662814,191618.441720262,3.0,114455.75994016604,11.647943651245546
18505.0,1276667.75237609,203951.451140895,3.0,186346.0,12.135360439691786
18506.0,1289544.14029327,191250.312823877,2.0,565162.3161436662,13.244868254080112
18509.0,1288619.59789233,191395.492984027,6.0,499516.1670851641,13.121395243083825
18510.0,1289550.37357329,180559.079276934,3.0,350797.05159470835,12.767963134640706
18514.0,1288755.23706047,191699.03896834,2.0,44278.62947991023,10.698257435122034
18515.0,1279082.29445857,229665.998495221,4.0,169844.6093878586,12.042639235598235
18516.0,1273302.42213264,197315.783294097,2.0,46592.0,10.749184131556358
18517.0,1273424.14366877,197312.013950095,1.0,0.0,
18518.0,1274341.29016571,222498.630231887,3.0,135702.568800621,11.818220775640997
18519.0,1288905.84467663,191085.465399712,3.0,336226.2714452991,12.725539639215715
18520.0,1289103.64614883,191253.37778388,4.0,262699.23432383087,12.478765061028465
18522.0,1288526.28410023,191505.713592142,3.0,88892.37784890726,11.395181679343759
18523.0,1288566.78925228,192689.652793363,2.0,584963.1453495778,13.279304124827016
18524.0,1288760.64678848,192479.566585138,3.0,545854.2330427472,13.210107246634372
18525.0,1289133.94426085,191278.828535914,2.0,93180.0,11.442288385370787
18526.0,1289229.37126896,191359.616119996,2.0,46592.0,10.749184131556358
18528.0,1289068.80166879,181177.603629574,4.0,1430894.5351367646,14.17381035570853
18531.0,1288709.99238843,191289.078199923,4.0,760134.6003493249,13.541250802303942
18534.0,1289404.96013314,181414.379757807,1.0,0.0,
18535.0,1289361.3014451,180929.24586930903,3.0,423752.53834146017,12.956904927845192
18536.0,1294693.58017056,185512.430578008,1.0,0.0,
18541.0,1281159.70399669,229613.142623171,1.0,0.0,
18542.0,1254155.43747304,248001.962098002,3.0,47025.32101715204,10.758441480666974
18543.0,1279584.33119507,217507.225554764,4.0,775597.6397576734,13.561389159227996
18544.0,1254140.91811302,248002.860722005,1.0,0.0,
18545.0,1265305.33706845,179003.919019341,3.0,70652.87117083716,11.16553402664767
18546.0,1279339.85657082,217513.008018777,2.0,5408.725644323024,8.595768788514956
18547.0,1279581.26194708,217299.457618564,2.0,405256.98631386826,12.912276678965346
18548.0,1279703.82860319,217296.404754549,3.0,373253.3354476671,12.830012651591026
18549.0,1282578.47084615,246548.177328512,3.0,43062.50521390226,10.670407948833564
18550.0,1264907.41463605,178949.636011288,1.0,0.0,
18551.0,1265471.28490862,179206.864491552,2.0,8282.316359039944,9.02187796176283
18554.0,1282212.84754977,222855.271960244,2.0,767442.2969230056,13.550818572454887
18557.0,1291098.14541487,171924.596580088,3.0,22013.361707732864,9.999404898329367
18558.0,1291098.37376687,172346.305380523,3.0,46592.0,10.749184131556358
18559.0,1291093.77696687,172422.842596605,3.0,46592.0,10.749184131556358
18560.0,1290571.46637432,172594.098852783,3.0,256739.09768930537,12.455815664140669
18561.0,1290216.21216597,171963.275940135,3.0,160731.70456487592,11.987491822651455
18564.0,1290977.90778275,172614.427236795,4.0,267139.64563321,12.49552681800933
18565.0,1291195.76135097,171943.493860111,3.0,142396.34146296146,11.866369585656383
18569.0,1270947.44357023,169751.255457863,3.0,269694.53581954364,12.505045248705834
18570.0,1270300.86744156,171464.91017963,3.0,981504.6560138364,13.796842036461051
18574.0,1270475.97899374,171266.737315416,3.0,830511.0792239299,13.629796548372669
18575.0,1271891.9712512,167242.969119295,2.0,46592.0,10.749184131556358
18576.0,1281857.0930534,222132.170711502,1.0,0.0,
18581.0,1295755.99796364,184102.124400571,3.0,5323.405001314175,8.579868415439837
18582.0,1295795.00481167,185152.817137644,4.0,127805.06384001693,11.758261443301917
18584.0,1273851.41022921,222480.269719869,1.0,0.0,
18585.0,1273869.46565323,222478.18639186,4.0,347672.74465151574,12.759016927381113
18586.0,1273727.79890108,222451.103127837,2.0,9187.55724057968,9.12560537376886
18587.0,1273743.4881811,222277.387287661,2.0,28318.462894153385,10.25126926999825
18590.0,1295829.13991572,186203.783218712,3.0,42521.421831077074,10.657763271009628
18591.0,1296310.7901562,186176.471922681,4.0,106814.51023688976,11.578849059920893
18593.0,1296215.16634811,183560.518192008,4.0,232643.3980492468,12.357262079690901
18594.0,1296872.19489278,183529.89092797003,3.0,111587.60935268612,11.62256529545968
18598.0,1283365.20351896,228630.651486158,2.0,26961.917141302827,10.202180673080456
18599.0,1273451.99602079,204374.147781327,4.0,91577.73280878075,11.42494342950347
18600.0,1282987.71148656,228229.399005756,4.0,266454.24044783605,12.492957802208299
18601.0,1273340.42142868,204567.999429524,4.0,28698.49211764266,10.264599860912508
18602.0,1273277.68005262,204677.644549638,4.0,1373202.9840578518,14.13265651363195
18603.0,1271517.01265882,213488.811342657,1.0,0.0,
18605.0,1269074.70027232,224902.20092234,4.0,677079.0637656174,13.425543330549106
18606.0,1295727.6958836,182278.49713470004,3.0,641028.4793346679,13.370829164455108
18607.0,1296029.47706792,182287.642798707,1.0,0.0,
18609.0,1272653.88440397,223464.039448872,3.0,46891.34509828596,10.75558839792269
18611.0,1272950.16562028,205282.835270256,4.0,581495.1119726567,13.273357845011557
18612.0,1283199.07199878,228239.565981761,4.0,1538306.0581838486,14.246192406769104
18614.0,1297188.7267331,185186.57137768003,3.0,467059.5553424269,13.054212056019937
18615.0,1297344.21985327,185178.95358566905,3.0,1074378.340951438,13.887252764784167
18616.0,1272376.1241477,224003.558041424,2.0,42504.7730718963,10.657371656180516
18617.0,1268861.1285601,225270.388506725,4.0,59565.495923794806,10.994831757957131
18618.0,1268654.91012789,225619.058395073,2.0,1349.806117285132,7.207716244292763
18619.0,1282833.2029424,227922.961949438,2.0,113.77744107370908,4.734244268945751
18620.0,1273589.98981294,204131.105669066,4.0,175392.88875019283,12.074783815054959
18621.0,1272436.36613175,206349.50343135,3.0,1646456.0344854165,14.314135678034155
18622.0,1268999.07934424,225032.567770481,2.0,70534.78981078214,11.163861339576213
18623.0,1277740.52216919,204460.783813417,4.0,916975.480016632,13.728836011531733
18624.0,1279755.71826725,207150.17536816,1.0,0.0,
18625.0,1274671.09919004,205490.984454468,2.0,9.117532467532468,2.2101992047069676
18626.0,1274644.87845401,205401.372486368,3.0,119058.9285511134,11.687373847432161
18627.0,1279012.70828249,204106.541061044,3.0,761203.3179612311,13.54265577325069
18630.0,1288313.27731602,173879.904038101,3.0,57035.10064412012,10.951422158063231
18631.0,1288311.07616401,173726.536869943,1.0,0.0,
18639.0,1288345.72013205,171556.222627714,3.0,391134.8458425015,12.876807653789536
18640.0,1296191.28551608,182786.988207221,3.0,353850.39594116807,12.776629492455314
18641.0,1296223.38810812,182665.113455087,1.0,0.0,
18643.0,1289048.49760477,171665.730595827,3.0,235008.01768451143,12.367374910350728
18649.0,1280640.96518016,172458.958372638,3.0,333272.87596792856,12.716716880750042
18653.0,1284919.99699254,172724.54211691,3.0,1546245.6364437588,14.251340380659798
18658.0,1292212.35936801,172988.705957189,1.0,0.0,
18659.0,1291224.49984699,172653.423524842,3.0,46592.0,10.749184131556358
18671.0,1295130.432971,184530.550000995,4.0,373814.5561953397,12.831515114377943
18672.0,1296954.96340486,186150.423090667,5.0,1337729.217452957,14.106484120603767
18673.0,1296296.7623162,185911.811058417,4.0,320154.38315714,12.676558605801658
18674.0,1279216.3729227,237246.017766982,3.0,157379.20882198238,11.966413514893611
18677.0,1296952.88961287,185875.187442377,4.0,388881.8832328475,12.871030934417053
18681.0,1289970.49478972,172275.113572448,1.0,0.0,
18682.0,1297178.9846531,184955.060977444,3.0,452050.28205081495,13.021548696102526
18683.0,1289412.81280515,170835.914658979,1.0,0.0,
18684.0,1289986.49312574,170823.864482969,3.0,46814.13126294002,10.753940386390813
18687.0,1269273.51940852,209209.865482271,1.0,0.0,
18689.0,1295820.73108371,185943.880882457,3.0,235545.59118772176,12.369659766855682
18694.0,1295135.344331,184810.890673295,3.0,419113.13053900097,12.945896163746886
18696.0,1268550.07729578,213594.447310761,3.0,181532.5847080812,12.10919044664552
18698.0,1289608.69466135,164394.349788383,3.0,46557.70826804784,10.748447860146841
18699.0,1290583.25178234,164148.296476126,2.0,549.8317460317455,6.309612315118661
18700.0,1296895.4799488,184308.602288783,4.0,207232.11384235293,12.241594766944466
18701.0,1297030.03412494,184301.561008766,1.0,0.0,
18702.0,1297193.44161311,185335.789873824,3.0,393166.34883719904,12.881988080777875
18703.0,1297252.67610916,185333.09732982505,3.0,217126.97057682852,12.288237579273453
18704.0,1296316.46862021,186426.994418949,3.0,35394.84814758994,10.474321555977019
18705.0,1296644.16289255,186442.954994962,3.0,1110295.4419378203,13.920136701781134
18708.0,1286869.90649854,169582.956577703,3.0,1075112.4986608862,13.887935863985582
18709.0,1288878.66003659,169530.679777637,4.0,477108.330288431,13.075498851608385
18713.0,1295841.36199573,186452.191218972,3.0,37763.82452405661,10.53910690019551
18714.0,1296915.06062083,184824.884721309,4.0,617174.3722221132,13.332906875961797
18715.0,1297170.55585308,184810.085553288,3.0,635045.7210684704,13.361452276965462
18716.0,1288813.66669253,166906.439262956,4.0,325669.3977225671,12.693638028368424
18719.0,1286002.11756966,177937.559274256,2.0,46592.0,10.749184131556358
18720.0,1286009.94822566,177891.119722202,1.0,0.0,
18724.0,1296863.11060478,182995.66692742697,3.0,443350.8817723335,13.002116793691556
18725.0,1296924.19476484,185347.906033844,4.0,386877.7271266265,12.865863971511827
18726.0,1295765.00289164,184344.686256811,3.0,8884.958801905597,9.092115103763776
18729.0,1296875.57646078,183664.910384119,3.0,55860.70694796766,10.930616495129211
18730.0,1297355.19226928,183640.869744092,1.0,0.0,
18732.0,1288893.25773261,170389.512674525,3.0,96856.22044261378,11.480982894368031
18733.0,1295777.46317966,184620.322481096,3.0,80053.93026917007,11.290455814898186
18734.0,1278604.65957807,212349.197773486,3.0,1315756.7666022517,14.089922545974796
18736.0,1296283.55271618,185646.266610146,4.0,105505.4801226286,11.56651817483952
18737.0,1276140.24850355,216481.771217719,2.0,10041.93183172592,9.214524788255131
18738.0,1294572.93671443,184554.983025029,1.0,0.0,
18743.0,1296269.42900416,185112.154481605,4.0,37164.3478729438,10.523105190199145
18744.0,1289958.4849337,169483.745505601,4.0,239164.0618261543,12.384905046569278
18746.0,1295811.21997969,185668.855794162,3.0,5605.91668720877,8.631577870253041
18749.0,1297186.8694531,185899.966578409,3.0,1729847.1185639636,14.363543591796759
18750.0,1297395.37690932,186136.806962654,1.0,0.0,
18755.0,1288731.73677245,164222.957468212,3.0,92677.68207757166,11.436882968280727
18759.0,1296887.0468608,184044.374512509,3.0,75189.18791667357,11.227762721897118
18760.0,1296208.45870011,183295.341551736,3.0,263699.4029396076,12.482565108173505
18761.0,1274834.31442222,217104.798226357,1.0,0.0,
18765.0,1295786.60980366,184863.954225346,3.0,73275.73154600487,11.201984749098072
18768.0,1296881.06951679,183790.760816246,3.0,46946.05083439061,10.756754366815125
18769.0,1296612.37454051,185632.338162124,1.0,0.0,
18770.0,1277924.25477737,209194.307466254,3.0,548590.8887391804,13.21510824914353
18772.0,1274594.06782997,192124.979064777,2.0,46592.0,10.749184131556358
18781.0,1276051.73720746,205845.431302831,1.0,0.0,
18782.0,1287429.59238711,196198.721276954,2.0,3.0,1.0986122886681098
18783.0,1265792.35217296,207753.833608776,3.0,93182.0,11.442309848973883
18784.0,1265788.48510095,207268.526536286,1.0,0.0,
18788.0,1271623.62270692,236937.701094672,3.0,123022.63595636326,11.720123649588269
18789.0,1279492.04428299,201646.049282536,2.0,4868.591481348702,8.49055995070108
18790.0,1287930.11104362,186954.898547485,1.0,0.0,
18791.0,1279811.63058731,200393.492033243,2.0,64593.09332134538,11.07586276952467
18792.0,1285124.18329675,182981.233263418,3.0,77241.47823172719,11.254691874522539
18793.0,1271837.90833914,172044.350244209,3.0,860192.4608020339,13.66491143482235
18794.0,1272051.76779537,172108.628324285,1.0,0.0,
18795.0,1285150.18617678,191521.353272155,2.0,121.15555555555554,4.797075303046103
18796.0,1257710.60886867,258425.295932665,3.0,101046.82151051569,11.523339267715741
18799.0,1272798.52024414,233686.14793933896,3.0,720535.1594018622,13.48774949184576
18801.0,1258971.05450197,247749.225777745,3.0,64803.708796507926,11.079118115216545
18802.0,1260201.96573523,167492.042463556,1.0,0.0,
18803.0,1259941.10730296,167583.686623648,3.0,342886.6445425964,12.745155189143638
18809.0,1278306.38194577,246020.948015973,1.0,0.0,
18811.0,1282414.80978997,198441.83846324697,3.0,28800.658307117348,10.268153523748818
18812.0,1282502.07961407,197921.722046718,3.0,27509.073104420844,10.222271160309225
18813.0,1264345.30948347,171987.358244151,3.0,161964.93129202732,11.995135117274746
18815.0,1279821.70533933,200512.18771337,2.0,25354.57440479728,10.14071444263359
18824.0,1278756.74028224,246487.686960444,3.0,778869.5932405643,13.565598908067416
18825.0,1279988.9196115,255515.834553689,2.0,47444.34797385997,10.767312681534628
18827.0,1262834.10544993,166294.993310332,3.0,802854.7028044813,13.595929033598441
18828.0,1283619.80076721,256801.22143501,2.0,453463.6584218152,13.024670409541974
18834.0,1280636.73618816,201172.794626042,2.0,10895.022410350126,9.296061304315579
18835.0,1280281.6788438,200502.891137362,2.0,36.55190625588108,3.5987333395794443
18842.0,1287923.46803562,186754.315571278,1.0,0.0,
18843.0,1284791.14131241,182984.113839418,2.0,0.0,
18845.0,1273426.66795677,220692.035478026,3.0,868417.6694267101,13.674428063885113
18846.0,1273412.65323676,220560.014357895,3.0,91644.26271710786,11.425669651385949
18851.0,1282039.25343759,193770.765818462,4.0,390292.2209464088,12.87465102201033
18853.0,1278730.40965821,201219.076034099,2.0,14182.934387289084,9.559794717132112
18858.0,1273431.19224478,200312.665793166,1.0,0.0,
18859.0,1271817.38571513,171237.267555386,1.0,0.0,
18861.0,1282507.30790207,198956.595007777,3.0,101773.50185717168,11.53050505311714
18863.0,1281992.82143754,193739.28652243305,3.0,43917.09730376293,10.690058983465706
18865.0,1271829.68427514,238197.98730395696,5.0,149563.74476536416,11.915477967326428
18867.0,1284978.83513661,191400.786936045,1.0,0.0,
18869.0,1272394.42622772,215061.684496269,3.0,49076.81638147404,10.801142030817827
18870.0,1272391.07128371,214849.903120056,1.0,0.0,
18871.0,1265594.87978876,207751.670280784,4.0,263071.7200630663,12.48018197384362
18872.0,1265464.57822062,207757.962888792,1.0,0.0,
18873.0,1265008.50858815,208410.261769459,5.0,186356.0,12.13541410186694
18874.0,1275510.3317669,217611.53141087305,3.0,51494.61686057643,10.849232554209404
18875.0,1265304.67895645,212667.495053813,3.0,2886.00242499635,7.967627579595539
18878.0,1279694.62425119,197625.118974417,1.0,0.0,
18879.0,1269823.79588908,248814.179634824,4.0,440466.9452765749,12.99559068244308
18880.0,1269995.48190525,248565.947250575,4.0,217149.85595461645,12.28834297461767
18881.0,1278107.14872956,247382.71339336,3.0,257749.3617943425,12.459742925811515
18882.0,1278086.44146554,247641.097393632,4.0,292618.95333184086,12.586626541040516
18885.0,1280827.56159635,193994.620346695,1.0,0.0,
18886.0,1280101.58373961,201973.610626861,4.0,109791.22303795822,11.606335868960503
18887.0,1270319.04260959,249360.717299387,3.0,265403.8619539287,12.489007952220977
18888.0,1280325.61477983,212624.09652577303,3.0,165368.90176501576,12.015934025544702
18889.0,1287489.71168317,195646.326012388,2.0,23293.0,10.055908165231354
18890.0,1280317.74047583,201614.780930489,1.0,0.0,
18891.0,1278376.89164184,247113.792625085,3.0,1841.427897381221,7.518296580831969
18892.0,1279348.29260284,213492.974414662,3.0,189011.49107257,12.149563091519342
18893.0,1270588.06571387,249681.031283721,3.0,203193.43635298152,12.221913692752269
18896.0,1265268.13246042,212598.592973739,3.0,281820.2551467509,12.549024753602284
18897.0,1278343.9963458,247175.883057147,3.0,223655.95571007289,12.31786423810658
18899.0,1281047.95097257,197839.278654635,2.0,89517.02485267786,11.402184107990701
18900.0,1281005.90706854,216840.182290092,1.0,0.0,
18901.0,1280454.08697197,210905.883084014,2.0,164881.96852819296,12.01298515464999
18902.0,1278140.20575359,247112.059377089,4.0,355303.30632713594,12.780727087699386
18903.0,1279184.47698666,236126.771301836,1.0,0.0,
18906.0,1269247.08446449,248102.935986102,3.0,448239.9344774717,13.013083936061822
18908.0,1281063.3616606,198084.105918884,1.0,0.0,
18909.0,1279935.93708344,197618.255806401,1.0,0.0,
18910.0,1280507.40345202,212708.648525864,2.0,33320.89589113392,10.41393998340833
18914.0,1289081.60614881,181616.725806013,3.0,771750.9755627618,13.556417206455297
18915.0,1290850.20794262,172763.837668955,3.0,15491.263967662791,9.648031529027207
18917.0,1279860.65708336,213532.739406705,3.0,130194.3104562793,11.776783309309321
18918.0,1297016.10273293,182250.535534665,3.0,1260893.526193825,14.047331175374067
18919.0,1279320.81593081,213543.647822708,3.0,97206.4239085631,11.48459207785898
18920.0,1289640.78285338,173570.837029785,2.0,76827.56882327114,11.249318823774797
18921.0,1290302.22739805,173107.844517305,4.0,214140.4377602304,12.274387329981352
18922.0,1288958.49747668,175203.191079453,3.0,299608.33053555374,12.610231335764515
18923.0,1281435.49804497,220995.50331834,2.0,137216.19908546773,11.829313056440371
18924.0,1288960.44627668,173848.92995806,2.0,207030.59174198672,12.240621847521375
18925.0,1280067.45292357,197614.544510394,1.0,0.0,
18926.0,1264924.95761207,213253.404686421,3.0,215569.69239367792,12.281039534822442
18927.0,1267243.49431844,226812.117724299,2.0,1607.0016845615878,7.382125414001797
18935.0,1273560.18117291,229028.980062574,1.0,0.0,
18939.0,1284398.83334401,191897.02021654,2.0,3842.419864336379,8.25385762011041
18940.0,1281705.02015725,215201.630736411,2.0,24693.59785905049,10.114299293029124
18941.0,1281712.28818926,219412.702676728,1.0,0.0,
18942.0,1280077.71205959,205497.417862475,1.0,0.0,
18943.0,1270323.67908959,228931.685662463,4.0,79735.64927033741,11.286472058001335
18944.0,1270540.46411382,229170.026718706,4.0,73422.9919504919,11.203992407384941
18945.0,1278818.91737029,204396.05094935,4.0,912249.2978028144,13.723668584556346
18946.0,1286634.4670103,203809.996036738,1.0,0.0,
18948.0,1279797.4330833,203623.32742855,1.0,0.0,
18952.0,1281180.44870071,201941.489922836,1.0,0.0,
18953.0,1281034.60415657,201948.281922832,1.0,0.0,
18956.0,1273289.44350863,200846.542977706,1.0,0.0,
18957.0,1281024.32895656,226499.511387974,2.0,43816.49023629048,10.687765514923207
18958.0,1281050.69631658,226523.483419999,2.0,41669.720069856085,10.637530006607903
18961.0,1277925.24588138,211105.28852421,3.0,190515.1970780668,12.157487245055076
18962.0,1277910.07564136,210730.634123832,2.0,208996.65119268015,12.250073507817048
18963.0,1275457.68850285,214871.582864076,1.0,0.0,
18967.0,1278085.16127354,211097.92833221,3.0,93182.0,11.442309848973883
18974.0,1275794.42047119,215168.245008379,3.0,135404.0788805444,11.816018763678246
18981.0,1281588.88031714,196599.034429356,1.0,0.0,
18983.0,1280407.97452392,212072.1914372,1.0,0.0,
18984.0,1269257.09425651,228966.457886502,4.0,61393.20524985045,11.025054444328338
18986.0,1275058.60037445,233999.195171654,3.0,61163.357990616336,11.021303563549122
18987.0,1274208.20478958,233516.719779164,1.0,0.0,
18988.0,1274893.15416628,234008.046883672,3.0,117993.32507658788,11.67838333470026
18989.0,1274936.95199032,233962.507235616,3.0,475.78427499225546,6.1649645477057575
18990.0,1274980.25247036,234004.645283669,3.0,35527.00293115271,10.478048332266956
18991.0,1274650.03359002,232828.640418455,3.0,271341.2595744688,12.511132568080816
18992.0,1269350.97828861,258166.362044409,2.0,5928.524358352555,8.687530617576968
18994.0,1255107.54448201,258849.732733101,3.0,93182.0,11.442309848973883
18995.0,1254537.49705742,258494.788284749,1.0,0.0,
18996.0,1278719.22924219,241061.541290894,3.0,46592.0,10.749184131556358
18997.0,1279173.51148266,240795.310506612,3.0,147013.30560674905,11.898278375996325
18998.0,1281041.66290857,197589.303422377,4.0,139770.0,11.847753493478953
18999.0,1281041.45458858,197579.188926369,1.0,0.0,
19003.0,1281042.00511657,197600.385086387,1.0,0.0,
19004.0,1278371.97759384,212842.690893993,2.0,173787.756696469,12.065590044547665
19005.0,1278359.77093783,212491.760205641,3.0,563746.1555439787,13.242359350341589
19008.0,1273536.1766288895,225900.83279536705,3.0,11796.325275958963,9.37554334466171
19009.0,1274399.10955776,195892.32390064,4.0,1462700.1921347028,14.195794732231363
19010.0,1276459.88139988,205523.145478502,3.0,186350.0,12.135381904907405
19011.0,1278250.81874572,241169.466602996,1.0,0.0,
19012.0,1278557.30924203,212844.56724599,2.0,666677.5044967228,13.410061706469055
19013.0,1278891.25970636,241478.584747314,4.0,171215.22632312847,12.050676677538279
19014.0,1269556.96734481,229243.358558789,4.0,90998.1089043892,11.418594004012606
19015.0,1270773.56075406,229634.439455196,3.0,124637.09119582469,11.733161523186425
19016.0,1270768.58174606,229619.922783181,1.0,0.0,
19018.0,1270976.07313827,229208.753310755,3.0,349744.00464387215,12.764956750547702
19020.0,1274507.14514188,175815.53495207397,3.0,855763.2032377729,13.65974898512269
19021.0,1280425.17170794,210566.780427665,3.0,48401.8778502076,10.787293890510087
19026.0,1290082.83443783,181400.723629802,4.0,764762.0237584304,13.547319984358897
19029.0,1278109.23698556,212149.88884528,1.0,0.0,
19030.0,1275069.97931845,235488.294245183,3.0,671932.6315260975,13.417913363774638
19031.0,1275078.88479047,235821.00125353,1.0,0.0,
19032.0,1293274.75751309,189046.598069623,3.0,104753.19664891604,11.559362354253512
19035.0,1262061.36426513,260671.645118967,1.0,0.0,
19037.0,1270438.72350571,174963.438567206,1.0,0.0,
19039.0,1272661.00805199,234191.941219851,2.0,9639.402084709898,9.17361436127331
19043.0,1262905.30513,252721.978934824,3.0,832668.2047463745,13.632390528171232
19045.0,1278471.17330594,254198.078648344,1.0,0.0,
19046.0,1276095.84568751,204089.95610103,1.0,0.0,
19048.0,1265269.67511642,177754.237802058,1.0,0.0,
19049.0,1272966.7436683,224004.459289417,1.0,0.0,
19056.0,1270813.0747381,226439.833691925,3.0,412364.2777034508,12.929662406867473
19060.0,1256881.84176382,256779.777594984,1.0,0.0,
19062.0,1280659.38809218,209371.43175444,3.0,8538.231613718626,9.052309194347322
19063.0,1281856.6563174,252056.307062149,1.0,0.0,
19064.0,1286048.2132497,255860.990074039,1.0,0.0,
19065.0,1257124.78550808,257456.114811674,1.0,0.0,
19068.0,1272909.93246825,256910.395451114,1.0,0.0,
19069.0,1253676.41219255,251117.031349182,1.0,0.0,
19070.0,1262688.81181778,258825.26431708,1.0,0.0,
19077.0,1279707.46277921,205732.768454716,3.0,93182.0,11.442309848973883
19079.0,1277844.2604733,250301.367604345,1.0,0.0,
19084.0,1265000.96631615,248075.420658067,3.0,245372.84270547424,12.410534139713214
19085.0,1278879.77682635,175329.296807587,1.0,0.0,
19088.0,1271371.61304267,240768.850602597,1.0,0.0,
19089.0,1271333.61278664,240869.31991469895,3.0,46595.99999999999,10.749269979519667
19090.0,1264045.32945116,245346.17246328303,3.0,67181.3803991009,11.115151410723875
19091.0,1280939.62143646,222577.590743959,2.0,1314530.248673167,14.08898993443023
19092.0,1278325.34188178,180939.149421319,1.0,0.0,
19093.0,1278689.27685817,180930.318061322,3.0,361408.07694134273,12.79776300592579
19094.0,1274341.24715771,242722.260396585,4.0,731463.6213898024,13.502802766681128
19097.0,1275373.07122277,218100.807699382,1.0,0.0,
19098.0,1270849.90078613,248582.927474588,3.0,109357.78500479706,11.602380217030287
19099.0,1263058.28349815,261682.54208,3.0,93182.0,11.442309848973883
19100.0,1262923.35396202,261685.882944003,1.0,0.0,
19103.0,1283657.46771125,255112.035193279,1.0,0.0,
19104.0,1276786.84920821,257288.632187501,1.0,0.0,
19107.0,1271767.08600308,216595.246097833,1.0,0.0,
19108.0,1280596.48959611,186877.907187402,3.0,1523220.6377447862,14.236337491867044
19109.0,1271500.8716028,224914.791770354,3.0,352971.7582497217,12.77414332775657
19111.0,1274005.55653337,223378.924440786,1.0,0.0,
19112.0,1274281.98610164,179103.295787439,5.0,1403333.980862405,14.154361378412489
19116.0,1286351.03283401,194885.821627602,1.0,0.0,
19117.0,1285803.31513745,245188.751215115,1.0,0.0,
19120.0,1281504.53727704,229023.458078563,3.0,49180.6223073646,10.803254969357564
19123.0,1284441.28800005,202846.126275763,1.0,0.0,
19124.0,1274592.78014997,207582.041992605,1.0,0.0,
19126.0,1259349.81584635,257539.286203757,1.0,0.0,
19127.0,1283654.57171124,174721.275366962,1.0,0.0,
19128.0,1287207.80441889,200831.752641693,1.0,0.0,
19129.0,1271554.05848286,212849.461582005,1.0,0.0,
19136.0,1262107.18269718,168985.239265084,1.0,0.0,
19140.0,1275560.12434296,220153.165461481,1.0,0.0,
19142.0,1273053.0807564,195121.138107851,3.0,178106.7011262978,12.09013809420888
19144.0,1278260.69471373,213225.946382388,3.0,188178.57236260804,12.145146643979784
19145.0,1281588.61721313,198325.671039134,2.0,698.8435172496891,6.549426850576363
19146.0,1285221.37536085,195884.159228623,1.0,0.0,
19147.0,1285309.44864094,176686.003048971,1.0,0.0,
19152.0,1270880.03985816,170597.103842735,1.0,0.0,
19153.0,1271421.57880272,170589.672738731,3.0,692446.0057065692,13.447985543904988
19154.0,1286006.08966565,199414.018944249,2.0,30863.19253933303,10.337319572910236
19155.0,1270464.01572974,210015.198219106,4.0,139770.0,11.847753493478953
19156.0,1270149.22603342,209801.234698877,1.0,0.0,
19157.0,1264755.03569189,215243.476432458,4.0,243010.77727925425,12.400861072282645
19158.0,1264248.83396338,215742.643088967,1.0,0.0,
19159.0,1279508.601659,213159.125326321,3.0,248019.67012655817,12.421263337028293
19160.0,1272668.50705999,180430.975852802,4.0,376767.3048584905,12.839383047374156
19163.0,1261149.3401362,174735.863910973,2.0,157.6523809523809,5.060392488651403
19167.0,1266679.09124586,205655.588166639,2.0,508640.27506395953,13.13949631692767
19168.0,1276193.9888556,228043.284829557,4.0,183303.1671797785,12.118896712346162
19171.0,1273700.29374905,204439.648005396,3.0,30154.62151211138,10.314093474392335
19172.0,1273858.35410121,204196.292869136,3.0,29192.69429237229,10.281673761485564
19174.0,1296872.18503678,183416.638191864,3.0,75374.4546420878,11.230223698740796
19175.0,1297483.20711741,183393.238639832,1.0,0.0,
19177.0,1287885.87955558,166476.23971051,1.0,0.0,
19178.0,1288789.8573485,166441.637726486,3.0,46830.350000000064,10.754286775991215
19181.0,1277426.51820087,220062.10562138297,3.0,19966.900784532143,9.901831220802356
19182.0,1279207.6947787,204025.224644959,3.0,202615.0692637788,12.219063247417575
19184.0,1277311.10143276,241367.244779199,3.0,158789.57726157067,11.975335191268162
19185.0,1277419.57599287,241428.055659264,3.0,514420.77271029,13.15079683349745
19186.0,1277605.04901706,240733.902826548,1.0,0.0,
19187.0,1277442.23672889,243850.711213753,3.0,41305.75271273508,10.628757060114308
19188.0,1277022.49183245,243421.658605307,3.0,12962.133560185528,9.469787582914327
19189.0,1276882.98847231,243265.740653142,1.0,0.0,
19190.0,1276750.75775218,243124.785517007,3.0,257085.54797519607,12.457164179986748
19191.0,1268468.5364957,215981.876241207,1.0,0.0,
19192.0,1278684.23685816,244360.66135826695,3.0,280743.1167825592,12.545195355051906
19193.0,1278786.24780226,244381.991342291,4.0,257830.0605878779,12.460055966986904
19194.0,1276427.29746385,248001.730481997,4.0,249193.26625652303,12.425984044087825
19195.0,1271891.5204352,175231.08272747704,3.0,93653.27438368344,11.447354671315287
19196.0,1272395.55192372,175220.204455465,1.0,0.0,
19199.0,1271803.72728311,238204.785511971,1.0,0.0,
19200.0,1273979.56549335,198861.988223672,3.0,93182.0,11.442309848973883
19201.0,1273968.72165333,198596.500223413,1.0,0.0,
19204.0,1272013.74955532,243517.780141398,3.0,18871.54217197313,9.8454103611479
19205.0,1272063.23141138,243489.08497338,2.0,19639.41460596702,9.885293775250751
19207.0,1268433.38430366,211406.179660529,3.0,689679.07829504,13.443981664458832
19210.0,1265885.69975705,212159.95930929497,3.0,607039.4738567005,13.316349098992612
19211.0,1266338.75690952,212057.518605188,2.0,203565.7508245493,12.223744331554197
19212.0,1278948.28716242,241968.214379817,3.0,122636.13004858038,11.716976957670942
19214.0,1274129.36178149,220416.531413749,3.0,865083.8644916777,13.670581734383932
19215.0,1269842.2095851002,231920.36105753505,6.0,796348.9130181086,13.587792701724025
19217.0,1266542.84612572,212166.808397308,4.0,1076761.865262257,13.88946882237016
19218.0,1265904.80868506,212034.760461167,3.0,11427.233253175193,9.343754667397924
19219.0,1265816.16676497,212012.187661141,5.0,309268.1474864025,12.641963970784905
19220.0,1264160.81117928,212127.68903726304,3.0,367740.7043537829,12.815133361064085
19222.0,1265807.98634897,212081.425997213,3.0,8548.051233538417,9.05345861004981
19228.0,1278298.95640977,201487.141122371,3.0,35275.4617456185,10.47094286651822
19230.0,1272388.87544371,176672.639912963,1.0,0.0,
19232.0,1279510.668603,179805.311148167,1.0,0.0,
19233.0,1287278.92243496,204457.032837406,1.0,0.0,
19234.0,1263034.59428214,170318.039074451,1.0,0.0,
19235.0,1278604.09759407,214102.749391288,1.0,0.0,
19240.0,1273260.6355086,214307.808719501,2.0,46592.0,10.749184131556358
19241.0,1273266.7145486,214299.490511492,1.0,0.0,
19244.0,1267348.23294255,211878.375565007,2.0,110598.43586310014,11.613661225683751
19245.0,1269671.40676893,221776.002775148,1.0,0.0,
19249.0,1268592.90135983,211861.052428991,4.0,187650.9875935212,12.1423390675044
19250.0,1272756.31333208,233115.901346758,3.0,48000.79947673091,10.77897294551655
19251.0,1261669.08580074,168873.297248974,1.0,0.0,
19252.0,1277718.75320917,257260.916027471,1.0,0.0,
19254.0,1265383.82250854,211540.768972665,2.0,656538.1338614937,13.394736057651116
19255.0,1273682.92370103,204997.821125954,1.0,0.0,
19258.0,1265128.51524428,216826.574354067,4.0,548679.9260724682,13.215270537855272
19259.0,1264511.23498765,216396.975825638,1.0,0.0,
19262.0,1288966.83238868,186859.945971385,2.0,331356.62040503736,12.71095047741346
19263.0,1267459.03819066,249213.12837123903,3.0,136856.18485239797,11.826685907838513
19265.0,1259198.77546221,259750.675838023,3.0,94858.11424956228,11.460137519933559
19268.0,1265366.12567651,245323.441583261,3.0,12240.891333871548,9.412537374809702
19270.0,1280770.04498829,208706.509897754,3.0,15371.690444595402,9.640282813867827
19273.0,1272388.59000371,243479.945261359,3.0,141837.86199578937,11.862439867282747
19274.0,1277523.62335297,222633.123096019,2.0,1717.658636787607,7.448717384772964
19275.0,1272277.47768359,181258.660269648,1.0,0.0,
19277.0,1281832.63865338,219003.838996306,1.0,0.0,
19283.0,1276924.51660036,212873.108814031,4.0,83710.00046219994,11.335113729175545
19284.0,1280992.37983651,204270.853381217,1.0,0.0,
19291.0,1273211.82091655,208839.632009894,1.0,0.0,
19293.0,1279268.67167476,203065.467651978,1.0,0.0,
19294.0,1259133.68899813,256408.524410605,3.0,46931.50369922352,10.756444449596769
19296.0,1278720.13145019,216550.938385785,1.0,0.0,
19298.0,1279123.6161866,258544.28095679,1.0,0.0,
19300.0,1285213.78579284,192288.081080943,3.0,3420.8137233235025,8.137633732551954
19301.0,1264363.10141949,176201.951208472,3.0,234652.02279906409,12.365858941680035
19302.0,1274222.08862959,234173.983203843,1.0,0.0,
19307.0,1275985.0070314,216421.346513659,1.0,0.0,
19308.0,1282851.52473442,173948.79626216,1.0,0.0,
19309.0,1260516.09635955,167820.717279896,1.0,0.0,
19311.0,1263454.08522657,260162.732414454,1.0,0.0,
19315.0,1278503.75461797,203559.513604492,1.0,0.0,
19316.0,1275628.20261502,181070.41879746303,3.0,2789.1404639980115,7.933488749929746
19317.0,1275955.17637536,181070.704557464,3.0,208288.5101258134,12.24667946550595
19318.0,1264953.28138809,245631.331375569,2.0,1998.374503452452,7.600089380809365
19319.0,1270470.11908974,194707.172091424,1.0,0.0,
19320.0,1281267.5052768,197583.083966374,1.0,0.0,
19325.0,1264555.24708369,210698.357579798,1.0,0.0,
19328.0,1259667.62103069,260206.60403049,3.0,124085.17273889588,11.728723485721765
19329.0,1281767.31007731,181864.219054267,3.0,90277.29087915132,11.410641222496634
19330.0,1281876.67334142,181775.674606174,3.0,469913.57883936906,13.060304081969344
19334.0,1288682.62138039,182132.324846551,1.0,0.0,
19338.0,1284746.60460836,252534.728950635,1.0,0.0,
19339.0,1276112.00415152,205611.958342597,1.0,0.0,
19340.0,1272978.52120431,219045.938324347,3.0,46691.8151890593,10.751324164678952
19341.0,1273074.18110842,219044.069588348,1.0,0.0,
19343.0,1291968.42650376,186641.858483166,2.0,14149.62237204572,9.557443215227332
19344.0,1292114.1436879,186465.98808299,3.0,103871.65925257745,11.550911370413875
19346.0,1284718.84192033,175832.519528091,1.0,0.0,
19348.0,1278212.46578567,176876.95933716,1.0,0.0,
19349.0,1272411.45707573,254208.202040359,3.0,609069.6824413681,13.31968796123243
19350.0,1279847.26930735,175482.133415744,1.0,0.0,
19351.0,1273881.88946123,241545.61809139,3.0,559811.4659868066,13.235355338145276
19352.0,1273978.40178134,241721.137771562,2.0,598859.6258812029,13.3027825021902
19353.0,1277629.39608908,175127.394279376,3.0,208682.94275568944,12.248571358798877
19355.0,1278488.78252196,175409.783463657,1.0,0.0,
19358.0,1274461.74661383,242604.15729247,2.0,642476.9616104898,13.37308623769304
19360.0,1285583.22963323,196388.40166114303,3.0,11591.407307609064,9.358019353260055
19366.0,1281418.73106895,214354.502863541,3.0,706501.502148603,13.468080607287902
19368.0,1253732.6804166,247828.229553819,2.0,26627.753021974764,10.189709297552703
19369.0,1289172.63283689,187945.975924507,4.0,923969.199670554,13.736434016378364
19370.0,1286149.4558098,204837.076997802,1.0,0.0,
19371.0,1272688.75934802,217074.416338325,1.0,0.0,
19373.0,1289340.75750907,168795.490592897,1.0,0.0,
19375.0,1296919.55335683,185082.603377566,3.0,58145.354339797705,10.970701263780253
19378.0,1275210.6365346,218944.66594024,1.0,0.0,
19379.0,1275296.03787869,218720.62011601,3.0,48006.78195523989,10.779097570643597
19388.0,1266066.16170923,242305.145132169,3.0,82610.1491597474,11.321887823144406
19389.0,1271963.57112327,242240.692140102,1.0,0.0,
19392.0,1271997.12453131,195919.95078066,1.0,0.0,
19396.0,1280774.8035163,249915.484851956,3.0,43874.41541496191,10.689086636803891
19397.0,1274334.7770137,214907.196944103,2.0,8548.999187892348,9.053569501031768
19398.0,1256710.42710766,257651.112123877,1.0,0.0,
19399.0,1278460.23698592,203565.139908493,1.0,0.0,
19400.0,1277905.10719337,215390.634640604,1.0,0.0,
19401.0,1286321.63526598,243201.646253079,1.0,0.0,
19403.0,1270375.60516965,218173.425683454,1.0,0.0,
19404.0,1270620.06692989,231347.420000941,1.0,0.0,
19413.0,1286559.01702622,244678.605614588,3.0,3934.15356193574,8.277451032741252
19414.0,1276924.39781636,237303.952039048,2.0,1327504.4950949508,14.098811418228054
19415.0,1267560.65803076,248689.511282697,2.0,279255.7010628939,12.539883132346665
19418.0,1295453.01991533,184167.813872635,1.0,0.0,
19420.0,1267643.97316685,173935.486566156,3.0,72118.55907401936,11.186066697556086
19421.0,1274198.32850157,237794.39427954,1.0,0.0,
19426.0,1280068.30201158,205110.61453408,1.0,0.0,
19427.0,1253953.46544082,247825.08094582,2.0,46592.0,10.749184131556358
19431.0,1273103.13054845,210083.711819172,2.0,10563.52746600204,9.265162541822301
19432.0,1285194.38886482,196767.68927753,1.0,0.0,
19436.0,1262945.50647403,254596.167800754,3.0,25012.152884222985,10.127117101103458
19443.0,1257468.07094844,259233.252669498,3.0,1419.9194221726395,7.258355404036405
19446.0,1262919.63223401,170552.776162684,1.0,0.0,
19447.0,1274613.71678999,243681.038381577,3.0,1067450.9791547635,13.880784101864009
19448.0,1279943.35865144,205719.617222697,1.0,0.0,
19449.0,1265815.88689297,258912.773949176,1.0,0.0,
19450.0,1262880.58538598,170732.134690866,1.0,0.0,
19451.0,1262629.20170571,170742.319074884,3.0,243951.7238567405,12.404725631653697
19453.0,1279050.17445853,211035.791628137,2.0,46591.99999999999,10.749184131556358
19455.0,1271572.42923488,231609.656353205,4.0,1187377.1174904103,13.987257329528433
19456.0,1272938.87365228,233683.561315328,1.0,0.0,
19457.0,1265911.65380508,207751.874312788,1.0,0.0,
19459.0,1277967.81567343,246972.062256947,3.0,24895.406256656643,10.122438577748381
19460.0,1287134.81773081,191798.630328447,3.0,48834.18534571291,10.79618586597143
19461.0,1287116.04870678,191169.720823795,1.0,0.0,
19464.0,1288966.34195669,203767.301892698,3.0,279493.0,12.540732526540948
19468.0,1269719.36728097,221838.898967206,4.0,989806.4020570336,13.805264649509954
19469.0,1269786.30776104,221848.641751215,4.0,343808.6401232348,12.747840502863603
19470.0,1274487.11397386,195853.96799659697,3.0,240074.675026267,12.388705299871047
19473.0,1269798.20017706,222496.167639881,4.0,365837.6990370557,12.809945068778633
19474.0,1270156.79947342,222488.529559866,4.0,234022.7528115053,12.363173623850098
19475.0,1262417.7766175,212888.447694048,4.0,93183.66666666664,11.44232773495789
19476.0,1262346.58743343,212918.871502072,1.0,0.0,
19477.0,1269528.97464079,223392.178968802,4.0,236293.8735111325,12.372831536098026
19478.0,1270779.03973006,221569.003862932,1.0,0.0,
19479.0,1262380.01648946,212937.710094094,1.0,0.0,
19481.0,1262648.20394574,212877.140302032,3.0,97666.8793068005,11.48931777653146
19482.0,1264248.84605937,212182.591501325,3.0,111879.005379686,11.625173257212793
19483.0,1262627.59274572,212431.565069571,4.0,178633.20197122364,12.093089831441677
19486.0,1269725.60446498,222191.765079573,3.0,684367.0982705072,13.43624974601424
19487.0,1269788.13060905,222190.395287573,4.0,329017.2056669692,12.703865325240164
19488.0,1270150.06622542,222182.419287562,4.0,234910.17926394023,12.366958504165055
19489.0,1269688.50385694,223110.647064507,4.0,244897.88988205415,12.408596626659996
19490.0,1269489.12203275,223368.967768773,3.0,330071.2590718435,12.707063846713059
19491.0,1270142.79889742,221849.42587921,4.0,283709.72115809034,12.55570688583587
19492.0,1269799.57156906,222802.070616186,4.0,510204.927312284,13.14256774225255
19493.0,1270163.60952143,222794.477080181,4.0,522136.2374968448,13.165683824185718
19494.0,1272135.88414745,233491.470179141,1.0,0.0,
19495.0,1262352.96471344,212453.302221596,2.0,42104.02069319947,10.647898518511726
19498.0,1270372.13073765,221844.43010321297,3.0,362626.5356111886,12.80112875612329
19499.0,1270464.82808174,221842.409815207,3.0,279187.7543014536,12.539639788956665
19501.0,1288919.34432463,204057.210116997,3.0,93172.0,11.442202526351245
19502.0,1291437.93472722,204961.441605926,3.0,93172.0,11.442202526351245
19503.0,1269345.23518459,223187.430360585,2.0,16928.497677598058,9.736753733894936
19504.0,1269181.70795242,223586.263576999,2.0,13832.103549745409,9.534747513580434
19505.0,1269793.3389290597,221193.78050254303,7.0,1709490.4466256883,14.351705899643239
19507.0,1288720.72166844,203355.410372272,1.0,0.0,
19508.0,1278601.13330607,245345.15511927,3.0,92638.49915973446,11.436460091895519
19509.0,1267616.98238282,241677.540715516,1.0,0.0,
19510.0,1275016.8353824,219293.791188598,2.0,642561.5442410903,13.373217879866154
19514.0,1282076.83730963,194164.063866869,3.0,438313.6746228304,12.990690085150948
19515.0,1274870.52101426,219792.434581116,3.0,1168159.9361369554,13.970940364620136
19516.0,1284470.74297608,195244.95609197,3.0,149273.99528328446,11.913538790749664
19519.0,1265887.47537306,217812.739347085,1.0,0.0,
19520.0,1288567.54515627,186749.424499273,1.0,0.0,
19521.0,1265824.95351699,211945.442061082,6.0,1075452.9151913018,13.888252447272068
19522.0,1271019.87288231,219646.501460955,2.0,236568.63629834945,12.373993661715685
19527.0,1270556.08088183,215075.04603228,2.0,503899.1715460172,13.130131470583228
19530.0,1278580.45324205,211696.593164816,3.0,430340.72283942887,12.972332552599829
19531.0,1278587.13010606,211187.640396297,3.0,344426.9053419752,12.749637170847778
19532.0,1259132.47773413,256430.809786633,1.0,0.0,
19533.0,1280174.09772368,203322.437316239,1.0,0.0,
19534.0,1280173.41561168,203301.84973222003,3.0,54716.7492299438,10.909925143184228
19536.0,1271406.69854671,218910.082964212,4.0,871807.1054891049,13.678323469119245
19538.0,1278107.19077757,247853.200945839,2.0,283007.3196961778,12.553228040941695
19544.0,1278574.15013805,211075.233164191,2.0,169250.80240804172,12.039136931726603
19553.0,1286551.06457821,169096.495905191,3.0,1240971.359975026,14.031404985737543
19554.0,1286659.87801832,169575.32860969,3.0,1105125.956759246,13.915469874455267
19555.0,1286892.64921856,170681.287074819,3.0,20703.02216202949,9.93803496676244
19556.0,1279589.17957908,194681.259707391,2.0,95996.1517219697,11.472063383417016
19557.0,1279592.47813909,194474.68530719,3.0,86469.16322316445,11.367543134830798
19559.0,1271425.09617873,221573.334550932,3.0,417427.3821327917,12.941865873133322
19560.0,1259274.91280629,256894.86463511,2.0,38882.58876050699,10.568301839704176
19566.0,1271293.74865858,231614.582177222,1.0,0.0,
19570.0,1271335.12158664,227723.942621231,4.0,322240.01998111047,12.683051950519255
19571.0,1278717.43884219,211052.889356166,3.0,93182.0,11.442309848973883
19572.0,1278730.2721862,210771.541195869,1.0,0.0,
19577.0,1267293.87607849,241780.191083625,4.0,1086907.8526648786,13.89884739035256
19583.0,1278726.6025542,211029.85857214,1.0,0.0,
19584.0,1264393.61943552,248505.213746518,1.0,0.0,
19587.0,1287271.67078695,187448.054387987,1.0,0.0,
19594.0,1280605.19231613,231376.63843298,2.0,83263.56974622724,11.329766394514323
19595.0,1270313.1652975802,222178.879575551,3.0,54336.368101953296,10.902949044198154
19602.0,1272686.71602002,181111.592941508,3.0,65765.71100677918,11.093853872169294
19604.0,1259276.19459829,256975.364795193,3.0,47051.52113995394,10.758998474776863
19605.0,1259226.09040622,256976.149883181,1.0,0.0,
19606.0,1276186.0551596,177123.439209417,3.0,208047.05805835457,12.245519573760062
19609.0,1281433.95673297,223834.61672924497,3.0,524604.0826192544,13.170399128731663
19612.0,1272806.00875613,237754.838247508,4.0,112556.63702846805,11.631211814196133
19613.0,1286854.49869052,203805.139780745,1.0,0.0,
19614.0,1280398.88530791,210522.495755613,1.0,0.0,
19617.0,1281336.03602888,223019.691544414,1.0,0.0,
19620.0,1276487.46955991,208175.015881211,1.0,0.0,
19623.0,1281661.9342692,222869.87426425505,3.0,1322455.605453784,14.095000873496168
19624.0,1281425.75532496,223290.756312698,1.0,0.0,
19625.0,1280053.86994755,203329.098372251,1.0,0.0,
19626.0,1270186.53796946,170643.85533078,3.0,186350.0,12.135381904907405
19627.0,1270179.93956944,170374.241698503,3.0,93182.0,11.442309848973883
19628.0,1269501.02852875,218981.991316274,4.0,264583.26887911727,12.485911296914413
19629.0,1269241.4276324797,229103.523550645,3.0,9775.764128111276,9.187661553472108
19630.0,1285806.28102545,174586.67357482,3.0,408432.9142623947,12.920082955224002
19634.0,1286462.30989012,181419.088045821,2.0,46592.0,10.749184131556358
19635.0,1286997.05421066,180577.719980955,1.0,0.0,
19636.0,1269313.20145656,219107.609492406,5.0,385357.27374983614,12.861926166724988
19637.0,1255121.47395402,258996.978877261,1.0,0.0,
19641.0,1293080.9655769,189084.71250166,1.0,0.0,
19642.0,1293061.58112888,189082.71877366296,3.0,206350.9162223027,12.237333475308029
19643.0,1293052.45447287,189046.212277621,4.0,132894.9501730246,11.797314246786232
19644.0,1275398.43864679,219027.58965233,3.0,46654.33131313132,10.750521048977934
19645.0,1275413.33259881,218869.511188164,1.0,0.0,
19646.0,1269511.95172876,218191.381651476,2.0,13318.39619665735,9.496901531188682
19651.0,1269796.20670505,221490.895702854,3.0,176474.42650120662,12.08093125251314
19652.0,1269980.57214524,221188.65288654,3.0,114383.1216374714,11.647308808909022
19659.0,1281479.30079702,222846.252248242,1.0,0.0,
19660.0,1269731.10648099,222497.524631888,3.0,564537.155577802,13.243761480738478
19662.0,1293261.29888909,189235.845749825,2.0,230221.5645659451,12.346797448406107
19663.0,1293484.00218531,189038.620725617,2.0,212678.7264324243,12.267537979413513
19664.0,1276558.56427997,179349.6548917,3.0,134048.30141160745,11.805955472279143
19671.0,1269732.15825699,222802.344216198,3.0,486114.781295957,13.094200050503671
19673.0,1278782.84850626,234501.917924166,2.0,198030.89461094097,12.19617833089332
19674.0,1278879.21970636,234458.857636124,2.0,240389.4097524088,12.390015428062233
19675.0,1273483.78398883,191381.593720019,3.0,693242.5061797573,13.449135153725777
19676.0,1273249.33726859,191338.087927967,3.0,186350.0,12.135381904907405
19677.0,1273159.0979725,191171.584631801,3.0,93182.0,11.442309848973883
19678.0,1286297.31936195,174714.128358945,1.0,0.0,
19679.0,1273570.49381292,190326.958390936,4.0,86183.84788695816,11.364238059592406
19680.0,1272654.73022798,191178.798519805,1.0,0.0,
19681.0,1272797.08158813,191331.427191973,1.0,0.0,
19682.0,1276801.72844023,219296.805268601,1.0,0.0,
19683.0,1273584.55640493,190645.115255266,4.0,260312.71501784225,12.469638937341871
19684.0,1273597.57707694,190964.906935588,3.0,377390.3239944344,12.841035272993409
19691.0,1282000.96870156,224159.698137581,2.0,54616.71567188729,10.908095262716074
19699.0,1286945.97753862,189202.074485779,1.0,0.0,
19703.0,1275213.22245461,176468.175720751,1.0,0.0,
19705.0,1270816.41035409,215059.351504266,1.0,0.0,
19706.0,1271047.77835433,215054.754064262,3.0,47933.13856861141,10.777562372350953
19707.0,1270238.0821615,215049.332176253,2.0,46591.99999999999,10.749184131556358
19708.0,1277821.61880927,255596.23858577,3.0,46600.0,10.749355820113736
19709.0,1277824.06104928,255706.754105881,3.0,93182.0,11.442309848973883
19711.0,1284625.75609624,208427.285385475,2.0,3686.232918495568,8.212360326275567
19712.0,1284623.60716824,208277.259401321,2.0,26621.811738896165,10.189486148945576
19713.0,1277842.25164129,255833.280442014,3.0,186334.0,12.135296041280258
19714.0,1270398.59889767,170638.743522778,1.0,0.0,
19715.0,1270542.53886582,215100.045968309,2.0,129099.956355579,11.768342238767898
19717.0,1281370.47852491,189433.893238023,2.0,602489.4492443354,13.308825432565957
19718.0,1284477.17145608,208242.112841278,3.0,101873.1415360835,11.531483607786175
19719.0,1279371.17509887,190614.289847225,2.0,447595.7225621589,13.011645698989435
19720.0,1284623.11142424,208240.24602527905,3.0,71521.26010629997,11.177750028628147
19721.0,1273234.43902858,222547.357847929,1.0,0.0,
19724.0,1277963.60735342,255833.337850019,3.0,372632.0,12.828346616446327
19725.0,1277990.70079345,255925.488954112,3.0,512880.49168385984,13.147798137333
19726.0,1284480.0536321,208258.234185293,1.0,0.0,
19727.0,1270247.09227352,215046.929616258,1.0,0.0,
19728.0,1275830.74712723,177119.485801414,3.0,297391.0930411724,12.602803363135262
19730.0,1277942.9965374,255467.795641646,2.0,93162.0,11.442095192209225
19731.0,1270238.80356951,215104.89736031,2.0,138375.93943777416,11.837729459059432
19732.0,1277828.84191328,255469.533497646,2.0,46586.0,10.7490553457913
19734.0,1266162.96465333,242475.961388335,3.0,100674.49244034472,11.519647744140963
19735.0,1277824.68901728,255588.142521769,1.0,0.0,
19736.0,1270240.03192151,215141.752592355,1.0,0.0,
19740.0,1275829.56504723,176932.758441225,1.0,0.0,
19743.0,1280600.02073212,217659.004754931,1.0,0.0,
19745.0,1273075.52760442,178470.337066799,1.0,0.0,
19746.0,1272500.30795582,254750.357432902,3.0,1351461.9008655443,14.116697454042718
19747.0,1272302.85592362,255022.46578519,3.0,1324845.144066801,14.096806138169933
19748.0,1261296.84938435,257746.924283981,3.0,576681.3484221715,13.265045137173386
19749.0,1276392.52127181,179347.556139693,1.0,0.0,
19750.0,1285954.4768656,174582.942950815,1.0,0.0,
19751.0,1272643.88145997,242685.387436554,4.0,190486.54865389407,12.157336860315123
19752.0,1271448.29201874,255427.1926976,1.0,0.0,
19756.0,1283731.29529533,177839.147050157,1.0,0.0,
19759.0,1271013.71480229,245543.282031476,1.0,0.0,
19760.0,1276189.8074156,177399.236521706,1.0,0.0,
19770.0,1278239.3256257,243611.851501495,3.0,93182.0,11.442309848973883
19771.0,1278005.42322546,244365.156078279,1.0,0.0,
19772.0,1279446.07193093,224681.88111411,3.0,238142.8906078126,12.380626153202316
19778.0,1253401.18665627,248189.344306186,2.0,521.2671356935155,6.25626264680483
19779.0,1278451.76223391,230328.68451190004,3.0,54423.371876180645,10.904548970656307
19780.0,1280208.07404372,209304.258698374,4.0,100189.17869768255,11.514815464771686
19781.0,1278467.95512994,230327.210079893,1.0,0.0,
19782.0,1281399.19366093,229368.660510913,1.0,0.0,
19783.0,1281415.41215695,229370.33404691503,3.0,52070.58171818139,10.860355417943616
19784.0,1272862.35710819,210085.83226716504,3.0,67586.96927392652,11.121170481230008
19785.0,1281968.15711752,185129.84177762305,3.0,93237.00332355722,11.442899953246224
19786.0,1282331.83679789,185120.809009612,1.0,0.0,
19787.0,1281977.43954954,184661.790577143,4.0,378371.2222500316,12.843631062131546
19788.0,1281915.64537346,184596.451825067,4.0,1236383.2759405188,14.027700962733636
19789.0,1287014.64211468,196077.130620822,1.0,0.0,
19791.0,1280402.88959591,209274.230538338,3.0,80390.13781613248,11.294646783664765
19793.0,1277968.45023343,224574.953178003,1.0,0.0,
19796.0,1279086.02969056,229860.803871423,2.0,2146.184395038732,7.671446844494052
19797.0,1270034.19544131,170375.61443451,1.0,0.0,
19800.0,1278773.11589825,230281.49199985,2.0,28320.39082520842,10.25133734803759
19805.0,1281968.63250951,185313.820785806,3.0,46646.90476190476,10.750361853847094
19806.0,1269471.79102473,227190.506716684,1.0,0.0,
19807.0,1270472.11281775,222175.432087556,4.0,101376.69980318588,11.526598558756163
19808.0,1282298.47039786,184326.099952787,1.0,0.0,
19809.0,1264778.76695591,245010.892334938,4.0,325917.39291279326,12.694399232265633
19810.0,1276283.0917037,205360.210438326,2.0,784883.4562556864,13.573290522374217
19812.0,1270364.72952163,230470.93187204,1.0,0.0,
19813.0,1281981.69318153,185751.978674248,1.0,0.0,
19814.0,1253363.11324823,248269.880562276,2.0,20486.414113718736,9.927517219266383
19815.0,1253332.42569619,248352.330866352,2.0,66559.14697802525,11.10584625957801
19816.0,1281125.93830065,229084.634142622,1.0,0.0,
19817.0,1281883.11724544,184565.259953037,3.0,571915.3087025853,13.256746197690951
19818.0,1278915.75506639,230082.342111647,1.0,0.0,
19820.0,1257696.12067667,257759.268411994,3.0,77783.13920424455,11.26167996693958
19821.0,1270414.86033769,170369.572130501,1.0,0.0,
19823.0,1273238.01938058,221944.618903309,3.0,1698340.538189564,14.345162178271705
19828.0,1266946.05463813,212130.093581259,4.0,1388571.336983055,14.143785961422601
19834.0,1297831.96660577,179789.800300151,4.0,151738.3684325623,11.929913056445715
19835.0,1297841.34810977,180260.210476637,3.0,99558.89142315948,11.508504621658181
19841.0,1296858.00922877,182162.924526572,4.0,512354.0,13.14677107136046
19842.0,1296833.19956474,182171.43038258,1.0,0.0,
19845.0,1296845.20378876,181592.879085988,3.0,279496.0,12.540743260204758
19852.0,1296607.09338851,182168.637102589,3.0,93182.0,11.442309848973883
19853.0,1295726.67911561,182188.7246546,3.0,732112.8756998245,13.503689982831293
19854.0,1296023.20481192,181850.405806258,1.0,0.0,
19856.0,1296833.10734074,181224.154733613,3.0,93176.0,11.442245456782487
19857.0,1296186.50561208,179871.624620229,3.0,93182.0,11.442309848973883
19858.0,1296404.98452431,180782.53092517,1.0,0.0,
19859.0,1295687.42132357,180186.654508561,2.0,139764.0,11.847710564890653
19860.0,1296728.93991664,179863.846444219,1.0,0.0,
19862.0,1296491.55783638,181428.44798182,3.0,46596.0,10.749269979519667
19863.0,1296387.13972428,181846.370990247,3.0,93176.0,11.442245456782487
19864.0,1296197.9173881,180595.88759698,3.0,93182.0,11.442309848973883
19865.0,1296216.05806011,180731.90474911,1.0,0.0,
19866.0,1295700.09780358,180614.652972996,3.0,282480.26651275606,12.551363974076605
19867.0,1295697.70541959,180533.884780914,3.0,513460.216538221,13.148927830253433
19868.0,1295714.2135796,181091.20484547305,3.0,53192.40896942552,10.881670976604124
19869.0,1296076.71028396,180601.004396975,2.0,139764.0,11.847710564890653
19870.0,1296259.71348415,180351.750316724,1.0,0.0,
19871.0,1295717.1555316,181190.532781586,3.0,1693579.239700494,14.342354740638676
19872.0,1296422.14164431,181329.378605723,1.0,0.0,
19873.0,1297704.66798164,178145.825258464,3.0,1067690.8279459886,13.881008769650887
19875.0,1273876.52005324,198864.867839679,1.0,0.0,
19876.0,1297924.06119786,178202.912426516,1.0,0.0,
19879.0,1296054.40877995,181081.698989466,1.0,0.0,
19882.0,1297095.35521302,181158.592557549,3.0,1348373.8659827765,14.114409880652273
19883.0,1297366.06298928,181156.477677554,4.0,750189.8478127691,13.52808158389742
19884.0,1297630.42567755,181145.903277531,5.0,143299.3375700114,11.872690991125966
19885.0,1297678.4573576,182356.869358778,1.0,0.0,
19905.0,1270737.41707402,231770.313505381,3.0,106957.95436082524,11.580191086320172
19909.0,1297851.87470178,180822.259245202,4.0,137212.73189062584,11.829287788005082
19911.0,1297865.1801098,181135.328813523,2.0,37859.90414575698,10.541647892952316
19914.0,1297365.80577329,181639.730030045,3.0,96528.32926041202,11.47759181170999
19917.0,1297073.30670099,180163.774956524,3.0,741594.9126105263,13.516558433192085
19918.0,1297474.7147014,181908.105134323,1.0,0.0,
19919.0,1297249.81550117,181873.943150282,3.0,50482.37790739312,10.829379602036571
19931.0,1263803.00740291,212382.453005522,3.0,362031.5375577326,12.79948660733838
19932.0,1263743.23914686,212247.17402938,5.0,534843.7307057299,13.189729891072103
19935.0,1279422.79013892,177640.457513943,3.0,122900.92734305198,11.719133841034626
19936.0,1297341.94887726,180170.663084537,3.0,1579432.344072498,14.272576064544618
19939.0,1297957.69306989,179232.66071558,4.0,781132.4002544306,13.568499941027993
19943.0,1273302.95493264,191165.923895791,1.0,0.0,
19946.0,1279300.20377079,203352.59405227,1.0,0.0,
19952.0,1279006.03999448,244319.283438221,4.0,751493.0320790099,13.529817216114894
19953.0,1279142.39173862,244437.565038353,3.0,629673.7494154859,13.352957106162258
19955.0,1279422.14188291,244580.679598495,3.0,307333.6795465188,12.635689340377098
19956.0,1278718.30367419,243825.718509719,3.0,948910.4804500116,13.763069742742264
19957.0,1269817.63774508,205487.186566457,4.0,64238.76907445428,11.070362187080498
19962.0,1280410.62380393,198356.699519157,2.0,56890.20392849519,10.948878442348835
19965.0,1269806.67320107,204931.878021896,4.0,150012.23731880207,11.918472151876099
19966.0,1269828.46289709,206033.648455024,3.0,74455.35009001085,11.217954897048182
19967.0,1269822.98584108,205757.152902737,4.0,153825.90942686927,11.943576783678777
19970.0,1269812.71032107,205226.952198192,4.0,70641.54326460813,11.165373681933428
19973.0,1290144.6158139,190050.281782657,1.0,0.0,
19975.0,1269541.8413928,205234.438406199,2.0,7036.181567793275,8.858820911066458
19979.0,1276401.49240781,242400.062892258,3.0,345769.4971042792,12.75352763869424
19980.0,1276162.20216757,242505.16177237,3.0,1044824.960029691,13.859359926987029
19989.0,1276835.38520826,241344.084715173,2.0,3903.5126940515943,8.26963211752165
19990.0,1276396.54194382,242060.128235906,2.0,30878.36264004744,10.337810979418402
19991.0,1277777.87973723,241077.243050903,3.0,605752.3583811965,13.314226531995496
19992.0,1277991.36453745,241459.794795305,4.0,64863.77935857912,11.080044647645348
19994.0,1264788.20855592,245010.926126927,1.0,0.0,
19997.0,1276947.58514437,241321.117867157,3.0,66289.19967580073,11.10178226208669
20000.0,1275099.50808649,180972.212333351,3.0,12932.734905249215,9.467516965660066
20001.0,1275942.08223134,180507.090860888,3.0,92514.11085549174,11.435116461655081
20002.0,1275844.32485525,179494.63652384296,3.0,27853.597131796683,10.234717397941148
20003.0,1275849.23922326,179432.30890777698,3.0,76414.505578901,11.243927820730981
20004.0,1275861.70213526,179750.047468111,3.0,6287.511658271452,8.746320668604518
20005.0,1275871.73067927,179097.537899435,3.0,493631.9190281391,13.109545415260813
20008.0,1271091.37963438,209551.333962619,2.0,328104.5060873422,12.70108745273889
20012.0,1271084.41771437,208946.324681997,2.0,294109.3127497642,12.591706789289866
20018.0,1264192.06666732,168737.008800834,3.0,4822.180846704877,8.480981562539059
20019.0,1263884.94724301,168742.179040834,4.0,455563.9566434396,13.029291395580705
20023.0,1269181.27064042,169135.136289239,3.0,1148227.9844075865,13.953730428834266
20024.0,1269157.4458724,167860.64079994,2.0,862496.326018062,13.667586168189375
20025.0,1273399.15486874,222263.255703643,1.0,0.0,
20028.0,1265530.84945269,168715.801824808,1.0,0.0,
20029.0,1265187.13194834,168721.682336807,3.0,239245.83088441365,12.385246883392893
20030.0,1262266.30250534,178254.36701858,4.0,139770.0,11.847753493478953
20032.0,1278904.09004238,179767.78199613103,3.0,112396.4574860724,11.62978769891723
20034.0,1279368.86476286,177769.525482073,4.0,222000.8357049031,12.310436425283832
20037.0,1297023.47642894,180028.866476387,1.0,0.0,
20056.0,1290228.38010198,189471.086070061,2.0,495.4984600457183,6.205564245885735
20058.0,1281619.40454116,221012.51119035497,3.0,28338.806860222678,10.25198741144883
20061.0,1290303.34189406,189382.492405966,2.0,1438.4340448965984,7.271310332024995
20063.0,1288816.51187654,191190.85266383,3.0,424789.2108854553,12.95934835048341
20065.0,1289189.95629291,190698.67416732,3.0,42258.69398547911,10.651565386420828
20070.0,1262922.52823402,253527.616439655,3.0,24136.54326670935,10.09148228914994
20071.0,1289215.80832493,190718.659383342,2.0,6336.481706997971,8.754078957592673
20072.0,1289280.269765,190592.042807207,2.0,9056.627961939275,9.111252140125847
20077.0,1264882.72542003,242753.157036617,2.0,119.91434969406052,4.786777735389929
20079.0,1264757.6206519,242334.585004196,3.0,95697.58393694246,11.468948330904407
20088.0,1278764.04242624,180536.990444914,3.0,441978.3047755807,12.999016075637023
20090.0,1295678.29473156,179878.53994824,3.0,1421575.3211513169,14.167276195761453
20094.0,1297128.19866905,182082.64971049095,3.0,1306498.8608170254,14.082861492007503
20095.0,1297634.70023756,181668.86052607,1.0,0.0,
20096.0,1296794.3318527,180222.325036585,1.0,0.0,
20097.0,1297614.18094154,180827.10961321,3.0,154135.99093052337,11.945590549719853
20098.0,1297631.85678156,182886.532015324,1.0,0.0,
20099.0,1297622.07002954,183117.724783555,2.0,46592.0,10.749184131556358
20103.0,1297201.85172512,179406.99959576098,3.0,1389709.8779180464,14.144605562399363
20106.0,1296593.19444449,182015.365422428,1.0,0.0,
20112.0,1270751.67953803,231769.85155338,1.0,0.0,
20113.0,1274686.82258207,197211.444605991,2.0,1444233.945598147,14.183089597499434
20129.0,1283133.66067071,211177.589900285,2.0,2158.320550573113,7.677085675367703
20132.0,1258651.33232564,259748.079742029,1.0,0.0,
20133.0,1277895.43724135,248835.626482844,2.0,337781.1867886577,12.730153588461677
20134.0,1259968.29034299,259594.845757872,2.0,63233.12436406179,11.054583562516722
20135.0,1281810.17516536,211218.159692332,3.0,398518.3558272396,12.895508838453303
20167.0,1268308.09713553,180504.328428879,3.0,48512.3353194264,10.789573381070554
20172.0,1268498.42814372,179842.830060199,3.0,144632.48771494033,11.881951236465659
20173.0,1268372.9562716,179844.163052201,3.0,73196.25606899291,11.200899552042914
20174.0,1275186.82879058,181726.813806131,3.0,781085.7226568343,13.56844018292261
20175.0,1275973.01522338,181726.928366125,4.0,660094.1019855764,13.400137682605248
20177.0,1277307.33541675,182371.680302799,3.0,402695.9770722492,12.905937156902011
20180.0,1261022.31415208,187189.860019729,4.0,1148947.9906861517,13.954357290955366
20183.0,1277339.42360878,183913.564400375,3.0,568513.6969085318,13.250780684949394
20184.0,1277722.76959316,183852.244976312,3.0,596190.0380430338,13.298314751000689
20185.0,1260562.5585036,186321.65733084097,3.0,316314.7981254327,12.664493193293985
20186.0,1260107.61386314,186577.257203102,3.0,173211.13289390266,12.062266550723173
20189.0,1267433.57591863,179854.250988215,4.0,64236.333012069386,11.070324264364801
20190.0,1277433.59762487,184130.163696587,3.0,554312.8778005948,13.225484567684651
20191.0,1277989.65356144,183903.452528358,3.0,201999.94999917972,12.216022728854497
20194.0,1273390.54827674,183073.926639512,4.0,248165.27874083188,12.421850249705857
20195.0,1274041.8842774,183056.626799494,4.0,262455.3939559933,12.477836418787762
20196.0,1277926.71276139,183632.35659208905,3.0,549365.4508144055,13.216519165362717
20197.0,1278024.40940148,183268.743471712,4.0,502819.5112197652,13.127986560076128
20198.0,1274075.93669343,184376.662512839,4.0,54738.4340578425,10.910321375277237
20199.0,1274722.69688609,184354.954928815,3.0,50516.030189825135,10.830045994394855
20200.0,1261642.83946471,186513.906291038,4.0,654481.3989401028,13.391598443668645
20203.0,1263229.92522633,184827.03070530304,3.0,126846.27935976617,11.75073123357453
20204.0,1276998.96658443,183024.395247459,4.0,377567.6083581138,12.841504926624005
20205.0,1276977.91480841,182499.697134927,1.0,0.0,
20212.0,1265430.68919659,181193.73943758,3.0,1107350.8977812745,13.91748114229519
20213.0,1261550.63754462,183858.456240311,4.0,365985.2080114923,12.810348196297637
20214.0,1261289.23127234,183596.603376046,3.0,442524.6007816407,13.000251336871536
20217.0,1266412.19575758,181196.845421582,3.0,63134.59870989362,11.05302421378849
20218.0,1266412.1954376,180938.616941318,1.0,0.0,
20219.0,1261326.35818438,187068.628595605,1.0,0.0,
20220.0,1261319.50256838,186523.750451043,3.0,61445.63028568668,11.02590800238741
20221.0,1267774.39844698,180513.045932889,3.0,125475.6405004316,11.739866919116055
20222.0,1267444.19467065,180518.361516893,3.0,74425.23791398431,11.217550382573316
20232.0,1276693.06002411,184270.831088737,3.0,224080.2523069076,12.319759535901348
20233.0,1276668.76517609,183026.673135459,4.0,472856.26939426776,13.066546751093771
20238.0,1260668.53597571,186319.44408284096,3.0,157007.1239517165,11.96404645878965
20244.0,1274690.27602206,183046.308911487,4.0,336710.7478162701,12.726979525685943
20245.0,1275389.47410278,183035.266927466,3.0,658217.5561006359,13.397290788032404
20246.0,1276976.23634441,182373.30500678704,3.0,59591.23586959789,10.995263793072832
20247.0,1276963.29772039,181726.948014125,3.0,43503.94944047706,10.680607004690561
20250.0,1260655.27549569,185880.102450386,4.0,248934.78777816295,12.424946244672734
20251.0,1260339.36144736,185887.503346398,3.0,145645.8636895232,11.888933363010915
20252.0,1261103.42391215,185869.604466379,3.0,80446.90144096881,11.295352636339688
20253.0,1260835.25610387,185875.887218386,4.0,492696.9883112263,13.107649635891546
20256.0,1260998.99696805,186530.707763046,3.0,599312.9349613367,13.303539169662942
20257.0,1262891.34487398,184502.69342497,4.0,510379.42514365097,13.142909698961269
20258.0,1262585.85008967,184510.377840981,3.0,100050.18581514157,11.513427197232959
20259.0,1267440.05591865,180186.08298856,3.0,2160.48492850544,7.6780879794186765
20266.0,1274878.11090226,185342.840369835,3.0,351389.3967991011,12.769650280116826
20267.0,1275283.77643867,184347.646192819,4.0,882746.7192004767,13.690793597216722
20268.0,1278111.40696956,182690.821423113,4.0,286145.37504029047,12.564255264995781
20269.0,1278187.95109765,182463.194606885,3.0,73670.30477652769,11.207355076719038
20270.0,1261363.35383242,185863.515506372,3.0,195434.17086181272,12.182978879769536
20276.0,1262289.88349737,185840.071666345,4.0,593018.8187510391,13.29298141230101
20277.0,1261623.25584869,185857.430578366,4.0,784927.0661170089,13.573346083043115
20278.0,1260870.76656792,186314.566130832,3.0,556611.0099765958,13.229621908648316
20279.0,1266643.93412583,181196.972077593,3.0,134783.49084086603,11.811424998453168
20280.0,1266604.56510179,181196.950381592,3.0,55829.33135456448,10.930054661778533
20281.0,1268124.11127934,181517.106221914,3.0,240401.7963580131,12.390066953986373
20282.0,1266802.79338999,181547.96612595,2.0,47518.65041035737,10.768877553177783
20283.0,1271996.42904331,185755.794930264,1.0,0.0,
20284.0,1272159.61112347,185751.016434252,4.0,1583183.976426267,14.274948552215148
20285.0,1266602.31153378,180529.31095691,3.0,66332.87059962354,11.102440839129116
20286.0,1266597.86794978,180349.712236717,1.0,0.0,
20290.0,1265425.71383658,180779.606061161,3.0,123683.59390187776,11.725481921467294
20291.0,1265107.89322825,180784.761581168,1.0,0.0,
20293.0,1277024.05772045,184259.94622471897,3.0,477632.6452577284,13.076597191441776
20296.0,1262902.740842,184837.041201323,3.0,585884.0298239198,13.28087714764973
20297.0,1275990.7215274,182378.306286797,3.0,536280.2655933525,13.192412186966648
20298.0,1263497.1901226,184805.308657289,3.0,148252.35217525155,11.906671183008989
20300.0,1266771.01233396,179861.934060216,4.0,47229.17934426576,10.762767187009068
20301.0,1265791.74558096,179869.094124228,4.0,915067.0382660629,13.726752607438396
20302.0,1266777.44010997,180193.28279656204,3.0,12361.399408721138,9.422333945373012
20305.0,1266610.8151498,181530.838829935,1.0,0.0,
20307.0,1276317.08965573,182376.644526795,4.0,205396.31570388484,12.23269663913892
20309.0,1266789.49162997,180844.466861233,3.0,235905.1518760919,12.371185104394648
20310.0,1266783.68388598,180528.79620491,4.0,167163.65640324974,12.026728589996052
20312.0,1263179.70909828,184495.496304974,1.0,0.0,
20313.0,1272775.9950601,184428.825520903,4.0,405099.0919756747,12.911886987706351
20314.0,1272738.91115607,183091.138543531,4.0,281954.8303692456,12.549502161095123
20315.0,1273101.19288445,184416.559088886,3.0,73597.71258514536,11.206369225227828
20316.0,1273425.37106077,184402.80555287,4.0,61133.592631922525,11.020816791652846
20317.0,1276005.95416741,183031.18718347,4.0,740812.9228655937,13.515503406634947
20319.0,1264804.20061994,181858.07339026,3.0,839662.3695691084,13.640755149030408
20320.0,1264741.10890788,181857.823406264,1.0,0.0,
20321.0,1263870.76317899,185801.918898299,3.0,722537.8604443035,13.490525099594823
20324.0,1268308.09649552,180293.759276658,1.0,0.0,
20325.0,1271691.39121899,183113.036463544,2.0,46592.00000000001,10.749184131556358
20332.0,1260592.53123963,187199.547955737,2.0,359965.7812143684,12.793764253732238
20336.0,1266796.09066999,181197.054701582,4.0,494253.9409569655,13.110804714611525
20337.0,1278526.184634,183257.650991693,1.0,0.0,
20340.0,1267036.31134222,180839.903853223,1.0,0.0,
20341.0,1260628.88483967,185004.991345495,4.0,170140.631612503,12.044380618833452
20342.0,1260622.25296766,184785.802161261,1.0,0.0,
20345.0,1272124.62200344,184450.673520923,4.0,570337.8458003952,13.253984176156912
20346.0,1260312.97603935,185013.6691695,3.0,46603.99999999999,10.749441653339831
20349.0,1276649.34559207,182374.886382788,4.0,502519.1959190311,13.127389119019627
20352.0,1263590.76932269,185808.704946309,3.0,142666.86494758722,11.868267575714395
20355.0,1277320.85900076,183022.064175457,3.0,465001.6853142743,13.049796308894699
20359.0,1262249.22180133,184862.98276934,3.0,88684.6939022614,11.392842593117255
20360.0,1262237.61424932,184520.647472993,3.0,48730.47019359474,10.794059784746361
20364.0,1267762.62283097,179850.736876205,4.0,120578.1000265404,11.7000529549657
20367.0,1267278.49425447,180520.975340903,3.0,50074.48863409246,10.821266948481725
20368.0,1262594.08298568,184841.672433317,1.0,0.0,
20369.0,1275529.55551092,183034.33547146604,3.0,687749.158936479,13.44117945586565
20374.0,1260822.81949587,184137.237168595,3.0,93182.0,11.442309848973883
20375.0,1260586.27664763,184369.001456842,1.0,0.0,
20379.0,1259659.76637468,184575.089649051,1.0,0.0,
20380.0,1276244.39723966,186542.442995057,1.0,0.0,
20381.0,1276582.890296,186532.642483056,3.0,72423.59643252684,11.190287442850549
20382.0,1268438.34065567,181612.850798011,2.0,156346.268053745,11.959828493421357
20383.0,1265688.48100485,180531.904172912,3.0,941076.6974094078,13.754779921525984
20388.0,1276364.34219979,184335.178352803,3.0,347824.0262709441,12.759451959226375
20389.0,1276334.75794375,183028.937519461,3.0,276384.20192117203,12.529547212661733
20392.0,1263152.70033026,181879.031726286,3.0,1024464.4524339646,13.839680548581292
20393.0,1263384.41937049,181652.961966053,3.0,46592.0,10.749184131556358
20396.0,1266816.70187001,181453.862253845,1.0,0.0,
20398.0,1268326.72702356,181164.315629557,3.0,437019.3724579097,12.987732803662455
20399.0,1260313.86410335,185102.782449588,1.0,0.0,
20400.0,1273108.29918845,184817.543537304,1.0,0.0,
20402.0,1263708.50692283,184596.245745063,4.0,278567.3331019976,12.537415079691408
20409.0,1262933.21489003,185824.799090326,4.0,1378632.9029752987,14.136602916097447
20415.0,1263832.92599495,184543.207153022,1.0,0.0,
20416.0,1264793.05693993,181194.98814158104,3.0,1518076.8022885104,14.232954830050817
20417.0,1264416.94218755,181195.615725592,3.0,1476315.074758135,14.205059726645372
20424.0,1265110.26954825,181194.367085591,3.0,905311.8022541336,13.716034696221737
20425.0,1265108.15934025,180879.095725268,1.0,0.0,
20428.0,1278480.31762595,182416.505070835,1.0,0.0,
20430.0,1262236.26647331,183687.91230413303,3.0,123436.74774513564,11.723484139842386
20431.0,1262122.17872919,183574.40689602503,3.0,80185.87330038333,11.292102634952796
20433.0,1262370.37968946,183821.484528273,3.0,185579.6726235457,12.131239570833761
20436.0,1267288.41975848,181062.384045452,1.0,0.0,
20438.0,1261932.460329,182849.816495284,4.0,772169.0430956963,13.556958772777516
20439.0,1261739.7110168,182764.317359194,3.0,93182.0,11.442309848973883
20442.0,1273354.6703887,181746.713390157,4.0,383087.2407747941,12.856018024926055
20443.0,1260344.95658338,186015.604146525,3.0,85948.99658343046,11.361509336320864
20446.0,1262321.57303341,183542.394863993,1.0,0.0,
20447.0,1260332.13443936,186836.072627366,1.0,0.0,
20449.0,1265434.55370858,179871.249644235,2.0,28800.3818751342,10.268143925589401
20452.0,1262256.83204134,185087.437041566,4.0,228252.6939022619,12.338208600807116
20456.0,1278211.86015368,182410.844974831,3.0,70944.83356443293,11.169657861958436
20457.0,1260378.05098341,186056.21662657,1.0,0.0,
20458.0,1277374.32408881,185561.38526605105,3.0,308648.3546309707,12.63995789695078
20459.0,1277704.54424915,185556.958706051,2.0,84939.27255358054,11.349691839592074
20461.0,1260808.81751186,185000.048753485,3.0,358355.255615343,12.789280107465887
20463.0,1275605.67608701,184998.171121478,3.0,50807.19533304383,10.835793263950766
20464.0,1276048.39595945,184989.614065468,1.0,0.0,
20465.0,1266642.28062183,180919.862381309,1.0,0.0,
20466.0,1276751.84863217,187170.131059706,3.0,210697.226402396,12.258177435977094
20467.0,1277233.36312868,187159.705843702,1.0,0.0,
20469.0,1264416.80669954,180943.054253325,1.0,0.0,
20471.0,1263607.02717872,184429.411440894,1.0,0.0,
20472.0,1268498.42878373,180024.570220381,1.0,0.0,
20473.0,1260299.65744732,184586.525937065,3.0,62797.368387496994,11.047668446920575
20474.0,1273056.86130039,182778.933423206,1.0,0.0,
20475.0,1260633.21258368,185148.01432164,1.0,0.0,
20476.0,1271837.23870714,184452.756528929,1.0,0.0,
20478.0,1263519.20420262,181372.042541772,3.0,1143501.3972808162,13.949605514377604
20479.0,1264243.52785137,181163.39108555,2.0,1389593.330796312,14.144521694528137
20482.0,1261761.42391282,182709.562543139,1.0,0.0,
20486.0,1278662.87071413,183867.483760327,1.0,0.0,
20487.0,1278606.02405807,182672.557679102,3.0,93182.0,11.442309848973883
20488.0,1278384.53074585,182008.291630417,3.0,152397.72370085833,11.93424898577706
20489.0,1278038.7309375,182407.082478821,1.0,0.0,
20492.0,1278963.69887444,182232.700974643,1.0,0.0,
20493.0,1279187.39071468,181997.29361440204,3.0,93182.0,11.442309848973883
20494.0,1278646.02988212,182673.331631094,1.0,0.0,
20497.0,1278949.23929043,182001.655470416,1.0,0.0,
20498.0,1279255.16415474,182007.093806416,1.0,0.0,
20501.0,1276310.04997572,182172.321454585,1.0,0.0,
20506.0,1277435.81413688,188034.65720458297,3.0,946345.4697187388,13.760362971345911
20510.0,1276950.76556037,185174.580209658,1.0,0.0,
20511.0,1277366.7296568,185159.143281654,3.0,47235.12698412697,10.762893110547816
20513.0,1277688.58136913,184906.67819339,3.0,46919.06349206351,10.756179342893525
20514.0,1277360.6712248,184904.220529392,4.0,212093.25665286093,12.26478134680295
20515.0,1277370.32216881,185412.41246590004,3.0,131529.27255358052,11.78698471079734
20516.0,1260484.67741552,185476.129521966,2.0,46591.99999999999,10.749184131556358
20517.0,1260483.53437552,185448.70142594,1.0,0.0,
20518.0,1260333.73315936,185717.020402223,3.0,93182.0,11.442309848973883
20519.0,1260071.3895431,185744.486258239,1.0,0.0,
20520.0,1260330.49501537,185561.091570064,1.0,0.0,
20521.0,1277976.27928942,185516.643506005,1.0,0.0,
20522.0,1278024.11480948,185310.285041794,2.0,46591.99999999999,10.749184131556358
20523.0,1276216.63711163,185624.611186117,4.0,452675.2822614544,13.02293033122972
20524.0,1276942.77343237,188256.628532812,3.0,238440.91618875528,12.381876827755416
20525.0,1275696.9186471,185081.564977571,3.0,216451.6721165545,12.285122578026494
20529.0,1276050.53669547,185635.511410132,3.0,179798.06984203376,12.099589665934415
20532.0,1263314.90602642,185368.867249861,1.0,0.0,
20533.0,1262919.55313002,185381.586353868,3.0,568413.1485954997,13.25060380758267
20534.0,1263219.52989832,186045.020402551,1.0,0.0,
20535.0,1263211.26250631,185818.48088231697,3.0,132494.95972770656,11.79429988389399
20536.0,1263727.15031484,185805.583538309,3.0,204470.7552166402,12.228180237963024
20537.0,1263765.32605888,186067.654898584,1.0,0.0,
20538.0,1253880.08924876,248171.777394176,1.0,0.0,
20543.0,1279197.48185068,179770.740012124,1.0,0.0,
20544.0,1263134.22986624,166120.968414158,1.0,0.0,
20546.0,1272128.63608344,243487.26116538,3.0,82809.1743739892,11.324294135853533
20549.0,1275546.92325494,236115.822181821,3.0,186344.0,12.13534970691119
20550.0,1266140.3078853,212737.858445883,2.0,50292.93604507238,10.825619909746031
20551.0,1265143.9525563,212586.140237734,1.0,0.0,
20552.0,1272843.14059618,251487.88920556,5.0,564234.0177483647,13.24322436950834
20558.0,1274661.72159004,191410.553656042,3.0,1293713.6790009462,14.073027461399562
20559.0,1289083.6300848,188073.923828632,3.0,80886.98217774088,11.300808177586301
20568.0,1280950.04729247,223910.160601333,2.0,1979.2785513956155,7.590487689308426
20571.0,1288643.08570035,191421.647800058,1.0,0.0,
20572.0,1285566.85331321,198070.332350865,1.0,0.0,
20573.0,1265274.88081242,255912.089658096,3.0,6913.956544405369,8.84129733530205
20574.0,1265606.22526076,255906.787514091,3.0,37821.65081471791,10.54063699051204
20575.0,1276843.87077627,240132.301033944,1.0,0.0,
20576.0,1276897.46220033,240214.282474026,3.0,93182.0,11.442309848973883
20577.0,1277607.93746506,242821.549612686,2.0,46592.0,10.749184131556358
20578.0,1277394.89656883,243013.444524884,4.0,153634.77823436965,11.942333494863066
20579.0,1272445.59249976,175518.271783769,1.0,0.0,
20580.0,1284151.42867175,193440.200826123,1.0,0.0,
20581.0,1277873.06949733,243419.307565302,3.0,159837.08441323272,11.981910353058064
20582.0,1277757.69535321,243498.379245386,3.0,69810.0706240464,11.15353355662482
20583.0,1277691.55212113,241874.55773972,3.0,298672.36698579247,12.607102488996755
20584.0,1277832.34220128,242396.02974025896,3.0,36381.38230367319,10.501812447602973
20585.0,1274876.16114226,239479.605801269,1.0,0.0,
20587.0,1276631.84824805,244151.52593405504,5.0,1034871.3545303872,13.849787681816602
20588.0,1276610.51327203,243720.440493613,2.0,116469.48555586748,11.665384591120063
20589.0,1278964.54175444,212638.24545379,1.0,0.0,
20590.0,1284036.51519963,193490.587578177,2.0,52859.02978365265,10.875383833537558
20592.0,1278747.24658622,212820.649933979,1.0,0.0,
20593.0,1278848.62956232,212637.867149785,1.0,0.0,
20594.0,1277537.17420098,242464.103468329,1.0,0.0,
20598.0,1283714.04275131,193821.366074517,3.0,143688.256922522,11.875401349330007
20599.0,1284157.75935976,193439.62508212,1.0,0.0,
20600.0,1273533.81573288,253444.214711577,4.0,169828.9132283299,12.042546816504636
20601.0,1288143.37472384,204452.879301399,3.0,381959.1210497029,12.853068868903524
20603.0,1264797.16292393,208447.63181749,1.0,0.0,
20604.0,1265274.20100443,207153.977544174,1.0,0.0,
20605.0,1281627.43666917,222237.680983618,2.0,93077.48571428574,11.441187604957344
20606.0,1265027.77694017,208385.894345433,1.0,0.0,
20607.0,1265043.06199619,208394.287049443,1.0,0.0,
20613.0,1276150.82034357,240841.774378672,3.0,232932.0,12.358501844459092
20616.0,1270477.53771375,222423.641239807,2.0,1969.7373378017048,7.5856554817775335
20617.0,1277280.46143273,240037.090921834,1.0,0.0,
20618.0,1275057.32677445,180412.359468788,3.0,75078.39683030365,11.22628813765286
20619.0,1275255.61112665,180248.090412617,3.0,19375.583545428228,9.87176897224171
20622.0,1277844.8481213,243244.429997131,3.0,239504.3500931026,12.386326858896144
20623.0,1261027.62224807,187450.78629198705,3.0,75285.8825760165,11.229047913820745
20624.0,1260639.49571967,187460.530036002,1.0,0.0,
20626.0,1278441.76389791,244695.68100661,1.0,0.0,
20627.0,1275921.14687133,240522.788778335,2.0,46592.0,10.749184131556358
20628.0,1276490.5903279,240081.766697884,1.0,0.0,
20635.0,1286724.49305838,191379.961528018,1.0,0.0,
20642.0,1278326.67359379,241522.73361136,2.0,158743.0314472884,11.97504201939643
20643.0,1278364.10424984,241565.233515412,2.0,116117.38824875942,11.66235692605613
20644.0,1277940.89119339,241650.04337149896,3.0,31896.403057301985,10.370248525591018
20645.0,1278060.37586552,241597.845675439,4.0,366878.3131503872,12.812785500257315
20646.0,1289726.13504547,180805.270061195,2.0,46592.0,10.749184131556358
20647.0,1290145.9429179,180945.079853326,1.0,0.0,
20651.0,1264735.90513188,167274.256479338,2.0,4942.54019291849,8.505634687114588
20652.0,1264765.89329191,166947.714462996,3.0,370661.4739819997,12.823044455985059
20657.0,1264470.2442676,166505.331486538,3.0,208189.67398198167,12.246204837304722
20658.0,1263233.28413834,165839.473565862,1.0,0.0,
20659.0,1275199.12863059,232864.75158649695,3.0,5692.12065893508,8.646838156970853
20660.0,1275203.25131859,233079.223586723,3.0,935.0014478493426,6.8405480777894585
20661.0,1264317.61041145,167348.448223412,3.0,1152836.107070936,13.957735644369643
20663.0,1264639.27479577,166038.443998069,2.0,115275.67398197835,11.655081703789355
20664.0,1275094.03832649,232959.153954595,3.0,66207.9628064965,11.1005560187776
20666.0,1264643.28036378,166851.360350892,3.0,301103.6739819988,12.615209916261868
20669.0,1269957.62635322,239755.108201548,2.0,61.09197257682522,4.11238047582486
20672.0,1271916.77758722,198540.973759353,1.0,0.0,
20673.0,1272846.07198818,187042.583091572,3.0,161903.78386166482,11.994757510990297
20674.0,1273493.90437284,187023.115571558,3.0,75410.50670054418,11.230701890449337
20675.0,1285272.2886409,203613.615236551,1.0,0.0,
20676.0,1269599.84587285,256859.829243064,1.0,0.0,
20677.0,1273696.29304504,187017.20254755,2.0,38862.16132327096,10.567776339585285
20679.0,1279101.52965859,217520.040466785,1.0,0.0,
20680.0,1277410.89586486,187585.986804128,1.0,0.0,
20681.0,1272296.00024362,212063.1327492,3.0,362431.5418986889,12.800590885507821
20682.0,1272051.74289936,212054.90836519,3.0,337774.3960767444,12.730133484381167
20683.0,1274454.30174983,242827.287084699,3.0,216016.36600317527,12.28310945232923
20688.0,1271582.88094689,189664.27467826,1.0,0.0,
20691.0,1275052.10731843,234042.573347703,1.0,0.0,
20692.0,1273762.54718912,228393.239197925,3.0,430620.9798224751,12.972983585025728
20696.0,1265525.27562869,208651.052937701,3.0,82483.57958758097,11.32035451721057
20697.0,1265548.53079671,208647.398089692,1.0,0.0,
20698.0,1270452.11121772,209997.648395076,1.0,0.0,
20699.0,1280382.84005989,197104.879869878,1.0,0.0,
20700.0,1265822.76977299,211925.669133052,1.0,0.0,
20701.0,1281144.19026868,172724.310820907,3.0,49040.34357345782,10.800398576569602
20702.0,1281140.04031667,172460.087268636,1.0,0.0,
20703.0,1281033.52082856,172881.323301077,1.0,0.0,
20704.0,1281149.03212468,172878.556581065,3.0,142192.34357345777,11.864935952239668
20705.0,1281229.95942077,172928.357669115,3.0,200916.5454645176,12.210644904129257
20706.0,1281515.62489305,172906.223845094,3.0,49014.58558534285,10.799873197806322
20707.0,1265415.09572457,208406.051465452,1.0,0.0,
20708.0,1281286.67750081,172435.878372625,2.0,16.0,2.772588722239781
20709.0,1281566.80978911,172602.574180782,3.0,44156.32309320887,10.695491414196555
20710.0,1281646.35359719,172582.515556768,2.0,41721.0708411993,10.638761576119903
20711.0,1281229.95942077,173050.094309241,3.0,263568.7349668186,12.482069466711144
20712.0,1265658.50961281,208421.964873463,1.0,0.0,
20713.0,1265601.46673276,208390.021001428,4.0,169657.76576171588,12.04153854435904
20714.0,1270454.95211373,209393.025546461,1.0,0.0,
20721.0,1263628.42314674,171351.937251508,3.0,328011.7030916473,12.70080456688722
20731.0,1279769.00402726,210627.077259719,1.0,0.0,
20736.0,1291171.13575095,189623.724214211,3.0,1275533.6434812767,14.058875192916478
20739.0,1291861.74131966,189598.765302196,4.0,624522.2338977979,13.34474221063266
20742.0,1265037.31498818,208426.469769478,1.0,0.0,
20743.0,1278596.60281007,211688.117772818,1.0,0.0,
20744.0,1274047.7667734,216472.279441714,1.0,0.0,
20760.0,1275256.26501465,218556.236243844,1.0,0.0,
20763.0,1281031.10386856,192619.168697283,1.0,0.0,
20766.0,1273058.6116364,225481.447130933,1.0,0.0,
20767.0,1272414.67160374,196224.754300982,1.0,0.0,
20769.0,1273397.92952475,222105.964695483,1.0,0.0,
20775.0,1263328.44503443,211988.217869118,3.0,357021.4505425917,12.78555114451019
20780.0,1281078.87442861,180308.708716676,1.0,0.0,
20781.0,1273209.90987656,194043.648122743,1.0,0.0,
20784.0,1281046.23538858,180034.750316396,1.0,0.0,
20789.0,1273680.60574903,194015.331578717,1.0,0.0,
20790.0,1265340.27530849,244286.47281418703,3.0,47679.12846697508,10.772249022775508
20791.0,1290817.19354258,204831.887685791,2.0,2.0,0.6931471805599453
20792.0,1289653.86778139,204440.44064539703,2.0,2.0,0.6931471805599453
20794.0,1265650.90794881,166715.530206755,1.0,0.0,
20795.0,1281837.66687739,195291.612796023,3.0,753480.6267226984,13.532458585666657
20796.0,1274036.4918934,216459.540625691,1.0,0.0,
20798.0,1270297.97739357,231634.538145244,3.0,827330.0688936491,13.625959010333869
20799.0,1262257.85796134,178272.624234587,1.0,0.0,
20800.0,1283149.37983873,176305.37879258403,3.0,63918.82511229623,11.065369199675114
20801.0,1283143.63078272,176080.273960352,1.0,0.0,
20802.0,1270301.95768157,231943.81443356,5.0,1014735.385124025,13.830138432157442
20807.0,1269867.43166512,208000.831497043,2.0,899476.6608204262,13.709568385199441
20808.0,1276167.37541558,248672.231474683,1.0,0.0,
20809.0,1273152.97758849,214292.502991483,4.0,551138.7510811313,13.21974187327867
20810.0,1280491.42649201,211908.138317034,1.0,0.0,
20811.0,1274058.00331742,216681.882385924,3.0,1596376.323625252,14.283246820942532
20812.0,1274055.43115741,216672.763985917,1.0,0.0,
20813.0,1279157.12729064,244644.803822562,3.0,629374.1796164959,13.352481238964932
20816.0,1282896.64607847,196234.532860994,3.0,187162.7361494593,12.139733764180084
20817.0,1282884.54502246,196231.76774098,1.0,0.0,
20818.0,1282865.86399844,196426.392701179,3.0,54130.82851848081,10.899159145760729
20819.0,1282849.42271842,196424.230973184,1.0,0.0,
20820.0,1296226.33332412,182169.791982591,1.0,0.0,
20824.0,1277101.15237653,175474.925095722,3.0,553185.2347008536,13.223448187709476
20825.0,1277325.15884076,175476.678375736,1.0,0.0,
20827.0,1286219.64140987,198625.180287436,3.0,400463.6703440657,12.900378330624685
20828.0,1286859.78477053,198617.339775428,1.0,0.0,
20830.0,1280131.31103563,207617.782728642,3.0,89142.95322649305,11.39799657615697
20833.0,1273307.20069265,235001.83261267803,3.0,1341593.6970969916,14.10936879143075
20834.0,1264294.75869942,241875.90807572,2.0,120.31710982481596,4.790130839175128
20839.0,1282277.50297384,181998.642670408,1.0,0.0,
20840.0,1283917.52556752,174951.000615194,2.0,93180.0,11.442288385370787
20841.0,1284065.44230367,174946.139431193,2.0,46591.99999999999,10.749184131556358
20842.0,1275882.31755929,255345.128569514,1.0,0.0,
20844.0,1277926.63698538,245333.089839265,3.0,53111.07885476034,10.88014082680004
20845.0,1263519.58276263,210736.835211843,2.0,135495.34054295992,11.816692531573814
20852.0,1269912.23243317,210940.966348052,1.0,0.0,
20853.0,1278081.90047354,182880.751471311,3.0,366241.8309209845,12.811049134412059
20854.0,1280632.57382014,208709.691273764,3.0,89143.49270879412,11.398002628016922
20856.0,1277450.60773689,221721.53339909,1.0,0.0,
20858.0,1274705.80255008,238303.70199206503,3.0,192341.30957251103,12.167026726876502
20859.0,1280632.29561216,208725.574473783,1.0,0.0,
20862.0,1280557.99097207,176411.254888684,3.0,19658.25209281802,9.886252482974454
20863.0,1287279.80102696,164289.330012277,3.0,278525.54874423787,12.53726507110505
20864.0,1270298.37534557,231870.973409474,3.0,611419.0206224644,13.323537797903388
20872.0,1276324.69727173,182759.595247194,1.0,0.0,
20880.0,1288880.4139566,204526.096005484,3.0,46592.99999999999,10.74920559423812
20881.0,1274938.81259832,239021.143464804,1.0,0.0,
20882.0,1282886.04665446,196286.625277042,3.0,101541.56466791464,11.528223497757438
20883.0,1282873.95481445,196284.545533031,1.0,0.0,
20884.0,1281550.19762909,195055.436155781,1.0,0.0,
20885.0,1274676.24747805,241969.915819824,3.0,120346.19112388731,11.698127794383746
20887.0,1257001.93437195,256577.793402776,1.0,0.0,
20889.0,1280226.87026773,176908.074473202,3.0,124214.46035704314,11.72976486969982
20890.0,1280138.88581964,207635.184584662,1.0,0.0,
20896.0,1281261.05420479,195521.811836258,1.0,0.0,
20897.0,1281256.26284479,195305.194492042,3.0,291880.78972772905,12.584100743534828
20898.0,1282758.34975833,191562.413240209,1.0,0.0,
20899.0,1286635.9144983,198860.89343968,1.0,0.0,
20900.0,1296112.89390001,182197.701678619,1.0,0.0,
20905.0,1282202.15174176,182107.607342526,1.0,0.0,
20908.0,1271838.68094714,238217.358695984,1.0,0.0,
20910.0,1278790.49906626,244554.61406247303,3.0,188557.31283376412,12.147157286520793
20912.0,1271677.40869097,183132.339567572,1.0,0.0,
20913.0,1275271.68690266,210424.605515525,1.0,0.0,
20916.0,1284326.68358393,174918.795623153,1.0,0.0,
20919.0,1270734.88101001,231626.608097225,2.0,137112.05469196892,11.828553787957684
20922.0,1274312.89483768,242222.526188076,4.0,109356.85905774818,11.602371749860172
20925.0,1279376.54021886,244823.093166739,3.0,6493.776352583447,8.778599512984973
20926.0,1279548.47167504,244891.569710806,3.0,17216.296900591842,9.753611708432686
20929.0,1279608.45516311,245037.75806295904,3.0,64437.309093723605,11.073448078096904
20930.0,1279373.93426687,245037.782062963,3.0,780.5081665771027,6.659945203164171
20934.0,1256179.37827511,257111.346107319,1.0,0.0,
20936.0,1280692.07372421,196624.481853381,1.0,0.0,
20937.0,1259993.95760702,247727.217585713,2.0,59.43571428571428,4.084895296291125
20938.0,1277390.27026483,235646.542629346,1.0,0.0,
20943.0,1275475.28850287,244189.676142097,4.0,872166.4929920094,13.678735616996144
20944.0,1296645.23994854,183205.00606364,1.0,0.0,
20945.0,1279208.1937867,244830.45860675,3.0,54191.1575226487,10.900273028779504
20946.0,1281393.32166094,223963.422297388,1.0,0.0,
20947.0,1279560.86469905,244615.367854536,3.0,284182.00287809013,12.557370167087878
20948.0,1276564.93067999,219138.080532447,3.0,1480676.787966804,14.208009830382231
20950.0,1274570.53637394,196228.474108979,3.0,98646.87738308671,11.499301857458514
20951.0,1274578.80901395,196210.556860968,1.0,0.0,
20954.0,1279618.84818712,245398.887599334,3.0,129240.81830262412,11.769432751569768
20955.0,1264830.12349997,207764.594440788,1.0,0.0,
20957.0,1274405.12990977,242375.521260232,1.0,0.0,
20961.0,1274234.3740056,242080.986411929,1.0,0.0,
20963.0,1264827.62449196,207752.238472775,1.0,0.0,
20964.0,1279935.81177144,226958.714204445,2.0,7298.915627190955,8.89548107188228
20965.0,1279938.08505145,227010.972636506,4.0,182336.18982703288,12.113607458940713
20968.0,1290889.19405465,185079.748401567,3.0,111998.40456781464,11.626239905245544
20969.0,1291220.09466299,185224.77630572,1.0,0.0,
20973.0,1264799.02084394,245777.888495713,2.0,3010.5920873268624,8.009892045151796
20975.0,1277348.96524079,184331.669488803,3.0,355654.0243644984,12.781713695617109
20981.0,1280933.83865246,223429.183512837,3.0,59257.8695752927,10.989653870013768
20984.0,1277998.32645746,184249.561712712,3.0,140396.4071428571,11.852225180095823
20985.0,1277999.95410545,184314.516976789,3.0,215342.20008871373,12.279983670131456
20987.0,1276974.7852084,237036.466342762,2.0,51510.5473816414,10.849541869209466
20991.0,1273720.27627708,195104.909435824,4.0,214193.7111942992,12.274636077061048
20992.0,1273736.3116691,195103.855355829,1.0,0.0,
20994.0,1277370.77554481,184186.495280653,3.0,1178502.759097858,13.9797553425502
21001.0,1263376.91607448,210389.554059476,1.0,0.0,
21002.0,1273711.50040506,194818.66399553404,3.0,88011.14654149004,11.385218750683183
21010.0,1277983.40690544,183665.645232111,3.0,93512.0,11.445845049287605
21013.0,1277910.53592937,184904.357041389,1.0,0.0,
21014.0,1273703.75960505,195104.723451823,1.0,0.0,
21015.0,1274930.66923831,190999.03576763,3.0,579756.8785821527,13.270364119785905
21018.0,1279939.65330744,227062.085340559,2.0,40740.70815069895,10.614983071826561
21021.0,1280934.11782046,223399.245912805,1.0,0.0,
21022.0,1274854.14047024,190183.31103079,1.0,0.0,
21024.0,1277660.35896911,184329.550768793,3.0,307865.1262792415,12.637417064357992
21027.0,1273472.38930082,194953.922875673,1.0,0.0,
21029.0,1279640.71493913,215049.165840253,1.0,0.0,
21033.0,1285654.1139853,175243.9819915,2.0,320592.10752525565,12.677924901029412
21034.0,1270241.08177751,204359.580549315,1.0,0.0,
21035.0,1277668.51116112,184641.520625114,1.0,0.0,
21036.0,1270606.09387389,204591.526341543,1.0,0.0,
21039.0,1274222.52760559,195978.057980731,3.0,444951.6799913134,13.005720970963493
21041.0,1286953.45261063,249786.140979826,3.0,671255.105379934,13.41690453055645
21042.0,1286009.30681765,176213.86026448,3.0,114257.58356885638,11.646210683523893
21046.0,1286130.27475378,194185.362426892,3.0,806125.0846321831,13.599994201299099
21047.0,1286014.10502566,176354.502056628,1.0,0.0,
21049.0,1268664.3960159,245897.393199846,4.0,1661584.465460484,14.323282202355225
21050.0,1273743.19390909,202494.162371397,3.0,33400.612191969856,10.416329507897709
21052.0,1271961.28049926,206769.497351781,3.0,382507.84541582695,12.854504442929432
21056.0,1285657.13068929,202850.968131766,4.0,95162.37365557883,11.463339907943325
21057.0,1285672.75564931,202686.905475602,1.0,0.0,
21058.0,1284975.35974459,202853.051459759,3.0,64765.56440347439,11.078529327563524
21059.0,1285258.17248088,202852.00979577,1.0,0.0,
21063.0,1261236.15952829,245825.052079767,1.0,0.0,
21064.0,1285314.45817694,202852.204675764,1.0,0.0,
21065.0,1285978.42400162,202825.473411739,2.0,26215.982831511803,10.174124535492558
21066.0,1290093.57357384,181355.284397751,1.0,0.0,
21067.0,1271668.27384298,217399.166034654,3.0,695644.4486888946,13.452593959203531
21068.0,1260936.14275998,245387.174703315,1.0,0.0,
21069.0,1270815.25784209,249858.003379896,3.0,181657.3096462347,12.109877277116276
21070.0,1270886.59198616,249920.519987956,3.0,125933.06442198776,11.743505810032316
21072.0,1270157.03672142,222499.175191879,4.0,267418.90114095336,12.496571626047034
21074.0,1285168.28422479,195430.766396165,3.0,1925.3123889473068,7.5628435135285415
21079.0,1264251.72209138,211686.380556807,2.0,145976.99570633724,11.891204324620793
21080.0,1264191.78487532,211687.84481281,2.0,104212.464159809,11.5541870188043
21082.0,1285075.2782087,199675.914112508,2.0,39940.174707224985,10.595137981202226
21083.0,1285135.69472076,199674.351744503,2.0,1858.7027054378475,7.527634053167048
21091.0,1291442.62995923,187971.651060522,3.0,95420.94480833628,11.4660533805966
21092.0,1291573.14279136,188017.614260569,3.0,33324.58825279413,10.414050789465527
21093.0,1260769.0925198,261026.474495336,2.0,46592.0,10.749184131556358
21096.0,1260149.56131917,262366.318208709,1.0,0.0,
21097.0,1263885.76548301,166777.322718829,1.0,0.0,
21098.0,1269841.0448491,222504.640727893,1.0,0.0,
21099.0,1278093.93714555,213229.33812639103,3.0,64307.94670498521,11.071438490536243
21100.0,1284651.22816026,205186.011334151,3.0,293864.3661457192,12.590873600230536
21102.0,1257568.26461254,259241.209661514,3.0,40229.91095573622,10.602366051561724
21103.0,1257469.74019644,259309.798461571,3.0,60604.60277775768,11.012126122601435
21104.0,1275093.98514248,206591.035079598,3.0,1020.7845200186216,6.928326747916982
21105.0,1259386.3777664,259743.861566022,4.0,197459.73928282812,12.193289990810209
21107.0,1273903.11256526,234455.902308121,3.0,1706289.107155743,14.349831457597507
21108.0,1278727.10028221,173108.368485302,3.0,233250.68229728748,12.35986904388125
21109.0,1278601.15301807,238175.233447939,4.0,129004.91909848189,11.767605815163153
21110.0,1278602.52831407,238224.618791983,2.0,20738.50957563741,9.939747616888734
21111.0,1259970.898279,259734.495422006,3.0,305553.5771121385,12.629880417379844
21112.0,1291979.19840777,189097.407349676,3.0,45424.1556234834,10.723799304725803
21113.0,1259488.01834249,259745.249342024,3.0,184132.0334262568,12.123408352227523
21114.0,1254514.70121741,254429.828856573,1.0,0.0,
21116.0,1273239.50590858,234480.729636148,3.0,758768.4469604094,13.539451933363976
21118.0,1288686.97997239,202025.061954916,1.0,0.0,
21123.0,1284460.34636807,241918.166251764,1.0,0.0,
21130.0,1274333.8964377,196250.982653007,3.0,47053.82359560515,10.759047408355675
21131.0,1273601.79979695,202279.579459175,3.0,99727.37347799096,11.51019547672093
21132.0,1264924.31556407,244982.15678291,2.0,69123.73670743337,11.143653463177468
21133.0,1273323.66091667,180610.265516981,3.0,15309.899848185434,9.636254947035653
21136.0,1265208.27070035,244986.302126914,3.0,71253.32505851575,11.173996764529944
21138.0,1269640.22110489,208938.130505994,1.0,0.0,
21141.0,1271740.88133104,222218.930711597,1.0,0.0,
21147.0,1273050.43051639,195042.84754777,2.0,85601.87362602244,11.357462450044759
21149.0,1261887.96432896,172511.759460703,2.0,142433.53738429284,11.866630765569763
21150.0,1259462.00727047,184837.107185319,1.0,0.0,
21151.0,1259283.0450303,185130.309297621,4.0,139770.0,11.847753493478953
21152.0,1258699.8624377,185470.662001967,1.0,0.0,
21153.0,1273038.97253238,195120.759803846,1.0,0.0,
21154.0,1259171.38711017,184905.826161385,1.0,0.0,
21158.0,1261988.20791306,175233.60176748,5.0,354166.2310250755,12.777521661064997
21159.0,1262378.00765745,175956.438888222,4.0,279972.8163004681,12.542447792797182
21160.0,1262050.31671312,175967.289576232,4.0,136975.3914241502,11.827556564034584
21161.0,1261673.79773673,175987.90570426,4.0,65296.07197711732,11.086687159965448
21164.0,1261969.92938504,175013.203879252,1.0,0.0,
21165.0,1261368.89316043,175972.714792237,1.0,0.0,
21166.0,1261517.94736858,175537.221223786,2.0,17802.145957559867,9.78707428842695
21167.0,1262329.5648414,174999.471015245,4.0,1018986.50219009,13.834319065983756
21169.0,1277905.67013736,235360.294501051,3.0,298137.61349941365,12.605310449161719
21170.0,1292013.0776398,184086.188720554,1.0,0.0,
21171.0,1291805.12231159,184840.960177317,3.0,490413.0574765097,13.10300328942526
21172.0,1295770.62164365,184496.025136963,3.0,54945.85838229095,10.914103586332311
21173.0,1275842.83077525,208782.539593831,1.0,0.0,
21174.0,1291793.68602358,184396.138544858,4.0,909096.2634581092,13.720206267946525
21175.0,1291787.26605557,183996.735792458,1.0,0.0,
21178.0,1276166.89477558,217596.511122867,3.0,135538.36162755376,11.817009990875817
21186.0,1274909.38251829,195692.86002843097,3.0,92343.36087918637,11.433269092184277
21187.0,1275168.38591056,195587.249340326,3.0,46070.57454884962,10.737929729066646
21188.0,1275383.90520677,195220.05913195,2.0,0.0,
21189.0,1274903.82085429,195231.791419953,4.0,140870.6602607774,11.855597445265285
21190.0,1274901.59608628,195128.89925985,1.0,0.0,
21191.0,1274908.27032629,195543.805244282,3.0,104339.37742641992,11.555404109780932
21195.0,1283825.74719942,178597.408042923,3.0,508170.6713562225,13.138572637372922
21196.0,1284174.90335979,178000.44893831,3.0,206898.5797336448,12.239983999203766
21197.0,1268305.22481553,254973.06431312897,3.0,454145.0344172101,13.026171885076046
21201.0,1273158.7541005,180423.593324795,2.0,191451.0462991022,12.162387422020316
21207.0,1264798.33386794,181510.077741906,3.0,748947.5758875842,13.526424267910386
21211.0,1253932.82243282,247825.590769812,1.0,0.0,
21214.0,1272922.14795625,242677.375020549,4.0,156010.599628695,11.957679230261215
21216.0,1268045.43006326,211796.960076928,3.0,257663.66874778652,12.459410403961007
21221.0,1277992.49445745,194822.485819548,1.0,0.0,
21222.0,1278135.3727936,194342.822395056,1.0,0.0,
21223.0,1277696.55442515,191612.884920254,1.0,0.0,
21224.0,1279121.0535626,192147.713592798,1.0,0.0,
21225.0,1277942.7871934,192379.854201034,1.0,0.0,
21226.0,1277596.92735304,193525.249530211,1.0,0.0,
21227.0,1276304.75999172,196818.086141586,1.0,0.0,
21228.0,1277401.49823284,195710.127740458,1.0,0.0,
21229.0,1277546.50975299,194689.812859401,1.0,0.0,
21233.0,1278099.95455356,213550.220686719,1.0,0.0,
21234.0,1272195.29905951,212008.706381142,3.0,202324.1058858853,12.217626175156735
21241.0,1264080.50820321,212135.285197273,3.0,409413.59412732586,12.922481156658849
21252.0,1294574.74509843,183364.293487802,1.0,0.0,
21254.0,1275065.42616645,211383.90676450697,3.0,32318.84873659527,10.383405891226936
21258.0,1256971.25961992,249140.301683158,2.0,13559.340565545166,9.514830929452367
21262.0,1273727.21298108,247696.912561685,3.0,1399232.9466174964,14.151434749162808
21263.0,1271980.04286729,232583.633378208,2.0,111940.22457223212,11.625720298627295
21266.0,1272855.46206819,219317.14971663096,3.0,1658254.2884962277,14.321275973542292
21268.0,1281451.97081299,221040.259158388,1.0,0.0,
21269.0,1281453.83564499,221030.62402238,2.0,46592.0,10.749184131556358
21270.0,1278400.99986586,210732.241419837,1.0,0.0,
21273.0,1272983.33912432,219314.696340621,3.0,202667.02318507992,12.219319631415555
21279.0,1274463.48414983,198412.802111223,2.0,46591.99999999999,10.749184131556358
21281.0,1274175.83736554,250271.074356318,3.0,100455.8975615122,11.517474079933393
21286.0,1277220.28997666,179471.675627828,3.0,66908.78637051894,11.111085573374714
21289.0,1275141.17931853,242810.927916676,4.0,159467.95359109793,11.979598263096175
21293.0,1277907.80895336,218700.798291996,3.0,268347.5203956202,12.500038137374545
21302.0,1283657.27084725,193857.130106553,2.0,106242.16333605864,11.573476327229399
21305.0,1279212.7075787,245038.791854963,4.0,1863.7170013228172,7.53032816039454
21309.0,1262546.80452164,186740.639411271,1.0,0.0,
21310.0,1262540.55095363,186494.05662702,3.0,454236.72246437054,13.026373756253616
21311.0,1262807.1016099,184091.178544551,3.0,274587.15351037594,12.523023988666592
21312.0,1262834.10448992,183816.254192278,1.0,0.0,
21314.0,1262305.65245739,186790.299763322,1.0,0.0,
21315.0,1262283.06231336,186500.873523027,4.0,371322.7090160372,12.824826799124542
21316.0,1261071.34653611,184555.046705022,3.0,46688.66666666667,10.751256730407222
21317.0,1260964.43498401,184433.43115291,3.0,119261.97643355776,11.689077835016361
21320.0,1262267.98455335,186171.667826682,4.0,140109.2666666667,11.850177873368757
21322.0,1262014.69732109,186506.67237103,3.0,112499.30837771489,11.630702352854069
21323.0,1261376.13399243,186285.779442802,2.0,23063.390899033075,10.046001829805144
21324.0,1261830.99888889,184873.114289358,1.0,0.0,
21327.0,1282602.00588617,184661.27153714,2.0,5541.120998644074,8.619952105597719
21332.0,1274522.6792219,196655.366013423,2.0,1418255.1337829966,14.164937894983423
21334.0,1274582.02718996,242823.753324687,4.0,19369.169589035333,9.871437884497817
21335.0,1279172.09215465,177770.265002087,3.0,53651.44600965,10.890263700345209
21344.0,1285756.9523214,173232.494181439,3.0,211266.34657275735,12.260874922451796
21345.0,1285842.79436949,173021.271205217,3.0,66935.03381930102,11.111477783475731
21354.0,1287887.79225957,172024.044836193,3.0,215558.6499526761,12.280988309050812
21356.0,1290224.47296597,172044.893220216,3.0,395322.4699837499,12.887457090532298
21359.0,1290572.70253433,187911.081972465,4.0,101604.74596399062,11.528845525279538
21360.0,1290630.25101438,186820.976883352,1.0,0.0,
21363.0,1288479.68115619,171849.580644011,4.0,476029.9195607469,13.073235987458244
21364.0,1287122.4161308,172413.975204602,3.0,216342.6255155334,12.284618659172086
21366.0,1280890.48108442,173058.676965252,3.0,186445.05028886048,12.135891838131284
21367.0,1280888.94502041,173008.325349197,1.0,0.0,
21370.0,1286422.73120208,172285.483620465,3.0,201723.21041453292,12.214651791265943
21371.0,1291894.36071168,172710.954916894,1.0,0.0,
21372.0,1286504.72249816,172231.095972404,3.0,180856.93123291797,12.105461562512113
21397.0,1261338.6537364,184917.545649394,1.0,0.0,
21398.0,1261414.69527248,184520.670768991,3.0,122584.29068105876,11.716554159535782
21401.0,1261580.14672863,184545.410225019,4.0,418209.73788467614,12.943738350939137
21402.0,1261832.3167769,184541.070001006,1.0,0.0,
21403.0,1262642.57501774,185831.37291432903,3.0,655536.5124038943,13.393209282242386
21404.0,1261584.05316065,184717.71928119697,3.0,477242.79197958217,13.075780638235766
21405.0,1261751.95671281,184229.199280694,1.0,0.0,
21406.0,1261922.26903298,184200.553648666,2.0,46591.99999999999,10.749184131556358
21407.0,1261075.11197613,184683.865329161,1.0,0.0,
21409.0,1261907.15850498,186197.345266715,1.0,0.0,
21410.0,1262026.8121371,186769.459571302,1.0,0.0,
21411.0,1262215.2690973,184185.178672642,1.0,0.0,
21412.0,1262648.74365774,186004.81150651,1.0,0.0,
21414.0,1261933.317929,184763.218545243,1.0,0.0,
21415.0,1261115.71716017,186286.647538796,2.0,26.33333333333333,3.2708355637989115
21416.0,1262660.63076174,186148.039602652,2.0,46592.0,10.749184131556358
21417.0,1261895.12439297,184523.604528993,1.0,0.0,
21421.0,1262665.75440976,186011.148786515,1.0,0.0,
21429.0,1277803.59653725,174075.230054289,1.0,0.0,
21440.0,1273603.84606895,185453.778161943,1.0,0.0,
21441.0,1274100.92318946,185441.020337939,4.0,107993.90336083544,11.58983005415034
21442.0,1274349.80421372,185432.489137933,1.0,0.0,
21443.0,1276196.53055161,189993.794678599,3.0,358942.6171058796,12.790917813763796
21444.0,1276504.30744793,189597.726582184,3.0,804250.3907088344,13.597665930906357
21445.0,1276155.99877557,189602.535926193,3.0,652663.9063276821,13.388817584071253
21446.0,1275405.9799588,189936.925366536,1.0,0.0,
21447.0,1276724.24767216,189057.117109641,3.0,754020.7017938886,13.53317510257325
21448.0,1275428.03634281,189632.65035823,1.0,0.0,
21449.0,1275532.11192693,189629.337718219,3.0,145252.57291091344,11.886229388229655
21450.0,1272704.53125203,189710.624630302,4.0,186067.00823688216,12.1338621471556
21451.0,1272733.44331606,190345.917686954,2.0,16919.66292715106,9.7362317113986
21452.0,1276128.18290354,188444.08453300604,3.0,150712.58533661714,11.923129893646635
21453.0,1275845.54437526,189613.7032222,3.0,457676.3739765309,13.033917606293763
21454.0,1276135.19403954,188296.848948866,2.0,185356.0936723762,12.13003408460914
21455.0,1276148.05458356,189086.78437367096,3.0,102074.28790663356,11.533456139985471
21456.0,1272485.52581181,189717.149238318,1.0,0.0,
21457.0,1271981.49694729,188049.348084599,1.0,0.0,
21458.0,1275514.62015091,188971.445685551,3.0,151777.54078343976,11.930171180319327
21462.0,1277389.82175283,188663.409525231,1.0,0.0,
21463.0,1276454.73771988,188573.585909143,1.0,0.0,
21464.0,1276861.53708029,188563.846069127,3.0,168200.40407208368,12.032911428849156
21465.0,1271442.45803474,223075.344024479,4.0,526845.4072999732,13.174662439707669
21466.0,1275209.5734946,220596.988373935,1.0,0.0,
21467.0,1275578.34674297,220776.682582125,1.0,0.0,
21472.0,1287849.87731554,171655.105635822,3.0,453748.7216876029,13.025298847339824
21476.0,1288392.3726121,181021.145965412,3.0,1230202.8062911998,14.022689596920442
21477.0,1281513.12159705,223608.251417011,1.0,0.0,
21479.0,1281671.33254121,223568.394200981,1.0,0.0,
21481.0,1274102.88152547,185708.986674204,4.0,490334.8585587907,13.102843821499595
21482.0,1259316.92323832,169252.919137359,3.0,122744.61065653214,11.717861139654477
21483.0,1264349.34788348,172470.804132655,1.0,0.0,
21484.0,1276302.83480772,181724.684590131,4.0,347818.34686561784,12.759435630706015
21486.0,1261168.27255222,172916.439717114,3.0,933874.9703595577,13.747097843538905
21487.0,1261029.32330407,173091.237605289,1.0,0.0,
21488.0,1261982.97892106,183435.435119882,3.0,111717.1653746387,11.623725647150746
21489.0,1265025.30551617,181859.263406262,3.0,932007.795290675,13.745096457678539
21490.0,1262241.85303332,174021.432294235,3.0,254023.35678985377,12.445181497638558
21491.0,1261966.24567303,174020.514918238,4.0,327975.37487684714,12.700693807952915
21492.0,1275730.00555913,193550.895482242,1.0,0.0,
21493.0,1274431.6013338,192693.014009356,3.0,184190.07839210468,12.123723538117622
21494.0,1274637.85387801,192726.405369401,2.0,59267.28468168855,10.989812741039495
21496.0,1259795.69655082,168286.119584367,3.0,164304.11042542662,12.009474321517816
21497.0,1260547.00144759,170478.570274606,3.0,751876.9558284059,13.530327966975735
21498.0,1260373.0431754,170542.112098679,2.0,278283.07779030345,12.53639414002494
21500.0,1263033.95319413,173990.315174207,3.0,111281.41186030276,11.619817513974628
21504.0,1261103.92125615,170424.048034564,1.0,0.0,
21505.0,1260829.55338387,170627.268130764,3.0,842226.6752810254,13.643804467541342
21508.0,1280784.71852431,186177.148466691,3.0,1516012.2366134345,14.231593916796625
21510.0,1260189.57962322,170029.264738157,3.0,386486.1996752271,12.864851440486573
21512.0,1274670.91090205,193305.649913982,3.0,54492.18922577869,10.90581265342229
21513.0,1275336.42891873,193289.413433969,1.0,0.0,
21514.0,1259386.3676544,169479.264865592,3.0,341951.62475332833,12.742424557950335
21515.0,1273465.84798881,185994.354546502,4.0,91924.70456580704,11.428725092303084
21516.0,1273454.5953808,185727.893746227,4.0,621231.774469754,13.33945951909303
21517.0,1272419.06238773,183102.211695537,3.0,58593.03540008825,10.978371118674058
21518.0,1273968.39518933,180901.86634928,4.0,56369.59526000273,10.939685200989576
21519.0,1273963.18686932,180601.085100979,3.0,32806.38305656157,10.398378380822038
21521.0,1297889.70529382,178902.312299237,3.0,984527.9807760676,13.799917597963756
21522.0,1282727.5027183,183677.09374412903,3.0,65058.25898432822,11.083038439514475
21526.0,1276445.75807187,186967.266291499,1.0,0.0,
21527.0,1276462.53522389,186948.660019472,3.0,60851.25309566416,11.016187691394501
21528.0,1272338.71313965,180136.317676499,1.0,0.0,
21531.0,1262341.55722542,173363.920101568,4.0,1271457.4922517266,14.055674432103194
21533.0,1274790.22296616,185578.25003407904,3.0,350261.5572874517,12.766435460906681
21535.0,1278612.56505008,183662.109168112,2.0,46592.0,10.749184131556358
21536.0,1276608.39026403,186642.27281916104,3.0,530946.3574312676,13.182416273334342
21537.0,1274323.19730169,192979.370425656,3.0,194972.27333639705,12.180612639417733
21538.0,1261104.09284015,174041.348262265,2.0,139764.0,11.847710564890653
21539.0,1261060.80650412,173734.495205954,2.0,93180.0,11.442288385370787
21540.0,1264895.46782003,171744.535907909,1.0,0.0,
21541.0,1276081.71051949,186959.474611491,2.0,7727.322937704481,8.952517760473553
21542.0,1268377.3027036,180065.222316429,1.0,0.0,
21544.0,1269902.12875317,170821.99773097,1.0,0.0,
21545.0,1270094.50206536,170813.068962961,3.0,93182.0,11.442309848973883
21548.0,1265665.69002883,172888.887973085,2.0,6469.716892683606,8.774887629610785
21549.0,1265665.84983683,172851.800421044,2.0,3182.132149540922,8.065306738375071
21550.0,1262998.95293809,173334.200357541,3.0,52331.465612924025,10.865353106100452
21552.0,1259964.15747899,185049.369201541,1.0,0.0,
21553.0,1272637.71249996,197856.403326645,1.0,0.0,
21556.0,1263452.27383456,169094.772193193,1.0,0.0,
21557.0,1283360.58540694,185039.322929516,3.0,129373.0481618682,11.770455356216415
21558.0,1283548.57977514,185048.304561526,1.0,0.0,
21560.0,1274748.65778212,185689.596914187,3.0,352861.2979814556,12.773830335135461
21562.0,1272786.19256411,185358.359089851,3.0,46919.51653296221,10.75618899864276
21563.0,1274235.3113496,193562.242234245,4.0,650769.4719460506,13.385910744723478
21564.0,1274328.37611769,193313.07180199,3.0,167795.53586884018,12.030501468780782
21565.0,1262537.50436161,182501.199726924,3.0,837123.4815420315,13.637726867314372
21566.0,1265673.57354884,173199.444389403,2.0,49875.58474314527,10.817286878296775
21568.0,1272793.39429213,185480.78699398003,3.0,85040.03386020848,11.35087741118377
21569.0,1273450.9946768,185459.63217794904,3.0,56475.86978058993,10.941568742379005
21570.0,1262641.34436172,171255.690723404,3.0,426346.4913971437,12.963007654740634
21571.0,1262410.14506549,171268.821603417,1.0,0.0,
21574.0,1263795.86013891,180840.653869227,3.0,1271324.2763028336,14.055569652408245
21575.0,1263804.70948292,180666.087917045,2.0,46592.0,10.749184131556358
21578.0,1265429.17642859,180163.293996528,3.0,59315.9757770117,10.990633954722965
21583.0,1261565.25661662,174037.004390255,3.0,232928.0,12.358484671917985
21586.0,1261830.3869849,173718.599205926,1.0,0.0,
21587.0,1261874.45712894,173384.610021591,4.0,1167534.3433665042,13.970404684252289
21588.0,1264109.98615523,180881.84868526497,3.0,1350591.71623928,14.11605336271097
21591.0,1272805.09701213,185751.298930258,4.0,923302.7563877824,13.735712473121565
21592.0,1277739.85714519,182695.323055118,1.0,0.0,
21593.0,1278011.98130547,179142.895147488,1.0,0.0,
21594.0,1262565.53021765,185090.121713579,1.0,0.0,
21595.0,1263119.99466622,182120.13323053703,3.0,989524.0302674652,13.8049793289926
21596.0,1262702.19888979,181842.237806246,1.0,0.0,
21597.0,1262267.19453734,183009.30014345,3.0,166904.0190894729,12.025174190183673
21598.0,1274112.20824547,185970.585522473,3.0,94936.86672265892,11.460967388850142
21599.0,1260884.12579992,173965.36970219,2.0,46592.0,10.749184131556358
21600.0,1260804.09315984,173756.191013977,1.0,0.0,
21601.0,1274480.70520586,180414.056940794,4.0,556700.1711006295,13.229782081519549
21603.0,1263108.1708582,182303.880942717,3.0,912841.8308335504,13.724317903422959
21604.0,1263268.83722638,182383.620590806,1.0,0.0,
21605.0,1273953.54027732,180421.85681279,3.0,176338.6797249171,12.080161741513733
21606.0,1276688.86680812,186982.648499519,4.0,401925.89465564216,12.904023008955516
21607.0,1277075.42802452,186929.997299463,1.0,0.0,
21608.0,1264994.92202814,172320.982884496,1.0,0.0,
21611.0,1260792.33955984,184526.853488997,3.0,167521.1795892232,12.028865067562519
21612.0,1272376.7012357,181760.822958171,3.0,804080.9821541837,13.597455267161143
21613.0,1278568.54713003,184159.438576624,1.0,0.0,
21614.0,1261346.1448724,170085.51625821,3.0,96325.53360514498,11.475488709111977
21615.0,1260107.96496713,169595.356449708,2.0,0.0,
21617.0,1282645.47135821,184659.949681133,3.0,77180.88062936919,11.253907045098673
21618.0,1282633.8394862,185909.081394419,3.0,436690.0325992542,12.986978914846912
21619.0,1282643.67315021,185919.286450431,1.0,0.0,
21621.0,1272485.46021181,197086.900221854,1.0,0.0,
21622.0,1297352.37729327,179015.560747355,4.0,139769.99999999997,11.847753493478953
21623.0,1297352.20538928,179000.749739334,1.0,0.0,
21624.0,1277047.87301648,180030.952748388,1.0,0.0,
21626.0,1263334.56349844,180886.678381264,1.0,0.0,
21627.0,1271351.02411465,171021.81065917,1.0,0.0,
21628.0,1283251.28742284,185064.940721557,3.0,193827.80625793716,12.174725447289777
21630.0,1260496.01994354,169732.953633845,3.0,4537.933727667279,8.420227061369614
21631.0,1261539.1730326,183030.708847463,1.0,0.0,
21633.0,1264132.56381926,180604.442092985,1.0,0.0,
21640.0,1264104.33751522,172602.869156793,1.0,0.0,
21641.0,1274507.07461388,175788.689256057,1.0,0.0,
21642.0,1260516.65539955,168274.789216354,3.0,298743.3665306427,12.607340177899813
21644.0,1262599.51671368,181022.241773412,1.0,0.0,
21645.0,1261761.03876083,173486.211877689,1.0,0.0,
21648.0,1262269.49373735,174021.103206247,3.0,295536.1960488261,12.596546599185869
21649.0,1278145.6237376,179840.824172199,1.0,0.0,
21650.0,1259738.79837476,169624.880993739,1.0,0.0,
21651.0,1273960.58258133,181068.098925456,2.0,37953.10696970858,10.54410664955715
21652.0,1269888.32990515,171106.90531525,1.0,0.0,
21653.0,1262347.28624943,174016.524454236,3.0,826920.6273531213,13.625463992801377
21656.0,1265123.34532426,171831.011107996,1.0,0.0,
21658.0,1274255.72139762,180906.206573293,1.0,0.0,
21659.0,1264909.34769206,180074.768236443,1.0,0.0,
21661.0,1261488.17706455,173705.103205919,1.0,0.0,
21662.0,1271127.93009841,173896.658214107,3.0,706362.2523607506,13.467883490208695
21664.0,1262071.18935314,185080.660465568,1.0,0.0,
21665.0,1261828.7820569,168187.280864269,3.0,901684.0063535286,13.712019412116017
21666.0,1261821.76496889,167787.34332785,1.0,0.0,
21667.0,1263379.58634648,181984.878638402,1.0,0.0,
21668.0,1276305.41317572,181379.497261778,1.0,0.0,
21669.0,1272818.15013215,186259.015090778,3.0,47064.585001455336,10.759276086380677
21670.0,1273227.74379657,186241.911090761,1.0,0.0,
21671.0,1283058.59225464,185880.388530388,2.0,212020.44795633465,12.264438001627115
21672.0,1264306.39581944,181489.651245892,1.0,0.0,
21673.0,1272657.80203599,187048.233331576,3.0,514712.402927962,13.151363582743091
21674.0,1261991.47101706,172737.127396926,2.0,1071859.2482262512,13.884905313696102
21675.0,1262337.04087342,182873.9555673,1.0,0.0,
21676.0,1262998.95293809,173214.755429417,1.0,0.0,
21677.0,1265030.63127618,182129.414382547,1.0,0.0,
21679.0,1263744.51146686,172619.093860805,1.0,0.0,
21680.0,1272811.39851615,186016.409586519,3.0,108723.54712713372,11.596563674554147
21681.0,1277679.21426512,183271.800239712,1.0,0.0,
21682.0,1271220.84267451,174725.490918964,1.0,0.0,
21683.0,1276313.25144772,181965.830446377,1.0,0.0,
21685.0,1282697.38105427,185803.092082307,3.0,358813.2640198502,12.790557376208824
21688.0,1272592.84254792,185360.206833854,1.0,0.0,
21689.0,1263464.69047457,169261.704929367,1.0,0.0,
21690.0,1278619.16185009,183820.028464273,1.0,0.0,
21711.0,1282675.94047825,180700.565549076,4.0,268343.5214317265,12.500023235080368
21712.0,1281399.11231694,177734.460906044,3.0,114783.15511630932,11.650800019665017
21713.0,1281735.57062128,177727.689962029,4.0,897327.1786625301,13.707175822209503
21714.0,1283207.74777479,178891.996011227,1.0,0.0,
21715.0,1283652.78956725,178872.263147205,2.0,46592.0,10.749184131556358
21716.0,1280127.55186763,177406.065897703,2.0,7226.215844179441,8.885470781754059
21717.0,1280278.89733979,177383.062377676,2.0,15110.236267197432,9.62312769162352
21718.0,1283394.14969498,177640.402409941,3.0,64702.5310609114,11.077555599676089
21719.0,1284156.24659176,179205.458347544,3.0,661892.2232408607,13.402858016892896
21720.0,1284141.83481574,178905.07601124,3.0,46592.0,10.749184131556358
21721.0,1282378.10540594,176981.591721267,3.0,118581.47379214432,11.683355545857966
21722.0,1282686.34073426,176975.530345261,3.0,54069.5236726226,10.898025972879555
21723.0,1280669.46745218,177749.253866062,3.0,225810.53289412928,12.327451576616534
21724.0,1280646.38514817,176912.195817202,2.0,9462.997958447866,9.155144520767733
21725.0,1284411.38880002,178120.539882436,1.0,0.0,
21726.0,1283038.45715061,178620.893546954,4.0,119345.63305972176,11.68977904173621
21727.0,1284408.95308802,178898.374955237,1.0,0.0,
21728.0,1282038.02374159,178037.934378356,3.0,125900.16589814506,11.743244537729307
21729.0,1282379.69004594,178021.267754331,3.0,80890.1677426108,11.300847559722431
21730.0,1281072.1953246,177051.67261734596,3.0,62013.17603130608,11.035102158082736
21731.0,1281779.23718132,177023.260265321,3.0,123800.07018722392,11.72642320617289
21732.0,1282706.23046227,177645.857449949,3.0,187573.9106268745,12.141928236730129
21733.0,1283036.33638261,177642.077225953,3.0,67887.84795481921,11.125612327792226
21734.0,1281088.41708462,177514.970217824,3.0,100047.0926562388,11.513396280681503
21735.0,1281778.79986933,177491.231785789,3.0,277487.6430285982,12.53353168155048
21736.0,1281097.05158062,177737.098730043,4.0,141073.7320248999,11.857037954846566
21737.0,1280724.52441224,177749.969130054,3.0,270459.4064618879,12.507877297474502
21738.0,1283897.3038715,178909.589803249,4.0,546136.6878534469,13.21062456745013
21739.0,1283841.05363144,178838.756651178,3.0,465124.41260832513,13.050060202779704
21740.0,1282640.52390221,181220.18359760905,3.0,312952.9175427933,12.653808035021624
21741.0,1282380.67500594,177679.981737986,4.0,426558.3760956459,12.96350450898766
21742.0,1284365.54239997,179447.440107793,1.0,0.0,
21743.0,1282380.21106994,177980.121834293,3.0,68071.228751653,11.128309917574109
21744.0,1282998.44012657,177982.205162302,2.0,51347.323149916585,10.846368084492882
21745.0,1282817.35750239,179039.796587378,2.0,125927.89275704004,11.743464742413051
21746.0,1282781.66988635,179818.013164178,3.0,197941.12900972285,12.195724937232146
21747.0,1281066.9194206,176892.42224918297,3.0,36635.90469229302,10.508784041042615
21748.0,1282066.15295762,178630.867946967,2.0,46592.0,10.749184131556358
21749.0,1281645.83622119,178056.16369037298,3.0,1078492.6011024294,13.891074884428456
21750.0,1283034.66156662,176985.62090528,3.0,48041.12735163157,10.77981274285512
21751.0,1281792.43174134,177351.732393652,3.0,125340.08075480888,11.738785968064471
21752.0,1283831.93913543,178922.089771256,3.0,71716.42706040305,11.18047510858078
21753.0,1282378.07065395,177344.304553643,3.0,132641.09153818715,11.795402199664174
21754.0,1280113.91570762,177787.098602101,1.0,0.0,
21755.0,1280137.26412365,177761.248298064,4.0,152713.05853813986,11.936316005154362
21756.0,1283068.95545465,176987.054953277,1.0,0.0,
21757.0,1282662.39884622,181495.009837896,3.0,865244.6501460436,13.670767578463213
21758.0,1274241.99902961,181851.147566259,1.0,0.0,
21759.0,1274239.51243761,181733.710830137,3.0,110124.76064319772,11.609369189735077
21760.0,1285582.84576122,210381.818891481,3.0,898013.8515962306,13.707940772105497
21761.0,1277977.78021744,224181.146905601,3.0,258650.0067890204,12.463231101679565
21762.0,1287251.02809893,207355.251784369,3.0,480316.3966926459,13.082200325510033
21763.0,1285915.39756957,210249.961163342,3.0,756280.9498169993,13.536168212867619
21765.0,1284978.20326459,210764.539211869,3.0,1730577.378985276,14.363965655871656
21766.0,1277703.10034515,224124.36783354,3.0,6048.080493743782,8.707496226921561
21767.0,1285272.9083529,210393.445451483,3.0,1384981.6645716298,14.141197458939505
21775.0,1287855.28179555,205646.224006623,3.0,445835.0532446446,13.007704326821745
21776.0,1287117.46048279,207785.904136822,3.0,528733.9334856595,13.178240623038242
21781.0,1275932.48645534,180094.070700467,3.0,51406.57454392469,10.847521352678422
21782.0,1275463.57663086,180080.327980444,4.0,6396.472072826949,8.763501878739108
21783.0,1275945.38079135,180649.070893034,3.0,124992.1598299634,11.736006292957079
21784.0,1275151.02571854,181114.389869511,3.0,57839.29743857807,10.96542371012295
21785.0,1274477.53496584,179284.817707628,4.0,208076.1989723344,12.245659632810042
21786.0,1274952.17739834,181422.032621816,3.0,200875.5313774037,12.210440748350086
21787.0,1274583.96158996,180413.661292791,4.0,233183.4892715476,12.359580930229633
21788.0,1274397.85042177,179337.069931686,3.0,83124.67770686082,11.328096900739942
21789.0,1274346.46136571,179156.8616115,3.0,225334.79522623704,12.325342554026347
21790.0,1274507.60901389,180097.360428467,3.0,65937.86003938796,11.096468062950608
21791.0,1274442.53272581,179753.67703610696,3.0,40734.198770456096,10.614823283236364
21792.0,1274594.15576597,179399.74173975,3.0,165019.25918798088,12.013817468422593
21793.0,1275263.12395865,180084.517932445,4.0,25302.83845118759,10.138671860169133
21794.0,1274932.55768631,179746.5940281,4.0,82563.32235127506,11.321320821563601
21795.0,1275510.92133491,179755.455596119,4.0,27893.070054363063,10.23613355180848
21796.0,1266508.26545368,211967.580429092,3.0,685768.6805600086,13.438295649493359
21797.0,1279746.43385124,205730.829446718,1.0,0.0,
21798.0,1271099.08203439,221829.320215195,1.0,0.0,
21799.0,1265808.11953297,211927.681613058,1.0,0.0,
21800.0,1279023.2450505,242523.66794838,3.0,780237.7339894678,13.567353939393586
21801.0,1277506.61093695,199386.99078421303,3.0,151504.67494217362,11.928371761159587
21802.0,1278423.53228189,198102.68006290504,3.0,120931.4680029154,11.702979283983863
21803.0,1271116.75723441,222092.915223464,1.0,0.0,
21804.0,1275426.66232683,202126.871491015,3.0,188505.7996747568,12.146884052902234
21805.0,1279745.58905125,194055.41746676,1.0,0.0,
21807.0,1277229.98840867,240958.519850791,1.0,0.0,
21808.0,1276995.82028043,242078.644907936,1.0,0.0,
21809.0,1276986.68018442,242103.203243956,3.0,93182.0,11.442309848973883
21810.0,1277084.25349651,242544.92580440603,3.0,88911.21984556259,11.395393621025145
21811.0,1277109.17208855,242555.140012413,1.0,0.0,
21812.0,1291621.94125541,183579.358384028,1.0,0.0,
21814.0,1273159.87058049,219294.270228595,3.0,245931.47420208555,12.41280821595529
21815.0,1286919.67577858,171468.507555634,2.0,1913.584126984127,7.556733268876659
21816.0,1272996.44504434,219937.21282126,3.0,869070.5679524064,13.675179606879627
21820.0,1272329.76037166,219682.507605001,3.0,892934.5803846839,13.702268598927285
21821.0,1273068.2753164,219995.519445315,3.0,762091.6948453978,13.543822161871955
21822.0,1275148.89381453,239491.999145284,1.0,0.0,
21824.0,1279666.95666716,205736.310790718,1.0,0.0,
21825.0,1279301.85369079,207611.781448632,1.0,0.0,
21833.0,1273411.20440476,221805.243543178,2.0,55676.09316486792,10.927306126685712
21835.0,1263037.83901814,261816.846912146,1.0,0.0,
21836.0,1296865.28250878,183146.000623584,3.0,269363.24155894294,12.503816088062154
21837.0,1297034.97274895,183136.26903957097,3.0,139768.0,11.84773918415428
21839.0,1273751.67685311,223687.342105106,4.0,111573.61622283144,11.622439887205294
21840.0,1273691.96498105,223687.964505106,2.0,33151.01266263698,10.408828543039949
21841.0,1293364.80948119,181289.950893685,3.0,189285.73659237372,12.151012986193642
21842.0,1293510.93421733,180852.658093229,1.0,0.0,
21843.0,1297031.09876494,182793.564015225,1.0,0.0,
21844.0,1280911.42758043,180564.30897294,1.0,0.0,
21848.0,1280285.1739478,181003.312301397,2.0,89572.67712029163,11.402805609604608
21850.0,1286874.24902654,169783.542753905,3.0,1136320.035184575,13.943305559700475
21860.0,1283532.88102312,176290.792552561,3.0,134156.55993026093,11.806762754622879
21863.0,1283523.35315111,175999.114024267,1.0,0.0,
21870.0,1275004.29010239,204141.866437078,2.0,778126.0196450725,13.564643769021593
21872.0,1289377.00416511,180106.348908469,2.0,46592.00000000001,10.749184131556358
21873.0,1289386.49235712,180114.713388488,1.0,0.0,
21874.0,1270325.8700016,222791.018776178,3.0,64362.01939810153,11.072278977216035
21875.0,1270318.5389936,222485.198551863,3.0,44476.937322127305,10.702726071385836
21876.0,1270332.7640176,223096.93647249,3.0,33143.33689322342,10.408596976714938
21880.0,1279972.82514748,179744.221676096,1.0,0.0,
21886.0,1279675.48812318,172879.814117074,1.0,0.0,
21887.0,1280051.20229955,173990.47792621,1.0,0.0,
21888.0,1276985.07359241,185418.898673907,1.0,0.0,
21889.0,1278077.33484153,174846.341351092,1.0,0.0,
21890.0,1281584.17855713,180909.219693288,1.0,0.0,
21899.0,1278271.69170573,229222.174558774,3.0,46872.94044757495,10.755195825189046
21902.0,1281566.19334111,224031.574041456,1.0,0.0,
21904.0,1278270.60447374,229195.683486745,1.0,0.0,
21914.0,1264775.61309992,216067.97320129,2.0,130073.68119282868,11.775856347285877
21915.0,1265600.67870076,216931.883538187,4.0,120227.34059863228,11.697139734441548
21916.0,1282540.3059181,194593.300923303,3.0,93182.0,11.442309848973883
21917.0,1282539.4574701,194580.35801129,1.0,0.0,
21918.0,1265074.67351621,216615.74472186,2.0,33147.86303402184,10.408733530007392
21924.0,1267246.49988644,229114.458206654,3.0,15348.921364779855,9.638800481150884
21925.0,1282448.53740601,194600.282491311,1.0,0.0,
21926.0,1265967.48766114,216971.318162218,1.0,0.0,
21931.0,1282707.58015828,194581.148347288,3.0,144487.86641386227,11.880950813554751
21945.0,1273682.87512504,193678.206266373,1.0,0.0,
21946.0,1293286.06784911,189036.85797362,1.0,0.0,
21948.0,1260268.8697993,187205.779251739,2.0,186344.0,12.13534970691119
21949.0,1272674.24491601,192771.614585444,1.0,0.0,
21952.0,1276452.29874387,189078.458613664,1.0,0.0,
21955.0,1272756.85464409,233140.40720278,1.0,0.0,
21960.0,1279049.88377053,211016.637132123,1.0,0.0,
21962.0,1289249.68352498,191330.941303968,1.0,0.0,
21963.0,1289093.88205281,191270.082807899,1.0,0.0,
21964.0,1278958.73202644,210670.902283773,1.0,0.0,
21965.0,1288642.76122035,191391.11372003,1.0,0.0,
21966.0,1288832.11091655,191204.31256783,1.0,0.0,
21967.0,1288648.61062837,191415.586808056,1.0,0.0,
21972.0,1266345.98660553,212117.55162924496,3.0,180062.2619935367,12.10105797002684
21986.0,1281350.67014089,173711.314469919,3.0,110827.84816925404,11.615733358983036
21987.0,1281345.28825288,173359.057637557,1.0,0.0,
21988.0,1295094.65908296,182796.199791223,2.0,46592.0,10.749184131556358
21991.0,1280692.78988421,182345.930030763,2.0,8793.152340804589,9.081728554465426
21992.0,1295308.54906718,182797.584687233,1.0,0.0,
21993.0,1278216.39263368,180684.342829064,1.0,0.0,
21998.0,1281389.21862093,174614.236198843,1.0,0.0,
22000.0,1278398.11205786,180497.89079687,1.0,0.0,
22004.0,1278185.84805764,174789.836263031,1.0,0.0,
22005.0,1271786.8241151,212114.164173245,3.0,343400.47588198824,12.746652613239508
22007.0,1272434.77361976,211994.957069129,3.0,220173.42980400735,12.302170832066567
22009.0,1265852.91505301,212225.48250936004,3.0,292439.1459539956,12.586011875988529
22011.0,1268599.41086383,212042.40410918,4.0,213128.74265843217,12.269651687726407
22013.0,1283148.89196673,211541.998988658,1.0,0.0,
22015.0,1281114.96326065,211231.88474834,3.0,138444.18706173025,11.83822254188691
22019.0,1283142.41753472,211542.372620657,1.0,0.0,
22036.0,1279408.0113229,177224.585961521,3.0,106952.0047644288,11.580135459210313
22040.0,1283288.46316688,180267.889260635,1.0,0.0,
22042.0,1279584.41810708,174030.228518248,1.0,0.0,
22043.0,1283283.17023887,180512.754604891,1.0,0.0,
22046.0,1280693.82399622,182371.784302786,2.0,35310.24872391799,10.471928532905496
22053.0,1279233.50085872,177232.594793528,2.0,46592.0,10.749184131556358
22054.0,1279213.26757869,177190.021097481,1.0,0.0,
22055.0,1277299.78130473,175350.877415597,1.0,0.0,
22057.0,1277451.56933689,180652.070893034,1.0,0.0,
22058.0,1277632.59724107,175388.547943637,1.0,0.0,
22059.0,1282347.7580779,186453.723698974,1.0,0.0,
22060.0,1278738.26393022,173428.81994164,1.0,0.0,
22061.0,1276104.87423152,224649.368410081,1.0,0.0,
22081.0,1268049.64292726,174591.226086825,4.0,886090.6641730842,13.694574554118345
22083.0,1273650.128437,202400.674371302,3.0,43909.79130071408,10.689892610657063
22084.0,1266451.78884563,169577.116321683,2.0,26728.64905321594,10.193491267384967
22085.0,1274826.7638942,202518.562307417,1.0,0.0,
22086.0,1273612.83294897,202312.979011208,2.0,3265.552238128505,8.091184166191796
22087.0,1273550.24549291,201943.46105884,1.0,0.0,
22088.0,1273885.25758924,202272.170371175,2.0,46592.0,10.749184131556358
22089.0,1273879.91275723,202252.229507148,1.0,0.0,
22090.0,1282683.49260625,180164.888492525,2.0,194997.0606082607,12.180739763628482
22091.0,1281653.4654692,182121.24779053,3.0,155144.785677668,11.952114061046645
22093.0,1281864.87122941,181090.78065347704,3.0,595213.1038097033,13.296674778067988
22094.0,1281866.86892542,179258.369643599,2.0,242490.5860214786,12.398718168076153
22104.0,1286111.48608176,172901.147109091,3.0,486528.327737,13.095050406532767
22116.0,1286012.81862566,197934.986174732,1.0,0.0,
22117.0,1285582.39526522,198199.991166994,1.0,0.0,
22118.0,1285589.33324923,198458.363711268,1.0,0.0,
22119.0,1285583.03142522,198206.033151001,1.0,0.0,
22120.0,1276950.11992837,179469.917739823,1.0,0.0,
22123.0,1282762.26214233,182960.151919395,3.0,962436.5047746171,13.77722337390269
22124.0,1282762.57254234,182331.641710758,2.0,1000286.37627246,13.815796893238877
22125.0,1281890.31410944,186039.766514555,3.0,879852.2017205815,13.687509219758525
22126.0,1285611.33484925,181985.597742394,3.0,1664162.916122503,14.324832801894399
22128.0,1282285.13484584,180161.052524522,2.0,622862.3010091106,13.342080747672258
22132.0,1276705.55474412,222651.134232044,2.0,4886.62929343284,8.49425803874182
22133.0,1271101.65880239,221581.667862937,1.0,0.0,
22134.0,1265645.9147968,259110.71257337896,3.0,36745.17639355179,10.511762241429114
22139.0,1279173.69618666,177872.082026184,1.0,0.0,
22140.0,1274270.18693364,250198.151988253,2.0,794.739657750802,6.678014586495547
22141.0,1272862.4463242,212529.98714967104,3.0,181556.35835455512,12.109321398837606
22143.0,1263000.5936421,171387.04515554,1.0,0.0,
22144.0,1282185.97132574,198445.354239255,3.0,133672.7228431978,11.803149724648067
22148.0,1282034.04671758,198955.954239771,3.0,296453.6387747064,12.599646123557422
22149.0,1282031.82956558,198835.417407647,3.0,94438.80490843118,11.455707336613145
22150.0,1282027.22194958,198835.448255658,1.0,0.0,
22151.0,1261825.0422169,166959.032671005,3.0,433958.0697398608,12.980703194912532
22152.0,1268292.79831952,229040.600414574,3.0,119195.95016290624,11.688524057892813
22157.0,1261835.4588569,166935.421534985,1.0,0.0,
22158.0,1262039.97290511,166851.740894899,3.0,526000.3496199743,13.173057156396384
22159.0,1268196.87857541,229126.011038661,3.0,9761.723992968986,9.186224302432246
22164.0,1262346.37450543,166454.651806489,1.0,0.0,
22165.0,1262426.94813751,167104.770911157,1.0,0.0,
22169.0,1276703.23884013,247856.105777845,4.0,147979.68618014,11.904830287786254
22170.0,1272739.60997207,212649.6322698,1.0,0.0,
22171.0,1270852.83518614,225974.643291444,2.0,30395.58552247313,10.322052663773333
22173.0,1273802.32926916,250494.493556544,1.0,0.0,
22174.0,1269386.15108864,215882.381649107,1.0,0.0,
22175.0,1286906.33030657,204791.149573743,1.0,0.0,
22177.0,1282670.69209424,225192.761690646,2.0,46340.78727652366,10.74377778697722
22182.0,1274171.55691753,225025.103898466,2.0,21847.52627394553,9.991842980107478
22192.0,1278323.43800978,201768.082178652,4.0,387307.5620562651,12.866974390373594
22195.0,1278255.20882572,201743.082178622,4.0,459032.7308156571,13.036876795466892
22196.0,1278127.48037758,202378.78893128,4.0,1464755.741104494,14.19719905691087
22197.0,1282593.60531016,191317.786423951,3.0,248261.86038216803,12.422239356726578
22198.0,1282427.88620599,191180.093175814,2.0,146.37948717948714,4.986202476815989
22201.0,1282577.15948614,191317.240183949,1.0,0.0,
22202.0,1273842.1096852,223666.739481077,1.0,0.0,
22205.0,1267920.38500713,231108.588768706,2.0,16061.00404253684,9.684149503761816
22206.0,1267968.56209518,231369.005216971,2.0,42239.10071133631,10.651101628175674
22207.0,1274436.77554181,198413.791615218,1.0,0.0,
22210.0,1286940.13536261,174018.463142231,2.0,220463.57991777532,12.30348778978597
22211.0,1290599.79239036,173712.271461919,1.0,0.0,
22212.0,1288339.46426004,172934.026661128,1.0,0.0,
22218.0,1285529.57779317,171867.143588036,3.0,286185.97440181824,12.564397138620686
22221.0,1268088.3416793,229225.075806767,2.0,2.0,0.6931471805599453
22222.0,1268023.01015924,229283.71708683704,3.0,41956.90175304279,10.644398221677365
22224.0,1286749.51731442,171114.545699269,3.0,164685.70164063023,12.011794097829007
22225.0,1286829.2304025,171805.772003978,3.0,121643.76243032396,11.708852072177173
22230.0,1280923.90988445,185534.949618027,4.0,621653.0039398997,13.340137344573863
22233.0,1267953.72875117,228910.351006448,5.0,357582.489266685,12.787121353707514
22234.0,1267448.42436665,250244.86514028895,3.0,35138.97218518246,10.467066112172244
22238.0,1281092.13887662,185168.804017663,3.0,486017.9930509499,13.094000924935886
22242.0,1287146.15398683,205131.483206093,1.0,0.0,
22246.0,1279769.43775527,203992.930372939,1.0,0.0,
22248.0,1280087.18188359,203974.77197291,1.0,0.0,
22250.0,1273553.8147089,192751.131385416,2.0,1287102.5575720845,14.067904170716595
22251.0,1273954.95595731,192410.353849068,3.0,1267368.498362964,14.05245326023913
22252.0,1274603.10258198,192211.88536886903,3.0,1367575.0919220045,14.128549723596636
22253.0,1273703.56965305,193586.494522274,2.0,466946.7860983312,13.053970581760845
22254.0,1273984.30232534,193229.02604191,4.0,161576.27909314758,11.992732626504822
22255.0,1274019.29112537,193052.651769727,3.0,145425.58954231098,11.887419822697588
22256.0,1273858.84229322,193236.02181792297,3.0,62040.24426295354,11.035538554467662
22257.0,1255784.4808027,247803.711217791,3.0,1112117.4025622075,13.921776326063428
22258.0,1273979.67211734,192879.40632955695,3.0,46543.94037282811,10.748152099641606
22259.0,1273766.26770112,192637.24741730103,3.0,27434.715580625663,10.219564482412753
22263.0,1283521.0818551,229557.013471112,2.0,4518.698584059176,8.415979307487525
22264.0,1283309.2639989,229654.64284721,3.0,67268.82008538024,11.116452110883369
22265.0,1272637.49432397,219661.91182898,4.0,196542.74334276965,12.188635210009547
22266.0,1283258.61222284,229988.431903556,1.0,0.0,
22269.0,1286022.78976168,172063.141860232,3.0,208331.50401416008,12.246885859279846
22270.0,1286384.19520204,170322.888802454,3.0,108391.87295993025,11.59350839248272
22272.0,1272053.79339537,213524.616398692,1.0,0.0,
22273.0,1286095.44281775,172124.798244298,3.0,81599.6198497239,11.309579882236983
22279.0,1278505.68831398,182817.339887246,1.0,0.0,
22283.0,1285035.17260866,162378.423706323,1.0,0.0,
22284.0,1285837.14476947,166653.629406691,2.0,46592.0,10.749184131556358
22285.0,1286670.26547433,170486.600418627,3.0,143297.23200366876,11.872676297535278
22288.0,1285689.20640133,166656.295390695,2.0,46591.99999999999,10.749184131556358
22289.0,1285035.64800066,163167.18722713,1.0,0.0,
22295.0,1286307.26585796,168861.691936955,4.0,102182.25207480304,11.534513282912046
22297.0,1272543.41873987,221212.28898257,4.0,45390.55979270201,10.723059428326698
22298.0,1272562.03256388,222130.0040555,3.0,27487.70561997017,10.221494115325084
22299.0,1272538.44107586,220906.307670251,3.0,42346.07002777172,10.653630898319037
22300.0,1272550.94302787,221518.040662885,4.0,34890.09905133739,10.459958373137448
22302.0,1287396.12358707,173554.83184576,1.0,0.0,
22311.0,1266411.08062159,248378.192690387,2.0,694804.7761615833,13.451386187478574
22312.0,1262971.13668206,166979.105503023,3.0,93182.0,11.442309848973883
22313.0,1263275.39562638,167392.876319453,1.0,0.0,
22315.0,1284781.34899239,183596.613232046,1.0,0.0,
22318.0,1275256.29522264,237328.102887064,1.0,0.0,
22320.0,1276385.2657198,234789.548260465,3.0,77683.42954486907,11.260397251641374
22321.0,1276380.05739979,234819.756516501,1.0,0.0,
22322.0,1274448.79845382,237289.289959028,3.0,165614.63868548154,12.017418914885624
22323.0,1274688.33311006,237286.573095024,3.0,87677.50859997465,11.381420687088067
22324.0,1274909.30245429,237271.630247012,2.0,27212.993155974254,10.21144982778463
22329.0,1274906.58559029,236812.937574536,3.0,12033.071036173562,9.39541405786739
22339.0,1270958.24177824,199391.670592219,1.0,0.0,
22340.0,1272984.21573232,194657.124283373,1.0,0.0,
22342.0,1270245.26520151,204600.846469551,1.0,0.0,
22343.0,1280924.31897245,202633.731331542,1.0,0.0,
22346.0,1280915.47647645,202631.081731543,1.0,0.0,
22347.0,1288872.62982859,192018.02751267,1.0,0.0,
22348.0,1288872.62982859,191990.369784638,2.0,46591.99999999999,10.749184131556358
22349.0,1289056.14886878,192155.084344804,2.0,489383.24594743474,13.10090119554169
22351.0,1273550.0216849,201950.120194837,1.0,0.0,
22352.0,1276448.89285587,205531.079238504,1.0,0.0,
22355.0,1286577.74995424,162992.072410941,2.0,93180.0,11.442288385370787
22356.0,1286629.18291429,169777.057569891,3.0,1468714.7122912763,14.19989823091196
22357.0,1279318.7775948,172150.452772319,3.0,491718.99243148207,13.10566267870955
22358.0,1280183.7597397,172394.165476575,2.0,164787.23686968506,12.012410447279303
22361.0,1280237.40172374,172544.416548729,2.0,5530.689748186524,8.618067815162764
22365.0,1277979.13848944,171016.86934717,3.0,53793.70216044079,10.892911679082939
22371.0,1277779.14840923,170762.782626897,1.0,0.0,
22373.0,1277329.09714477,173127.295269325,3.0,262967.8733396117,12.479787149096184
22374.0,1278378.86111385,173112.122725308,3.0,286106.9450444981,12.56412095362822
22375.0,1278047.1187135,170925.674979076,1.0,0.0,
22376.0,1278441.37804191,171323.943907484,3.0,468744.8170067124,13.057813799153282
22380.0,1289222.05894895,182679.262703106,2.0,523884.0323314895,13.169025626465503
22383.0,1286117.89977777,164877.886236876,2.0,46592.0,10.749184131556358
22384.0,1279701.8804432,175775.02359204003,3.0,261494.9602824992,12.474170289959142
22386.0,1279707.42898721,176150.659624428,1.0,0.0,
22408.0,1264050.95281117,209746.527498826,1.0,0.0,
22414.0,1284203.48729581,193775.369466469,2.0,124885.34759448572,11.73515137613736
22418.0,1291869.67699966,189808.029942408,1.0,0.0,
22419.0,1288573.49459629,176340.882344618,4.0,132578.7137454501,11.794931814024457
22420.0,1289328.25261305,176239.845480517,1.0,0.0,
22421.0,1288754.46080446,176051.669352323,4.0,94636.89517595942,11.45780269143575
22422.0,1288505.26150821,176314.06909659496,3.0,492314.006568275,13.106872016627921
22423.0,1289293.22579701,175975.194792241,1.0,0.0,
22426.0,1288270.74195597,176596.710248873,3.0,716940.6779131236,13.482748379636062
22427.0,1288351.06950806,176645.52215293,3.0,134701.9616967652,11.810819925742782
22428.0,1288642.65062836,176007.574952275,3.0,375437.8124160291,12.835848123730754
22430.0,1281342.96153288,218750.096084043,2.0,17044.410077583583,9.743577574268386
22431.0,1289508.69914123,176486.426024765,1.0,0.0,
22432.0,1289069.68787679,175240.985959485,1.0,0.0,
22434.0,1289067.84077279,175285.937959537,1.0,0.0,
22435.0,1284410.18899202,193535.00741823,2.0,79564.45998960912,11.284322789586867
22436.0,1284508.14905612,193421.19301810896,3.0,35508.923741502666,10.477539316874683
22440.0,1273035.32786037,194951.09215568,1.0,0.0,
22441.0,1279379.13733886,206716.894407719,1.0,0.0,
22443.0,1273739.27365309,194795.379899517,1.0,0.0,
22445.0,1280568.80882809,201338.115842208,1.0,0.0,
22447.0,1277290.40760873,173544.322341755,3.0,661884.096284386,13.402845738449242
22449.0,1271749.62833905,168595.911648691,1.0,0.0,
22461.0,1262637.71152973,167421.700703487,1.0,0.0,
22462.0,1282126.76735768,223345.77685675,3.0,103115.87810152104,11.543608664951499
22463.0,1282253.46034981,223350.264408752,1.0,0.0,
22468.0,1274523.62770189,223915.747481331,1.0,0.0,
22470.0,1277713.65349716,246047.177007988,1.0,0.0,
22478.0,1273883.20606925,241532.50788337,1.0,0.0,
22479.0,1281156.92057268,223535.53109695,1.0,0.0,
22484.0,1281308.79359685,221531.102678895,2.0,46592.0,10.749184131556358
22485.0,1281306.16665284,221669.27695103,1.0,0.0,
22488.0,1270600.22219388,202164.916995063,1.0,0.0,
22490.0,1269962.46718523,209777.201290861,1.0,0.0,
22491.0,1277337.66572078,202954.409475863,3.0,50362.74457874539,10.827006985854062
22493.0,1279132.48069862,203385.408324316,1.0,0.0,
22501.0,1277752.0910652,213580.582478747,1.0,0.0,
22502.0,1286695.55219436,255188.265337363,1.0,0.0,
22503.0,1271471.74110676,224963.976026401,3.0,458934.89370385424,13.03666363519945
22504.0,1279204.0078027,222236.775447607,1.0,0.0,
22508.0,1284580.75654419,206350.681607351,1.0,0.0,
22509.0,1278404.70687386,216076.854737312,1.0,0.0,
22511.0,1278723.50905019,216671.134673908,1.0,0.0,
22512.0,1284405.31788802,206530.988615528,1.0,0.0,
22513.0,1284536.23827215,206529.502087533,1.0,0.0,
22517.0,1274408.95173378,192620.84549728,3.0,343976.5023186781,12.748328626809347
22518.0,1273795.04811715,193083.505721763,3.0,109795.14631907608,11.60637160233621
22522.0,1273228.97054857,193717.961786404,3.0,1471468.8671723243,14.201771689226495
22523.0,1273384.15128472,193758.034170449,3.0,613069.7133877113,13.326233933391327
22531.0,1263197.6900263,259695.865597978,3.0,1035639.2699559376,13.850529446144376
22548.0,1263350.87645845,259639.365693912,2.0,40127.47553056548,10.599816553995037
22550.0,1272886.76222822,174861.525415108,3.0,1543655.7917513847,14.24966405191014
22551.0,1269728.04971299,174244.591910467,3.0,1028330.2194244128,13.843446898536529
22553.0,1270260.47153753,174916.944231153,3.0,181181.65901096852,12.107255447881702
22554.0,1280294.7582038,172552.761956736,3.0,820254.5889582414,13.61737004539257
22555.0,1279937.14213943,173084.815013289,3.0,559928.48561269,13.235564350293394
22556.0,1284984.64025661,165231.437725246,1.0,0.0,
22557.0,1272472.6403078,165321.161949337,1.0,0.0,
22558.0,1291476.61120726,172595.453476787,1.0,0.0,
22559.0,1264757.8338999,212135.481037274,2.0,26174.612927205344,10.172545247748033
22565.0,1279119.6355786,242822.334060699,3.0,704283.8609211704,13.464936765408007
22566.0,1279696.25516319,242719.110188589,4.0,676928.067872924,13.42532029495381
22567.0,1272390.94462772,234214.177379876,4.0,70566.9243669142,11.164316820317534
22568.0,1275109.9208225,242343.100716203,3.0,54942.7770027959,10.91404750447298
22569.0,1275130.48901452,242581.09406045097,5.0,896448.6260159876,13.706196265327868
22572.0,1275110.0497825,242575.488044441,1.0,0.0,
22573.0,1261310.95037636,257808.507452041,2.0,522736.2517523591,13.166832317093018
22574.0,1265583.19940475,212123.091981262,2.0,32278.80300328178,10.382166040013622
22577.0,1279774.23071527,185756.690930262,1.0,0.0,
22580.0,1275851.87967126,185831.456242338,1.0,0.0,
22581.0,1275845.09912725,185641.553714141,3.0,93182.0,11.442309848973883
22587.0,1275667.96594307,185646.763378143,1.0,0.0,
22593.0,1278374.07832983,214711.74919991204,3.0,93182.0,11.442309848973883
22597.0,1297370.26113328,179097.798443437,1.0,0.0,
22598.0,1278138.5650496,214718.526735917,1.0,0.0,
22600.0,1278378.32965784,214869.048400074,1.0,0.0,
22602.0,1297362.76871729,178999.94429934,1.0,0.0,
22603.0,1274216.83730158,227958.943517476,4.0,237078.9292264574,12.37614839938431
22604.0,1274538.77957392,227956.214813471,4.0,276122.7139241967,12.528600661554409
22605.0,1274349.99454972,225758.750683218,1.0,0.0,
22606.0,1288893.05798861,204541.700933501,1.0,0.0,
22607.0,1271907.47742721,231987.362593591,2.0,20.976190476190474,3.043388007652811
22608.0,1277827.54757728,255699.147513881,1.0,0.0,
22609.0,1277843.7457213,255825.874618009,1.0,0.0,
22611.0,1272195.38693151,231018.521056607,2.0,5066.950230807847,8.530494383206998
22612.0,1272355.11729968,230870.435360461,3.0,47228.21513212539,10.762746771198412
22615.0,1272355.10910767,230884.493408471,1.0,0.0,
22616.0,1285841.75993748,196800.379837573,1.0,0.0,
22618.0,1271642.27518694,174555.21239078,3.0,79853.65330852485,11.287950904738388
22619.0,1271643.71845095,174843.507751077,1.0,0.0,
22622.0,1273616.80536497,237608.315239355,1.0,0.0,
22625.0,1281862.50866941,182136.739886552,1.0,0.0,
22635.0,1280251.39052376,176141.327656418,3.0,160511.78224678317,11.98612262849513
22636.0,1280546.05298807,176133.331240401,2.0,11544.468003665765,9.353961640490036
22637.0,1280967.1059805,202942.728451863,1.0,0.0,
22638.0,1278019.39698547,210690.25197978303,3.0,296475.43151755247,12.599719632325831
22639.0,1278026.01176949,210706.914315805,1.0,0.0,
22640.0,1270484.77784176,229220.731998771,3.0,140440.264712624,11.852537515161139
22641.0,1277914.32760938,243971.557485864,2.0,35009.89439522734,10.463385997526776
22642.0,1274097.58949345,218742.66306003896,3.0,92670.73669057104,11.436808024161431
22645.0,1274088.55934945,218153.476563439,1.0,0.0,
22646.0,1277549.773241,244315.18801422403,3.0,85061.00291950307,11.351123959468223
22647.0,1277209.31160864,244089.833133996,3.0,194518.11867325896,12.178280592834405
22648.0,1277214.19026466,244250.002798155,2.0,86517.61175263448,11.368103276272173
22651.0,1274026.74219738,218743.766036034,1.0,0.0,
22653.0,1272237.60376355,234121.674915791,3.0,262999.6540017521,12.479907995576344
22655.0,1272494.16325182,198141.537214935,1.0,0.0,
22663.0,1266156.70154932,242303.604780167,2.0,3392.3100201255315,8.129266390177971
22664.0,1275510.2808869,217627.828626901,1.0,0.0,
22665.0,1278085.87973754,211083.344332188,1.0,0.0,
22668.0,1278084.92536955,211112.60282822,1.0,0.0,
22669.0,1278714.87589818,212821.684749976,1.0,0.0,
22670.0,1266166.95678134,242468.232684329,1.0,0.0,
22674.0,1274329.75378169,222694.041624084,2.0,45382.78272340364,10.722888076934277
22675.0,1272439.36254776,211745.587468877,1.0,0.0,
22681.0,1269274.33995251,173436.016101643,3.0,67075.81322541324,11.113578799341285
22685.0,1268751.62417598,173440.577445641,1.0,0.0,
22686.0,1273119.95365246,212702.956941858,3.0,93182.0,11.442309848973883
22687.0,1273214.88786055,212690.620365843,1.0,0.0,
22688.0,1273049.11454839,212732.504461884,3.0,205950.7659372462,12.235392418901963
22690.0,1272251.28216358,198306.597631112,1.0,0.0,
22692.0,1274275.17413364,242343.350444198,1.0,0.0,
22698.0,1259595.45840661,245928.391471878,3.0,1262.8072078320804,7.141092464485159
22710.0,1278076.19013754,207913.20864895,3.0,739326.1238654006,13.513494406867599
22711.0,1278492.86290596,207853.382344887,2.0,88570.63972699281,11.391555701618154
22714.0,1286357.79859401,193550.430586234,2.0,176697.5284991904,12.0821946712218
22715.0,1277713.68824916,207736.108296767,4.0,633632.0512029061,13.359223704066103
22716.0,1279799.4671953,243669.511469558,3.0,396597.8947039582,12.890678186692568
22717.0,1280513.94316404,243998.50423789,3.0,360870.72877195023,12.796275081140292
22718.0,1280949.33305247,244279.344878182,3.0,474810.2963139489,13.070670627063711
22720.0,1278364.67384984,244027.78538993,1.0,0.0,
22721.0,1274573.76837395,242601.613996461,3.0,1217485.629360564,14.012298330469275
22722.0,1276349.60927176,207995.437513024,3.0,497629.19764741615,13.117610495629846
22735.0,1275257.29323864,242266.610412121,1.0,0.0,
22744.0,1274842.79704623,242418.953964278,3.0,97387.06911158492,11.486448720155805
22745.0,1285977.79673763,202681.598019585,3.0,117731.894466826,11.6761652375662
22746.0,1286170.47449782,202675.58950758,1.0,0.0,
22748.0,1282074.67231762,178645.44759497,1.0,0.0,
22750.0,1285755.7223694,205611.987846583,3.0,48455.06147383453,10.788392079846714
22751.0,1272454.72369978,250671.477428734,3.0,42612.186078215535,10.659895549524697
22752.0,1279111.49157859,240330.214698136,3.0,189405.66778360915,12.15164638422623
22760.0,1274832.27410221,243132.655917004,2.0,7302.830202800722,8.896017251014436
22761.0,1274886.47768627,242900.588140771,3.0,176426.40612462736,12.080659105935768
22762.0,1274862.72773424,242945.92926082,2.0,17608.21825841531,9.776121018541522
22763.0,1278173.12402563,257579.15820381,1.0,0.0,
22766.0,1283758.84313536,193807.025594503,1.0,0.0,
22768.0,1274378.93406975,242140.103083998,1.0,0.0,
22769.0,1279838.00485934,244631.532526553,2.0,238024.7974910329,12.380130138364885
22770.0,1295192.52897106,179898.111788258,3.0,1466467.381041493,14.198366924425706
22772.0,1275991.58571939,242865.139372736,3.0,53914.05875991668,10.895146553311918
22773.0,1295200.39770707,180306.36094068,1.0,0.0,
22774.0,1281134.99506867,243498.63223739,2.0,7514.707751797849,8.924617412781238
22775.0,1279228.39781871,243308.715309188,2.0,34886.19501605019,10.459846471657341
22776.0,1279340.75026684,243639.002989531,3.0,33679.13029766963,10.42463364550711
22777.0,1268883.35748813,225282.82287474,2.0,959992.6405962986,13.774680897369112
22778.0,1284117.09574372,247239.75825721,2.0,485352.39515262295,13.092630494025945
22779.0,1279490.74802698,243615.325549498,2.0,6588.631645874759,8.793100964946005
22780.0,1279332.46489082,243781.091309682,2.0,39839.03548411222,10.592602501669335
22781.0,1280528.57138805,242934.743596807,3.0,20860.729775139484,9.945623712369452
22782.0,1280810.51570833,243028.493420899,4.0,104193.86778639196,11.554008556151146
22783.0,1280147.32121165,242744.465772614,3.0,209120.68503835503,12.250666804667311
22784.0,1281075.96729261,243329.361581206,2.0,43931.157639331934,10.690379088530927
22785.0,1279128.69234662,241931.531371787,2.0,81779.07099759654,11.311776634079061
22786.0,1280599.51711611,243545.486445427,2.0,11119.017394158827,9.316412200065622
22787.0,1266818.41643001,242085.079915941,1.0,0.0,
22788.0,1274693.63915807,238614.049128383,1.0,0.0,
22789.0,1277378.17976882,241967.844267815,3.0,240716.6984575682,12.391375995928914
22790.0,1276983.38232842,241785.664491639,1.0,0.0,
22793.0,1276813.97317624,242026.279851884,1.0,0.0,
22794.0,1277259.68984869,242224.35460408,3.0,149131.51997634055,11.912583879995777
22796.0,1278330.1440578,243563.045485452,3.0,128255.89262326712,11.761782708357764
22798.0,1269293.41214454,219134.072980434,1.0,0.0,
22799.0,1276264.01330368,218907.070164204,2.0,526801.122853878,13.174578380310415
22800.0,1268863.0494561,225276.99183473,1.0,0.0,
22801.0,1277151.61720859,242470.448556334,2.0,5040.083286948721,8.525177886117113
22802.0,1276793.97324023,243524.089837417,2.0,109034.21314180718,11.599416993995549
22803.0,1276953.31967239,243497.936685383,3.0,72171.88157050671,11.186805797092779
22804.0,1276603.41784802,243541.520237431,4.0,329559.0401137852,12.705510797795673
22807.0,1276532.09547995,243228.118637115,3.0,613640.3778886636,13.327164331773433
22808.0,1276869.4153523,243590.460781485,1.0,0.0,
22809.0,1276400.11410382,242145.422956005,3.0,120795.47236022592,11.701854083318736
22810.0,1272814.37522015,257738.074235961,1.0,0.0,
22811.0,1273117.08133246,212554.745613694,1.0,0.0,
22812.0,1277107.37612054,242753.826284617,2.0,171182.52193185993,12.050485645958576
22813.0,1276609.10680804,242378.988780245,2.0,131988.62474405285,11.79047102167371
22814.0,1278327.1637058,243529.334573418,4.0,423111.9241988783,12.955392019243853
22815.0,1268618.34359986,173440.108645648,3.0,12939.71299687622,9.468056388278491
22816.0,1267960.83076717,173443.175845653,3.0,31478.1535037202,10.357049044639467
22817.0,1276203.44946362,242136.451883987,1.0,0.0,
22818.0,1282208.81375776,182111.891822532,1.0,0.0,
22820.0,1264783.23153192,211308.056524426,3.0,195185.85086074568,12.1817074649894
22827.0,1265016.75204416,208434.506505474,1.0,0.0,
22828.0,1280153.84383567,173080.394789279,3.0,159870.57748222488,11.98211987615123
22829.0,1267234.64555043,241731.730219573,3.0,1107.0657859026703,7.009468358135929
22830.0,1280168.65151568,173749.30550997,3.0,119810.48185804632,11.693666455477508
22831.0,1267446.91185465,241564.36637941,4.0,536978.4346051281,13.193713213662498
22832.0,1267450.48369466,241717.953387558,3.0,17975.919685365174,9.796788345973852
22833.0,1267082.07927828,241637.84330748,3.0,191881.4509260392,12.164633017219886
22840.0,1263078.84285818,212700.239437848,3.0,79696.90704990279,11.285986056621299
22844.0,1260047.45130306,257032.390907243,2.0,111595.46517396442,11.622635693461842
22845.0,1259825.55082284,257037.506747246,3.0,168207.7735730361,12.032955241701774
22847.0,1268893.77841613,224436.24872987004,3.0,468081.8111081778,13.056398369682494
22848.0,1269047.97688028,224177.640345603,4.0,475006.2302156225,13.071083199174177
22849.0,1268741.17406398,224703.696730137,3.0,703393.1300070339,13.463671232137578
22850.0,1268523.98519975,225070.86396251604,3.0,650113.1043545974,13.38490163343379
22851.0,1268689.55703992,225168.082586616,2.0,118.87162731080808,4.7780441487348515
22858.0,1281714.08082926,222190.745047569,1.0,0.0,
22860.0,1269339.75550459,223635.560729042,5.0,392790.66135072784,12.881032080614471
22861.0,1269366.83883262,223651.880281061,4.0,190282.50887729804,12.156265135645851
22863.0,1269217.53336047,223917.403993338,4.0,163884.80486258183,12.006919050626792
22864.0,1269185.76241642,223899.044761315,3.0,300459.7032655591,12.613068925015444
22869.0,1279707.50937121,177729.215530038,3.0,47093.499880626194,10.759890263699937
22870.0,1279754.71730725,177766.711530074,3.0,54218.57902845257,10.900778915192681
22871.0,1267097.51294228,227023.572636515,3.0,4763.984671983975,8.468839713002335
22874.0,1279759.62738726,178355.440362677,1.0,0.0,
22878.0,1280738.25471626,218405.605011687,1.0,0.0,
22879.0,1270122.73854539,220816.587670162,3.0,223078.96264085415,12.315281080326164
22880.0,1270349.34276962,220810.762262151,4.0,377810.5954462616,12.842148278776092
22881.0,1287886.99629158,181526.03569392895,3.0,351660.9066902269,12.770422657010132
22882.0,1288169.98361987,181472.099117875,1.0,0.0,
22885.0,1268919.80292816,225799.14562726,2.0,1961.4807149115004,7.581454933794749
22886.0,1270129.55544139,221184.572822541,4.0,226262.9296980133,12.32945300776582
22887.0,1269558.70686482,219842.082069159,3.0,115681.9440038526,11.658599842263946
22891.0,1271169.55435446,232564.74461019,4.0,64209.76898623501,11.069910642996776
22892.0,1289805.72838955,190450.045751065,2.0,7291.894379273387,8.894518651227578
22893.0,1271451.99934675,232552.783394173,1.0,0.0,
22894.0,1289848.34771758,190891.54450351,2.0,378363.9996619329,12.843611973319794
22895.0,1289637.14272538,190881.322743505,1.0,0.0,
22896.0,1289639.69357337,190883.953655511,1.0,0.0,
22900.0,1269625.44363289,223110.390168503,4.0,406290.59767549374,12.914823940372818
22901.0,1263576.66372268,248448.329970449,1.0,0.0,
22902.0,1293047.89972086,180780.65169316495,3.0,245119.24632157825,12.409500090797172
22903.0,1293044.46010487,180587.82231696,3.0,327326.5403297108,12.698713545896265
22904.0,1292635.59149644,180313.987244681,3.0,44303.92152098101,10.6988284740337
22905.0,1292660.96608847,180710.076717094,2.0,217.2676172019196,5.381129852696261
22906.0,1292647.83719246,180626.37937299896,3.0,30489.953061014865,10.325152500493246
22907.0,1257508.26147647,247674.117297664,3.0,345229.5230301972,12.751964758955602
22908.0,1256845.89174779,247619.082673609,3.0,434082.3566174411,12.98098955687139
22910.0,1264344.16023546,242044.868395895,3.0,34405.29068902902,10.445965630635301
22913.0,1276973.3502004,203623.721476555,3.0,93182.0,11.442309848973883
22914.0,1276954.77215238,203201.185604125,1.0,0.0,
22916.0,1276962.40005639,203621.602052554,1.0,0.0,
22918.0,1257075.20458002,247596.252337575,1.0,0.0,
22919.0,1257080.31709203,247600.244401589,3.0,60839.96251351131,11.01600213022431
22924.0,1257472.13949244,247508.91947349897,3.0,442581.6062971205,13.000380147437099
22925.0,1277711.55800916,205892.412486881,3.0,54461.57503082433,10.905250686684033
22926.0,1277841.86680929,205969.691526949,1.0,0.0,
22927.0,1277990.04792945,205864.59629485,1.0,0.0,
22928.0,1277710.86149716,205897.78419888,1.0,0.0,
22930.0,1274437.3358618,240271.039594084,2.0,12041.591839063756,9.396121922670327
22935.0,1274516.88594189,238147.6216079,2.0,36758.20070167252,10.512116628091924
22936.0,1274665.05362204,238146.655719906,2.0,1200.4571584802466,7.090457728627404
22942.0,1274510.94072588,240146.474857956,2.0,34860.29261147899,10.459103712942369
22944.0,1285693.83436933,197215.439997986,3.0,345152.5556375914,12.751741788530087
22945.0,1274088.88677345,208112.764361158,2.0,90916.58368023147,11.417697702252068
22946.0,1285519.92492916,196902.390461668,2.0,28300.50612875645,10.25063496787976
22947.0,1285694.17324933,197204.733693987,1.0,0.0,
22948.0,1269701.76497696,223827.06037724,4.0,101927.65918249708,11.532018616947294
22951.0,1269571.17796883,223752.439129159,4.0,114124.3268401784,11.64504371943675
22953.0,1280659.53535618,243167.514797047,3.0,6293.107925299022,8.747210333435335
22954.0,1275861.48101526,235832.381797537,2.0,23295.0,10.055994024250897
22955.0,1275902.28671131,236091.022373796,2.0,1.0,0.0
22958.0,1274618.923446,192097.144824743,1.0,0.0,
22959.0,1279078.76197857,219704.98491701495,3.0,250423.87950553585,12.43091027909853
22960.0,1276406.02616782,219582.53800489,2.0,42178.231087598506,10.649659515922425
22961.0,1278951.13458642,219709.119765028,1.0,0.0,
22962.0,1278898.28889038,219730.28110905,1.0,0.0,
22964.0,1286244.9776019,198145.125182942,1.0,0.0,
22965.0,1286277.06451394,198144.361022949,3.0,396121.0473488121,12.889475118650758
22970.0,1276356.62731977,219561.341204867,4.0,101461.90840350944,11.527438720361383
22971.0,1279221.38962671,245381.148143306,3.0,17694.72137796988,9.781021646849995
22972.0,1270724.756338,240021.920041829,2.0,4227.94687782381,8.349471782536506
22975.0,1279067.72882655,245373.210159302,3.0,72298.68701459987,11.18856124774129
22979.0,1285968.51948962,197936.340798736,1.0,0.0,
22982.0,1285594.80435324,197940.398206741,1.0,0.0,
22983.0,1278805.13721028,245362.492015287,4.0,133856.89707701176,11.804526576025975
22984.0,1285570.2224012,198073.903166875,1.0,0.0,
22985.0,1281903.17759745,230477.026400045,1.0,0.0,
22987.0,1280094.3222996,206645.605191648,1.0,0.0,
22989.0,1279546.42969105,206666.809543669,1.0,0.0,
22990.0,1279728.98181923,206657.695047662,3.0,198338.88377807155,12.197732380903727
23002.0,1272515.33253184,232557.594082177,2.0,89783.10654999965,11.405152113541702
23003.0,1272517.12715584,232752.185890377,2.0,44607.90602673061,10.705666387471874
23004.0,1272618.94353995,223442.944664851,1.0,0.0,
23005.0,1272915.85726824,205401.111622378,4.0,1514756.4432765231,14.230765220487921
23006.0,1274348.24056572,196239.498748988,1.0,0.0,
23007.0,1273672.22354102,203988.794884935,1.0,0.0,
23009.0,1284805.12614442,208238.039049283,2.0,46591.99999999999,10.749184131556358
23010.0,1284796.87846442,208234.866761282,1.0,0.0,
23011.0,1281987.18694153,225610.860571072,2.0,350.2284153874556,5.85858555701537
23012.0,1284622.41331224,208191.257609233,2.0,62713.06645958193,11.046325101394041
23013.0,1280240.5204437503,226999.994972497,6.0,400020.80213442375,12.899271830073948
23015.0,1271224.84785852,226054.88821952,3.0,37401.006031580495,10.529452882280966
23016.0,1271234.09489852,226183.464731649,2.0,237.756652464936,5.471247681959113
23017.0,1280206.66623572,227080.203100577,2.0,0.0,
23018.0,1280201.45791571,226926.036444411,2.0,0.0,
23061.0,1282579.83270214,243548.05636543,3.0,55248.824849425866,10.919602349460147
23062.0,1282637.98188621,244252.277998164,1.0,0.0,
23109.0,1286818.39021048,166959.883039013,3.0,509641.7035861349,13.141463215814271
23110.0,1289629.14080536,165443.00982146,3.0,46727.83333333333,10.75209526897293
23111.0,1290545.2816703,165420.934045434,1.0,0.0,
23134.0,1279775.53093928,245738.232047677,3.0,174964.0063789678,12.072335553916595
23139.0,1282082.78092563,186209.140146717,3.0,279501.99999999994,12.540764727186751
23141.0,1282057.91154961,186215.436402723,1.0,0.0,
23144.0,1271516.11601882,228991.550046533,2.0,71621.67399713425,11.179153016598656
23146.0,1278094.87320955,176457.100968733,3.0,70634.13466391037,11.16526880045895
23149.0,1278092.26885755,176228.3481365,1.0,0.0,
23150.0,1274422.53240579,212048.540621176,1.0,0.0,
23151.0,1271673.78891498,177409.082345709,1.0,0.0,
23152.0,1278787.44332226,189708.31064631,2.0,178333.6821365165,12.091411693113821
23153.0,1284744.21715236,192851.088185519,2.0,16082.91697832014,9.685512930405606
23154.0,1284883.1303045,192659.440569326,3.0,365650.8195547658,12.809434112060638
23155.0,1284926.07539254,192905.544121578,2.0,23830.658170730792,10.078728189129372
23157.0,1284336.13695994,193414.7750341,3.0,6450.5792131613525,8.771925206248127
23159.0,1283916.63513552,177606.909673914,1.0,0.0,
23163.0,1273835.45848519,242637.911852509,2.0,356922.1181535095,12.785272880529453
23164.0,1274327.06904569,222826.670936212,2.0,10911.0838596309,9.297534419413383
23165.0,1272890.21624422,241945.531627789,1.0,0.0,
23166.0,1284103.3811837,246161.496624112,2.0,43960.32090824728,10.691042708496537
23171.0,1286179.31929784,244512.120046422,4.0,77990.14458601415,11.264337746227353
23172.0,1286437.71705809,244499.956974417,4.0,3982.806364688543,8.289741966556376
23173.0,1286688.58502635,244495.182702407,4.0,61233.44026476142,11.022448728828
23174.0,1286223.22668988,244506.837870419,2.0,31197.91639050744,10.348106589212001
23175.0,1286716.62400238,245169.251247093,1.0,0.0,
23176.0,1284125.17708772,246321.036656275,2.0,211.696414928705,5.355153243319604
23177.0,1284130.33484773,246770.819248736,2.0,2839.3755066814124,7.951339414961871
23178.0,1280017.07967553,253242.880759358,2.0,7382.111008928217,8.90681492126179
23179.0,1282558.89804612,246162.737456113,1.0,0.0,
23180.0,1286733.6321304,243808.437037706,1.0,0.0,
23185.0,1259037.60816604,259745.764414027,1.0,0.0,
23186.0,1284962.41952059,174253.18275848,2.0,766312.7115887826,13.549345605087625
23187.0,1274902.45535028,190933.753079563,2.0,106584.02504338164,11.57668892060382
23192.0,1271800.58917111,238193.802279949,1.0,0.0,
23196.0,1275306.46635869,237192.124134928,1.0,0.0,
23199.0,1264022.82129115,185799.19870629895,3.0,895602.163589436,13.705251579502653
23201.0,1263920.04657103,185801.03729830697,3.0,807895.4131216343,13.602187889919357
23202.0,1263922.73553105,186045.770418555,1.0,0.0,
23203.0,1264028.24874716,186042.524018556,1.0,0.0,
23207.0,1262273.20106535,178272.0858666,1.0,0.0,
23209.0,1262265.83562535,178272.927722588,1.0,0.0,
23212.0,1286114.33580977,193492.684026182,2.0,93676.1908848202,11.447599336522849
23213.0,1270946.44881824,180466.307180837,2.0,10503.741223977882,9.259486779728846
23214.0,1266374.76471755,212026.24961315104,3.0,47383.078989458445,10.766020460604686
23215.0,1266363.83396554,211971.127373099,3.0,284712.44722001406,12.559234992788161
23216.0,1262293.38640937,174889.66346313097,3.0,499849.589162907,13.122062510474226
23219.0,1288593.41517231,192337.894969001,2.0,13102.037438409076,9.480523026745308
23223.0,1266596.28593378,211845.751308978,1.0,0.0,
23224.0,1266572.32766175,211845.230604976,1.0,0.0,
23227.0,1290714.98541448,181383.660333782,3.0,138532.31398932677,11.838858891398411
23228.0,1290714.27968648,181365.290925756,1.0,0.0,
23233.0,1277277.28063272,238415.087912187,2.0,1372556.5918639752,14.132185684203558
23240.0,1282921.9767025,199944.025792792,2.0,94072.26814688023,11.451818575942257
23241.0,1282896.37081447,199917.07238476,2.0,35439.13330159039,10.475571949047248
23243.0,1289123.44301285,183306.038703755,2.0,4601.174718657731,8.43406692349614
23249.0,1259354.82506236,257741.778939977,1.0,0.0,
23252.0,1274574.45176595,230086.196127653,4.0,386071.9080287207,12.863778921326944
23253.0,1274866.60965425,230083.436255649,4.0,313871.66060587217,12.656739457154773
23262.0,1265660.28190082,212123.180557251,2.0,60470.50562725103,11.009911014853783
23263.0,1265560.33201271,212266.812109411,1.0,0.0,
23264.0,1279763.97317927,217902.94619517,3.0,210141.80525701345,12.255537844940678
23266.0,1281140.35334067,211893.813901022,4.0,88074.78606286627,11.385941574172895
23267.0,1277794.84063324,217414.730322674,3.0,213625.04763618053,12.271977643407595
23274.0,1277336.41996078,235435.937381133,2.0,322812.2860862516,12.684826275639539
23293.0,1289087.34989281,191264.676983893,1.0,0.0,
23294.0,1280496.12921201,212236.568781376,3.0,116786.54377750868,11.66810313535504
23295.0,1279758.09298725,236702.279014423,1.0,0.0,
23297.0,1280451.77593197,212337.370061472,2.0,345.6404427002789,5.845399051785591
