Node ID,Longitude,Latitude,Degree Centrality,Betweenness Centrality
0.0,0,0,2.0,15.835188700256474
1.0,0,1,3.0,2542.380566100774
2.0,0,2,3.0,4039.526109345095
3.0,0,3,3.0,5012.071017669796
4.0,0,4,3.0,5683.009307131665
5.0,0,5,3.0,6165.989421744401
6.0,0,6,3.0,6524.511793086009
7.0,0,7,3.0,6796.608275842619
8.0,0,8,3.0,7006.387405825847
9.0,0,9,3.0,7169.883398673983
10.0,0,10,3.0,7298.20660757355
12.0,0,12,3.0,7479.139847356208
13.0,0,13,3.0,7542.099353392032
14.0,0,14,3.0,7591.6510545850415
15.0,0,15,3.0,7630.496461987523
16.0,0,16,3.0,7660.779794000451
17.0,0,17,3.0,7684.216332295888
18.0,0,18,3.0,7702.183339410824
19.0,0,19,3.0,7715.785536232056
20.0,0,20,3.0,7725.902817633683
21.0,0,21,3.0,7733.225223955787
22.0,0,22,3.0,7738.27850087994
23.0,0,23,3.0,7741.442481169844
24.0,0,24,3.0,7742.963780717389
25.0,0,25,3.0,7742.963780717393
26.0,0,26,3.0,7741.442481169848
27.0,0,27,3.0,7738.278500879944
29.0,0,29,3.0,7725.902817633689
30.0,0,30,3.0,7715.785536232053
32.0,0,32,3.0,7684.216332295887
33.0,0,33,3.0,7660.779794000451
35.0,0,35,3.0,7591.651054585042
36.0,0,36,3.0,7542.099353392033
37.0,0,37,3.0,7479.139847356204
38.0,0,38,3.0,7399.32872610978
40.0,0,40,3.0,7169.883398673985
41.0,0,41,3.0,7006.387405825854
42.0,0,42,3.0,6796.608275842608
43.0,0,43,3.0,6524.511793086005
44.0,0,44,3.0,6165.989421744401
45.0,0,45,3.0,5683.009307131673
46.0,0,46,3.0,5012.07101766979
47.0,0,47,3.0,4039.526109345097
48.0,0,48,3.0,2542.3805661007727
49.0,0,49,2.0,15.835188700256472
50.0,1,0,3.0,2542.3805661007545
52.0,1,2,4.0,10287.72409453284
53.0,1,3,4.0,12487.41102237966
54.0,1,4,4.0,14106.430355018698
55.0,1,5,4.0,15335.938686729512
56.0,1,6,4.0,16293.928440173722
57.0,1,7,4.0,17056.202007015247
58.0,1,8,4.0,17673.1217199644
59.0,1,9,4.0,18179.1830556112
60.0,1,10,4.0,18598.69165412323
61.0,1,11,4.0,18949.227452046736
62.0,1,12,4.0,19243.811666447215
63.0,1,13,4.0,19492.294136028115
64.0,1,14,4.0,19702.26160144688
65.0,1,15,4.0,19879.64538842969
66.0,1,16,4.0,20029.13651924373
67.0,1,17,4.0,20154.474839230515
68.0,1,18,4.0,20258.653933654496
69.0,1,19,4.0,20344.06850105722
70.0,1,20,4.0,20412.621489522477
71.0,1,21,4.0,20465.80239815305
72.0,1,22,4.0,20504.744347060627
73.0,1,23,4.0,20530.26501800133
74.0,1,24,4.0,20542.89487385241
75.0,1,25,4.0,20542.894873852463
77.0,1,27,4.0,20504.74434706065
78.0,1,28,4.0,20465.80239815304
79.0,1,29,4.0,20412.62148952244
81.0,1,31,4.0,20258.653933654463
82.0,1,32,4.0,20154.47483923052
83.0,1,33,4.0,20029.13651924373
84.0,1,34,4.0,19879.64538842965
85.0,1,35,4.0,19702.261601446884
86.0,1,36,4.0,19492.294136028097
87.0,1,37,4.0,19243.811666447284
89.0,1,39,4.0,18598.691654123235
90.0,1,40,4.0,18179.18305561124
91.0,1,41,4.0,17673.12171996437
92.0,1,42,4.0,17056.20200701522
93.0,1,43,4.0,16293.92844017375
94.0,1,44,4.0,15335.938686729503
96.0,1,46,4.0,12487.41102237967
97.0,1,47,4.0,10287.72409453285
98.0,1,48,4.0,7179.890917017054
99.0,1,49,3.0,2542.380566100758
100.0,2,0,3.0,4039.5261093450968
101.0,2,1,4.0,10287.724094532849
102.0,2,2,4.0,14833.22479896912
103.0,2,3,4.0,18254.3322878913
104.0,2,4,4.0,20890.91308503113
105.0,2,5,4.0,22964.08875100979
106.0,2,6,4.0,24623.70294500412
107.0,2,7,4.0,25973.551214550967
108.0,2,8,4.0,27086.71522480052
109.0,2,9,4.0,28015.439081878405
110.0,2,10,4.0,28797.65360289156
111.0,2,11,4.0,29461.340327858587
112.0,2,12,4.0,30027.474544676268
113.0,2,13,4.0,30512.025077442173
114.0,2,14,4.0,30927.324625097783
115.0,2,15,4.0,31283.017930111168
116.0,2,16,4.0,31586.72499897002
117.0,2,17,4.0,31844.510380018528
118.0,2,18,4.0,32061.219020379755
119.0,2,19,4.0,32240.719117342927
120.0,2,20,4.0,32386.07909549332
121.0,2,21,4.0,32499.697025867023
122.0,2,22,4.0,32583.39490754165
123.0,2,23,4.0,32638.48623808272
124.0,2,24,4.0,32665.8225394739
125.0,2,25,4.0,32665.82253947388
126.0,2,26,4.0,32638.48623808269
127.0,2,27,4.0,32583.394907541657
128.0,2,28,4.0,32499.697025867023
129.0,2,29,4.0,32386.079095493325
130.0,2,30,4.0,32240.719117342964
131.0,2,31,4.0,32061.2190203798
132.0,2,32,4.0,31844.5103800185
133.0,2,33,4.0,31586.72499897001
134.0,2,34,4.0,31283.017930111164
135.0,2,35,4.0,30927.3246250978
136.0,2,36,4.0,30512.025077442177
137.0,2,37,4.0,30027.474544676264
138.0,2,38,4.0,29461.34032785861
139.0,2,39,4.0,28797.653602891573
140.0,2,40,4.0,28015.43908187837
141.0,2,41,4.0,27086.71522480054
142.0,2,42,4.0,25973.551214550957
143.0,2,43,4.0,24623.702945004105
144.0,2,44,4.0,22964.088751009804
145.0,2,45,4.0,20890.913085031098
147.0,2,47,4.0,14833.22479896911
148.0,2,48,4.0,10287.724094532834
149.0,2,49,3.0,4039.5261093450927
150.0,3,0,3.0,5012.071017669799
151.0,3,1,4.0,12487.411022379669
152.0,3,2,4.0,18254.33228789124
153.0,3,3,4.0,22808.010749407465
154.0,3,4,4.0,26454.583426671128
155.0,3,5,4.0,29409.32747270693
156.0,3,6,4.0,31830.28672868181
157.0,3,7,4.0,33835.1680363982
158.0,3,8,4.0,35512.10976195011
159.0,3,9,4.0,36927.34820566178
160.0,3,10,4.0,38130.88296864374
161.0,3,11,4.0,39160.68764948595
162.0,3,12,4.0,40045.82362657987
163.0,3,13,4.0,40808.72642095185
164.0,3,14,4.0,41466.87491298733
165.0,3,15,4.0,42034.00605729301
166.0,3,16,4.0,42520.9983193831
167.0,3,17,4.0,42936.51525144045
169.0,3,19,4.0,43579.3995204632
170.0,3,20,4.0,43816.65998377898
171.0,3,21,4.0,44002.6718079547
172.0,3,22,4.0,44140.02686294087
173.0,3,23,4.0,44230.59221135781
174.0,3,24,4.0,44275.57755778358
175.0,3,25,4.0,44275.57755778356
176.0,3,26,4.0,44230.59221135781
177.0,3,27,4.0,44140.02686294078
178.0,3,28,4.0,44002.671807954655
179.0,3,29,4.0,43816.65998377893
180.0,3,30,4.0,43579.3995204632
181.0,3,31,4.0,43287.47583855281
182.0,3,32,4.0,42936.51525144045
183.0,3,33,4.0,42520.99831938312
184.0,3,34,4.0,42034.00605729304
185.0,3,35,4.0,41466.87491298734
186.0,3,36,4.0,40808.72642095191
187.0,3,37,4.0,40045.82362657983
188.0,3,38,4.0,39160.68764948595
189.0,3,39,4.0,38130.88296864372
190.0,3,40,4.0,36927.34820566178
191.0,3,41,4.0,35512.10976195008
192.0,3,42,4.0,33835.1680363982
193.0,3,43,4.0,31830.2867286818
194.0,3,44,4.0,29409.32747270694
195.0,3,45,4.0,26454.583426671124
196.0,3,46,4.0,22808.010749407484
197.0,3,47,4.0,18254.33228789125
199.0,3,49,3.0,5012.071017669795
200.0,4,0,3.0,5683.009307131692
201.0,4,1,4.0,14106.430355018674
202.0,4,2,4.0,20890.91308503117
203.0,4,3,4.0,26454.583426671143
204.0,4,4,4.0,31056.03246003588
205.0,4,5,4.0,34885.38512256541
206.0,4,6,4.0,38091.21846724717
207.0,4,7,4.0,40791.6248652691
208.0,4,8,4.0,43080.54344132387
209.0,4,9,4.0,45032.40775395064
210.0,4,10,4.0,46705.957923779664
211.0,4,11,4.0,48147.43792472456
212.0,4,12,4.0,49393.24334848883
213.0,4,13,4.0,50472.06681746788
214.0,4,14,4.0,51406.59972072505
215.0,4,15,4.0,52214.85823160801
216.0,4,16,4.0,52911.20253539131
217.0,4,17,4.0,53507.11256362538
218.0,4,18,4.0,54011.774416026776
219.0,4,19,4.0,54432.521561291534
220.0,4,20,4.0,54775.16538023147
221.0,4,21,4.0,55044.24137798385
222.0,4,22,4.0,55243.19064789479
223.0,4,23,4.0,55374.49082559726
224.0,4,24,4.0,55439.74660192051
225.0,4,25,4.0,55439.74660192047
226.0,4,26,4.0,55374.49082559723
227.0,4,27,4.0,55243.19064789473
228.0,4,28,4.0,55044.24137798389
229.0,4,29,4.0,54775.165380231534
230.0,4,30,4.0,54432.52156129159
231.0,4,31,4.0,54011.77441602683
232.0,4,32,4.0,53507.11256362545
233.0,4,33,4.0,52911.20253539139
234.0,4,34,4.0,52214.858231608014
235.0,4,35,4.0,51406.59972072501
236.0,4,36,4.0,50472.06681746793
237.0,4,37,4.0,49393.24334848882
239.0,4,39,4.0,46705.95792377958
240.0,4,40,4.0,45032.40775395064
241.0,4,41,4.0,43080.54344132391
242.0,4,42,4.0,40791.62486526911
243.0,4,43,4.0,38091.21846724716
244.0,4,44,4.0,34885.385122565305
245.0,4,45,4.0,31056.032460035887
246.0,4,46,4.0,26454.583426671128
247.0,4,47,4.0,20890.91308503117
248.0,4,48,4.0,14106.43035501867
249.0,4,49,3.0,5683.009307131684
250.0,5,0,3.0,6165.989421744393
251.0,5,1,4.0,15335.938686729496
252.0,5,2,4.0,22964.088751009796
253.0,5,3,4.0,29409.327472706915
254.0,5,4,4.0,34885.38512256535
255.0,5,5,4.0,39550.98279849972
256.0,5,6,4.0,43535.34914934055
257.0,5,7,4.0,46946.895357394336
258.0,5,8,4.0,49876.84152434197
259.0,5,9,4.0,52401.396548592005
260.0,5,10,4.0,54583.61073887207
261.0,5,11,4.0,56475.17488434664
262.0,5,12,4.0,58118.163062069245
263.0,5,13,4.0,59546.65224753311
264.0,5,14,4.0,60788.16191291305
265.0,5,15,4.0,61864.885464105246
266.0,5,16,4.0,62794.71145692126
267.0,5,17,4.0,63592.05001661142
268.0,5,18,4.0,64268.48890991425
269.0,5,19,4.0,64833.3064522165
270.0,5,20,4.0,65293.86723681358
271.0,5,21,4.0,65655.92343351785
272.0,5,22,4.0,65923.84039266306
273.0,5,23,4.0,66100.7612526635
274.0,5,24,4.0,66188.7215462954
275.0,5,25,4.0,66188.72154629545
276.0,5,26,4.0,66100.76125266352
277.0,5,27,4.0,65923.84039266307
278.0,5,28,4.0,65655.92343351786
279.0,5,29,4.0,65293.86723681359
280.0,5,30,4.0,64833.30645221644
282.0,5,32,4.0,63592.05001661147
283.0,5,33,4.0,62794.71145692115
284.0,5,34,4.0,61864.88546410534
285.0,5,35,4.0,60788.161912913005
286.0,5,36,4.0,59546.65224753312
287.0,5,37,4.0,58118.16306206928
288.0,5,38,4.0,56475.17488434669
289.0,5,39,4.0,54583.61073887202
290.0,5,40,4.0,52401.396548592056
291.0,5,41,4.0,49876.8415243419
293.0,5,43,4.0,43535.3491493405
294.0,5,44,4.0,39550.98279849974
295.0,5,45,4.0,34885.385122565334
296.0,5,46,4.0,29409.32747270692
297.0,5,47,4.0,22964.08875100984
298.0,5,48,4.0,15335.938686729512
299.0,5,49,3.0,6165.9894217443925
300.0,6,0,3.0,6524.511793086014
302.0,6,2,4.0,24623.702945004115
303.0,6,3,4.0,31830.28672868179
304.0,6,4,4.0,38091.218467247214
305.0,6,5,4.0,43535.3491493406
306.0,6,6,4.0,48269.25559056952
307.0,6,7,4.0,52385.9260104108
308.0,6,8,4.0,55967.53731941695
309.0,6,9,4.0,59086.31241627681
310.0,6,10,4.0,61804.94557806291
311.0,6,11,4.0,64177.11430802889
312.0,6,12,4.0,66248.19246742887
313.0,6,13,4.0,68056.12207519215
314.0,6,14,4.0,69632.35705637153
315.0,6,15,4.0,71002.79773990215
316.0,6,16,4.0,72188.657883097
317.0,6,17,4.0,73207.23083979868
318.0,6,18,4.0,74072.54168356571
319.0,6,19,4.0,74795.88594150958
320.0,6,20,4.0,75386.26364782894
321.0,6,21,4.0,75850.72106664052
322.0,6,22,4.0,76194.61310855039
323.0,6,23,4.0,76421.79836668793
324.0,6,24,4.0,76534.77667466414
325.0,6,25,4.0,76534.77667466427
326.0,6,26,4.0,76421.79836668789
327.0,6,27,4.0,76194.61310855037
328.0,6,28,4.0,75850.72106664059
329.0,6,29,4.0,75386.26364782895
330.0,6,30,4.0,74795.8859415096
331.0,6,31,4.0,74072.54168356565
332.0,6,32,4.0,73207.2308397988
333.0,6,33,4.0,72188.65788309708
334.0,6,34,4.0,71002.79773990231
335.0,6,35,4.0,69632.35705637155
336.0,6,36,4.0,68056.12207519208
337.0,6,37,4.0,66248.19246742892
338.0,6,38,4.0,64177.11430802892
339.0,6,39,4.0,61804.945578062914
340.0,6,40,4.0,59086.31241627683
341.0,6,41,4.0,55967.53731941699
342.0,6,42,4.0,52385.92601041083
343.0,6,43,4.0,48269.25559056953
344.0,6,44,4.0,43535.34914934065
345.0,6,45,4.0,38091.21846724716
346.0,6,46,4.0,31830.286728681825
348.0,6,48,4.0,16293.928440173724
349.0,6,49,3.0,6524.511793085996
350.0,7,0,3.0,6796.60827584261
351.0,7,1,4.0,17056.202007015265
352.0,7,2,4.0,25973.551214551004
353.0,7,3,4.0,33835.16803639822
354.0,7,4,4.0,40791.62486526915
355.0,7,5,4.0,46946.89535739436
356.0,7,6,4.0,52385.9260104109
357.0,7,7,4.0,57184.35156062902
358.0,7,8,4.0,61411.66273195656
359.0,7,9,4.0,65131.83113302283
360.0,7,10,4.0,68403.08055957874
361.0,7,11,4.0,71277.55075156434
362.0,7,12,4.0,73801.15039583168
363.0,7,13,4.0,76013.67130959565
364.0,7,14,4.0,77949.12994893415
365.0,7,15,4.0,79636.26317839896
366.0,7,16,4.0,81099.10178345702
367.0,7,17,4.0,82357.55842775146
368.0,7,18,4.0,83427.98524550599
369.0,7,19,4.0,84323.67385626251
370.0,7,20,4.0,85055.2845785867
371.0,7,21,4.0,85631.20134771978
372.0,7,22,4.0,86057.81472589153
373.0,7,23,4.0,86339.7382701345
374.0,7,24,4.0,86479.96427390087
375.0,7,25,4.0,86479.964273901
376.0,7,26,4.0,86339.73827013446
377.0,7,27,4.0,86057.81472589156
378.0,7,28,4.0,85631.20134771983
379.0,7,29,4.0,85055.28457858678
380.0,7,30,4.0,84323.67385626244
381.0,7,31,4.0,83427.98524550586
383.0,7,33,4.0,81099.10178345705
384.0,7,34,4.0,79636.26317839908
385.0,7,35,4.0,77949.12994893389
386.0,7,36,4.0,76013.67130959567
387.0,7,37,4.0,73801.15039583163
388.0,7,38,4.0,71277.55075156437
389.0,7,39,4.0,68403.08055957868
390.0,7,40,4.0,65131.83113302294
391.0,7,41,4.0,61411.66273195666
392.0,7,42,4.0,57184.351560628966
393.0,7,43,4.0,52385.92601041089
394.0,7,44,4.0,46946.895357394365
395.0,7,45,4.0,40791.62486526917
396.0,7,46,4.0,33835.16803639819
397.0,7,47,4.0,25973.55121455101
398.0,7,48,4.0,17056.202007015294
399.0,7,49,3.0,6796.608275842597
400.0,8,0,3.0,7006.387405825843
401.0,8,1,4.0,17673.121719964387
402.0,8,2,4.0,27086.71522480051
403.0,8,3,4.0,35512.10976195006
404.0,8,4,4.0,43080.54344132407
405.0,8,5,4.0,49876.841524341966
406.0,8,6,4.0,55967.5373194168
407.0,8,7,4.0,61411.66273195666
408.0,8,8,4.0,66264.81263682494
409.0,8,9,4.0,70580.2413125296
410.0,8,10,4.0,74408.6650062318
411.0,8,11,4.0,77797.61695384653
412.0,8,12,4.0,80790.79001505986
413.0,8,13,4.0,83427.5673611077
414.0,8,14,4.0,85742.8028028712
415.0,8,15,4.0,87766.83481341752
416.0,8,16,4.0,89525.6817446849
417.0,8,17,4.0,91041.35540824948
418.0,8,18,4.0,92332.23490390352
419.0,8,19,4.0,93413.45428258277
420.0,8,20,4.0,94297.27105089575
421.0,8,21,4.0,94993.39465949252
422.0,8,22,4.0,95509.26361576514
423.0,8,23,4.0,95850.266436535
424.0,8,24,4.0,96019.9056089275
426.0,8,26,4.0,95850.26643653498
427.0,8,27,4.0,95509.26361576506
429.0,8,29,4.0,94297.27105089568
430.0,8,30,4.0,93413.4542825828
431.0,8,31,4.0,92332.23490390342
432.0,8,32,4.0,91041.3554082494
433.0,8,33,4.0,89525.681744685
434.0,8,34,4.0,87766.8348134175
435.0,8,35,4.0,85742.80280287132
436.0,8,36,4.0,83427.56736110784
437.0,8,37,4.0,80790.79001505987
438.0,8,38,4.0,77797.61695384655
439.0,8,39,4.0,74408.66500623184
441.0,8,41,4.0,66264.81263682501
442.0,8,42,4.0,61411.66273195671
443.0,8,43,4.0,55967.53731941687
444.0,8,44,4.0,49876.841524341966
445.0,8,45,4.0,43080.54344132395
446.0,8,46,4.0,35512.10976195006
447.0,8,47,4.0,27086.71522480054
448.0,8,48,4.0,17673.121719964398
449.0,8,49,3.0,7006.38740582585
450.0,9,0,3.0,7169.883398674002
451.0,9,1,4.0,18179.183055611255
452.0,9,2,4.0,28015.439081878423
453.0,9,3,4.0,36927.348205661714
454.0,9,4,4.0,45032.40775395068
455.0,9,5,4.0,52401.39654859182
456.0,9,6,4.0,59086.31241627683
457.0,9,7,4.0,65131.83113302289
458.0,9,8,4.0,70580.24131252982
459.0,9,9,4.0,75473.28304711977
460.0,9,10,4.0,79852.41038994583
461.0,9,11,4.0,83758.29246121629
462.0,9,12,4.0,87230.03462603469
463.0,9,13,4.0,90304.40376023612
464.0,9,14,4.0,93015.20853865956
465.0,9,15,4.0,95392.89416709333
466.0,9,16,4.0,97464.35172019682
467.0,9,17,4.0,99252.90862967414
468.0,9,18,4.0,100778.45242352692
469.0,9,19,4.0,102057.63828983413
470.0,9,20,4.0,103104.1369803057
471.0,9,21,4.0,103928.88877645876
472.0,9,22,4.0,104540.3388649702
473.0,9,23,4.0,104944.63786823336
474.0,9,24,4.0,105145.79774526236
475.0,9,25,4.0,105145.79774526248
476.0,9,26,4.0,104944.6378682333
477.0,9,27,4.0,104540.3388649703
478.0,9,28,4.0,103928.88877645889
479.0,9,29,4.0,103104.13698030596
480.0,9,30,4.0,102057.63828983424
481.0,9,31,4.0,100778.45242352696
482.0,9,32,4.0,99252.9086296742
483.0,9,33,4.0,97464.3517201968
484.0,9,34,4.0,95392.89416709328
485.0,9,35,4.0,93015.20853865944
486.0,9,36,4.0,90304.40376023596
487.0,9,37,4.0,87230.03462603461
488.0,9,38,4.0,83758.29246121639
489.0,9,39,4.0,79852.41038994589
490.0,9,40,4.0,75473.28304711975
491.0,9,41,4.0,70580.24131252975
492.0,9,42,4.0,65131.83113302283
493.0,9,43,4.0,59086.31241627686
494.0,9,44,4.0,52401.39654859173
495.0,9,45,4.0,45032.40775395076
496.0,9,46,4.0,36927.34820566171
497.0,9,47,4.0,28015.439081878405
498.0,9,48,4.0,18179.183055611287
499.0,9,49,3.0,7169.883398674001
500.0,10,0,3.0,7298.206607573545
501.0,10,1,4.0,18598.69165412324
502.0,10,2,4.0,28797.65360289154
503.0,10,3,4.0,38130.88296864359
504.0,10,4,4.0,46705.957923779584
505.0,10,5,4.0,54583.610738872005
506.0,10,6,4.0,61804.945578062994
507.0,10,7,4.0,68403.08055957874
508.0,10,8,4.0,74408.66500623176
509.0,10,9,4.0,79852.41038994576
511.0,10,11,4.0,89181.83250238543
512.0,10,12,4.0,93132.79484770483
513.0,10,13,4.0,96651.1134138506
514.0,10,14,4.0,99767.7363719196
515.0,10,15,4.0,102511.617142531
516.0,10,16,4.0,104909.2078304276
517.0,10,17,4.0,106984.1390736677
518.0,10,18,4.0,108757.06824566436
519.0,10,19,4.0,110245.66152578176
520.0,10,20,4.0,111464.66963042672
521.0,10,21,4.0,112426.05849612252
522.0,10,22,4.0,113139.16177236228
523.0,10,23,4.0,113610.82915497136
524.0,10,24,4.0,113845.55173029732
525.0,10,25,4.0,113845.55173029736
526.0,10,26,4.0,113610.82915497132
527.0,10,27,4.0,113139.16177236223
528.0,10,28,4.0,112426.05849612254
529.0,10,29,4.0,111464.66963042668
530.0,10,30,4.0,110245.66152578186
531.0,10,31,4.0,108757.0682456644
532.0,10,32,4.0,106984.13907366784
533.0,10,33,4.0,104909.20783042764
534.0,10,34,4.0,102511.617142531
535.0,10,35,4.0,99767.7363719195
536.0,10,36,4.0,96651.11341385056
538.0,10,38,4.0,89181.8325023853
539.0,10,39,4.0,84765.96422107033
540.0,10,40,4.0,79852.41038994574
541.0,10,41,4.0,74408.66500623184
542.0,10,42,4.0,68403.08055957875
543.0,10,43,4.0,61804.945578063016
544.0,10,44,4.0,54583.61073887203
545.0,10,45,4.0,46705.95792377967
546.0,10,46,4.0,38130.88296864355
547.0,10,47,4.0,28797.653602891525
548.0,10,48,4.0,18598.691654123228
549.0,10,49,3.0,7298.206607573549
550.0,11,0,3.0,7399.328726109784
551.0,11,1,4.0,18949.22745204673
552.0,11,2,4.0,29461.340327858616
553.0,11,3,4.0,39160.687649485975
555.0,11,5,4.0,56475.17488434654
556.0,11,6,4.0,64177.11430802894
557.0,11,7,4.0,71277.55075156443
558.0,11,8,4.0,77797.61695384674
559.0,11,9,4.0,83758.29246121632
560.0,11,10,4.0,89181.8325023854
561.0,11,11,4.0,94092.19831438408
562.0,11,12,4.0,98514.85036286524
563.0,11,13,4.0,102476.16772027296
564.0,11,14,4.0,106002.69553727243
565.0,11,15,4.0,109120.37045749172
566.0,11,16,4.0,111853.8249702372
567.0,11,17,4.0,114225.82758851028
568.0,11,18,4.0,116256.87933292022
569.0,11,19,4.0,117964.96020593889
570.0,11,20,4.0,119365.40238483594
571.0,11,21,4.0,120470.85855890236
572.0,11,22,4.0,121291.33218661117
573.0,11,23,4.0,121834.23924582088
574.0,11,24,4.0,122104.47633876729
575.0,11,25,4.0,122104.4763387674
576.0,11,26,4.0,121834.23924582078
577.0,11,27,4.0,121291.33218661112
578.0,11,28,4.0,120470.85855890234
579.0,11,29,4.0,119365.40238483612
580.0,11,30,4.0,117964.96020593884
581.0,11,31,4.0,116256.8793329201
582.0,11,32,4.0,114225.82758851034
584.0,11,34,4.0,109120.37045749166
585.0,11,35,4.0,106002.69553727254
586.0,11,36,4.0,102476.167720273
587.0,11,37,4.0,98514.8503628654
588.0,11,38,4.0,94092.19831438408
589.0,11,39,4.0,89181.83250238548
590.0,11,40,4.0,83758.29246121639
591.0,11,41,4.0,77797.61695384671
592.0,11,42,4.0,71277.55075156438
593.0,11,43,4.0,64177.11430802892
594.0,11,44,4.0,56475.17488434656
595.0,11,45,4.0,48147.437924724654
596.0,11,46,4.0,39160.68764948597
597.0,11,47,4.0,29461.34032785862
598.0,11,48,4.0,18949.22745204672
599.0,11,49,3.0,7399.328726109782
600.0,12,0,3.0,7479.139847356189
601.0,12,1,4.0,19243.81166644726
602.0,12,2,4.0,30027.47454467625
603.0,12,3,4.0,40045.82362657977
604.0,12,4,4.0,49393.24334848873
605.0,12,5,4.0,58118.16306206928
606.0,12,6,4.0,66248.19246742887
607.0,12,7,4.0,73801.15039583169
608.0,12,8,4.0,80790.79001505993
610.0,12,10,4.0,93132.79484770478
611.0,12,11,4.0,98514.85036286528
612.0,12,12,4.0,103394.0702085942
613.0,12,13,4.0,107790.16977723592
615.0,12,15,4.0,115217.70351277717
616.0,12,16,4.0,118292.2765111642
617.0,12,17,4.0,120968.58457983556
618.0,12,18,4.0,123265.9247568454
619.0,12,19,4.0,125201.73709987376
620.0,12,20,4.0,126791.27579500656
621.0,12,21,4.0,128047.39618813054
622.0,12,22,4.0,128980.43421761916
623.0,12,23,4.0,129598.1512191067
624.0,12,24,4.0,129905.71822301208
625.0,12,25,4.0,129905.71822301218
626.0,12,26,4.0,129598.15121910666
627.0,12,27,4.0,128980.4342176192
628.0,12,28,4.0,128047.39618813072
629.0,12,29,4.0,126791.27579500666
630.0,12,30,4.0,125201.73709987372
631.0,12,31,4.0,123265.92475684562
632.0,12,32,4.0,120968.58457983551
633.0,12,33,4.0,118292.27651116418
634.0,12,34,4.0,115217.70351277712
635.0,12,35,4.0,111724.17035297833
636.0,12,36,4.0,107790.16977723582
637.0,12,37,4.0,103394.0702085942
640.0,12,40,4.0,87230.03462603441
641.0,12,41,4.0,80790.79001505989
642.0,12,42,4.0,73801.15039583153
643.0,12,43,4.0,66248.19246742893
644.0,12,44,4.0,58118.16306206925
645.0,12,45,4.0,49393.24334848877
646.0,12,46,4.0,40045.82362657975
647.0,12,47,4.0,30027.47454467625
648.0,12,48,4.0,19243.81166644728
649.0,12,49,3.0,7479.139847356211
650.0,13,0,3.0,7542.09935339203
651.0,13,1,4.0,19492.29413602808
652.0,13,2,4.0,30512.025077442137
653.0,13,3,4.0,40808.72642095173
654.0,13,4,4.0,50472.06681746776
655.0,13,5,4.0,59546.65224753319
656.0,13,6,4.0,68056.12207519228
657.0,13,7,4.0,76013.67130959575
658.0,13,8,4.0,83427.56736110777
659.0,13,9,4.0,90304.40376023612
660.0,13,10,4.0,96651.1134138505
661.0,13,11,4.0,102476.16772027288
662.0,13,12,4.0,107790.1697772358
663.0,13,13,4.0,112605.9751923258
664.0,13,14,4.0,116938.45364522457
665.0,13,15,4.0,120804.0000521732
666.0,13,16,4.0,124219.899202525
667.0,13,17,4.0,127203.6361851029
668.0,13,18,4.0,129772.22671823374
669.0,13,19,4.0,131941.61935678436
670.0,13,20,4.0,133726.1989923813
671.0,13,21,4.0,135138.40117858295
672.0,13,22,4.0,136188.43164905018
673.0,13,23,4.0,136884.07583283214
674.0,13,24,4.0,137230.57909805153
675.0,13,25,4.0,137230.57909805165
676.0,13,26,4.0,136884.075832832
677.0,13,27,4.0,136188.4316490501
678.0,13,28,4.0,135138.40117858295
679.0,13,29,4.0,133726.19899238134
680.0,13,30,4.0,131941.61935678424
681.0,13,31,4.0,129772.22671823372
682.0,13,32,4.0,127203.63618510288
683.0,13,33,4.0,124219.89920252518
684.0,13,34,4.0,120804.00005217308
685.0,13,35,4.0,116938.45364522444
686.0,13,36,4.0,112605.97519232587
687.0,13,37,4.0,107790.16977723571
688.0,13,38,4.0,102476.16772027298
689.0,13,39,4.0,96651.11341385056
690.0,13,40,4.0,90304.40376023603
691.0,13,41,4.0,83427.56736110763
692.0,13,42,4.0,76013.67130959572
693.0,13,43,4.0,68056.12207519228
694.0,13,44,4.0,59546.65224753322
695.0,13,45,4.0,50472.06681746778
696.0,13,46,4.0,40808.72642095168
697.0,13,47,4.0,30512.025077442133
698.0,13,48,4.0,19492.29413602808
699.0,13,49,3.0,7542.09935339203
700.0,14,0,3.0,7591.651054585028
701.0,14,1,4.0,19702.261601446884
702.0,14,2,4.0,30927.324625097805
703.0,14,3,4.0,41466.87491298722
704.0,14,4,4.0,51406.59972072503
705.0,14,5,4.0,60788.161912913
706.0,14,6,4.0,69632.35705637134
707.0,14,7,4.0,77949.12994893396
708.0,14,8,4.0,85742.80280287114
709.0,14,9,4.0,93015.20853865964
710.0,14,10,4.0,99767.73637191966
711.0,14,11,4.0,106002.6955372724
712.0,14,12,4.0,111724.17035297836
713.0,14,13,4.0,116938.4536452244
714.0,14,14,4.0,121654.12213609682
715.0,14,15,4.0,125881.81914595923
716.0,14,16,4.0,129633.81783818374
717.0,14,17,4.0,132923.44266237956
718.0,14,18,4.0,135764.42385386003
719.0,14,19,4.0,138170.2497945344
720.0,14,20,4.0,140153.56689164334
721.0,14,21,4.0,141725.6594390767
722.0,14,22,4.0,142896.02566112854
723.0,14,23,4.0,143672.0530664783
724.0,14,24,4.0,144058.7876474225
725.0,14,25,4.0,144058.7876474226
726.0,14,26,4.0,143672.05306647834
727.0,14,27,4.0,142896.0256611286
728.0,14,28,4.0,141725.65943907696
729.0,14,29,4.0,140153.56689164345
730.0,14,30,4.0,138170.24979453464
731.0,14,31,4.0,135764.42385385977
732.0,14,32,4.0,132923.4426623796
733.0,14,33,4.0,129633.81783818347
734.0,14,34,4.0,125881.81914595944
735.0,14,35,4.0,121654.12213609708
736.0,14,36,4.0,116938.45364522432
737.0,14,37,4.0,111724.17035297838
738.0,14,38,4.0,106002.6955372723
739.0,14,39,4.0,99767.73637191972
740.0,14,40,4.0,93015.20853865966
741.0,14,41,4.0,85742.80280287129
742.0,14,42,4.0,77949.12994893406
743.0,14,43,4.0,69632.35705637136
744.0,14,44,4.0,60788.161912912925
745.0,14,45,4.0,51406.59972072508
746.0,14,46,4.0,41466.87491298724
747.0,14,47,4.0,30927.32462509779
748.0,14,48,4.0,19702.261601446877
749.0,14,49,3.0,7591.651054585029
750.0,15,0,3.0,7630.496461987524
751.0,15,1,4.0,19879.64538842968
752.0,15,2,4.0,31283.017930111146
753.0,15,3,4.0,42034.00605729301
754.0,15,4,4.0,52214.85823160797
755.0,15,5,4.0,61864.8854641053
756.0,15,6,4.0,71002.7977399022
757.0,15,7,4.0,79636.263178399
758.0,15,8,4.0,87766.83481341736
759.0,15,9,4.0,95392.89416709347
760.0,15,10,4.0,102511.61714253112
761.0,15,11,4.0,109120.37045749146
762.0,15,12,4.0,115217.70351277736
763.0,15,13,4.0,120804.000052173
764.0,15,14,4.0,125881.81914595905
765.0,15,15,4.0,130455.95188439768
766.0,15,16,4.0,134533.23055464443
767.0,15,17,4.0,138122.14014692532
768.0,15,18,4.0,141232.29145465192
769.0,15,19,4.0,143873.81787021176
770.0,15,20,4.0,146056.75394226707
771.0,15,21,4.0,147790.44437260707
772.0,15,22,4.0,149083.01985096853
773.0,15,23,4.0,149940.96355288324
774.0,15,24,4.0,150368.78137997823
775.0,15,25,4.0,150368.78137997855
776.0,15,26,4.0,149940.96355288322
777.0,15,27,4.0,149083.01985096847
778.0,15,28,4.0,147790.44437260728
779.0,15,29,4.0,146056.75394226715
780.0,15,30,4.0,143873.81787021173
781.0,15,31,4.0,141232.2914546518
783.0,15,33,4.0,134533.2305546447
784.0,15,34,4.0,130455.95188439764
785.0,15,35,4.0,125881.81914595912
786.0,15,36,4.0,120804.00005217308
787.0,15,37,4.0,115217.70351277734
788.0,15,38,4.0,109120.37045749152
789.0,15,39,4.0,102511.61714253106
790.0,15,40,4.0,95392.89416709356
791.0,15,41,4.0,87766.8348134173
792.0,15,42,4.0,79636.26317839895
793.0,15,43,4.0,71002.79773990216
794.0,15,44,4.0,61864.88546410534
795.0,15,45,4.0,52214.85823160793
796.0,15,46,4.0,42034.00605729293
797.0,15,47,4.0,31283.01793011114
798.0,15,48,4.0,19879.64538842968
799.0,15,49,3.0,7630.496461987514
800.0,16,0,3.0,7660.779794000436
801.0,16,1,4.0,20029.13651924368
802.0,16,2,4.0,31586.724998970047
803.0,16,3,4.0,42520.99831938286
804.0,16,4,4.0,52911.20253539144
805.0,16,5,4.0,62794.7114569212
806.0,16,6,4.0,72188.65788309724
807.0,16,7,4.0,81099.10178345676
808.0,16,8,4.0,89525.68174468527
809.0,16,9,4.0,97464.3517201966
810.0,16,10,4.0,104909.20783042756
811.0,16,11,4.0,111853.824970237
812.0,16,12,4.0,118292.27651116416
813.0,16,13,4.0,124219.89920252508
814.0,16,14,4.0,129633.81783818368
815.0,16,15,4.0,134533.23055464457
816.0,16,16,4.0,138919.46039510533
817.0,16,17,4.0,142795.79223108373
818.0,16,18,4.0,146167.12937417318
819.0,16,19,4.0,149039.51656218249
820.0,16,20,4.0,151419.5828964492
821.0,16,21,4.0,153313.95907906664
822.0,16,22,4.0,154728.718777627
823.0,16,23,4.0,155668.88584995506
824.0,16,24,4.0,156138.03945870692
825.0,16,25,4.0,156138.0394587069
826.0,16,26,4.0,155668.8858499548
827.0,16,27,4.0,154728.71877762696
828.0,16,28,4.0,153313.95907906655
829.0,16,29,4.0,151419.5828964492
830.0,16,30,4.0,149039.51656218237
831.0,16,31,4.0,146167.12937417367
832.0,16,32,4.0,142795.79223108385
833.0,16,33,4.0,138919.4603951053
834.0,16,34,4.0,134533.23055464475
835.0,16,35,4.0,129633.81783818356
836.0,16,36,4.0,124219.89920252506
837.0,16,37,4.0,118292.27651116416
838.0,16,38,4.0,111853.82497023696
840.0,16,40,4.0,97464.35172019662
841.0,16,41,4.0,89525.68174468528
842.0,16,42,4.0,81099.10178345682
843.0,16,43,4.0,72188.65788309723
844.0,16,44,4.0,62794.71145692127
845.0,16,45,4.0,52911.20253539144
846.0,16,46,4.0,42520.99831938285
847.0,16,47,4.0,31586.72499897004
848.0,16,48,4.0,20029.136519243704
849.0,16,49,3.0,7660.779794000441
850.0,17,0,3.0,7684.216332295877
851.0,17,1,4.0,20154.474839230486
852.0,17,2,4.0,31844.510380018502
853.0,17,3,4.0,42936.51525144045
854.0,17,4,4.0,53507.11256362537
855.0,17,5,4.0,63592.05001661132
856.0,17,6,4.0,73207.23083979865
857.0,17,7,4.0,82357.55842775163
858.0,17,8,4.0,91041.3554082496
859.0,17,9,4.0,99252.90862967406
860.0,17,10,4.0,106984.13907366768
861.0,17,11,4.0,114225.8275885104
862.0,17,12,4.0,120968.58457983554
863.0,17,13,4.0,127203.63618510304
864.0,17,14,4.0,132923.44266237962
865.0,17,15,4.0,138122.14014692508
866.0,17,16,4.0,142795.7922310836
867.0,17,17,4.0,146942.4455298582
868.0,17,18,4.0,150561.99775839204
869.0,17,19,4.0,153655.9030737105
870.0,17,20,4.0,156226.75375412268
871.0,17,21,4.0,158277.7872006383
872.0,17,22,4.0,159812.37158825764
873.0,17,23,4.0,160833.52230447982
874.0,17,24,4.0,161343.49545528382
875.0,17,25,4.0,161343.4954552838
876.0,17,26,4.0,160833.5223044796
877.0,17,27,4.0,159812.37158825758
878.0,17,28,4.0,158277.7872006385
879.0,17,29,4.0,156226.75375412285
880.0,17,30,4.0,153655.90307371045
881.0,17,31,4.0,150561.99775839224
882.0,17,32,4.0,146942.445529858
884.0,17,34,4.0,138122.14014692523
885.0,17,35,4.0,132923.44266237947
886.0,17,36,4.0,127203.63618510302
887.0,17,37,4.0,120968.58457983551
888.0,17,38,4.0,114225.82758851036
890.0,17,40,4.0,99252.90862967388
891.0,17,41,4.0,91041.35540824968
892.0,17,42,4.0,82357.55842775172
893.0,17,43,4.0,73207.23083979868
894.0,17,44,4.0,63592.05001661136
895.0,17,45,4.0,53507.11256362544
896.0,17,46,4.0,42936.51525144045
897.0,17,47,4.0,31844.510380018502
898.0,17,48,4.0,20154.47483923049
899.0,17,49,3.0,7684.216332295878
900.0,18,0,3.0,7702.18333941083
901.0,18,1,4.0,20258.653933654427
902.0,18,2,4.0,32061.21902037984
903.0,18,3,4.0,43287.47583855277
904.0,18,4,4.0,54011.774416026696
905.0,18,5,4.0,64268.4889099141
906.0,18,6,4.0,74072.54168356583
907.0,18,7,4.0,83427.98524550587
908.0,18,8,4.0,92332.2349039037
909.0,18,9,4.0,100778.45242352696
910.0,18,10,4.0,108757.06824566438
911.0,18,11,4.0,116256.87933292011
912.0,18,12,4.0,123265.92475684534
913.0,18,13,4.0,129772.22671823384
914.0,18,14,4.0,135764.42385385995
915.0,18,15,4.0,141232.2914546515
916.0,18,16,4.0,146167.12937417303
917.0,18,17,4.0,150561.9977583924
918.0,18,18,4.0,154411.78946865397
919.0,18,19,4.0,157713.14254052247
920.0,18,20,4.0,160464.2125667079
922.0,18,22,4.0,164313.65995552848
923.0,18,23,4.0,165412.7033064519
924.0,18,24,4.0,165962.046048515
925.0,18,25,4.0,165962.0460485152
926.0,18,26,4.0,165412.703306452
927.0,18,27,4.0,164313.65995552833
928.0,18,28,4.0,162664.3401584348
929.0,18,29,4.0,160464.21256670795
930.0,18,30,4.0,157713.14254052265
931.0,18,31,4.0,154411.7894686539
933.0,18,33,4.0,146167.12937417315
934.0,18,34,4.0,141232.29145465177
935.0,18,35,4.0,135764.42385385992
936.0,18,36,4.0,129772.22671823375
937.0,18,37,4.0,123265.92475684544
938.0,18,38,4.0,116256.87933292036
939.0,18,39,4.0,108757.0682456642
940.0,18,40,4.0,100778.45242352692
942.0,18,42,4.0,83427.98524550592
943.0,18,43,4.0,74072.54168356581
944.0,18,44,4.0,64268.488909914086
945.0,18,45,4.0,54011.774416026674
946.0,18,46,4.0,43287.47583855287
948.0,18,48,4.0,20258.653933654427
949.0,18,49,3.0,7702.183339410816
950.0,19,0,3.0,7715.785536232061
951.0,19,1,4.0,20344.068501057256
952.0,19,2,4.0,32240.71911734301
953.0,19,3,4.0,43579.39952046312
954.0,19,4,4.0,54432.521561291534
955.0,19,5,4.0,64833.30645221651
956.0,19,6,4.0,74795.88594150971
957.0,19,7,4.0,84323.67385626286
958.0,19,8,4.0,93413.4542825828
959.0,19,9,4.0,102057.63828983414
960.0,19,10,4.0,110245.66152578194
961.0,19,11,4.0,117964.9602059387
962.0,19,12,4.0,125201.7370998736
963.0,19,13,4.0,131941.61935678395
964.0,19,14,4.0,138170.24979453432
965.0,19,15,4.0,143873.8178702114
966.0,19,16,4.0,149039.51656218205
967.0,19,17,4.0,153655.90307371027
968.0,19,18,4.0,157713.1425405224
969.0,19,19,4.0,161203.12272006075
970.0,19,20,4.0,164119.4413452794
971.0,19,21,4.0,166457.28334590796
972.0,19,22,4.0,168213.21928300837
973.0,19,23,4.0,169384.96631216357
974.0,19,24,4.0,169971.15682914242
975.0,19,25,4.0,169971.1568291423
976.0,19,26,4.0,169384.96631216336
977.0,19,27,4.0,168213.21928300845
978.0,19,28,4.0,166457.28334590793
979.0,19,29,4.0,164119.4413452794
980.0,19,30,4.0,161203.12272006067
981.0,19,31,4.0,157713.1425405222
982.0,19,32,4.0,153655.90307371024
983.0,19,33,4.0,149039.516562182
984.0,19,34,4.0,143873.81787021158
985.0,19,35,4.0,138170.24979453426
986.0,19,36,4.0,131941.6193567839
987.0,19,37,4.0,125201.73709987372
988.0,19,38,4.0,117964.9602059386
989.0,19,39,4.0,110245.66152578208
990.0,19,40,4.0,102057.6382898341
991.0,19,41,4.0,93413.4542825826
992.0,19,42,4.0,84323.6738562628
993.0,19,43,4.0,74795.88594150961
994.0,19,44,4.0,64833.30645221653
995.0,19,45,4.0,54432.52156129156
996.0,19,46,4.0,43579.39952046309
997.0,19,47,4.0,32240.71911734302
998.0,19,48,4.0,20344.068501057245
999.0,19,49,3.0,7715.785536232062
1000.0,20,0,3.0,7725.902817633683
1001.0,20,1,4.0,20412.621489522386
1002.0,20,2,4.0,32386.079095493315
1003.0,20,3,4.0,43816.65998377884
1004.0,20,4,4.0,54775.16538023138
1005.0,20,5,4.0,65293.86723681344
1006.0,20,6,4.0,75386.26364782912
1007.0,20,7,4.0,85055.28457858699
1008.0,20,8,4.0,94297.2710508958
1009.0,20,9,4.0,103104.1369803056
1010.0,20,10,4.0,111464.66963042662
1011.0,20,11,4.0,119365.4023848361
1012.0,20,12,4.0,126791.27579500651
1013.0,20,13,4.0,133726.19899238134
1014.0,20,14,4.0,140153.56689164322
1015.0,20,15,4.0,146056.75394226707
1016.0,20,16,4.0,151419.58289644992
1017.0,20,17,4.0,156226.7537541227
1018.0,20,18,4.0,160464.212566708
1019.0,20,19,4.0,164119.44134527928
1020.0,20,20,4.0,167181.65763299505
1021.0,20,21,4.0,169641.9233072569
1022.0,20,22,4.0,171493.17422086743
1023.0,20,23,4.0,172730.19257164496
1024.0,20,24,4.0,173349.55001371802
1025.0,20,25,4.0,173349.5500137184
1026.0,20,26,4.0,172730.1925716449
1027.0,20,27,4.0,171493.17422086757
1028.0,20,28,4.0,169641.92330725692
1029.0,20,29,4.0,167181.65763299484
1031.0,20,31,4.0,160464.21256670807
1032.0,20,32,4.0,156226.7537541228
1033.0,20,33,4.0,151419.58289644966
1034.0,20,34,4.0,146056.75394226686
1035.0,20,35,4.0,140153.56689164316
1036.0,20,36,4.0,133726.19899238145
1037.0,20,37,4.0,126791.27579500656
1038.0,20,38,4.0,119365.40238483614
1039.0,20,39,4.0,111464.6696304266
1040.0,20,40,4.0,103104.1369803055
1041.0,20,41,4.0,94297.27105089584
1042.0,20,42,4.0,85055.28457858686
1043.0,20,43,4.0,75386.263647829
1044.0,20,44,4.0,65293.86723681342
1045.0,20,45,4.0,54775.16538023148
1046.0,20,46,4.0,43816.65998377887
1047.0,20,47,4.0,32386.07909549329
1048.0,20,48,4.0,20412.62148952242
1049.0,20,49,3.0,7725.902817633679
1050.0,21,0,3.0,7733.225223955797
1051.0,21,1,4.0,20465.802398153
1052.0,21,2,4.0,32499.697025867037
1053.0,21,3,4.0,44002.67180795472
1054.0,21,4,4.0,55044.24137798394
1055.0,21,5,4.0,65655.92343351782
1056.0,21,6,4.0,75850.72106664053
1057.0,21,7,4.0,85631.20134771989
1058.0,21,8,4.0,94993.39465949268
1059.0,21,9,4.0,103928.8887764591
1060.0,21,10,4.0,112426.05849612296
1061.0,21,11,4.0,120470.8585589023
1062.0,21,12,4.0,128047.3961881308
1063.0,21,13,4.0,135138.40117858307
1064.0,21,14,4.0,141725.65943907676
1065.0,21,15,4.0,147790.44437260748
1066.0,21,16,4.0,153313.9590790665
1067.0,21,17,4.0,158277.78720063792
1068.0,21,18,4.0,162664.34015843514
1069.0,21,19,4.0,166457.28334590857
1070.0,21,20,4.0,169641.92330725698
1071.0,21,21,4.0,172205.5412813472
1072.0,21,22,4.0,174137.66436743768
1073.0,21,23,4.0,175430.27219277582
1074.0,21,24,4.0,176077.94253879317
1075.0,21,25,4.0,176077.94253879308
1076.0,21,26,4.0,175430.27219277612
1078.0,21,28,4.0,172205.541281347
1079.0,21,29,4.0,169641.92330725698
1080.0,21,30,4.0,166457.28334590848
1081.0,21,31,4.0,162664.34015843508
1082.0,21,32,4.0,158277.7872006382
1083.0,21,33,4.0,153313.95907906682
1084.0,21,34,4.0,147790.4443726072
1085.0,21,35,4.0,141725.6594390766
1086.0,21,36,4.0,135138.40117858278
1087.0,21,37,4.0,128047.39618813076
1088.0,21,38,4.0,120470.85855890228
1089.0,21,39,4.0,112426.05849612287
1090.0,21,40,4.0,103928.88877645928
1091.0,21,41,4.0,94993.39465949268
1092.0,21,42,4.0,85631.20134772001
1093.0,21,43,4.0,75850.72106664047
1094.0,21,44,4.0,65655.92343351783
1095.0,21,45,4.0,55044.241377984
1096.0,21,46,4.0,44002.67180795469
1097.0,21,47,4.0,32499.69702586703
1098.0,21,48,4.0,20465.802398153
1100.0,22,0,3.0,7738.278500879932
1101.0,22,1,4.0,20504.7443470606
1102.0,22,2,4.0,32583.394907541693
1103.0,22,3,4.0,44140.02686294078
1105.0,22,5,4.0,65923.8403926633
1106.0,22,6,4.0,76194.61310855024
1107.0,22,7,4.0,86057.81472589135
1108.0,22,8,4.0,95509.26361576514
1109.0,22,9,4.0,104540.33886497008
1110.0,22,10,4.0,113139.16177236271
1111.0,22,11,4.0,121291.33218661096
1112.0,22,12,4.0,128980.43421761892
1113.0,22,13,4.0,136188.43164905006
1114.0,22,14,4.0,142896.02566112846
1115.0,22,15,4.0,149083.01985096806
1116.0,22,16,4.0,154728.7187776268
1117.0,22,17,4.0,159812.37158825752
1118.0,22,18,4.0,164313.65995552854
1119.0,22,19,4.0,168213.21928300807
1120.0,22,20,4.0,171493.17422086722
1121.0,22,21,4.0,174137.66436743826
1122.0,22,22,4.0,176133.33378706823
1123.0,22,23,4.0,177469.7584984244
1124.0,22,24,4.0,178139.788934109
1125.0,22,25,4.0,178139.7889341089
1126.0,22,26,4.0,177469.75849842472
1127.0,22,27,4.0,176133.33378706814
1128.0,22,28,4.0,174137.66436743835
1129.0,22,29,4.0,171493.17422086728
1130.0,22,30,4.0,168213.21928300822
1131.0,22,31,4.0,164313.65995552877
1132.0,22,32,4.0,159812.37158825752
1133.0,22,33,4.0,154728.71877762672
1134.0,22,34,4.0,149083.01985096806
1135.0,22,35,4.0,142896.0256611287
1136.0,22,36,4.0,136188.43164905006
1137.0,22,37,4.0,128980.43421761894
1138.0,22,38,4.0,121291.33218661098
1139.0,22,39,4.0,113139.16177236276
1141.0,22,41,4.0,95509.26361576516
1142.0,22,42,4.0,86057.81472589132
1143.0,22,43,4.0,76194.61310855043
1144.0,22,44,4.0,65923.84039266323
1145.0,22,45,4.0,55243.19064789485
1146.0,22,46,4.0,44140.02686294074
1147.0,22,47,4.0,32583.39490754164
1148.0,22,48,4.0,20504.74434706061
1149.0,22,49,3.0,7738.278500879925
1150.0,23,0,3.0,7741.44248116983
1151.0,23,1,4.0,20530.265018001333
1152.0,23,2,4.0,32638.48623808265
1153.0,23,3,4.0,44230.592211358
1154.0,23,4,4.0,55374.49082559719
1155.0,23,5,4.0,66100.76125266352
1156.0,23,6,4.0,76421.79836668816
1157.0,23,7,4.0,86339.73827013448
1158.0,23,8,4.0,95850.266436535
1159.0,23,9,4.0,104944.63786823304
1160.0,23,10,4.0,113610.8291549715
1161.0,23,11,4.0,121834.23924582088
1162.0,23,12,4.0,129598.15121910644
1163.0,23,13,4.0,136884.07583283226
1164.0,23,14,4.0,143672.0530664784
1165.0,23,15,4.0,149940.963552883
1166.0,23,16,4.0,155668.88584995546
1167.0,23,17,4.0,160833.52230447932
1168.0,23,18,4.0,165412.70330645246
1169.0,23,19,4.0,169384.9663121638
1170.0,23,20,4.0,172730.19257164487
1171.0,23,21,4.0,175430.27219277588
1172.0,23,22,4.0,177469.7584984248
1173.0,23,23,4.0,178836.46702019626
1174.0,23,24,4.0,179521.9739637603
1175.0,23,25,4.0,179521.97396376033
1176.0,23,26,4.0,178836.46702019652
1177.0,23,27,4.0,177469.7584984247
1178.0,23,28,4.0,175430.27219277594
1180.0,23,30,4.0,169384.96631216363
1181.0,23,31,4.0,165412.70330645228
1182.0,23,32,4.0,160833.5223044794
1183.0,23,33,4.0,155668.88584995558
1184.0,23,34,4.0,149940.96355288298
1185.0,23,35,4.0,143672.05306647837
1186.0,23,36,4.0,136884.07583283226
1187.0,23,37,4.0,129598.1512191064
1188.0,23,38,4.0,121834.2392458208
1189.0,23,39,4.0,113610.82915497157
1190.0,23,40,4.0,104944.6378682332
1191.0,23,41,4.0,95850.26643653496
1192.0,23,42,4.0,86339.73827013443
1193.0,23,43,4.0,76421.79836668818
1194.0,23,44,4.0,66100.76125266346
1195.0,23,45,4.0,55374.49082559723
1196.0,23,46,4.0,44230.592211357885
1197.0,23,47,4.0,32638.48623808266
1198.0,23,48,4.0,20530.26501800134
1199.0,23,49,3.0,7741.442481169834
1200.0,24,0,3.0,7742.963780717384
1201.0,24,1,4.0,20542.89487385243
1202.0,24,2,4.0,32665.822539473946
1203.0,24,3,4.0,44275.57755778345
1204.0,24,4,4.0,55439.74660192059
1205.0,24,5,4.0,66188.72154629555
1206.0,24,6,4.0,76534.776674664
1207.0,24,7,4.0,86479.96427390097
1208.0,24,8,4.0,96019.90560892755
1209.0,24,9,4.0,105145.7977452622
1210.0,24,10,4.0,113845.5517302974
1211.0,24,11,4.0,122104.47633876734
1212.0,24,12,4.0,129905.71822301218
1213.0,24,13,4.0,137230.57909805127
1214.0,24,14,4.0,144058.78764742223
1215.0,24,15,4.0,150368.78137997826
1216.0,24,16,4.0,156138.039458707
1217.0,24,17,4.0,161343.49545528315
1218.0,24,18,4.0,165962.04604851553
1219.0,24,19,4.0,169971.15682914274
1220.0,24,20,4.0,173349.5500137186
1221.0,24,21,4.0,176077.94253879308
1222.0,24,22,4.0,178139.7889341093
1223.0,24,23,4.0,179521.97396376068
1224.0,24,24,4.0,180215.3972749748
1225.0,24,25,4.0,180215.39727497488
1226.0,24,26,4.0,179521.97396376077
1228.0,24,28,4.0,176077.94253879305
1229.0,24,29,4.0,173349.55001371843
1230.0,24,30,4.0,169971.15682914262
1231.0,24,31,4.0,165962.04604851565
1232.0,24,32,4.0,161343.49545528318
1233.0,24,33,4.0,156138.0394587072
1234.0,24,34,4.0,150368.78137997814
1235.0,24,35,4.0,144058.78764742232
1236.0,24,36,4.0,137230.57909805127
1237.0,24,37,4.0,129905.71822301229
1238.0,24,38,4.0,122104.4763387675
1239.0,24,39,4.0,113845.5517302975
1240.0,24,40,4.0,105145.7977452622
1241.0,24,41,4.0,96019.90560892764
1242.0,24,42,4.0,86479.96427390084
1243.0,24,43,4.0,76534.77667466397
1244.0,24,44,4.0,66188.72154629548
1245.0,24,45,4.0,55439.74660192055
1246.0,24,46,4.0,44275.577557783465
1247.0,24,47,4.0,32665.82253947395
1248.0,24,48,4.0,20542.894873852456
1249.0,24,49,3.0,7742.963780717385
1250.0,25,0,3.0,7742.963780717381
1251.0,25,1,4.0,20542.894873852383
1252.0,25,2,4.0,32665.82253947391
1253.0,25,3,4.0,44275.57755778352
1254.0,25,4,4.0,55439.74660192059
1255.0,25,5,4.0,66188.72154629552
1256.0,25,6,4.0,76534.77667466429
1257.0,25,7,4.0,86479.96427390077
1258.0,25,8,4.0,96019.90560892769
1259.0,25,9,4.0,105145.79774526204
1260.0,25,10,4.0,113845.55173029762
1261.0,25,11,4.0,122104.47633876764
1262.0,25,12,4.0,129905.71822301204
1263.0,25,13,4.0,137230.5790980514
1264.0,25,14,4.0,144058.78764742243
1265.0,25,15,4.0,150368.78137997858
1266.0,25,16,4.0,156138.03945870744
1267.0,25,17,4.0,161343.49545528367
1268.0,25,18,4.0,165962.04604851524
1269.0,25,19,4.0,169971.15682914268
1270.0,25,20,4.0,173349.55001371854
1271.0,25,21,4.0,176077.9425387929
1272.0,25,22,4.0,178139.7889341095
1273.0,25,23,4.0,179521.97396376045
1274.0,25,24,4.0,180215.3972749744
1275.0,25,25,4.0,180215.3972749742
1276.0,25,26,4.0,179521.9739637603
1277.0,25,27,4.0,178139.7889341095
1278.0,25,28,4.0,176077.9425387929
1279.0,25,29,4.0,173349.55001371854
1280.0,25,30,4.0,169971.15682914262
1281.0,25,31,4.0,165962.04604851533
1282.0,25,32,4.0,161343.49545528353
1283.0,25,33,4.0,156138.03945870753
1284.0,25,34,4.0,150368.7813799783
1285.0,25,35,4.0,144058.78764742237
1286.0,25,36,4.0,137230.5790980514
1287.0,25,37,4.0,129905.7182230121
1288.0,25,38,4.0,122104.47633876756
1289.0,25,39,4.0,113845.5517302974
1290.0,25,40,4.0,105145.7977452621
1291.0,25,41,4.0,96019.90560892771
1292.0,25,42,4.0,86479.96427390077
1293.0,25,43,4.0,76534.77667466435
1294.0,25,44,4.0,66188.72154629548
1295.0,25,45,4.0,55439.74660192053
1296.0,25,46,4.0,44275.57755778351
1297.0,25,47,4.0,32665.822539473906
1298.0,25,48,4.0,20542.89487385241
1299.0,25,49,3.0,7742.963780717389
1300.0,26,0,3.0,7741.442481169836
1301.0,26,1,4.0,20530.265018001388
1302.0,26,2,4.0,32638.486238082714
1303.0,26,3,4.0,44230.59221135793
1304.0,26,4,4.0,55374.49082559714
1305.0,26,5,4.0,66100.76125266352
1306.0,26,6,4.0,76421.79836668793
1307.0,26,7,4.0,86339.73827013426
1308.0,26,8,4.0,95850.2664365348
1309.0,26,9,4.0,104944.637868233
1310.0,26,10,4.0,113610.82915497157
1311.0,26,11,4.0,121834.23924582108
1312.0,26,12,4.0,129598.15121910664
1313.0,26,13,4.0,136884.07583283226
1314.0,26,14,4.0,143672.0530664782
1315.0,26,15,4.0,149940.96355288292
1317.0,26,17,4.0,160833.52230447973
1318.0,26,18,4.0,165412.70330645234
1319.0,26,19,4.0,169384.9663121633
1320.0,26,20,4.0,172730.1925716454
1321.0,26,21,4.0,175430.2721927759
1322.0,26,22,4.0,177469.75849842452
1323.0,26,23,4.0,178836.467020196
1324.0,26,24,4.0,179521.9739637606
1325.0,26,25,4.0,179521.97396376065
1326.0,26,26,4.0,178836.46702019608
1327.0,26,27,4.0,177469.7584984246
1328.0,26,28,4.0,175430.27219277612
1329.0,26,29,4.0,172730.19257164493
1330.0,26,30,4.0,169384.96631216354
1331.0,26,31,4.0,165412.70330645234
1332.0,26,32,4.0,160833.5223044799
1333.0,26,33,4.0,155668.8858499555
1334.0,26,34,4.0,149940.9635528832
1335.0,26,35,4.0,143672.0530664781
1336.0,26,36,4.0,136884.07583283226
1337.0,26,37,4.0,129598.15121910656
1338.0,26,38,4.0,121834.239245821
1339.0,26,39,4.0,113610.82915497157
1340.0,26,40,4.0,104944.6378682332
1341.0,26,41,4.0,95850.26643653485
1342.0,26,42,4.0,86339.73827013426
1343.0,26,43,4.0,76421.79836668787
1344.0,26,44,4.0,66100.76125266352
1345.0,26,45,4.0,55374.49082559711
1346.0,26,46,4.0,44230.59221135792
1347.0,26,47,4.0,32638.486238082707
1348.0,26,48,4.0,20530.26501800137
1349.0,26,49,3.0,7741.442481169829
1350.0,27,0,3.0,7738.278500879946
1351.0,27,1,4.0,20504.744347060583
1352.0,27,2,4.0,32583.394907541668
1353.0,27,3,4.0,44140.02686294083
1354.0,27,4,4.0,55243.19064789479
1355.0,27,5,4.0,65923.84039266335
1356.0,27,6,4.0,76194.6131085505
1357.0,27,7,4.0,86057.81472589126
1358.0,27,8,4.0,95509.26361576504
1359.0,27,9,4.0,104540.33886497017
1360.0,27,10,4.0,113139.16177236236
1361.0,27,11,4.0,121291.33218661096
1362.0,27,12,4.0,128980.4342176189
1363.0,27,13,4.0,136188.43164904995
1364.0,27,14,4.0,142896.02566112846
1365.0,27,15,4.0,149083.01985096803
1366.0,27,16,4.0,154728.71877762716
1367.0,27,17,4.0,159812.3715882574
1368.0,27,18,4.0,164313.6599555284
1369.0,27,19,4.0,168213.21928300802
1370.0,27,20,4.0,171493.17422086763
1371.0,27,21,4.0,174137.664367438
1372.0,27,22,4.0,176133.3337870683
1373.0,27,23,4.0,177469.75849842496
1374.0,27,24,4.0,178139.78893410965
1375.0,27,25,4.0,178139.7889341097
1376.0,27,26,4.0,177469.7584984246
1377.0,27,27,4.0,176133.33378706832
1378.0,27,28,4.0,174137.6643674379
1379.0,27,29,4.0,171493.1742208676
1380.0,27,30,4.0,168213.21928300807
1381.0,27,31,4.0,164313.65995552842
1382.0,27,32,4.0,159812.37158825737
1383.0,27,33,4.0,154728.71877762704
1384.0,27,34,4.0,149083.01985096824
1385.0,27,35,4.0,142896.02566112828
1386.0,27,36,4.0,136188.43164905004
1387.0,27,37,4.0,128980.4342176191
1388.0,27,38,4.0,121291.33218661092
1389.0,27,39,4.0,113139.16177236244
1390.0,27,40,4.0,104540.3388649702
1392.0,27,42,4.0,86057.8147258913
1393.0,27,43,4.0,76194.6131085503
1394.0,27,44,4.0,65923.84039266327
1395.0,27,45,4.0,55243.19064789479
1396.0,27,46,4.0,44140.02686294092
1397.0,27,47,4.0,32583.39490754172
1398.0,27,48,4.0,20504.744347060547
1399.0,27,49,3.0,7738.278500879937
1400.0,28,0,3.0,7733.225223955768
1401.0,28,1,4.0,20465.80239815297
1402.0,28,2,4.0,32499.697025867
1403.0,28,3,4.0,44002.671807954604
1404.0,28,4,4.0,55044.24137798395
1405.0,28,5,4.0,65655.9234335178
1406.0,28,6,4.0,75850.72106664036
1407.0,28,7,4.0,85631.2013477199
1408.0,28,8,4.0,94993.3946594923
1409.0,28,9,4.0,103928.88877645908
1410.0,28,10,4.0,112426.05849612333
1411.0,28,11,4.0,120470.85855890252
1412.0,28,12,4.0,128047.39618813065
1413.0,28,13,4.0,135138.40117858315
1414.0,28,14,4.0,141725.6594390767
1415.0,28,15,4.0,147790.4443726075
1416.0,28,16,4.0,153313.9590790666
1417.0,28,17,4.0,158277.78720063806
1418.0,28,18,4.0,162664.340158435
1419.0,28,19,4.0,166457.28334590807
1420.0,28,20,4.0,169641.9233072571
1421.0,28,21,4.0,172205.5412813473
1422.0,28,22,4.0,174137.6643674383
1423.0,28,23,4.0,175430.27219277597
1424.0,28,24,4.0,176077.94253879297
1425.0,28,25,4.0,176077.942538793
1426.0,28,26,4.0,175430.27219277597
1427.0,28,27,4.0,174137.6643674383
1428.0,28,28,4.0,172205.541281347
1429.0,28,29,4.0,169641.92330725706
1430.0,28,30,4.0,166457.2833459082
1431.0,28,31,4.0,162664.3401584348
1432.0,28,32,4.0,158277.78720063771
1433.0,28,33,4.0,153313.95907906664
1434.0,28,34,4.0,147790.44437260742
1435.0,28,35,4.0,141725.65943907647
1436.0,28,36,4.0,135138.40117858312
1437.0,28,37,4.0,128047.39618813072
1438.0,28,38,4.0,120470.85855890256
1439.0,28,39,4.0,112426.05849612317
1440.0,28,40,4.0,103928.88877645884
1441.0,28,41,4.0,94993.39465949236
1442.0,28,42,4.0,85631.20134771998
1443.0,28,43,4.0,75850.72106664037
1444.0,28,44,4.0,65655.92343351786
1445.0,28,45,4.0,55044.241377983984
1446.0,28,46,4.0,44002.67180795463
1447.0,28,47,4.0,32499.69702586702
1448.0,28,48,4.0,20465.80239815296
1449.0,28,49,3.0,7733.225223955768
1450.0,29,0,3.0,7725.902817633685
1451.0,29,1,4.0,20412.621489522404
1452.0,29,2,4.0,32386.079095493304
1453.0,29,3,4.0,43816.65998377874
1454.0,29,4,4.0,54775.16538023152
1455.0,29,5,4.0,65293.86723681356
1456.0,29,6,4.0,75386.26364782911
1457.0,29,7,4.0,85055.28457858671
1458.0,29,8,4.0,94297.27105089607
1459.0,29,9,4.0,103104.13698030556
1460.0,29,10,4.0,111464.66963042675
1461.0,29,11,4.0,119365.40238483612
1462.0,29,12,4.0,126791.2757950064
1463.0,29,13,4.0,133726.19899238157
1464.0,29,14,4.0,140153.5668916433
1465.0,29,15,4.0,146056.75394226686
1466.0,29,16,4.0,151419.58289644934
1467.0,29,17,4.0,156226.753754123
1468.0,29,18,4.0,160464.21256670784
1469.0,29,19,4.0,164119.44134527963
1470.0,29,20,4.0,167181.65763299487
1471.0,29,21,4.0,169641.92330725715
1472.0,29,22,4.0,171493.1742208673
1473.0,29,23,4.0,172730.19257164554
1474.0,29,24,4.0,173349.5500137182
1475.0,29,25,4.0,173349.55001371834
1476.0,29,26,4.0,172730.19257164522
1477.0,29,27,4.0,171493.1742208674
1479.0,29,29,4.0,167181.6576329952
1480.0,29,30,4.0,164119.4413452796
1481.0,29,31,4.0,160464.2125667079
1482.0,29,32,4.0,156226.75375412285
1483.0,29,33,4.0,151419.58289644954
1484.0,29,34,4.0,146056.75394226707
1485.0,29,35,4.0,140153.56689164304
1486.0,29,36,4.0,133726.19899238163
1487.0,29,37,4.0,126791.27579500638
1488.0,29,38,4.0,119365.40238483608
1489.0,29,39,4.0,111464.66963042684
1490.0,29,40,4.0,103104.13698030572
1491.0,29,41,4.0,94297.27105089612
1493.0,29,43,4.0,75386.26364782933
1494.0,29,44,4.0,65293.86723681354
1495.0,29,45,4.0,54775.165380231534
1496.0,29,46,4.0,43816.65998377879
1497.0,29,47,4.0,32386.07909549328
1498.0,29,48,4.0,20412.62148952242
1499.0,29,49,3.0,7725.9028176336915
1500.0,30,0,3.0,7715.785536232055
1501.0,30,1,4.0,20344.068501057216
1502.0,30,2,4.0,32240.719117342986
1503.0,30,3,4.0,43579.39952046314
1504.0,30,4,4.0,54432.52156129135
1505.0,30,5,4.0,64833.30645221642
1506.0,30,6,4.0,74795.88594150952
1507.0,30,7,4.0,84323.67385626241
1508.0,30,8,4.0,93413.4542825828
1509.0,30,9,4.0,102057.63828983415
1510.0,30,10,4.0,110245.66152578226
1511.0,30,11,4.0,117964.96020593889
1512.0,30,12,4.0,125201.73709987372
1513.0,30,13,4.0,131941.6193567841
1515.0,30,15,4.0,143873.81787021187
1516.0,30,16,4.0,149039.51656218225
1517.0,30,17,4.0,153655.9030737102
1518.0,30,18,4.0,157713.1425405224
1519.0,30,19,4.0,161203.12272006072
1520.0,30,20,4.0,164119.4413452799
1521.0,30,21,4.0,166457.28334590798
1522.0,30,22,4.0,168213.2192830083
1523.0,30,23,4.0,169384.96631216354
1524.0,30,24,4.0,169971.15682914233
1525.0,30,25,4.0,169971.1568291422
1526.0,30,26,4.0,169384.9663121635
1527.0,30,27,4.0,168213.2192830082
1528.0,30,28,4.0,166457.28334590822
1529.0,30,29,4.0,164119.44134527957
1530.0,30,30,4.0,161203.12272006084
1531.0,30,31,4.0,157713.14254052244
1532.0,30,32,4.0,153655.90307371013
1533.0,30,33,4.0,149039.51656218228
1534.0,30,34,4.0,143873.8178702117
1535.0,30,35,4.0,138170.24979453438
1536.0,30,36,4.0,131941.61935678424
1538.0,30,38,4.0,117964.96020593891
1539.0,30,39,4.0,110245.66152578212
1540.0,30,40,4.0,102057.638289834
1541.0,30,41,4.0,93413.45428258277
1542.0,30,42,4.0,84323.67385626257
1543.0,30,43,4.0,74795.8859415095
1544.0,30,44,4.0,64833.30645221647
1545.0,30,45,4.0,54432.5215612915
1546.0,30,46,4.0,43579.39952046318
1547.0,30,47,4.0,32240.719117343007
1548.0,30,48,4.0,20344.06850105721
1549.0,30,49,3.0,7715.785536232045
1550.0,31,0,3.0,7702.183339410811
1551.0,31,1,4.0,20258.65393365443
1552.0,31,2,4.0,32061.2190203798
1553.0,31,3,4.0,43287.475838552775
1554.0,31,4,4.0,54011.7744160268
1555.0,31,5,4.0,64268.488909914166
1556.0,31,6,4.0,74072.54168356604
1557.0,31,7,4.0,83427.98524550594
1558.0,31,8,4.0,92332.234903904
1559.0,31,9,4.0,100778.4524235268
1560.0,31,10,4.0,108757.06824566428
1561.0,31,11,4.0,116256.8793329203
1562.0,31,12,4.0,123265.92475684536
1563.0,31,13,4.0,129772.226718234
1564.0,31,14,4.0,135764.42385385995
1565.0,31,15,4.0,141232.29145465168
1566.0,31,16,4.0,146167.12937417327
1567.0,31,17,4.0,150561.99775839233
1569.0,31,19,4.0,157713.1425405223
1570.0,31,20,4.0,160464.2125667082
1571.0,31,21,4.0,162664.34015843488
1572.0,31,22,4.0,164313.6599555289
1573.0,31,23,4.0,165412.70330645208
1574.0,31,24,4.0,165962.04604851556
1575.0,31,25,4.0,165962.0460485152
1576.0,31,26,4.0,165412.70330645228
1577.0,31,27,4.0,164313.6599555289
1578.0,31,28,4.0,162664.34015843467
1579.0,31,29,4.0,160464.21256670827
1581.0,31,31,4.0,154411.78946865376
1582.0,31,32,4.0,150561.99775839254
1583.0,31,33,4.0,146167.12937417344
1584.0,31,34,4.0,141232.29145465163
1585.0,31,35,4.0,135764.42385385992
1586.0,31,36,4.0,129772.2267182339
1587.0,31,37,4.0,123265.92475684544
1588.0,31,38,4.0,116256.87933292038
1589.0,31,39,4.0,108757.06824566436
1590.0,31,40,4.0,100778.4524235268
1593.0,31,43,4.0,74072.54168356604
1594.0,31,44,4.0,64268.48890991423
1595.0,31,45,4.0,54011.77441602678
1596.0,31,46,4.0,43287.4758385528
1597.0,31,47,4.0,32061.219020379787
1598.0,31,48,4.0,20258.653933654423
1599.0,31,49,3.0,7702.183339410825
1600.0,32,0,3.0,7684.216332295875
1601.0,32,1,4.0,20154.47483923045
1602.0,32,2,4.0,31844.510380018528
1604.0,32,4,4.0,53507.112563625335
1605.0,32,5,4.0,63592.05001661128
1606.0,32,6,4.0,73207.23083979872
1607.0,32,7,4.0,82357.55842775134
1608.0,32,8,4.0,91041.35540824952
1609.0,32,9,4.0,99252.90862967406
1610.0,32,10,4.0,106984.13907366771
1611.0,32,11,4.0,114225.82758851044
1612.0,32,12,4.0,120968.58457983551
1613.0,32,13,4.0,127203.63618510288
1614.0,32,14,4.0,132923.44266237944
1615.0,32,15,4.0,138122.1401469252
1616.0,32,16,4.0,142795.79223108364
1617.0,32,17,4.0,146942.4455298578
1618.0,32,18,4.0,150561.99775839204
1619.0,32,19,4.0,153655.90307371013
1620.0,32,20,4.0,156226.75375412282
1621.0,32,21,4.0,158277.78720063844
1622.0,32,22,4.0,159812.37158825676
1623.0,32,23,4.0,160833.52230447967
1624.0,32,24,4.0,161343.49545528358
1625.0,32,25,4.0,161343.49545528344
1626.0,32,26,4.0,160833.5223044793
1627.0,32,27,4.0,159812.37158825702
1628.0,32,28,4.0,158277.78720063833
1629.0,32,29,4.0,156226.7537541227
1630.0,32,30,4.0,153655.90307371016
1631.0,32,31,4.0,150561.99775839224
1632.0,32,32,4.0,146942.44552985788
1633.0,32,33,4.0,142795.79223108344
1634.0,32,34,4.0,138122.1401469253
1635.0,32,35,4.0,132923.44266237936
1636.0,32,36,4.0,127203.63618510276
1637.0,32,37,4.0,120968.58457983535
1638.0,32,38,4.0,114225.82758851044
1640.0,32,40,4.0,99252.908629674
1641.0,32,41,4.0,91041.3554082494
1642.0,32,42,4.0,82357.55842775147
1643.0,32,43,4.0,73207.23083979884
1644.0,32,44,4.0,63592.05001661124
1645.0,32,45,4.0,53507.11256362537
1646.0,32,46,4.0,42936.51525144051
1647.0,32,47,4.0,31844.51038001853
1648.0,32,48,4.0,20154.474839230483
1649.0,32,49,3.0,7684.216332295872
1650.0,33,0,3.0,7660.779794000447
1651.0,33,1,4.0,20029.13651924362
1652.0,33,2,4.0,31586.724998970058
1653.0,33,3,4.0,42520.99831938303
1654.0,33,4,4.0,52911.20253539151
1655.0,33,5,4.0,62794.71145692121
1656.0,33,6,4.0,72188.65788309704
1657.0,33,7,4.0,81099.10178345685
1658.0,33,8,4.0,89525.68174468513
1659.0,33,9,4.0,97464.35172019676
1660.0,33,10,4.0,104909.20783042784
1661.0,33,11,4.0,111853.82497023683
1662.0,33,12,4.0,118292.27651116403
1663.0,33,13,4.0,124219.8992025251
1664.0,33,14,4.0,129633.81783818358
1665.0,33,15,4.0,134533.23055464478
1666.0,33,16,4.0,138919.46039510507
1667.0,33,17,4.0,142795.79223108373
1668.0,33,18,4.0,146167.1293741731
1669.0,33,19,4.0,149039.51656218237
1670.0,33,20,4.0,151419.58289644934
1671.0,33,21,4.0,153313.95907906708
1672.0,33,22,4.0,154728.71877762667
1673.0,33,23,4.0,155668.88584995552
1674.0,33,24,4.0,156138.0394587074
1675.0,33,25,4.0,156138.03945870732
1676.0,33,26,4.0,155668.88584995538
1677.0,33,27,4.0,154728.71877762693
1678.0,33,28,4.0,153313.95907906702
1679.0,33,29,4.0,151419.58289644957
1680.0,33,30,4.0,149039.51656218225
1681.0,33,31,4.0,146167.12937417338
1682.0,33,32,4.0,142795.7922310836
1683.0,33,33,4.0,138919.46039510512
1684.0,33,34,4.0,134533.23055464463
1685.0,33,35,4.0,129633.81783818372
1686.0,33,36,4.0,124219.89920252503
1687.0,33,37,4.0,118292.27651116403
1688.0,33,38,4.0,111853.82497023686
1689.0,33,39,4.0,104909.20783042784
1690.0,33,40,4.0,97464.35172019694
1691.0,33,41,4.0,89525.68174468505
1692.0,33,42,4.0,81099.10178345676
1693.0,33,43,4.0,72188.65788309694
1694.0,33,44,4.0,62794.711456921264
1695.0,33,45,4.0,52911.20253539157
1696.0,33,46,4.0,42520.99831938301
1697.0,33,47,4.0,31586.72499897007
1698.0,33,48,4.0,20029.13651924363
1699.0,33,49,3.0,7660.779794000443
1700.0,34,0,3.0,7630.496461987516
1701.0,34,1,4.0,19879.64538842968
1703.0,34,3,4.0,42034.00605729297
1704.0,34,4,4.0,52214.85823160796
1706.0,34,6,4.0,71002.79773990223
1707.0,34,7,4.0,79636.26317839923
1708.0,34,8,4.0,87766.8348134174
1709.0,34,9,4.0,95392.89416709324
1710.0,34,10,4.0,102511.61714253106
1711.0,34,11,4.0,109120.37045749163
1712.0,34,12,4.0,115217.703512777
1713.0,34,13,4.0,120804.00005217324
1714.0,34,14,4.0,125881.8191459592
1715.0,34,15,4.0,130455.95188439776
1716.0,34,16,4.0,134533.23055464443
1717.0,34,17,4.0,138122.14014692526
1719.0,34,19,4.0,143873.81787021153
1720.0,34,20,4.0,146056.75394226715
1721.0,34,21,4.0,147790.4443726071
1722.0,34,22,4.0,149083.0198509681
1723.0,34,23,4.0,149940.96355288348
1724.0,34,24,4.0,150368.7813799786
1725.0,34,25,4.0,150368.78137997846
1726.0,34,26,4.0,149940.9635528834
1727.0,34,27,4.0,149083.01985096774
1728.0,34,28,4.0,147790.44437260742
1729.0,34,29,4.0,146056.753942267
1730.0,34,30,4.0,143873.8178702114
1731.0,34,31,4.0,141232.29145465186
1732.0,34,32,4.0,138122.14014692506
1733.0,34,33,4.0,134533.23055464463
1734.0,34,34,4.0,130455.95188439776
1735.0,34,35,4.0,125881.81914595918
1736.0,34,36,4.0,120804.00005217324
1737.0,34,37,4.0,115217.70351277692
1738.0,34,38,4.0,109120.37045749168
1739.0,34,39,4.0,102511.61714253116
1740.0,34,40,4.0,95392.89416709333
1741.0,34,41,4.0,87766.83481341747
1742.0,34,42,4.0,79636.26317839902
1743.0,34,43,4.0,71002.79773990216
1744.0,34,44,4.0,61864.88546410525
1745.0,34,45,4.0,52214.85823160791
1746.0,34,46,4.0,42034.00605729294
1747.0,34,47,4.0,31283.017930111164
1748.0,34,48,4.0,19879.645388429693
1749.0,34,49,3.0,7630.496461987521
1750.0,35,0,3.0,7591.651054585027
1751.0,35,1,4.0,19702.2616014469
1752.0,35,2,4.0,30927.324625097765
1753.0,35,3,4.0,41466.87491298733
1754.0,35,4,4.0,51406.59972072512
1755.0,35,5,4.0,60788.16191291303
1756.0,35,6,4.0,69632.35705637145
1757.0,35,7,4.0,77949.12994893405
1758.0,35,8,4.0,85742.80280287092
1759.0,35,9,4.0,93015.20853865976
1760.0,35,10,4.0,99767.73637191988
1761.0,35,11,4.0,106002.69553727274
1762.0,35,12,4.0,111724.17035297834
1763.0,35,13,4.0,116938.45364522457
1764.0,35,14,4.0,121654.12213609698
1765.0,35,15,4.0,125881.81914595923
1766.0,35,16,4.0,129633.8178381836
1767.0,35,17,4.0,132923.44266237956
1768.0,35,18,4.0,135764.42385386006
1769.0,35,19,4.0,138170.24979453423
1770.0,35,20,4.0,140153.56689164328
1771.0,35,21,4.0,141725.65943907687
1772.0,35,22,4.0,142896.0256611287
1773.0,35,23,4.0,143672.05306647852
1774.0,35,24,4.0,144058.78764742264
1775.0,35,25,4.0,144058.78764742258
1776.0,35,26,4.0,143672.05306647846
1777.0,35,27,4.0,142896.0256611286
1778.0,35,28,4.0,141725.6594390768
1779.0,35,29,4.0,140153.56689164334
1780.0,35,30,4.0,138170.2497945343
1781.0,35,31,4.0,135764.42385386012
1782.0,35,32,4.0,132923.44266237947
1783.0,35,33,4.0,129633.81783818366
1784.0,35,34,4.0,125881.81914595916
1785.0,35,35,4.0,121654.12213609694
1786.0,35,36,4.0,116938.45364522448
1787.0,35,37,4.0,111724.17035297834
1788.0,35,38,4.0,106002.6955372728
1789.0,35,39,4.0,99767.73637191982
1790.0,35,40,4.0,93015.20853865967
1791.0,35,41,4.0,85742.80280287091
1792.0,35,42,4.0,77949.12994893402
1793.0,35,43,4.0,69632.3570563715
1794.0,35,44,4.0,60788.16191291305
1795.0,35,45,4.0,51406.59972072509
1796.0,35,46,4.0,41466.87491298731
1797.0,35,47,4.0,30927.32462509781
1798.0,35,48,4.0,19702.26160144688
1799.0,35,49,3.0,7591.651054585022
1800.0,36,0,3.0,7542.099353392033
1801.0,36,1,4.0,19492.294136028067
1802.0,36,2,4.0,30512.025077442104
1803.0,36,3,4.0,40808.72642095183
1804.0,36,4,4.0,50472.06681746778
1805.0,36,5,4.0,59546.65224753298
1806.0,36,6,4.0,68056.12207519225
1807.0,36,7,4.0,76013.6713095957
1808.0,36,8,4.0,83427.56736110778
1809.0,36,9,4.0,90304.40376023618
1810.0,36,10,4.0,96651.11341385065
1811.0,36,11,4.0,102476.16772027317
1812.0,36,12,4.0,107790.16977723574
1813.0,36,13,4.0,112605.97519232571
1814.0,36,14,4.0,116938.45364522452
1815.0,36,15,4.0,120804.00005217316
1816.0,36,16,4.0,124219.89920252512
1817.0,36,17,4.0,127203.63618510308
1818.0,36,18,4.0,129772.22671823372
1819.0,36,19,4.0,131941.61935678415
1820.0,36,20,4.0,133726.1989923812
1821.0,36,21,4.0,135138.40117858286
1822.0,36,22,4.0,136188.43164905036
1823.0,36,23,4.0,136884.07583283226
1824.0,36,24,4.0,137230.57909805104
1825.0,36,25,4.0,137230.57909805112
1826.0,36,26,4.0,136884.07583283226
1827.0,36,27,4.0,136188.43164905015
1828.0,36,28,4.0,135138.40117858312
1829.0,36,29,4.0,133726.19899238134
1830.0,36,30,4.0,131941.61935678415
1831.0,36,31,4.0,129772.22671823375
1832.0,36,32,4.0,127203.63618510297
1833.0,36,33,4.0,124219.8992025251
1834.0,36,34,4.0,120804.0000521732
1835.0,36,35,4.0,116938.45364522457
1836.0,36,36,4.0,112605.97519232564
1837.0,36,37,4.0,107790.16977723576
1838.0,36,38,4.0,102476.16772027314
1839.0,36,39,4.0,96651.11341385056
1840.0,36,40,4.0,90304.40376023616
1841.0,36,41,4.0,83427.5673611079
1842.0,36,42,4.0,76013.67130959575
1844.0,36,44,4.0,59546.652247533
1845.0,36,45,4.0,50472.06681746768
1846.0,36,46,4.0,40808.72642095178
1847.0,36,47,4.0,30512.025077442097
1848.0,36,48,4.0,19492.294136028057
1849.0,36,49,3.0,7542.099353392023
1850.0,37,0,3.0,7479.1398473561985
1851.0,37,1,4.0,19243.81166644724
1852.0,37,2,4.0,30027.474544676326
1853.0,37,3,4.0,40045.82362657982
1854.0,37,4,4.0,49393.24334848882
1855.0,37,5,4.0,58118.16306206927
1856.0,37,6,4.0,66248.19246742886
1858.0,37,8,4.0,80790.79001505973
1860.0,37,10,4.0,93132.79484770482
1861.0,37,11,4.0,98514.8503628654
1862.0,37,12,4.0,103394.07020859414
1863.0,37,13,4.0,107790.16977723558
1864.0,37,14,4.0,111724.17035297838
1865.0,37,15,4.0,115217.70351277708
1866.0,37,16,4.0,118292.2765111642
1867.0,37,17,4.0,120968.58457983556
1868.0,37,18,4.0,123265.92475684534
1869.0,37,19,4.0,125201.73709987372
1870.0,37,20,4.0,126791.27579500646
1871.0,37,21,4.0,128047.39618813068
1872.0,37,22,4.0,128980.434217619
1873.0,37,23,4.0,129598.15121910658
1874.0,37,24,4.0,129905.71822301215
1875.0,37,25,4.0,129905.71822301229
1876.0,37,26,4.0,129598.15121910653
1877.0,37,27,4.0,128980.43421761904
1878.0,37,28,4.0,128047.39618813068
1879.0,37,29,4.0,126791.27579500644
1880.0,37,30,4.0,125201.73709987388
1881.0,37,31,4.0,123265.92475684528
1882.0,37,32,4.0,120968.58457983565
1883.0,37,33,4.0,118292.27651116412
1884.0,37,34,4.0,115217.7035127773
1885.0,37,35,4.0,111724.17035297838
1887.0,37,37,4.0,103394.07020859412
1888.0,37,38,4.0,98514.85036286544
1889.0,37,39,4.0,93132.7948477049
1890.0,37,40,4.0,87230.03462603454
1891.0,37,41,4.0,80790.79001505981
1892.0,37,42,4.0,73801.1503958316
1893.0,37,43,4.0,66248.19246742887
1894.0,37,44,4.0,58118.16306206926
1895.0,37,45,4.0,49393.24334848874
1896.0,37,46,4.0,40045.82362657983
1897.0,37,47,4.0,30027.474544676308
1898.0,37,48,4.0,19243.811666447225
1899.0,37,49,3.0,7479.139847356198
1900.0,38,0,3.0,7399.328726109778
1901.0,38,1,4.0,18949.227452046787
1902.0,38,2,4.0,29461.340327858637
1903.0,38,3,4.0,39160.68764948592
1904.0,38,4,4.0,48147.43792472471
1905.0,38,5,4.0,56475.17488434661
1906.0,38,6,4.0,64177.11430802875
1907.0,38,7,4.0,71277.55075156449
1908.0,38,8,4.0,77797.61695384658
1909.0,38,9,4.0,83758.29246121613
1910.0,38,10,4.0,89181.83250238544
1911.0,38,11,4.0,94092.19831438424
1912.0,38,12,4.0,98514.85036286524
1913.0,38,13,4.0,102476.16772027296
1914.0,38,14,4.0,106002.69553727246
1915.0,38,15,4.0,109120.37045749184
1916.0,38,16,4.0,111853.82497023715
1917.0,38,17,4.0,114225.8275885105
1918.0,38,18,4.0,116256.87933292032
1919.0,38,19,4.0,117964.9602059391
1920.0,38,20,4.0,119365.40238483628
1921.0,38,21,4.0,120470.85855890244
1922.0,38,22,4.0,121291.3321866112
1923.0,38,23,4.0,121834.23924582067
1924.0,38,24,4.0,122104.47633876748
1925.0,38,25,4.0,122104.47633876756
1926.0,38,26,4.0,121834.23924582076
1927.0,38,27,4.0,121291.33218661118
1928.0,38,28,4.0,120470.85855890242
1929.0,38,29,4.0,119365.40238483628
1930.0,38,30,4.0,117964.96020593891
1931.0,38,31,4.0,116256.8793329202
1932.0,38,32,4.0,114225.82758851044
1933.0,38,33,4.0,111853.8249702372
1934.0,38,34,4.0,109120.37045749178
1935.0,38,35,4.0,106002.69553727256
1936.0,38,36,4.0,102476.16772027306
1937.0,38,37,4.0,98514.85036286544
1938.0,38,38,4.0,94092.1983143842
1939.0,38,39,4.0,89181.83250238528
1940.0,38,40,4.0,83758.2924612161
1941.0,38,41,4.0,77797.61695384668
1942.0,38,42,4.0,71277.55075156446
1943.0,38,43,4.0,64177.11430802883
1944.0,38,44,4.0,56475.174884346605
1945.0,38,45,4.0,48147.43792472465
1946.0,38,46,4.0,39160.68764948588
1947.0,38,47,4.0,29461.340327858656
1948.0,38,48,4.0,18949.227452046794
1949.0,38,49,3.0,7399.328726109774
1950.0,39,0,3.0,7298.206607573557
1951.0,39,1,4.0,18598.69165412323
1952.0,39,2,4.0,28797.6536028916
1953.0,39,3,4.0,38130.88296864365
1954.0,39,4,4.0,46705.957923779664
1955.0,39,5,4.0,54583.610738872034
1956.0,39,6,4.0,61804.94557806278
1957.0,39,7,4.0,68403.08055957883
1958.0,39,8,4.0,74408.66500623188
1959.0,39,9,4.0,79852.41038994583
1960.0,39,10,4.0,84765.9642210703
1961.0,39,11,4.0,89181.83250238544
1962.0,39,12,4.0,93132.794847705
1963.0,39,13,4.0,96651.11341385051
1964.0,39,14,4.0,99767.73637191972
1965.0,39,15,4.0,102511.6171425312
1966.0,39,16,4.0,104909.20783042752
1967.0,39,17,4.0,106984.13907366771
1968.0,39,18,4.0,108757.06824566424
1969.0,39,19,4.0,110245.6615257818
1970.0,39,20,4.0,111464.6696304265
1971.0,39,21,4.0,112426.05849612306
1972.0,39,22,4.0,113139.16177236248
1973.0,39,23,4.0,113610.82915497136
1974.0,39,24,4.0,113845.55173029768
1975.0,39,25,4.0,113845.55173029762
1976.0,39,26,4.0,113610.82915497127
1977.0,39,27,4.0,113139.16177236252
1978.0,39,28,4.0,112426.05849612302
1979.0,39,29,4.0,111464.66963042664
1980.0,39,30,4.0,110245.66152578167
1981.0,39,31,4.0,108757.06824566417
1982.0,39,32,4.0,106984.13907366774
1983.0,39,33,4.0,104909.20783042764
1984.0,39,34,4.0,102511.6171425312
1985.0,39,35,4.0,99767.73637191972
1986.0,39,36,4.0,96651.11341385044
1987.0,39,37,4.0,93132.79484770494
1988.0,39,38,4.0,89181.83250238538
1989.0,39,39,4.0,84765.9642210703
1991.0,39,41,4.0,74408.66500623181
1992.0,39,42,4.0,68403.08055957888
1993.0,39,43,4.0,61804.9455780628
1994.0,39,44,4.0,54583.61073887213
1995.0,39,45,4.0,46705.95792377969
1996.0,39,46,4.0,38130.88296864359
1997.0,39,47,4.0,28797.65360289156
1998.0,39,48,4.0,18598.69165412321
1999.0,39,49,3.0,7298.206607573552
2000.0,40,0,3.0,7169.883398673983
2001.0,40,1,4.0,18179.183055611244
2002.0,40,2,4.0,28015.439081878358
2003.0,40,3,4.0,36927.3482056617
2004.0,40,4,4.0,45032.40775395086
2005.0,40,5,4.0,52401.39654859204
2006.0,40,6,4.0,59086.31241627684
2007.0,40,7,4.0,65131.831133022766
2008.0,40,8,4.0,70580.2413125296
2011.0,40,11,4.0,83758.29246121626
2012.0,40,12,4.0,87230.03462603466
2013.0,40,13,4.0,90304.40376023603
2014.0,40,14,4.0,93015.20853865944
2015.0,40,15,4.0,95392.8941670935
2016.0,40,16,4.0,97464.3517201967
2017.0,40,17,4.0,99252.90862967406
2018.0,40,18,4.0,100778.45242352688
2019.0,40,19,4.0,102057.63828983431
2020.0,40,20,4.0,103104.13698030582
2021.0,40,21,4.0,103928.88877645896
2022.0,40,22,4.0,104540.3388649702
2023.0,40,23,4.0,104944.637868233
2024.0,40,24,4.0,105145.79774526243
2025.0,40,25,4.0,105145.79774526236
2026.0,40,26,4.0,104944.637868233
2027.0,40,27,4.0,104540.33886497033
2028.0,40,28,4.0,103928.88877645889
2029.0,40,29,4.0,103104.13698030576
2030.0,40,30,4.0,102057.63828983414
2031.0,40,31,4.0,100778.45242352692
2033.0,40,33,4.0,97464.3517201967
2034.0,40,34,4.0,95392.8941670936
2035.0,40,35,4.0,93015.20853865951
2036.0,40,36,4.0,90304.40376023616
2037.0,40,37,4.0,87230.0346260346
2038.0,40,38,4.0,83758.29246121623
2039.0,40,39,4.0,79852.41038994584
2040.0,40,40,4.0,75473.2830471196
2041.0,40,41,4.0,70580.24131252966
2042.0,40,42,4.0,65131.83113302275
2043.0,40,43,4.0,59086.31241627687
2044.0,40,44,4.0,52401.39654859198
2045.0,40,45,4.0,45032.407753950814
2046.0,40,46,4.0,36927.34820566163
2047.0,40,47,4.0,28015.43908187834
2048.0,40,48,4.0,18179.18305561128
2049.0,40,49,3.0,7169.883398673985
2050.0,41,0,3.0,7006.387405825838
2051.0,41,1,4.0,17673.12171996432
2052.0,41,2,4.0,27086.71522480052
2053.0,41,3,4.0,35512.10976195015
2054.0,41,4,4.0,43080.54344132397
2055.0,41,5,4.0,49876.84152434199
2056.0,41,6,4.0,55967.53731941706
2057.0,41,7,4.0,61411.66273195658
2058.0,41,8,4.0,66264.81263682501
2059.0,41,9,4.0,70580.2413125296
2060.0,41,10,4.0,74408.66500623181
2061.0,41,11,4.0,77797.61695384653
2062.0,41,12,4.0,80790.79001505995
2063.0,41,13,4.0,83427.56736110778
2064.0,41,14,4.0,85742.802802871
2065.0,41,15,4.0,87766.83481341728
2067.0,41,17,4.0,91041.35540824955
2068.0,41,18,4.0,92332.2349039036
2069.0,41,19,4.0,93413.45428258278
2070.0,41,20,4.0,94297.27105089596
2071.0,41,21,4.0,94993.39465949236
2072.0,41,22,4.0,95509.26361576522
2073.0,41,23,4.0,95850.26643653472
2074.0,41,24,4.0,96019.90560892758
2075.0,41,25,4.0,96019.90560892754
2076.0,41,26,4.0,95850.2664365347
2077.0,41,27,4.0,95509.26361576522
2078.0,41,28,4.0,94993.39465949243
2079.0,41,29,4.0,94297.27105089604
2080.0,41,30,4.0,93413.45428258284
2081.0,41,31,4.0,92332.23490390374
2082.0,41,32,4.0,91041.35540824948
2083.0,41,33,4.0,89525.68174468512
2084.0,41,34,4.0,87766.83481341736
2085.0,41,35,4.0,85742.80280287101
2086.0,41,36,4.0,83427.5673611078
2087.0,41,37,4.0,80790.7900150599
2088.0,41,38,4.0,77797.61695384662
2089.0,41,39,4.0,74408.6650062318
2090.0,41,40,4.0,70580.24131252962
2091.0,41,41,4.0,66264.81263682498
2092.0,41,42,4.0,61411.6627319566
2093.0,41,43,4.0,55967.53731941707
2094.0,41,44,4.0,49876.841524342046
2095.0,41,45,4.0,43080.54344132395
2096.0,41,46,4.0,35512.10976195012
2097.0,41,47,4.0,27086.715224800537
2098.0,41,48,4.0,17673.12171996433
2100.0,42,0,3.0,6796.608275842612
2101.0,42,1,4.0,17056.20200701527
2102.0,42,2,4.0,25973.551214551004
2103.0,42,3,4.0,33835.16803639824
2104.0,42,4,4.0,40791.62486526917
2105.0,42,5,4.0,46946.89535739441
2106.0,42,6,4.0,52385.92601041101
2107.0,42,7,4.0,57184.35156062885
2108.0,42,8,4.0,61411.66273195661
2109.0,42,9,4.0,65131.83113302279
2110.0,42,10,4.0,68403.08055957877
2111.0,42,11,4.0,71277.55075156457
2112.0,42,12,4.0,73801.15039583159
2113.0,42,13,4.0,76013.67130959583
2114.0,42,14,4.0,77949.12994893393
2115.0,42,15,4.0,79636.26317839911
2116.0,42,16,4.0,81099.1017834567
2117.0,42,17,4.0,82357.55842775162
2118.0,42,18,4.0,83427.98524550593
2119.0,42,19,4.0,84323.67385626266
2120.0,42,20,4.0,85055.28457858684
2121.0,42,21,4.0,85631.20134771988
2122.0,42,22,4.0,86057.81472589119
2123.0,42,23,4.0,86339.73827013421
2124.0,42,24,4.0,86479.9642739006
2125.0,42,25,4.0,86479.96427390061
2126.0,42,26,4.0,86339.73827013427
2127.0,42,27,4.0,86057.81472589113
2128.0,42,28,4.0,85631.20134771992
2129.0,42,29,4.0,85055.28457858691
2130.0,42,30,4.0,84323.67385626254
2131.0,42,31,4.0,83427.98524550594
2132.0,42,32,4.0,82357.55842775157
2133.0,42,33,4.0,81099.10178345666
2134.0,42,34,4.0,79636.26317839923
2135.0,42,35,4.0,77949.12994893403
2136.0,42,36,4.0,76013.67130959577
2137.0,42,37,4.0,73801.15039583166
2138.0,42,38,4.0,71277.5507515646
2139.0,42,39,4.0,68403.08055957875
2140.0,42,40,4.0,65131.83113302278
2141.0,42,41,4.0,61411.66273195664
2142.0,42,42,4.0,57184.3515606289
2143.0,42,43,4.0,52385.92601041101
2144.0,42,44,4.0,46946.89535739436
2145.0,42,45,4.0,40791.624865269136
2146.0,42,46,4.0,33835.16803639823
2147.0,42,47,4.0,25973.551214550986
2148.0,42,48,4.0,17056.20200701527
2149.0,42,49,3.0,6796.608275842613
2150.0,43,0,3.0,6524.511793085997
2151.0,43,1,4.0,16293.92844017374
2152.0,43,2,4.0,24623.702945004097
2153.0,43,3,4.0,31830.286728681785
2154.0,43,4,4.0,38091.21846724722
2155.0,43,5,4.0,43535.34914934055
2156.0,43,6,4.0,48269.25559056964
2157.0,43,7,4.0,52385.92601041096
2158.0,43,8,4.0,55967.53731941708
2159.0,43,9,4.0,59086.31241627679
2160.0,43,10,4.0,61804.945578062805
2161.0,43,11,4.0,64177.11430802886
2162.0,43,12,4.0,66248.19246742889
2163.0,43,13,4.0,68056.12207519216
2164.0,43,14,4.0,69632.35705637149
2165.0,43,15,4.0,71002.79773990207
2166.0,43,16,4.0,72188.65788309711
2167.0,43,17,4.0,73207.23083979852
2168.0,43,18,4.0,74072.54168356596
2169.0,43,19,4.0,74795.8859415095
2170.0,43,20,4.0,75386.26364782912
2171.0,43,21,4.0,75850.72106664043
2172.0,43,22,4.0,76194.61310855045
2173.0,43,23,4.0,76421.7983666881
2174.0,43,24,4.0,76534.77667466414
2175.0,43,25,4.0,76534.77667466417
2176.0,43,26,4.0,76421.79836668812
2177.0,43,27,4.0,76194.61310855037
2178.0,43,28,4.0,75850.72106664041
2179.0,43,29,4.0,75386.26364782917
2180.0,43,30,4.0,74795.88594150952
2181.0,43,31,4.0,74072.54168356601
2182.0,43,32,4.0,73207.23083979865
2183.0,43,33,4.0,72188.65788309711
2184.0,43,34,4.0,71002.79773990207
2185.0,43,35,4.0,69632.35705637155
2186.0,43,36,4.0,68056.12207519218
2187.0,43,37,4.0,66248.19246742883
2188.0,43,38,4.0,64177.11430802888
2189.0,43,39,4.0,61804.94557806286
2190.0,43,40,4.0,59086.3124162768
2191.0,43,41,4.0,55967.53731941708
2192.0,43,42,4.0,52385.92601041096
2193.0,43,43,4.0,48269.255590569686
2194.0,43,44,4.0,43535.34914934058
2195.0,43,45,4.0,38091.21846724722
2196.0,43,46,4.0,31830.28672868179
2197.0,43,47,4.0,24623.702945004123
2198.0,43,48,4.0,16293.928440173746
2199.0,43,49,3.0,6524.511793086
2200.0,44,0,3.0,6165.9894217444
2201.0,44,1,4.0,15335.938686729474
2202.0,44,2,4.0,22964.088751009836
2203.0,44,3,4.0,29409.327472706937
2204.0,44,4,4.0,34885.38512256537
2205.0,44,5,4.0,39550.98279849976
2206.0,44,6,4.0,43535.34914934052
2207.0,44,7,4.0,46946.895357394365
2208.0,44,8,4.0,49876.84152434192
2209.0,44,9,4.0,52401.39654859207
2210.0,44,10,4.0,54583.61073887207
2211.0,44,11,4.0,56475.174884346605
2212.0,44,12,4.0,58118.16306206926
2213.0,44,13,4.0,59546.652247533006
2214.0,44,14,4.0,60788.16191291297
2215.0,44,15,4.0,61864.8854641052
2216.0,44,16,4.0,62794.71145692124
2217.0,44,17,4.0,63592.05001661142
2218.0,44,18,4.0,64268.48890991407
2219.0,44,19,4.0,64833.30645221646
2220.0,44,20,4.0,65293.86723681359
2221.0,44,21,4.0,65655.92343351776
2222.0,44,22,4.0,65923.84039266327
2223.0,44,23,4.0,66100.76125266361
2224.0,44,24,4.0,66188.72154629555
2225.0,44,25,4.0,66188.72154629556
2226.0,44,26,4.0,66100.76125266358
2227.0,44,27,4.0,65923.84039266325
2228.0,44,28,4.0,65655.92343351776
2229.0,44,29,4.0,65293.86723681357
2230.0,44,30,4.0,64833.30645221642
2231.0,44,31,4.0,64268.48890991406
2232.0,44,32,4.0,63592.05001661137
2233.0,44,33,4.0,62794.71145692126
2234.0,44,34,4.0,61864.88546410522
2235.0,44,35,4.0,60788.16191291296
2236.0,44,36,4.0,59546.65224753304
2237.0,44,37,4.0,58118.163062069245
2238.0,44,38,4.0,56475.17488434656
2239.0,44,39,4.0,54583.61073887202
2240.0,44,40,4.0,52401.39654859202
2241.0,44,41,4.0,49876.84152434188
2242.0,44,42,4.0,46946.89535739443
2243.0,44,43,4.0,43535.34914934055
2244.0,44,44,4.0,39550.98279849978
2245.0,44,45,4.0,34885.3851225654
2246.0,44,46,4.0,29409.32747270697
2247.0,44,47,4.0,22964.08875100984
2248.0,44,48,4.0,15335.938686729449
2249.0,44,49,3.0,6165.989421744389
2250.0,45,0,3.0,5683.009307131692
2251.0,45,1,4.0,14106.430355018683
2252.0,45,2,4.0,20890.913085031083
2253.0,45,3,4.0,26454.58342667109
2254.0,45,4,4.0,31056.032460035825
2255.0,45,5,4.0,34885.38512256534
2256.0,45,6,4.0,38091.21846724716
2257.0,45,7,4.0,40791.624865269136
2258.0,45,8,4.0,43080.543441323935
2259.0,45,9,4.0,45032.40775395084
2260.0,45,10,4.0,46705.95792377959
2261.0,45,11,4.0,48147.43792472467
2262.0,45,12,4.0,49393.24334848878
2263.0,45,13,4.0,50472.06681746784
2264.0,45,14,4.0,51406.59972072512
2265.0,45,15,4.0,52214.85823160805
2266.0,45,16,4.0,52911.20253539155
2267.0,45,17,4.0,53507.11256362532
2268.0,45,18,4.0,54011.7744160267
2269.0,45,19,4.0,54432.52156129159
2270.0,45,20,4.0,54775.1653802315
2271.0,45,21,4.0,55044.24137798388
2272.0,45,22,4.0,55243.19064789476
2273.0,45,23,4.0,55374.49082559727
2274.0,45,24,4.0,55439.746601920495
2275.0,45,25,4.0,55439.74660192049
2276.0,45,26,4.0,55374.49082559728
2277.0,45,27,4.0,55243.19064789475
2278.0,45,28,4.0,55044.24137798393
2279.0,45,29,4.0,54775.16538023147
2280.0,45,30,4.0,54432.52156129157
2281.0,45,31,4.0,54011.77441602666
2282.0,45,32,4.0,53507.11256362536
2284.0,45,34,4.0,52214.85823160802
2285.0,45,35,4.0,51406.59972072514
2286.0,45,36,4.0,50472.06681746781
2287.0,45,37,4.0,49393.24334848878
2288.0,45,38,4.0,48147.43792472462
2289.0,45,39,4.0,46705.95792377961
2290.0,45,40,4.0,45032.407753950814
2291.0,45,41,4.0,43080.54344132395
2292.0,45,42,4.0,40791.62486526914
2293.0,45,43,4.0,38091.218467247214
2294.0,45,44,4.0,34885.385122565385
2295.0,45,45,4.0,31056.032460035847
2296.0,45,46,4.0,26454.58342667108
2297.0,45,47,4.0,20890.913085031087
2298.0,45,48,4.0,14106.430355018689
2299.0,45,49,3.0,5683.009307131687
2300.0,46,0,3.0,5012.071017669805
2301.0,46,1,4.0,12487.411022379663
2302.0,46,2,4.0,18254.332287891277
2303.0,46,3,4.0,22808.01074940752
2304.0,46,4,4.0,26454.583426671088
2305.0,46,5,4.0,29409.32747270696
2306.0,46,6,4.0,31830.286728681804
2307.0,46,7,4.0,33835.16803639818
2308.0,46,8,4.0,35512.109761950094
2309.0,46,9,4.0,36927.34820566169
2311.0,46,11,4.0,39160.68764948591
2312.0,46,12,4.0,40045.82362657987
2313.0,46,13,4.0,40808.72642095178
2314.0,46,14,4.0,41466.874912987245
2315.0,46,15,4.0,42034.00605729294
2316.0,46,16,4.0,42520.99831938291
2317.0,46,17,4.0,42936.51525144048
2319.0,46,19,4.0,43579.399520463296
2320.0,46,20,4.0,43816.6599837788
2321.0,46,21,4.0,44002.67180795466
2322.0,46,22,4.0,44140.0268629407
2323.0,46,23,4.0,44230.59221135795
2324.0,46,24,4.0,44275.57755778349
2325.0,46,25,4.0,44275.57755778347
2326.0,46,26,4.0,44230.592211357936
2327.0,46,27,4.0,44140.02686294074
2328.0,46,28,4.0,44002.67180795468
2329.0,46,29,4.0,43816.6599837788
2330.0,46,30,4.0,43579.399520463296
2331.0,46,31,4.0,43287.47583855278
2332.0,46,32,4.0,42936.51525144046
2333.0,46,33,4.0,42520.99831938291
2334.0,46,34,4.0,42034.00605729294
2335.0,46,35,4.0,41466.874912987245
2336.0,46,36,4.0,40808.72642095173
2337.0,46,37,4.0,40045.82362657984
2338.0,46,38,4.0,39160.68764948586
2339.0,46,39,4.0,38130.88296864365
2340.0,46,40,4.0,36927.34820566168
2341.0,46,41,4.0,35512.10976195013
2342.0,46,42,4.0,33835.168036398194
2343.0,46,43,4.0,31830.2867286818
2344.0,46,44,4.0,29409.32747270697
2345.0,46,45,4.0,26454.583426671063
2346.0,46,46,4.0,22808.010749407524
2348.0,46,48,4.0,12487.41102237969
2349.0,46,49,3.0,5012.071017669799
2350.0,47,0,3.0,4039.5261093450936
2351.0,47,1,4.0,10287.724094532849
2352.0,47,2,4.0,14833.22479896914
2353.0,47,3,4.0,18254.332287891284
2354.0,47,4,4.0,20890.91308503111
2355.0,47,5,4.0,22964.088751009866
2356.0,47,6,4.0,24623.702945004097
2357.0,47,7,4.0,25973.551214551026
2358.0,47,8,4.0,27086.71522480052
2359.0,47,9,4.0,28015.43908187832
2360.0,47,10,4.0,28797.653602891583
2361.0,47,11,4.0,29461.340327858645
2362.0,47,12,4.0,30027.47454467628
2363.0,47,13,4.0,30512.02507744213
2364.0,47,14,4.0,30927.324625097805
2365.0,47,15,4.0,31283.017930111168
2366.0,47,16,4.0,31586.72499897004
2367.0,47,17,4.0,31844.510380018524
2368.0,47,18,4.0,32061.219020379856
2369.0,47,19,4.0,32240.719117343077
2370.0,47,20,4.0,32386.07909549336
2371.0,47,21,4.0,32499.69702586701
2372.0,47,22,4.0,32583.39490754162
2373.0,47,23,4.0,32638.48623808269
2374.0,47,24,4.0,32665.822539473927
2375.0,47,25,4.0,32665.822539473924
2376.0,47,26,4.0,32638.4862380827
2377.0,47,27,4.0,32583.394907541595
2378.0,47,28,4.0,32499.69702586702
2379.0,47,29,4.0,32386.079095493355
2380.0,47,30,4.0,32240.71911734305
2381.0,47,31,4.0,32061.219020379856
2382.0,47,32,4.0,31844.51038001852
2383.0,47,33,4.0,31586.724998970058
2384.0,47,34,4.0,31283.017930111146
2385.0,47,35,4.0,30927.324625097808
2386.0,47,36,4.0,30512.025077442097
2387.0,47,37,4.0,30027.474544676294
2388.0,47,38,4.0,29461.34032785864
2389.0,47,39,4.0,28797.653602891587
2390.0,47,40,4.0,28015.439081878318
2391.0,47,41,4.0,27086.71522480053
2392.0,47,42,4.0,25973.55121455103
2393.0,47,43,4.0,24623.702945004086
2395.0,47,45,4.0,20890.91308503111
2396.0,47,46,4.0,18254.332287891262
2397.0,47,47,4.0,14833.224798969137
2398.0,47,48,4.0,10287.724094532858
2399.0,47,49,3.0,4039.526109345092
2400.0,48,0,3.0,2542.3805661007627
2401.0,48,1,4.0,7179.890917017054
2402.0,48,2,4.0,10287.724094532856
2403.0,48,3,4.0,12487.4110223797
2404.0,48,4,4.0,14106.430355018669
2405.0,48,5,4.0,15335.938686729478
2406.0,48,6,4.0,16293.928440173748
2407.0,48,7,4.0,17056.20200701531
2408.0,48,8,4.0,17673.121719964365
2409.0,48,9,4.0,18179.183055611287
2410.0,48,10,4.0,18598.69165412325
2411.0,48,11,4.0,18949.227452046773
2412.0,48,12,4.0,19243.811666447247
2413.0,48,13,4.0,19492.294136028093
2414.0,48,14,4.0,19702.261601446884
2415.0,48,15,4.0,19879.64538842966
2416.0,48,16,4.0,20029.136519243668
2417.0,48,17,4.0,20154.474839230494
2418.0,48,18,4.0,20258.65393365444
2419.0,48,19,4.0,20344.068501057223
2420.0,48,20,4.0,20412.62148952242
2421.0,48,21,4.0,20465.802398152955
2422.0,48,22,4.0,20504.74434706057
2423.0,48,23,4.0,20530.26501800136
2424.0,48,24,4.0,20542.894873852398
2425.0,48,25,4.0,20542.894873852387
2426.0,48,26,4.0,20530.265018001348
2427.0,48,27,4.0,20504.744347060558
2428.0,48,28,4.0,20465.802398152984
2429.0,48,29,4.0,20412.621489522426
2430.0,48,30,4.0,20344.068501057205
2431.0,48,31,4.0,20258.653933654423
2432.0,48,32,4.0,20154.474839230497
2433.0,48,33,4.0,20029.13651924367
2434.0,48,34,4.0,19879.64538842968
2435.0,48,35,4.0,19702.261601446888
2436.0,48,36,4.0,19492.294136028097
2437.0,48,37,4.0,19243.81166644723
2439.0,48,39,4.0,18598.69165412323
2440.0,48,40,4.0,18179.18305561128
2441.0,48,41,4.0,17673.121719964347
2442.0,48,42,4.0,17056.202007015294
2443.0,48,43,4.0,16293.928440173751
2444.0,48,44,4.0,15335.938686729482
2445.0,48,45,4.0,14106.430355018683
2446.0,48,46,4.0,12487.411022379689
2447.0,48,47,4.0,10287.72409453284
2448.0,48,48,4.0,7179.890917017048
2449.0,48,49,3.0,2542.380566100763
2450.0,49,0,2.0,15.835188700256472
2451.0,49,1,3.0,2542.3805661007677
2452.0,49,2,3.0,4039.526109345089
2453.0,49,3,3.0,5012.071017669799
2454.0,49,4,3.0,5683.00930713169
2455.0,49,5,3.0,6165.989421744399
2456.0,49,6,3.0,6524.511793086004
2457.0,49,7,3.0,6796.608275842611
2458.0,49,8,3.0,7006.3874058258525
2459.0,49,9,3.0,7169.88339867399
2460.0,49,10,3.0,7298.206607573546
2461.0,49,11,3.0,7399.328726109786
2462.0,49,12,3.0,7479.139847356199
2463.0,49,13,3.0,7542.099353392035
2464.0,49,14,3.0,7591.651054585033
2465.0,49,15,3.0,7630.496461987516
2466.0,49,16,3.0,7660.779794000441
2467.0,49,17,3.0,7684.216332295887
2468.0,49,18,3.0,7702.183339410816
2469.0,49,19,3.0,7715.785536232053
2470.0,49,20,3.0,7725.902817633711
2471.0,49,21,3.0,7733.225223955778
2472.0,49,22,3.0,7738.278500879926
2473.0,49,23,3.0,7741.442481169825
2474.0,49,24,3.0,7742.9637807173885
2475.0,49,25,3.0,7742.963780717385
2476.0,49,26,3.0,7741.442481169827
2477.0,49,27,3.0,7738.278500879928
2478.0,49,28,3.0,7733.225223955776
2479.0,49,29,3.0,7725.902817633708
2480.0,49,30,3.0,7715.7855362320515
2481.0,49,31,3.0,7702.183339410821
2482.0,49,32,3.0,7684.216332295889
2483.0,49,33,3.0,7660.77979400044
2484.0,49,34,3.0,7630.496461987518
2485.0,49,35,3.0,7591.651054585034
2486.0,49,36,3.0,7542.099353392035
2487.0,49,37,3.0,7479.139847356197
2488.0,49,38,3.0,7399.328726109784
2489.0,49,39,3.0,7298.206607573543
2490.0,49,40,3.0,7169.88339867399
2491.0,49,41,3.0,7006.387405825849
2492.0,49,42,3.0,6796.608275842616
2493.0,49,43,3.0,6524.511793086002
2494.0,49,44,3.0,6165.9894217444
2495.0,49,45,3.0,5683.009307131687
2496.0,49,46,3.0,5012.071017669801
2497.0,49,47,3.0,4039.5261093450913
2498.0,49,48,3.0,2542.380566100765
2499.0,49,49,2.0,15.835188700256468
