Node ID,Longitude,Latitude,Degree Centrality,Betweenness Centrality,Log Betweenness Centrality
0.0,1272454.59576377,196821.621245593,4.0,85175.46119281035,11.352468657164469
1.0,1272445.65285176,196530.332157284,4.0,199544.0086351449,12.203790085647011
10.0,1283765.82739136,171798.862563968,4.0,139761.99999999997,11.847696254951684
11.0,1284031.00665563,171794.603363961,1.0,0.0,
12.0,1280270.93772379,213065.492622226,4.0,3230881.9586759456,14.988265710148521
13.0,1280456.64569198,212688.49274984,3.0,79783.21406222953,11.287068411213841
18.0,1281468.16300501,191505.659128144,2.0,23289.33333333333,10.055750737880173
19.0,1281457.829053,191209.123255834,2.0,4.666666666666667,1.540445040947149
22.0,1277381.21746482,215035.505424246,4.0,88982.03006967052,11.396189718998299
23.0,1277630.20780107,215030.022160232,3.0,202496.55968364756,12.218478176167856
32.0,1255456.75408237,196154.808572903,3.0,572874.4685965636,13.25842189420299
33.0,1255595.16950652,195880.616572618,3.0,545468.8062737259,13.209400898887353
36.0,1255545.10429046,216954.681042209,3.0,54551.34557626184,10.90689765779956
37.0,1255265.38704218,216967.281426221,3.0,14054.8218012977,9.550720804590581
40.0,1279401.98706689,212638.938061789,4.0,2058497.0851546929,14.537486704186573
41.0,1279694.18789919,212782.37543793,4.0,3118342.259377093,14.952812091458663
42.0,1274815.57855019,214267.166415453,4.0,571256.0807636314,13.255592865796709
43.0,1275137.33906253,214259.534863442,4.0,651031.1906236964,13.386312831907327
46.0,1263738.66269885,193118.371449798,4.0,505361.4386477829,13.133029172346635
47.0,1263720.30877884,192449.732985109,4.0,170606.11145342552,12.047112736688964
62.0,1268277.31735949,172954.348773152,4.0,92788.03255512747,11.438072950923031
63.0,1267949.29604717,172956.300197154,4.0,35740.4788718276,10.484039187387719
64.0,1293112.80640893,186888.097779423,4.0,1712.321803817319,7.445605508557093
65.0,1292817.51437663,186607.558003128,4.0,80056.56944374085,11.290488781812607
66.0,1261062.79863212,189161.988277748,4.0,2440176.05841248,14.707580749753413
67.0,1261055.6402321,188817.666101396,3.0,289102.1040629695,12.574535205954326
70.0,1272454.03409977,177834.82391414,3.0,654191.3971617013,13.391155243834413
71.0,1272444.24568376,177462.902761772,1.0,0.0,
72.0,1290300.04762205,166861.452190906,4.0,93182.0,11.442309848973883
73.0,1290264.08378202,166241.259486273,1.0,0.0,
74.0,1291331.86477511,180568.431340948,3.0,408016.1872510464,12.919062127234199
75.0,1291975.29197577,180633.424301013,1.0,0.0,
82.0,1287215.17222689,201158.116866022,3.0,336319.4708883983,12.725816793430898
83.0,1287404.61177908,201153.593538031,3.0,243233.80422172404,12.401778417037095
94.0,1266283.53726146,171371.195427522,4.0,635871.6446231885,13.362752005324335
95.0,1266257.47658943,170710.072738856,4.0,146365.38960695022,11.893861442771557
100.0,1264664.87082779,190436.459447056,4.0,661934.7945172702,13.402922332359877
101.0,1264659.03127579,189769.788918361,4.0,556282.3830932447,13.229031327564899
112.0,1268687.03966393,176563.882920846,4.0,576086.0881419871,13.264012387090046
113.0,1268326.00491154,176567.896360844,3.0,47345.83859654381,10.76523420872338
116.0,1274047.4515094,210438.22855553,1.0,0.0,
117.0,1274103.81880547,210438.612683535,4.0,249110.015477726,12.425649907096867
124.0,1270481.88644975,169648.417697757,4.0,220878.07552057985,12.305366133783481
125.0,1270458.24344173,168628.175008714,3.0,69592.74540317147,11.15041560817685
126.0,1255234.32931414,208599.474313647,4.0,836558.7409138527,13.637052019195615
127.0,1255208.59843412,207940.24071297,4.0,968289.9583204358,13.783286865123909
130.0,1265927.25674909,170723.599266857,4.0,307913.2003527809,12.637573205201402
131.0,1273840.2426132,190321.361590937,3.0,16722.673346095944,9.72452076297836
132.0,1274132.9129495,190311.40856692204,3.0,123034.80075717956,11.720222527321765
135.0,1293365.06900118,187098.91166763,4.0,146746.42076681356,11.896461347388223
144.0,1255906.26435483,206583.175879583,3.0,7548.705289238864,8.929131342668834
145.0,1255893.83229081,206275.863815263,3.0,54207.48250090915,10.900574231421537
150.0,1277243.86668068,218532.477459818,3.0,87060.18202418169,11.374354905894153
151.0,1277236.76600868,218106.060627386,4.0,668150.9482272114,13.412269397391334
154.0,1249993.20105277,214783.617167979,4.0,9778754.341514245,16.095722665955687
155.0,1249067.76489183,214423.403279617,3.0,2437635.4503067,14.706539049666814
158.0,1280661.65382019,181065.626861453,4.0,612803.364304943,13.325799387447207
159.0,1281077.1979486,181074.766573459,4.0,343716.94830451644,12.747573772953311
160.0,1264359.95677949,190435.671095043,4.0,933438.5629699306,13.746630426161177
161.0,1284064.52723166,183615.953456059,3.0,2741.577007926521,7.916288584154691
162.0,1284315.11270392,183605.35467205904,3.0,202.64126984126997,5.311437272162484
167.0,1278738.71116221,175783.79357604697,3.0,127940.09031536104,11.759317388923538
168.0,1278738.70949821,175420.741159678,1.0,0.0,
173.0,1259254.25437427,211145.917708263,4.0,971551.032017066,13.786649075516339
174.0,1258928.14480592,211153.105356261,4.0,1205251.1936519393,14.002198562644429
183.0,1255616.55824253,210587.041227683,4.0,1098357.4619909022,13.909326405438074
184.0,1255285.88995419,210598.314827695,4.0,1093145.3830399197,13.904569771158558
197.0,1284829.67468844,196327.831229076,4.0,202830.13305329648,12.220124124736923
198.0,1284825.84198445,195963.298812702,1.0,0.0,
209.0,1285276.7859849,187535.758260086,4.0,666448.7374966332,13.409718502659649
210.0,1285303.72755294,187534.997108072,3.0,176340.8106039537,12.080173825454507
213.0,1258389.45718938,193259.14085793504,3.0,65002.33955503576,11.082178541384433
214.0,1258363.56291735,192603.186105266,3.0,10626.410578607118,9.271097745320237
221.0,1284244.68831985,199447.878464282,3.0,81195.1237561018,11.304610472081803
222.0,1284241.75916785,199241.687296063,4.0,776857.1546448923,13.563011770292878
225.0,1255188.2628181,200903.786945775,2.0,3101.815234871696,8.039742778736121
226.0,1255183.5640021,200748.802689612,3.0,298755.64492875367,12.607381277208354
235.0,1256279.28886722,210564.764043659,4.0,1246701.2681661523,14.036011635550928
236.0,1256257.2134752,209890.90055497,4.0,2070364.811608671,14.54323538720566
237.0,1283124.8408307,210839.53613995,3.0,58472.047196045096,10.976304093316235
238.0,1283111.4881267,210512.143755615,3.0,117756.22959980836,11.676371915785456
247.0,1272200.78821152,187765.71877232203,3.0,356610.67490570527,12.784399919200663
248.0,1272198.48241952,187517.871476054,4.0,439222.9935605871,12.992762521087098
251.0,1268658.77854389,218394.933075681,1.0,0.0,
252.0,1269023.34968026,218229.76315550497,3.0,292805.28325512685,12.587263104810626
257.0,1279089.24946657,219611.869652927,3.0,300759.5559833833,12.614066407175484
258.0,1279503.01733899,219581.616724893,2.0,2748.8720156537474,7.918945930389469
261.0,1263796.44413891,211697.102668822,4.0,145721.55105660067,11.88945289515452
262.0,1263551.36618666,211703.440908834,3.0,215430.83181682523,12.280395170958098
269.0,1276985.20280841,204502.511045456,4.0,199499.95623363796,12.20356929593177
270.0,1276982.64344841,204269.200517222,3.0,237577.25273227453,12.378248124228708
281.0,1270532.2527858,191028.319159657,2.0,679173.7964115125,13.428632333157767
282.0,1270620.42289791,190763.84069538105,3.0,650219.5240157542,13.38506531410914
285.0,1266570.15671775,170699.37987484,3.0,103075.93352354268,11.543221214274741
286.0,1266413.89521359,170704.723682851,2.0,159.10261437908497,5.0695493675097065
287.0,1268787.59620802,181604.503086001,4.0,550507.0244392756,13.218594995171138
288.0,1268779.37214401,181154.647981539,4.0,617726.9325173202,13.33380178202427
291.0,1279899.67865141,219094.483860403,4.0,794431.8294919861,13.585382458246762
292.0,1280150.64466766,219085.027476385,4.0,623757.8953027163,13.343517583767703
295.0,1286694.78873836,184059.089008525,4.0,5081543.818525939,15.441125674670657
296.0,1287499.01971518,183045.515247479,3.0,6644869.237036255,15.7093555715365
297.0,1264549.93469968,169405.926049516,3.0,64052.85001327145,11.067463803029256
298.0,1264521.72810766,168731.543584824,3.0,9505.463379729186,9.159622004889327
299.0,1291730.76915951,187872.753652424,4.0,131887.8228042709,11.789707013020253
300.0,1291412.60768719,187395.802803934,3.0,212889.51140254585,12.268528584297142
301.0,1267292.28491049,172961.222757161,4.0,6925.672106323393,8.84299038141075
306.0,1254535.07350543,207961.851273,4.0,493304.8816185758,13.108882683014293
307.0,1254210.5092171,207972.267593011,4.0,262726.20082911046,12.478867707392723
310.0,1262729.51287381,210410.578955501,3.0,1502622.6217109244,14.222722553849076
311.0,1262469.79191355,210415.162315503,3.0,310651.2921554695,12.64642631500506
314.0,1269219.51166447,171298.076195449,6.0,4081798.58558868,15.22204827904458
315.0,1269491.46948874,170957.9501791,3.0,832832.3359039893,13.632587623463778
318.0,1267564.49860677,189777.556278378,4.0,241758.02374546367,12.395692603025205
319.0,1267575.54942279,189001.198901579,4.0,231848.99925306943,12.353841573455188
320.0,1278967.97317845,179412.024491757,4.0,1249116.5972436056,14.03794713722751
321.0,1279806.76741931,179406.70788376,4.0,1229974.0946800448,14.022503665891074
322.0,1272998.52152434,192761.953849435,3.0,232928.0,12.358484671917985
323.0,1272988.50117232,192162.954680815,3.0,1038729.9519875996,13.85350932483327
330.0,1277446.44172089,176461.450664744,3.0,163234.14299215146,12.002940909141618
331.0,1277436.98604088,176017.840680286,1.0,0.0,
332.0,1284279.37100789,201862.135426745,4.0,68792.08611598141,11.138843989921288
333.0,1284274.73350388,201536.872002423,4.0,72515.97897966628,11.191562216277852
334.0,1256378.51209931,191967.406904623,4.0,501725.7218287498,13.125808878499853
335.0,1256411.59011535,191289.267127916,4.0,591259.1251971839,13.29000965240649
336.0,1257447.87773241,190642.838007256,4.0,312706.33891082526,12.653019814781322
337.0,1257456.81603642,189904.169846505,4.0,154506.59390821683,11.947992053426798
343.0,1256426.80400336,205931.08167091,4.0,1221332.6509305914,14.015453157372022
344.0,1256105.98377904,205943.834630936,4.0,769484.1511689663,13.553475635777316
345.0,1292385.86887218,186108.49073861504,3.0,644653.9938849331,13.376469008251318
346.0,1292367.65728816,185438.830385938,4.0,1046072.2069165908,13.860552952693459
355.0,1256307.98563524,195514.808572248,1.0,0.0,
356.0,1256302.42691524,195314.88639605,3.0,93182.0,11.442309848973883
359.0,1262064.28253713,189803.961078405,3.0,19642.53636253477,9.88545271626551
360.0,1261695.93322477,189809.565046415,4.0,641656.7975618452,13.371808856494534
363.0,1266177.79991736,174929.147943169,4.0,5761540.313797126,15.566715412512677
364.0,1266006.17687717,174929.697511166,3.0,5207644.017597491,15.465638107538496
367.0,1274130.4621335,190030.23256664,3.0,76016.70981578405,11.238708461098641
368.0,1274179.19499755,189677.760502279,3.0,108011.81176877978,11.58999586835553
385.0,1252428.75356726,214820.537360013,3.0,121603.08157297004,11.708517590076081
386.0,1252421.85167927,214739.283599943,2.0,163821.03677481128,12.00652987179338
389.0,1263631.26986673,199628.698944464,1.0,0.0,
390.0,1263616.49271473,199070.942207888,3.0,93182.0,11.442309848973883
391.0,1254709.46294561,203031.283395946,3.0,95905.4518550258,11.471118108630282
392.0,1254698.72476959,202702.723331615,3.0,48431.04700338316,10.787896354064749
403.0,1262664.78756176,166508.893790543,2.0,93180.0,11.442288385370787
404.0,1262502.48215358,166334.272414371,2.0,46592.00000000001,10.749184131556358
409.0,1259260.46301426,216050.79771328,1.0,0.0,
410.0,1258934.30883794,216064.797969297,4.0,107371.10493293755,11.584046383265958
415.0,1264006.30391513,189239.119349822,4.0,366395.5275200913,12.811468705157642
416.0,1263993.59101911,188703.64568527,4.0,751003.7492223555,13.529165923040543
419.0,1282048.3383656,208297.749513343,3.0,473542.19958656747,13.067996310311985
420.0,1282041.9315816,207921.563592955,4.0,1061980.795029506,13.875646396844148
421.0,1258890.08579789,214463.586319655,4.0,102785.32868105656,11.5403979047078
422.0,1258624.06077361,214470.060687661,4.0,112297.01846135044,11.628902590608726
429.0,1258314.7559413,212911.597582072,4.0,330382.4498084395,12.70800620120495
430.0,1258295.65296528,212206.491405338,4.0,421275.1632089366,12.951041493485288
433.0,1255185.96790609,196691.21503745,3.0,931240.2361421578,13.74427256394138
434.0,1286707.00787437,190644.988919258,4.0,1804288.107693798,14.405676671783274
435.0,1286688.64339435,189885.059638485,2.0,1730872.009515238,14.364135891225466
436.0,1254251.42089714,214603.774991795,4.0,191365.3410269568,12.16193966023992
437.0,1254237.06428912,213938.960399121,2.0,46592.0,10.749184131556358
438.0,1286481.12710615,208148.872841194,3.0,677880.0425894292,13.426725622934693
439.0,1286477.38925013,207788.435912818,4.0,142300.45711305027,11.865695996392182
442.0,1266444.57559763,177107.2335134,2.0,11298.094857173786,9.332389393776124
443.0,1265959.86103712,177112.357545406,3.0,42825.52134860141,10.664889497049368
444.0,1283484.21279907,170258.48899439,3.0,139768.0,11.84773918415428
445.0,1283634.05171123,170254.711138383,2.0,186344.0,12.13534970691119
448.0,1270814.63941009,176557.03613683596,3.0,349189.572305005,12.763370240832199
449.0,1271066.99121836,176557.166056842,3.0,130309.526982821,11.777667876194684
450.0,1269330.43435258,175897.508904159,4.0,2237921.8257945213,14.621058236857207
451.0,1269314.81726456,175240.981991485,4.0,10591788.355679044,16.175589575433523
455.0,1295065.35764293,181879.040238291,3.0,47084.07097273172,10.759690026895344
456.0,1295063.01409093,181766.504046172,1.0,0.0,
461.0,1263799.56420292,189777.560182378,3.0,46618.15465663516,10.749745329151576
462.0,1263689.76682681,189779.23045437,3.0,12493.94371836009,9.432999303349924
465.0,1260020.65706305,169026.856289133,3.0,108754.02905450096,11.596843997041661
466.0,1259841.25021486,168629.262944713,4.0,83166.78249124372,11.328603298184916
480.0,1286529.52659419,177929.980202243,3.0,122294.02560339312,11.714183470141844
481.0,1286782.01984245,177262.075689554,3.0,18893.49656582993,9.846573044786725
482.0,1267402.5599186,178325.892138645,4.0,105094.88792671988,11.562618915593777
483.0,1266741.73022193,178290.513962612,3.0,22828.505974253665,10.035765296044472
484.0,1284128.65247974,179515.564331874,3.0,841897.4331814472,13.64341347248092
485.0,1284294.0589439,179367.969771713,3.0,750508.3559087346,13.528506063782794
488.0,1295074.32839493,182562.836142987,4.0,110198.57292419644,11.610039225745926
493.0,1294962.68756282,186508.085107028,3.0,95296.40553730296,11.46474737158893
494.0,1295243.67943512,186494.57726702103,3.0,65336.40326591233,11.087304637204571
495.0,1283921.71654353,169768.209121883,4.0,102372.86914000109,11.536377006677467
496.0,1283919.93471952,169675.581409797,1.0,0.0,
505.0,1276853.71000828,213253.478798419,4.0,445665.2414592101,13.007323369488367
506.0,1277089.34405652,213248.951246411,4.0,362617.1182812496,12.801102786009967
507.0,1256780.54537973,189273.057269856,3.0,5036.186566459271,8.524404441034678
508.0,1256439.03888337,189284.340725869,4.0,397871.3153464165,12.893883903709384
513.0,1284345.20582396,176259.884840533,3.0,555548.3466708786,13.227710916985547
514.0,1285007.17107263,176234.694888502,4.0,952402.2478852523,13.766742753824369
517.0,1288927.42701265,171552.286307707,3.0,279027.47143101913,12.539065519866712
518.0,1290000.39565374,171584.573283747,3.0,96737.19561299012,11.479753257048271
521.0,1265888.71089305,189775.082166374,4.0,174460.98013710012,12.069456386090769
522.0,1265721.55114888,189773.390262365,1.0,0.0,
525.0,1271273.91045056,176557.272040844,4.0,111715.18847239058,11.623707951394387
526.0,1271922.03352323,176734.536425024,3.0,38422.56100993693,10.556400092350255
527.0,1285146.49030477,178860.411435202,1.0,0.0,
528.0,1285324.22188896,178857.60369119,2.0,46591.99999999999,10.749184131556358
531.0,1285195.04307282,182860.607471287,3.0,166216.4268973592,12.02104599465024
532.0,1285630.87680127,182119.696558535,1.0,0.0,
533.0,1255213.2148821205,215243.915408447,6.0,346377.6688522008,12.755284987230365
534.0,1254913.33590582,215254.07291247,2.0,58658.13331705566,10.979481519949685
535.0,1277763.52018522,216685.932561934,6.0,990800.6002880308,13.806268582459118
536.0,1278078.37554553,216665.651089907,4.0,240942.56826487213,12.392313878118529
555.0,1295062.20506693,181712.482798114,1.0,0.0,
556.0,1295054.80647492,181218.71972560897,3.0,1779832.447518496,14.392029787230118
557.0,1287008.66176268,177181.962025478,2.0,29842.85459465168,10.30370071310189
558.0,1287004.41344267,176864.766825154,3.0,211360.4943299219,12.261320458558878
559.0,1286923.83942659,173249.976805449,3.0,226019.02842043445,12.328374471260688
560.0,1287343.63616303,173240.263909444,1.0,0.0,
561.0,1256306.04176325,200812.851137683,3.0,358728.5725250195,12.790321316118915
562.0,1256089.88867502,200768.21536162504,3.0,247029.74230539927,12.417264022552807
563.0,1268606.11627184,187801.835508347,4.0,64262.09004249241,11.070725156922947
564.0,1268605.95351984,187635.203572184,1.0,0.0,
565.0,1280968.0271965,214838.453968033,3.0,127243.21320732508,11.753855598666869
566.0,1280956.54495649,214363.134031549,4.0,329317.20921660826,12.704776726994723
569.0,1270502.32670578,190121.404342726,3.0,139768.0,11.84773918415428
570.0,1270537.62385781,189764.57829436695,3.0,186922.0987464368,12.138447224797748
571.0,1267877.01931109,190436.520183057,4.0,502218.79346170765,13.126791147270874
572.0,1267904.10718311,189778.89714238,4.0,261303.95228311463,12.47343957685591
573.0,1257578.70326854,209945.991307035,2.0,276.0271838270042,5.620499352993946
574.0,1257576.40374854,209836.789130911,4.0,4758267.121158163,15.375394109748393
575.0,1264738.29297188,195105.826427832,3.0,215984.67843495164,12.282962750978905
576.0,1264458.61469959,195114.439611837,4.0,170054.45437044825,12.043873984567123
585.0,1258719.02838971,193250.571001932,4.0,156253.88716353962,11.959237445135853
586.0,1264828.29213996,199043.09119986,3.0,10184.779262639977,9.22864965563665
587.0,1264811.80855595,198383.639807194,4.0,3351038.4607133046,15.024780844037439
590.0,1275203.08370259,188776.547445357,3.0,65440.86659885717,11.08890221383652
591.0,1275493.8708389,188767.579253346,3.0,112042.8665988139,11.626636814541332
596.0,1263269.02391437,170318.038434446,3.0,60510.51521011418,11.010572434042427
597.0,1263262.67025037,170056.866018176,4.0,433306.4753535345,12.979200551889436
602.0,1270369.09732965,179160.387563497,4.0,501902.5201599253,13.12616119686956
603.0,1270691.65995397,179156.114923492,3.0,412959.4299602956,12.93110463457638
606.0,1267419.55627061,179189.314347535,4.0,95240.9382070371,11.464165151529148
607.0,1266758.42833394,179194.576747537,4.0,46994.284161607786,10.757781259713852
608.0,1295079.84449095,183082.814383522,2.0,46592.0,10.749184131556358
609.0,1295737.66010761,183058.505711496,4.0,578227.0125723977,13.267721825861901
610.0,1283693.21369529,208113.068489149,1.0,0.0,
611.0,1283687.82195129,207822.11533685,4.0,1426122.2952421948,14.170469637318519
614.0,1280672.21778819,175736.153896004,3.0,77688.83185127996,11.260466791807225
615.0,1280666.33689219,175442.232551694,1.0,0.0,
618.0,1280454.96364397,180051.44906841204,3.0,651625.0520048909,13.387224601878408
619.0,1280769.86162829,180042.741420403,4.0,848607.9610478439,13.651352593096698
624.0,1278171.58956163,174453.99114269,3.0,111635.09107079204,11.62299071562288
625.0,1278502.97932197,174450.570214674,3.0,59235.404715567216,10.989274694737718
626.0,1273747.03346109,209867.885194942,1.0,0.0,
627.0,1273421.71026076,209504.543050572,3.0,93182.0,11.442309848973883
630.0,1288248.08025995,182250.291118667,3.0,219440.52124289583,12.298836500940855
631.0,1288354.30906005,182142.30545455203,3.0,128990.83534939768,11.76749663701696
634.0,1286965.86233863,175227.366503477,4.0,79736.11996428153,11.286477961164591
635.0,1287392.12985907,175218.962023467,4.0,173459.61436806197,12.063700081060961
636.0,1293110.88090493,183277.548271716,4.0,312880.22260694456,12.65357572090621
637.0,1293416.52692124,183261.452527702,4.0,57352.1504425431,10.956965618673065
640.0,1286615.68557028,206203.622151196,2.0,3212.7449333361296,8.074880970137102
641.0,1286718.44781038,206202.124807194,4.0,138750.66456351627,11.840433821244174
642.0,1277872.35327333,214629.34971182,1.0,0.0,
643.0,1277868.27717732,214424.606735617,4.0,258440.72791492895,12.462421654240373
646.0,1274138.6940695,186839.454515368,4.0,169428.45739431182,12.040186036432145
649.0,1295262.18989913,187128.893939659,4.0,184405.88136816584,12.124894484217299
650.0,1295523.9551474,186911.623987436,3.0,19818.5717798288,9.894374745743105
651.0,1266660.30353384,174267.6217345,4.0,298882.5980464629,12.607806126592111
652.0,1266410.73578958,174269.902566493,4.0,499203.3516065896,13.120768809970324
667.0,1254944.04022585,215931.406545162,3.0,12382.089514462836,9.424006313455633
668.0,1254795.04476969,215936.131217167,3.0,10204.497797378295,9.230583862605124
669.0,1260145.10787918,195845.086780593,4.0,236795.54479968,12.374952367624457
670.0,1259812.93367083,195851.1934046,4.0,593412.5197609903,13.29364508496646
673.0,1281762.71129331,192427.918073088,4.0,377559.2758223826,12.841482857390591
674.0,1282047.6392296,192421.466681078,4.0,569913.5854016234,13.253240023759044
675.0,1287188.88192287,205128.448134094,4.0,112394.55722342216,11.62977079199012
676.0,1287655.83469135,205118.82970207895,3.0,426445.8505225171,12.963240675420908
677.0,1285231.73651285,207374.550280392,4.0,211342.0939061372,12.261233397706597
678.0,1285541.55155317,207371.084424391,4.0,377886.84399174486,12.842350075267023
681.0,1289169.1262769,187102.230259642,1.0,0.0,
682.0,1289324.94458105,187212.033203751,3.0,46595.99999999999,10.749269979519667
693.0,1284189.3688958,169761.48668988,3.0,47425.466666666674,10.766914634853203
694.0,1284181.11596778,169365.427169472,1.0,0.0,
695.0,1278152.40389761,180077.18065243997,3.0,220336.40216720573,12.302910758210347
696.0,1278350.36056982,180073.398828432,4.0,339297.948699997,12.73463390507175
699.0,1268593.18615982,189782.072630376,4.0,123325.09201390832,11.72257917221079
700.0,1268262.18878348,189780.61925438,4.0,1391491.6484464474,14.145886858094963
701.0,1294412.38221826,182568.591662988,3.0,318302.2264290758,12.670756607996195
702.0,1294400.34388225,181885.98641429804,3.0,363239.8977053843,12.802818770186569
705.0,1275640.79410304,218148.40174742,4.0,155231.13854314416,11.952670501549695
706.0,1275795.65765519,218144.253139421,2.0,3750.4114026879743,8.229620820330501
708.0,1282322.37817389,173797.534118012,3.0,858782.867558503,13.663271395507968
709.0,1282320.12358189,173680.581541896,3.0,995837.1867789574,13.811339056115134
712.0,1285346.42560098,200220.971073076,4.0,581718.7592462056,13.27374237838386
713.0,1285429.78764907,200221.019649073,1.0,0.0,
716.0,1271340.65803464,210534.727691635,4.0,542661.7729735604,13.204241518973863
717.0,1271758.32158707,210225.575755313,4.0,482646.0228446583,13.087038791995546
720.0,1294500.11367436,187810.114996359,3.0,41577.97106611794,10.635325764312785
721.0,1294392.89306624,187654.499828205,3.0,13413.981109858858,9.504052808417962
722.0,1265347.2632125,175263.772967517,4.0,592529.0253790034,13.292155138772992
723.0,1265339.81930849,174936.404519185,4.0,5208552.499956681,15.465812544024974
724.0,1277240.30764067,180084.117676452,3.0,141285.0402908462,11.858534691099253
725.0,1277229.44120866,179751.671148106,3.0,37755.91156787847,10.538897340241606
726.0,1292200.541192,181001.488813385,1.0,0.0,
727.0,1293051.30554487,180971.592877358,3.0,187334.90009846512,12.140653203687682
728.0,1291383.50048716,181117.57521350696,3.0,190041.21504078267,12.154996248885885
729.0,1291621.0780874,181108.281965494,1.0,0.0,
730.0,1280641.68799616,169229.990433335,3.0,164896.54857704943,12.013073577928704
731.0,1280626.61913215,168590.222624674,4.0,111929.29347484748,11.625622642657973
744.0,1281390.39679693,221947.84923932,3.0,2649835.6787464707,14.790008188019629
746.0,1286471.49587414,207360.689096376,4.0,181484.43353002323,12.108925163334154
747.0,1286466.87776212,207025.497800037,2.0,10268.673723820815,9.23685315376732
755.0,1286995.42265867,176193.406248465,4.0,244889.60455804295,12.408562794338403
758.0,1266653.42430183,173940.093222156,3.0,46035.50065736572,10.737168131243685
759.0,1269571.68286483,186146.271218657,3.0,230169.25282951884,12.346570199144503
760.0,1268244.96145546,186142.112754658,4.0,420835.089522064,12.94999632457657
761.0,1287362.97241904,190519.102327138,4.0,1516192.7318878712,14.231712968956042
762.0,1287354.54592304,190180.636150792,3.0,57422.56462559156,10.958192617003505
763.0,1292320.59079212,182247.275054663,4.0,145732.5353053428,11.889528270654548
764.0,1292660.47034447,182423.06705483803,3.0,1445455.9501773615,14.183935366212433
767.0,1280478.114492,216851.229458094,4.0,226857.69195995884,12.332078192209384
768.0,1280467.64236398,216296.429713532,4.0,219415.57860327835,12.298722829786902
775.0,1291578.08211936,187021.86001955,4.0,658388.5012761401,13.39755046354507
778.0,1293093.07648891,182622.429807052,3.0,384783.920208076,12.860437209499521
779.0,1294065.27757791,182582.45585501203,3.0,1701.1568933644758,7.439063824100339
780.0,1294056.67130589,182148.865838557,3.0,22856.74411144422,10.037001499884168
781.0,1269692.98840095,168645.360672742,3.0,57140.58156209837,10.953269853578584
782.0,1270168.54980944,168634.982112721,3.0,55164.36090805965,10.918072388029133
783.0,1270240.6051055,204402.853125349,3.0,313716.212376558,12.656244073992717
784.0,1270941.67749023,204382.903685331,4.0,6003818.301176217,15.607906208315567
787.0,1258939.48893394,189856.277878463,3.0,43836.41731110478,10.688220196364249
788.0,1258662.09482165,189865.245366469,3.0,7340.565258198525,8.901171129297143
795.0,1291968.23751175,184819.075697303,4.0,347492.8406297275,12.758499341270369
796.0,1292277.00621608,184760.061681241,4.0,1066450.2296744776,13.879846148832714
804.0,1271151.05733044,197381.918334156,3.0,222403.80127439796,12.31224993327364
805.0,1271170.80696246,197146.633085921,2.0,74105.58881119716,11.213246230993308
808.0,1258759.62186176,209152.48961021,4.0,381897.5302189885,12.852907606104422
809.0,1258560.56317355,209156.59655422,4.0,2268301.0231405445,14.634541661274875
812.0,1279697.2616912,216987.514962241,4.0,140689.19827119383,11.854308468806396
813.0,1279958.06796347,216979.977554232,3.0,48351.86810760281,10.786260137314006
816.0,1254644.68880154,211287.057868406,4.0,495276.4567467722,13.112871384126924
817.0,1254624.41948952,210620.848267719,3.0,688779.6827188126,13.442676735027076
818.0,1267413.30628662,178905.19940324096,3.0,30429.62067931461,10.323171777460534
823.0,1290318.35827807,170361.277858496,3.0,45983.789385614495,10.736044208701562
824.0,1290313.90387806,170075.213794202,2.0,144.6905242905245,4.974597146286032
827.0,1271005.79781029,187333.955187872,3.0,1582.3545954020838,7.366669266954559
828.0,1270986.61150627,187103.556019634,4.0,3385237.0221270127,15.034934483184967
832.0,1264351.50237948,189769.16255036,4.0,779821.9453461724,13.56682089740981
833.0,1264075.53341919,189773.360758364,3.0,48037.548039778056,10.779738234920021
836.0,1282381.47679794,184663.27742514,2.0,57256.923183334,10.9553038430717
837.0,1282430.84415799,184662.633777142,2.0,13896.1851687301,9.53936963315816
840.0,1279853.88249135,213197.034382358,2.0,558622.6422285356,13.23322946555741
841.0,1279987.27033149,212926.245518073,4.0,3864092.861056252,15.167237506390228
842.0,1286714.43334638,205942.156486928,3.0,143354.34894267665,11.873074808784198
843.0,1286710.41369838,205681.860102668,4.0,538028.468602349,13.195666753361689
844.0,1262259.87728934,171748.812451914,4.0,374283.4897652449,12.832768783289005
845.0,1261992.75844106,171765.776675925,3.0,235141.15643191157,12.36794127846659
851.0,1258422.4030454,191575.782008216,4.0,30185.041509976105,10.31510176641514
852.0,1258441.84029342,191232.876535863,4.0,1373830.1385388058,14.133113118604559
857.0,1292824.15572064,183118.202799559,3.0,76363.20162149942,11.243256204953127
858.0,1292562.79898436,182897.03166332803,3.0,1269824.131949446,14.05438897006574
880.0,1286689.02169836,196379.124413133,1.0,0.0,
881.0,1286689.02035436,196076.562684819,3.0,57918.12679828964,10.96678568534686
882.0,1289825.89402157,184048.126768515,3.0,2088353.1702270857,14.551886356510694
883.0,1289816.25888556,183608.677168056,1.0,0.0,
885.0,1271750.79371506,176214.284520492,1.0,0.0,
886.0,1271910.90981121,176214.411176488,3.0,126942.59297718118,11.751490239445449
889.0,1273029.14674036,194345.72300306,5.0,396716.51865339925,12.890977245800352
890.0,1273696.43352506,194329.89721103,4.0,133573.48748393843,11.802407073414967
891.0,1278504.65420197,207178.265864193,3.0,50585.73334037444,10.83142486572527
892.0,1278492.06629796,206736.903879747,4.0,100640.44049238128,11.519309448836268
899.0,1281067.6005086,179370.11447571203,3.0,778178.5254351419,13.564711243977257
900.0,1281063.6060766,178776.62980310604,3.0,261315.0030008086,12.47348186662586
901.0,1293838.11303367,185779.690226287,4.0,1291256.2202790135,14.071126116658217
902.0,1294494.82298635,185746.343858242,3.0,241419.80713884503,12.394292635393251
903.0,1295429.4267633,182554.277102977,3.0,608273.1618470009,13.318379339406174
904.0,1295729.04135561,182541.39620696,4.0,1157704.7578962373,13.96194994596877
913.0,1275940.43915935,213966.94721514,4.0,502564.7984083223,13.127479862658129
914.0,1276132.80754355,213962.439951137,4.0,377721.7130324896,12.841912994558106
919.0,1289223.68883695,187355.14936389,3.0,48633.00596162516,10.792057714393623
920.0,1289469.5810612,187527.238900065,4.0,381740.7999580662,12.852497123139047
934.0,1257791.34589276,190622.339703247,4.0,312736.3887308036,12.653115906137648
935.0,1257822.8799088,189892.353270486,4.0,103140.57472294496,11.543848139849896
943.0,1276782.3498802,216387.164433628,4.0,151837.26298926334,11.930564588057367
944.0,1277104.04120854,216379.337681621,4.0,358504.0199175378,12.789695152118046
949.0,1258317.1066613,200702.649601564,4.0,2370348.1333840084,14.67854739404699
950.0,1258358.71152534,200340.014145195,1.0,0.0,
953.0,1286787.35616246,207784.488456815,3.0,51854.563794496935,10.856198228964482
969.0,1257757.84989272,215850.502161071,4.0,1123405.778118241,13.931875502487431
970.0,1257729.78166869,215166.81518437,3.0,142281.7379933797,11.86556444129127
971.0,1265966.15370913,172654.015396848,4.0,1486937.7310831507,14.212229349032972
972.0,1265958.71210912,172006.872996181,4.0,1697066.137550075,14.344411516674414
973.0,1263677.47089079,189245.997941837,4.0,329716.27367876074,12.705987786891631
974.0,1263665.18647477,188710.069237277,4.0,974206.9408179536,13.789379024962697
975.0,1292073.45971987,183234.544111669,1.0,0.0,
976.0,1292074.88557586,182675.968111098,3.0,77263.24812401907,11.254973676807161
977.0,1261356.39876041,189451.505398035,1.0,0.0,
978.0,1261069.06538412,189463.409270048,3.0,82045.20770061288,11.315025687751087
979.0,1278757.95455423,186882.893747404,3.0,2304727.34816689,14.650472940287079
980.0,1279608.4019791,186903.909811437,4.0,5572381.047243046,15.53333299762456
981.0,1258889.44605389,209292.715722352,4.0,362379.3664291952,12.800446915628273
982.0,1258886.45264588,209149.969930217,4.0,2002362.504128389,14.509838293459131
983.0,1257259.45552422,212941.266190097,4.0,93969.15782910284,11.450721899211835
984.0,1256989.65027595,212949.447246104,3.0,5965.518900850344,8.693751321670629
987.0,1262410.5652895,193144.121721819,4.0,339189.836940444,12.734315220600914
988.0,1262078.38192916,193150.612153828,4.0,1086458.6033889763,13.898433977068251
996.0,1276467.92267989,216704.788177952,4.0,155537.68670406545,11.954643339462917
997.0,1276460.17733587,216394.97678563,4.0,132871.14077001726,11.797135071158623
1006.0,1293503.05728933,185253.251313746,2.0,810.3402795535628,6.69745425766421
1007.0,1293495.07661732,184953.272305429,3.0,31005.01951648938,10.341904390246427
1014.0,1270124.38193738,194302.139387012,1.0,0.0,
1015.0,1270208.80664147,194302.569851011,4.0,96389.31122863005,11.476150595080007
1018.0,1270467.84024175,194617.312635332,1.0,0.0,
1019.0,1270472.75947374,194303.642363012,4.0,98562.868907346,11.498449886575711
1020.0,1285525.88492917,206518.684551522,5.0,362384.2471802415,12.800460384160507
1021.0,1285741.67648138,206516.327879518,3.0,68376.05420181555,11.132777957547885
1026.0,1259480.43075849,195857.307900608,4.0,7675273.470204069,15.853514482099703
1031.0,1288859.49997258,189174.885557756,4.0,2485111.7660939465,14.725828192796813
1032.0,1288846.83693257,188626.018869191,4.0,73210.47663280179,11.201093813107159
1033.0,1290185.24038993,186969.276467502,2.0,1357.1298842883975,7.21312736954224
1034.0,1290153.31232589,186903.120755434,3.0,144204.9232890623,11.878990645337968
1043.0,1281483.07442902,192236.043832898,3.0,93182.0,11.442309848973883
1044.0,1281479.44518101,192104.943352759,1.0,0.0,
1049.0,1264226.86973935,171985.904484153,3.0,70808.37756043008,11.167732599806428
1050.0,1264092.57802722,171984.419620156,3.0,50238.606499195776,10.82453906387834
1051.0,1262364.79312944,190179.431094781,4.0,108224.9968656586,11.591967643348838
1052.0,1262165.35652123,190182.502006784,1.0,0.0,
1058.0,1272680.45458001,216577.198865816,3.0,93182.0,11.442309848973883
1059.0,1273198.43320453,216566.881937802,3.0,175820.16784197534,12.077216978028622
1060.0,1282584.35929415,209151.440778211,4.0,102169.1562008878,11.534385112775675
1061.0,1282581.12403014,208679.532873735,4.0,99784.6718345119,11.510769861671037
1069.0,1285947.29286559,187031.915443569,4.0,97436.68407704872,11.48695805195672
1070.0,1286609.27411427,187010.819315538,3.0,353957.7944846707,12.776932960388518
1073.0,1266205.34417337,195060.639227793,4.0,271586.4985920359,12.512035962797912
1074.0,1266194.47242936,194391.616891101,4.0,270300.4499664856,12.507289396956034
1075.0,1271858.35320316,215573.098192796,2.0,17173.10796075938,9.751099948621027
1076.0,1271848.43621115,215073.248464271,3.0,116475.25468959598,11.665434123328634
1081.0,1275451.30987884,213928.956751108,4.0,1209722.1969450635,14.005901301911665
1082.0,1275443.51954284,213608.822606772,4.0,907693.368452904,13.718661900608229
1084.0,1256054.12726699,204634.194501594,4.0,931632.32215279,13.744693511702595
1085.0,1256027.72963496,203974.50195691,4.0,488067.61158751015,13.098209223573411
1086.0,1258176.70794116,187264.42283579696,3.0,47617.34447627694,10.770952353603048
1087.0,1257937.96925291,187272.936947808,3.0,145806.3097763074,11.890034374549682
1091.0,1279798.12108329,179088.30141943702,3.0,13652.334919818308,9.521665842381575
1092.0,1279790.52101929,178814.896107152,3.0,49358.5870840901,10.80686703345503
1093.0,1288266.68128397,188702.694901273,1.0,0.0,
1094.0,1288452.77536416,188498.908917069,4.0,117461.7278904868,11.67386783942708
1105.0,1260249.55914328,189503.689718097,1.0,0.0,
1106.0,1259824.43171884,189510.459382102,3.0,63824.47753011611,11.063892056100716
1111.0,1277766.02245721,217553.646354824,3.0,30339.48198954428,10.32020517924142
1112.0,1277834.47052129,217551.892754823,4.0,576328.1631562538,13.264432505146647
1117.0,1279678.11807518,220274.20789361,4.0,243197.2623728535,12.401628172320223
1118.0,1279937.87410744,220264.137685597,5.0,389559.0542916414,12.872770748440095
1121.0,1256807.15229176,216534.347537771,4.0,298642.2291508764,12.607001577901876
1122.0,1256778.03785972,215871.732433096,4.0,751331.5122398852,13.529602261095219
1123.0,1256145.25373107,206937.40416795,3.0,238711.904439712,12.383012683055338
1124.0,1258604.94858159,213795.842574969,4.0,178880.01298962228,12.094470541565272
1125.0,1258580.81808557,212903.940814063,4.0,310057.8263940038,12.644514095820362
1130.0,1279390.77740288,198383.339263186,3.0,96405.59611895448,11.47631952994024
1131.0,1279191.71282667,196789.604221553,1.0,0.0,
1132.0,1290691.64064646,185503.082225993,3.0,897140.9816295627,13.706968298846586
1133.0,1290570.92499833,185372.543729872,3.0,975885.1500543116,13.791100184346405
1134.0,1285078.9313927,197223.244798005,3.0,280611.9000936653,12.544727855208352
1135.0,1285069.83033669,196324.407037079,4.0,180375.70405005864,12.102797199325982
1157.0,1281516.14489305,210556.442507654,3.0,1645601.217998924,14.313616357475523
1158.0,1281637.60857318,210553.06983564803,3.0,981016.9995727972,13.796345067217743
1160.0,1271621.78443493,204880.428293839,4.0,3304017.399784029,15.010649679887598
1161.0,1272192.45227551,204626.83462958,4.0,4677125.280583211,15.358194222875508
1162.0,1256619.93878756,200822.429505691,4.0,1021746.621140089,13.837024094486962
1163.0,1287694.99405138,202686.31885159,3.0,403688.03410146886,12.908397665830696
1164.0,1288001.2828197,202575.266883478,3.0,13087.504638699214,9.47941320961611
1181.0,1287914.08089961,186400.708658919,1.0,0.0,
1182.0,1287905.3168036,186128.838514641,3.0,273936.6467186979,12.520652142280468
1183.0,1272167.91851549,205691.741638675,3.0,64660.1734532488,11.07690073381911
1184.0,1272361.91121969,205416.638534397,4.0,1014282.3808446488,13.829691906459638
1185.0,1280673.6691802,213573.513294742,4.0,193707.9206849172,12.17410674006611
1186.0,1280657.82905218,213317.819854483,3.0,224479.54826172924,12.32153988295779
1187.0,1282321.62815788,210534.078731626,4.0,560836.556884249,13.237184799604057
1188.0,1282322.77548589,209902.733194977,4.0,164950.56556284273,12.013401105343439
1201.0,1263505.25111461,197093.292925864,3.0,2190676.206356593,14.59972082415887
1202.0,1263490.3974826,196439.091517195,4.0,2361755.2794052493,14.674915663007415
1205.0,1265300.61924446,172324.304420501,3.0,46894.642857142855,10.755658723115827
1206.0,1265297.03031644,171998.463524163,4.0,1023425.1319253234,13.838665532336462
1207.0,1292722.44992854,188390.52133294896,6.0,320359.1263934058,12.677197915481115
1208.0,1293776.68365762,187818.393844366,3.0,65571.70951732216,11.090899624556087
1215.0,1265884.45175704,190432.730807051,4.0,179683.27661557205,12.098951005645114
1216.0,1265547.0488767,190440.155639052,4.0,170956.30887381316,12.049163299176264
1219.0,1287412.38867509,201398.035970271,1.0,0.0,
1224.0,1256037.50000297,214544.822031736,4.0,192314.1784223005,12.166885659604086
1225.0,1255722.33686665,214555.018511742,3.0,50921.76210418413,10.83804565741792
1230.0,1275160.92466255,217633.8187709,3.0,138920.96007802093,11.841660417847812
1231.0,1275362.68965475,217628.571410894,3.0,64738.41364652681,11.078110023728165
1244.0,1257944.45546092,211835.328780964,3.0,129089.07240925,11.768257928862187
1245.0,1257753.08285272,211839.51476496496,3.0,83563.30233091174,11.333359735364837
1246.0,1255517.56304243,207275.373640299,4.0,499851.7997976157,13.122066933064279
1247.0,1255186.19689809,207286.464136302,4.0,877819.5402619812,13.685196316482905
1266.0,1265413.43006057,178238.36381855598,3.0,155538.554811799,11.954648920781048
1267.0,1265131.76887628,178038.041706353,1.0,0.0,
1276.0,1295080.59181894,183156.003247589,1.0,0.0,
1285.0,1274799.87781417,213624.961998791,4.0,1802337.0942360847,14.40459476637931
1286.0,1275121.67704651,213617.190350786,4.0,1917414.499387643,14.466488221601054
1289.0,1271728.73169903,194686.6209234,4.0,488670.2344059848,13.099443173701198
1290.0,1272388.64017971,194670.990715384,3.0,101330.56327972635,11.52614335529128
1295.0,1287379.74080306,191213.027831852,3.0,567051.9000873986,13.248206113066535
1296.0,1287681.06790736,191203.205623835,3.0,278193.8936033179,12.536073608566017
1304.0,1271719.21137902,194376.73541908,4.0,263254.82129068626,12.480877744323049
1307.0,1274242.27723761,203078.006724,3.0,11616.329939113775,9.360167140510523
1308.0,1274236.08133361,202838.197123751,4.0,110750.5990153047,11.615036096608824
1313.0,1257550.02154051,218818.57595610604,3.0,2736.0443902911,7.914268503132426
1314.0,1257530.49142849,218367.777939647,4.0,80230.70790649408,11.292661612172493
1315.0,1258478.23363747,195755.684092492,4.0,1038394.6722833108,13.85318649422091
1316.0,1258472.44259746,195491.63865222,4.0,93347.78787878789,11.444087451622007
1319.0,1262377.04964146,191136.857015774,4.0,301313.33385974483,12.615905978569147
1320.0,1262368.50506546,190469.406263083,3.0,216401.65178095468,12.284891458924198
1339.0,1259747.83242276,205149.771270111,3.0,44560.75065066712,10.7046087203001
1340.0,1259415.01322243,205158.583558127,4.0,15349492.42916811,16.546592964947067
1348.0,1278770.12249024,206278.350663275,3.0,157740.10869882096,11.96870407605293
1349.0,1279060.68524255,206261.899591252,3.0,126019.3160400178,11.744190476088981
1350.0,1281856.59103741,214392.480463579,4.0,11804.262480320633,9.376215972372755
1351.0,1282031.34892559,214435.360271618,4.0,31495.20727481176,10.357590663231763
1354.0,1281288.95078082,211891.212493017,3.0,32306.955920722536,10.383037839608235
1355.0,1281270.22873281,211227.96807633305,3.0,30329.240200393346,10.319867549277294
1366.0,1286945.07923461,174173.583526403,3.0,174589.68321448052,12.070193832523199
1367.0,1286423.63181008,174226.696294457,1.0,0.0,
1371.0,1259509.69744653,197180.370173961,4.0,12192649.575988092,16.31634383435971
1372.0,1259495.0248705,196518.842621282,4.0,10437653.391454283,16.160930344220496
1373.0,1267170.13259037,196365.189117119,4.0,596592.5839540848,13.29898972046941
1374.0,1267159.51383835,195698.03161244103,3.0,516712.50763268326,13.155241920741894
1375.0,1258484.50064547,196034.476476789,3.0,27767.153972806263,10.231609089373865
1376.0,1257819.40816478,196070.686716825,3.0,13578.736410123149,9.516260348928029
1384.0,1276551.02328797,206715.104711726,1.0,0.0,
1385.0,1276611.23308003,206595.639431596,3.0,169452.02128740045,12.040325105482204
1386.0,1259636.56496665,201831.798530713,4.0,6643712.144786113,15.709181423187657
1387.0,1259303.74544631,201840.994434729,4.0,11106879.226935267,16.223075224491083
1394.0,1278481.65292194,218471.323667765,3.0,58272.02211033795,10.972877361960574
1395.0,1278740.20722622,218464.637331754,2.0,46.29524719867813,3.8350393035267123
1396.0,1285100.63673672,207376.016776398,2.0,308.710242726867,5.732403111154835
1401.0,1283681.95910327,207391.883592412,2.0,55560.55899579497,10.925228857937087
1402.0,1283991.24620759,207388.423944414,4.0,74028.41191055818,11.212204243235659
1405.0,1280472.93996398,179062.175147399,3.0,26846.57861448061,10.197893665913753
1406.0,1280557.41094008,178791.252779126,4.0,270508.56453435053,12.50805903863196
1407.0,1265208.59351635,169380.465505496,3.0,135375.6589661435,11.815808852000723
1408.0,1264878.54724401,169392.729569495,2.0,43014.04082330318,10.669281872150622
1417.0,1274268.90315764,212036.76833316695,3.0,46594.0,10.749227056459247
1418.0,1274426.9579418,212034.734541163,3.0,93178.0,11.442266921306995
1419.0,1257244.7029482,212239.899469376,4.0,110070.86514803818,11.608879665966908
1420.0,1256974.89181192,212248.485069379,3.0,43790.7445839238,10.68717776316593
1436.0,1283987.39750358,207105.022600114,1.0,0.0,
1437.0,1283985.43519959,206960.533063978,4.0,1989083.7085685336,14.503184642706453
1440.0,1260124.46947914,189177.516789764,3.0,1986425.5976502325,14.501847399546062
1441.0,1260102.23594312,188504.456117079,3.0,465772.0,13.051451522989705
1448.0,1258540.20234153,198423.976319224,4.0,222073.53528328947,12.310763846021372
1449.0,1258526.77059752,197896.022654682,4.0,117114.43503690737,11.670906813012534
1450.0,1280732.46470025,218412.574483693,3.0,47496.815557540256,10.768417946881502
1451.0,1280865.99922839,218414.7417797,3.0,88080.46955784832,11.386006102420593
1454.0,1274504.02014987,215464.409104675,4.0,194351.69831790324,12.177424674692938
1455.0,1274615.62488599,215462.145296678,2.0,10.142857142857142,2.316769727986002
1472.0,1251604.19190243,211947.593293071,4.0,279214.53047005803,12.539735691747019
1473.0,1251823.15471865,211540.830348656,3.0,187392.2062098161,12.140959058859796
1482.0,1285959.78822561,187466.568436012,4.0,95635.1473057066,11.468295681114206
1483.0,1286536.0695702,187448.062259987,1.0,0.0,
1496.0,1285237.33395287,207804.001864836,4.0,292841.0845214003,12.587385367214315
1501.0,1265265.67313242,170750.967010885,4.0,481371.331787251,13.084394250807211
1502.0,1265236.00030039,170036.05571416,4.0,298571.7910611708,12.60676568896542
1507.0,1270490.68856177,212033.910733163,4.0,1448484.1964966685,14.18602818587774
1508.0,1270470.83006574,210931.79252404,3.0,333919.62682267657,12.718655604745347
1509.0,1266740.23678192,197712.171326503,3.0,1268486.8654904368,14.05333530360479
1510.0,1266561.80766174,197710.580734506,4.0,1467367.3331774492,14.198980423311529
1511.0,1274356.26584573,194314.221051022,4.0,229230.48145748343,12.342483245632446
1512.0,1274754.61349413,194306.258491009,2.0,46591.99999999999,10.749184131556358
1513.0,1258278.46499726,186462.01105898604,3.0,29421.562527651942,10.289483103814153
1518.0,1257794.59523676,205875.93223086,4.0,553857.9690779896,13.224663559354681
1519.0,1257768.76688474,205226.515846193,4.0,295885.6961036456,12.597728496914517
1520.0,1258610.28125361,190589.243959203,3.0,18850.895306936105,9.844315688137423
1523.0,1283785.58028738,182918.923311353,4.0,1012774.9008125924,13.828204548086882
1524.0,1283779.19513537,182764.520751193,2.0,1001122.679848599,13.816632608079134
1525.0,1288237.00448394,182746.652655169,3.0,1082540.3902361053,13.89482105015911
1526.0,1288971.88064469,182738.834479168,4.0,1023166.85495052,13.838413135202268
1547.0,1262219.7313693,211079.708236188,3.0,525581.231018688,13.172260035885344
1548.0,1261564.87773663,211090.63143619904,3.0,267615.9565119982,12.497308233679737
1553.0,1283047.22681463,206545.42400755,4.0,1878517.321849508,14.445993365060652
1554.0,1283036.78585461,206108.674823105,3.0,136040.07742186438,11.820704808232
1558.0,1286053.0961297,191828.328440472,5.0,1476153.8613459263,14.20495052081401
1559.0,1286063.67648171,191293.492535934,3.0,191320.1254847365,12.161703353683295
1566.0,1261500.28528856,169771.525409892,1.0,0.0,
1567.0,1261626.29488869,169247.168161348,3.0,103578.26891184128,11.548082827266699
1568.0,1264337.79703547,189216.037685797,4.0,809641.2103981844,13.604346478391538
1571.0,1264305.26890743,187905.69451646495,3.0,1028067.831721164,13.843191706984944
1572.0,1264285.68721141,187119.005171657,4.0,2164866.2422874584,14.587869135656781
1573.0,1282988.09894256,204146.125317082,4.0,870932.596665664,13.677319866692834
1574.0,1283854.99878345,204123.840901062,4.0,1094453.7281683097,13.90576591836641
1577.0,1264426.22365956,178341.658538669,3.0,124231.00000004529,11.729898014761135
1578.0,1263905.61745103,178073.87722639702,3.0,240657.99999989523,12.391132117477671
1579.0,1273306.25906065,190650.974455267,3.0,75496.40329153744,11.231840295579683
1580.0,1273293.87096463,190341.13784694704,3.0,16644.202511761596,9.719817237281971
1583.0,1262455.56132154,209755.271882832,3.0,476281.5890623375,13.07376453196321
1584.0,1275824.08018322,216720.373777971,4.0,178178.90559093826,12.090543412101423
1585.0,1276146.08741556,216712.592977956,4.0,64286.587612707546,11.071106297685475
1592.0,1279859.81388336,213484.59380665404,5.0,529340.2325172663,13.179386665758965
1593.0,1280157.60005966,213759.936142936,3.0,313858.7960656853,12.656698469689367
1610.0,1284921.59904054,207378.019784391,4.0,193510.53633631257,12.173087241320005
1611.0,1284916.19584054,206950.240775958,4.0,1143610.0908184317,13.949700563122068
1614.0,1280166.56095567,214379.730127573,4.0,270503.3204762416,12.508039652521397
1615.0,1280157.66303566,213879.531983063,4.0,222476.31556145148,12.312575928007732
1628.0,1293179.71898501,185813.141938314,3.0,173322.30574598137,12.062908179169357
1631.0,1294060.9747939,183229.890543669,4.0,157421.64989116148,11.96668315246455
1632.0,1294048.54535389,182839.111471266,1.0,0.0,
1637.0,1262253.14960933,171431.881699592,1.0,0.0,
1645.0,1290037.15213378,189696.801526293,3.0,46266.14942979431,10.742165858852935
1646.0,1290023.36051777,189158.74450174,4.0,1435738.945377354,14.177190219151266
1651.0,1266813.270126,193704.361402392,3.0,636373.2998321527,13.363540619556444
1652.0,1266498.51287767,193713.661882401,4.0,267951.57236246485,12.4985615430247
1657.0,1287503.22118719,187891.084980443,4.0,4569105.879708595,15.334828093774084
1658.0,1287954.00275564,187880.082996428,4.0,2250604.86189074,14.62670956555996
1661.0,1261068.72349612,205121.005574092,4.0,366227.6922330597,12.811010528879734
1662.0,1261058.52208811,204741.125445694,1.0,0.0,
1678.0,1285064.24377669,178306.27965863,3.0,176770.27911533852,12.082606310503273
1679.0,1285275.0280969,178435.565482765,3.0,212383.3506560891,12.266148178535943
1680.0,1262394.24938548,192476.674553141,4.0,433894.7037301044,12.980557165512602
1681.0,1262385.64804147,191806.637496457,4.0,829570.0619519931,13.62866284791745
1684.0,1293200.98503302,186592.601011112,3.0,10316.439302132649,9.241493950636285
1685.0,1293473.13837729,186579.559027106,3.0,11421.32893886613,9.343237845867462
1691.0,1253514.15625638,211332.245452449,3.0,42736.86303594844,10.66281712973467
1692.0,1253284.28073615,211341.05774045,4.0,77716.43081406842,11.260821978788737
1693.0,1258751.86262974,188553.248373121,3.0,77014.11416365395,11.251743984864952
1694.0,1258480.16470946,188562.481909126,3.0,48174.40353297574,10.782583111949577
1697.0,1281113.76447664,195951.833596691,4.0,106377.33346206923,11.574747801823746
1698.0,1281394.42924494,195945.313276693,3.0,173915.77997079695,12.066326437863307
1701.0,1265901.02551706,195736.81433247,2.0,90472.41315936465,11.412800256250486
1702.0,1265890.66692506,195070.331771791,4.0,171125.91530784115,12.050154911343961
1708.0,1256022.14800295,193793.207034484,4.0,1625301.628510476,14.301203974066079
1709.0,1255813.44790673,193252.201849937,3.0,224608.172154314,12.322112705995492
1712.0,1279379.38341887,207334.22388035097,3.0,601862.1128370742,13.30778364961196
1713.0,1279361.96447486,206687.231751695,3.0,287485.56832796487,12.568927940839503
1718.0,1282847.61631842,208677.291785732,4.0,31458.918043254147,10.356437784515913
1719.0,1282847.05823842,208469.293129519,3.0,17796.509245877616,9.786757607265983
1723.0,1281071.9994206,178451.79805877796,3.0,104678.34664364529,11.55864756213308
1724.0,1281378.33580491,178310.567402631,2.0,152.7367558472357,5.028715889528215
1731.0,1272099.71422741,211099.33351621,2.0,10604.277217779536,9.26901270982272
1732.0,1272098.57579541,210779.675339878,3.0,591.8399836010435,6.383236300375715
1735.0,1277796.40197724,206326.987079322,3.0,226373.526121495,12.329941684381504
1736.0,1277892.57503335,206328.075015321,3.0,97400.13303826304,11.486582855525619
1737.0,1272663.35685199,215817.215441033,3.0,413158.64161470113,12.931586918320367
1738.0,1273183.20389253,215804.58100903,4.0,394071.26065913297,12.884287036543126
1746.0,1257036.989476,200857.393665716,3.0,93181.99999999996,11.442309848973883
1747.0,1257653.17456461,201915.134338811,4.0,1201998.227491383,13.99949591944341
1748.0,1257635.5873646,201287.27174615895,3.0,888690.2183776376,13.697503993001918
1763.0,1266294.66743746,174598.429798827,4.0,652316.4260738231,13.388285039245183
1766.0,1263333.07985044,188716.777525291,4.0,1147298.9435053233,13.952920992933784
1767.0,1263003.3314981,188723.2561813,4.0,4953236.645638496,15.415551788672216
1768.0,1264368.4173875,191102.535543725,5.0,1146628.4371845566,13.952336400461062
1769.0,1266869.16631806,172961.58730115,3.0,8032.315094640335,8.991228071072438
1770.0,1266976.16478217,172651.574436843,4.0,2959859.694417051,14.900652424642022
1771.0,1264025.13719514,200385.605569243,5.0,3851090.814613254,15.16386699460501
1772.0,1263439.51012255,200401.182977259,3.0,6011216.530734929,15.609137703787235
1775.0,1275240.42840663,205866.347270846,3.0,9231.991647937388,9.130430084061313
1776.0,1275228.69451861,205386.790150359,4.0,79045.05321789153,11.277773262790754
1781.0,1261194.84893624,197800.062526584,4.0,157446.58763479328,11.966841553603258
1782.0,1261172.64260022,197142.339133918,4.0,1507131.8741744338,14.225718981526857
1787.0,1259857.06487088,192258.04274492,3.0,41275.41043231852,10.628022212586703
1788.0,1259932.15786296,191194.543607831,3.0,14915.078761899302,9.610127977652258
1798.0,1274807.69311018,213944.638159126,4.0,1001190.8223705484,13.816700671868245
1803.0,1258465.04336545,206518.447623521,3.0,139580.66521706496,11.846397958407794
1804.0,1258454.80291744,206187.614343181,1.0,0.0,
1805.0,1262594.57181768,169105.869281203,3.0,68119.10101840267,11.129012937660809
1806.0,1262592.71031368,169012.65948911,3.0,48415.68697060002,10.787579151154922
1810.0,1274183.94398955,181076.326637462,1.0,0.0,
1811.0,1274349.18315771,181074.705901459,2.0,46591.99999999999,10.749184131556358
1821.0,1276259.39327167,204530.806277484,2.0,46592.0,10.749184131556358
1822.0,1276430.34667985,204525.698373482,3.0,132020.7621815434,11.790714478453967
1827.0,1257541.8372205,219769.571093082,3.0,140731.56405154074,11.854609553774807
1828.0,1257426.04675639,219290.718676597,3.0,29777.362356708432,10.301503731351909
1829.0,1267266.56247847,189001.200565577,3.0,83760.51284788012,11.335716968351369
1830.0,1264041.11453916,191481.16735212496,3.0,68261.24212016872,11.131097419191835
1831.0,1264036.57489115,191108.25503173505,3.0,28576.83235767541,10.260351611110199
1832.0,1295184.55949906,183340.483183786,1.0,0.0,
1833.0,1295740.51738763,183318.784047768,4.0,396891.54716102616,12.891418341394019
1835.0,1277558.832569,218526.827475816,3.0,51575.10786613082,10.850794429379453
1836.0,1277552.988089,218097.387091368,4.0,546908.8445040794,13.212037421272262
1837.0,1286994.10246667,206927.771655932,2.0,20285.28256892834,9.917650905488232
1838.0,1287085.55565076,206926.756871939,4.0,42267.52037810523,10.651774230333327
1839.0,1284295.91161591,206957.100615963,4.0,1891600.8471120985,14.452934037580103
1840.0,1284605.87884822,206953.672199965,4.0,1674777.7307332586,14.33119101636644
1842.0,1281717.30982126,206873.356743887,4.0,2588069.3359698057,14.766422725577048
1843.0,1281988.59999754,206867.218311876,4.0,2144703.018203833,14.57851164770692
1844.0,1256258.2934752,189290.251765877,3.0,69136.94202259186,11.143844483723873
1849.0,1256952.6956519,219311.209812611,4.0,59408.98952910942,10.99220083277406
1850.0,1256666.46557161,219324.190420628,3.0,29757.66482457442,10.300842018952157
1851.0,1257776.89776474,194594.940667301,4.0,2421507.645171093,14.699900898025101
1852.0,1257509.13584447,194576.364283293,3.0,2168046.241741612,14.58933697053082
1855.0,1257838.78672481,207199.816712216,4.0,1056954.4881168213,13.87090220632539
1856.0,1257820.8248048,206535.59885554,4.0,987823.7146921268,13.803259534385143
1867.0,1285666.71174531,203608.13325253097,3.0,75312.34311408226,11.229399319532424
1868.0,1285665.4938893,203525.598660454,3.0,1624.7413513999072,7.393103913725921
1873.0,1270068.32491334,172594.686436787,3.0,7400191.083128386,15.817016379885391
1874.0,1270548.74264182,172584.819684774,3.0,7466424.150522051,15.82592674778888
1881.0,1268942.17233618,187804.383028358,4.0,123006.51905766106,11.719992633418869
1882.0,1268940.86852817,187637.23243618,1.0,0.0,
1885.0,1266764.87844595,179533.055787891,4.0,26839.99275691741,10.197648321224085
1886.0,1265282.42999643,195091.22015582,4.0,2229639.769214395,14.617350591918676
1887.0,1265284.03626843,194416.996155128,4.0,1774652.8070272822,14.38911536008438
1891.0,1283810.9014394,203029.963459939,3.0,2245.527103670297,7.7166955626710685
1892.0,1283833.89420743,202777.298307687,2.0,14772.081586036138,9.600494298976166
1893.0,1257285.65661225,211519.570828646,4.0,317225.09008991794,12.667366864258828
1894.0,1256959.73008391,211526.715532646,3.0,66122.9491616907,11.099271154111634
1911.0,1266035.0013252,175920.012456179,4.0,677079.6117024936,13.425544139814498
1912.0,1266076.29354924,175262.099047512,4.0,646567.6469999069,13.379433107450827
1913.0,1262050.31799312,204435.272325382,4.0,210896.11251883948,12.259120933479718
1914.0,1262015.06679308,203094.183172017,4.0,95364.6353022584,11.465463089572715
1921.0,1271166.96939446,197901.6903027,4.0,927471.1785616222,13.740216998653818
1922.0,1271158.99038646,197641.766910434,4.0,509492.5044613964,13.141170419979089
1923.0,1285611.08160125,177947.493994266,4.0,401732.0217052284,12.903540532642578
1924.0,1285602.52288124,177634.01687394097,3.0,289039.9967124358,12.574320354447442
1934.0,1270685.22462596,197916.390718713,1.0,0.0,
1937.0,1281051.82098858,206594.312647596,4.0,2904482.0578865986,14.881765639045533
1938.0,1281046.94111657,206435.142023429,3.0,39887.28676487866,10.593812924658794
1939.0,1251829.92175865,210579.179339677,4.0,130262.113413278,11.77730395654484
1940.0,1251672.3984945,210368.999691457,3.0,1429428.0871440454,14.172784983179026
1947.0,1272328.42277165,208278.542857319,3.0,77871.08322547453,11.262809959164848
1948.0,1272609.58622794,208273.575689316,3.0,130459.84267364597,11.778820739413794
1949.0,1277216.24466465,212518.088525668,4.0,140280.07182221388,11.851396216245814
1950.0,1277295.74520874,212091.082189217,3.0,203096.0065457453,12.221434084872682
1953.0,1279680.44517918,216316.825681552,4.0,571683.1117872671,13.256340116475117
1954.0,1279673.24767517,216056.114257291,4.0,99766.47610392404,11.510587495086567
1957.0,1264109.31421924,179064.18237941,3.0,77654.33333335596,11.260022632986976
1960.0,1280163.72601168,180962.575533345,3.0,25035.05528589803,10.128032333105846
1961.0,1280211.32959571,180982.369133368,3.0,46596.0,10.749269979519667
1968.0,1285314.39942494,196767.898941532,4.0,54921.849903367176,10.913666542915632
1969.0,1285517.54598515,196768.257533535,3.0,59593.74095447865,10.995305829996408
1970.0,1255029.66537793,213251.376462415,4.0,167158.5572306306,12.02669808545635
1971.0,1254391.13616128,213273.438094437,1.0,0.0,
1973.0,1271739.78552304,208576.301129624,3.0,239893.21944891027,12.387949184355445
1974.0,1272354.34526767,208569.559049621,4.0,106640.40684412056,11.577217769962722
1975.0,1258857.00880586,197873.125694662,3.0,37881.80815012162,10.542226279796536
1980.0,1267411.13835061,209574.363146648,1.0,0.0,
1981.0,1268552.16196778,209552.779850632,4.0,7958574.254733572,15.889760428050849
1984.0,1257225.65872419,198781.079935595,4.0,271695.5995749317,12.512437599386823
1985.0,1257218.52682017,198517.022399321,4.0,115133.48869897675,11.65384750546672
1988.0,1256243.3552351703,209231.050826296,6.0,1566292.2320736642,14.264221748642889
1997.0,1278956.18937044,201379.394306257,4.0,229991.3473608164,12.345796967027313
1998.0,1278950.16185042,201029.721409902,3.0,62704.62519491564,11.0461904909644
2001.0,1283922.56102352,198576.083967388,4.0,491818.4713318753,13.105864966684125
2002.0,1283931.65811153,197906.480638698,3.0,1162227.994918769,13.965849406199812
2015.0,1281631.53964518,212200.855885342,3.0,55378.1726248892,10.921940799157953
2016.0,1281684.40569323,212199.266701341,2.0,569.3378243630245,6.344473973874747
2018.0,1280097.0282836,169242.230241343,3.0,46793.59999999999,10.75350172041756
2019.0,1280292.1348438,169238.351585343,4.0,477480.7350414405,13.07627909262607
2020.0,1275832.55845523,188959.661877543,4.0,221671.9001611592,12.308953640440766
2021.0,1275817.15563922,188455.368309021,3.0,221990.0754309926,12.310387954589308
2022.0,1274826.67858221,215457.86446467,4.0,138092.09747790117,11.835676114573262
2024.0,1286638.7993623,204821.359493777,1.0,0.0,
2025.0,1286906.47469057,204814.936645776,3.0,93182.0,11.442309848973883
2026.0,1254844.87670575,191811.476408452,3.0,651949.9999999999,13.387723150851619
2027.0,1254701.6233936,191722.373240367,2.0,558839.9999999999,13.233618485764422
2029.0,1252025.15599886,215350.947344556,3.0,18807.002368899648,9.841984545900472
2030.0,1251789.23356661,215355.04219256304,3.0,36168.12765628334,10.49593355850491
2034.0,1284952.09702457,201532.732866406,3.0,56689.87507589017,10.945350903680186
2035.0,1285090.57049672,201530.806082413,1.0,0.0,
2044.0,1276464.47813588,214593.630991787,4.0,246928.5113490914,12.416854145981352
2045.0,1276458.30655187,214271.741199464,4.0,561062.2469422417,13.237587135465843
2046.0,1271552.61464286,176972.514281258,1.0,0.0,
2047.0,1271927.98097923,176964.703273252,3.0,48315.38569199159,10.785505333263837
2050.0,1286775.59040244,206930.195527941,4.0,133063.88073652587,11.798584598183414
2056.0,1272426.58827575,195910.477756649,4.0,593511.9994520644,13.293812710943845
2057.0,1273076.59646842,195895.024316639,4.0,246747.4427291301,12.416120593428975
2058.0,1273016.58347635,193468.711610153,4.0,139770.0,11.847753493478953
2059.0,1273253.0760846,193460.704442143,1.0,0.0,
2060.0,1260174.43267921,197165.176957935,4.0,617593.754536797,13.33358616516877
2061.0,1259842.23875886,197172.769469947,4.0,892068.9993358928,13.701298762086093
2068.0,1260583.34621562,210962.70650807,3.0,120506.62929806768,11.699460045321304
2069.0,1260352.80663139,211105.200268209,2.0,14093.759228878906,9.55348737050555
2072.0,1278727.2675782,217530.109714791,4.0,64366.93590032155,11.07235536255158
2073.0,1278971.78482646,217523.122514784,4.0,791430.5583190483,13.581597420176434
2074.0,1266904.07307009,188454.217397019,4.0,899914.4425258854,13.710054973927466
2075.0,1266246.63966142,188451.769205019,4.0,824579.8088577071,13.622629212971288
2086.0,1266514.28676569,191094.30527173,4.0,406374.36544324993,12.915030096099605
2087.0,1266532.12663771,190436.300983056,4.0,298454.66453144926,12.606373322663636
2088.0,1268740.81809597,179179.112555519,4.0,537403.6311761667,13.194504732074392
2089.0,1268390.43883161,179181.844203532,3.0,337795.14698901866,12.730194916731081
2099.0,1277336.08005677,207023.463048041,4.0,307053.2052907272,12.634776318689307
2100.0,1277651.64440911,207093.128264099,4.0,218999.9834172357,12.29682693307825
2106.0,1272370.1084037,194066.27013877,4.0,127374.93223310188,11.754890238498206
2107.0,1272947.63973229,194052.508346751,1.0,0.0,
2108.0,1281556.38694109,195941.521596685,4.0,470532.1460973452,13.061619558941114
2115.0,1257176.97603613,196905.93407768,4.0,420628.5027149324,12.949505306751941
2116.0,1257170.12170012,196635.180669397,4.0,148506.23441086194,11.908382218908375
2123.0,1257538.3549165,195179.175739899,4.0,780856.7163513141,13.568146950212565
2124.0,1257531.27786049,194869.534267589,2.0,20968.141281007516,9.950759482914895
2129.0,1286566.35821022,176202.30320847,4.0,177630.0462181496,12.087458274387275
2130.0,1286542.98848221,175235.68311148896,3.0,48381.55022632692,10.786873826361015
2131.0,1285585.52883323,177007.859369293,3.0,247442.6078912473,12.418933946792771
2137.0,1259062.25738207,204509.472965464,4.0,516957.1916873672,13.155715348683943
2138.0,1258730.52611773,204523.834181473,4.0,6890674.03772101,15.745679466611488
2152.0,1281875.71634942,221916.375831291,4.0,115490.79784937328,11.65694613347018
2153.0,1282049.3793896,221911.698391274,1.0,0.0,
2160.0,1287359.46585904,206923.716871932,3.0,445232.3826059871,13.006351632948517
2163.0,1271200.93848249,202625.354371533,4.0,45487234.55129203,17.632942285244788
2164.0,1271186.41457848,201919.11693081295,3.0,108995.62414058318,11.599063014906191
2170.0,1265950.26430112,198215.058751017,3.0,319371.922988484,12.674111605415366
2171.0,1265931.90014111,197715.312062502,4.0,270540.9034950912,12.508178580236526
2174.0,1276443.34501587,218479.572691768,1.0,0.0,
2175.0,1276438.21739985,218127.247955412,4.0,239091.70787474888,12.384602472270998
2199.0,1279976.89925948,201359.60493023705,3.0,44277.496796175066,10.69823185397293
2200.0,1280180.17676368,201355.843778238,2.0,881.062366370839,6.781128413862936
2201.0,1282187.04121374,214473.562639669,2.0,60800.63665156868,11.015355539142341
2202.0,1270956.92254624,199366.0751362,4.0,46653.848095486406,10.750510691522715
2203.0,1270944.05483423,198949.075967774,3.0,41502.3080790957,10.633504321036009
2206.0,1282937.81036651,201742.896194622,3.0,9312.370954878612,9.13909900539756
2207.0,1282936.4081265,201486.530562371,3.0,21195.72119237639,9.961554609741293
2208.0,1258256.63824524,211167.893708274,4.0,1426021.3757320445,14.17039886983845
2209.0,1258252.13462923,210482.547659576,4.0,2459540.7381302603,14.715485198662492
2212.0,1265869.78641303,169355.626977459,4.0,513977.98145659314,13.149935705886657
2213.0,1265537.73790069,169368.127265483,4.0,280254.28071087814,12.543452615432837
2218.0,1264171.4614193,197079.763773859,4.0,423891.5477275386,12.957232917834409
2219.0,1263838.30231495,197086.529533863,4.0,284507.03309592145,12.558513253142515
2228.0,1259105.58243811,205833.514950812,4.0,236093.5550326901,12.371983425084288
2229.0,1258775.19824576,205845.222598836,4.0,7423391.622775443,15.820146602727084
2230.0,1257911.77968489,199694.97145652803,3.0,234231.14028986648,12.364063685823693
2231.0,1257900.26301287,199255.554688081,4.0,124440.9780241128,11.731586810383716
2238.0,1257278.73142824,211189.611532301,4.0,1419724.3475873105,14.165973289316055
2239.0,1257264.38365223,210502.949195594,4.0,1778035.0584262672,14.39101941276163
2242.0,1270241.8144495,200198.863809049,3.0,93182.0,11.442309848973883
2243.0,1270427.1558897,200203.279489055,2.0,139763.99999999997,11.847710564890653
2246.0,1280296.5955158,175083.737575322,4.0,1747315.900763182,14.373591397476407
2247.0,1281113.20505264,175053.373415291,4.0,412953.14001245465,12.931089403066244
2248.0,1277066.1633205,173803.713894024,3.0,1481962.0477338105,14.208877475693665
2249.0,1277788.78520924,173791.925478011,3.0,233492.38853153284,12.360904758264423
2253.0,1252772.91203162,215156.954640359,4.0,87746.48583327032,11.38220709304209
2254.0,1252765.58755161,214965.232592165,2.0,175.93335753335742,5.170105272953345
2257.0,1281319.66630085,212685.576397836,3.0,95335.44547075566,11.465156956176102
2258.0,1281429.44754897,212593.27015774,4.0,109223.2984985217,11.60114967574931
2261.0,1283245.76639883,199927.153088763,3.0,566446.6916856554,13.247138253849688
2262.0,1283582.03481518,199921.767616764,4.0,1024762.4590915418,13.839971396469343
2263.0,1285249.50195287,208661.264905706,4.0,150436.91083094693,11.92129907814682
2264.0,1285559.12332919,208657.125129715,4.0,106889.85644213967,11.579554204224145
2265.0,1258425.58442141,211834.67521296404,3.0,329856.33736718487,12.706412497342562
2266.0,1258594.14186159,211437.084172562,3.0,373218.98403027,12.829920614909891
2267.0,1286208.79430586,196460.104253218,3.0,46592.0,10.749184131556358
2268.0,1286412.84704207,196225.423932984,3.0,541520.6790478354,13.202136533148012
2271.0,1285023.55910465,205448.40909442297,3.0,5815.795364580205,8.668332833687234
2272.0,1285452.67110509,205437.222790405,3.0,429902.8973340202,12.971314642015093
2282.0,1272434.49144375,210776.721611872,4.0,125270.44804546838,11.73823026347005
2283.0,1272432.15909176,210456.680267558,4.0,104822.86400345677,11.560027195045823
2285.0,1284381.36127999,210822.68807593,3.0,42377.25303246335,10.654367012177024
2286.0,1284344.16121595,210477.921675578,3.0,54662.34040245904,10.908930276027164
2290.0,1262168.96247324,209097.781706154,3.0,391215.2856739971,12.877013290188223
2291.0,1262152.07696922,208438.048137486,3.0,480904.9554489695,13.083424931743687
2292.0,1279661.84313115,219854.39406918,4.0,577398.7192127838,13.266288328011047
2295.0,1260084.57130311,169192.553825289,3.0,61659.64967527506,11.029385019868293
2296.0,1259787.1329028,169309.389217421,2.0,4.0,1.3862943611198906
2297.0,1267267.43319847,171996.970788166,3.0,52477.57828406141,10.868141277051356
2298.0,1267254.00279845,171357.232867509,3.0,184899.2356379773,12.12756628344551
2301.0,1268694.81783992,176924.293609217,4.0,860224.3295440675,13.66494848252174
2302.0,1268034.68036725,176931.20004122,4.0,1478610.908771836,14.206613629848675
2303.0,1265515.46590067,191764.35743241,4.0,710992.7456914551,13.474417505767722
2304.0,1265229.04785238,191761.166136414,4.0,477949.2047324513,13.077259739576833
2305.0,1288716.06976444,184052.228464514,3.0,2636141.0164617603,14.784826669555203
2306.0,1289158.54003689,184050.231088504,4.0,2572894.26311868,14.760541995634656
2308.0,1273763.30603711,196780.499581546,4.0,77497.43475192208,11.258000114818422
2309.0,1274019.55454938,196773.414333537,1.0,0.0,
2314.0,1279124.9724746,208036.921673074,1.0,0.0,
2315.0,1279536.31385103,208013.054217055,3.0,257669.55445860172,12.45943324631058
2320.0,1279892.85023539,211943.188749075,1.0,0.0,
2321.0,1280065.54412358,212028.186317161,4.0,2773279.370820864,14.835541066303271
2322.0,1282420.66962998,211872.043917,3.0,11536.748771585242,9.353292764802633
2323.0,1282448.63711801,211539.99335666,3.0,48283.89163631741,10.784853277520542
2331.0,1271635.98187494,205983.448390976,3.0,44093.831081366494,10.69407516687388
2332.0,1271633.26865894,205706.79245469,4.0,127349.37312367548,11.754689557927293
2339.0,1273112.38315645,202640.982979551,4.0,3776017.2139043817,15.144180365004187
2340.0,1272979.84043631,202086.167810977,4.0,3446997.4694870263,15.053014111378346
2342.0,1262708.9617058,191131.136567757,1.0,0.0,
2343.0,1270339.0409456,190778.508983403,3.0,52642.09589739639,10.871271380886599
2348.0,1263767.78404288,166516.538782552,1.0,0.0,
2349.0,1262960.13015406,166321.036574349,3.0,895345.2297885618,13.704964654489013
2350.0,1264640.58973977,173949.645030171,3.0,62874.095084231645,11.048889514999967
2351.0,1263966.31940308,173952.79363817,3.0,34431.49677183037,10.446727028284263
2352.0,1262762.82871385,189793.333110392,3.0,164017.1278283579,12.007726139330861
2353.0,1262753.57284184,189265.991989851,4.0,2410225.922160638,14.695231044708297
2354.0,1293083.7710169,182272.900334686,3.0,431913.8648047237,12.97598146031991
2359.0,1274150.00773351,214282.951503471,3.0,88251.47147732049,11.387945648620505
2360.0,1274486.24325386,214274.976783454,4.0,222570.83336806015,12.313000682141118
2361.0,1257239.8243562,218832.522452131,4.0,46144.46292667282,10.739532252812417
2363.0,1265704.24638087,200009.795008853,3.0,554829.292334838,13.226415764037046
2364.0,1265692.14174086,199682.345856518,3.0,2002754.9339190573,14.510034257646446
2365.0,1266752.47428595,198513.356351316,1.0,0.0,
2366.0,1266773.71735796,198372.99641518304,3.0,139768.0,11.84773918415428
2367.0,1263443.76010655,207036.560776055,3.0,9321371.067381991,16.047820286076245
2368.0,1263445.44708255,205717.314758703,4.0,6545285.769112929,15.694255618575099
2369.0,1277772.29804122,217336.707858592,4.0,223102.22601574517,12.315385358029948
2370.0,1278094.29247355,217328.419154584,4.0,429821.0413887844,12.97112421822486
2376.0,1286173.06668982,208220.565321267,3.0,10514.864523471004,9.260545203933114
2377.0,1286175.69331382,207792.38343282,4.0,80918.45029159465,11.301197139981078
2380.0,1285650.07788929,202502.330051407,3.0,477944.8965085476,13.077250725557606
2381.0,1285634.48608127,201849.391682744,4.0,1053935.9990208107,13.86804228424815
2384.0,1256200.91465913,207910.487496942,4.0,478556.3472869638,13.07852924111767
2385.0,1256173.3671391,207308.229192331,3.0,92917.30053710753,11.439465134989113
2387.0,1266213.65316539,189775.097590372,4.0,179091.93448335986,12.095654553441014
2388.0,1266255.90935743,189112.14878968903,3.0,72164.32023322703,11.186701023138745
2390.0,1295874.09716375,183052.207215488,1.0,0.0,
2393.0,1287817.43117151,183395.91582384697,3.0,233288.6051606956,12.360031614813693
2394.0,1287801.6175395,182905.885615334,3.0,1484838.059618523,14.210816273510533
2399.0,1279923.52505143,216050.001105279,4.0,102012.9304559326,11.532854853407684
2400.0,1284997.91251262,204094.502341032,4.0,1384855.170565921,14.14110612214725
2401.0,1285673.75532931,204077.40493302,4.0,660303.6935490516,13.400455149910849
2407.0,1280709.66226824,215323.429072529,4.0,55210.85987092637,10.918914949707187
2408.0,1280974.6144605,215318.307664528,3.0,78091.07416980485,11.265631042098097
2409.0,1256229.40873916,208572.394633621,4.0,1668783.5747153268,14.327605520607895
2410.0,1258655.29462965,215507.767568722,4.0,140377.3949188925,11.852089752759982
2411.0,1258400.12253338,215515.599632725,3.0,55660.29206974975,10.927022282456516
2412.0,1280349.63346787,205296.267014265,4.0,688384.6988445626,13.442103115943736
2413.0,1280343.22892386,204947.482949913,4.0,498263.72667278285,13.118884787465314
2414.0,1270303.23326558,206931.616775945,4.0,208014.9252247056,12.245365111997133
2415.0,1270290.26251356,206290.107527286,4.0,127198.10365373724,11.75350102139446
2416.0,1271785.68830709,196546.085373312,3.0,93181.99999999996,11.442309848973883
2417.0,1271777.38814709,196298.821757048,1.0,0.0,
2420.0,1279010.87071449,204036.587780982,4.0,970679.9457235106,13.785752079884052
2421.0,1279000.72473048,203530.64525245095,3.0,72929.98960584248,11.197255213455884
2425.0,1270283.21752155,206020.89907901,4.0,38056.69737816967,10.546832362995973
2426.0,1270275.98558554,205744.589638725,4.0,98105.70913207546,11.49380084092506
2432.0,1291248.44103102,186111.70699462303,3.0,470.62708661801264,6.1540660322612215
2433.0,1290991.35917476,185491.40145798,3.0,782353.4353559372,13.570061880793531
2436.0,1274821.89189421,214894.9637281,4.0,235506.9497744656,12.369495702722777
2437.0,1252499.88700734,215994.077969223,3.0,188478.7665303923,12.146740635124244
2438.0,1252462.0989753,215318.51144053,4.0,58149.3243129522,10.970769538153629
2448.0,1282516.94835009,212649.310413793,4.0,52369.13488903396,10.866072667928266
2449.0,1282600.47372617,212646.652941793,2.0,2302.101248557679,7.741577571180674
2455.0,1286314.61068997,201833.514754727,4.0,1207125.2946675846,14.003752301376124
2456.0,1287054.81555472,201816.234946698,4.0,1468565.8051856563,14.199796839774912
2464.0,1294519.13722637,186529.407603055,4.0,227744.40380283823,12.335979243153306
2465.0,1294510.56999436,186262.808370769,4.0,380295.5227959658,12.848703921025503
2466.0,1263848.18186696,179048.154475391,3.0,62122.33333336692,11.036860838266263
2467.0,1263561.15556267,177909.227626219,2.0,108689.66666661525,11.596252005725916
2487.0,1281166.6508127,212690.378253832,4.0,298003.5207010331,12.60486057985075
2492.0,1290743.22093451,189838.26219843296,3.0,1344700.2651045253,14.111681694959652
2493.0,1290815.16371858,188747.551093325,2.0,1029469.1185697144,13.844553808467502
2498.0,1269426.51192068,180487.129004866,3.0,429368.04663212434,12.970069747666633
2499.0,1269414.10219267,179832.849772185,3.0,393024.26172248326,12.8816266236087
2502.0,1288321.51418002,181831.060654238,3.0,93182.0,11.442309848973883
2503.0,1288379.82765208,181544.344045952,1.0,0.0,
2504.0,1270754.75070603,181783.102446184,4.0,12273282.043661332,16.322935266140274
2505.0,1271078.13528237,181778.576174185,4.0,13567955.013288883,16.423221321360394
2513.0,1263079.9179941698,212184.875277326,7.0,3679847.985515551,15.118382001008085
2514.0,1263228.07581833,212276.050957412,3.0,2127396.148000489,14.570409324137392
2517.0,1266509.10468569,194382.127419084,5.0,1050498.9307249433,13.864775781394178
2520.0,1270246.60804951,204628.042629585,4.0,119485.87569402948,11.690953448339078
2521.0,1270606.69528188,204617.660741568,4.0,155364.9924056404,11.953532417442686
2522.0,1278190.14104965,218065.474131346,4.0,575887.1236207221,13.26366695453795
2523.0,1278468.68312994,218051.523667321,4.0,179639.96935771088,12.098709956625568
2528.0,1259843.40048686,212448.118861586,4.0,410392.5266068537,12.924869362650606
2529.0,1260113.22474314,211669.492812797,4.0,485764.01879173255,13.09347822691945
2535.0,1279765.72319527,201990.841858879,4.0,307299.2162653537,12.635577197725977
2536.0,1279760.68089126,201363.459586233,4.0,171474.4861615967,12.05218976578392
2551.0,1286417.22630608,197203.771389976,4.0,489559.9806133344,13.101262267896091
2552.0,1286845.36096251,197196.865277976,1.0,0.0,
2553.0,1274294.02219766,205947.172550932,4.0,190930.3231321547,12.15966384011772
2554.0,1274680.78123805,205881.890886873,3.0,17840.833825656242,9.789245144148055
2557.0,1253821.5336007,211319.515788436,3.0,206606.18922007657,12.23856979272175
2558.0,1253654.73667252,211326.222476438,3.0,169813.0007028055,12.042453114727069
2565.0,1271826.70590714,197881.478078678,4.0,604829.0731207505,13.312701173328266
2566.0,1272486.5425158103,197861.167038649,4.0,278045.4878166148,12.535540004527245
2573.0,1264126.00874725,195119.867131844,4.0,4771842.625082469,15.378243082838543
2574.0,1263793.40279491,195125.295867845,4.0,4597621.266923554,15.341049611822609
2575.0,1279826.74604332,211080.754124194,1.0,0.0,
2576.0,1279821.67122732,210961.122188061,3.0,311591.57064039056,12.649448540752715
2579.0,1259282.63453428,187490.626484036,2.0,93179.99999999996,11.442288385370787
2580.0,1259275.03255028,187346.523379892,2.0,46591.99999999999,10.749184131556358
2583.0,1255357.20144227,213239.860046402,4.0,428360.6624449877,12.967720788981511
2584.0,1255339.46793824,212581.449293733,4.0,440121.56336880673,12.994806248119698
2585.0,1258555.84336555,208932.118985996,4.0,547087.7879525726,13.212364558385449
2586.0,1258554.58909354,208503.48896955,5.0,1040419.5225462668,13.855134576842586
2587.0,1277264.5519927,217735.155859008,3.0,1535074.6247699591,14.244089553307056
2588.0,1277146.78783259,217561.984274819,4.0,1074677.999735904,13.887531639544902
2591.0,1269269.86526452,173273.656549469,3.0,65800.0715159557,11.094376204181446
2592.0,1268614.48004785,173277.361253485,4.0,77933.13168673906,11.263606451924428
2597.0,1264934.66756408,170764.558882907,4.0,484879.0173377826,13.09165469001402
2598.0,1264904.80279605,170035.831010163,4.0,423997.6591617553,12.957483213353939
2599.0,1284231.74214384,198572.046847388,3.0,315771.53404869785,12.662774237566415
2600.0,1284228.84025583,198379.94918318104,3.0,51366.59454032235,10.84674332849224
2601.0,1267307.46462251,173610.226085827,4.0,550069.0773990911,13.217799144593302
2602.0,1266646.29041383,173601.790693805,4.0,475900.1780929864,13.072963401332679
2603.0,1283653.40966325,195741.510204479,3.0,49196.08584574908,10.803569343334946
2604.0,1284026.61100763,195735.403260469,1.0,0.0,
2609.0,1276388.7201198,201754.200962633,4.0,139770.0,11.847753493478953
2610.0,1276447.84895186,201798.079170689,2.0,186344.0,12.13534970691119
2613.0,1276590.67538401,207682.308872715,2.0,374.6540440730417,5.926003051021492
2614.0,1276635.99455206,207190.114312202,2.0,4828.906800125624,8.482375385651183
2618.0,1263298.4201384,211874.626253009,2.0,58690.94164679239,10.980040677839966
2619.0,1263291.68298639,211720.677388847,3.0,3395147.579665632,15.037857787740206
2621.0,1259836.67575085,189837.842870444,3.0,77554.61961750021,11.258737736366276
2622.0,1279084.29445857,207145.41984815904,3.0,195279.1150977951,12.182185173603251
2623.0,1279072.40242656,206703.722247705,4.0,116664.56297747568,11.667058113013278
2624.0,1280622.83564414,212232.583181366,3.0,78956.36175649904,11.276650596000431
2625.0,1280887.64748441,212224.253517359,3.0,76613.54205861906,11.246529129380312
2628.0,1269277.05156852,187806.969332352,3.0,131144.23425978774,11.784053021383809
2638.0,1273104.56626044,196801.61439757,4.0,36014.32815684392,10.491672142612298
2639.0,1273223.39346056,196797.933629557,4.0,151462.28429958867,11.92809192442117
2640.0,1285906.66336155,202981.8976679,2.0,40.66666666666666,3.7054087560651467
2641.0,1286500.56633817,202932.475843847,3.0,52237.51863400007,10.863556263473027
2645.0,1252718.71529557,213998.332943171,3.0,585004.4759798051,13.279374777432253
2646.0,1252699.72316755,213525.214478686,1.0,0.0,
2653.0,1273345.72261269,181416.646509811,4.0,202905.02394673388,12.220493286210834
2654.0,1273336.72158869,181089.028013483,4.0,156239.14983217153,11.959143124113403
2655.0,1265888.37956506,178235.29457055,3.0,985208.8431349348,13.800608921167667
2656.0,1265892.92190106,178162.610666484,3.0,1204076.7661354651,14.001223662067094
2657.0,1285687.76780933,186075.363890588,3.0,22729.185586085063,10.031405086292015
2658.0,1285874.02169752,185912.411442414,3.0,126180.47618123775,11.745468511742674
2659.0,1259385.66979839,193231.296761915,3.0,4733952.744374375,15.370271086829305
2660.0,1259048.54154205,193242.165497929,4.0,897541.1612681629,13.707414260430165
2675.0,1258384.66883737,189874.16370247296,3.0,12907.784781282262,9.465585879751341
2676.0,1258106.87805308,189883.135798484,3.0,6605.746924308687,8.795695295242425
2677.0,1261676.19114473,188200.607668757,3.0,606698.8760543589,13.315787861372812
2678.0,1261675.65175274,188162.95518872104,3.0,463886.16803604754,13.047394473602159
2679.0,1251414.30383824,214050.296079233,4.0,3953735.111581143,15.190171287949921
2680.0,1251387.52732621,213392.14023855297,3.0,526298.7149490342,13.173624229668805
2685.0,1281801.21977335,169203.374305308,3.0,268217.1380188381,12.499552147932999
2686.0,1281786.89010933,168565.038304657,4.0,133110.523122069,11.798935063031607
2691.0,1288011.68736371,190166.159158766,3.0,23724.08169510365,10.074245916516322
2692.0,1288005.1831077,189912.302390516,3.0,43934.19968384313,10.690448331850595
2698.0,1280918.67494044,213221.629134387,4.0,2639236.246642009,14.786000132752642
2699.0,1280900.75078042,212698.723341852,4.0,264908.45762724086,12.487139602373139
2700.0,1257568.69936453,219240.683988541,3.0,548.2015387649732,6.306642990805594
2702.0,1273734.54366909,195568.953148305,4.0,555797.538073116,13.228159366761327
2703.0,1273724.99218108,195259.430139989,4.0,384581.446344326,12.859910869538751
2718.0,1271972.00453128,178644.056554973,3.0,342823.0635830116,12.74496974343968
2719.0,1271961.85822727,178361.207082689,3.0,304900.98019195127,12.627742347769313
2720.0,1263953.12586707,171982.877924159,3.0,119501.62192468412,11.691085222853095
2723.0,1280227.52082774,218424.250259712,2.0,67767.8634611794,11.123843371311509
2724.0,1280367.78757988,218421.349395707,4.0,218955.43474361376,12.296623493769461
2725.0,1263355.23370646,172803.052516997,1.0,0.0,
2726.0,1263129.73745023,172814.921253011,2.0,46591.99999999999,10.749184131556358
2735.0,1288038.00288373,191193.347383827,4.0,176633.00973312563,12.081829467766108
2738.0,1279584.96601108,207073.442248091,1.0,0.0,
2739.0,1279739.14681123,207065.80288808,4.0,379007.6277087253,12.845311609742582
2740.0,1258508.1203575,197095.796221867,4.0,1576354.053179023,14.270625177201623
2741.0,1257845.50819682,197136.097021908,4.0,1459646.1435462434,14.193704596874706
2744.0,1280878.6530524,211898.54746902,4.0,134590.11412053485,11.809989247139839
2745.0,1280858.31814039,211237.09108434603,3.0,218221.04015108047,12.293263773722707
2761.0,1263250.19716235,169410.256801516,3.0,4104.72331114669,8.319893616727322
2762.0,1262601.06922568,169431.229153544,3.0,17800.74220061616,9.786995432074724
2763.0,1272253.33829157,192180.112824842,4.0,792077.7270762243,13.582414806228881
2764.0,1257497.42128447,194195.761018902,3.0,10587.698036429569,9.267448043524888
2765.0,1257487.34941246,193912.890490606,3.0,24530.652891256414,10.107678752929987
2768.0,1258479.10992546,190593.096631214,3.0,143646.0882146975,11.875107832673603
2769.0,1258333.02160531,190597.387319222,3.0,81748.12783970253,11.311398187453873
2770.0,1290442.45907819,187649.373492196,3.0,74354.43512450955,11.216598602086457
2771.0,1290410.89319016,186772.429043293,2.0,95625.13664936184,11.46819100014075
2774.0,1272409.83531573,204136.741125077,3.0,1666147.802184955,14.326024814571515
2775.0,1272619.22072394,203757.031940684,1.0,0.0,
2776.0,1287953.19142765,192183.204344839,3.0,71327.37030754412,11.175035408022246
2777.0,1288234.04025994,192421.387577087,3.0,94544.5114410614,11.456826023126814
2778.0,1255261.50909017,209258.977930322,4.0,458426.7555114038,13.035555809850845
2779.0,1254921.57769783,209269.88244234,4.0,184973.33394532432,12.127966952835088
2782.0,1272388.0506117,208949.787914008,3.0,19666.806825412597,9.886687560910246
2783.0,1272668.98706,208947.505162001,3.0,19440.608201443105,9.875119363607496
2788.0,1263118.82506622,203095.544068009,2.0,69005.01809090073,11.141934506890076
2789.0,1263085.20439418,202064.746242955,3.0,43388.71022125501,10.677954553097193
2794.0,1286140.56051379,205954.337222934,4.0,149808.8593149869,11.917115489271017
2795.0,1257604.68650056,211182.358924299,4.0,1311031.65354038,14.08632490703131
2798.0,1278165.79756163,204085.089029029,3.0,900336.828927598,13.71052422665475
2800.0,1255847.66147476,217450.76635471,4.0,164671.02233415967,12.01170495857414
2801.0,1255567.92413048,217462.916882724,4.0,75811.12991351458,11.236000393483726
2804.0,1288113.22848381,182385.294126809,3.0,52210.2420426207,10.863033962337555
2805.0,1288737.86010045,182363.604526788,1.0,0.0,
2806.0,1268064.45067129,178416.827370748,4.0,247999.1922787558,12.421180768201314
2807.0,1266477.30423765,168549.998624638,3.0,186350.0,12.135381904907405
2808.0,1266294.04868546,168552.843488649,1.0,0.0,
2809.0,1261689.34922475,189288.426037878,3.0,461396.6742947874,13.042013416838829
2810.0,1261687.59959275,189151.369205728,4.0,3188227.2802726403,14.974975608782877
2815.0,1263074.63549817,193131.147321805,4.0,174129.03001416443,12.067551855188519
2816.0,1262929.66301802,193133.979001805,4.0,118443.07125223408,11.682187712749254
2817.0,1257332.58563629,201929.569026813,4.0,1278697.3388312173,14.061352413645313
2833.0,1277426.18847287,216371.501137614,4.0,181280.4223337536,12.10780040599077
2834.0,1277748.20165719,216363.970641598,4.0,483980.1435287263,13.089799159090095
2835.0,1270468.05016175,198182.859326988,1.0,0.0,
2836.0,1271175.02744247,198161.61068695804,5.0,1851866.3910404288,14.431704548519102
2837.0,1262687.88068178,203162.139076084,4.0,342226.9829442083,12.743229488717386
2838.0,1262312.8106014,202459.227395356,3.0,121097.01208398244,11.704347256107008
2842.0,1270008.32241727,202187.531779081,4.0,23301767.614551704,16.964039778943935
2843.0,1270040.1399533,201799.360002682,5.0,2380539.778769939,14.68283781773542
2844.0,1253685.95318456,212513.537037656,2.0,2762.422834644653,7.923863412275564
2845.0,1253675.77014455,212254.733453393,3.0,49496.982338874586,10.809666983847453
2846.0,1284071.92454368,197234.944574013,3.0,46762.96934205261,10.752846915324614
2847.0,1284117.72563171,196510.39615726503,3.0,47811.80528659848,10.775027860509836
2848.0,1286909.85030659,199858.036736697,3.0,268661.55076719867,12.501207690829924
2849.0,1286893.89101057,199156.404287979,3.0,219715.7906324074,12.300090129401239
2850.0,1256144.47939508,216928.210962176,4.0,109004.93189416591,11.599148406923145
2851.0,1256127.17763506,216550.194961786,4.0,147759.8391420231,11.903343526228939
2852.0,1280238.07097174,175753.265768021,5.0,1554865.8579498474,14.256899834890413
2853.0,1274354.50469372,191024.591799647,1.0,0.0,
2854.0,1274352.80094972,190947.78520757,3.0,92266.38909774424,11.43243520571932
2855.0,1266569.37623775,189112.906037688,3.0,72250.91426049179,11.18790026001907
2856.0,1268799.29662403,169762.230497882,3.0,139611.0,11.846615262767727
2857.0,1268624.29335986,169512.949153617,1.0,0.0,
2862.0,1253633.64156851,210659.426251754,3.0,338835.4681024171,12.733269923714033
2863.0,1253613.98019248,209992.639499068,4.0,509523.8857219704,13.141232011256493
2864.0,1275095.67544648,212560.414925709,4.0,2252663.7884271266,14.627623979884188
2865.0,1275323.75275871,212556.155725703,4.0,1470779.2649630662,14.201302930514847
2868.0,1255162.37149008,206591.189959586,4.0,502608.9849422211,13.127567780856273
2869.0,1254831.84521773,206601.821511596,4.0,476344.719150049,13.073897071002412
2872.0,1271794.8165631,196841.954877615,4.0,232933.99999999997,12.358510430619061
2873.0,1271864.21009918,196839.816445604,1.0,0.0,
2877.0,1289514.39168525,190793.716983423,4.0,106837.70403288575,11.57906617722217
2878.0,1289631.67296536,190893.098999515,4.0,115592.43994189634,11.657825834655341
2881.0,1254215.2608331,216740.35240198704,3.0,111098.8120087782,11.618175282580255
2882.0,1253906.08528078,216360.27969759697,5.0,143242.03626178586,11.87229103974566
2883.0,1274356.22315772,208416.658121467,4.0,452339.7474515574,13.022188830118127
2884.0,1274659.45586203,208412.109897465,3.0,322716.4519078902,12.684529358791613
2889.0,1280702.15602823,214844.420176044,4.0,76771.93368092093,11.248594405480777
2892.0,1274536.31666191,216751.845842004,4.0,94130.36845147407,11.452435998816767
2893.0,1274528.4252699,216441.672529683,4.0,270502.0384836665,12.508034913224257
2894.0,1266845.00887804,195707.613628447,4.0,93321.91654907844,11.443810263312802
2895.0,1266834.38129403,195040.909563765,2.0,128.0,4.852030263919617
2899.0,1272716.93970005,200982.259585842,4.0,3277658.472391512,15.00263984505796
2900.0,1272989.24856432,200917.261377782,4.0,196926.03003486668,12.190583455152574
2905.0,1256506.85929945,217422.13749069,4.0,259612.53928032823,12.466945564958065
2906.0,1256484.17328343,216913.211666167,4.0,109327.05879142068,11.602099207948495
2907.0,1273252.3930126,202021.177794918,4.0,477656.46503604046,13.076647060697189
2908.0,1273524.69893287,201956.246786848,5.0,292474.1500281291,12.586131565776453
2909.0,1256750.02608369,191279.865591913,4.0,458473.8591612696,13.035658555228377
2910.0,1256762.4716517,190663.153591275,4.0,204412.52009528963,12.227895388348179
2913.0,1280434.92293996,209934.693451017,4.0,316886.50391165685,12.666298956926296
2914.0,1280529.10188405,209349.69594641,3.0,56752.45154846331,10.94645413350246
2919.0,1256829.53187577,206850.55296786095,3.0,720323.3247596233,13.487455452360143
2920.0,1256464.4725474,206883.036487892,3.0,668105.2873321401,13.412201055865399
2923.0,1258433.22678941,215830.64424105,4.0,1560335.7309456766,14.260411568215572
2937.0,1271443.61515474,190080.969014689,3.0,59533.25062117257,10.994290269413455
2938.0,1271571.33701088,189740.88703033296,3.0,70025.4773689617,11.156614417226983
2940.0,1262989.04477808,187938.604916498,4.0,2312482.682857762,14.653832259846737
2941.0,1262730.05188182,187944.991988495,3.0,316396.0520995951,12.66475003723646
2942.0,1256997.88355595,219789.717717111,3.0,67306.00933766743,11.117004803439523
2947.0,1284590.3411842,206187.529031172,3.0,72406.04034117234,11.190045005020398
2948.0,1285040.82809666,206174.752775162,3.0,19384.77876186908,9.872243437188166
2953.0,1258238.30826122,209823.018442899,4.0,9709992.652364464,16.088666083559133
2954.0,1258224.50115721,209163.48436223,4.0,4046336.9311039774,15.213322568354853
2955.0,1291576.50829536,189176.703157753,3.0,567363.7565293787,13.24875592291448
2956.0,1291855.57632764,189406.329653993,4.0,362108.0496565016,12.799697925985793
2957.0,1278617.51749809,214410.7786396,3.0,292212.4819420426,12.585236494504944
2958.0,1278612.23929009,214110.636559293,3.0,48532.05296236591,10.789979744458687
2959.0,1284920.99276854,199900.323072746,4.0,149604.8252880541,11.915752598601637
2960.0,1285072.54099269,199897.89561674,1.0,0.0,
2963.0,1258036.79978101,216295.062929526,3.0,135364.504051221,11.815726448896546
2964.0,1257776.70288475,216300.548497528,3.0,192437.4161903349,12.167526269150477
2987.0,1256180.13417912,213870.07828705,2.0,1755.4371510599894,7.4704731938055415
2988.0,1256015.36848295,213876.07630305,4.0,236149.9559478348,12.372222288781094
2991.0,1265019.97220416,195097.149947822,3.0,667335.4005183545,13.411048047864247
2992.0,1264946.58257209,195099.410427824,3.0,279934.0619157024,12.542309361260314
2995.0,1254355.86064124,201152.655874029,4.0,953614.6930192437,13.768014983122553
2996.0,1254462.26294535,199804.472256646,1.0,0.0,
2999.0,1261853.93226492,197783.624574572,3.0,2210603.141591536,14.608775951006782
3000.0,1261520.75639258,197791.845054582,3.0,2128723.7569920947,14.571033182987376
3001.0,1254955.19964986,210609.574667707,4.0,813616.5514981147,13.60924446704215
3002.0,1260441.00919147,194519.393211231,4.0,997382.2156073692,13.812889341182602
3003.0,1260419.09847145,193859.400442556,4.0,750808.6641792348,13.528906123557627
3004.0,1260437.23658347,189172.631285757,4.0,2221746.9792423057,14.613804371969914
3005.0,1260470.6315275,188829.017781407,3.0,302748.56764048326,12.620657930241416
3006.0,1280653.93631618,213230.211470395,4.0,3042946.8884617034,14.928336975050058
3007.0,1280636.76870015,212707.00878185,3.0,127465.99508587577,11.755604902799641
3011.0,1284891.82380851,191859.586552501,4.0,246909.72637048148,12.416778068524467
3012.0,1284880.01580851,191516.639736161,1.0,0.0,
3013.0,1274470.75576584,213632.910478801,4.0,309109.3969438857,12.641450528641238
3014.0,1274447.08882181,213307.481998473,4.0,332114.09334856254,12.713233843527231
3019.0,1286299.54675396,201179.815618053,4.0,401063.6813890353,12.901875500136743
3020.0,1286292.31609794,200853.218177721,4.0,499985.807827263,13.122334992656011
3033.0,1286781.47129844,207357.154312372,4.0,130631.0392836848,11.780132134383162
3034.0,1255450.62614636,189421.844406009,2.0,46591.99999999999,10.749184131556358
3035.0,1255721.96157064,189218.422517806,2.0,93179.99999999996,11.442288385370787
3036.0,1252011.68585484,210980.944652081,3.0,12233.20168870518,9.411908984175385
3037.0,1252028.60739087,210844.991819948,3.0,59054.27806730748,10.986212267219848
3047.0,1259857.46704687,197833.420094624,4.0,435257.5919201309,12.98369330014375
3048.0,1252837.91055968,213993.592143178,3.0,499402.778245498,13.12116821997913
3049.0,1252782.26601563,212678.15873383,4.0,873450.6541383753,13.680206914846456
3059.0,1255179.33238609,216572.12699382,3.0,134057.48964606595,11.806024014136637
3060.0,1255177.11491409,216443.727313682,3.0,47666.40343874475,10.771982098294592
3062.0,1284417.78604802,197230.85107000204,3.0,1217923.621280885,14.012658016977754
3063.0,1284400.565952,196316.01631707,3.0,1491063.02616954,14.214999863926275
3064.0,1281824.16953337,191498.732280135,4.0,171197.43122627493,12.050572738057788
3065.0,1282207.82130976,191186.918903813,3.0,54520.80628456686,10.906337674486275
3071.0,1284337.12383994,209962.746891052,3.0,48157.512910221885,10.782232436419585
3072.0,1284647.40243226,209958.398795038,4.0,55677.38600859342,10.927329347221526
3073.0,1263095.15908219,207090.939272106,3.0,50354.91627225567,10.826851535331496
3074.0,1262760.44586585,207100.551176116,4.0,901876.075397766,13.712232400911796
3075.0,1284301.58745591,207384.95380041,4.0,50962.8023603776,10.838851280107262
3076.0,1286144.6037778,206214.22874321,4.0,63862.069439814775,11.064480871628692
3077.0,1280685.5307482,182134.224750549,4.0,122845.26615856064,11.71868084369904
3078.0,1281103.68639663,182128.756910548,3.0,91185.55649190371,11.420651791720983
3079.0,1281558.3820131,220271.767573595,4.0,277828.0399670216,12.534757640015117
3080.0,1281678.34438123,220270.8718936,1.0,0.0,
3081.0,1279520.56620301,216991.170130238,1.0,0.0,
3086.0,1255949.55657887,210575.860491678,4.0,1186614.4093927257,13.986614776161844
3087.0,1264703.45770784,193766.680506453,4.0,790441.6958579391,13.580347176881116
3088.0,1264421.77354755,193774.995450467,4.0,563222.1380685144,13.241429390703505
3089.0,1284611.44940822,207381.486920401,4.0,277148.623135485,12.532309186895812
3090.0,1255965.4089309,200138.595264986,3.0,161128.01967524347,11.98995448126211
3091.0,1255865.4484828,200141.448576987,3.0,51164.57869257466,10.842802749197395
3102.0,1271597.09483489,204589.100805536,5.0,6091246.304636713,15.622363266472188
3112.0,1260262.4269193,190294.53983090803,3.0,143413.96287407176,11.873490572519572
3113.0,1260056.57296708,190230.014646843,2.0,4007.664675505521,8.295963975468663
3114.0,1254784.96048169,215666.318800882,3.0,114494.21090829204,11.648279540945335
3115.0,1254775.61961767,215416.39342463,3.0,416817.18573867256,12.940403001149644
3116.0,1263264.55146636,191121.560823753,3.0,61117.31933769104,11.020550563874822
3117.0,1263256.09905036,190453.615287066,4.0,136152.26677938577,11.82152914709578
3119.0,1271266.83825856,205717.108038694,4.0,91704.96330794,11.426331782275353
3123.0,1257219.34768417,218367.799251646,4.0,52239.42024820613,10.863592666036627
3124.0,1256889.77910784,218382.29038766,4.0,57622.84201772549,10.961674330881468
3135.0,1265091.73418824,198535.752319351,4.0,3475851.7705593826,15.06135012077558
3136.0,1265081.34801222,197721.662078515,5.0,230065.896429958,12.346121053087472
3137.0,1262522.25930561,198433.291903242,4.0,3541974.0665469253,15.080194775600463
3138.0,1262503.72752959,197769.52947056305,3.0,2291818.004569426,14.644855949025931
3139.0,1254630.24752152,200568.968769431,2.0,69688.69613793015,11.151793404800376
3140.0,1254812.4322257,200077.340096921,3.0,140947.22799640824,11.856140829774965
3141.0,1259081.58672608,211737.496588856,3.0,266250.4366922283,12.49219263616303
3142.0,1258940.14704594,211715.494028836,3.0,203446.95715407585,12.223160597083416
3146.0,1280589.8206041,209932.486731008,3.0,231460.07450314856,12.35216267328549
3147.0,1280612.60242812,209652.56442672,3.0,92260.92309237894,11.432375962398622
3154.0,1283877.34028748,193146.00460182095,3.0,68287.5146190958,11.13148222678553
3155.0,1283872.44460747,192894.577913567,3.0,155702.4032007676,11.955701792518438
3156.0,1289766.62938151,190068.964150667,3.0,218046.32393238047,12.292462814300002
3157.0,1289866.9667896,190153.988598764,2.0,153509.52025416508,11.941517865285926
3159.0,1252068.1614389,214024.23905520103,3.0,1341782.7693640038,14.109509712594582
3160.0,1251737.1388465597,214058.56807923297,6.0,3797312.34689667,15.149804097325688
3164.0,1295296.78925917,186707.476467237,3.0,18492.445308908336,9.825117565983449
3170.0,1254559.34345745,213927.028623104,3.0,130182.28939854028,11.776690973379331
3171.0,1254394.58102529,213932.707407117,2.0,46592.0,10.749184131556358
3174.0,1252754.5767356,212356.92615748904,3.0,784174.5834658071,13.57238695753447
3175.0,1258927.07523793,215812.724369034,4.0,1666237.0752387985,14.326078393649052
3178.0,1264219.54365934,207364.453192383,1.0,0.0,
3179.0,1264200.25757933,206585.493767589,3.0,93182.0,11.442309848973883
3184.0,1256505.21161945,196671.960765436,4.0,237307.740157394,12.377113059495764
3185.0,1256501.53021143,196539.53190130004,3.0,48907.94263552842,10.7976950883577
3186.0,1258910.69437391,215136.155792341,4.0,188042.03129406975,12.144420787537015
3193.0,1275208.5663266,204586.364933535,4.0,131547.19495588812,11.787120963214784
3200.0,1284000.0529916,201214.83129808295,3.0,373656.7472007139,12.83109286673779
3201.0,1284270.09804788,201211.734850079,4.0,348804.9301388291,12.762268105489401
3202.0,1285065.18112069,177956.930602267,3.0,57546.92845924903,10.960356041035858
3203.0,1272236.73854755,190997.52562362,3.0,672650.0796612455,13.41898053234265
3206.0,1289458.09030919,184049.485360503,4.0,2222027.5949514355,14.61393066807464
3213.0,1259319.14333433,216300.359185532,3.0,284296.4179062914,12.557772697863237
3214.0,1259297.6952063,215753.731664971,3.0,2058092.785171921,14.53729027947738
3216.0,1260809.95139985,195832.85286057,2.0,66810.61509362955,11.109617255487374
3217.0,1260477.40906352,195838.976252586,4.0,845824.9986091922,13.648067759754467
3226.0,1284343.12185594,210393.125899479,3.0,32783.69166627025,10.397686465428055
3227.0,1284653.48409627,210388.597387478,4.0,8285.09959332519,9.022213950708773
3234.0,1271629.54558693,205436.778886408,4.0,434589.3429423162,12.982156824972092
3235.0,1271625.79429093,205167.839430138,3.0,818501.7944613049,13.615230868168815
3236.0,1279718.06220321,205331.706246302,3.0,311164.39283234946,12.648076645820844
3237.0,1279795.78713129,204978.307717934,3.0,232932.0,12.358501844459092
3238.0,1262838.33053793,197106.795197874,3.0,214033.79341214945,12.273889194677906
3239.0,1262822.81514591,196451.783421203,4.0,550423.398399186,13.218443076324105
3240.0,1256322.14736326,203302.272964224,4.0,328514.8054146115,12.702337185646478
3241.0,1256304.83805124,202870.983171776,1.0,0.0,
3242.0,1264870.27498801,195435.670268163,1.0,0.0,
3243.0,1264466.4240436,195447.691900179,3.0,116677.69896473468,11.667170702881599
3253.0,1269658.20075291,189786.747510388,4.0,394380.35337829136,12.885071086520297
3254.0,1269976.74475324,189778.71704638,4.0,326629.59040688653,12.696582056782745
3255.0,1293073.73101689,181885.045486286,4.0,1743533.4728729224,14.371424343578834
3256.0,1293067.22317688,181655.697518066,3.0,111957.06010213777,11.625870684818551
3257.0,1266511.34353369,169393.161313504,1.0,0.0,
3258.0,1266505.50986968,169207.395937309,4.0,5006210.644384217,15.42618982847137
3268.0,1284617.61964823,196330.470333084,3.0,210839.1257117883,12.25885068427011
3271.0,1257450.34621242,187541.599476084,1.0,0.0,
3272.0,1257097.12451605,187632.88011618,3.0,279501.9999999999,12.540764727186751
3275.0,1258055.75056504,190605.529655218,3.0,22911.68554625624,10.039402345253492
3284.0,1256931.40105988,187123.002867654,3.0,186351.9999999999,12.135392637342433
3287.0,1276515.80152793,205758.883910745,2.0,9818.190273575368,9.191992094505107
3288.0,1276735.89951216,205619.835270599,3.0,187663.8269356068,12.142407486557385
3291.0,1278201.96319366,206753.491463766,4.0,18237.94933000377,9.811259830224797
3294.0,1281044.88927658,192601.291129261,3.0,93182.0,11.442309848973883
3295.0,1281098.86194862,192419.553593084,1.0,0.0,
3312.0,1292528.42567234,189576.32146216897,3.0,352992.88422707905,12.774203177715316
3313.0,1292521.68256833,189377.341813967,3.0,251562.03152994928,12.43544488435209
3314.0,1275595.69579899,212550.522509694,4.0,1043651.2471749886,13.858235937186024
3315.0,1275578.07800698,212124.934477255,3.0,1320151.8916673898,14.093257357387564
3318.0,1270217.48081748,190591.386999205,1.0,0.0,
3321.0,1277001.22412044,205320.93562229,4.0,111753.67406848964,11.624052389505737
3322.0,1277262.4362167,205306.993414283,3.0,64920.948629422914,11.080925633804931
3325.0,1279921.95218742,219844.548629165,4.0,509670.1081282603,13.14151894859752
3326.0,1258403.01757339,191918.061176568,4.0,968361.9500635888,13.783361211724737
3327.0,1257736.0628847,191934.363640577,4.0,900008.5760118243,13.710159571163075
3328.0,1280184.24268369,215334.67444855,4.0,95827.56701774414,11.470305678491505
3329.0,1280449.18706797,215329.189200535,4.0,69792.21335834733,11.15327772605691
3332.0,1288893.69408461,190504.521015123,4.0,696401.5907410666,13.453681771108293
3333.0,1288877.80602059,189889.304758489,4.0,883735.8391827414,13.691913472508944
3334.0,1277433.81906487,216681.316113919,4.0,182124.49578380305,12.112445774976463
3335.0,1255845.52233876,200747.31910561,3.0,130952.69291391084,11.782591414168177
3336.0,1255764.81417869,200729.806977585,4.0,1981914.7032054272,14.499573957227252
3337.0,1284050.90521565,205516.202310488,2.0,46592.0,10.749184131556358
3338.0,1284061.50169566,205201.366278172,3.0,386735.92886511807,12.86549738474853
3341.0,1284283.90540789,202187.480579078,3.0,427462.4674467706,12.965621768058556
3342.0,1284364.18022397,202255.803587154,3.0,637947.5853541637,13.366011404334753
3343.0,1284020.43155162,201865.052418754,3.0,46780.04297154624,10.753211958725739
3346.0,1279457.51845895,190404.646903023,3.0,588193.4646336111,13.284811194250798
3347.0,1279604.4643151,190048.10955865696,3.0,215573.23550246007,12.281055970712043
3356.0,1282980.89030255,203874.908676818,4.0,737965.3975305308,13.51165221566839
3357.0,1282973.82835054,203598.107396528,3.0,82885.16914879365,11.325211424621722
3358.0,1286683.29037035,201170.72083404695,3.0,110290.5400702274,11.610873436107747
3359.0,1286939.24819461,201164.655554041,5.0,899786.7112662679,13.709913026738553
3360.0,1258921.59888592,215501.99297671,4.0,241755.3464237542,12.395681528577736
3363.0,1281680.09830122,214874.476240069,3.0,9599.139098574942,9.169428696202907
3364.0,1254581.94057748,209280.799114347,3.0,75467.57745242465,11.231458405286103
3365.0,1254561.33136146,208621.151753664,4.0,290574.2687541216,12.579614480960938
3366.0,1263852.84458697,197740.263102531,4.0,247714.9323316344,12.420033897599222
3370.0,1280023.79417153,206305.991687298,1.0,0.0,
3371.0,1280019.60850753,205984.869958967,3.0,108963.913423334,11.598772036884974
3374.0,1282026.97817358,203908.378372848,3.0,6920.766614012045,8.842281824847484
3375.0,1282335.5224939,203897.52275683,4.0,1102492.4664731238,13.913084053148838
3378.0,1267788.49815901,195678.986364424,3.0,326084.0,12.69491029586962
3379.0,1267474.01092668,195688.50866842305,3.0,465772.0,13.051451522989705
3393.0,1281472.67090902,206014.619911,3.0,1631.7241168642722,7.397392475195112
3396.0,1290695.92314246,180590.108076975,3.0,137702.82441768312,11.832853195891163
3397.0,1290672.08160643,180558.98481293,1.0,0.0,
3405.0,1285651.86067329,184966.513393447,1.0,0.0,
3406.0,1285848.86489749,184894.555889368,3.0,520857.5421455872,13.163231851763907
3411.0,1262185.94730526,209760.058954835,4.0,525343.6767311747,13.17180794974711
3412.0,1260865.7062159,209782.210122854,3.0,174139.31309696042,12.06761090782998
3420.0,1275397.04491879,219267.068500578,2.0,91906.51169185678,11.428527162110596
3421.0,1275480.36037488,219307.059220612,3.0,679421.9482639427,13.428997639550285
3423.0,1256838.05283579,217227.974162489,4.0,34302.97613818827,10.442987397267126
3424.0,1256823.28681977,216898.464594141,4.0,198646.0817114526,12.199280036464536
3426.0,1258827.75946182,212189.651533321,4.0,676514.6039958891,13.424709313937043
3427.0,1258715.12912571,211680.527244806,4.0,644599.9298279226,13.37638513950204
3434.0,1256247.53104319,197389.848446175,3.0,1192124.306772268,13.991247405375136
3435.0,1256227.19152316,196679.855101436,3.0,1026397.883692983,13.841566030407883
3437.0,1252040.22940688,215712.52475293,3.0,398591.23321052943,12.895691692566452
3443.0,1273763.84018111,196521.163837284,3.0,142050.15272860622,11.863935462456737
3444.0,1274317.24888569,196504.124477267,1.0,0.0,
3453.0,1255483.09033839,215235.118224442,4.0,99245.29826694063,11.505349824802035
3463.0,1254585.24662548,191250.588407889,2.0,46591.99999999999,10.749184131556358
3464.0,1254688.92195359,190774.244919389,1.0,0.0,
3472.0,1277856.16044131,213826.034062997,2.0,46591.99999999999,10.749184131556358
3473.0,1277853.7916733,213639.284430817,1.0,0.0,
3479.0,1259487.08823051,207826.239304855,3.0,15813542.174612632,16.576377230556055
3480.0,1259172.72471018,207830.64090485903,3.0,1749145.647901721,14.374638025491675
3481.0,1281811.47500536,194619.852347329,4.0,716575.3817395838,13.48223872900608
3482.0,1282086.40198164,194613.926523328,3.0,438861.2480853595,12.991938578511805
3491.0,1282327.84735788,186455.850610971,3.0,93182.0,11.442309848973883
3492.0,1282317.06911787,186215.899378732,3.0,186350.0,12.135381904907405
3493.0,1263359.95185046,189784.248182386,3.0,16524.31771735241,9.712588375961461
3494.0,1263346.57393046,189253.011381835,4.0,404339.5192706087,12.910010198243954
3499.0,1284316.48671992,179777.958508134,1.0,0.0,
3504.0,1286382.77459404,192618.607673287,3.0,226079.4416113948,12.328641728043554
3505.0,1286647.69958632,192611.00466527,4.0,200536.2762049588,12.208750438066174
3508.0,1280296.2959318,201970.587650865,4.0,429802.8887936249,12.971081984418833
3509.0,1280596.09228411,201965.691970855,4.0,271018.20029530505,12.509941257367995
3510.0,1283910.7132795,203582.908932507,4.0,67638.65722574903,11.121934951037659
3511.0,1284310.72953592,203576.599876508,1.0,0.0,
3512.0,1281211.61234875,193580.482042268,3.0,5323.427339508918,8.579872611654077
3513.0,1281197.77510072,192977.818873659,3.0,46855.69999999999,10.754827945153936
3523.0,1281075.5358686,207944.288008973,4.0,1372429.5466878477,14.132093118944713
3524.0,1281062.02770859,207181.7930962,4.0,2425252.21535415,14.701446083277045
3525.0,1274335.16318971,207588.59053660897,3.0,78917.57529204969,11.276159236046347
3526.0,1274328.12184569,207311.580936328,3.0,34278.66942851637,10.442278557154328
3528.0,1257030.72073998,202613.424643517,4.0,277904.7395560249,12.535033670482697
3529.0,1257011.80509196,201944.012546837,4.0,253296.59359533488,12.442316387795648
3535.0,1283414.289087,178609.74295493998,3.0,256919.73450203097,12.45651899798349
3536.0,1283398.81203099,177847.174634159,4.0,182271.2296820577,12.11325112968252
3537.0,1276701.02655213,217872.293075144,4.0,500893.0783480996,13.124147940819608
3538.0,1276780.32101621,217570.784786835,3.0,364762.425194624,12.807001530766106
3541.0,1277111.94994454,214883.23995208705,3.0,24951.32060124411,10.12468202968851
3542.0,1277120.24754456,214740.578191936,3.0,40382.35509802075,10.60614821354451
3544.0,1288522.44717222,181975.54231838897,3.0,145717.31576942842,11.889423830485015
3547.0,1269800.73227306,204640.897605598,4.0,153893.67521464205,11.944017222261502
3554.0,1260572.03421561,199812.521408647,4.0,238326.0197590158,12.381394846211393
3555.0,1260235.15696727,199821.340992659,4.0,106915.36976843978,11.579792863744993
3557.0,1279351.36249083,216064.75995329,3.0,88104.67398707445,11.386280863718753
3559.0,1282391.86751795,207740.262152776,2.0,37218.77189887111,10.524568533920304
3560.0,1283066.21689464,207725.092872754,3.0,73776.26370279984,11.208792328811166
3561.0,1274337.59198971,215468.80116868,1.0,0.0,
3562.0,1279496.21785098,198675.877375484,2.0,1033.3148152343626,6.94052718090361
3563.0,1280266.44498777,198645.413887456,2.0,47585.31481523438,10.770279480334814
3564.0,1258490.43242148,196298.40870104695,3.0,67691.62755547719,11.122717781466472
3568.0,1258389.15830937,215149.81262435,4.0,122881.11393275252,11.718972613548358
3569.0,1258375.63178135,214795.942223996,3.0,33973.59189576724,10.4333387928556
3574.0,1292027.54055183,188493.83838905403,3.0,4159.78405795375,8.333218442762249
3575.0,1292123.44026391,188200.317940757,3.0,40496.000812644605,10.608958502852186
3578.0,1269055.33419229,178520.579754844,4.0,105271.46291928868,11.564297653978759
3579.0,1268726.80331196,178523.465258852,3.0,18957.682548178265,9.849964539866894
3580.0,1259168.09539817,190553.002231166,4.0,1344469.8343342673,14.111510318094448
3581.0,1258865.97629386,190580.928695202,4.0,116179.35292472872,11.662890421938387
3589.0,1283002.60223858,204691.816453651,4.0,1286434.1198450325,14.067384700566471
3590.0,1283667.63110326,204674.728261635,4.0,1231702.0973823236,14.023907589763494
3591.0,1292328.47988012,185299.871025786,2.0,1074788.703488918,13.887634645330426
3594.0,1255791.39120272,195335.020860061,4.0,256018.53103123227,12.45300510768265
3595.0,1255443.18525036,195349.144188076,3.0,3028.419210336725,8.015796049603804
3600.0,1280197.82405971,216043.301649272,3.0,35983.33567040732,10.490811212223633
3602.0,1262560.53648965,193141.192889825,3.0,11086.886305887225,9.313518274996873
3604.0,1256026.03510696,196817.72588558504,3.0,142487.9846051978,11.867012956575817
3605.0,1255753.54486668,196910.589885682,2.0,95873.1942679172,11.470781704259254
3608.0,1286164.95513782,177625.924393937,2.0,1393.047619047619,7.23924915772361
3611.0,1292133.76634392,182675.283695102,3.0,65498.88497087809,11.089788398133072
3622.0,1278850.20204233,212653.237517804,3.0,93182.0,11.442309848973883
3623.0,1278965.12146644,212649.75034979,3.0,186350.0,12.135381904907405
3624.0,1282039.1930856,213488.374990657,3.0,43224.93519803063,10.67417281137236
3625.0,1282176.88076574,213551.945742726,3.0,8469.895692116866,9.044273472589971
3626.0,1256442.34992339,194458.174203172,5.0,2230282.7359081325,14.617638922802207
3627.0,1256294.11689922,194460.077115163,3.0,324990.4032976156,12.691550932560876
3630.0,1276581.739704,213258.804878414,4.0,490418.72241132543,13.103014840712508
3631.0,1273261.45304461,200852.289345711,4.0,114255.36586483756,11.646191273647785
3634.0,1279247.47026673,202688.402819589,3.0,2088478.775033617,14.551946500087556
3635.0,1279241.07333873,202338.594819233,4.0,306143.3980303803,12.631808892180297
3636.0,1281499.42278104,192973.922233641,5.0,233962.44213231455,12.362915877749682
3637.0,1281486.95730902,192434.161529094,3.0,226507.5864820666,12.330533717746361
3644.0,1283594.94943918,201219.477250099,4.0,199703.23518732568,12.204587719509668
3645.0,1283591.74604718,200894.94348976,3.0,40985.29408858434,10.620968600578877
3646.0,1268533.40836777,208718.422601774,4.0,15817541.785376804,16.576630121717834
3647.0,1267389.97790259,207955.081608996,1.0,0.0,
3655.0,1277132.64575256,176795.822057083,3.0,328434.10862354183,12.70209151421069
3656.0,1277778.41714522,176785.026153073,1.0,0.0,
3657.0,1263108.61380221,194467.896315172,4.0,352675.1128413984,12.77330255190125
3658.0,1263091.79818618,193799.9038665,4.0,392614.5516580375,12.880583624982334
3659.0,1266183.60695736,193722.966330409,4.0,172713.9639896609,12.059392117783576
3662.0,1285880.88844952,209510.378378585,4.0,52736.41194315895,10.873061424660794
3663.0,1286257.36473791,209506.797002584,3.0,695325.3306577612,13.452135116687366
3664.0,1271191.05861048,198681.394431487,4.0,275708.95737743314,12.527101086064937
3665.0,1271692.51461099,198665.97286348,3.0,62424.54145157226,11.041713769531444
3669.0,1276650.54962407,212878.526478037,4.0,124299.54265723804,11.730449598145597
3670.0,1276800.81970423,212875.08583802,2.0,64872.18321452063,11.080174200866931
3677.0,1263156.18129025,196445.444861203,4.0,783168.4689191654,13.571103110091746
3687.0,1263519.69239463,197747.489470541,3.0,2137682.8289187984,14.575233010132328
3688.0,1260206.11895123,198490.48998329,4.0,237817.6338921259,12.379259414787782
3689.0,1260189.33418322,197825.142526612,4.0,87967.45749404743,11.38472222386301
3690.0,1258574.41878957,209816.024074897,4.0,12677319.24160656,16.355325068344698
3692.0,1263647.13175476,187922.269300476,4.0,1265754.614768479,14.051179035702246
3695.0,1292626.67386444,187287.355891824,4.0,353565.4941312596,12.775824020513532
3700.0,1271009.2577783,213110.462990269,4.0,29381.673819745614,10.288126419505524
3701.0,1271239.26385853,213105.740878269,4.0,73441.91220025544,11.204250062540577
3704.0,1278334.4005698,210706.433995813,2.0,26576.435211916552,10.187780207844687
3705.0,1278406.70821787,209899.89761097697,3.0,209095.08524302047,12.250544380802953
3706.0,1258686.04618168,203200.881476119,4.0,3606836.9056504034,15.098341742797528
3707.0,1258662.89469366,202535.753219441,4.0,2650170.2093840186,14.790134425855983
3712.0,1265879.94026904,194401.10341911,4.0,172294.7514268856,12.05696196022318
3713.0,1265869.21950103,193732.255674422,4.0,110982.37314134491,11.617126667155908
3719.0,1279908.9443794,219424.253844738,4.0,565048.2779409759,13.244666454161276
3730.0,1284284.5793279,182898.862319335,3.0,24478.839289914584,10.105564320874482
3735.0,1282807.71219037,180690.735853076,2.0,82751.85570154025,11.32360171838412
3736.0,1283002.64684658,180527.199788898,3.0,263414.15582054213,12.481482809522031
3740.0,1285261.68992089,209519.747402593,4.0,300445.2601988482,12.613020853963974
3741.0,1285571.48326521,209515.406858593,4.0,156768.12146149616,11.96252305922301
3744.0,1258442.67690143,187909.336564466,4.0,47983.48301587071,10.778612126836691
3745.0,1258028.503525,187924.266036481,3.0,317369.03469115257,12.667820523056102
3750.0,1251762.90191859,214706.660623908,4.0,385511.1307278737,12.86232534505215
3751.0,1251441.25423826,214719.58580792,4.0,425531.9060674617,12.961095209066741
3758.0,1252749.7601596,212171.154189304,3.0,721076.5248771211,13.488500547773803
3759.0,1270399.93547367,180473.775660843,4.0,972954.9363496916,13.788093045963741
3760.0,1270722.989298,180469.400044844,4.0,805146.6079743151,13.598779661525779
3767.0,1284609.09996822,201860.399874747,4.0,683815.8028889318,13.435443866316511
3768.0,1284694.30944031,201859.951362744,3.0,759199.9230529023,13.540020424924982
3771.0,1281722.71794927,207167.584776178,3.0,818615.3310265052,13.615369571214083
3772.0,1281895.08473344,207163.45978418,4.0,1237678.4822633695,14.028747991116722
3790.0,1280723.86662024,210555.522571653,3.0,98990.88868290086,11.502783091375331
3791.0,1280852.70854038,210202.421899289,4.0,106897.33648769028,11.57962418077841
3795.0,1292154.41952795,181741.212462142,3.0,5986.1102838000525,8.697197111864725
3796.0,1292790.85069661,181700.352622107,3.0,57201.82552806926,10.954341091685007
3797.0,1269260.9115365,172948.786149144,3.0,183844.4927540252,12.121845531176188
3798.0,1269251.5981925,172610.854372799,4.0,7378233.831166063,15.814044849665287
3799.0,1267956.95812717,173281.127973482,4.0,49849.80403530187,10.816769844295033
3800.0,1267300.06308649,173285.975397483,4.0,55152.46222709882,10.91785666968865
3803.0,1263460.79812257,195130.72434786,4.0,5442396.788117437,15.50973010785359
3804.0,1263125.49239422,195136.195835859,4.0,2968681.608881256,14.903628509491313
3811.0,1257835.6453488,214123.669647306,3.0,73262.8811088096,11.20180936273409
3812.0,1257711.52682067,214123.556815311,1.0,0.0,
3816.0,1254205.89507309,207831.867592856,3.0,68726.43785603029,11.137889234692073
3824.0,1273896.36126925,190958.284855589,4.0,467523.4269114127,13.055204737495817
3828.0,1254720.26051362,203361.620612279,4.0,266842.3340580048,12.494413253817143
3833.0,1256628.00073957,201117.412865981,4.0,2500529.839519124,14.732013203190858
3834.0,1255877.6029788,201066.160961941,4.0,2422118.730749175,14.700153223672826
3842.0,1284307.29747191,207815.343368843,4.0,1199972.8268963671,13.997809470248816
3843.0,1284617.04550423,207811.210184842,4.0,542802.6540063249,13.204501096404599
3844.0,1250448.93174124,214089.960079268,4.0,5278503.6693830965,15.479153219568053
3845.0,1250127.26242891,214102.586703286,4.0,3082418.583749793,14.941225101262996
3846.0,1283571.76415916,204945.21062991,4.0,3479858.708645588,15.062502249962504
3847.0,1284338.95385595,204925.498437881,4.0,3109667.4713873733,14.95002635605533
3848.0,1285619.74035326,201196.227330074,4.0,507811.9248445386,13.13786643132582
3849.0,1280609.59686013,204409.346245363,4.0,522056.827236943,13.165531725378061
3850.0,1280587.2868441,204187.328325137,3.0,56973.98090580336,10.950349967263321
3856.0,1265626.93982078,172002.107236177,4.0,1587506.6187915,14.277675179057773
3860.0,1255764.52643469,205306.822470278,4.0,994871.2599649386,13.810368620799602
3861.0,1255448.17507437,205319.110150293,4.0,684408.3195141663,13.436309976849973
3862.0,1265332.25073248,174603.148646832,4.0,238704.90557103007,12.38298336331403
3863.0,1268606.83537583,172952.461605147,4.0,141695.88371942917,11.861438375993808
3864.0,1274282.77022965,198853.514495671,4.0,1210915.1934548384,14.006886989905329
3865.0,1274386.08760576,198854.055167675,3.0,1394580.882576821,14.148104485498424
3866.0,1278188.59775364,200760.781697616,3.0,602127.1439049302,13.308223904490735
3867.0,1278472.98168994,200753.336129621,3.0,437619.4107747325,12.98910488645243
3868.0,1257865.48419684,197942.569470733,4.0,50175.82294494557,10.823288575023719
3869.0,1257204.39267616,197989.036542788,4.0,45208.72021301447,10.719045272279367
3870.0,1255790.25865871,205956.386118948,3.0,48763.71665057212,10.794741804040891
3873.0,1252756.12527961,211971.975757107,3.0,33111.22288158798,10.407627563764054
3874.0,1252481.82006332,211982.76609312,3.0,135581.08223770614,11.817325133234453
3877.0,1280325.12165983,203961.174532905,4.0,261462.60751679767,12.474046559975163
3878.0,1280312.86578782,203293.627332211,4.0,423718.382825798,12.956824322092647
3879.0,1285641.69107328,205966.741382957,3.0,17114.94945451159,9.747707597674012
3880.0,1285732.80608137,205962.927110955,4.0,21494.343335572543,9.975545078827656
3881.0,1265324.43025248,209880.261450961,4.0,6609415.346617885,15.704005758085072
3882.0,1265256.73284441,209880.104970962,3.0,284942.8964648248,12.560044075894067
3883.0,1275518.78059891,217391.475474656,4.0,97955.77317942966,11.492271361701432
3884.0,1275512.50239091,217088.75003434703,3.0,14155.241021159522,9.557840224681824
3889.0,1251357.65404618,212736.895501882,4.0,1088832.505902103,13.900616584669947
3890.0,1258819.26442182,200681.474113539,2.0,130022.084214831,11.77545959358561
3891.0,1258815.48886982,200531.508865386,3.0,133835.1626820465,11.80436419246456
3896.0,1271762.11121906,211201.896268308,3.0,202980.61888381225,12.220865779987284
3897.0,1271763.90584306,211102.134028211,3.0,111273.10509722664,11.619742864731885
3898.0,1294717.39604257,183877.464368328,1.0,0.0,
3899.0,1295087.53242695,183864.764912322,4.0,121445.67014764372,11.707222282478565
3902.0,1278273.80818574,174118.923558339,1.0,0.0,
3904.0,1255355.87632227,192682.429369345,3.0,190343.213886631,12.156584110461356
3905.0,1255356.89341027,192190.68594484,1.0,0.0,
3917.0,1275658.12677506,213276.874126434,3.0,26489.757633263976,10.184513432857102
3918.0,1275759.12357517,213274.83803044297,3.0,4177.4528826995775,8.337456981578791
3923.0,1269326.83985658,212893.696078047,3.0,230130.49615437345,12.346401801593462
3924.0,1269736.60971299,212885.54023803803,3.0,398973.507222595,12.896650295729202
3927.0,1263296.47364239,199054.336255878,3.0,248170.04887510263,12.421869471123337
3928.0,1263220.00298633,198856.72447967497,3.0,64036.194377722975,11.067203739637861
3929.0,1255581.5412185,209248.636426315,4.0,554896.1011488677,13.226536170066327
3933.0,1256709.59933165,214352.376847535,4.0,209393.07823056343,12.251968521621823
3934.0,1256694.40809964,213851.973007023,4.0,235979.42687977463,12.371499905969609
3940.0,1287685.96883537,183396.009967834,3.0,139768.0,11.84773918415428
3942.0,1262045.13757712,191142.577463776,4.0,130645.65930944512,11.780244046588532
3943.0,1262044.83242512,191039.878903672,1.0,0.0,
3946.0,1271479.27390678,202728.438531637,4.0,45561992.010378495,17.634584418378893
3947.0,1271463.73784277,201965.40064285704,3.0,104887.07793388364,11.560639602181514
3953.0,1284333.32627194,204657.615109608,4.0,1064832.913782037,13.87832845634981
3954.0,1284640.61958426,204650.4537016,4.0,853181.7678161414,13.656727896171615
3955.0,1263140.83652224,195790.820476532,4.0,2249205.31865346,14.626087520084148
3956.0,1262807.51332189,195796.709244534,4.0,1518673.635581764,14.233347903708431
3964.0,1284217.42918383,197624.233150408,3.0,306068.5676386543,12.631564433083465
3965.0,1284876.10534449,197611.169214398,4.0,1105183.9715923038,13.915522369204828
3969.0,1277344.29791279,213243.913870409,4.0,214631.0943998353,12.276675993369537
3970.0,1277331.24216877,212865.065870017,4.0,47583.41099711668,10.770239471012388
3983.0,1257893.91786087,198998.004031822,4.0,245536.64346328223,12.411201475621366
3984.0,1257741.92765272,199008.735935822,3.0,99889.9139242062,11.51182399782001
3985.0,1259859.80503088,211739.501516864,4.0,51223.2389081329,10.843948592977465
3988.0,1281270.7759328,220091.02158941297,3.0,3027949.765046059,14.92339630325855
3989.0,1281549.25574109,220082.519637406,3.0,595355.2286675234,13.296913529351082
3991.0,1263075.30218618,211724.593420848,6.0,4163385.2707074727,15.241839068305593
3992.0,1262903.53808999,211740.515276864,2.0,46592.0,10.749184131556358
3997.0,1273743.9146771,195879.190396622,4.0,153485.2765740901,11.941359923324852
4001.0,1282318.57145388,201243.842370123,3.0,460860.5994945412,13.040850889036976
4002.0,1282476.45823804,201239.498562112,3.0,411726.32381416735,12.92811414502455
4003.0,1256044.07542697,197446.921534225,3.0,228249.2721048526,12.338193609426293
4004.0,1255872.02294679,207921.589512959,4.0,1034121.6025456986,13.849062931145081
4005.0,1255540.78838646,207929.585224956,4.0,920409.8102339848,13.732574295750153
4006.0,1280634.14406015,199787.313152626,3.0,1062969.2627218938,13.876576741310437
4007.0,1280630.66303615,199303.025408134,4.0,388921.0388026709,12.871131616913216
4020.0,1266326.11524551,178741.569131076,2.0,1388.2712818421048,7.235814569982319
4021.0,1266018.44426918,178260.334570587,3.0,56886.75297276166,10.948817780579905
4024.0,1263313.38468242,187930.559284478,4.0,919997.2545779252,13.732125964866341
4025.0,1263293.5737384,187140.793843672,3.0,68547.83009030852,11.135287030081113
4026.0,1255978.54505891,192480.830713138,3.0,178215.86358807285,12.090750811314113
4027.0,1256084.09110701,192214.63180087495,3.0,222827.14302801655,12.314151606491171
4031.0,1280391.6726999,197606.897534385,4.0,88816.29604266725,11.394325426137629
4032.0,1280890.79871641,197593.263102382,4.0,528560.9154166185,13.177913338608992
4038.0,1279992.35922749,201978.90918687,3.0,122745.35162899924,11.717867176336876
4039.0,1280030.82597953,201976.883906871,3.0,9152.630193704495,9.121796569826788
4050.0,1259196.2771582,215792.74408102,3.0,1693976.411670028,14.342589229463202
4051.0,1259187.60093419,215495.027472705,4.0,365241.1896785967,12.808313207976633
4053.0,1284256.26047987,200236.425409079,4.0,1887865.845949264,14.450957566992033
4054.0,1284251.48819186,199911.047168747,4.0,235391.082848852,12.369003592244818
4060.0,1278188.55116165,206311.30439131,4.0,64832.19735622391,11.079557631721194
4061.0,1278179.57215364,206014.107143,1.0,0.0,
4066.0,1278754.08805823,173778.102373987,3.0,54341.80202598681,10.903049044483984
4067.0,1278998.96421848,173774.534437984,3.0,207860.58544305275,12.244622871664246
4070.0,1270965.83000225,171871.83882004,2.0,139764.0,11.847710564890653
4071.0,1271164.30699445,171899.426020071,3.0,93182.0,11.442309848973883
4079.0,1281997.56191754,214902.850512102,3.0,173371.29684713666,12.063190798180004
4082.0,1274854.72319023,218728.904212028,4.0,305341.4088371396,12.629185802794982
4083.0,1275107.6793505,218724.134228021,4.0,598363.2784716622,13.301953337569019
4084.0,1260089.33802311,210937.186828047,3.0,297072.60323373094,12.601731843242927
4085.0,1259834.26205486,210971.847180083,4.0,57377.97984354352,10.957415882285115
4088.0,1255420.43459433,214564.867599756,4.0,181841.89389178588,12.110892873627192
4089.0,1255180.21725009,214572.52110377,4.0,153407.9957097657,11.940856289827884
4097.0,1277255.24984869,205634.558662608,3.0,110732.07802297975,11.614868851092238
4098.0,1277284.00146472,205496.39162246895,3.0,26642.470925344784,10.190261872805966
4099.0,1284852.55321647,197224.355005994,4.0,1242678.7802502282,14.032779914127438
4105.0,1256320.99907525,212546.935565695,4.0,541761.8043094439,13.202581708380318
4106.0,1256307.06864324,211885.362125009,4.0,742958.1686566955,13.518395021518316
4113.0,1283789.71974339,192672.038009346,3.0,2368392.736259575,14.67772211269517
4114.0,1283870.65331146,192677.093753338,3.0,511050.1503948956,13.144223006043248
4115.0,1262744.02167383,188728.322485298,4.0,5094648.792441039,15.443701290455605
4116.0,1262055.73693714,189095.54974967203,3.0,5064343.122983021,15.437734997813852
4117.0,1265002.51946814,194426.323515132,4.0,1409662.2176786016,14.158860671724739
4118.0,1264720.66237986,194435.662779152,4.0,543331.7335651909,13.205475339751956
4121.0,1293688.10970552,181409.465709805,4.0,5631419.710530699,15.543872137159818
4122.0,1275652.08869505,218713.803540006,4.0,504292.08884264575,13.130910920538726
4123.0,1275918.32965532,218708.320276007,4.0,143339.80361532714,11.872973339485071
4143.0,1295329.54605921,186488.921779007,1.0,0.0,
4144.0,1258818.05642182,168287.632032365,3.0,48623.0735435503,10.79185346149427
4145.0,1258197.24694918,168342.846176431,3.0,72945.47057171393,11.197467462533428
4146.0,1285305.55334494,193846.163962543,1.0,0.0,
4147.0,1285462.6616331,193841.602298543,3.0,156407.36368283897,11.9602191883561
4155.0,1282474.33951804,213044.79483020297,3.0,99701.46537055766,11.509935653640891
4160.0,1259133.46685414,195200.818043932,4.0,1818599.0098221707,14.413576987801225
4161.0,1258808.31171781,195213.787835941,4.0,2002151.638552392,14.50973297952157
4169.0,1281778.37202932,208689.302921742,3.0,139361.900877298,11.844829432042802
4170.0,1282049.31410961,208682.745801732,4.0,251130.54722103768,12.433728191354751
4171.0,1257847.82966882,214301.187023491,3.0,63915.84166021455,11.065322522945593
4172.0,1255102.09603401,189936.606134534,1.0,0.0,
4173.0,1272436.12337975,196220.329788968,4.0,356155.9791838068,12.78312405765195
4174.0,1273086.23787643,196204.884924963,4.0,195278.1806433544,12.182180388367124
4179.0,1278731.59372221,217010.19272226104,3.0,10762.94230046103,9.283864244333923
4180.0,1278949.21298642,217005.654674262,3.0,375903.0747530201,12.837086609228898
4181.0,1285669.99417731,203830.564548761,4.0,436381.36632436543,12.98627183341433
4182.0,1286323.43347397,203816.86054875,5.0,456225.90789698553,13.030743377875279
4183.0,1277551.329017,212086.072653219,3.0,120883.8102853485,11.702585117672113
4184.0,1277962.80652142,212078.94503721604,3.0,134494.30121816462,11.809277107001222
4185.0,1279207.38930669,198815.170111626,3.0,230509.3777131167,12.348046824813025
4186.0,1279600.9807311,198872.156863689,1.0,0.0,
4189.0,1271991.9428353,205157.058630124,4.0,463353.5554641017,13.046245660372906
4190.0,1272357.78526768,205146.286982119,4.0,742406.3529197931,13.517652017690942
4191.0,1259787.9898628,188527.931765094,3.0,59652.14218680255,10.996285339484784
4192.0,1259508.09706251,188533.0440211,4.0,108414.5343346644,11.59371743957777
4197.0,1258356.20598935,214287.143759474,3.0,90820.66573043562,11.416642134843482
4198.0,1258173.28310916,214292.090575472,4.0,228318.0660239833,12.338494962212208
4209.0,1268004.15454322,172733.842660919,1.0,0.0,
4212.0,1260934.36253598,168966.70384106,4.0,295709.2307811548,12.597131922063364
4213.0,1261012.81092006,168194.888160273,3.0,666784.3990601348,13.410222032854616
4216.0,1273474.41029282,178652.796394989,2.0,46592.0,10.749184131556358
4217.0,1273470.14034082,178476.91185081,2.0,93180.0,11.442288385370787
4218.0,1280407.25996391,221541.359510899,4.0,67249.53345197975,11.116165359922991
4219.0,1280691.29382022,221532.114454895,2.0,10243.267198996484,9.234375910105916
4220.0,1256231.25417916,218876.975444168,4.0,12716.034073960423,9.450619001640222
4221.0,1256210.80246714,218412.376595691,4.0,16441.987651195093,9.707593564659314
4229.0,1259453.73399046,215488.05736070903,3.0,623962.6763563904,13.343845832031239
4232.0,1286924.49433859,200511.053825364,3.0,221869.7215878986,12.309845648902458
4233.0,1287200.41305888,200504.320577353,3.0,48003.0858616829,10.779020576608653
4236.0,1281584.19033313,197565.80281435,4.0,196281.63508054815,12.187305820516341
4237.0,1281910.66348547,197557.948158339,2.0,46592.0,10.749184131556358
4246.0,1277120.99621655,217049.190674305,4.0,574747.3783987747,13.261685881325377
4247.0,1277111.83448854,216689.148753926,4.0,454439.7768794651,13.026820679704636
4251.0,1262975.58154607,172661.358564854,3.0,295717.13439241215,12.597158649350895
4252.0,1262660.53431375,172674.845412865,3.0,1493977.8433112763,14.216952814117322
4253.0,1280277.46495579,168598.599904686,3.0,218817.91340410916,12.295995217312658
4254.0,1264958.74986809,171347.1984355,3.0,1016253.593915458,13.831633476286079
4258.0,1270261.23659353,188068.336884618,4.0,122112.79739344624,11.712700465363667
4259.0,1270566.83998585,188232.135156795,3.0,137807.99764508154,11.833616673940552
4260.0,1262468.02845755,208429.114441469,3.0,388320.4911657732,12.869586285807623
4262.0,1283083.40223867,208674.31341773304,3.0,420563.0768004925,12.949349751427413
4263.0,1273742.60267709,209084.672842145,4.0,259267.75997433063,12.465616628950146
4264.0,1274058.63717341,209079.233546138,4.0,421417.5072135825,12.95137932484658
4271.0,1256868.91331582,217916.657491192,4.0,555346.4050084064,13.227347351194295
4272.0,1256529.57315546,217931.660051212,4.0,367582.5833729031,12.814703289050982
4277.0,1273042.44856438,203770.14477270804,3.0,144883.98645051173,11.883688607712376
4278.0,1273989.46309336,203994.431684926,3.0,48760.34898923976,10.79467274085507
4295.0,1270621.7476979,205204.840390176,4.0,130524.05978143956,11.779312854892837
4296.0,1270613.51544189,204909.006021872,4.0,215986.52897480436,12.282971318864083
4297.0,1286750.63046642,196075.404540822,3.0,4306.228328203693,8.367817702111555
4298.0,1286757.28141043,195829.05337257695,3.0,42662.8906433779,10.66108474977141
4303.0,1281883.12678143,182118.162478536,4.0,326088.0,12.69492256257227
4304.0,1282200.28063776,182113.846190527,4.0,139770.0,11.847753493478953
4305.0,1264650.07428378,189220.30046980095,3.0,227242.17593807404,12.333771582131616
4306.0,1264641.51133978,188694.99314126404,3.0,324487.15149580286,12.690001219568282
4311.0,1270962.36613025,205195.530694157,4.0,249764.34491802417,12.428273131970558
4313.0,1274850.36952624,216434.111889675,4.0,165645.04099617418,12.017602470643494
4320.0,1281492.42546903,171702.377187863,4.0,102785.86433713316,11.540403116100203
4321.0,1281487.23353302,171444.138531595,1.0,0.0,
4322.0,1280439.42393196,179387.624299735,4.0,1287040.2532831472,14.067855762921436
4325.0,1257402.82602036,191942.508984596,3.0,558550.0669060558,13.233099538784245
4326.0,1257069.59664403,191950.520760596,4.0,526871.7707533474,13.174712478662958
4327.0,1287893.26566759,182750.365295187,3.0,1172382.20567663,13.974548310014022
4332.0,1258560.99133354,199218.539328039,3.0,100443.04169033477,11.517346096468245
4333.0,1282123.16959767,212186.078733325,4.0,47192.44850286559,10.761989169427919
4334.0,1282394.90758196,212177.911053315,4.0,35443.435191255514,10.475693329797464
4335.0,1280964.25951649,209178.977738246,4.0,207905.0948177724,12.244836979643827
4336.0,1281244.56703678,209225.74209028497,3.0,14252.728138957584,9.5647036157208
4339.0,1256305.02243523,195758.779516503,3.0,93182.0,11.442309848973883
4340.0,1256187.90915512,195752.031164497,1.0,0.0,
4343.0,1274300.27838966,206204.336071193,4.0,390132.4454815964,12.874241564252477
4344.0,1274958.28696634,206190.41843918,4.0,687208.8914509838,13.440393588234055
4345.0,1266009.44689317,210626.699915722,1.0,0.0,
4346.0,1265101.54942025,210657.10605976,4.0,6826860.927497507,15.736375525238994
4347.0,1274478.46667784,213952.567631125,4.0,272101.528881817,12.51393054357884
4350.0,1279436.17823492,220656.189717993,3.0,32841.18968588895,10.399438789642499
4351.0,1279395.46572289,220285.165845618,3.0,8490.407612441175,9.046692289041149
4364.0,1262661.90538575,172711.253796905,3.0,1570059.9849195208,14.266624383549733
4365.0,1262331.83645742,172732.96995692,3.0,49166.54662830183,10.802968724632654
4366.0,1263638.85553075,172479.227364659,4.0,108423.23070977768,11.593797650468305
4367.0,1263311.16913041,172497.608868673,3.0,11578.591585382304,9.356913118979
4368.0,1256681.39990762,203051.150787964,3.0,100451.13467813928,11.517426666128902
4369.0,1256498.55453144,202963.667715877,1.0,0.0,
4370.0,1277567.83884101,212511.115789652,4.0,154779.08093591646,11.949754094933171
4376.0,1275459.14751086,214251.010959432,4.0,781145.835424593,13.568517140486906
4380.0,1280110.96037962,218427.438611716,4.0,153893.6543280246,11.944017086540404
4387.0,1280727.66649225,216290.801489532,4.0,118687.38725752382,11.684248317643911
4388.0,1280719.69042824,215890.254673108,4.0,55802.65395395265,10.929576709137164
4391.0,1288043.84345974,202042.040578932,3.0,264256.27636490547,12.484674655067847
4392.0,1288049.43001975,201571.81811446,2.0,46592.0,10.749184131556358
4402.0,1278086.74821754,217025.744850278,4.0,268822.7498256268,12.501807518817769
4406.0,1283334.37254292,170262.262306392,2.0,46592.0,10.749184131556358
4408.0,1281931.96166149,171691.512035862,3.0,429698.86666386685,12.970839932254062
4409.0,1282281.93337384,171684.096739843,4.0,3371559.5476859864,15.030885969075838
4413.0,1279626.97349912,214390.276751578,4.0,282724.0454121068,12.552226596350794
4414.0,1279629.04633112,214109.121423289,1.0,0.0,
4417.0,1277121.86924055,176463.610152736,3.0,580676.0434763973,13.271948295948096
4418.0,1259439.10211845,190525.908087134,4.0,2182964.35018951,14.596194304748028
4419.0,1262779.24240987,207760.061640784,4.0,1134997.2242299982,13.942140763282314
4420.0,1262449.31165753,207769.38087280103,3.0,385529.08699058567,12.862371921773578
4428.0,1271710.15237102,194081.852090776,3.0,94884.11346371604,11.46041156767327
4429.0,1271877.31377919,194077.90527477895,3.0,52519.055445994345,10.868931343601433
4430.0,1285255.58592089,209089.792266145,4.0,355640.5148924964,12.781675710025324
4439.0,1283601.14534318,201868.668546751,4.0,129371.53432499195,11.770443654816821
4440.0,1283598.04588719,201543.905410424,4.0,105995.5823937688,11.571152696695272
4443.0,1274425.58098179,211713.859148845,4.0,522280.3300960309,13.16595975355063
4451.0,1279591.16741909,169252.28528136,4.0,154531.11437322138,11.948150742573132
4452.0,1279581.15596308,168822.349152923,1.0,0.0,
4457.0,1265681.68081284,175263.000679508,3.0,427079.00652972783,12.964724302097082
4460.0,1288233.02611594,188446.608117014,3.0,97676.23191184252,11.489413532199432
4472.0,1259176.93955818,215129.18369633,4.0,174675.54347187543,12.070685494747572
4476.0,1287891.83193958,185709.012594208,3.0,357291.32493509987,12.786306764218008
4477.0,1287858.95238756,184684.960177153,3.0,1257888.3541851065,14.04494496364364
4480.0,1258274.90954126,201070.790209934,4.0,2882471.109783742,14.87415850845023
4484.0,1282966.36735854,203321.264388248,3.0,14478.443950242912,9.580416198165453
4495.0,1266855.61649404,196374.606397137,4.0,105965.49717300425,11.570868821740227
4496.0,1266541.53738973,196384.261885136,4.0,1254510.2012115645,14.042255776450702
4498.0,1269846.4385771,206941.042311952,4.0,888769.2251772705,13.69759289157001
4505.0,1285922.82732956,186205.233714715,4.0,121393.36973283188,11.70679154106527
4506.0,1286556.05574621,185667.82168217,3.0,30596.11838184239,10.328628429627708
4512.0,1255422.62851433,204640.388101593,4.0,871969.6869428772,13.678509939606695
4513.0,1285020.19923264,205306.65805427695,3.0,60613.37364580198,11.012270834934018
4514.0,1285017.54668865,205176.474630147,4.0,585365.4535989255,13.27999163817251
4519.0,1271487.06392279,202897.845955804,1.0,0.0,
4520.0,1252796.71772765,208849.562761903,1.0,0.0,
4521.0,1252906.10140777,208605.401801661,3.0,198786.91920566585,12.199988772275521
4522.0,1258971.87139797,201855.976962745,4.0,642448.8448723266,13.373042473706004
4523.0,1258806.09219781,201863.356866747,2.0,17534.765593332748,9.771940794554089
4525.0,1266613.0011338,172015.164644182,4.0,1229252.227162696,14.021916597078683
4526.0,1266290.46961346,172010.104612187,4.0,1440177.3057426563,14.180276792960388
4529.0,1276967.01682439,217865.317651138,4.0,561046.7007087409,13.237559426510249
4530.0,1277208.46911265,217862.934163138,5.0,2408816.956222194,14.694646295406766
4533.0,1283582.57580717,206539.74253554604,3.0,176286.78087265446,12.079867384704956
4534.0,1283670.13401526,206538.813767537,3.0,57483.70260669618,10.959256753683716
4535.0,1278177.43730564,205770.284102753,1.0,0.0,
4536.0,1278161.59448962,205419.04039038703,3.0,68320.28696789495,11.13196202880338
4542.0,1280591.4882521,201292.115586162,3.0,140822.36556192223,11.855254556411808
4550.0,1256419.81123535,190673.309367299,4.0,455107.8249247336,13.028289647714828
4551.0,1256429.52541137,189937.329910532,4.0,381332.4393490104,12.851426817886539
4554.0,1270378.02283365,193643.363514334,1.0,0.0,
4555.0,1270479.68369776,193633.374010324,3.0,58154.25169306476,10.97085427123381
4567.0,1274938.90539832,205394.094598368,4.0,718050.8430518459,13.484295657573231
4568.0,1274918.52523831,204593.03942954505,3.0,737421.0866388356,13.510914360303397
4571.0,1282336.6317419,204169.062277108,4.0,466158.6482824925,13.052281302127005
4573.0,1276484.4935599,217367.671378627,4.0,173222.90633032846,12.06233452000504
4574.0,1276806.42008823,217359.872850627,4.0,416056.5271478886,12.938576412579241
4575.0,1270648.39825793,213115.000078276,3.0,32261.225261947617,10.381621331799472
4576.0,1270757.16216204,212143.291405275,3.0,275430.05562141945,12.526088993749775
4595.0,1285142.07724877,199895.146944731,1.0,0.0,
4596.0,1285393.63846503,199892.751616731,4.0,552778.4094373636,13.222712493938717
4601.0,1277442.68716088,217041.366546288,4.0,162793.6958735373,12.000239008665297
4602.0,1277598.61893705,217037.752402291,4.0,857248.7933233652,13.66148346271072
4610.0,1282377.11231793,206858.31149587,4.0,1646905.9397417472,14.314408897475353
4611.0,1253502.97353637,214632.894671828,3.0,196884.24370483143,12.190371239611341
4612.0,1253077.10300793,214649.767695844,4.0,1675917.290195394,14.331871209281017
4613.0,1286663.46694633,188882.798517466,3.0,1904562.6352626916,14.459762952395014
4614.0,1286654.16608232,188558.963253126,3.0,1993514.8173309213,14.505409878598057
4615.0,1255073.88118598,194319.408379033,3.0,312266.57829121326,12.651612519584727
4616.0,1254822.55785772,193483.836922169,4.0,156698.92214552034,11.962081549861747
4618.0,1279878.84537138,214385.354511574,4.0,232027.64638819167,12.35461180901515
4619.0,1279865.50681137,213661.064590827,3.0,94530.92625891414,11.456682321942399
4620.0,1263234.22442633,209741.530762821,3.0,9509512.96472501,16.067803220247473
4621.0,1262974.94346607,209746.10721083,3.0,4327857.925987042,15.280583272256855
4622.0,1277176.89074461,178150.626090467,3.0,70891.9923499927,11.168912763264297
4623.0,1277168.8048566,177895.265066206,3.0,156909.13630575678,11.963422167145362
4624.0,1293033.63072886,179992.632236362,4.0,11477594.489739591,16.255907387677993
4625.0,1293030.26196085,179773.600236133,1.0,0.0,
4627.0,1278319.74284178,178428.89297075602,3.0,216263.60675605744,12.28425334422995
4628.0,1278802.23692228,178426.80599474898,3.0,381207.3075233518,12.851098620366882
4634.0,1275784.70559119,203673.062596604,4.0,1576835.9968622825,14.27093086362037
4635.0,1276084.6659115,203665.4730286,4.0,1471345.7618774057,14.201688024225122
4642.0,1255777.5963227,194850.230843574,4.0,62191.4236883976,11.03797238639737
4643.0,1255156.57949007,194875.180283591,3.0,47381.353865128425,10.76598405191678
4648.0,1271004.33093029,212860.246350005,2.0,4111.565270555213,8.32155907940478
4649.0,1271234.14577852,212855.737806007,4.0,171469.23493755082,12.05215914137692
4660.0,1269375.38404863,177864.263146177,4.0,265757.4267629252,12.490339242240513
4661.0,1269042.72036828,177867.486890182,3.0,34347.039564950246,10.44427110950992
4662.0,1284504.79116812,170657.361890793,1.0,0.0,
4663.0,1284899.68800052,170651.143714786,3.0,678241.3201719364,13.427258433051803
4667.0,1255891.39497882,218426.63809971503,5.0,370438.4535613416,12.822442592675939
4668.0,1255722.19453064,218432.789011717,2.0,29731.93954133841,10.299977152388873
4669.0,1264185.97777131,197733.010174528,4.0,422124.9654178634,12.953056675763941
4672.0,1280304.87436381,219409.114772722,3.0,36961.175376109895,10.517623326551645
4673.0,1280366.38111588,219406.739476711,4.0,125082.54420782533,11.736729152009499
4674.0,1275471.35615087,215440.780560657,4.0,162472.82730497257,11.998266050184894
4675.0,1275456.41848685,214879.888592079,4.0,122107.7496133937,11.712659127481864
4676.0,1256937.60937989,194689.065467402,3.0,1173.0414351832433,7.067355172141481
4679.0,1257916.21437289,210489.42100358,4.0,2316653.694777603,14.655634329480614
4680.0,1257902.42998888,209830.030602902,4.0,7215181.018882872,15.791697839117633
4695.0,1282955.00025453,172336.067556515,3.0,139752.0,11.847624702185065
4696.0,1282944.07212652,171861.510436028,3.0,372636.0,12.82835735083986
4697.0,1284370.79795198,189266.367989853,2.0,469186.0973336539,13.058754764746277
4698.0,1284366.85868798,189042.312629625,4.0,601962.2089721911,13.307949946526772
4703.0,1273954.26136531,180051.759468421,1.0,0.0,
4704.0,1273950.80139731,179765.553324118,4.0,79170.20434320037,11.27935529923074
4705.0,1274581.14987795,179098.971627444,4.0,827343.1742792573,13.625974850785344
4706.0,1274567.69944595,178467.425642788,2.0,271100.7497065406,12.510245800907281
4709.0,1269001.17483224,200286.303937137,3.0,116947.48987949418,11.669480308588264
4710.0,1268994.91601624,199657.01548849,3.0,114306.43005087267,11.646638104113745
4711.0,1289174.9235249,191683.052472323,2.0,268617.96778844594,12.501045455057508
4712.0,1289249.89382897,191741.214392379,3.0,639988.0023388256,13.369204708814555
4713.0,1296910.58657283,184563.148401037,4.0,388754.74869155686,12.870703957684723
4714.0,1297204.44129312,184552.353777021,1.0,0.0,
4715.0,1296257.74401215,184597.107953072,4.0,146928.49737931683,11.897701335038393
4718.0,1284592.9287682,205854.32301484,4.0,189942.5808043292,12.154477099176095
4719.0,1285032.88851266,205842.058886826,3.0,32556.90075376521,10.39074462989086
4720.0,1288465.52141218,186999.34859553,3.0,189324.28631610237,12.151216624351797
4721.0,1288459.18707617,186745.918323278,3.0,139768.0,11.84773918415428
4722.0,1277150.99384859,212868.630798027,4.0,78022.86570034677,11.264757212716107
4735.0,1270393.83185767,198705.734911516,3.0,522157.4969717458,13.16572453969363
4743.0,1274521.8081819,216181.610065416,4.0,813634.3434317709,13.609266334516565
4744.0,1274843.72056623,216174.04776141,4.0,529662.3934407871,13.179995089053794
4751.0,1282338.8279659,204714.073989674,4.0,1191171.4092906194,13.990447758460988
4752.0,1282337.7285739,204441.568581387,4.0,654210.587756687,13.391184578236544
4753.0,1286131.95129779,205422.209350392,4.0,619292.1829663219,13.336332464476591
4754.0,1286107.52249776,205143.760134116,5.0,979097.8575021186,13.79438687310784
4756.0,1258520.43760552,197627.21907042,4.0,252163.6151821001,12.437833422406827
4757.0,1258514.1062775,197358.466622144,4.0,118755.20222473147,11.684819529145601
4758.0,1267431.54148664,193016.371001691,4.0,258437.4603633149,12.46240901082965
4759.0,1267421.00900662,192349.965497017,3.0,915017.3311213874,13.726698285194548
4760.0,1258849.06979784,195740.348156482,4.0,1997966.8902996047,14.507640666631708
4767.0,1265771.87914893,201696.861186579,2.0,30112.12775265517,10.31268328495897
4768.0,1265483.14084464,201706.270274594,3.0,21870.33726038443,9.992886534694316
4771.0,1271830.59729914,196545.011581302,1.0,0.0,
4772.0,1260090.94135112,188150.055924714,3.0,326071.99999999994,12.694873494858815
4773.0,1260081.86032711,187866.476724416,3.0,232928.0,12.358484671917985
4775.0,1263787.5865389,211047.790284157,4.0,188487.88204351315,12.146788997562444
4776.0,1263778.12983489,210415.147531509,4.0,94752.42829923368,11.459022751104223
4777.0,1283054.03257462,206968.19776797303,3.0,1176019.3759848212,13.977645883482548
4778.0,1283366.76063895,206967.374279976,4.0,2623698.564647627,14.78009554616975
4790.0,1293218.01882504,187820.638260365,3.0,28141.481348985984,10.24499997139321
4791.0,1292859.67143267,187666.28459622,4.0,67221.14337999525,11.115743110655341
4792.0,1280763.56735629,178785.297387123,3.0,305159.1610270273,12.628588758911578
4800.0,1280359.33977187,220728.981270075,4.0,230315.3344540457,12.347204668281849
4801.0,1280659.13804418,220717.91464605895,5.0,99686.99845774204,11.509790540803737
4803.0,1259094.3085181,191557.414904192,3.0,33114.93688585747,10.407739725009291
4809.0,1284434.09574404,202510.834947407,3.0,914052.4713873732,13.725643257308583
4810.0,1284704.20838432,202509.323779419,4.0,905035.914401138,13.715729906315804
4813.0,1260208.17962323,187632.683252186,2.0,46591.99999999999,10.749184131556358
4814.0,1260074.39216711,187636.506100178,3.0,139768.0,11.84773918415428
4819.0,1260491.89360753,196498.28198126,4.0,1148203.6374504946,13.95370922466963
4820.0,1256910.52483585,218847.037140146,4.0,38052.254121419006,10.54671560257113
4821.0,1279235.22521073,202018.77158691,4.0,748331.4778184781,13.525601310957434
4822.0,1279223.10911471,201374.585922256,4.0,404207.29296239937,12.909683126743857
4825.0,1257515.52131648,217377.736978635,4.0,1132651.593489881,13.940071984767433
4826.0,1257493.21558845,216878.553554133,4.0,1015761.5341395112,13.831149169079138
4827.0,1259827.66826285,196511.980797276,4.0,694188.1491660323,13.45049831105413
4833.0,1271929.42520323,177057.70640935,3.0,131722.14591037156,11.788450027811981
4836.0,1275004.70744638,176467.20560874,3.0,433997.3819262277,12.9807937806363
4837.0,1275549.93733494,177103.554025397,2.0,342016.0527030216,12.742612952671335
4840.0,1263315.13079442,205720.716294706,1.0,0.0,
4842.0,1282918.28447849,200903.736129776,3.0,46406.54375379333,10.745195757447247
4846.0,1286635.5995543,187911.786036462,4.0,7630584.483500949,15.847675003668948
4847.0,1287054.11577873,187901.801140457,4.0,7260847.617503965,15.798007131708337
4848.0,1280029.57074754,217494.338770762,3.0,31839.104466672645,10.368450513516061
4849.0,1280182.35129169,217489.12981075,3.0,85612.10705686279,11.357581989708654
4852.0,1250797.5563816,214745.89607994296,3.0,172571.9613037975,12.058569595442135
4853.0,1250770.86415757,214076.273423254,4.0,4733266.403638083,15.370126093726947
4854.0,1263406.1397545,193124.770041808,4.0,6763333.512040478,15.727026449556826
4855.0,1263388.3310505,192456.63653712,4.0,6674335.50906499,15.713780208091489
4856.0,1255991.12080292,212558.46836569897,3.0,263970.4338008023,12.48359238267797
4857.0,1255977.24816291,211898.549773023,4.0,537488.6701730174,13.19466296001392
4861.0,1277541.55672899,207676.258632705,3.0,522542.80846292287,13.166462189537597
4862.0,1273832.47781318,207042.621448055,3.0,18448.71687695404,9.82275010108569
4863.0,1273765.87954111,206764.72013576297,3.0,22073.49339307898,10.002132773678914
4864.0,1285736.97209738,206222.826503217,3.0,1985.7626474152075,7.59375832458031
4865.0,1284356.66707197,188305.65566887,4.0,13534088.995885111,16.420722171479383
4873.0,1257279.91414824,219776.689173087,4.0,257006.40925620735,12.456856302306498
4876.0,1256374.98518731,204621.367813572,4.0,783945.7622659707,13.572095116156243
4879.0,1270635.93995391,205734.606022716,4.0,84552.6779815524,11.345130027172889
4880.0,1270975.85003427,205725.178886712,4.0,145870.51224673563,11.890474604740204
4892.0,1282251.80089381,199272.739392102,3.0,183241.8820193631,12.118562318736862
4893.0,1282252.56530981,198958.090367779,4.0,208005.56023865304,12.245320090242766
4896.0,1257543.1577325,195391.871484131,2.0,89025.69128975885,11.396680273235278
4897.0,1279626.76217112,170783.731362924,2.0,61511.8826715924,11.02698564930339
4898.0,1280329.71909983,170765.284578905,3.0,1068907.0694171393,13.882147253971235
4901.0,1258309.67946129,202092.907650992,4.0,2167995.357822426,14.589313500313564
4902.0,1258160.28086914,202162.037699059,2.0,2248.084753080003,7.71783391185094
4903.0,1265593.28401275,177747.839530051,1.0,0.0,
4904.0,1265617.65470077,177575.056361884,4.0,1070018.0818255383,13.883186105197677
4909.0,1269589.38001685,190436.845303044,4.0,719618.7521046456,13.486476839786029
4910.0,1269902.70520116,190428.911927044,3.0,345085.38470004254,12.751547157276613
4913.0,1256714.04125166,203947.062724888,4.0,421817.2191079612,12.952327369114302
4914.0,1256348.56464328,203961.794308901,4.0,421585.48150099465,12.951777838948864
4915.0,1273384.55486873,202576.088771477,4.0,503720.9201201089,13.129777663768056
4916.0,1281956.9560295,218156.306899428,3.0,67756.01067161757,11.123668453206962
4917.0,1282018.50969358,218151.000147432,1.0,0.0,
4918.0,1281866.42470141,212193.795853332,4.0,26193.94479397949,10.173283548304456
4919.0,1282083.18738964,212187.280781329,4.0,16710.830370288895,9.723812313370276
4929.0,1283772.56915137,208254.205001295,1.0,0.0,
4930.0,1284313.25311992,208244.209609285,4.0,720972.756401633,13.488356629702466
4931.0,1285552.94816118,208228.351369262,4.0,150180.64606148266,11.919594155558876
4932.0,1285863.09254551,208224.383881271,4.0,62315.6330540466,11.039967605144069
4935.0,1274250.82347761,203412.111684337,4.0,103223.32547731878,11.544650128557503
4938.0,1269250.00043249,209042.927498102,4.0,391638.972856278,12.878095706791393
4939.0,1269561.30526482,208703.76576975,3.0,131293.388986873,11.785189708580559
4944.0,1273284.52062863,179118.479147464,4.0,737043.0373723628,13.510401564815735
4945.0,1273931.9192213,179108.836459458,3.0,620556.6752933278,13.3383722175594
4946.0,1286764.94278643,180281.39415665003,3.0,93181.99999999996,11.442309848973883
4947.0,1287161.89869083,180268.131372631,1.0,0.0,
4948.0,1291555.95450334,188158.297396719,3.0,21984.166523252054,9.998077769741025
4950.0,1283848.48371145,194575.954171285,4.0,1503184.814969469,14.223096625227194
4951.0,1284029.35180762,194572.329467282,3.0,534426.396999485,13.18894929556752
4952.0,1252239.37308708,215327.958608538,3.0,51544.90678681215,10.85020868314418
4953.0,1260795.27984783,195174.0271319,4.0,1207052.5370280363,14.00369202608189
4954.0,1260462.9176075,195179.385659903,4.0,1447290.9322567575,14.185204044323651
4958.0,1252588.49507144,209137.604170203,2.0,1144.3579266246843,7.042598995928891
4959.0,1252445.52028729,209101.84436217,4.0,65033.834385251896,11.082662942453421
4964.0,1274419.72600579,210434.692107528,4.0,756844.5765936256,13.536913196403823
4965.0,1255954.02768289,199769.17209661,2.0,24843.280269641167,10.120342583272484
4966.0,1255700.38973062,199775.17536062,3.0,13019.818609558648,9.47422798398799
4967.0,1262792.21085788,195141.635771871,4.0,3522877.9054005723,15.07478880029381
4970.0,1263122.68433022,172655.060964838,3.0,160207.44300833935,11.984224773263342
4971.0,1268598.97943982,172623.779876813,3.0,6857188.351258031,15.740808054353305
4972.0,1281536.39519708,211226.977932334,4.0,590582.9233042451,13.28886533372603
4973.0,1289352.46253309,186638.440499157,1.0,0.0,
4974.0,1290057.3610938,186671.844979197,3.0,272712.14164007426,12.516172091641844
4980.0,1279832.80082734,200877.203713745,4.0,119592.1930676538,11.691842843014074
4981.0,1280400.1287639102,200866.10694572303,6.0,352976.9243426586,12.774157963644601
4982.0,1259525.59402254,197841.697598636,4.0,12276749.439264577,16.32321774200013
4983.0,1259187.86672619,197849.629374638,4.0,402684.4248975459,12.905908469403094
4993.0,1277097.18258452,215137.139728338,3.0,90740.95565002265,11.415764084901781
4994.0,1277102.81381653,215040.31809625,3.0,40514.00715368384,10.609403048946866
5008.0,1293713.57095355,182596.935151026,4.0,3204671.6709493194,14.980120200327766
5009.0,1286586.06752224,177266.790633559,3.0,16035.069098057247,9.68253342132017
5010.0,1272537.87480386,193480.117754161,1.0,0.0,
5011.0,1265921.81386909,197070.323197842,4.0,183258.18687403636,12.118651294734784
5012.0,1265607.27447677,197079.938941851,4.0,9768854.798914198,16.09470980107024
5016.0,1272439.28670776,209867.075146943,3.0,88473.78206242394,11.390461539223733
5017.0,1272725.79698005,209680.974474758,3.0,14615.453818260114,9.589834728603464
5019.0,1277095.34104852,213541.058638707,3.0,55636.962098515134,10.926603045310898
5020.0,1264029.77764314,209746.713802829,3.0,54665.678374669325,10.908991339462661
5021.0,1263769.78961088,209749.309002832,3.0,109336.56817157114,11.602186185195588
5022.0,1260918.43607196,211432.959180549,3.0,125337.62486603226,11.7387663740701
5023.0,1260754.4495118,211434.76686056,3.0,55768.927555162285,10.928972139418578
5024.0,1263823.26263493,196432.762749195,4.0,266016.5908976211,12.491313957614365
5025.0,1263808.33316292,195779.029500514,4.0,5447968.1089393925,15.510753273075444
5029.0,1287950.93683565,192755.26719342204,3.0,120062.46630599607,11.695767438873672
5030.0,1270884.41515417,201987.508226871,4.0,120176.5392328669,11.696717100941978
5031.0,1270858.69048214,201925.88173081,3.0,65338.785425544425,11.087341096453741
5035.0,1280992.54354852,169221.635105327,3.0,44060.80311347515,10.693325847913206
5036.0,1280977.1807325,168581.952352673,4.0,55997.21354357943,10.933057210328942
5037.0,1268072.62155129,178823.497771159,4.0,239371.22767598345,12.385770879736928
5038.0,1267408.01758261,178617.731818944,4.0,127363.44196071748,11.75480002615836
5039.0,1265302.67434846,186680.716659203,2.0,9239.694140537107,9.131264062414385
5040.0,1264938.89425208,186678.274099201,3.0,6968.258382828638,8.849120599192236
5041.0,1265621.99198078,171359.234851509,4.0,1171592.0912695297,13.97387414354551
5051.0,1259178.87786219,216622.210257858,1.0,0.0,
5052.0,1258944.48758994,216316.46318554896,5.0,207105.740447658,12.240984765240276
5055.0,1268608.56343985,212910.03131006696,3.0,142815.1345657687,11.869306307625799
5056.0,1268659.93470389,212905.788238063,4.0,84941.08411008611,11.349713167031469
5062.0,1260889.44503194,210573.875915676,3.0,51096.578516867325,10.841472817333024
5063.0,1260881.38691993,210310.001419395,3.0,2476.3165335341146,7.814527466317777
5065.0,1276217.66533563,201975.877314866,1.0,0.0,
5066.0,1256354.85891528,213863.91067104,4.0,131288.99832870098,11.785156266442893
5073.0,1255667.66838659,212569.987085715,4.0,492641.9096645439,13.107537839540356
5074.0,1255650.78813057,211911.664205045,4.0,567377.1638652508,13.248779553569957
5080.0,1264675.53489181,175265.32771951,4.0,331734.27985329565,12.712089565550386
5087.0,1262504.97424959,197113.58783789,2.0,43256.15427745605,10.6748947976695
5107.0,1288234.65805194,187883.201460436,4.0,1947277.3595500595,14.481942729036582
5117.0,1275502.8836389,216728.718929976,4.0,20197.91927513011,9.913334871902117
5118.0,1275667.08114307,216724.452497974,2.0,6729.399259313101,8.814241155551034
5119.0,1278233.46348169,212495.593485638,4.0,313555.7566964387,12.655732475542507
5120.0,1278251.62124172,212144.745805278,2.0,46592.0,10.749184131556358
5121.0,1258948.15722194,201188.90649806,4.0,757197.7245701762,13.537379693254914
5122.0,1258616.44266161,201200.98221007,4.0,1487185.5093096057,14.212395971736203
5123.0,1257930.56182891,211175.106316283,4.0,1319244.6133715608,14.092569868160515
5128.0,1249026.11573979,213823.899919003,2.0,2347869.812479219,14.669019012259719
5136.0,1293774.05671361,187532.291380078,4.0,28009.50674909284,10.240299258284493
5142.0,1279948.03647545,176436.874600708,4.0,883319.029310432,13.69144171592971
5143.0,1280266.93215577,176423.480296701,4.0,187821.66978704085,12.143248226677093
5146.0,1260542.27965558,209785.58317886305,3.0,251985.51999411333,12.437126904501831
5147.0,1260529.99920757,209382.529546455,1.0,0.0,
5154.0,1257177.30115613,195071.121787801,3.0,540475.5542535667,13.200204687015578
5158.0,1286932.37555461,206502.913543507,1.0,0.0,
5159.0,1287139.67398681,206500.627783507,4.0,121394.8087368754,11.706803395052994
5160.0,1273541.21330088,206473.183943465,1.0,0.0,
5161.0,1273700.56901306,206492.198343486,4.0,84230.38253158952,11.341310972811497
5168.0,1263457.85028256,204421.55846937,4.0,6381028.623627623,15.668839868599337
5169.0,1263470.90148258,203095.978116021,5.0,6312645.5250110775,15.658065405767127
5170.0,1256080.262371,205294.254918262,4.0,1444556.0435542902,14.18331259602732
5171.0,1265998.67690916,174599.947174832,4.0,478541.8591401984,13.07849896596582
5172.0,1266298.23172547,172656.184996843,4.0,1841177.8689369413,14.425916070940394
5175.0,1268727.00414395,178532.886506855,3.0,113066.66753695128,11.635732901928868
5183.0,1289692.23219743,187582.72171612096,3.0,100235.99062526014,11.515282591017227
5186.0,1259083.95613408,205172.067462146,4.0,372572.84882896073,12.828187865007024
5189.0,1270709.82168199,199376.311040208,3.0,20715.884544707857,9.938656054285726
5195.0,1273095.74706043,196514.835133269,4.0,88783.34126370204,11.39395431299975
5196.0,1263841.91415496,204412.007621363,2.0,46592.0,10.749184131556358
5197.0,1263832.22097094,204022.251524955,1.0,0.0,
5206.0,1259402.65239041,213773.285198942,4.0,62427.80554751508,11.041766056829552
5207.0,1259136.72247013,213780.785806954,4.0,59105.98266091373,10.98708742772792
5208.0,1269369.56126462,189137.358069718,4.0,304353.6830435904,12.625945735191351
5209.0,1269346.53764859,188466.198005036,3.0,112084.7100702808,11.62701020430956
5210.0,1259156.29591016,214456.033167645,4.0,50986.02030530984,10.839306762470404
5211.0,1286932.6055066,192603.505337268,3.0,149219.21109505495,11.913171719153569
5212.0,1287217.5101469,192596.006969258,4.0,239908.4987527486,12.388012874431007
5214.0,1278416.12684189,217319.994642586,4.0,270898.85647276096,12.509500806848925
5218.0,1253342.00080021,216348.121873587,3.0,93182.0,11.442309848973883
5219.0,1253266.81590413,215864.865297094,1.0,0.0,
5226.0,1286492.08345816,199366.646016195,1.0,0.0,
5227.0,1286482.88723414,199167.41708798695,3.0,356345.20458407584,12.783655215800255
5231.0,1259812.18339883,189183.006261766,4.0,1510803.7650926462,14.228152361935845
5232.0,1259499.55639051,189187.611893773,4.0,1999946.9299800457,14.508631203162183
5233.0,1277862.33004132,214125.846159309,4.0,155369.43971074675,11.953561041918425
5235.0,1271374.99486667,180460.27633284,4.0,267437.3628214251,12.496640660222093
5236.0,1271342.45790663,179147.186091483,3.0,409639.5115072304,12.923032811695817
5237.0,1277830.49016929,181723.846318126,3.0,219498.70486854733,12.299101611108872
5238.0,1277910.64946537,180885.567469269,3.0,24873.749202355943,10.12156827744017
5240.0,1265952.49162912,171365.247587517,4.0,948273.713780183,13.762398467179588
5241.0,1265569.79326072,189442.923382029,1.0,0.0,
5242.0,1265576.49207674,189110.575285688,3.0,99565.74840916204,11.50857349295418
5243.0,1263244.32445835,169084.586849183,4.0,248428.42801012815,12.422910066978408
5244.0,1263235.85175434,168743.460896835,4.0,490451.0589181877,13.103080775064834
5252.0,1287986.60179569,189186.992821768,3.0,3814472.848513201,15.154313034519648
5253.0,1288154.36717185,189185.579765767,4.0,3827419.4556284696,15.157701362694509
5254.0,1258794.28778179,199646.226496488,3.0,278609.9129030651,12.537567920825737
5258.0,1274736.01739812,210430.593675524,4.0,3855186.883511762,15.164930042017705
5259.0,1270954.33758624,201924.479810819,4.0,136588.44515882066,11.824727633659732
5266.0,1282559.59750213,212172.960269302,4.0,49185.86149408187,10.803361493175835
5267.0,1282613.04787017,211536.963852659,4.0,81382.69618527999,11.306917951816404
5271.0,1258783.70115778,199206.06329603505,3.0,168281.27754539048,12.033392129459514
5275.0,1256167.33865909,217436.883794695,4.0,209270.14876056323,12.251381274089164
5277.0,1276450.15698387,213956.690959141,4.0,336101.4847782204,12.725168431371456
5278.0,1269192.11736044,169748.544161871,3.0,1380132.9844076096,14.13769041800329
5284.0,1262392.30224948,205744.803846732,4.0,643288.0843668642,13.374347934558283
5285.0,1262076.39997715,205753.048582733,4.0,555531.6585282049,13.227680877487767
5286.0,1271049.16779433,188506.654261068,4.0,125935.68660233836,11.743526631832083
5294.0,1259157.84675816,188539.451445103,3.0,1061012.5426064737,13.87473423902151
5295.0,1260783.62762383,212753.332493901,3.0,58835.76324180032,10.982505167394839
5296.0,1260574.2520716,212758.42759791,2.0,87.36533120755249,4.470098535862079
5303.0,1263484.03953059,201771.553282663,4.0,6173734.241416224,15.635814438319638
5304.0,1252018.01225485,211299.925964415,2.0,11040.933452410864,9.30936486810559
5318.0,1272223.95544355,189721.87365432095,3.0,382831.76221332286,12.855350908507871
5319.0,1281891.52274944,212667.884493813,4.0,115972.05759552296,11.661104558274365
5322.0,1289708.31712544,180273.00503663704,3.0,139768.0,11.84773918415428
5323.0,1289927.89152567,180268.414508641,1.0,0.0,
5324.0,1286330.44595398,204333.696133286,4.0,1350505.0575240564,14.115989197134901
5325.0,1286326.74355398,204060.858052999,4.0,314563.3470174691,12.658940756199277
5326.0,1283814.65043141,183626.42584008,3.0,62625.42769621535,11.04492666784433
5328.0,1267117.57559831,171361.348323524,3.0,101319.2703189595,11.52603190234234
5329.0,1267103.58251029,171026.271267176,1.0,0.0,
5330.0,1265362.16209252,175920.805096179,4.0,623890.4917728888,13.343730137996996
5331.0,1264694.56170782,175984.34007224403,3.0,141460.17416653235,11.859773501796154
5332.0,1268550.82142378,190436.64843905,4.0,197919.45061384988,12.195615411823402
5333.0,1268220.22033544,190436.585783049,4.0,2019881.841789764,14.518549573503053
5334.0,1263055.05745015,192265.685176924,1.0,0.0,
5335.0,1263049.46525815,191794.259256437,4.0,7018546.566587799,15.764066712769273
5336.0,1290292.21299805,187654.152692199,1.0,0.0,
5337.0,1257250.5684202,209843.588618919,4.0,3793258.119710976,15.148735869953569
5338.0,1256925.33315587,209863.662730947,4.0,2990350.390053876,14.910901125809962
5340.0,1274742.92088611,212007.48097313903,3.0,4516217.461602338,15.323185356680106
5341.0,1274805.59205419,212029.862477168,4.0,2034515.870682388,14.525768447171233
5345.0,1282997.92377457,198589.42348739496,3.0,291589.27980804135,12.583101515093944
5346.0,1283237.50854282,198586.049471393,4.0,1256887.8330888287,14.044149249771262
5347.0,1290114.17786185,186530.644147053,3.0,296463.49367214966,12.599679365630909
5348.0,1290419.91712618,186537.927603051,1.0,0.0,
5350.0,1273794.62456515,203089.21171601105,3.0,25100.47762532725,10.130642153836328
5351.0,1273657.02674101,202511.184323415,4.0,148555.49666292107,11.908713882312696
5361.0,1279763.28159526,201065.30041793,3.0,45010.415105417465,10.714649188759836
5367.0,1277250.93330468,180411.46212478,4.0,201199.8510041409,12.212053976671369
5368.0,1277894.25119334,180407.998572782,2.0,22740.765518687564,10.031914430708337
5369.0,1265942.35614111,189111.349237695,4.0,167044.94272605734,12.02601817331321
5370.0,1257647.63619661,187178.072307721,3.0,372637.9999999999,12.828362717993416
5378.0,1279383.08978687,219853.483349174,3.0,60479.52264504988,11.01006011804862
5380.0,1275038.35173443,210427.013323516,4.0,480695.9009237413,13.082990126539144
5387.0,1265696.84055686,175920.31396018,4.0,707524.8793630366,13.469528073058687
5388.0,1282619.10035019,171367.521251529,1.0,0.0,
5389.0,1282617.80441418,171019.69513917,3.0,515791.85790063714,13.153458586924096
5392.0,1268516.52753575,190966.512247592,1.0,0.0,
5400.0,1279519.36607501,207329.76461635495,3.0,94424.81871574555,11.455559227703205
5401.0,1279509.595771,207116.314888135,1.0,0.0,
5404.0,1279956.09285946,220744.09935008,3.0,180817.36269946065,12.105242754959136
5405.0,1280059.37253956,220740.26370208,3.0,106083.63707089228,11.571983090945173
5406.0,1263776.58749889,198988.517503813,1.0,0.0,
5407.0,1263770.00285888,198725.763135538,3.0,2642979.703574291,14.787417514243392
5413.0,1251119.76476593,214732.506383926,4.0,309406.8117182327,12.64241223277479
5416.0,1277594.22687304,213238.265934393,4.0,150763.76117510244,11.923469395166865
5420.0,1259069.59165408,191901.744248554,3.0,553921.5256012501,13.224778305156777
5421.0,1269301.79006454,211644.910156772,2.0,644175.6732125396,13.375726752379087
5422.0,1269284.09195253,210581.805323675,3.0,3809362.249817378,15.15297234459249
5423.0,1255492.89609841,206580.559431583,4.0,68780.13465106157,11.138670241690965
5424.0,1255484.4236504,206341.93261534,4.0,57517.3486636688,10.959841897168248
5425.0,1264201.32746732,198394.696831197,3.0,1779666.0726756805,14.391936305048853
5432.0,1273830.51589319,189685.47800628803,3.0,18227.40018052658,9.810681245353786
5437.0,1272222.32491554,189597.163574189,4.0,643228.6835029197,13.374255590850886
5438.0,1272625.66725196,189412.377205998,2.0,230698.8013617142,12.348868248490412
5452.0,1285458.9211531,193688.529402375,3.0,65132.170777822575,11.08417388090706
5453.0,1286066.06656171,193673.896890372,1.0,0.0,
5463.0,1266538.73092572,189773.777398378,3.0,126093.0082441738,11.74477507429507
5464.0,1277575.80300102,179638.457131997,1.0,0.0,
5465.0,1277565.40901701,179421.283691764,3.0,316081.5959923947,12.663755674403058
5466.0,1290119.24806987,183169.097711608,1.0,0.0,
5467.0,1290104.23661385,182725.15633516,3.0,480271.4024801946,13.082106644927118
5470.0,1270922.95806621,203504.690884426,4.0,5731610.236802146,15.561507067851698
5471.0,1271218.89713851,203498.635460421,3.0,59636.48673729268,10.996022859318133
5478.0,1254520.39964941,203369.87654829,3.0,137920.95299661678,11.834435995651901
5484.0,1289992.48915774,187943.937588498,3.0,207201.5402603381,12.241447223028725
5485.0,1290283.76122203,187936.57899649403,3.0,130312.06353781986,11.777687341619584
5498.0,1269346.19742459,176556.128936842,3.0,1572814.9577124536,14.268377538574256
5499.0,1281981.50649354,176351.503720626,3.0,7846.418463835078,8.967812460019072
5500.0,1282371.20518193,176334.975848615,4.0,154961.18311856338,11.95092993304504
5501.0,1268651.84811188,174916.779239163,1.0,0.0,
5502.0,1268643.14801587,174587.900646821,3.0,47349.52138652198,10.765311990569938
5506.0,1258103.90826108,168595.878496692,3.0,141257.44232292267,11.858339336632511
5507.0,1257804.96790877,168393.297504485,2.0,9602.69225109922,9.169798780962026
5508.0,1285754.4034574,179115.10679546,4.0,3831444.7606608775,15.158752512131127
5509.0,1285570.52915321,178900.129195243,3.0,1321856.256858424,14.094547561907497
5521.0,1287968.91641967,188453.596661016,3.0,71597.05966709017,11.178809286003409
5535.0,1264156.34692328,196426.431421191,4.0,372881.0512583664,12.8290147503367
5536.0,1264141.17802726,195773.148924515,4.0,10208851.651835894,16.13876571092949
5537.0,1255633.92662655,211253.018892363,4.0,809857.5810625869,13.604613685340787
5541.0,1269211.99460846,190436.773111045,4.0,566056.0730766227,13.246448421318275
5542.0,1269255.20222451,189784.978166386,3.0,158676.3672911113,11.97462198106593
5547.0,1272695.09592402,181426.552301824,3.0,223355.660155646,12.316520668548463
5551.0,1256375.27984332,214480.006543666,3.0,35267.92416567156,10.470729165974129
5552.0,1256373.31491531,214425.85083161303,3.0,52469.72403501534,10.86799159718561
5553.0,1288586.93190829,189896.971382499,4.0,1133709.7835059064,13.9410058076817
5555.0,1284957.76761658,209954.049035043,4.0,148888.07488966608,11.910950127416971
5556.0,1285267.79257689,209949.703563035,4.0,410215.17114261375,12.924437108682023
5557.0,1263020.66353011,206554.49383156,1.0,0.0,
5558.0,1275776.76101518,213920.935503095,4.0,1024040.2134257448,13.839266354734086
5563.0,1263081.02954617,201413.952962294,3.0,77021.28829302249,11.251837133962617
5564.0,1262777.98423387,201358.395330235,4.0,108383.6551565104,11.593432573929812
5565.0,1274816.1494302,220330.041109666,2.0,724868.1386689387,13.493745039597043
5566.0,1273898.05842125,207316.272200331,3.0,34421.46429018682,10.446435610702222
5567.0,1252126.85327896,215328.062224537,3.0,5010.135607612944,8.51921826110041
5568.0,1281518.55961306,207933.752904966,4.0,1111258.5031391457,13.921003717649723
5593.0,1257937.50506091,211505.222476631,4.0,402032.318226948,12.904287757969138
5596.0,1259465.82909447,195195.459451929,4.0,7876129.7319540735,15.879347190412766
5599.0,1255684.5600986,213228.546446383,4.0,332799.04662772035,12.715294123224728
5610.0,1281553.00178909,211885.534029007,3.0,115967.11366772631,11.66106192702954
5611.0,1287620.0792353,184384.816752851,3.0,51190.45715930353,10.843308410048664
5612.0,1287842.48953953,184189.713136658,4.0,1335191.0342261218,14.10458493637771
5617.0,1274877.69951026,192143.474424794,3.0,239855.7545395596,12.387792998885718
5618.0,1275658.49029505,192381.218041047,1.0,0.0,
5619.0,1271151.84472245,187779.299764335,3.0,98581.14689397228,11.49863531433627
5620.0,1271062.50206636,176226.158504501,3.0,46600.99999999999,10.74937727911096
5621.0,1271143.99992244,176225.703144506,1.0,0.0,
5624.0,1274267.21682163,211715.790604845,2.0,46586.0,10.7490553457913
5625.0,1269964.7313132302,212881.00020603795,6.0,2751244.0921240416,14.827563764478038
5626.0,1270194.68555346,212876.41985403,2.0,109697.99107771611,11.605486333221583
5627.0,1271996.60683531,210041.196811125,3.0,110625.43968383576,11.61390535684548
5628.0,1272429.82283576,209690.192266762,4.0,103492.2597422358,11.547252103791845
5635.0,1290335.11315809,185366.622833863,2.0,1225413.3504046774,14.018788773946413
5636.0,1290503.88115826,184873.787889361,3.0,1997609.5895446003,14.507461818469118
5639.0,1284298.27187191,202512.555715412,4.0,1000253.4631308826,13.815763988978803
5640.0,1284295.65702391,202335.680131242,3.0,343229.22556865733,12.746153799056202
5641.0,1272360.00408368,204864.555589825,4.0,741361.6899040851,13.516243895722857
5643.0,1292482.63834429,188139.807220697,4.0,281450.3131554643,12.547711203541986
5644.0,1263132.29156223,190455.628087074,1.0,0.0,
5647.0,1284066.48627166,211240.594380349,3.0,263667.3852698147,12.48244368350078
5648.0,1284330.61894394,210822.500427932,3.0,176780.55297091298,12.08266442862743
5650.0,1261061.73207211,191425.556920066,3.0,522152.534551956,13.165715035964583
5651.0,1261064.86621611,191083.738039717,2.0,357259.2029225236,12.78621685591525
5657.0,1271033.47493032,214329.046223521,3.0,23742.165941177453,10.075007899940307
5658.0,1271263.31992255,214324.558671504,4.0,87975.39643980349,11.384812468457593
5672.0,1282560.44332613,197921.782462716,3.0,2932.385968134093,7.983571694224797
5673.0,1282562.29926212,197642.761982426,3.0,6877.0458684891,8.835944459137508
5678.0,1271411.86949071,187087.903859615,1.0,0.0,
5679.0,1270231.28427351,187129.731507659,3.0,607562.7541505685,13.317210747875146
5680.0,1270542.40139382,187118.709555656,4.0,3299289.0360711403,15.009217559610594
5681.0,1266311.76714949,173289.432101488,4.0,192025.28869299995,12.16538235427937
5682.0,1265977.73764515,173290.262437493,4.0,585580.6852808201,13.28035925829981
5689.0,1275793.20159119,215432.51150465,4.0,151972.54747172928,11.931455174778067
5690.0,1276043.16274345,215426.513168633,3.0,25240.291008663797,10.136196846250481
5699.0,1257618.45187658,211842.461580977,3.0,92259.93448696232,11.432365247020105
5701.0,1257123.08144408,189262.049781844,3.0,52430.50644044196,10.867243884883688
5702.0,1255781.4598107,206849.982407853,4.0,197290.89562633223,12.192434546122547
5703.0,1255502.76649842,206858.584775865,3.0,95555.0057247726,11.467457336833839
5711.0,1258496.36746149,196562.423293322,4.0,427660.2965055918,12.966084459664229
5712.0,1274808.05528618,207440.946440458,3.0,42716.79761373167,10.662347508598886
5713.0,1274804.45983018,207299.472648323,2.0,2847.9228254357367,7.954345174354229
5717.0,1293485.44608931,184591.264817059,3.0,84573.66947865201,11.345378261673575
5718.0,1265615.70455678,187127.014323667,4.0,1581841.642897248,14.27410032299305
5719.0,1265595.83287676,186459.632754982,4.0,1739932.2393126923,14.369356727508677
5726.0,1262062.40522514,192483.148601145,4.0,842692.7748866776,13.644357727956843
5727.0,1261730.0552088,192489.632505149,4.0,1169745.9468376515,13.972297143740755
5738.0,1272053.47448337,215829.286673054,3.0,217624.26795243367,12.290525313262116
5739.0,1256304.16643524,194829.087483555,3.0,70970.69961934208,11.170022389429324
5740.0,1256059.38441899,194838.916539565,3.0,9412.146689338748,9.149756335078411
5743.0,1274287.52677365,205680.202310666,3.0,49499.077539553386,10.80970931281856
5744.0,1281656.5134052,185585.664690077,2.0,139682.99667644277,11.847130824712448
5745.0,1281646.93202919,185316.55601780105,3.0,93161.9014383476,11.44209413424885
5749.0,1267285.05918248,172646.332964838,3.0,6895.216965858698,8.838583256861938
5752.0,1275508.69234291,204579.457733527,4.0,63980.88249331627,11.066339606676847
5753.0,1275496.11032689,204105.325829044,4.0,100004.3586857662,11.512969050878011
5761.0,1285221.46259286,201200.58752207496,3.0,428516.8773852944,12.968085403374527
5762.0,1254907.31459381,215090.375056297,1.0,0.0,
5763.0,1254888.6203858,214582.181519777,4.0,140186.2379350634,11.85072708852967
5764.0,1254252.01008114,209291.426698357,3.0,68516.22133670757,11.134825804050914
5765.0,1254085.78147297,209296.99066636,3.0,20895.048264516656,9.947267484738964
5768.0,1280603.09849212,217785.577363059,3.0,143331.66010252613,11.872916525230192
5769.0,1280838.92543636,217778.76635505297,3.0,119030.22745592988,11.687132752072726
5777.0,1251751.78383857,210988.135884091,3.0,44152.73576490035,10.695410169342246
5791.0,1281450.50719699,213218.48935838,4.0,1735632.9778624144,14.366882733568417
5792.0,1281716.85215726,213216.917198375,4.0,1203704.7412097806,14.00091464322339
5796.0,1281738.27833328,211886.42183701703,3.0,11962.658537161937,9.389545288518695
5797.0,1281832.53926139,211729.570764855,3.0,45977.19089701618,10.73590070243207
5798.0,1282927.2142705,201227.135746107,4.0,372701.5479363909,12.828533238762699
5801.0,1267190.60855839,190436.391543046,3.0,404382.7299233956,12.910117059784788
5802.0,1266847.40747003,190436.327287048,4.0,621395.7196948237,13.339723387753253
5803.0,1286141.39417779,176211.115560487,4.0,101703.86081423146,11.529820544091221
5804.0,1271653.98053096,177179.466601476,1.0,0.0,
5805.0,1271933.58072324,177181.393769473,4.0,270516.1047295227,12.508086912389297
5809.0,1269235.77867249,171963.54730013,3.0,337755.61803562706,12.730077889394327
5810.0,1268727.88471997,171973.133540139,3.0,126992.82608549608,11.75188587632947
5812.0,1284358.37183997,205860.86106284,4.0,180520.62868769155,12.103600336583286
5828.0,1280941.72972447,220296.479509622,4.0,160064.73233798245,11.983333589509101
5829.0,1280924.89574045,219875.844501197,4.0,185434.6491948136,12.13045780351326
5832.0,1259040.60976604,203846.975300789,4.0,627130.6929004906,13.348910239521697
5833.0,1268929.72843216,171679.761123836,3.0,69488.97300282663,11.148923357134931
5839.0,1269749.928561,180482.773676857,4.0,926373.250998802,13.739032511246267
5843.0,1287624.75667532,201397.226242274,3.0,88296.19641408387,11.388452309946077
5844.0,1288242.85587594,201385.386754259,1.0,0.0,
5847.0,1276037.64568745,212541.501197681,4.0,390835.2970413219,12.876041515034604
5848.0,1276277.43851969,212536.722061679,4.0,447047.1849330065,13.010419427158975
5849.0,1258752.01885374,205185.581894159,4.0,7135847.112178973,15.780641528149655
5852.0,1257917.54742889,199912.424128756,3.0,123701.28031852706,11.725624908517212
5853.0,1257478.06666043,199936.771200776,3.0,35518.096113362204,10.477797595257453
5854.0,1279054.42245853,206039.470599025,3.0,144460.62188480454,11.880762236488307
5857.0,1255843.96918677,200417.732161269,1.0,0.0,
5864.0,1290134.02790987,184046.98929651096,3.0,2000917.214393978,14.509116240593068
5865.0,1290479.30874224,184045.715696499,3.0,1940504.652367727,14.478458627298004
5871.0,1269424.60216068,200857.296577722,3.0,101235.02985959832,11.525200120798884
5872.0,1269014.18731226,200868.464833736,4.0,210462.0867880428,12.25706080561219
5875.0,1276708.60690413,218452.450003743,1.0,0.0,
5876.0,1276704.23589613,218120.2112194,4.0,459617.2850298782,13.038149433104804
5877.0,1286734.7141784,191809.840248451,3.0,160762.49888445047,11.987683392635226
5878.0,1286892.99603456,191805.60140045,4.0,167492.5418291655,12.028694102862888
5880.0,1260912.91050395,199803.597568646,4.0,151070.0003134721,11.925498586612783
5887.0,1257124.32195608,220281.690133616,3.0,1425916.014430388,14.170324982310577
5888.0,1257068.66064402,220223.072469547,2.0,805692.1685669062,13.599457023681937
5889.0,1264946.39486009,191755.829240397,4.0,950589.5086014036,13.764837606494162
5890.0,1264977.30167612,191100.394487724,4.0,792294.8479426409,13.582688884272391
5891.0,1252374.28291121,209388.400906458,2.0,14486.48938088616,9.580971727208672
5897.0,1272964.2154763,203441.683780372,3.0,188977.70083001244,12.14938430205461
5898.0,1273956.62456532,203678.577668607,3.0,80572.93786363982,11.296918113599574
5899.0,1256189.11120312,202517.135107428,3.0,291147.62652315927,12.581585725156335
5900.0,1255978.44925091,202479.131267384,4.0,203449.8885850564,12.223175005801554
5907.0,1280822.42713234,208705.142729759,3.0,19973.13180559473,9.90214323963204
5908.0,1281069.3088606,208698.509897754,4.0,768295.8817966477,13.55193020069122
5914.0,1284327.59430394,204384.733765334,4.0,961140.8903813766,13.77587628530368
5915.0,1284321.85811193,204111.861573055,4.0,1420703.6432533532,14.166662830264112
5923.0,1291845.85063164,189102.73048567804,3.0,129955.07716234558,11.774944109428356
5932.0,1255564.21616249,208588.699721634,4.0,1018362.6399013476,13.833706640459477
5936.0,1282172.83679773,213975.35105516,3.0,14139.689636355197,9.556740989871285
5937.0,1282335.7636459,213625.302862793,4.0,118373.03732962236,11.68159625024214
5946.0,1277350.27429679,213535.332238704,4.0,76053.33829660426,11.239190192800356
5951.0,1287393.72038707,191791.521080434,3.0,226315.9229278604,12.32968719117842
5954.0,1278955.81535444,217314.53595458,4.0,692874.3223006441,13.448603908624055
5955.0,1279259.08741875,217306.984466568,3.0,790875.6114200507,13.580895979542044
5956.0,1274833.04312621,188488.236021057,3.0,120907.13340117554,11.702778037353418
5957.0,1274638.66687001,187227.934067771,2.0,46591.99999999999,10.749184131556358
5959.0,1295499.67860338,187369.712627903,3.0,960144.755613971,13.774839339174674
5960.0,1295857.22055574,187071.687667608,3.0,988462.8424832664,13.803906331086868
5964.0,1254876.40816177,207950.89556098,4.0,646289.8026259755,13.379003293045088
5966.0,1259532.68394254,209576.35559465,4.0,24164064.564383134,17.00037715216168
5967.0,1259221.63632622,209582.791242659,3.0,7772475.472265327,15.866099265202807
5968.0,1276970.2559924,218113.245011389,3.0,785647.7129435564,13.574263768576754
5970.0,1284939.31257656,208665.40954572,4.0,64359.06387381804,11.072233055845443
5971.0,1284933.16659255,208236.279177278,4.0,240925.2426544653,12.39224196789742
5972.0,1288020.94585972,190527.567223147,4.0,929623.898856102,13.74253537350158
5979.0,1271736.44427504,208289.89063333,3.0,87055.74929842468,11.374303988947904
5980.0,1260021.07664704,189835.101750433,3.0,4404.5878333694645,8.390401966085484
5988.0,1255192.8422101,201064.370625928,2.0,15590.371625070038,9.654408799167975
5993.0,1292895.70906471,188722.383861288,4.0,104821.73804647983,11.560016453467306
6002.0,1283661.79609525,198580.07443139,3.0,68638.8057478718,11.136613335232392
6004.0,1259915.53719094,200495.636225358,3.0,186558.69746126825,12.136501200244185
6005.0,1259585.6467586,200504.396673366,4.0,9203073.705835195,16.035048084681154
6008.0,1255463.23344238,196049.883964792,2.0,20346.311975378227,9.920654944735508
6012.0,1257825.6082928,196334.61305308304,3.0,35679.66339033255,10.482336152521993
6033.0,1265826.71697299,179202.036075547,4.0,959086.9970991912,13.773737066225737
6037.0,1259487.90058249,189843.231350437,3.0,1441001.6392498903,14.180849012559007
6044.0,1257742.35645272,204566.987333521,4.0,94311.90078643292,11.454362661999582
6045.0,1257421.61334838,204579.675909534,4.0,530430.0753104282,13.18144341932019
6051.0,1274822.1107102,207993.877129033,4.0,155899.37776513703,11.956966063794395
6054.0,1259706.32567072,203822.848068759,3.0,713296.9786160793,13.47765313247429
6055.0,1259372.97200638,203832.066564769,4.0,14266791.778578771,16.473445141372014
6058.0,1259212.44279021,209143.31738621,4.0,7575352.4886608,15.840410441433615
6065.0,1279888.73669939,214859.637008056,3.0,60212.00048320535,11.005626955005463
6066.0,1280175.00089169,214854.21480006,4.0,79302.04455364331,11.281019189808147
6075.0,1293830.27642566,185519.309234008,4.0,1483038.577524806,14.209603633947482
6076.0,1294486.77677834,185485.029105976,3.0,202809.10997598857,12.220020470676385
6078.0,1261990.18820105,171447.4521956,1.0,0.0,
6082.0,1284290.2748159,206532.232711539,3.0,95250.86627847487,11.464269387734728
6083.0,1284373.27302398,206531.35245552697,3.0,54755.897163172885,10.910640352621245
6095.0,1284891.65881652,198370.609919176,4.0,232082.53625534463,12.354848347102275
6102.0,1269388.46379264,178517.590570852,4.0,212476.11593879413,12.266584865447607
6103.0,1269711.36401697,178514.561066836,3.0,105370.63964868856,11.56523931507613
6107.0,1270954.82513824,204899.331141859,4.0,428502.70588965947,12.968052331795038
6108.0,1271255.92984255,204890.798021853,3.0,557058.7462998343,13.230425982467935
6109.0,1276779.92568821,214265.219535455,4.0,438886.7114001629,12.99199659816206
6113.0,1284456.70035207,203365.629828289,1.0,0.0,
6114.0,1284701.17984031,203303.267716229,3.0,104153.7558581237,11.553623508046808
6115.0,1280288.17919579,200377.070529222,2.0,42415.52632088079,10.655269761003247
6116.0,1280603.55186813,200359.622401208,3.0,359792.638370782,12.79328313995235
6121.0,1264506.77604364,211680.12334080003,3.0,214543.93644379315,12.276269828280814
6122.0,1264331.49617146,211684.381196812,2.0,46592.0,10.749184131556358
6123.0,1289168.6801329,189881.639414489,4.0,592797.5374948098,13.292608198931786
6124.0,1289459.55418119,189873.973046467,4.0,657304.6534222591,13.395902893828401
6125.0,1284927.02585655,207807.494600832,4.0,511775.5960730942,13.145641519025244
6127.0,1257671.88611664,202588.128771499,4.0,2168477.8421141217,14.589536024134853
6128.0,1278991.03839447,203047.644227967,3.0,51200.51420986412,10.843504854138576
6129.0,1278984.29330647,202703.903107613,4.0,2138185.6307004127,14.57546819126041
6130.0,1251743.40553457,210671.39962777504,3.0,46934.09377542952,10.75649963650819
6134.0,1254498.85212938,202709.889987618,3.0,46599.99999999997,10.749355820113736
6140.0,1294388.98791423,181292.446893692,3.0,411999.2345360773,12.928776770407795
6141.0,1294387.48788224,181246.779373646,4.0,2063932.1646299695,14.54012353906964
6142.0,1273350.58936469,209091.423498154,3.0,177130.995091254,12.084644823089238
6143.0,1263022.68023412,191125.953527763,4.0,6668240.678288735,15.712866616725835
6144.0,1263013.2084901,189260.256757841,4.0,6651869.915837302,15.710408563456914
6147.0,1293258.41338508,188502.917429075,3.0,72742.89970003699,11.194686581645762
6148.0,1262614.24669769,170076.847330198,4.0,280342.15323424543,12.543766111983176
6149.0,1281143.62169267,217767.24865903,4.0,3786089.9451932753,15.146844367783858
6152.0,1265847.91671701,192394.525753051,3.0,226438.2145252152,12.330227403139892
6153.0,1265852.81796502,192135.367160797,1.0,0.0,
6154.0,1269081.27012832,179836.475116193,4.0,370442.7933153434,12.822454307789583
6155.0,1292156.61018395,187877.433780432,3.0,308033.99301563145,12.637965422799597
6156.0,1269068.26232031,179176.572843522,4.0,627139.6862210545,13.34892457984371
6158.0,1285309.93030494,196322.936893076,3.0,222761.70256477763,12.313857880719727
6159.0,1285509.66214515,196323.783997074,4.0,435774.86746303126,12.984881029942192
6168.0,1281411.08242895,211889.037005022,3.0,14496.362448499509,9.581653031315899
6171.0,1270318.07998559,201876.109506771,3.0,82861.7176238991,11.324928444645353
6172.0,1270595.56734587,201931.472898826,3.0,55032.50304944449,10.915679254199187
6175.0,1252617.60425547,208889.30477795,2.0,5222.400939061893,8.560712525143957
6176.0,1252504.75247934,208798.015625849,3.0,918766.3946381576,13.73078717385409
6180.0,1254595.50518548,214591.36526379,4.0,332556.2012409808,12.714564151083376
6181.0,1254417.8063693,214597.300943792,3.0,305104.40807374165,12.628409318564145
6182.0,1281600.57286115,221495.833046854,4.0,112750.08989460228,11.63292905465598
6183.0,1281768.66604531,221489.626070842,3.0,3135.186713311955,8.050444008968798
6184.0,1271810.68888311,197361.676606148,4.0,363317.37741325615,12.803032049196549
6185.0,1272470.57406779,197341.385982126,3.0,118180.5097561541,11.679968478278028
6186.0,1264107.74237923,194450.658811167,4.0,2445541.2048936067,14.709777008091164
6187.0,1264089.4704432,193781.315322474,4.0,1282522.8051380643,14.064339637653033
6192.0,1259572.39939858,199838.689984679,4.0,10801968.00087314,16.19523889779705
6196.0,1281635.95468518,209907.173514992,3.0,80440.55472463355,11.29527373999202
6197.0,1281785.95244533,209906.202698991,4.0,131229.56729993125,11.784703490620027
6198.0,1286166.65952182,205034.395206004,3.0,6796.615088345821,8.82417998610443
6199.0,1286164.33766581,204879.28557384,5.0,239577.73246762253,12.386633204625884
6202.0,1282952.28179052,202798.668355703,3.0,182516.9855698723,12.114598519289528
6203.0,1283614.44550321,202785.566979691,4.0,119005.73675366152,11.68692697894566
6209.0,1276958.41548039,217566.493458837,3.0,162189.7523431427,11.99652223952541
6213.0,1279128.93375461,178425.369322747,3.0,639759.6382294644,13.368847819527096
6218.0,1265304.20388445,172649.71286884,2.0,92136.90909090912,11.431030892137231
6221.0,1293270.8720091,188916.898229495,3.0,77116.25939673142,11.253069424434997
6222.0,1293267.02656908,188788.51198937,3.0,113516.02588510116,11.639699303161766
6228.0,1282339.90502191,204981.580293939,4.0,4616445.200698546,15.345135529811044
6229.0,1283009.72262259,204959.665029928,4.0,3967755.0733323023,15.193711020011115
6232.0,1276799.30488822,217057.017426312,4.0,302881.4470940368,12.621096744211837
6233.0,1276789.85023221,216696.982417941,4.0,224914.2664155312,12.32347457041988
6236.0,1284235.49510384,198822.943999633,3.0,259047.93810949317,12.46476841278062
6238.0,1276341.66411975,206860.572935864,1.0,0.0,
6239.0,1276323.84427974,206154.251527146,4.0,309091.3004166464,12.641391982841073
6244.0,1282939.07743852,202003.632514894,3.0,89809.48838138774,11.405445909971203
6245.0,1282938.53407851,201875.147906765,3.0,37863.5118146546,10.541743178376372
6246.0,1254732.10793763,192304.989560962,1.0,0.0,
6247.0,1265266.88670042,193750.04665044,4.0,1110074.9834263558,13.919938123643297
6248.0,1265249.69284441,193081.638265759,4.0,530204.0925797363,13.181017291743025
6251.0,1285577.67417721,209945.360075027,4.0,164904.47555799538,12.013121649222407
6252.0,1285886.94816153,209940.738379017,3.0,33518.15508351234,10.41984251380661
6253.0,1259175.88771819,197311.430654094,3.0,131092.7042799342,11.78366001816463
6255.0,1274267.18661363,211395.740364507,1.0,0.0,
6256.0,1274424.20926979,211393.822092503,4.0,247330.707216966,12.418481615703877
6261.0,1261358.76592842,188169.130996734,3.0,254456.77829764597,12.446886270678263
6263.0,1288210.13248391,185321.924785808,3.0,46592.0,10.749184131556358
6264.0,1288204.01632391,185109.678769588,1.0,0.0,
6270.0,1283194.48275077,201872.645570755,3.0,5253.252735166343,8.566602732335395
6280.0,1256618.39478756,196150.535292909,1.0,0.0,
6281.0,1256618.46109156,195550.273404285,3.0,271984.00825147284,12.513498550356632
6292.0,1287338.33203502,189521.127670109,3.0,213239.5973017797,12.270171682460798
6293.0,1287330.24838701,189196.65355777703,3.0,238678.4832960758,12.38287266706612
6294.0,1252584.68604743,212687.20206183204,3.0,477239.0378216439,13.075772771856709
6298.0,1283916.75980751,199916.40704076,3.0,56887.344389095706,10.948828176906446
6299.0,1283908.67884751,199246.653440073,4.0,794604.8142787884,13.585600181089296
6300.0,1257517.16662848,212933.491598085,4.0,181216.9884237497,12.107450423294237
6301.0,1264985.14090812,193758.363898456,4.0,1564542.4957156992,14.26310400421224
6302.0,1264967.97098811,193090.055545762,4.0,1573482.848839557,14.268802095420556
6306.0,1254985.67926589,216979.881810233,3.0,52640.85766900511,10.871247858970667
6309.0,1277868.14661732,218082.25685136,4.0,1299072.7387766943,14.077161290064
6310.0,1257987.69814897,202575.690435484,4.0,2365515.171032962,14.676506387489955
6311.0,1257979.85334896,202245.94406715,3.0,40249.086099572174,10.602842576988243
6316.0,1271198.87877049,198941.215743765,4.0,174761.69882973877,12.071178603948193
6320.0,1266026.27300519,168707.474080801,3.0,4708907.685904095,15.364966525275646
6321.0,1265834.127021,168573.952992663,3.0,4679558.182832834,15.358714258059761
6325.0,1282443.676478,178856.815979198,2.0,83919.68641080607,11.337615506299684
6326.0,1282662.14751823,178717.903851047,3.0,53767.20889812735,10.892419060294413
6328.0,1271503.8847228,198931.936255753,3.0,46687.56358017944,10.751233103698706
6329.0,1283567.87993516,205879.785222858,3.0,250890.59092796317,12.432772230367796
6330.0,1283820.87487942,205874.192710862,3.0,180518.43713716904,12.103588196342908
6347.0,1275196.32056658,203965.58035691097,3.0,1103925.1050592046,13.914382663897682
6348.0,1275485.26623088,203721.020484656,3.0,1385965.0667995864,14.141907254085048
6349.0,1253560.40419243,216815.948690057,3.0,638736.6614123224,13.367247537952966
6350.0,1253661.51952054,216678.579217926,4.0,405061.38867154025,12.911793911568815
6351.0,1276476.92331989,217064.835346311,4.0,164256.9201196053,12.009187067085557
6352.0,1288907.25184463,191029.51141566,3.0,562191.9002336984,13.23959853008237
6355.0,1292850.67732066,187397.803507939,3.0,1571.5896746239991,7.359842917685628
6356.0,1281757.1076453,215049.140240252,3.0,3601.815927933971,8.189193421691071
6357.0,1269580.92433684,186481.323698997,3.0,90106.97727412838,11.408752879822678
6358.0,1268252.60971147,186471.60126699496,3.0,57548.49807428006,10.960383316055871
6359.0,1285494.94470513,178434.776426762,3.0,222023.8109041708,12.310539911427961
6360.0,1285618.68294525,178434.33188276002,3.0,408068.9810509715,12.919191510298734
6363.0,1277128.36428057,217352.040146619,4.0,1065458.987012969,13.87891623800426
6364.0,1277447.84460089,217344.43355460503,5.0,1105309.107049218,13.915635588701653
6367.0,1280880.7406684,209682.091914758,4.0,159036.0628430061,11.976886265818166
6368.0,1281161.06815669,209728.859530807,3.0,14780.56391491705,9.60106834769296
6369.0,1285935.55929758,186635.094387159,4.0,119981.94075274943,11.695096516711779
6370.0,1286598.10912226,186609.924467131,3.0,177676.91955530614,12.087722121381248
6373.0,1286556.64333022,202661.748995572,3.0,307111.3121783649,12.634965541238504
6374.0,1286549.84646621,202481.778883383,3.0,229484.67600382428,12.343591535028272
6384.0,1258056.87683703,213811.28999899296,3.0,111136.39796180018,11.618513536391479
6385.0,1258035.23152502,212918.857102066,4.0,286895.053981328,12.566871762299515
6388.0,1281635.71058919,170428.064482555,3.0,110372.8706145609,11.611619645439854
6389.0,1282230.79238179,169806.025697932,5.0,1781542.821972781,14.392990300771297
6390.0,1292368.97095217,186981.625523508,4.0,434937.0225427029,12.982956523825898
6391.0,1292153.81453595,186634.079923153,2.0,1452.9015542070265,7.281317907804181
6392.0,1291646.68627943,188705.659445271,4.0,245416.53109496276,12.410712172865258
6393.0,1251065.78518188,213405.227534577,4.0,848648.7527885517,13.651400660946875
6401.0,1275082.57343046,212026.298189163,4.0,1460107.178318734,14.194020400797504
6402.0,1275301.82987869,212023.149261162,4.0,1400711.4652272495,14.152490854948995
6403.0,1282860.22879843,212497.269005641,4.0,479992.043754173,13.081524807234558
6404.0,1283023.03852659,212510.263117656,3.0,467454.7297302225,13.055057788220424
6407.0,1283082.92159866,208605.105545655,3.0,459076.7931931869,13.036972780480468
6410.0,1275495.12415089,216418.906833664,4.0,80164.22582976555,11.291832632366372
6411.0,1275487.52043888,216158.838481396,4.0,293363.7000937521,12.58916841547502
6414.0,1279500.59116299,202004.801154897,4.0,453503.7677728171,13.024758856711895
6427.0,1284541.14444815,183593.716272041,4.0,224951.8551545016,12.323641681199089
6428.0,1284535.17004815,182888.683247328,3.0,274291.34867635067,12.52194613678686
6429.0,1275693.09355909,206574.50496757,4.0,260649.1690884941,12.470930602347297
6430.0,1276171.64210358,206562.691655561,1.0,0.0,
6432.0,1279896.7245394,219014.499092311,1.0,0.0,
6433.0,1284248.25619185,199690.938688532,3.0,83848.8879353366,11.336771504615244
6441.0,1258524.67414951,189527.511798114,3.0,76299.24391528392,11.242418307856267
6442.0,1257817.60272479,189550.703030139,3.0,43570.758469697525,10.68214152703198
6444.0,1261712.97220078,191148.302199781,4.0,357101.78662549256,12.78577613672178
6445.0,1261705.30948077,190546.644599169,3.0,279053.6932079401,12.539159491061591
6446.0,1264968.98212411,190437.833143055,3.0,347989.5434049794,12.75992771061833
6449.0,1288051.77389175,184686.869937167,3.0,885799.8471037006,13.694246297863069
6456.0,1291070.13203885,181657.80875006304,3.0,31820.788217396574,10.367875072716235
6457.0,1290962.37434272,181375.214125767,3.0,64831.46422580175,11.079546323534872
6466.0,1262506.41418558,189271.234741852,3.0,262181.3535214658,12.476791732304138
6467.0,1262380.44202547,189109.140277684,1.0,0.0,
6468.0,1279942.25599544,184155.07211262,1.0,0.0,
6469.0,1281174.8092767,184235.357360706,3.0,393305.6965399803,12.882342442271227
6475.0,1256590.56381153,199754.110144585,3.0,84990.60380782686,11.350295985924747
6476.0,1256431.34665936,199757.8771846,1.0,0.0,
6477.0,1284221.63321583,197902.597118691,3.0,612919.8949601625,13.325989529316
6482.0,1257945.26582892,200887.795201749,3.0,372970.0458527011,12.829253389376321
6483.0,1257624.03882059,200878.04064174,3.0,1178034.3789316292,13.979357826920307
6484.0,1277333.06994477,201485.21561835695,3.0,5549543.193553481,15.52922617486733
6485.0,1277937.72914539,200767.349889636,3.0,644575.6485808535,13.376347470083724
6487.0,1256938.7963879,210526.712587625,4.0,1639183.0258844013,14.309708520731446
6488.0,1256609.16944355,210553.640395656,4.0,1466607.175261183,14.198462247075787
6489.0,1261106.01085615,195169.002491891,3.0,1465011.5911505113,14.197373712450135
6492.0,1271995.74494731,205426.708998397,4.0,454984.8889834415,13.028019486356186
6496.0,1286118.65932977,203515.44122044704,3.0,45220.9540323444,10.719315843184475
6498.0,1254742.60854565,204026.02317296,3.0,102364.68335219928,11.536297042960928
6499.0,1293845.70976968,186038.858994544,4.0,959166.7396494178,13.773820206999812
6500.0,1294502.74093835,186005.914226517,3.0,220894.0472176585,12.305438441184803
6509.0,1274978.48639037,207019.510280028,4.0,272645.4657160308,12.515927569796082
6510.0,1275703.68933511,207000.642248005,4.0,227232.7818601463,12.333730241777136
6516.0,1286391.66201805,192918.476153597,3.0,675777.4902124172,13.423619144350706
6517.0,1264111.63639523,198731.992127538,3.0,4649870.905782163,15.352350014980777
6518.0,1277906.56415336,206770.38183178,4.0,45937.58673339324,10.735038944027277
6519.0,1263057.39505015,192462.740857124,3.0,49431.68733730438,10.808346941613683
6520.0,1257465.63658042,189250.40018183,3.0,139324.09084839272,11.844558087014637
6533.0,1258935.71331793,216354.328593597,1.0,0.0,
6537.0,1274022.41477339,213963.549263135,1.0,0.0,
6538.0,1274141.93950951,213960.670927137,4.0,127423.97964281192,11.755275227664406
6542.0,1255458.18614638,200153.569665,3.0,124414.4925685203,11.731373952248596
6543.0,1255483.5805144,199891.159424737,3.0,1427765.8106266584,14.171621410271895
6544.0,1281107.41574064,196610.289021373,4.0,56763.308809883136,10.946645424322671
6545.0,1281407.41804494,196603.100989372,4.0,126414.59670285883,11.747322234271701
6552.0,1279695.5219152,204544.388613492,2.0,46591.99999999999,10.749184131556358
6553.0,1279965.07058747,204528.776133478,1.0,0.0,
6561.0,1257538.1183725,217882.076179162,3.0,2608421.797881714,14.774255921268027
6562.0,1257188.61514014,217682.976146951,4.0,1412710.0225784034,14.161020419500769
6567.0,1257127.77373208,217582.05870685,1.0,0.0,
6568.0,1285319.48537695,177296.715433598,1.0,0.0,
6569.0,1285316.99520095,177012.869545311,4.0,139770.0,11.847753493478953
6570.0,1277218.64984865,179421.498923764,3.0,276937.037186499,12.531545456756513
6571.0,1277207.84415264,179093.602539435,3.0,267926.3793671709,12.498467517901139
6575.0,1265896.10327706,170036.465186164,3.0,132950.06806440483,11.797728908625942
6576.0,1265566.09969272,170036.311330155,4.0,191524.12754691,12.162769072078524
6579.0,1280227.48242773,210395.765707493,2.0,834.1075097337073,6.726362302604359
6580.0,1280213.89714772,209942.508747026,3.0,391172.1560873829,12.876903038963944
6581.0,1262798.04484189,208419.791945472,4.0,1656253.8668338768,14.320068903406096
6584.0,1276970.25893641,202419.644483328,3.0,2688916.124342508,14.804648742627109
6585.0,1277193.99903263,202410.682563305,3.0,2567904.469431931,14.758600742723063
6592.0,1289732.39552547,189162.778613746,4.0,1491120.355059308,14.215038311521507
6593.0,1289719.16128546,188602.398197174,4.0,74776.790187524,11.222262824201524
6594.0,1280588.76287611,210922.936844021,3.0,158671.4791004755,11.97459117455067
6595.0,1277631.49157707,202393.157315299,4.0,2535529.375964912,14.745913000016753
6596.0,1277626.13068107,202002.3143069,3.0,49777.32141542346,10.815314766025152
6602.0,1267342.68113454,175253.2109835,4.0,7291441.571901455,15.80221183092412
6603.0,1266949.39972614,175257.94813551,3.0,733980.8023992241,13.506238152485162
6606.0,1264083.99178721,190440.156343058,4.0,320764.8715184302,12.678463646230597
6607.0,1283776.86476737,172313.710308492,2.0,12.0,2.4849066497880004
6608.0,1275683.03480709,206169.970631167,4.0,640546.9221289721,13.37007765622889
6610.0,1260925.12304798,200468.76128132603,3.0,179492.59108606726,12.09788921077209
6611.0,1252100.34972693,214719.179599911,4.0,331696.12111370143,12.711974530907472
6613.0,1259661.21027867,191201.567863837,4.0,131564.97156110758,11.787256088895074
6617.0,1258731.07926972,196549.170365304,3.0,2459283.1620799694,14.715380467915569
6620.0,1260553.15299959,198481.688447282,4.0,463173.7140797987,13.045857455098277
6621.0,1260533.56778356,197817.428990602,4.0,191696.2932155423,12.163667592464638
6625.0,1265991.20318116,174271.687654495,4.0,701822.8398408209,13.461436286259453
6626.0,1265986.76190116,173943.209958166,4.0,591406.7337497969,13.290259272453035
6628.0,1261068.78749612,190655.92523928,3.0,565465.0642559828,13.245403794125933
6629.0,1261076.45808813,189818.985974416,4.0,589973.8640727086,13.287833516718859
6632.0,1269615.05220887,187899.171892449,3.0,19821.06362405328,9.894500470624395
6633.0,1269944.35505721,187849.415796399,3.0,48397.542842001945,10.787204323688766
6639.0,1288296.05818,189904.637366503,3.0,37041.74330235289,10.519800753050871
6647.0,1283411.320895,197587.354942366,4.0,59920.4954470604,11.000773886632558
6648.0,1283643.90111923,197585.365758374,1.0,0.0,
6652.0,1287042.59347472,187451.074995995,4.0,269549.26785328565,12.504506464694659
6654.0,1265547.17450871,194411.140155122,4.0,1617231.4300691015,14.296226251428251
6655.0,1266887.65611008,189001.368181586,3.0,69047.65267713397,11.142552163721362
6656.0,1266897.73681408,188662.096885234,3.0,77522.82256031953,11.25832765663863
6657.0,1257464.14774843,199401.665280238,3.0,3979.544567317324,8.288922661408554
6658.0,1257461.01290043,199280.195712104,3.0,79479.49065587102,11.283254288188639
6661.0,1255102.32438602,213907.97390309,4.0,206739.36661342136,12.23921418043113
6662.0,1285049.16243267,206523.998151526,3.0,14619.66458657722,9.590122790946014
6664.0,1288211.07968391,184565.265841037,3.0,277298.5499032535,12.53285000224744
6667.0,1284426.22963203,190145.754998758,1.0,0.0,
6668.0,1284408.70406401,189784.64056637895,3.0,186350.0,12.135381904907405
6669.0,1281786.03410934,210548.948427647,4.0,850669.8520047348,13.65377937929137
6670.0,1282055.6890856,210541.462923631,4.0,794264.583674262,13.585171913529779
6676.0,1253284.55766414,210005.094219089,4.0,445238.9425799716,13.006366366660428
6677.0,1253265.14627212,209372.343178436,2.0,46592.0,10.749184131556358
6678.0,1262576.18244167,193808.929466501,3.0,33036.01349610339,10.405353563457687
6679.0,1262426.20669751,193811.673210502,3.0,430504.09049818007,12.972712104542714
6683.0,1280072.48108357,221069.933014423,4.0,125677.61383191786,11.741475286688777
6684.0,1280219.03922772,221064.493718415,2.0,9886.473878308016,9.198922826999706
6687.0,1282611.61676618,198661.42335946896,3.0,12142.4594089514,9.404463631323754
6688.0,1282613.61811018,198224.310015023,3.0,268.9148618064384,5.5943948306446805
6695.0,1287942.17664364,187430.18923597,3.0,248750.3230729088,12.424204953805559
6700.0,1277757.1245372,176459.385064736,3.0,188502.4556207333,12.146866312951044
6703.0,1262200.03293727,210419.920139506,3.0,104812.86915986773,11.559931840657086
6707.0,1277483.99583292,206263.186695263,5.0,1084203.4204374745,13.896356100606456
6708.0,1272407.64638773,195290.568188027,3.0,700270.3464293033,13.45922174865069
6709.0,1273057.65163639,195275.223100007,4.0,389182.7811842077,12.871804386753656
6710.0,1285597.61766523,200216.257857069,2.0,31514.644520827904,10.358207622201789
6711.0,1286277.65440193,200199.776577041,3.0,31235.947544977294,10.349324875468097
6712.0,1273716.79006907,208426.77255347403,3.0,104604.28953428916,11.557939838704135
6713.0,1274032.5374614,208421.555081472,3.0,84726.56280200864,11.347184441888004
6714.0,1280462.20242798,219894.225685209,2.0,2450.6404556991424,7.80410467986645
6715.0,1280628.72838014,219887.609877214,5.0,172402.27037549423,12.057585806356421
6721.0,1257074.72950803,203932.834052876,4.0,769488.8090819624,13.553481689051956
6722.0,1257048.563236,203273.282564193,4.0,945942.5371286524,13.759937103196117
6724.0,1264795.31479594,197723.798270509,4.0,421093.9047858539,12.950611139540047
6725.0,1269599.39934485,187151.10021168,4.0,621635.8686971446,13.340109780195009
6726.0,1279980.41106749,170469.386210606,3.0,46604.0,10.749441653339831
6727.0,1279976.48588347,170257.474594384,1.0,0.0,
6730.0,1256911.10057986,209204.074186265,4.0,1842917.5375737192,14.42686049206641
6731.0,1256577.29648352,209223.609226286,4.0,1457156.774111997,14.191997680014751
6738.0,1281197.26886073,192895.878457561,1.0,0.0,
6742.0,1255470.87350638,205960.25127095,3.0,57805.96020702877,10.964847167112861
6746.0,1281799.57510135,204993.66496595705,3.0,5526695.372305603,15.525100613013757
6747.0,1281892.48537344,204724.152005687,3.0,839254.5100813118,13.640269288770424
6756.0,1284103.47827171,189670.564662263,1.0,0.0,
6757.0,1284093.97145569,189451.337462038,2.0,46591.99999999999,10.749184131556358
6758.0,1289178.8789169,184696.706865177,3.0,399250.3409971236,12.89734392017113
6759.0,1289171.4963889,184565.453489035,3.0,428762.1512744504,12.968657618225583
6766.0,1255471.00272238,196652.24300541,3.0,591994.3044085393,13.29125229288834
6775.0,1276989.76844043,212522.579661667,4.0,135080.73662788465,11.813627927755917
6776.0,1258036.63114101,203894.884356827,4.0,1255229.7205796763,14.042829158084055
6777.0,1257716.28010069,203907.540804848,4.0,450429.912529402,13.017957766855911
6779.0,1266551.72766173,197051.066621825,4.0,1376474.5790603058,14.135036135584826
6780.0,1266236.91300541,197060.689661831,4.0,244916.07067163897,12.40867086214962
6783.0,1271183.01464248,198421.488127232,4.0,344265.9317423937,12.749169695091258
6786.0,1284352.62054396,205586.17395857,3.0,315718.92689886806,12.66260762491522
6787.0,1265531.20542069,191098.181879729,3.0,175820.8706860321,12.07722097553733
6788.0,1265281.85450843,191099.119223729,4.0,450654.2314388707,13.018455653575158
6796.0,1255071.59344198,192693.199737355,4.0,1026326.7348151512,13.841496709002353
6807.0,1259112.59818211,212888.103886038,4.0,135931.87817155934,11.819909143430625
6808.0,1258846.82179785,212896.360078052,4.0,351287.616187072,12.769360586243652
6809.0,1261576.92919263,199662.859968498,3.0,163307.95795499944,12.003393009889981
6810.0,1261566.93316063,199121.22393594697,3.0,49357.93358258395,10.806853793492728
6811.0,1284598.03801621,206528.800327525,4.0,181329.8282320296,12.108072907380373
6812.0,1284594.0872322,206353.623815343,3.0,75333.70020995557,11.229682859618112
6813.0,1265979.90462115,199021.630975842,3.0,52278.21124186076,10.86433495219223
6814.0,1265970.65041314,198769.80531159,3.0,225751.36761209485,12.32718952934325
6815.0,1271851.60977916,198410.097727209,5.0,148142.06717885143,11.90592700569465
6816.0,1271834.70789114,198141.396478936,4.0,591409.1987632676,13.290263440495423
6818.0,1278479.45740195,206294.821127295,4.0,349053.32856096764,12.762979993410859
6824.0,1271626.03313893,206253.84320724,3.0,26088.49281914852,10.169249607935797
6825.0,1275196.45445459,204111.545285046,3.0,238535.5024562357,12.382273435491241
6829.0,1268703.70001593,177367.842921674,4.0,558506.8610130668,13.233022182130469
6830.0,1268043.62455925,177375.99050568,4.0,1287915.1612159903,14.068535314855877
6831.0,1268502.20631973,172301.344804481,3.0,189998.72575019265,12.1547726445422
6832.0,1288348.19552405,184310.183664784,2.0,532.7965312586936,6.278139608804636
6834.0,1258363.33750935,214478.533135667,3.0,34715.92222506495,10.45495371444203
6841.0,1256339.41865927,213205.508110359,4.0,467263.84068775584,13.05464934646873
6842.0,1255999.71165092,213217.392910376,3.0,307493.66122799454,12.63620975212354
6845.0,1275882.01343128,212893.722958043,4.0,766824.6133195113,13.55001338838588
6846.0,1276052.01016746,212890.362382039,3.0,148245.07703036314,11.906622109093512
6847.0,1277467.65823291,201750.74854663,3.0,582271.0854943651,13.274691400906882
6848.0,1277459.37016889,201509.635842383,1.0,0.0,
6850.0,1249798.55676457,214488.741071686,3.0,138200.80814484213,11.836463037945803
6851.0,1249648.23126042,214434.64046362,2.0,46591.99999999999,10.749184131556358
6856.0,1258502.2434295,196829.122557595,4.0,381481.2482020185,12.851816975686075
6862.0,1274491.23077387,214903.367248103,4.0,155640.77045726194,11.955305877338498
6868.0,1288568.53370027,189178.920949757,3.0,3591698.445037634,15.094135753053136
6872.0,1280160.34937167,219412.577044725,4.0,339509.3708792799,12.735256827600784
6878.0,1285857.43641751,207796.330952823,5.0,164056.3082506936,12.007964990869652
6879.0,1285851.5377935,207368.008968383,4.0,302391.75018433377,12.619478641778915
6880.0,1276942.75608838,207694.462344721,3.0,418409.71144630894,12.944216402377222
6881.0,1276868.7030963,207541.10868056104,3.0,45526.14502973247,10.726042055948538
6886.0,1288116.97587581,192795.344505459,1.0,0.0,
6887.0,1288401.82566811,192563.683577225,2.0,46591.99999999999,10.749184131556358
6894.0,1285939.89196959,178520.48657085,3.0,167428.89114835317,12.028314009651098
6903.0,1285007.73209663,204641.898885593,4.0,779333.1023001706,13.566193835896259
6904.0,1277709.14527316,206781.66989578295,3.0,88130.86272265839,11.386578065251038
6907.0,1254864.39670576,213916.315087095,3.0,78526.35184146662,11.271189539686446
6915.0,1280460.10335597,215895.085713118,4.0,63911.42832774549,11.065253471443965
6924.0,1258880.09565388,208844.973833904,3.0,3688141.5885750414,15.120633254617731
6927.0,1253655.16745652,216007.900433242,1.0,0.0,
6930.0,1287836.16672353,176175.967976451,4.0,301984.9020333705,12.618132301840317
6931.0,1288080.19539578,176170.911592439,1.0,0.0,
6934.0,1281263.8868448,220708.062678054,4.0,4691451.899581282,15.36125266598597
6935.0,1281576.18412511,220696.766102031,4.0,599367.6320026271,13.303630431743661
6936.0,1261445.96388051,197793.799422577,3.0,126746.33980969289,11.749943043795392
6947.0,1266527.05246171,173940.671590164,4.0,106540.47137511957,11.576280204856918
6950.0,1285311.68358494,206521.03655152,3.0,10690.854213054425,9.277143908502454
6951.0,1285297.41126493,205713.93485470104,3.0,43738.30643310526,10.685979574530664
6955.0,1283588.54361518,200570.514689431,4.0,2184738.6106113247,14.597006750344871
6956.0,1283585.28934318,200246.195457101,4.0,2027763.96383611,14.522444248278555
6959.0,1279656.39762715,215358.62619257,3.0,113650.71619047898,11.640885130980843
6963.0,1286358.07552202,195279.443580016,4.0,341987.21015152405,12.742528618127682
6964.0,1286653.51680231,194944.346427664,1.0,0.0,
6972.0,1271269.85137856,205993.761350974,3.0,19679.475053269805,9.887331496128015
6982.0,1286094.59769775,192926.686457604,4.0,832439.2917389716,13.632115575341667
6984.0,1280440.98892395,214849.176400051,4.0,55314.19573400723,10.920784858618342
6985.0,1280431.67199595,214374.606799558,4.0,198934.71020704904,12.20073196046171
6994.0,1258153.41635713,206522.269191518,4.0,143365.05829796602,11.873149511472777
6995.0,1257760.99683674,212223.536973357,4.0,195809.1673432053,12.184895827917183
6996.0,1257504.61418048,212231.668493375,4.0,89897.97095619563,11.406430650196057
6997.0,1256994.57321994,213182.640718341,3.0,13782.57959562675,9.531160725569727
6998.0,1256674.27005161,213193.815566361,4.0,387327.55974248966,12.86702602161433
6999.0,1282096.37042965,212661.726733804,4.0,37483.81538531071,10.531664529071803
7003.0,1283979.66361558,206535.529287532,3.0,19402.916683908323,9.87317867828217
7004.0,1284088.82380769,206534.370823532,3.0,17189.652125303874,9.752062861133373
7007.0,1261792.36874487,195157.952315882,3.0,1548843.6900637054,14.253019204083666
7008.0,1282348.0536299,211541.845068663,3.0,88644.98324663186,11.392394719338519
7017.0,1288269.27379598,183806.040304258,3.0,71608.94351711098,11.178975254605058
7018.0,1288249.54579595,183158.375599593,1.0,0.0,
7019.0,1294478.44244233,185211.048369706,4.0,859350.9289450555,13.663932649489942
7028.0,1283991.7649276,200565.144897416,3.0,983906.7494340544,13.79928640470842
7029.0,1262775.65252186,194473.640059188,3.0,929971.9377766756,13.742909690240499
7030.0,1262442.69028153,194479.384763196,4.0,2024159.51477791,14.520665117933182
7033.0,1279477.55417097,200885.035009757,3.0,135165.9108076003,11.814258271801581
7034.0,1260276.3274633,189831.209718436,3.0,50599.66467550436,10.831700228287282
7035.0,1279382.37490687,217304.103570566,2.0,749779.5406508765,13.527534496503128
7036.0,1279358.55570684,216324.830289558,4.0,765859.9079686394,13.54875454422732
7039.0,1259483.8214785,187878.679476425,2.0,5539.237617860073,8.61961215616696
7042.0,1258521.3657335,189438.611702025,1.0,0.0,
7043.0,1284913.80774453,199438.216384262,4.0,153201.38000066188,11.939508544085276
7044.0,1284907.33235253,199187.935744017,4.0,682959.6556856725,13.434191067533998
7050.0,1292812.97664863,186476.892914996,1.0,0.0,
7053.0,1271950.79851526,177847.677546158,4.0,775516.115694924,13.56128404242075
7054.0,1270421.6224497,174571.501350805,4.0,122615.68346267582,11.71681021814181
7055.0,1270711.20094599,174568.071270794,3.0,46622.0,10.749827811712468
7070.0,1285868.99737751,208652.355785698,4.0,56263.99617494181,10.937810110003738
7073.0,1259439.02762245,194540.802299246,4.0,6291385.050151016,15.654691803188586
7074.0,1259412.41085443,193886.138618588,4.0,5310110.43420921,15.485123190404723
7075.0,1256767.83056371,215645.968784869,1.0,0.0,
7078.0,1282612.73945418,198953.414911777,3.0,39197.34155325283,10.57636420595978
7082.0,1262044.50141712,188189.773684755,4.0,2184985.9220312512,14.59711994348478
7085.0,1261783.34608886,210822.860619932,1.0,0.0,
7086.0,1261557.25860062,210826.634891927,4.0,191519.69088749296,12.162745906794534
7096.0,1272439.13419576,211737.07438086,3.0,53576.619751301005,10.888868053226822
7097.0,1272437.68305977,211416.934220538,4.0,656093.5822113822,13.394058713561888
7104.0,1256287.86237122,200201.138433054,3.0,280091.61774928315,12.542872034878537
7105.0,1287349.99801902,189996.729718596,4.0,178943.2303864632,12.094823885841638
7118.0,1257100.95485206,204592.366533548,4.0,819124.3667472563,13.615991203257117
7119.0,1256740.32470769,204606.613253564,4.0,659390.9018055501,13.399071811838121
7121.0,1285199.97574483,200548.28307341,4.0,2008399.652149559,14.512848769944883
7122.0,1285604.99302524,200542.913025394,4.0,1092802.1510730332,13.90425573620177
7128.0,1261084.81962414,194506.116667211,2.0,239671.93536088645,12.387026331218559
7129.0,1260774.88451982,194512.508411229,4.0,523406.850508641,13.168114357469108
7130.0,1255667.32585859,197128.112765908,1.0,0.0,
7131.0,1255484.7802584,197133.298749909,4.0,142078.37139505747,11.864134095569208
7134.0,1257858.50813283,197673.655294463,4.0,177582.19135598195,12.087188830615945
7135.0,1257197.53667615,197718.201150507,4.0,93816.13355340448,11.449092119707343
7140.0,1256401.10160334,205281.452422246,4.0,1353522.3106827678,14.11822087159681
7152.0,1262612.4963617,168595.420832679,3.0,46820.83507325745,10.75408357670937
7153.0,1262056.71172112,168596.633056685,2.0,30625.201736197792,10.32957853512975
7156.0,1283097.61715068,209550.077386618,3.0,82973.40611048111,11.32627542712957
7157.0,1283405.18835099,209545.767690614,3.0,288060.0776473212,12.570924340305602
7158.0,1285264.77222489,186233.073522747,4.0,119266.93323908072,11.68911939648185
7159.0,1264760.9375799,211024.056076139,3.0,18123.625872231783,9.80497166290302
7160.0,1264915.70730805,210664.42490775895,3.0,106622.14112185802,11.577046471978322
7163.0,1281227.45842876,194258.357370958,4.0,333289.2496002519,12.716766009350959
7164.0,1285706.44326535,205158.216134131,4.0,1189123.7249048778,13.988727228211223
7165.0,1285685.93478532,204890.869189858,4.0,1581741.188267375,14.274036816117922
7170.0,1275656.02770306,216414.706385657,2.0,981.3207970944992,6.888899416399161
7171.0,1275816.24063122,216410.523985654,4.0,122096.02895784553,11.712563136702148
7173.0,1267964.75204718,173607.248357818,4.0,665631.6920011495,13.408491781540036
7174.0,1279844.93855534,180830.248045206,2.0,3245.796953098955,8.08511619316021
7182.0,1280576.74847609,203952.969860896,3.0,82619.83695733167,11.322005087544447
7183.0,1279773.27077927,221081.695126429,4.0,205546.24027074868,12.23342630108965
7184.0,1279759.92133926,220751.38639009,3.0,47493.94396849375,10.768357486494372
7187.0,1252372.34524721,213320.58203049,3.0,599852.9227441751,13.30443977538961
7188.0,1252362.5903672,213083.339406237,2.0,46592.0,10.749184131556358
7193.0,1274246.05413361,218174.333779454,4.0,339467.3192354948,12.735132959890887
7194.0,1274234.9567256,217627.939218894,3.0,199136.14314539827,12.201744006201032
7195.0,1253149.80137601,216402.303569645,3.0,35120.69679512278,10.46654588796006
7196.0,1252889.55382374,215320.885072529,2.0,4976.063869562867,8.512394469859725
7201.0,1254371.32022525,216901.724434152,3.0,554057.3645475298,13.225023506483566
7206.0,1266706.33591789,176455.846376732,2.0,23295.0,10.055994024250897
7207.0,1266701.04561388,176206.197224483,3.0,139764.99999999997,11.847717719783347
7211.0,1260738.83312778,205129.579398096,4.0,377260.6957734236,12.840691728178944
7217.0,1280856.46969238,204178.536005124,1.0,0.0,
7218.0,1284331.15142395,209532.791050598,4.0,147200.65514928068,11.899551936009404
7219.0,1284325.17932793,209102.832266167,4.0,617332.5024765596,13.333163059638943
7222.0,1274399.33630978,209736.292938814,4.0,746541.231696278,13.52320612778675
7223.0,1274374.60139774,209073.792906135,4.0,626717.8797009881,13.348251765725994
7224.0,1264666.73732381,174933.656807169,4.0,4998515.893001515,15.424651604938488
7225.0,1262879.23236197,193803.586618498,3.0,87360.93593059489,11.377803504412585
7226.0,1262774.23485786,193805.405498505,3.0,12482.312873962295,9.432067951191883
7229.0,1273008.27378035,203626.65914055696,3.0,71456.63072925874,11.176845981421051
7232.0,1257305.44496426,200962.313089833,3.0,2071428.6105825545,14.543749077237413
7233.0,1256823.90915577,201078.604545951,3.0,2020330.0771526217,14.518771460559321
7247.0,1287536.69421121,189193.43474178,3.0,1937713.7207621771,14.477019341616371
7248.0,1280678.7870042,213711.010382891,4.0,157609.4297503239,11.967875288057108
7259.0,1262053.77072912,191812.825144455,4.0,533202.130868559,13.186655863656348
7262.0,1280355.14719586,213605.379662782,4.0,87860.14870991715,11.383501610106498
7263.0,1291052.57562283,181372.163309768,3.0,62456.369930623616,11.042223510842398
7264.0,1291044.55597481,181061.209837452,1.0,0.0,
7274.0,1257852.00816482,197404.876670182,4.0,91821.602067812,11.427602865568796
7281.0,1285724.26444936,205430.10010241004,3.0,107343.72541152762,11.583791351775918
7282.0,1261301.81751236,169422.436897531,1.0,0.0,
7283.0,1260811.14531985,169185.738849282,3.0,197650.6593368585,12.19425640460016
7284.0,1271222.12184252,175125.359527364,1.0,0.0,
7285.0,1271890.90526719,175125.887719378,3.0,184464.01382855652,12.125209676438885
7286.0,1279619.66674711,170478.518754616,3.0,15402.15410013497,9.642262655252038
7287.0,1279605.37113109,169863.58396998,3.0,1541.28095238095,7.340369136924719
7292.0,1270643.06494592,206010.810886994,4.0,38145.826348626455,10.549171629643372
7293.0,1270982.95006627,206001.565830991,4.0,121210.40476277414,11.705283196810308
7294.0,1259297.7992063,188536.879285112,1.0,0.0,
7295.0,1284848.94265647,190261.793782875,2.0,46592.0,10.749184131556358
7296.0,1285380.46752101,190238.009078845,4.0,2088402.8518795576,14.551910146098697
7297.0,1257179.31037213,206561.083079562,4.0,1985959.476375474,14.5016127187343
7298.0,1256818.55913976,206575.28448757497,3.0,636555.8135093414,13.36382738128815
7301.0,1278992.87826647,208306.192137346,4.0,1612274.5730211989,14.293156518202403
7302.0,1279324.50425081,207627.264648646,4.0,813488.2189160518,13.609086723564701
7306.0,1282587.57715015,210526.693259627,4.0,479521.1436652929,13.080543267568693
7307.0,1282588.76870215,209900.609866977,4.0,151118.49702183425,11.92581955653193
7308.0,1254201.71657708,207704.724488735,3.0,58198.11211589312,10.971608195322158
7321.0,1259019.03242202,203184.851972103,4.0,917273.0189197268,13.729160437481518
7322.0,1258995.449766,202520.307331428,4.0,1057447.829274352,13.871368854666082
7325.0,1279752.17759524,217502.776402771,3.0,284408.90114744764,12.558168274408256
7326.0,1279907.0890834,217498.51457876,3.0,242255.12148227863,12.397746670839254
7329.0,1262757.43536985,193137.345785812,3.0,37160.35663395613,10.522997790135653
7345.0,1280738.03359626,216842.573010087,4.0,125568.31425069094,11.74060522611541
7348.0,1257395.55600436,203920.171332851,4.0,592628.3193112694,13.292322701220195
7349.0,1289757.0004535,190999.300855622,3.0,523125.7029487428,13.167577063974065
7352.0,1266407.27940558,178725.419883057,4.0,34921.79925294338,10.46086653362455
7353.0,1269401.60478465,179173.955755517,4.0,723061.7847791876,13.491249953615858
7361.0,1259221.67075823,199181.527296007,4.0,2903790.654942855,14.881527563810021
7362.0,1284926.91200055,200226.91827307604,3.0,172086.09665592245,12.055750192509285
7363.0,1294158.743946,188492.794101059,3.0,538463.9815934276,13.196475886792694
7364.0,1256771.89059572,189926.305014521,4.0,77018.11972520921,11.251795994258766
7372.0,1257098.74358805,220494.346517831,3.0,1518113.0111657567,14.232978681574913
7373.0,1256489.20278743,219879.093205199,1.0,0.0,
7375.0,1275637.06610304,217900.194579169,2.0,38123.78339909109,10.54859360255704
7378.0,1280086.65561159,217899.965907171,4.0,175503.76572101825,12.075415778757677
7379.0,1280346.51372387,217892.503315166,4.0,184931.9098249564,12.12774298131136
7380.0,1280406.60677992,207433.575752452,3.0,7539.698317470585,8.927937449255996
7381.0,1280402.46796392,207197.252040207,3.0,2227890.991605488,14.616565952263915
7388.0,1259201.45853421,189505.370486096,3.0,1668592.4221384851,14.32749096799097
7389.0,1260390.06768742,192034.860792682,4.0,823907.1456713701,13.621813115249893
7390.0,1260206.41680723,192042.596344694,3.0,110139.7135860646,11.60950496235971
7391.0,1266158.30750133,209864.174858943,1.0,0.0,
7406.0,1279932.88594744,216310.548497543,4.0,367873.6832441485,12.815494906172653
7407.0,1278757.88204223,174180.016614407,1.0,0.0,
7410.0,1288668.89664438,185332.735729828,4.0,242041.99629217965,12.396866528480214
7411.0,1288660.73363638,185078.175921559,3.0,306510.2544879442,12.63300649052939
7413.0,1281497.61734104,171958.020068124,1.0,0.0,
7416.0,1276248.71218367,204087.540101022,1.0,0.0,
7417.0,1293737.56103358,183245.653615683,4.0,3133512.201338632,14.957665042476412
7418.0,1264390.94717953,203097.555524021,4.0,182549.77583272484,12.114778159105624
7419.0,1264113.43985124,203096.770116016,4.0,2000446.381751188,14.508880904496435
7420.0,1278214.57503368,205178.526790142,1.0,0.0,
7421.0,1278341.3149378,205141.065222114,2.0,46591.99999999999,10.749184131556358
7422.0,1263680.64477879,203096.23699601,2.0,4284.908391198975,8.362854451853282
7431.0,1257471.90326844,216519.350225762,4.0,343122.8334945693,12.745843777184671
7432.0,1257132.07978009,216526.915793762,4.0,355314.2580052854,12.780757910686884
7433.0,1255142.38992205,205961.358214945,4.0,251420.79630222148,12.434883293682889
7434.0,1254811.0486737,205972.226950958,3.0,152288.08555002202,11.933529305685376
7439.0,1283512.0890871,195913.647356659,4.0,323746.0644423476,12.687714735759364
7440.0,1283495.56678309,195263.101051986,4.0,1462268.516902744,14.19549956651984
7441.0,1277356.4245048,213835.248655006,4.0,87848.5143938039,11.383369182758583
7444.0,1258642.05642164,201938.644482821,4.0,1461071.1977122943,14.194680421723625
7445.0,1269096.61528035,181597.233070001,2.0,39.72228327228329,3.6819123217212764
7447.0,1294380.02369022,180864.640365243,1.0,0.0,
7448.0,1294374.63751422,180590.043820962,4.0,690172.6348661355,13.444697040737946
7449.0,1280758.76415628,179378.67319572,4.0,899278.4863225211,13.709348038923828
7450.0,1293040.37645686,180356.622380733,4.0,8510952.017904812,15.956864364786622
7458.0,1286625.29773028,191812.815672457,3.0,217516.00855621844,12.290027729359666
7459.0,1276452.74424787,212533.228301674,4.0,242368.00909552828,12.398212548789227
7460.0,1276715.81458414,212528.012045667,4.0,155362.2609089251,11.953514836128615
7469.0,1264575.80964372,170035.640994161,4.0,527910.8059251696,13.176682620246401
7470.0,1256398.30339533,199334.834752157,2.0,38078.51841919183,10.547405581089365
7471.0,1256273.25641921,199337.883584172,3.0,367112.1919210543,12.813422780377334
7476.0,1294380.17889023,179158.079467505,3.0,179725.42262334086,12.099185535349326
7477.0,1294258.1148261,178792.166827127,3.0,401519.4946623602,12.903011365766458
7479.0,1255870.55939479,217960.79745923,4.0,111661.0687653378,11.623223390422858
7480.0,1255691.09744261,217968.732499242,1.0,0.0,
7481.0,1254674.02435356,199981.86163282403,3.0,93181.99999999996,11.442309848973883
7482.0,1254619.68950552,200186.77068904,1.0,0.0,
7489.0,1261987.82109706,209102.41850616,1.0,0.0,
7494.0,1287615.29510731,200491.308801353,1.0,0.0,
7495.0,1288052.86374775,191773.425976425,4.0,131320.06730265755,11.785392884124212
7496.0,1288329.58534804,191740.55826439,5.0,296999.38109766884,12.601485333936433
7497.0,1270261.92036954,205214.675014183,4.0,94520.50597404625,11.4565720843763
7498.0,1270253.77105752,204919.203781888,4.0,161655.57778998266,11.993223287909244
7512.0,1264658.04311579,174606.379238844,4.0,89381.68021896844,11.400671020911874
7514.0,1271423.88587472,171245.4729314,3.0,306017.95742793794,12.631399063617682
7515.0,1271731.38328303,171238.561507389,4.0,889626.0310101431,13.698556463527575
7520.0,1264660.80785179,191761.740600407,4.0,501088.7417826626,13.12453849368817
7521.0,1264376.5817395,191769.052280411,4.0,1379587.3168026877,14.137294966615123
7522.0,1268881.42276812,190436.710775048,4.0,333504.4748590922,12.717411562116139
7523.0,1268924.20388816,189783.525110379,3.0,81262.16480326233,11.305435809640501
7525.0,1256196.30902714,198281.022847086,3.0,168955.59692338202,12.037391219284652
7526.0,1256158.29731509,198042.98463884,2.0,46591.99999999999,10.749184131556358
7527.0,1268577.03953581,208026.374089062,3.0,89597.85835512656,11.403086696390824
7528.0,1268910.73700815,208019.781577051,3.0,46319.61089507416,10.743320711846183
7537.0,1270509.57041779,212149.435405284,3.0,735560.5497183291,13.508388140201196
7538.0,1281333.03500487,208692.674249738,4.0,492899.5709225063,13.108060722176772
7545.0,1276979.10572042,202818.139779732,3.0,5652886.908296104,15.547676929848981
7546.0,1281461.904829,209631.419146702,3.0,31007.735578801483,10.341991987138702
7547.0,1281784.23295733,209629.208522707,3.0,19280.831842719464,9.866866712603068
7548.0,1258708.3617657,203863.378180802,4.0,4891159.038790599,15.402939855613287
7549.0,1258373.74858136,203879.102212816,4.0,2777568.4372402085,14.837086440062828
7550.0,1263279.47037838,170721.269922867,3.0,52135.698178411454,10.861605178874917
7551.0,1263103.5140902,170726.445410863,1.0,0.0,
7555.0,1272266.39403558,177183.687401474,1.0,0.0,
7557.0,1289167.02950889,184305.76305677,3.0,242090.29555648647,12.397066057680313
7558.0,1273222.04862857,176512.824296787,1.0,0.0,
7559.0,1273648.83448499,176498.15140077504,3.0,557267.3649102002,13.230800412557482
7568.0,1263598.71089071,193790.270650491,4.0,1927644.6682849484,14.47180943648509
7569.0,1263424.24010652,193793.453434482,4.0,6474511.545260559,15.683383725678963
7570.0,1267158.61585435,199493.92595233,3.0,326080.0,12.694898029016498
7571.0,1266964.84100616,199447.039232284,3.0,458946.2511980002,13.036688382399475
7574.0,1262109.72797719,194485.130491197,3.0,1188459.8909940124,13.988168817626901
7575.0,1262093.77853717,193817.728634506,4.0,1934622.587381994,14.475422820141592
7577.0,1288227.64691593,187236.110259771,3.0,349812.87807968125,12.765153656439796
7578.0,1288497.25491621,187245.440243781,4.0,671403.4078815711,13.417125439299477
7579.0,1272494.52248381,198121.07731092,3.0,154663.10891131897,11.949004539547175
7580.0,1286060.38905771,185418.560369909,1.0,0.0,
7581.0,1286162.43449782,185416.481009915,3.0,93182.0,11.442309848973883
7584.0,1287005.20640267,205663.494662642,3.0,71699.08261101594,11.180233231680416
7585.0,1284635.24524824,209098.485770166,4.0,283564.5161544305,12.555194946469403
7586.0,1284629.18163225,208669.552905723,3.0,25434.21411070377,10.143850558831952
7591.0,1262359.92829745,189799.462710395,3.0,82835.94255518616,11.324617335014802
7595.0,1257647.87933262,219204.91867651,3.0,60766.02984632782,11.014786192179516
7596.0,1270947.40421024,204607.838277563,4.0,312866.47556598,12.653531782868638
7599.0,1258739.80330174,188226.41106078,1.0,0.0,
7610.0,1259187.37130219,189193.388149783,4.0,3198141.0767048663,14.978080285444587
7611.0,1257812.75952478,189238.90968582,4.0,1091336.7447528315,13.902913874159127
7612.0,1286361.88550602,195492.429052234,3.0,423160.4447783615,12.955506688188072
7613.0,1257183.82973213,197176.688125953,4.0,1351423.4413310108,14.116668995910265
7621.0,1280278.64441179,199309.835776135,4.0,278993.0072660235,12.538941996926766
7622.0,1280246.65791576,198890.652543709,3.0,7020.864448647099,8.856641630271566
7623.0,1283406.39206299,181227.014637619,3.0,1141849.5283183262,13.948159898974156
7624.0,1283769.57836737,180895.156077281,3.0,606667.088104362,13.315735465062147
7625.0,1287019.74086669,186593.43301111495,3.0,136299.92301044438,11.822613052830791
7626.0,1257721.76234069,192275.660856932,4.0,256692.943668278,12.45563587784985
7627.0,1257060.14493202,192290.66079294696,3.0,131184.87996487587,11.784362904680853
7630.0,1279036.88082652,205369.927622348,2.0,7709.948233467403,8.950266752328272
7631.0,1279394.87909888,205349.838790327,3.0,24919.904205354105,10.123422128807087
7639.0,1281839.03564538,195934.655484676,3.0,521902.4625879354,13.165235996125709
7640.0,1282121.68569368,195927.78905268,4.0,732464.8270855857,13.504170601089877
7642.0,1267183.62366238,176209.269736484,2.0,23295.0,10.055994024250897
7645.0,1277172.3084086,201930.696962819,3.0,632629.5218020969,13.357640256172473
7646.0,1277083.86239251,201866.131842747,3.0,6260611.951088658,15.64978849406346
7648.0,1270693.97195397,198956.726207778,3.0,55574.70837942699,10.925483491484883
7649.0,1274068.60402143,207314.91130434,3.0,77806.66534304859,11.261982379286607
7654.0,1280600.08274812,202315.177219212,3.0,92229.92019467012,11.432039870943367
7655.0,1272568.64805189,204362.09466131,4.0,6000789.201242492,15.607401552082967
7656.0,1265575.98878074,195080.023355812,4.0,2086632.8069276293,14.551062227564518
7658.0,1270527.38507381,176521.964968801,2.0,46592.0,10.749184131556358
7659.0,1270633.69713791,176556.942952842,3.0,139768.0,11.84773918415428
7666.0,1255909.53897883,209238.516682297,4.0,835878.4935397266,13.636238538847742
7667.0,1282724.94924629,211534.90318065896,3.0,21291.290869275945,9.966053388706834
7675.0,1258278.40035726,211831.120396957,4.0,385645.4572968595,12.862673721951031
7689.0,1258417.2557174,187583.140020132,1.0,0.0,
7690.0,1288311.82586001,190519.900919139,4.0,735117.9608973116,13.507786256334418
7692.0,1282803.92447838,194598.456059307,4.0,687889.769606288,13.4413838854836
7693.0,1282826.2069104,194147.323130846,4.0,2993455.516870461,14.911938969330825
7694.0,1283254.61644684,196159.074684903,1.0,0.0,
7695.0,1283253.05875084,195904.616508648,3.0,55568.24705415197,10.925367220952808
7701.0,1279588.01817109,212261.593293399,4.0,6144962.630493637,15.631143219677147
7713.0,1278200.00357766,202399.557571307,4.0,1015376.7271325908,13.830770261331832
7714.0,1278976.89567445,202353.350019246,4.0,626512.5533642682,13.34792409041084
7716.0,1262141.00087322,195808.484156549,4.0,108420.31363023524,11.593770745544283
7717.0,1261807.75876087,195814.37094055105,3.0,52281.34976351797,10.864394985375768
7718.0,1252471.46710332,211654.139148772,3.0,93273.7,11.443293460710004
7719.0,1252263.6571191,211660.918028787,2.0,46592.0,10.749184131556358
7723.0,1287393.21222708,189952.819702551,3.0,63835.32370903543,11.064061979269015
7724.0,1287779.84006748,189945.281974554,1.0,0.0,
7725.0,1264187.55421931,211038.231948152,1.0,0.0,
7726.0,1264047.53085917,211041.513740152,4.0,145965.42519799792,11.891125058933335
7731.0,1273108.04651645,211089.740364194,3.0,48914.14384468197,10.797821873818632
7732.0,1273104.94878845,210451.01197955,3.0,19842.119395819795,9.895562199519624
7735.0,1282870.99718244,211193.862156302,2.0,135054.53112973634,11.813433910155416
7736.0,1282853.52639842,210519.308107615,4.0,347226.5447466371,12.757732712609247
7745.0,1279189.96287468,173771.751653984,3.0,262425.10666687274,12.47772101237004
7747.0,1292277.08500007,187399.986227944,3.0,21468.93608423653,9.974362336046335
7748.0,1291854.22919165,186742.16766727003,3.0,7378.600525047693,8.90633926885999
7753.0,1271999.1448833,205696.492294669,4.0,43680.63330651609,10.684660109089231
7762.0,1281984.51865354,204177.029125124,3.0,66773.25376356182,11.109057886585102
7763.0,1277368.17516081,214435.620111629,4.0,158205.98555894167,11.971653168991491
7764.0,1277362.58591281,214135.733583316,4.0,185329.74253551333,12.129891909568535
7766.0,1286705.89728238,205410.427910388,3.0,371120.6266342774,12.824282427919234
7767.0,1286701.37305836,205138.4665021,3.0,251073.1575434129,12.433499639962834
7771.0,1269548.6143848,208007.155337036,3.0,52314.45045606523,10.86502791124053
7774.0,1267021.66110222,187954.847668514,2.0,46592.0,10.749184131556358
7780.0,1279004.77196248,174126.279846355,3.0,109780.70258292533,11.606240042000739
7782.0,1261046.10711209,200465.520769313,4.0,425725.5878408132,12.961550257693226
7786.0,1282026.83974157,207454.665608481,3.0,49353.67289189521,10.806767467459881
7787.0,1282387.39314994,207446.296840474,4.0,743689.3139934337,13.519378637882276
7799.0,1279716.19935521,207276.477640301,2.0,11252.626423009488,9.328356840208128
7806.0,1262810.8059939,191129.381303757,1.0,0.0,
7807.0,1281617.74834916,208695.062729746,3.0,284204.41628275724,12.557449033872599
7812.0,1275197.02136658,217399.415058658,4.0,57440.04880420031,10.958497053377043
7815.0,1255186.52598609,196710.696957469,3.0,1059477.8517307858,13.8732867520178
7816.0,1255356.58960226,203009.956291929,3.0,135533.8354071584,11.816976595931996
7817.0,1255156.96598606,203017.943811938,3.0,48498.73822229538,10.789293060552005
7819.0,1256564.20329951,198799.25606361,4.0,240022.1960607812,12.388486681634374
7820.0,1256401.89328334,198803.35711962,2.0,10953.43351883866,9.301408249458191
7823.0,1258398.95786138,204537.94208549,4.0,1929762.962752425,14.472907736111692
7824.0,1258067.15472504,204552.17171751,4.0,471805.9418499482,13.064323039877994
7825.0,1287619.87155531,201148.526978016,3.0,191804.0006357523,12.164229299585957
7832.0,1262219.4062493,166777.61833483,3.0,710955.0606688772,13.474364500977508
7833.0,1284973.09568059,178307.974890634,2.0,46591.99999999999,10.749184131556358
7835.0,1284856.71008047,190598.756087214,1.0,0.0,
7836.0,1284756.57836838,193861.749562562,4.0,185085.09401980543,12.128570965982382
7837.0,1285112.87257674,193851.75909854504,3.0,173124.38341135066,12.061765594394513
7855.0,1260388.02832742,198485.875775293,3.0,210711.08489212304,12.258243208242902
7856.0,1260363.2229514,197820.805246606,3.0,37757.48543050058,10.53893902457008
7857.0,1260754.6608398,193850.489082545,4.0,404939.3161752195,12.911492498257655
7859.0,1261042.29079209,188175.547636732,4.0,229384.47021633547,12.34315478398538
7860.0,1282332.96934189,174346.910950571,4.0,704823.3282018021,13.46570245209409
7861.0,1282326.99398188,174036.958502263,3.0,769618.871679714,13.553650699446338
7862.0,1282091.23263764,174354.543782577,3.0,57685.06143543291,10.962753518376562
7865.0,1269448.7812327,200926.347265795,2.0,46592.0,10.749184131556358
7866.0,1269404.33182466,201208.900866076,1.0,0.0,
7871.0,1257617.81834058,196610.415613368,3.0,186691.99182533476,12.137215435333678
7872.0,1257601.16285257,195936.347068682,2.0,89790.62971305536,11.405235902666066
7873.0,1277249.78892069,204490.553733438,3.0,138566.03226278382,11.839102258232456
7878.0,1256805.51389176,199869.413376704,3.0,35450.660828898006,10.475897172940211
7880.0,1284345.19436796,205193.960454166,4.0,585339.8307827861,13.279947864873652
7881.0,1283377.13983896,207825.51194486,4.0,1616438.333706285,14.295735727387978
7882.0,1283373.09363095,207396.469192415,3.0,1659131.9839481222,14.321805122336126
7891.0,1263518.56701863,210421.44903551,4.0,124130.01660249296,11.729084816260833
7896.0,1278124.72024958,217544.365586802,4.0,628653.1598787716,13.351334968460252
7897.0,1278436.8413379,217535.101458803,4.0,253454.04489451088,12.44293780311231
7898.0,1274710.11423008,209731.241738811,4.0,2797117.4823700152,14.844099974294494
7899.0,1275017.8767264,209726.240138799,4.0,314776.81029685604,12.659619127935425
7900.0,1257127.19331609,205251.985606223,4.0,1197072.9841182183,13.9953899552112
7901.0,1256766.60905971,205266.25459823,4.0,1183513.3909624785,13.983998022584863
7910.0,1257258.41782822,199949.205184788,3.0,52516.64525555743,10.868885450816006
7911.0,1257253.63402021,199770.629440606,1.0,0.0,
7912.0,1295389.58663526,181699.024494097,1.0,0.0,
7913.0,1295720.97639561,181686.750894085,3.0,1645054.3602628454,14.3132839873881
7916.0,1273196.53291653,216474.425105706,3.0,203549.14711882485,12.223662763889553
7917.0,1273446.27486879,216468.220433712,1.0,0.0,
7919.0,1255446.69046636,199781.176320612,4.0,1400225.9283902918,14.15214415898719
7920.0,1255212.47472212,199786.72064063,3.0,380745.063798246,12.849885306256418
7922.0,1294038.46893787,187322.783283859,3.0,2225.0762984219623,7.707546485438004
7923.0,1294210.62477806,186871.187763393,4.0,40850.24201615896,10.617668024778775
7925.0,1281013.07801254,212220.308301359,1.0,0.0,
7926.0,1281153.56754868,212215.889357358,4.0,111935.88906183808,11.625681567292146
7933.0,1266527.36119771,198210.793983012,3.0,1548397.4099275663,14.252731024943056
7934.0,1266265.24657343,198212.73132701204,3.0,99033.39628249848,11.503212408418522
7940.0,1281310.20799685,214009.623311192,3.0,608447.2269970974,13.318665461267663
7941.0,1281324.61970887,214355.995983541,3.0,731984.3418556177,13.503514401807033
7947.0,1271753.08139506,209716.220426798,3.0,326912.97627960314,12.69744928687585
7950.0,1287639.94496332,202051.14656294897,3.0,394954.266901215,12.886525257183314
7951.0,1287634.63757132,201802.699202687,3.0,636505.9698377007,13.363749076099323
7956.0,1280477.13055599,181705.840430111,1.0,0.0,
7957.0,1280672.81094019,181711.711854115,4.0,185824.3556529072,12.132557182093374
7960.0,1259559.13795857,199172.958719999,4.0,12535797.47963467,16.344098907784968
7961.0,1259542.36663055,198507.32422331,4.0,12575184.57812183,16.347235952023016
7962.0,1258691.89885369,192596.234681264,3.0,41381.74097425085,10.630595023257678
7969.0,1292087.41965587,185449.048177943,3.0,262310.61855862255,12.477284647531272
7970.0,1256736.26467568,191958.795320615,4.0,490669.4572836573,13.103525976985434
7971.0,1287524.13779521,188660.748469234,4.0,3948980.383811481,15.188967972875208
7974.0,1259772.8977028,194533.66847524,4.0,1217520.91199192,14.012327309965436
7976.0,1283482.32793507,194584.258939296,4.0,2243487.3736068853,14.62354207639343
7980.0,1286340.401986,191820.53906446704,3.0,505864.5598393114,13.134024244138292
7981.0,1278805.86028229,207612.128200635,2.0,65009.13241743179,11.082283037738472
7982.0,1278793.75794627,207161.883400172,3.0,54637.67983649432,10.908479030614231
7983.0,1280702.99398023,195317.66233204296,3.0,93182.0,11.442309848973883
7984.0,1280699.55890822,195144.272571877,1.0,0.0,
7985.0,1286968.64185864,204317.456645265,4.0,1175683.3236246137,13.9773600885455
7986.0,1286962.05197063,203929.086660862,3.0,324322.8626017782,12.689494788120044
7988.0,1281617.46815716,222037.056023404,1.0,0.0,
7989.0,1281613.50457315,221926.051031291,4.0,238021.14855273056,12.380114808171097
7990.0,1287838.71718752,184055.475504518,5.0,4233851.109869122,15.258622564699426
7991.0,1266756.49591795,173288.105637491,4.0,17540.6290326537,9.772275128034186
7992.0,1264630.02743576,171341.231587499,3.0,810764.2570692596,13.60573260905258
7993.0,1264606.35652374,170778.033890918,4.0,415591.0666299136,12.937457042860482
7994.0,1282605.73555017,191774.882680416,2.0,449482.57977546006,13.015852377471996
7995.0,1282597.77529417,191474.97740010903,3.0,403206.5380504814,12.907204211010807
7998.0,1276114.87813553,215424.79201664,3.0,11440.00850502958,9.344872008380154
7999.0,1276303.11755972,215420.275024638,3.0,13618.721349275846,9.519200694920242
8000.0,1258182.63971716,207189.401352212,4.0,87671.86556972735,11.381356323810172
8004.0,1265271.72132443,195756.280508503,4.0,12419240.465919305,16.33475747848684
8005.0,1264957.0182201,195766.014780506,4.0,10545473.291797549,16.171207253941144
8008.0,1289303.61030903,190615.104119226,3.0,192351.05342688644,12.167077384780399
8009.0,1289405.48474114,190701.431031317,2.0,124847.11142076024,11.734845159042674
8021.0,1264686.28093982,193098.471865773,4.0,958765.314820718,13.77340160527341
8028.0,1262060.12573713,189458.201590046,3.0,46633.96666666666,10.750084453022618
8029.0,1262057.93213713,189280.746229872,4.0,180919.85423478336,12.10580941790266
8034.0,1280344.29714786,220318.917397648,3.0,39863.261943678575,10.593210425432998
8035.0,1280497.19974001,220313.447637647,2.0,727.6710858936376,6.589849141010856
8036.0,1263247.62666635,189785.956534386,3.0,50820.72553414908,10.836059533319848
8037.0,1263061.10500216,189787.23109439,1.0,0.0,
8050.0,1287002.20281868,205480.432006449,4.0,395076.2560172045,12.886834078459
8051.0,1286992.20448266,204812.879877776,2.0,139764.0,11.847710564890653
8053.0,1281653.2814052,204994.63936595604,3.0,20243.91674508694,9.91560961975324
8054.0,1281647.24498919,204728.24026168897,3.0,6608.8643017140175,8.796167102911957
8055.0,1256205.88643514,187916.335604474,2.0,46591.99999999999,10.749184131556358
8060.0,1262587.71524167,168744.58096084,2.0,44849.91445881082,10.711076960212232
8061.0,1274513.08472589,215838.775825068,4.0,373514.4078948987,12.83071185816548
8070.0,1288328.88717203,191185.68107982,4.0,441597.8220701901,12.998154842026588
8071.0,1288619.85965233,191177.989815816,3.0,546949.2265291715,13.21211125539422
8076.0,1282327.18758188,202545.85817945,4.0,3906126.5378329,15.178056785652581
8077.0,1282324.33714989,202284.609027177,4.0,65142.42173712834,11.084331255559
8078.0,1258039.41987702,195390.586044118,1.0,0.0,
8079.0,1258132.62371711,195239.64082796904,3.0,590787.8630281128,13.289212286144853
8080.0,1285002.81670463,204367.397829309,4.0,1050553.2058149038,13.864827446071155
8081.0,1280691.61798021,214369.312527552,4.0,241554.3070892005,12.394849600869744
8082.0,1253335.23766419,211998.189005136,3.0,206840.7237164582,12.23970432542329
8083.0,1279936.18348344,217290.482514545,4.0,384151.83995106106,12.858793169952568
8086.0,1295370.35469924,185827.532018334,3.0,135068.4879821544,11.81353724716443
8087.0,1295816.34170771,185808.22168231,3.0,185531.03781589936,12.130977466795498
8088.0,1291982.65152778,187689.044340238,4.0,349637.10838700645,12.764651062402264
8089.0,1271384.84165068,181774.283246174,4.0,13118578.83399749,16.38954001503366
8090.0,1271726.55256303,181769.500782177,3.0,3366374.0704166032,15.029346779589257
8092.0,1255697.89597061,193643.306746334,4.0,1138256.945680817,13.945008655248094
8093.0,1255357.80713826,193485.978618175,4.0,893942.927598592,13.703397212742654
8094.0,1269750.253425,213569.490638733,4.0,124890.47393476688,11.735192423667504
8095.0,1269978.28113724,213565.004430741,4.0,224925.89809501168,12.323526285141687
8102.0,1264552.26513168,199048.207679868,4.0,1059809.4728371035,13.873599707326106
8106.0,1270672.39134595,207376.595208392,2.0,11752.630459138703,9.371832363380278
8107.0,1270663.15870595,206924.189959928,3.0,41138.4075230021,10.624697453731496
8109.0,1258547.24138154,198687.754623502,4.0,713991.1488626566,13.478625844693982
8112.0,1271985.1616513,179138.124779478,4.0,1588109.0611850573,14.278054596759091
8113.0,1272633.78961997,179128.171755478,4.0,1205941.327815402,14.002771004849821
8116.0,1270772.82321805,169368.155809477,3.0,292243.85029463033,12.58534383649403
8117.0,1271090.35141037,169041.967137143,3.0,507286.6803097979,13.136831567167897
8118.0,1283564.20083116,183637.021936089,3.0,31216.64260007944,10.348706648250687
8119.0,1283765.67091136,183628.477040082,3.0,11533.001507910503,9.352967900973395
8120.0,1261670.93520874,187833.574260384,3.0,212501.0927042277,12.26670240947093
8121.0,1261035.45847209,187846.92824439696,3.0,109735.53145750726,11.605828490424582
8127.0,1280612.85138813,202613.578499526,4.0,849980.1638938282,13.6529682915987
8128.0,1281400.94335693,196321.09862107,1.0,0.0,
8130.0,1287628.98368332,201570.674754456,3.0,175994.52911159376,12.078208188943936
8132.0,1295084.95303495,183603.772336051,4.0,156915.88970007515,11.963465206379073
8133.0,1295082.41562694,183344.469743788,2.0,46592.0,10.749184131556358
8138.0,1280777.35666829,180491.75562886905,3.0,2741488.383407148,14.824011536504532
8143.0,1256467.18480341,216542.019153789,4.0,235159.69008414145,12.368020094621725
8145.0,1259390.0100224,191208.598007843,4.0,4431149.69292312,15.304169632712576
8146.0,1259118.92227812,191214.072439849,4.0,2122273.902715988,14.567998667449258
8149.0,1284963.92569658,210384.003915474,3.0,265290.2568406672,12.488579814388002
8151.0,1283385.31468697,208256.079049304,2.0,46591.99999999999,10.749184131556358
8156.0,1274082.48914145,207871.456072897,4.0,169142.80028724807,12.038498609231137
8159.0,1280284.6302678,182139.717550561,2.0,46591.99999999999,10.749184131556358
8161.0,1253021.21929587,212539.752205685,2.0,8097.108722530992,8.999262329103807
8162.0,1253012.60643187,212281.273741424,3.0,75909.21027197961,11.237293303478626
8165.0,1257884.82371686,214809.949776009,3.0,125483.5699593199,11.739930112324837
8166.0,1257857.67318884,214442.805519626,3.0,84026.33676759346,11.338885561631809
8177.0,1255198.8543701,197141.425085917,3.0,1129109.9331860568,13.936940210566863
8178.0,1281424.85964496,209908.53767499296,3.0,31052.45061419175,10.34343300901991
8179.0,1271074.22648236,194391.991291106,4.0,113889.01531182532,11.642979703272863
8180.0,1271068.40625836,194096.384250805,2.0,51.2,3.9357395320454622
8181.0,1255568.34704249,216562.67688180495,3.0,226509.34313176197,12.33054147308432
8182.0,1255556.84477048,215911.47214514003,3.0,377885.9230561472,12.842347638196946
8188.0,1272039.43646735,181258.237037659,3.0,59868.41290278002,10.999904314511404
8189.0,1272018.78590733,180451.335404828,4.0,1874259.1809846016,14.443724035837826
8190.0,1291080.85114285,182026.750894442,3.0,133230.7824384152,11.799838109776577
8191.0,1264470.7495476,178230.766698554,3.0,131981.33333328887,11.790415777426835
8209.0,1266520.0210377,195050.945979774,4.0,1084436.8095503063,13.89657134065458
8210.0,1282319.99071787,201510.616770387,4.0,107621.14951079064,11.5863724641868
8211.0,1283052.01420663,206842.83904784903,3.0,1215350.4447180028,14.01054302503498
8212.0,1251467.37852629,215370.341392577,3.0,712048.0370037064,13.475900655820105
8215.0,1282382.91974194,207152.388616174,4.0,1465230.30244692,14.197522991113642
8216.0,1285430.99072106,192361.342777014,3.0,46555.80372147353,10.748406952086693
8217.0,1285419.73024106,191955.289144605,4.0,120380.03685252488,11.698408991236661
8225.0,1264245.41994737,170035.487458155,4.0,502699.1802573564,13.127747218999719
8226.0,1263916.83332303,170035.177442163,4.0,563921.5854640697,13.242670487949107
8229.0,1263658.33450677,201765.888898656,1.0,0.0,
8230.0,1271612.12075491,212110.093325242,4.0,9886193.506839532,16.10664974648304
8231.0,1271612.57413091,212017.166989148,3.0,8329421.743079641,15.93530459313556
8237.0,1285845.64179349,206939.91104795,4.0,477226.8906064064,13.075747318427988
8249.0,1283835.99487942,206537.052935541,3.0,26309.26250278525,10.177676342580467
8250.0,1292352.90733615,182152.276590571,3.0,7509.994622199128,8.923990028672588
8259.0,1262125.6495772,195152.51372388,3.0,2024212.316840776,14.520691203512802
8262.0,1282337.01497389,191983.233912632,3.0,1681310.801134668,14.335084285922045
8263.0,1282336.9907179,191782.98303243503,3.0,813154.5695428031,13.608676492897839
8264.0,1281569.37542111,196599.285053357,4.0,259484.4257580742,12.466451963440493
8266.0,1279512.333627,219408.975380719,4.0,672336.9158278129,13.418514856703938
8270.0,1283996.6163196,207818.739976853,4.0,1249996.363013093,14.038651199684725
8276.0,1269782.23755305,181796.843566209,4.0,9093093.658834478,16.023025744757774
8277.0,1270103.39051338,181792.475118205,4.0,9238136.74332248,16.03885077212796
8280.0,1278861.22796233,214105.57550329,3.0,71343.72579969693,11.175264683505096
8281.0,1284910.83001654,206525.567687526,3.0,37422.38253023548,10.530024267770115
8282.0,1254445.77417734,215426.544656634,3.0,210144.68238579456,12.25555153621492
8283.0,1278400.62028186,210702.704715803,3.0,52165.37180789224,10.862174178412225
8284.0,1278543.56127401,210694.65421979097,3.0,179309.1364756587,12.096866614656726
8285.0,1278382.57599385,201412.393538296,4.0,145517.36061889914,11.88805067544436
8286.0,1278286.28850575,201936.75405082095,3.0,26935.94729484952,10.201217004158329
8287.0,1278966.67199445,201871.083906755,3.0,6382.437112592602,8.761305295967622
8291.0,1284393.36089601,195897.692348644,4.0,1678617.8991528903,14.33348133371764
8292.0,1284333.35315195,195247.546299979,3.0,1701978.609397393,14.347302020114853
8293.0,1281641.11020519,204457.393733412,4.0,465357.63241368905,13.050561490927059
8294.0,1281628.90482917,203918.662148863,4.0,65661.82396130901,11.092272969550493
8295.0,1258200.98941319,216861.922706112,2.0,93180.0,11.442288385370787
8296.0,1258071.15402105,216868.486674115,2.0,139764.0,11.847710564890653
8306.0,1279343.88351484,206022.976519004,4.0,286311.0794187927,12.564834188971009
8307.0,1279336.54751483,205753.44685474,3.0,85150.52445233651,11.352175845230253
8322.0,1290256.87085401,189488.549942076,4.0,1234241.2840035162,14.025966994320616
8323.0,1290468.66272622,189668.020726264,3.0,112095.34853583618,11.62710511431743
8324.0,1258109.19792509,194582.859003291,4.0,2557975.2806611457,14.754726597532851
8326.0,1276983.80095242,203999.67642094204,3.0,663724.7189397283,13.405622762586512
8327.0,1276981.43346441,203936.626052871,3.0,372654.0,12.828405654184877
8329.0,1277979.52959344,212503.300493643,3.0,189217.62757022685,12.150653100235784
8339.0,1284756.18764837,201533.036994413,3.0,198587.05654560967,12.198982854982969
8343.0,1256480.15523542,195768.87039651,1.0,0.0,
8344.0,1275764.19019917,214258.881999448,6.0,1367163.2446198328,14.128248526732731
8345.0,1276136.41912755,214278.125711471,4.0,771463.1058631127,13.556044128336774
8347.0,1253963.72393684,210646.577547744,4.0,497381.1741768143,13.117111961176816
8348.0,1253943.00220881,209962.293771043,4.0,735220.9607213065,13.507926359847492
8355.0,1273331.82072468,180908.456237286,3.0,39380.71348759569,10.581031470048178
8356.0,1264044.69591516,191775.354744419,4.0,437769.6073019899,12.989448040240358
8359.0,1255880.7620828,205952.787718937,3.0,181452.5135003948,12.10874926484836
8362.0,1281096.46137263,197087.880573854,4.0,114740.6453480803,11.650429602578605
8363.0,1281269.93478081,197083.261501864,1.0,0.0,
8365.0,1285179.19040081,192368.316153035,3.0,8770.106922233868,9.07910427710877
8366.0,1279462.57618695,220762.696726099,3.0,12879.864535317816,9.463420482158767
8367.0,1279696.7098832,220753.790550098,3.0,64638.40657694296,11.076564042163156
8370.0,1258325.65750931,202555.640643463,4.0,2961517.132539331,14.901212239770835
8375.0,1275610.11538301,212899.098254055,4.0,575025.589492563,13.262169822254565
8377.0,1279304.4166988,212122.21364525,3.0,6185050.817265914,15.637645779986114
8381.0,1258348.39594133,203217.052036136,4.0,3124441.8459138726,14.954766215892537
8385.0,1282916.57612649,200580.015937433,4.0,2379570.548795508,14.68243058768354
8387.0,1269248.1615205,208949.046154007,2.0,23432.41950926579,10.061875791610614
8395.0,1264780.21540391,197074.734909847,3.0,160773.34007152182,11.987750826406284
8396.0,1264504.51159564,197073.000317842,4.0,411812.0493936788,12.928322333452945
8398.0,1290271.18810202,185855.854770362,3.0,1251376.2446692684,14.0397544993626
8404.0,1266654.12471783,198371.70969517497,3.0,1475418.7535895775,14.204452408202565
8405.0,1265066.39172421,197076.536445856,3.0,132588.0744139901,11.795002416143287
8406.0,1265051.0918842,196416.561021179,3.0,139042.85546630382,11.842537477301455
8413.0,1283032.12479861,205891.627718881,3.0,267960.3775372436,12.498594403552557
8417.0,1281184.87129271,213220.057614386,4.0,2138591.609468886,14.57565804392137
8420.0,1255603.70883453,201075.125185937,4.0,437011.8773915422,12.987715653094055
8427.0,1271083.72318637,194701.941755414,3.0,83327.33739065133,11.33053195427547
8428.0,1264064.61943519,177768.396586075,3.0,698548.0,13.456759174001025
8429.0,1263979.8052911,177957.009386271,3.0,465746.6666666667,13.051397131522855
8430.0,1287207.83661088,206498.547783494,1.0,0.0,
8431.0,1293812.73184964,184942.660081431,3.0,2480032.835865641,14.723782358321918
8437.0,1259198.6973822,208486.254729539,4.0,3615674.243984421,15.100788909042402
8445.0,1253798.58448067,210653.004043758,3.0,402877.8563919274,12.906388709112903
8448.0,1258020.884133,212215.265677348,4.0,285340.24097896577,12.561437575201166
8449.0,1258013.10461299,211833.811724961,3.0,106168.76301712947,11.572785210975532
8453.0,1289074.59238879,181421.098541811,3.0,925033.981254012,13.737585752310618
8454.0,1263974.8847151,187914.008180469,4.0,1138918.7642513756,13.945589917894017
8455.0,1275485.36760688,188466.497845039,3.0,174328.592549918,12.068697260222871
8461.0,1278019.62796147,174113.143718332,1.0,0.0,
8462.0,1278020.94226548,173788.572518006,3.0,142116.39008291895,11.86440164932629
8463.0,1274988.70027837,207438.705672458,4.0,364797.01354304206,12.807096350589159
8464.0,1275701.5551271,207419.432072446,3.0,197815.385700629,12.19508947927428
8467.0,1270075.38232134,180478.26910086,4.0,980631.3207850988,13.795951848118616
8468.0,1266866.50193405,189774.493622378,4.0,314005.1710103198,12.657164732940522
8469.0,1266884.58231807,189113.712117702,3.0,169626.69452853283,12.041355386938609
8472.0,1266380.28017356,175919.790376186,3.0,461612.7754235964,13.042481670187316
8473.0,1266367.87332554,175261.49277551504,3.0,368822.5331368378,12.818070867325355
8474.0,1267314.95639852,173937.016742155,4.0,57431.29484721752,10.958344640134166
8482.0,1278124.30194558,214664.940879866,1.0,0.0,
8483.0,1278118.23832957,214420.114255607,4.0,296122.4056682072,12.598528180487993
8484.0,1254190.47843307,192724.741625398,1.0,0.0,
8485.0,1254182.41347307,192503.849401161,3.0,139767.99999999997,11.84773918415428
8486.0,1278392.85029785,216347.536913589,4.0,402472.9321527133,12.90538312426939
8487.0,1278385.68562585,216087.637201324,4.0,78991.31715258917,11.277093215947774
8488.0,1280282.69228379,199974.458112821,3.0,1406252.0291296905,14.156438587870495
8489.0,1278932.99391441,216335.412241578,4.0,533290.663585934,13.186821889564893
8492.0,1256651.3229156,201973.144386858,4.0,619056.0254782833,13.33595105722895
8493.0,1256285.67862722,201993.748994887,3.0,314819.4454262703,12.659754564349134
8494.0,1273202.72382854,216784.463570029,3.0,114660.1214403737,11.649727565596416
8495.0,1273422.01246877,216779.100050032,1.0,0.0,
8496.0,1283675.64383927,175618.864103884,4.0,293227.63461338496,12.588704496304189
8497.0,1284468.26035208,175592.77360785,3.0,186350.0,12.135381904907405
8498.0,1293973.38733782,188086.828020647,4.0,244162.51600765405,12.405589331774701
8499.0,1294068.07418591,188301.905652866,3.0,288414.10272450227,12.572152583074287
8500.0,1272582.58629191,187751.318196297,1.0,0.0,
8501.0,1269354.24632061,176916.882857203,3.0,916238.7480437435,13.728032251664203
8513.0,1261989.19972105,202468.525955364,1.0,0.0,
8517.0,1282084.83865364,206570.800903574,4.0,2486532.7466052813,14.72639982680902
8518.0,1282371.95385394,206564.290055558,4.0,1951447.6032481897,14.484082015766662
8523.0,1252507.50441535,212585.212749735,1.0,0.0,
8527.0,1278425.6035139,204965.160709932,3.0,137056.45091967445,11.828148170449337
8528.0,1278678.72505015,204404.062469348,3.0,526565.8888803488,13.174131747798063
8538.0,1286378.56000203,203276.814404204,1.0,0.0,
8539.0,1254572.68860947,217478.831250742,3.0,595960.6039673928,13.297929843136886
8549.0,1275215.29464661,209723.441930801,3.0,342285.68209678034,12.743400995121034
8550.0,1275188.19000657,208964.27610603,4.0,305298.2619771846,12.629044485870816
8552.0,1257319.40458028,201456.046658337,3.0,1027373.6186108688,13.842516218868678
8554.0,1281092.02137262,181656.249006063,3.0,59807.21071171198,10.998881513132895
8566.0,1281107.79692464,194280.114874989,3.0,93182.0,11.442309848973883
8573.0,1269690.16132894,170655.820258796,3.0,787218.3359039311,13.576260917009801
8578.0,1277882.74501733,179421.165547773,3.0,390745.2600311434,12.875811117771615
8581.0,1272068.54731539,216589.274961829,4.0,202217.960382236,12.217101406461778
8582.0,1272339.25707565,216583.942929819,1.0,0.0,
8584.0,1280074.03653958,205311.731590286,3.0,398694.5191038815,12.895950786357178
8585.0,1286099.94873776,195793.83526054,4.0,1010452.1710978978,13.825908482788648
8593.0,1269229.67633647,208013.480777055,3.0,82319.93573766119,11.31836858986697
8594.0,1260247.40528728,200486.451521337,3.0,35074.65937722277,10.465234193654021
8596.0,1281639.57606119,222553.415895939,3.0,2327596.3260413017,14.660346673331246
8597.0,1289150.46394087,189170.850101754,4.0,1971689.386636956,14.494401289891039
8598.0,1289441.42957318,189166.813749745,4.0,1704349.3511294737,14.348693983626495
8599.0,1252478.14883132,211347.95930846,3.0,186352.0,12.135392637342433
8600.0,1252459.8548793,210778.973579884,2.0,46591.99999999999,10.749184131556358
8601.0,1259526.79485454,189842.555126444,3.0,836240.4895468215,13.636671517620679
8602.0,1262489.55664957,196458.11833322,4.0,384788.3181999064,12.86044863920452
8603.0,1262474.24432956,195802.596732542,4.0,753683.7673994846,13.53272815238255
8606.0,1287974.31437168,188649.285877213,3.0,1928183.534272324,14.472088943746604
8609.0,1255824.83241875,216942.324754193,4.0,119747.03463317348,11.693136751986792
8612.0,1281631.71750118,198639.528383449,1.0,0.0,
8613.0,1281590.31826913,198617.796159431,3.0,93182.0,11.442309848973883
8614.0,1256537.35952348,207908.739144936,3.0,130956.7708240984,11.78262255401421
8615.0,1256367.9379553,207912.238152951,3.0,51593.613229249015,10.851153169181986
8622.0,1278997.50521047,203370.048452288,3.0,234552.68504084484,12.365435511317791
8627.0,1282032.06150158,191792.174584433,3.0,272217.5382179161,12.514356798490226
8628.0,1266517.0587337,199338.380288169,3.0,24856246.13902908,17.02861963260613
8629.0,1255083.15638599,191860.771576509,3.0,884683.9999999999,13.692985798081306
8635.0,1281774.35468532,192967.781497642,4.0,189124.3546919048,12.15016003901295
8640.0,1286329.90361798,202486.80185939404,3.0,112654.06226707155,11.632077006169567
8644.0,1283659.04678325,178602.34762693904,3.0,377953.1707025653,12.842525579896842
8645.0,1277094.03493653,175132.227623373,3.0,860768.0100435691,13.66558030464562
8646.0,1277080.12357651,174466.904806703,3.0,1170039.3592364402,13.97254794658114
8649.0,1287949.72128364,202044.208898932,3.0,327584.67192092765,12.699501840858254
8652.0,1253264.17577612,210675.369099781,4.0,332360.98902227206,12.713976973530514
8653.0,1252963.53667182,210684.579403788,4.0,434753.6122069064,12.98253474088105
8655.0,1281671.78431721,220696.067606032,1.0,0.0,
8656.0,1276142.54181555,214600.086671799,4.0,313516.0563916614,12.655605854303912
8665.0,1280674.3966042,211241.560908347,4.0,2115231.531125932,14.564674835452532
8666.0,1257114.34787607,189915.222326517,4.0,120649.87980271368,11.70064807480497
8668.0,1262749.50359383,211070.297484174,4.0,2103497.464200226,14.559111976497475
8669.0,1285674.61625731,178656.085098982,3.0,614707.926979823,13.328902518500618
8670.0,1285842.60147348,178740.64657107004,3.0,92593.90952380952,11.4359786465901
8673.0,1283636.17574322,170386.765986517,3.0,279502.0,12.540764727186753
8674.0,1293667.4899935,187237.311347768,4.0,84847.97823852654,11.348616442900903
8677.0,1269340.32574458,213577.675662741,4.0,250158.2774848556,12.429849106454258
8683.0,1275143.97426254,214887.565072089,4.0,307121.4116045761,12.634998425928039
8684.0,1275391.93765478,214881.434832081,4.0,156181.78860932926,11.958775919381397
8691.0,1277993.04005745,212851.98055800804,3.0,293865.57812244527,12.590877724494536
8692.0,1278247.16620171,212845.596430004,4.0,398198.2814956104,12.89470535492138
8693.0,1262717.5410978,191800.448888451,4.0,713956.5498489338,13.478577384916694
8694.0,1281845.5914214,196592.56786935,1.0,0.0,
8695.0,1282134.6994537,196585.536445349,3.0,50817.56755125158,10.835997391723355
8696.0,1280140.43340364,218811.258388102,3.0,72164.11465963224,11.186698174447217
8697.0,1258553.95325354,198951.787263766,4.0,519653.25087843626,13.160917042897003
8705.0,1271347.06091464,200868.64857773497,3.0,124484.64611992992,11.731937662943915
8706.0,1271826.49560313,200343.696577191,3.0,65271.693938927805,11.086313744087468
8719.0,1259442.84944645,215122.220112324,3.0,185173.1361329357,12.129046537395087
8725.0,1279089.82130657,207350.714376375,3.0,263386.94713593205,12.481379511770825
8734.0,1280138.05055565,218755.723028049,3.0,20055.344080921022,9.90625093492165
8735.0,1280395.74623591,218748.002900034,4.0,209899.68755707535,12.254385017275341
8736.0,1271847.07467516,213527.585230693,1.0,0.0,
8737.0,1272007.72363532,213525.071118698,4.0,134510.8283900136,11.809399983259334
8740.0,1281864.87878141,213831.274895012,4.0,218149.69269138933,12.292936769847529
8741.0,1281938.51775749,213580.276046753,4.0,223755.6868023644,12.318310051690613
8742.0,1284165.97324777,194569.598523289,1.0,0.0,
8749.0,1263756.85527487,193787.384890482,4.0,2066390.929189076,14.541314131085665
8752.0,1271121.55640242,210520.234955609,3.0,405077.36624336144,12.911833355606582
8753.0,1270576.01259385,210080.54778716,1.0,0.0,
8754.0,1255091.149538,204631.839237586,4.0,870267.1732310073,13.676555539154368
8760.0,1255763.11337869,194337.582907051,3.0,131772.65740299062,11.78883342431622
8761.0,1255581.53597049,194425.796283141,1.0,0.0,
8762.0,1268841.99928008,189157.091637745,4.0,158872.65370439593,11.975858240196368
8763.0,1268815.92158405,188463.145205036,3.0,45503.482852958805,10.725544148228405
8767.0,1266060.98910123,169351.352033466,2.0,46592.00000000001,10.749184131556358
8768.0,1277278.44140072,181246.620909646,3.0,98199.24232607716,11.494753778692397
8769.0,1277266.5425207,180890.789293274,3.0,12906.07344599223,9.46545328932046
8770.0,1269599.76056086,169152.34326525,3.0,229836.33590390327,12.345122751583455
8780.0,1255590.69411451,217971.034643248,3.0,245510.191907654,12.411093740253786
8781.0,1282836.0995824,208119.576009154,2.0,443634.9456953404,13.002757308847315
8782.0,1282834.62291041,207902.801480934,2.0,485499.2295395393,13.09293297977001
8785.0,1256437.71638738,215882.859025106,4.0,749004.1445308946,13.526499795903131
8786.0,1282322.96313389,202028.057346925,4.0,153340.80295377708,11.940418193526572
8788.0,1274006.60216537,181737.588718146,4.0,203589.04725272377,12.223858766792638
8789.0,1273997.74814935,181406.6136778,3.0,65736.83357553762,11.093414680185633
8791.0,1275129.46674252,213936.889487118,4.0,1257916.8150909117,14.044967589327182
8796.0,1275768.00971916,213600.386254773,3.0,337690.35389037075,12.729884641827026
8797.0,1281585.70022112,197824.957182616,3.0,166807.37181926242,12.024594963489315
8800.0,1281587.16114913,198075.67974287304,3.0,105469.94700061154,11.566181328763768
8805.0,1251745.32188657,210743.82439585,1.0,0.0,
8812.0,1289106.99910884,182497.605614915,4.0,953344.8986082112,13.767732025461555
8814.0,1280322.10169183,170460.736290589,4.0,915965.7867453488,13.727734292244028
8815.0,1269435.01028869,180933.14711731704,3.0,403724.87408189295,12.908488920206434
8821.0,1273100.07966843,204012.104900956,5.0,7396964.589048039,15.816580283354009
8825.0,1262196.03229727,210288.005707383,3.0,64033.41066152087,11.067160267711769
8826.0,1261990.91325706,210291.426955387,1.0,0.0,
8828.0,1285318.94534495,197220.576509997,3.0,182137.3729040765,12.112516477519803
8829.0,1285525.52825716,197218.154557988,4.0,436338.293711389,12.98617312448182
8838.0,1256739.99171568,194433.295995146,3.0,2021242.2170844828,14.51922283932033
8845.0,1260584.26288763,200477.834433332,4.0,235881.90602401347,12.371086560563452
8849.0,1256550.32605149,218397.216851681,4.0,44571.27308134784,10.704844829170717
8857.0,1276134.72325554,205769.654534757,1.0,0.0,
8858.0,1276297.76491971,205609.285446584,3.0,93182.0,11.442309848973883
8861.0,1272336.06053166,179789.581484154,1.0,0.0,
8862.0,1272651.34533198,179784.830828145,4.0,102075.69255314284,11.533469900912669
8864.0,1254259.95068915,214848.626192048,2.0,46592.0,10.749184131556358
8865.0,1253967.30204885,214860.012688056,1.0,0.0,
8867.0,1259453.05712646,206486.010695487,4.0,15634740.43587963,16.565005947257514
8868.0,1259122.99088612,206496.892231494,4.0,88741.97513737666,11.393488282262133
8873.0,1261230.68119228,199129.888639957,4.0,185888.04330394225,12.1328998537494
8883.0,1254999.0201299,217279.094098538,3.0,133277.57785031697,11.800189283843553
8884.0,1254670.29340957,216818.914258063,1.0,0.0,
8885.0,1280672.16166019,221047.676822394,4.0,72471.16204976647,11.190943996882545
8889.0,1279010.06623448,174442.642406672,3.0,290630.5961286303,12.579808310634736
8892.0,1295743.35885963,183577.631664023,4.0,318497.87228044186,12.671371073533868
8893.0,1276776.0638002,216127.474705353,4.0,113100.31791137476,11.636030472987748
8902.0,1277920.38303338,207212.369480222,3.0,74956.96230404213,11.224669391865483
8908.0,1278075.94015354,178429.81975475,3.0,141847.13138230325,11.862505217137223
8909.0,1273767.51966912,196640.118333399,2.0,49006.87862670891,10.799715947377312
8913.0,1270459.86385773,199386.666304216,3.0,219935.28953399736,12.30108864358546
8914.0,1270408.16478568,198965.565119788,3.0,368506.19274609536,12.817212795751448
8919.0,1287092.58848277,207353.309832379,3.0,49829.6699002769,10.816365866735685
8929.0,1274280.96382965,205410.37997438,4.0,165031.87025481727,12.013893887290566
8940.0,1266754.46903794,178975.732075319,3.0,7014.864891881465,8.855786732462487
8943.0,1289182.83098091,184825.31224130103,3.0,76361.78089930734,11.243237599978764
8944.0,1272292.28113961,178484.973866805,1.0,0.0,
8945.0,1272454.69349177,178481.59953080103,3.0,93182.0,11.442309848973883
8947.0,1259238.75011824,199847.376704693,4.0,4978282.664144751,15.42059554297031
8948.0,1273757.69650111,209487.38887456097,3.0,83017.89732057965,11.326811493902278
8949.0,1273538.25502889,209088.157706156,3.0,222941.8812073843,12.314666394085927
8951.0,1257562.58320452,209177.228426248,4.0,3743675.236830567,15.135578370517761
8952.0,1257236.71414819,209184.010250241,4.0,2520968.963219588,14.740153894797004
8955.0,1275353.31992674,213282.850446448,3.0,77192.3927221252,11.254056191288651
8956.0,1275338.16709472,212904.474894062,3.0,306869.8516071681,12.634179000550004
8965.0,1284065.19916767,190288.535222903,1.0,0.0,
8966.0,1284668.43910429,190269.871542886,3.0,339131.5671702278,12.734143414816794
8971.0,1256052.56259498,194594.389179304,3.0,169126.47113029603,12.038402063914466
8972.0,1255770.67869069,194605.351419315,4.0,191291.72915364467,12.161554919541489
8980.0,1260159.65546319,196505.134333268,4.0,372776.6116310453,12.828734622784335
8982.0,1256099.71408303,190992.057143614,3.0,103835.03324690265,11.550558699966778
8983.0,1256103.91158703,190683.590839297,4.0,134574.07951620998,11.809870103474204
8987.0,1280943.40358047,213915.071311086,4.0,255563.5939298821,12.45122655757671
8988.0,1281097.65689263,213932.658191115,3.0,37435.71864903503,10.53038057173002
8991.0,1264176.3324593,210405.627211496,1.0,0.0,
8992.0,1264037.55453916,210408.738763496,4.0,78423.37239158856,11.269877279150034
8999.0,1257954.63594092,201252.328898132,4.0,883112.1557982983,13.691207488279266
9003.0,1281341.44575688,207175.78394419,3.0,982861.2801514392,13.79822327030176
9006.0,1277122.43941656,203080.616259992,3.0,849559.4796655376,13.652473234906758
9007.0,1277322.79960877,203052.363395974,2.0,56.46736934563022,4.033662937609906
9012.0,1280560.65862007,210569.603595659,1.0,0.0,
9013.0,1280595.16114812,210316.180875406,3.0,48181.90374445848,10.78273878855674
9017.0,1277600.17932105,213530.504142702,4.0,99888.80372490145,11.51181288352998
9018.0,1277754.7705532,213527.79585470297,3.0,48181.64074296764,10.782733330030029
9021.0,1271236.89182653,190678.633207291,1.0,0.0,
9026.0,1274083.35691744,209741.428746819,4.0,435492.7895064592,12.984233518321233
9028.0,1274585.67845395,219300.726548612,3.0,119263.8216779681,11.689093307090452
9029.0,1274574.89400595,218734.18242003,4.0,193823.9164557516,12.174705378749087
9031.0,1257266.05526823,211850.820492983,4.0,202144.7496325596,12.216739302100208
9032.0,1256966.72745992,211858.885772988,4.0,74490.99314628712,11.218433499693703
9039.0,1255170.44854608,200315.231681168,3.0,588318.2057834745,13.285023246801517
9042.0,1266736.74039792,178039.426218361,4.0,115193.85058245696,11.654371645458529
9045.0,1287016.52038668,202471.119491369,3.0,52960.72998697076,10.87730597425779
9046.0,1287170.73395485,202467.596803367,3.0,96085.4013183853,11.472992672059531
9049.0,1281696.75084524,206009.269895002,4.0,1008250.8540529856,13.823727559799957
9050.0,1281692.79807724,205267.253638238,5.0,6135431.213547227,15.629590921113863
9051.0,1286789.66189046,195000.075003728,4.0,865696.0806589631,13.67128917982728
9052.0,1287004.78125067,194890.732731611,2.0,202126.6825229392,12.216649921015147
9054.0,1279245.24492273,217516.13499477497,3.0,603127.7286273031,13.30988427521405
9055.0,1255773.88304269,197620.268286407,3.0,56247.86204864342,10.937523311320227
9056.0,1255494.09654641,197458.511038244,3.0,17117.28407777705,9.747843996794266
9057.0,1283242.52070282,199256.588160083,4.0,1846237.211583344,14.42866018610548
9059.0,1262540.78884162,199097.076351926,3.0,2278710.1409925823,14.639120113211535
9064.0,1294381.39834623,180934.716013327,3.0,83918.84530497351,11.337605483501893
9065.0,1295008.39188287,180561.489708945,4.0,653744.3751466384,13.390471690342057
9067.0,1262316.6518174,203094.554884017,2.0,5691.062000582334,8.646652153040764
9068.0,1270347.01534562,197666.723198459,3.0,50841.272664230346,10.836463757724742
9069.0,1270346.36702561,197146.532669917,1.0,0.0,
9074.0,1274494.00146186,214596.603087783,4.0,186137.89077798603,12.134243026301192
9075.0,1269780.92856103,215114.222480327,4.0,183468.35415432573,12.119797474679702
9076.0,1269765.59851302,214354.41262354,3.0,34093.29238461682,10.43685593965935
9079.0,1255895.66134682,208580.594121635,4.0,1440139.528183153,14.180250561429842
9086.0,1286170.11558582,177935.966762245,1.0,0.0,
9087.0,1286322.44499397,177933.25021824203,3.0,55800.77415887983,10.929543022088213
9090.0,1267904.34564711,189001.338357583,3.0,104300.90129684607,11.555035282340272
9091.0,1269390.56676865,189785.572342381,3.0,138478.8203417338,11.838472671195479
9095.0,1264385.33239551,192435.902649105,5.0,1410066.062463074,14.159147114067483
9096.0,1287196.20013086,186156.164914668,4.0,198678.7160240369,12.199444306667875
9098.0,1266226.7565254,196393.938365147,4.0,319258.5086206688,12.673756425444623
9099.0,1274869.55743025,219295.958868608,3.0,433084.5077576381,12.978688155973321
9102.0,1252388.82422324,212581.508685723,1.0,0.0,
9103.0,1252325.60745516,212284.205453426,3.0,66766.79943650191,11.108961221548505
9106.0,1290300.94586205,188586.68005316,3.0,19999.05010772529,9.903440056794487
9108.0,1266471.15070166,168402.054048494,3.0,93182.0,11.442309848973883
9109.0,1266468.00638165,168260.689824343,1.0,0.0,
9113.0,1264568.8736437,199709.420288548,3.0,1390977.7939964985,14.145517506721
9114.0,1265531.27070069,193742.241274431,4.0,1259931.1600158133,14.046567642527036
9115.0,1284298.80601591,203016.35949192903,3.0,93182.0,11.442309848973883
9116.0,1284298.34009591,202990.199811906,1.0,0.0,
9119.0,1262758.23127384,202971.42950788105,3.0,116072.40031210725,11.661969416015365
9122.0,1259609.62045462,201168.195202038,3.0,7529447.620800449,15.834332239953897
9127.0,1265632.26718079,172651.389412835,4.0,666914.8725722783,13.410417689424781
9130.0,1271638.54161894,178366.508522689,1.0,0.0,
9133.0,1258195.90934917,197919.33395071296,3.0,46086.734696035695,10.73828043694829
9134.0,1258810.44323781,200321.55520117297,3.0,47729.20665069288,10.773298788254698
9135.0,1258600.66122159,200330.127361178,1.0,0.0,
9141.0,1274034.5178134,205948.70074293,4.0,841283.9473462537,13.642684512584552
9145.0,1257356.88675632,202808.292035714,4.0,298143.1509780114,12.605329022555086
9146.0,1257351.34806831,202600.755331501,4.0,954396.2210502754,13.76883419025494
9147.0,1259763.80451879,187873.050228432,2.0,3724.058829383679,8.222569435636219
9150.0,1277419.79743285,216111.999633342,4.0,211722.16003058356,12.263030128218121
9151.0,1277395.02911283,215403.976464614,4.0,133141.95948669073,11.799171202536936
9152.0,1283608.1023352,202517.599043414,4.0,2406869.5235893107,14.693837508228778
9153.0,1283604.6229752,202193.047811091,4.0,622027.4210794007,13.340739456086244
9155.0,1265709.00625287,176584.604008868,4.0,927903.3946611666,13.740682905768857
9156.0,1258623.65526961,187248.48357178303,3.0,69430.32776186148,11.148079050488898
9157.0,1258279.51088527,187260.680371791,3.0,158.93333333333334,5.06848482708303
9158.0,1277624.65330507,214729.973903924,4.0,189739.71686747437,12.15340850073259
9159.0,1277874.24434532,214724.378767923,1.0,0.0,
9162.0,1286862.13683453,191176.463927805,2.0,46591.99999999999,10.749184131556358
9163.0,1287040.89465871,191171.775287807,1.0,0.0,
9164.0,1289428.45485316,188610.395189181,4.0,69884.33389382453,11.154596781412247
9167.0,1279558.01164305,197878.35174267,1.0,0.0,
9168.0,1279748.46828325,197873.441982672,3.0,186350.0,12.135381904907405
9175.0,1256543.12361948,198035.528894827,4.0,72111.35057718503,11.185966739137507
9176.0,1264220.47082734,169420.280737534,4.0,10271.17977016939,9.237097171706568
9177.0,1263902.31594703,169434.326625541,4.0,99985.62434223085,11.51278169805857
9178.0,1267335.10731053,174924.263143167,3.0,6308084.270330122,15.657342586254545
9184.0,1267749.93092696,179186.80087553,3.0,186747.7132086068,12.13751385771852
9185.0,1273442.37330079,178653.532266989,1.0,0.0,
9186.0,1288714.55238843,187893.042292446,3.0,1010957.9561509608,13.826408910739216
9187.0,1288826.97472455,187895.065908447,3.0,955757.4565028892,13.770259453257642
9193.0,1272773.61643611,211414.068428531,4.0,226146.74549285293,12.328939383879835
9196.0,1271818.68299513,197621.573694408,4.0,536999.6755836452,13.19375276936353
9197.0,1272478.5642118,197601.305406392,4.0,416956.5231418012,12.940737234294541
9198.0,1291366.21280715,183586.195952028,3.0,48207.32363614578,10.783266231155201
9199.0,1291293.48525506,183229.346287668,1.0,0.0,
9201.0,1281776.97836532,223020.70236042104,3.0,263622.1003089327,12.482271918418288
9202.0,1281904.12998146,223020.17384842,3.0,1254088.6863748117,14.041919720461197
9204.0,1284823.95193644,193377.102842063,1.0,0.0,
9205.0,1285118.25644875,193370.193082049,4.0,160390.59387668173,11.985367331028488
9208.0,1280975.2785245,203522.843396455,1.0,0.0,
9209.0,1280967.93273249,203122.540100038,3.0,93182.0,11.442309848973883
9210.0,1254731.51536162,191424.082168058,2.0,512292.0,13.146650053955277
9211.0,1274349.24651772,208142.631113186,3.0,254057.5398268302,12.445316055096852
9216.0,1257971.86653295,201900.784642786,3.0,39832.32535172734,10.59243405638786
9218.0,1260248.24189527,211675.253260791,2.0,263187.07747739664,12.48062037949771
9219.0,1260189.68624721,210923.574988022,4.0,673707.1810167516,13.420550845963863
9222.0,1253720.47606459,215698.437136918,1.0,0.0,
9227.0,1271339.52152264,196855.770109624,1.0,0.0,
9228.0,1276529.52395995,206149.205959141,3.0,188922.85371012788,12.14909402928517
9235.0,1256442.22787538,188957.889589533,3.0,593873.5483013081,13.294421694034638
9243.0,1274854.38328624,189277.850869864,2.0,0.0,
9244.0,1274784.88043816,188791.58053337,3.0,1485.6018788044137,7.3035752747148734
9248.0,1278439.50962591,177113.676713407,4.0,105576.13999784796,11.567187677734355
9249.0,1278424.19205789,176454.947112739,3.0,32497.931620131552,10.388931723835071
9251.0,1264951.18718009,187122.993971661,4.0,1489249.060662,14.213782564745058
9255.0,1255172.62704208,216183.816465423,3.0,51184.88866614296,10.843199624224866
9256.0,1255168.14313808,215924.116497144,3.0,52906.00130520995,10.876272057635106
9257.0,1256070.36637101,200135.598848984,3.0,249815.38322731623,12.428477456952516
9260.0,1274054.79858142,206761.605639771,3.0,136213.62976290795,11.821979739371388
9263.0,1255738.37987466,204646.817221597,4.0,929186.3837377032,13.742064626023396
9268.0,1253110.56815997,208075.57018511,4.0,232934.0,12.358510430619061
9269.0,1252939.89859179,208082.237833112,3.0,672790.9098476355,13.419189876621592
9270.0,1285447.99628909,205165.263366133,3.0,464938.9536983619,13.049661393582095
9272.0,1287492.33273917,187440.633139983,4.0,238972.2762101386,12.38410282506447
9273.0,1287480.41869116,186987.761651516,1.0,0.0,
9275.0,1263527.64644264,211053.990412161,4.0,669986.9344537233,13.415013490361668
9276.0,1253982.51491286,211313.043020427,4.0,414600.7560252692,12.935071302487385
9282.0,1286262.24960192,199873.21062471,4.0,510853.6420086225,13.143838413305348
9283.0,1286635.6349463,199864.102720708,3.0,178068.48149916634,12.089923482808972
9285.0,1252985.62089585,211351.917004466,3.0,179340.8998513735,12.097043742065512
9286.0,1256444.65437138,194822.174139544,1.0,0.0,
9289.0,1278943.00991443,200403.213825256,3.0,114849.9477218369,11.651381752930696
9290.0,1254334.78390522,211956.967949092,4.0,187979.1349393843,12.144086251287888
9291.0,1254314.9804492,211298.141196415,4.0,454062.3052652011,13.025989703874412
9292.0,1282131.95698969,196446.879869208,3.0,89717.16123412177,11.404417347854064
9297.0,1268576.78558381,189166.881973743,4.0,168668.4755474181,12.03569038413342
9298.0,1268263.74846348,189178.37931776,3.0,1178223.0889083955,13.979518004642602
9303.0,1268297.82750352,169653.935777768,2.0,46494.00000000001,10.747078550992006
9304.0,1268268.23697549,169170.432481274,3.0,46645.00000000001,10.750321019395061
9308.0,1262715.5423778,209750.683658823,4.0,2301872.4370985124,14.649233452783513
9321.0,1256067.655459,215216.149072424,4.0,211010.19111430467,12.259661710411766
9322.0,1277850.0515133,213526.12686269,2.0,19487.118382086937,9.877508930471887
9323.0,1277844.09516129,213233.80231839404,3.0,116271.70184041985,11.663684988524828
9327.0,1271880.26129919,174551.925606787,3.0,350657.0664257424,12.76756400612402
9328.0,1271867.71403518,173883.922342107,4.0,1040708.5788956312,13.855412364981646
9332.0,1258611.2897656,216782.314898029,3.0,573071.6593390418,13.258766047806056
9333.0,1258454.26678944,216451.117393687,3.0,406586.40137348353,12.91555173488882
9339.0,1288030.97933173,190919.195063546,2.0,98469.26726086665,11.497499770971821
9345.0,1274269.19186163,212241.658957377,1.0,0.0,
9346.0,1277938.1386174,177116.87191341803,3.0,160698.6670544831,11.987286257070688
9347.0,1277932.11660139,176871.126377165,1.0,0.0,
9348.0,1279078.42962655,176450.604904726,3.0,350682.8801919358,12.767637618831609
9349.0,1279084.52473056,176078.699176341,1.0,0.0,
9352.0,1282269.41145383,171027.557027176,4.0,2463702.1904672896,14.71717573207247
9358.0,1277939.9958974,205440.850374416,3.0,22329.10956798973,10.013646467997473
9360.0,1287923.04019561,186729.919987261,2.0,46592.0,10.749184131556358
9362.0,1263995.34365912,174935.700135171,4.0,4942988.136394227,15.413480592204126
9363.0,1263985.76292311,174609.622054845,3.0,16395.093956320485,9.704737420053451
9366.0,1258466.65258145,195227.62015596,4.0,1248049.2137520486,14.0370922612302
9369.0,1285821.16710547,197213.386237994,3.0,254511.9245134442,12.44710296854479
9370.0,1285818.36921746,197034.758973807,1.0,0.0,
9373.0,1263475.59799458,195784.906812534,4.0,4993197.467547838,15.423587037578708
9375.0,1255964.38365088,202003.944194898,4.0,274325.53104306245,12.52207074967436
9376.0,1257839.00816481,196867.318013638,4.0,414677.3199584934,12.93525595450137
9377.0,1275833.18674323,217080.417362332,3.0,213292.3156290624,12.270418877692634
9378.0,1276155.19397557,217072.635858327,4.0,86849.4595435882,11.371931548778136
9379.0,1262430.60138552,207109.849672124,4.0,589559.215498426,13.287130444293771
9380.0,1262114.89104919,207118.662344128,4.0,446992.6194797477,13.010297362228405
9390.0,1262912.999338,192466.210681126,3.0,50724.40239925381,10.834162383436915
9394.0,1263628.96279474,187133.48837167,3.0,569575.4965543383,13.252646619464857
9400.0,1279760.92434725,198373.45478317104,3.0,61874.40408106846,11.032861868811578
9403.0,1280619.17817214,204941.674565896,4.0,352521.8471737937,12.772867877111912
9413.0,1282940.56031851,202259.94598715,3.0,32368.77165381779,10.384949399144915
9414.0,1282939.90188651,202198.432003096,3.0,2485.5352432308264,7.818243304967824
9415.0,1290010.05702975,188594.53861317,4.0,55257.50739912202,10.919759490676173
9416.0,1280895.71730842,204935.852421895,4.0,36535.826749716216,10.506048612947422
9417.0,1280892.55724442,204746.175621703,3.0,6053.558005441615,8.708401478234803
9419.0,1274132.57694949,190631.008311257,4.0,215952.28703352372,12.282812768902454
9422.0,1268864.99499211,189783.265270382,3.0,45830.75644191859,10.732710682754664
9425.0,1263780.9309869,211961.090317085,1.0,0.0,
9433.0,1287936.82989164,187226.78443576404,3.0,204273.8153591378,12.227216604990653
9439.0,1263023.19076212,205726.35866271,3.0,91152.746471191,11.420291910987933
9440.0,1262722.31831381,205734.840326712,4.0,592967.1745238267,13.292894321513197
9449.0,1292287.13812009,184475.27652894,4.0,1019394.6195445772,13.834719498813111
9450.0,1292061.42893586,184249.24056071,4.0,1335075.9488367196,14.10449873871268
9451.0,1278093.49132155,178983.276651323,1.0,0.0,
9452.0,1285093.48518471,178941.958187282,1.0,0.0,
9464.0,1264302.57924344,200378.227329224,4.0,705010.722506687,13.46596829090809
9465.0,1264292.28401142,199956.321024805,1.0,0.0,
9466.0,1272589.80907592,200053.028800905,3.0,145627.46134054795,11.888807005068609
9467.0,1272582.14801991,199798.011264637,5.0,280039.1899567099,12.542684836488428
9471.0,1280100.02239561,209950.123531029,4.0,541803.733206989,13.202659098987741
9472.0,1280160.24140367,209570.251274645,3.0,3649.470681226265,8.20233741721817
9474.0,1265595.76138875,170737.162594885,4.0,386766.6326829061,12.86557677380121
9477.0,1281512.36242905,193573.937466264,4.0,54107.129411154674,10.89872123824366
9478.0,1281787.29823734,193567.95519425,4.0,106711.49283429937,11.577884143151023
9479.0,1251092.96854191,214063.349903241,4.0,4255766.688022799,15.263785488957456
9480.0,1280418.56997994,213707.354510874,4.0,93655.5275036566,11.447378729127314
9482.0,1269095.51326434,180491.579116866,2.0,52904.3017107485,10.876239932323804
9490.0,1261051.4719121,188617.162613183,3.0,103244.33893645226,11.54485368061749
9491.0,1291517.27251929,186660.008371189,2.0,695471.3983565782,13.452345165641763
9492.0,1283966.95820756,203026.782723948,4.0,185635.6929136321,12.131541391801925
9493.0,1278458.75532192,207519.124104545,3.0,46607.46666666665,10.749516036176884
9494.0,1278659.45177013,207506.176328525,1.0,0.0,
9497.0,1256445.65597138,188693.811061263,3.0,117143.63583353334,11.67115611752246
9506.0,1257153.42198811,216893.43509014,4.0,498429.2310600268,13.11921689453496
9508.0,1277687.87269713,218525.336339816,1.0,0.0,
9514.0,1257954.99645293,187395.43966794,3.0,238866.90977642583,12.383661812947798
9517.0,1281416.33407696,197054.642749831,1.0,0.0,
9520.0,1271697.046771,180456.208108827,3.0,2203663.3232614025,14.605631680445457
9522.0,1269845.1551211,208001.272777036,1.0,0.0,
9523.0,1267397.0458066,178034.878634349,4.0,225127.0502098131,12.324420189420968
9532.0,1255821.74217874,207265.449096277,4.0,443796.8673607777,13.003122230782392
9535.0,1258644.75101364,215143.120336354,4.0,173348.0935401036,12.063056953303075
9542.0,1255085.65411399,193382.750842065,4.0,108581.68584354584,11.595258033619494
9544.0,1254174.21334505,207284.243336305,4.0,412428.001962409,12.929816928825682
9545.0,1254136.18652903,206624.197127625,3.0,122063.11408282584,11.712293518494866
9547.0,1288060.66425976,192056.788280711,3.0,76165.02707892914,11.240657674100563
9550.0,1286354.91475402,200201.185345054,3.0,178489.75032005436,12.092286457377005
9552.0,1255193.71817811,201088.145537958,3.0,105658.55639018196,11.567968007840397
9559.0,1258526.34864551,186694.543091223,4.0,79649.35356765655,11.285389199393855
9562.0,1281698.56908524,212673.685005814,4.0,148636.58819778997,11.909259600324798
9563.0,1274133.93720549,213641.045262814,3.0,90786.89417558104,11.416270216898422
9564.0,1286914.36179459,200059.168896899,3.0,195876.12704042348,12.185237733517575
9565.0,1287190.28115487,200052.452736899,2.0,7300.770361430305,8.895735150531749
9568.0,1280938.99481246,213781.985614955,4.0,374789.4510680414,12.834119683454158
9569.0,1281120.84089266,213819.490126997,3.0,38961.954023981656,10.570340911118423
9578.0,1283399.17324698,209115.81057018004,3.0,398817.7118049545,12.896259728834242
9579.0,1272798.62821212,202715.345347628,3.0,98246.01369268722,11.495229955805977
9580.0,1272666.54251599,202160.872387052,3.0,95396.13261417816,11.465793317979216
9581.0,1258338.98390932,213803.339598984,4.0,216809.5350369392,12.286774528378192
9583.0,1252785.80470364,214816.080656022,2.0,2692.2379875358138,7.898128092331013
9589.0,1271106.95051439,195964.531068712,4.0,149414.4056557503,11.914478970431013
9590.0,1271714.31313902,195927.249020666,1.0,0.0,
9591.0,1259173.34736618,197187.229757965,3.0,1877735.6973462752,14.44557719260873
9594.0,1257770.46141274,220436.252181768,2.0,76.27846153846154,4.334390611919253
9595.0,1257928.6166129,220482.730389819,3.0,1824628.8154863424,14.41688713553782
9596.0,1255040.00950594,203353.529092282,4.0,525126.6677254811,13.171394784330445
9603.0,1286696.45408235,184725.081137195,3.0,683627.240610112,13.43516807818638
9604.0,1287237.94253092,184719.120817199,3.0,595870.2464072324,13.297778214975382
9605.0,1274047.9724694,206487.991367489,3.0,232938.2004530141,12.358528463259816
9606.0,1284904.00032052,201204.061954081,4.0,621263.3809019288,13.339510394836159
9607.0,1260903.40496795,203725.959812656,3.0,124901.73018794398,11.735282548603344
9608.0,1261148.45661619,203471.465540394,4.0,94161.20060458336,11.45276349253876
9621.0,1271761.52363507,210462.870539561,3.0,112969.44291029622,11.63487264440224
9622.0,1271760.24869107,210346.332683444,4.0,613394.1011787809,13.326762914018039
9623.0,1263584.2886827,212421.102861568,6.0,4117375.546779567,15.230726515144122
9626.0,1268716.72395195,178021.332074344,3.0,34398.258991839975,10.445761231378398
9627.0,1268713.64753595,177870.631914183,3.0,76787.56423390763,11.248797981986991
9630.0,1263540.51153065,191116.80459974697,3.0,110466.3334915016,11.612466079232252
9631.0,1263532.06308264,190449.129079059,4.0,214612.40364673865,12.276588906421484
9634.0,1256393.55305932,192644.89829731,4.0,293005.0471930682,12.587945113765748
9635.0,1281772.16409332,207460.576648489,3.0,114056.65577451944,11.644450584400976
9636.0,1276705.23359212,204518.475589469,4.0,77561.01080090583,11.25882014177432
9637.0,1287413.34931509,205654.956614628,3.0,93182.0,11.442309848973883
9638.0,1287530.78246722,205652.500230625,4.0,373026.4855317877,12.829404702892724
9646.0,1275730.62104712,208374.104713425,4.0,220154.76492595192,12.302086054946729
9647.0,1276606.25772002,208171.138889208,3.0,165902.60993725868,12.019156208045498
9649.0,1285865.14009751,185553.031282052,4.0,439885.9640740288,12.994270799744406
9654.0,1276453.68747987,216135.316561371,4.0,89572.55142272168,11.402804206301031
9655.0,1276436.76530385,215417.068304628,3.0,24927.438034454244,10.123724404869119
9660.0,1269911.57457717,169201.383201301,3.0,138346.56712172585,11.837517171909218
9661.0,1270180.36280145,169191.361249298,3.0,60436.51994711515,11.009348836090894
9663.0,1277764.65471321,217033.904658288,4.0,157046.70744287796,11.96429853972237
9665.0,1251326.39785413,211956.037197083,4.0,129222.8012502406,11.769293335024848
9666.0,1251208.43843003,211960.821965098,3.0,1980747.431837292,14.498984822265896
9667.0,1282854.76262243,209898.648586974,4.0,108291.89489652702,11.592585590821228
9668.0,1283102.47571068,209896.709258974,3.0,19396.4398529107,9.872844815474336
9671.0,1257903.20227687,187543.054836094,1.0,0.0,
9672.0,1277881.58719334,216100.537105337,3.0,258941.21965253423,12.464356363775849
9673.0,1278047.7633855,215386.693008602,3.0,232839.1488237984,12.358103145751944
9677.0,1269724.19371298,179169.346155509,4.0,838055.7427206022,13.638839896011614
9691.0,1280500.56754802,200644.993537501,3.0,244321.00588879763,12.406238237539586
9700.0,1275828.53682323,205371.669446349,4.0,1235543.951609065,14.027021877723078
9701.0,1275808.51947922,204571.541445524,4.0,1330498.4548508269,14.1010642080695
9702.0,1283103.63283068,209980.035211056,3.0,37601.19177526048,10.534791025026218
9703.0,1283411.20409499,209975.725835055,3.0,348992.6686765424,12.76280619430645
9704.0,1249256.94530803,213623.774990797,3.0,2306006.1151465853,14.651027631649162
9705.0,1250073.86588486,213043.235150203,3.0,2220985.5002994845,14.613461574399372
9708.0,1276786.34034421,214586.844559774,4.0,194418.09959876048,12.177766271606377
9715.0,1290589.89575034,189769.966390371,2.0,28668.11243313827,10.263540719009924
9723.0,1259165.63875817,196789.935613558,3.0,340126.3796559416,12.737072532397619
9724.0,1278070.21509753,216356.43976159405,3.0,141918.00667886643,11.863004752059105
9725.0,1275795.93752719,204097.409541041,4.0,1488962.41638043,14.213590070501674
9727.0,1265619.51198077,197717.644414499,4.0,12449101.743181871,16.3371590291301
9728.0,1265347.35409249,197719.676862508,4.0,5249132.298747351,15.473573344479076
9730.0,1280136.02527565,190692.183031306,2.0,492648.2582989156,13.107550726372232
9731.0,1280919.45087644,190763.547383383,3.0,631581.7200926124,13.355982618722834
9732.0,1282724.80255829,212167.994445309,3.0,31245.877681684666,10.349642732277015
9733.0,1282770.75391833,211615.844620734,3.0,14466.443151506792,9.579586980944356
9735.0,1253171.15696003,207953.106504992,1.0,0.0,
9736.0,1283540.79603113,196150.037948906,4.0,236992.20531137288,12.375782530594865
9738.0,1284129.35750373,187583.789684132,3.0,139768.0,11.84773918415428
9739.0,1284423.09907204,187571.493108124,2.0,46591.99999999999,10.749184131556358
9740.0,1277496.83077694,177892.563946202,1.0,0.0,
9741.0,1265843.281901,188881.684021458,1.0,0.0,
9749.0,1283730.87833533,194235.209722936,3.0,3400918.305418046,15.039556042947535
9750.0,1283725.06796731,193975.185338676,3.0,190226.4806480888,12.155970644681608
9763.0,1283790.55539139,184510.622896984,3.0,102409.35520239838,11.53673334681295
9764.0,1288231.52710794,185957.120306462,2.0,0.0,
9765.0,1288427.93293214,185326.28235381804,3.0,139764.0,11.847710564890653
9766.0,1294382.36391424,187367.0273159,4.0,84401.6413266965,11.343342127393731
9767.0,1295020.55393088,186946.864755481,4.0,72507.3956940417,11.191443845213133
9768.0,1269090.35608034,181148.05578954503,3.0,355531.96037808334,12.781370426795078
9769.0,1259828.71715885,190469.120503083,3.0,131482.39021977133,11.78662820695404
9770.0,1259710.11203873,190520.39205513903,3.0,117846.74047274336,11.677140249710616
9771.0,1284294.8223999,200560.959233418,3.0,1972600.1626306197,14.49486310994683
9773.0,1287014.52857868,195435.579068169,4.0,370443.9584976769,12.822457453161883
9774.0,1287507.64141119,195439.534460172,3.0,232923.0,12.358463205826894
9775.0,1284804.03264043,195890.98137264,3.0,52016.42821799165,10.859314874938123
9776.0,1285152.42963278,195885.286844626,2.0,1316.4739388538371,7.182712182959063
9780.0,1284462.96313608,190928.599927559,4.0,1783507.619769843,14.394092556140807
9783.0,1274629.772854,190941.414519563,2.0,16.0,2.772588722239781
9785.0,1257030.27523598,214339.431375533,3.0,37750.16270852296,10.538745064827431
9787.0,1284025.14476763,209824.064074904,1.0,0.0,
9788.0,1284015.11596762,209107.178058162,3.0,279017.06965530245,12.539028240492211
9792.0,1255288.2524502,217476.487442732,3.0,12680.117460534955,9.44779049139744
9793.0,1272736.15947607,204599.775301561,3.0,369490.3208905462,12.819879823873157
9795.0,1261549.11428061,210562.850635663,4.0,59925.62643921608,11.000859512968697
9798.0,1259444.09488645,187338.779315874,1.0,0.0,
9799.0,1286970.30029064,204662.781445622,1.0,0.0,
9801.0,1261745.61386481,193156.889721841,4.0,936454.251344068,13.749855948999334
9807.0,1257167.52656412,220203.90779753,3.0,529899.858248958,13.180443320975549
9808.0,1257462.79402043,219956.87944528495,3.0,185143.83229174893,12.128888273833077
9809.0,1282345.71737391,175008.159655258,4.0,435227.79630979977,12.983624842681406
9810.0,1283659.12089525,174959.979303196,4.0,200597.8601276072,12.20905748709319
9812.0,1272768.9596041,210453.826571554,4.0,31646.024278095047,10.362367804456005
9813.0,1284114.70041572,196424.210301176,1.0,0.0,
9814.0,1264403.57213953,193105.12178579,4.0,917096.0904850602,13.728967533627754
9821.0,1267116.95351832,193026.177401707,3.0,194876.67503316017,12.180122201746666
9822.0,1266802.36561398,193035.985145718,4.0,656304.6243621575,13.39438032654724
9823.0,1276324.80357574,206985.243335992,1.0,0.0,
9824.0,1256407.41789134,215205.123536408,4.0,214800.01463259727,12.277462709738806
9827.0,1264324.86199546,188693.987253264,4.0,835961.2021536995,13.636337482082855
9829.0,1277638.94821708,202782.48269169,4.0,5021994.891557677,15.42933780148642
9830.0,1284746.18105637,193504.571130186,1.0,0.0,
9831.0,1284883.95148851,169744.040545866,4.0,516270.7575844465,13.154386630845066
9832.0,1285407.99571304,169632.959713742,3.0,93182.0,11.442309848973883
9836.0,1250744.04175754,213418.314126581,4.0,884354.8334346244,13.692613656370279
9838.0,1280202.74201171,216303.839185536,4.0,258870.2249165553,12.46408215300987
9843.0,1278400.82501787,216657.333521903,3.0,293213.10209297284,12.588654934534327
9846.0,1287096.02253076,185195.407601684,3.0,65131.00138493357,11.084155926593962
9847.0,1287504.24902719,184838.245297313,3.0,2612.049162614592,7.867890312047138
9851.0,1273930.52229328,178474.279338807,3.0,186350.0,12.135381904907405
9852.0,1274190.80062956,178480.599210814,4.0,1525540.0998078205,14.237859069130858
9855.0,1290850.35552661,182854.985775292,3.0,262917.6584594197,12.479596176432711
9856.0,1291129.67424691,182845.144943282,3.0,109100.04625693032,11.600020595807601
9857.0,1277081.82501651,215401.182864621,4.0,215495.07104179988,12.280693316068543
9858.0,1286145.4791058,206271.621383265,2.0,2325.744861502581,7.751795637252518
9859.0,1263712.46788283,191781.665464431,4.0,338005.4681434213,12.73081735227341
9864.0,1251139.56258994,215236.766480446,3.0,916348.8881785984,13.728152453430067
9866.0,1257590.29021256,210496.228427589,4.0,1831750.659840534,14.420782712246266
9869.0,1266505.47902168,198370.110911176,3.0,3104284.07208618,14.948293674166726
9872.0,1287782.40070747,192385.113721043,3.0,56013.232561262936,10.933343237540685
9873.0,1287765.60185945,191782.385272428,3.0,94155.86007546046,11.452706774054464
9874.0,1257831.80842081,196598.519357353,4.0,279526.2972092613,12.540851653767742
9881.0,1271882.20024319,196543.777981311,1.0,0.0,
9882.0,1286872.36089854,202474.412099376,3.0,124453.84634774394,11.73169021408988
9887.0,1278784.94527426,201030.925825894,3.0,2689.1647888089,7.896985936953047
9892.0,1257088.12355605,191270.474871904,4.0,598784.6126219117,13.30265723417324
9893.0,1257105.21238805,190652.992823273,4.0,267118.3455250195,12.495447080846557
9895.0,1278988.58533847,218037.977107316,4.0,1925295.4849633572,14.470590012606568
9896.0,1279248.16121073,218030.249427304,4.0,2085557.5438654448,14.550546784597834
9900.0,1286465.61203413,206933.636103943,4.0,72010.84497359148,11.184572011288656
9901.0,1286464.27801812,206846.175367847,2.0,4317.986674698598,8.370544525080783
9904.0,1269364.12164861,177359.51024965904,3.0,481968.0087377228,13.085633018916587
9913.0,1259115.96131812,187611.044852152,3.0,738839.0902238684,13.512835436335058
9914.0,1275386.98130278,218718.879636005,4.0,96336.85270343162,11.475606211012751
9916.0,1277258.8748727,180655.06698903404,3.0,53566.6432078268,10.888681825120127
9917.0,1269288.35403253,188465.762933031,3.0,55327.61751069127,10.921027475335409
9918.0,1257775.37251675,212925.665486082,4.0,259888.33604769252,12.468007341006471
9919.0,1271211.39646651,199355.453760177,2.0,31103.92730589416,10.345089370126974
9920.0,1279652.22930714,219434.323092744,4.0,1021083.5965236098,13.836374970899472
9921.0,1274818.5421342,207853.482376888,3.0,62788.29026183086,11.047523874271443
9925.0,1282580.39571014,208313.274761349,3.0,97160.40667533784,11.484118568732482
9934.0,1272574.4833159,199523.11385636,4.0,139770.0,11.847753493478953
9935.0,1273165.3807245,199511.020096347,1.0,0.0,
9938.0,1252192.58345503,213184.68955034,1.0,0.0,
9949.0,1275240.20927063,210421.271243513,3.0,197460.15410944933,12.193292091624214
9953.0,1255923.41949084,209898.871306986,5.0,2005335.107078604,14.511321740457243
9955.0,1251887.73135872,211915.545101047,3.0,93181.99999999996,11.442309848973883
9956.0,1251970.76828679,211553.89294067,1.0,0.0,
9960.0,1269926.02340919,187140.078259677,4.0,698499.537746093,13.456689795898109
9961.0,1269888.64190514,185804.845042303,4.0,7059453.049362467,15.769878134706643
9969.0,1260897.40791194,210837.764171943,5.0,300146.9050509059,12.612027317285516
9970.0,1264052.82122718,192442.817337111,4.0,357613.9406251121,12.787209305372631
9971.0,1284951.61145657,209524.094218597,4.0,69118.58152528219,11.14357888135304
9979.0,1268679.71486391,176215.488232493,1.0,0.0,
9981.0,1289977.91206972,170354.343778491,4.0,51173.31247480757,10.842973434408012
9987.0,1282014.43654157,213900.997839078,4.0,57646.50891945898,10.962084967392798
9991.0,1279953.86751546,216872.200210124,3.0,8174.58590815151,9.008785341045401
9992.0,1280213.27839573,216861.903698117,4.0,301263.3127254604,12.615739954430367
9993.0,1263072.95671417,206472.449735478,1.0,0.0,
9997.0,1263487.41911459,198411.349375218,4.0,4030015.279658393,15.209280725394187
10000.0,1283639.86143923,203864.138628796,3.0,286060.7333253693,12.563959421542519
10001.0,1283633.27123122,203587.284228519,4.0,59407.36074785914,10.992173415987622
10002.0,1281797.48780534,195686.475196421,1.0,0.0,
10003.0,1281795.26930934,195586.50034833,2.0,46592.0,10.749184131556358
10004.0,1275777.99787918,203416.850180343,3.0,227119.6420078307,12.333232214920843
10005.0,1287695.30611539,191783.09196043,3.0,135625.03421152357,11.817649255527694
10006.0,1255807.28425872,216556.935441792,3.0,85417.8942057137,11.355310891852223
10010.0,1255395.89693031,203999.763076946,4.0,454012.8243155762,13.025880724015671
10011.0,1286746.83456241,195426.664060161,4.0,557815.1604811677,13.231782932868871
10014.0,1272616.72171594,178478.313770801,4.0,326090.0,12.694928695867167
10017.0,1271892.02865919,205976.236486956,3.0,9089.151890467188,9.114836881439933
10020.0,1285457.35846509,205709.835078686,4.0,406183.0264259191,12.914559141006999
10025.0,1277186.06264862,205926.23424691,4.0,59854.60027121747,10.999673571377604
10026.0,1277305.43941675,205982.690822974,3.0,37051.74035532799,10.52007060277428
10040.0,1282309.94188587,178805.818347141,3.0,213523.021510702,12.271499934927617
10042.0,1279175.92876266,173101.072869301,4.0,422871.79393911775,12.954824324473702
10043.0,1279167.54527465,172660.680740848,1.0,0.0,
10044.0,1293139.03866495,184314.69976078,3.0,173602.20249045445,12.064521768284902
10048.0,1264269.8713394,199055.067903876,3.0,253570.78185408053,12.443398281398476
10049.0,1264052.45341918,199060.351039886,2.0,250457.15910547384,12.431043163346171
10053.0,1277581.39519303,212860.120654017,3.0,24105.94798172728,10.090213893248643
10057.0,1274685.56639007,209068.439242125,4.0,2316093.4658446605,14.65539247344304
10058.0,1274999.99979839,209063.572490126,4.0,1744188.0727727567,14.371799717529395
10063.0,1258005.86941299,203233.432580158,4.0,1933745.7833516223,14.47496950031196
10066.0,1257496.45635647,211845.014092967,3.0,50506.341893575,10.829854189429676
10067.0,1272000.73477131,205865.528006852,3.0,36501.18435368762,10.505099987090393
10068.0,1279943.64837945,216620.027537867,4.0,39474.57680325063,10.583412118439414
10071.0,1277893.89292134,179736.173484087,1.0,0.0,
10072.0,1283937.48319954,170380.701666519,2.0,46592.0,10.749184131556358
10073.0,1284095.4205437,170377.50678651,1.0,0.0,
10076.0,1287515.1479712,192699.288313374,3.0,26411.46309567269,10.18155340306274
10077.0,1287502.72576319,192588.499449253,4.0,68770.44004626495,11.138529281104882
10079.0,1287537.75750722,185722.85310623,3.0,9600.681747212666,9.169589390269111
10083.0,1260145.16106318,212769.066061914,1.0,0.0,
10084.0,1260090.32490312,212770.434189916,4.0,164900.30643094066,12.013096366829412
10089.0,1287588.54675527,204301.660421252,5.0,1160869.3533388542,13.96467972492422
10092.0,1293861.2284897,186557.580083072,4.0,363314.8986816052,12.803025226676459
10093.0,1289517.99008524,186792.796147317,3.0,290556.1529307934,12.579552134118789
10099.0,1284406.70502402,193871.52639456105,3.0,160096.5154532735,11.983532133933917
10100.0,1254385.46819328,191875.904760525,3.0,139767.99999999994,11.84773918415428
10101.0,1254144.18812902,191888.247608542,1.0,0.0,
10115.0,1255963.54800288,211241.733132347,4.0,914444.4717910954,13.72607202522224
10116.0,1251039.52770984,212749.7531019,4.0,692977.8813399669,13.448753360404329
10117.0,1250717.11068551,212762.70356591,3.0,275874.8688787359,12.527702668266622
10122.0,1278005.84972146,213230.911566392,3.0,106748.78956235205,11.578233592032223
10123.0,1274565.49867794,218168.302291453,4.0,197279.7463470173,12.192378032646216
10126.0,1272403.59096372,201057.053057924,3.0,101665.1148886226,11.529439503414356
10127.0,1272326.45496364,200727.430721581,3.0,113208.2667678342,11.636984470069207
10133.0,1259206.0799102,208838.228105888,4.0,5495072.902120723,15.519362412723796
10136.0,1272462.60625978,197081.503933862,4.0,96509.03645519438,11.477391924965676
10137.0,1256563.43593951,208564.009865612,5.0,1742053.7769820986,14.370575306745932
10138.0,1267471.67460668,199427.22988826,2.0,46592.0,10.749184131556358
10139.0,1267454.43217465,199087.641343907,1.0,0.0,
10141.0,1254826.91350573,206452.514055446,3.0,365839.8823245463,12.809951036673636
10142.0,1254815.01225771,206092.187655076,3.0,184429.81323913008,12.125024254038102
10145.0,1279808.3812433,210297.099851385,1.0,0.0,
10146.0,1279791.30713129,209966.617931053,3.0,628201.1469364763,13.350615691835536
10149.0,1259975.272295,213083.932878241,1.0,0.0,
10150.0,1259859.15767089,213082.952910244,3.0,93182.0,11.442309848973883
10154.0,1281748.24121329,217744.64072302,4.0,271331.4503852251,12.511096416680296
10155.0,1281890.02278143,217738.227027014,4.0,152674.2658243916,11.936061949331725
10157.0,1266246.84932542,197712.960318506,4.0,194614.9689394707,12.178778367355743
10162.0,1256451.26851539,194724.746171445,1.0,0.0,
10170.0,1254980.42070588,216862.898450106,1.0,0.0,
10171.0,1282606.72243017,211202.017676309,2.0,68867.84500152797,11.139944657233553
10172.0,1255011.33404991,212592.826893732,4.0,177492.89571127846,12.086685862934807
10173.0,1254992.82064189,211934.281613067,4.0,273937.48132483574,12.520655188988078
10175.0,1288523.61645223,202029.762754917,3.0,93182.0,11.442309848973883
10176.0,1288522.10528423,201957.990914851,1.0,0.0,
10181.0,1275867.85074328,212544.884109691,4.0,699548.1951447568,13.458189970134883
10182.0,1276453.94635987,205351.528390318,4.0,763327.565691669,13.545442530971325
10183.0,1276727.67020015,205336.226950303,4.0,350192.1459741591,12.766237271324139
10194.0,1295160.69370703,185836.809202343,3.0,81231.5561278546,11.305059072919915
10198.0,1282072.23135762,193561.755066246,4.0,166239.7570412047,12.021186344837789
10199.0,1256623.14973156,211219.149836332,4.0,1881852.5973035572,14.447767273692175
10200.0,1256293.27837123,211230.434316337,4.0,1195998.662742897,13.994492095384143
10201.0,1287088.02873877,189199.858933777,3.0,316541.2560489015,12.66520886293684
10208.0,1282321.17119788,201767.116290659,4.0,54490.160181429,10.905775417220998
10211.0,1285753.7453454,178470.55818679897,3.0,435326.7258623789,12.983852122077435
10224.0,1283192.22649477,201548.141314432,3.0,53706.27060972899,10.891285044810632
10228.0,1248869.41225162,214287.757263467,1.0,0.0,
10229.0,1281920.01023747,213215.718030378,4.0,741836.570111099,13.51688424197466
10237.0,1263372.70641048,191119.14642374203,3.0,104256.6582896251,11.554611006107155
10244.0,1280195.1160277,215899.927249119,3.0,13880.438996145933,9.538235861525047
10261.0,1271747.84619506,195306.369980037,4.0,1023371.2700102788,13.838612901879415
10262.0,1272071.04728338,195302.981884032,1.0,0.0,
10269.0,1287182.15782686,185794.05080229,1.0,0.0,
10270.0,1263540.89181864,191784.924600437,2.0,109982.62429835432,11.60807767137336
10283.0,1265199.24478035,201715.520578593,2.0,4115.04087752538,8.322404046846856
10284.0,1265154.87345231,200353.983937204,3.0,41180.82624974105,10.625728044725832
10285.0,1254476.28918536,191872.63410452,3.0,465788.0,13.05148587397086
10286.0,1263044.63850614,178177.723818496,1.0,0.0,
10287.0,1291516.5966793,183471.384495914,3.0,50540.735455890106,10.830534932792977
10288.0,1266278.11370945,187131.157043666,3.0,316233.1564719909,12.664235057437876
10289.0,1265948.39550112,187129.197747663,4.0,187577.8303418096,12.14194913342076
10292.0,1283646.18623924,186917.860531449,1.0,0.0,
10293.0,1284393.690624,186104.126962617,3.0,95168.21245316774,11.463401262218644
10294.0,1281855.15666941,191797.506296441,3.0,155901.4202246246,11.95697916484802
10298.0,1261408.50173646,193166.21253784,2.0,323577.0886503214,12.687192660208515
10299.0,1278814.66636229,212265.448973402,3.0,1800753.1494122138,14.403715551694805
10300.0,1278942.70943442,211981.493837118,4.0,1911614.6603807197,14.463458814824298
10301.0,1278970.12831445,202032.728578925,4.0,584120.1324965771,13.277861946985473
10302.0,1260756.1427598,205787.350022763,2.0,88438.30644895275,11.390060485635534
10303.0,1265667.93150082,199027.444287851,4.0,2089890.845505639,14.55262239554632
10304.0,1277110.06738454,214259.007631451,3.0,329626.2052647321,12.705714580121356
10305.0,1277107.70655254,214140.901903316,3.0,202636.1374272316,12.219167223238616
10306.0,1255780.62486671,215904.19432112604,5.0,633968.425205281,13.359754429663846
10307.0,1255752.94934668,215226.36065644,4.0,119574.48951976631,11.69169479941763
10309.0,1262946.77949804,193802.4166345,3.0,188280.1602981804,12.145686346896596
10313.0,1272680.94802001,180895.851245284,3.0,48791.76635526722,10.795316855377912
10314.0,1272879.28946021,180891.500205278,1.0,0.0,
10316.0,1280307.18009181,169847.67452997,4.0,630692.442157237,13.354573609318862
10318.0,1283349.00607893,197914.256510705,5.0,2450617.686239599,14.711850667577291
10323.0,1260257.44067928,190465.37643908,2.0,189536.29421710817,12.152335811377467
10326.0,1258773.28912577,194559.246203274,4.0,1776834.5261485344,14.390343983019518
10336.0,1287477.22125116,182337.680366755,3.0,7557842.315297319,15.838096299389637
10337.0,1274657.57560603,181726.548078135,4.0,222694.16293930425,12.313554642481234
10338.0,1274477.27870984,181399.478509799,3.0,108298.24386472168,11.592644217388743
10339.0,1269988.70865725,174576.752998814,1.0,0.0,
10340.0,1281354.43097289,207937.75712896895,3.0,1095423.2468373512,13.906651373342603
10345.0,1269168.06065641,198349.694975153,4.0,55227.812780340166,10.919221960089327
10346.0,1269424.66116868,197701.763198495,3.0,6124739.693280854,15.627846814435767
10347.0,1274545.36914192,217111.910738364,4.0,66713.59840863454,11.108164085316618
10351.0,1251417.02921423,211952.390861079,3.0,37354.8850142933,10.528218972217326
10361.0,1278368.62130584,214415.613967597,4.0,636332.3600514176,13.363476284522761
10362.0,1278343.75128981,213224.256718382,3.0,644450.3814330634,13.37615311070654
10368.0,1281516.46380505,205868.59623085,3.0,13061.15466663071,9.477397811374853
10369.0,1255770.07632269,206505.291847497,3.0,75966.59203404751,11.238048944126142
10370.0,1260235.37706326,191186.682039812,3.0,111652.39386984012,11.623145697878938
10373.0,1264931.46378808,186459.550770983,4.0,375437.5028203662,12.83584729910473
10380.0,1253276.12329614,215178.53665638,3.0,86771.24755370761,11.371030596391998
10381.0,1253040.6985279,215186.741648391,2.0,17433.21022560427,9.766132299731153
10385.0,1270852.13176213,197650.972606435,1.0,0.0,
10389.0,1259093.6103421,212181.160397321,4.0,247657.3865174087,12.419801564009738
10406.0,1271977.87921929,207772.102984801,1.0,0.0,
10407.0,1272565.04862788,207762.253896788,3.0,164085.79399976143,12.008144704164259
10409.0,1257261.00573222,219297.518228605,4.0,159650.96391722784,11.980745235814823
10410.0,1279130.12933861,203362.37126828695,3.0,93182.0,11.442309848973883
10411.0,1274266.78206964,219306.081876606,4.0,756606.3345782198,13.536598363572953
10423.0,1260797.56298384,188397.347060964,1.0,0.0,
10424.0,1260798.46915984,188180.489588737,3.0,139768.0,11.84773918415428
10425.0,1258900.23082189,209809.312458888,4.0,13666976.79143308,16.43049302779909
10427.0,1288242.29088394,182920.182511359,1.0,0.0,
10430.0,1274922.94085431,212028.351629153,3.0,1497281.4678427265,14.219161666999009
10431.0,1262032.11856911,187168.185843706,4.0,1865089.0325169037,14.438819348535564
10432.0,1262780.07575387,170313.108002439,1.0,0.0,
10433.0,1262620.0383137,170380.49040252,3.0,95362.01926300608,11.465435657232348
10441.0,1270468.57348974,194943.409147665,3.0,265583.7441126696,12.489685490316282
10442.0,1270725.01816201,194948.763131678,3.0,516150.69361821614,13.154154043723533
10446.0,1263775.12983489,194456.397307172,4.0,3204489.128005916,14.980063237193534
10447.0,1255711.96227463,203987.269636929,4.0,509240.8667146597,13.140676399150921
10450.0,1279329.40908282,210844.047627941,1.0,0.0,
10451.0,1279687.50354718,210832.727051929,3.0,123492.61963838244,11.723936673251371
10454.0,1253282.01404814,216498.646545738,3.0,157401.66951118864,11.966556221714708
10457.0,1274950.57535033,205873.890566856,4.0,541897.656443427,13.202832436841822
10465.0,1272090.8576514,209712.680458784,1.0,0.0,
10466.0,1287469.58310716,186575.89137910295,3.0,47885.48714152113,10.776567755058847
10467.0,1287649.47021134,186569.980659097,1.0,0.0,
10468.0,1284958.99462458,201858.55897875095,3.0,662474.6649590337,13.403737594540017
10470.0,1275617.58482301,203678.086532608,1.0,0.0,
10482.0,1267191.74308638,197703.400958493,3.0,1156823.1509244924,13.961188143087915
10485.0,1267533.80996674,190436.457207054,4.0,604897.6262843277,13.312814509941708
10489.0,1284301.41228791,203183.133444101,1.0,0.0,
10492.0,1278534.28178601,213493.405518666,1.0,0.0,
10493.0,1278595.13004206,213491.375630662,3.0,67270.4797347578,11.116476782475683
10496.0,1254439.53040133,215220.913488433,3.0,1230469.8144047162,14.022906617349994
10498.0,1264196.84228332,206447.536391452,4.0,2747703.418247316,14.826276000097907
10499.0,1264178.1329713,205698.190790683,4.0,2056053.228585372,14.53629879461184
10501.0,1281020.73087655,211896.00282903,2.0,51600.41767460413,10.851285045905966
10503.0,1259336.37296635,192277.877048939,3.0,4623941.560839217,15.346758051027674
10504.0,1280406.48108391,198189.564734995,1.0,0.0,
10505.0,1280404.42367592,198106.62815889705,3.0,84451.3894797698,11.343931375383834
10510.0,1284654.56908827,195893.423932642,3.0,97305.5898859473,11.485611716533644
10517.0,1264607.97661974,172438.195620626,1.0,0.0,
10518.0,1264602.95921174,171990.062948167,3.0,253457.79020851385,12.44295258009617
10524.0,1263868.00401099,198402.359551206,3.0,1635642.905834112,14.307546499602337
10525.0,1256879.41430783,193424.769466117,1.0,0.0,
10526.0,1256857.5003238,192635.0751293,3.0,49156.48617351972,10.802764083776273
10528.0,1260130.55447115,195184.743291914,4.0,809811.7834306099,13.60455713351238
10534.0,1260415.90167145,191181.781175807,3.0,631591.1687918293,13.355997578985678
10535.0,1260431.54595947,190665.169335291,3.0,644630.478395791,13.376432529895066
10539.0,1283606.2683512,195911.099452659,3.0,3800.5455834463096,8.242899909999766
10542.0,1287462.87085114,181869.604910284,3.0,20726171.9659908,16.846907805806172
10545.0,1269451.5528807,181801.342254207,4.0,7266611.044854135,15.798800584684042
10557.0,1278738.04677822,217313.510354578,4.0,49986.21763607753,10.81950259913414
10558.0,1281816.24370937,211552.398220673,3.0,349050.2202510032,12.762971088399647
10559.0,1284900.14764853,198813.261631623,4.0,222440.9827510892,12.312417099341953
10563.0,1259585.6930306,192269.642808929,3.0,129302.1048743382,11.76990684362465
10564.0,1265515.65098867,193073.692089751,4.0,1050007.2351174934,13.864307612698054
10565.0,1265499.90327665,192404.371577069,4.0,1084887.0733643663,13.896986459691503
10567.0,1250811.79714961,215103.211024314,3.0,1173030.7265755464,13.975101322156597
10568.0,1285841.77043349,184607.477361083,2.0,561189.239291073,13.237813452563092
10575.0,1256238.28137918,198543.868159354,3.0,235046.63948963137,12.367539239347867
10576.0,1274430.8067098,212994.669262156,2.0,187490.14351409872,12.141481555086054
10578.0,1274553.85733393,217619.494674891,4.0,192524.4127337614,12.167978244065239
10579.0,1282461.68895802,205252.534150228,1.0,0.0,
10580.0,1283017.03788659,205228.561094195,4.0,73604.6414196207,11.20646336549518
10582.0,1259279.76023029,201176.885826051,4.0,9120129.618404474,16.02599457449387
10588.0,1278994.28447448,203209.451012135,3.0,263427.9659612816,12.481535235629101
10589.0,1277103.77311254,213944.073551118,3.0,234146.3944314059,12.363701815951194
10591.0,1294049.30061789,179360.483243704,3.0,137557.58737811202,11.83179792570464
10592.0,1272757.79397209,190664.42162329,1.0,0.0,
10594.0,1271458.74833876,178677.049899012,3.0,93182.0,11.442309848973883
10595.0,1271522.85253082,178622.086122945,1.0,0.0,
10601.0,1269331.77784058,213143.782478303,4.0,487232.9414617962,13.096497606929953
10603.0,1263808.02807492,190444.642551064,4.0,235097.22688165767,12.367754438974364
10605.0,1283314.6577269,183647.573104098,3.0,19216.368427034253,9.863517717066559
10606.0,1282148.2069737,181142.72247754,3.0,41304.038755503854,10.628715564858092
10607.0,1282152.28665371,180711.759085089,2.0,916.6098005644296,6.820681864320315
10608.0,1272775.1925641,211734.07438086,3.0,10985.125825305668,9.30429743903674
10611.0,1278530.28505,174623.782438859,1.0,0.0,
10612.0,1278527.854266,174450.181414679,3.0,91290.3285096487,11.421800130080953
10613.0,1281448.41273299,217754.834963024,4.0,380579.5143567105,12.8494504077942
10616.0,1256846.09347579,217407.402578667,4.0,185795.31450867932,12.132400887114292
10620.0,1288508.31334822,187888.830708444,4.0,1459032.0422858354,14.193283789077224
10630.0,1263112.65937021,194627.021307334,3.0,211198.9209156389,12.26055572150024
10631.0,1282913.97247849,211864.33230099097,3.0,251839.26571634837,12.436546328531689
10632.0,1282902.86783847,211528.168268651,4.0,228730.00018922304,12.340297548448682
10635.0,1263442.49892254,194462.135803178,4.0,4863349.240940338,15.397237902752241
10636.0,1263431.98519453,194077.110010773,4.0,4582939.767259177,15.337851220760161
10637.0,1283677.79801527,207105.020296112,1.0,0.0,
10638.0,1283675.75212727,206963.957895979,4.0,2075974.425066668,14.545941203859984
10644.0,1271976.98680329,212059.662605196,4.0,409806.1957920796,12.923439633735796
10645.0,1271976.73976329,212005.66042913505,5.0,8069722.977394669,15.903629712196542
10646.0,1264019.12311514,189774.218998373,3.0,12635.741527118867,9.444284706435688
10648.0,1290424.30291818,182311.489838734,1.0,0.0,
10649.0,1290395.68487015,181393.00970979,3.0,581558.4019826262,13.273466679229884
10650.0,1257766.07069273,168296.264608383,3.0,55233.05746156911,10.919316920073282
10651.0,1257326.79664429,168223.383520305,1.0,0.0,
10667.0,1271912.91083522,196838.315773606,1.0,0.0,
10669.0,1256190.24867512,217946.662675217,4.0,206499.3921283479,12.238052747690505
10671.0,1263254.89105035,169720.313569844,4.0,83820.3861210967,11.336431528019355
10672.0,1262778.30602586,169750.569057867,1.0,0.0,
10673.0,1281683.88569322,171697.758115858,3.0,203700.0599991349,12.224403896761418
10674.0,1284969.17536059,202507.348419413,3.0,543218.6483062982,13.205267185098132
10676.0,1276289.25343171,214903.046352103,3.0,41091.84426632786,10.623564944450843
10677.0,1276469.94040789,214898.641168103,3.0,45185.04419925024,10.718521430519715
10679.0,1256460.6447714,195062.639227793,3.0,187078.2603098842,12.139282312619143
10680.0,1255784.3735387,195090.112251818,4.0,180500.5309727089,12.103488998427803
10685.0,1277143.17887259,177120.51204142,4.0,403137.2388060668,12.907032325900326
10695.0,1285725.67091337,168977.949921072,3.0,179316.72393287413,12.09690892871187
10696.0,1285967.37939361,168971.797345072,2.0,224911.92609737665,12.323464164986877
10705.0,1285677.91251332,204350.292229295,4.0,1307403.9484628637,14.083554010244063
10717.0,1268264.40990348,189001.492533579,3.0,1138230.7826013789,13.94498566976997
10718.0,1272437.65809976,210114.027403206,2.0,4241.233449030722,8.352609413710802
10719.0,1272752.58200409,210086.784331173,4.0,5928.699394750746,8.687560141587284
10726.0,1255037.18012995,213520.812942684,3.0,91243.12809529988,11.421282960064248
10727.0,1254382.75952128,213544.031374708,1.0,0.0,
10728.0,1274161.93650152,208419.604937464,3.0,132391.479095497,11.79351856312926
10729.0,1273634.06680499,206214.295047209,2.0,61513.90850777278,11.027018582823445
10738.0,1270928.92101021,171256.596899405,4.0,505504.0705745624,13.133311369981087
10739.0,1252809.03894366,216183.441745415,3.0,101345.95357397448,11.526295225813989
10740.0,1252779.26307163,215325.19182454,4.0,48245.8705160365,10.784065517944647
10741.0,1266559.39754973,189442.284982026,1.0,0.0,
10742.0,1264346.94564347,201743.512002632,3.0,93182.0,11.442309848973883
10745.0,1271958.62955527,200341.065985188,3.0,57329.998250213896,10.956579295381129
10746.0,1282363.74982193,206261.598727256,3.0,47837.7089551942,10.7755694977452
10755.0,1276532.15090396,212106.04474924496,3.0,433148.3633691676,12.978835588872196
10756.0,1264814.32458796,210666.795979768,2.0,46592.0,10.749184131556358
10757.0,1264803.99127594,210390.108555481,1.0,0.0,
10759.0,1274270.49336563,192132.237560794,5.0,1293444.8408009822,14.072819636329026
10760.0,1274380.43640575,191844.9464885,3.0,1294241.321213541,14.073435229092478
10761.0,1278331.92588179,178931.643883273,1.0,0.0,
10762.0,1278785.44921026,177771.718058079,4.0,112003.3995595295,11.626284503026667
10764.0,1267981.5843672,197007.975549772,4.0,116474.0,11.665423351114764
10765.0,1267810.24644703,197013.118269786,3.0,279498.0,12.540750415916627
10767.0,1256535.53865948,197762.816510558,3.0,30755.8599353888,10.333835822083593
10770.0,1285054.18278468,177450.089449748,1.0,0.0,
10773.0,1254854.71363376,207295.421192318,4.0,638426.2542658029,13.366761449375197
10774.0,1274090.25880545,218177.331795454,3.0,46914.37182839529,10.756079343066041
10781.0,1279741.23967524,207148.401416168,3.0,59681.72364512814,10.996781115913802
10784.0,1259656.11383067,213363.243662521,1.0,0.0,
10785.0,1259631.31888665,212874.45460602603,3.0,54796.257175104656,10.911377170879208
10790.0,1268724.50411196,178410.300458729,3.0,4499.678703606205,8.411761274010747
10791.0,1258835.15971783,168568.930016652,3.0,38345.63759649681,10.554396047952146
10792.0,1258343.99965332,168607.158944696,3.0,2160.368373937831,7.678034029627059
10797.0,1270233.35083351,199952.792832792,1.0,0.0,
10800.0,1259098.7527421,187231.503603771,4.0,552779.5100290095,13.222714484954523
10801.0,1259082.39581409,186711.41246724097,3.0,265083.2353726672,12.487799151396532
10804.0,1274858.29208624,216743.970193982,4.0,66027.38374065123,11.0978248401206
10809.0,1256722.70205167,192637.961337298,3.0,91316.2125658148,11.422083625471503
10815.0,1281057.20025259,206888.293063894,4.0,2794316.209655869,14.843097986932108
10824.0,1277721.78962517,174458.70928669,3.0,293532.46989547665,12.589743542098796
10825.0,1278154.98885761,174454.115814686,3.0,202096.47595608307,12.216500466109961
10826.0,1278857.83263433,174445.022310674,3.0,175216.7358190693,12.07377897700374
10827.0,1278611.03948209,173780.124709994,3.0,53543.429627360856,10.888248372313777
10833.0,1256591.88438754,219327.45090062905,3.0,17797.286726553917,9.7868012935689
10834.0,1256571.09078752,218861.996756151,4.0,9940.791793016471,9.204401953723268
10838.0,1260506.55991155,197157.582845926,4.0,992270.9277348396,13.80775146161447
10842.0,1284903.52588852,192234.673080891,1.0,0.0,
10844.0,1280215.81413972,220734.37922208,3.0,256043.62686205443,12.453103126372199
10845.0,1271661.54257897,179142.750123486,3.0,277869.4539848931,12.53490669239847
10849.0,1261533.23639259,210034.912715122,3.0,2211.829386277044,7.70157522868965
10850.0,1260873.36791192,210046.100043133,3.0,16110.550635002695,9.687229655289123
10852.0,1263380.52042648,191787.970872432,4.0,6724883.983636472,15.721325231799497
10853.0,1275696.4202791,217387.207442641,2.0,132050.01678931018,11.790936044868854
10854.0,1275840.85995924,217383.73761864,4.0,438137.77302297007,12.990288690178769
10863.0,1284641.32435225,209528.442634597,4.0,72658.89274149302,11.193531066758625
10865.0,1278728.5569862,218044.800275326,4.0,55367.73799641762,10.921752356470654
10868.0,1281679.26105322,171306.772003457,2.0,28455.825535444743,10.256108182580705
10871.0,1293160.75380097,185127.199729607,3.0,46591.99999999999,10.749184131556358
10872.0,1293147.62720896,184632.246321112,3.0,113986.46668946676,11.643835007079366
10873.0,1287633.44563532,192561.207225233,4.0,26318.219082951346,10.178016719128335
10876.0,1280173.04524368,212549.112397701,3.0,1181690.9316893097,13.982456963644298
10892.0,1259798.19127081,195190.101883918,4.0,1111527.2482388287,13.921245526920659
10893.0,1270628.97144191,205464.470726445,4.0,101904.92575368832,11.531795557136615
10894.0,1254465.27836935,215946.58561717,4.0,96540.12438490114,11.477713997642295
10895.0,1254454.84662534,215673.498896897,4.0,95694.2513206443,11.468913505842053
10897.0,1267327.62865452,174595.248678833,4.0,674211.7431044598,13.421299499465562
10898.0,1277355.06136879,178149.08445847,1.0,0.0,
10899.0,1273007.60382834,190351.34155896297,3.0,4328.177710854092,8.372901880416734
10900.0,1272999.55499634,189704.62104630505,3.0,40967.76774492657,10.6205408839437
10911.0,1267721.63870293,200456.466369316,2.0,6214653.72758212,15.642420565780588
10912.0,1268843.26212808,197707.947582498,3.0,6196231.361909413,15.639451820349421
10916.0,1295392.50036326,181868.662958279,3.0,730067.7173236356,13.500892572279346
10917.0,1278172.55871363,176011.376808286,1.0,0.0,
10918.0,1278169.50719362,175788.686952055,3.0,185986.98107413156,12.133431956020528
10923.0,1288160.70214786,184713.645809188,2.0,518711.8155081841,13.159103739158873
10925.0,1282789.35327835,172336.032740518,1.0,0.0,
10926.0,1292765.77562457,187514.04901206505,3.0,105571.96188783158,11.567148102573796
10930.0,1281851.13503739,211881.493709013,3.0,5739.820348446329,8.655183190643731
10931.0,1282092.56825365,211877.535373002,5.0,108678.86714438185,11.596152639713246
10934.0,1279873.12223537,204973.895301938,3.0,93182.0,11.442309848973883
10940.0,1257252.90992421,195449.256508186,3.0,48367.37874463192,10.786580872589907
10942.0,1260132.10237516,209898.846090972,3.0,361511.1645403648,12.798048204033144
10944.0,1286847.74118651,185412.628017902,2.0,32312.724051434856,10.383216365120282
10947.0,1266667.26609385,174597.346470833,4.0,655902.2418127824,13.393767035194545
10951.0,1287606.18489929,176853.767145142,2.0,170433.44351064248,12.046100138853767
10956.0,1251601.89334242,211372.477964491,4.0,244204.0752742912,12.405759528784404
10957.0,1251439.41897425,211377.460556492,3.0,1797178.8278983077,14.401728675504648
10958.0,1288807.26874052,187254.609523788,3.0,509673.2832484029,13.141525178333582
10962.0,1281711.90566126,206579.257543579,4.0,3091214.675441273,14.944074670479127
10968.0,1282358.41810992,175669.321383923,4.0,214767.7145350771,12.277312325548431
10973.0,1285514.72057715,193046.452281728,3.0,40061.23741334053,10.598164497742767
10974.0,1285462.2465931,192978.784121647,3.0,3915.31555651788,8.272651207097018
10975.0,1253051.33302391,208198.141449243,1.0,0.0,
10980.0,1268079.4568793,179184.269035533,4.0,375254.3793420078,12.835359419892653
10982.0,1257408.97987637,215175.081232384,3.0,210058.73009282132,12.255142437708722
10983.0,1257069.82371603,215183.694096386,4.0,381991.0341821752,12.85315241658598
10986.0,1283189.87084676,201224.120962098,3.0,301275.8879932901,12.615781695342216
10988.0,1285030.00403266,205720.33210270095,3.0,82940.18103537247,11.325874916524931
10989.0,1285026.40627265,205568.583430544,3.0,154122.18016127613,11.94550094450869
10990.0,1253674.94403255,211984.923917115,4.0,193216.50516572164,12.171566627575977
10992.0,1272772.2175241,212344.355597481,3.0,192943.90392546172,12.170154772403235
10993.0,1272408.15685172,212122.288141251,2.0,106657.42054058988,11.577377299918691
10996.0,1281582.53778912,197282.097662061,4.0,462816.0384209996,13.045084928889167
11000.0,1285887.46688153,169924.88733004,3.0,364053.4260973733,12.805055910841267
11001.0,1285695.08665733,169343.659489453,1.0,0.0,
11004.0,1263816.47165893,191112.048375741,3.0,3996.555557777578,8.293188158577749
11005.0,1263704.62801082,191113.975479737,3.0,146480.98871088636,11.894650929126858
11012.0,1284077.68998368,190942.473207563,1.0,0.0,
11027.0,1260375.2826634,192539.417849198,4.0,1462085.7273693637,14.195374554624324
11029.0,1262458.93072954,195147.07404387,4.0,3226058.959554484,14.98677181386559
11031.0,1285169.3442568,200222.566849068,2.0,1447.1598831253964,7.277358213357868
11033.0,1255304.16649821,211264.283660382,4.0,750754.1673528999,13.528833536749785
11035.0,1286881.49933055,205134.769670099,1.0,0.0,
11040.0,1283575.59974316,199251.621312082,3.0,1232879.0762629278,14.024862704557574
11051.0,1287779.09267546,189563.77189415705,3.0,85156.61554573993,11.352247375917763
11056.0,1276162.86130357,217375.700242639,4.0,120221.38785966585,11.697090220859124
11057.0,1282691.41190226,212542.845069692,3.0,84970.85352289269,11.350063576938224
11060.0,1280279.78879578,199891.508160725,1.0,0.0,
11061.0,1284149.12876776,193420.849530101,5.0,128071.62520183288,11.760344958289103
11062.0,1284403.42944001,193062.934201732,3.0,122325.4481989508,11.714440380151844
11064.0,1281214.08217275,222890.359448284,1.0,0.0,
11065.0,1281315.50783685,223024.56456841496,3.0,93182.0,11.442309848973883
11066.0,1257852.51043682,207861.329160899,4.0,1815453.7320352688,14.411845984540847
11070.0,1280987.26962851,215884.81902511403,3.0,57009.74849296558,10.950977558385754
11071.0,1273960.91915733,203854.235140786,3.0,36400.59566983117,10.502340418046735
11072.0,1274064.45669343,203878.96832481,3.0,34161.34267218322,10.43884995252185
11077.0,1276559.77490398,201532.524546415,1.0,0.0,
11079.0,1269301.29924855,174583.37866281,4.0,900565.3821270351,13.710778047433314
11080.0,1289750.42797349,189866.305782467,3.0,30296.917547907804,10.31880125523035
11081.0,1256952.8416359,211201.803788319,4.0,1564381.180845645,14.263000892160383
11082.0,1274385.09848575,195243.946875975,4.0,522945.23535220674,13.16723202504464
11083.0,1260435.48131947,190535.189239144,3.0,391294.7557605389,12.877216406014494
11090.0,1267571.73150277,188662.804533228,3.0,76603.50631634469,11.24639812904588
11097.0,1254790.20060968,205340.906374305,3.0,327733.2452822896,12.699955279899084
11098.0,1257443.4912364,195943.930428684,3.0,46600.0,10.749355820113736
11099.0,1257437.1503724,195706.51622045,1.0,0.0,
11102.0,1259479.81168649,187073.209011599,2.0,1.0,0.0
11103.0,1259496.0137345,186854.755379379,2.0,23294.999999999996,10.055994024250897
11105.0,1259514.66589452,208831.922697887,5.0,15981458.624801831,16.586939772284605
11106.0,1265982.02308515,176764.979945049,3.0,145306.28062834236,11.886599073870869
11107.0,1262985.42737009,204408.808837354,4.0,618518.004412825,13.335081580193464
11108.0,1262684.47325777,204417.325189367,4.0,602999.3019102298,13.309671318014175
11109.0,1280654.98060417,218739.101012036,4.0,84351.51041521561,11.3427479943368
11110.0,1280631.96492416,218413.402835697,4.0,181588.10151881407,12.109496222731936
11111.0,1295209.86157908,182849.661679283,1.0,0.0,
11112.0,1295734.82049161,182799.831727237,4.0,1066270.5420597058,13.879677643309085
11117.0,1284073.83795168,205868.601542845,3.0,131923.86541986046,11.789980258046327
11118.0,1279868.03404337,204655.078021616,1.0,0.0,
11119.0,1268929.62705617,208984.247178048,3.0,405604.7042017689,12.913134329322446
11120.0,1268591.66155182,208757.335561812,4.0,8427642.544927387,15.947027640207455
11126.0,1255393.97341031,201996.238850892,4.0,244289.33556263504,12.406108603254268
11127.0,1255277.38633819,201653.30643454203,3.0,90259.76950681186,11.410447119719542
11130.0,1262188.01623327,210024.12833111,3.0,37379.99469796488,10.528890939168047
11135.0,1261505.59140056,197134.717373908,3.0,1942245.3515419743,14.479355259473197
11136.0,1261490.42807256,196477.65900524,3.0,454760.625195059,13.027526461022331
11137.0,1279153.30809064,219120.76136443004,3.0,1513992.2031411286,14.230260563125537
11138.0,1279502.83692299,219110.623572409,4.0,1763925.0573884211,14.3830520301727
11139.0,1284056.91411166,210865.688971967,1.0,0.0,
11144.0,1255126.37251404,202247.487043142,1.0,0.0,
11146.0,1256095.51625903,191300.524343938,4.0,329146.03504547256,12.704256806782066
11148.0,1284993.37779261,203842.173124775,4.0,573471.0032980366,13.259462653328304
11150.0,1259821.26045483,210580.165259674,2.0,34785.85296003384,10.456966058972268
11151.0,1276212.14994362,212887.196430042,4.0,273611.85904251144,12.519465808244812
11153.0,1276808.13759224,214890.001424089,4.0,87467.6541362506,11.379024336987733
11167.0,1252483.99196732,210750.194443852,1.0,0.0,
11169.0,1270709.14878599,194387.955195099,3.0,245014.49649844065,12.409072657157816
11171.0,1256040.20931497,190161.99346277103,3.0,88903.70773077648,11.395309127390185
11172.0,1264764.9448119,196418.269373178,3.0,36135.82078652405,10.495039917905606
11173.0,1264489.21207562,196420.102717176,4.0,203300.6092249989,12.222440996291725
11177.0,1269208.36830445,206953.177415967,4.0,187555.49451773957,12.141830051363176
11178.0,1269527.31128077,206947.111815959,3.0,341489.70138843014,12.741072800549759
11181.0,1277130.89055257,203345.558660269,3.0,762433.5976708791,13.544270698649784
11188.0,1258441.24419743,194571.051579282,4.0,2167146.71219212,14.588921981130367
11191.0,1283884.95020749,203860.11635679,4.0,219436.54538150283,12.298818382603418
11192.0,1284316.42572792,203853.032388791,3.0,160355.43695933966,11.98514811137117
11201.0,1264042.39146717,179171.052523509,2.0,14.666666666666664,2.6855773452501515
11205.0,1262974.06877807,187148.670451686,5.0,1872715.7141582863,14.442900188890992
11208.0,1285165.24064079,193246.895801932,3.0,54727.45949822355,10.910120864245002
11211.0,1259225.55626222,186702.614899233,4.0,186350.9999999999,12.135387271139317
11212.0,1259850.91722287,212135.160845265,2.0,969.773246578865,6.87706227775626
11213.0,1259610.47447063,212164.592845306,4.0,53841.057372629766,10.893791603290506
11215.0,1277612.39679305,214130.25134331,4.0,183260.7640403576,12.118665357671038
11219.0,1257050.06717201,192630.998393297,2.0,84648.7113943335,11.346265164696844
11224.0,1280613.17100413,211903.546765029,4.0,188009.64023303436,12.144248518332713
11226.0,1293700.73767354,182164.897582576,3.0,3314509.729470513,15.013820276085587
11227.0,1273293.81944464,178779.700971112,2.0,46592.0,10.749184131556358
11228.0,1273308.06418066,178779.700971112,1.0,0.0,
11229.0,1285884.15910552,205427.201798394,4.0,2219.904662707435,7.705219529217794
11230.0,1256844.66729979,207230.156232253,4.0,871855.4474751739,13.678378917905478
11231.0,1256403.93065934,207245.55642426,3.0,177437.4917742782,12.086373666856908
11233.0,1276856.62271228,206255.209991246,3.0,26133.81938025768,10.170985516231784
11234.0,1276829.56402425,205848.437510833,2.0,0.0,
11235.0,1275172.40101457,216426.517393664,4.0,118940.1149299564,11.686375409545274
11236.0,1280620.72473215,205289.343174264,4.0,906629.6429655356,13.717489313805817
11237.0,1284424.90348804,194408.264827117,2.0,185808.38963441263,12.132471258456627
11238.0,1284418.84153603,194220.758650929,4.0,3534885.322181513,15.078191416102445
11241.0,1276316.62475973,213263.997134432,4.0,533530.4363975639,13.18727139851381
11242.0,1276387.4576558,212883.729870036,4.0,158981.9040652739,11.97654566381519
11245.0,1254677.24348958,202045.467394933,1.0,0.0,
11249.0,1252737.63779159,211340.699148461,2.0,232920.0,12.358450325951056
11254.0,1277396.98348084,204749.068997711,1.0,0.0,
11255.0,1277687.53605713,204741.226501703,3.0,213895.28230197396,12.273241839203022
11256.0,1276036.22149545,215162.625872374,4.0,66726.91692080299,11.108363702534518
11257.0,1276029.38616744,214909.228432104,3.0,47230.54600655683,10.762796123411034
11258.0,1275435.56095083,213281.77076643697,3.0,34727.54853598087,10.455288556894377
11268.0,1270047.86366531,179164.754667506,4.0,602061.4001046211,13.308114712619243
11269.0,1270034.1796333,178511.615850836,3.0,53797.45183058086,10.892981381284327
11272.0,1265104.28830025,199037.94815985896,3.0,33403.92546423234,10.416428700928048
11274.0,1260397.19107942,193199.408377886,3.0,323156.13332677045,12.685890870324544
11275.0,1280363.40933987,205965.997318953,4.0,311297.0844077703,12.648502990525802
11276.0,1281020.99302055,210570.192203671,3.0,1862538.0378196076,14.437450652017699
11279.0,1275528.69067892,205379.227846354,4.0,62468.48892172871,11.042417531332065
11280.0,1274741.59775011,211710.00455683505,3.0,4484615.122442983,15.316163235398784
11281.0,1274740.54719011,211455.102156579,2.0,3885413.4373277687,15.172739954996384
11283.0,1255685.54499461,203327.723076254,4.0,441603.2878915319,12.998167219323854
11284.0,1255669.44528259,202866.353923783,1.0,0.0,
11286.0,1285066.36288069,196009.797052756,1.0,0.0,
11292.0,1260408.78224744,205138.1748541,3.0,93181.99999999996,11.442309848973883
11293.0,1280711.52806023,183001.976943433,2.0,73105.09638311455,11.199653361270949
11294.0,1281416.44921295,182991.090863422,3.0,302417.0261648908,12.619562225157862
11296.0,1258597.78883758,200690.831361547,3.0,599069.6215298959,13.303133099942608
11300.0,1262817.6773539,209079.841482148,3.0,189677.87073439293,12.153082495108972
11301.0,1262690.59300178,209082.881162137,3.0,1922170.885791848,14.468965774961665
11303.0,1264664.3554358,192428.009273097,4.0,928597.31970977,13.741430468186202
11306.0,1269105.69336034,189147.213365734,4.0,282356.5600723282,12.550925948662597
11307.0,1269081.07556832,188464.217013031,3.0,89451.5763190899,11.401452711130279
11312.0,1272608.38251594,215058.128400266,3.0,74376.18449755,11.216891068738592
11313.0,1272593.25528392,214298.158479482,3.0,18798581.335505176,16.74929196407548
11324.0,1278215.42021768,207195.395144209,3.0,22767.9247083394,10.033108013417078
11326.0,1258106.06275709,195506.284988239,1.0,0.0,
11327.0,1273948.84606931,203360.401156291,3.0,55725.64348149811,10.92819570563465
11336.0,1275840.27794324,205850.733126834,3.0,355747.3551963419,12.781976081479886
11337.0,1281547.54905309,197566.86547035,1.0,0.0,
11338.0,1287930.41453162,186982.756083518,3.0,157570.18266369603,11.967626242209693
11345.0,1285199.90291283,188268.786676824,4.0,1082393.3163201096,13.894685180949095
11346.0,1285325.48569696,188263.295540825,4.0,10849019.455209175,16.199585261075093
11350.0,1283268.07084686,172327.527524501,3.0,46595.99999999999,10.749269979519667
11354.0,1284223.13062383,198001.791102797,3.0,258074.31282778675,12.461002856646092
11355.0,1284884.3363205,197988.770814776,4.0,612412.7181359509,13.325161710244258
11356.0,1255711.51081863,200145.843264997,3.0,35532.54305199939,10.478204261235577
11357.0,1272379.14481971,194361.13925907,4.0,138094.30079684927,11.835692069877085
11358.0,1285226.16108885,206946.812935963,4.0,981040.7720186468,13.796369299374609
11360.0,1276758.43589619,215409.381648615,3.0,14466.37512912461,9.579582278852667
11361.0,1276837.24511227,215407.498448625,3.0,38876.51842037817,10.568145707763849
11363.0,1286501.85670616,204058.618564993,1.0,0.0,
11364.0,1254136.21308902,216894.35669013896,3.0,7362.365558511883,8.904136567489132
11365.0,1253834.39843272,216452.431377694,3.0,93083.66402475594,11.441253980895407
11370.0,1281928.12473348,199274.771200106,4.0,410734.628150591,12.925702611341869
11371.0,1281924.51385348,198954.88371177003,3.0,540852.8519338728,13.200902528103372
11376.0,1269741.661553,213135.524622291,4.0,404644.2701652395,12.910763614846427
11377.0,1272058.66117138,210135.76519522103,3.0,180801.8294993511,12.105156845801357
11378.0,1274087.30706145,219309.453908622,1.0,0.0,
11381.0,1282318.29190187,209153.049034223,4.0,129206.36725209272,11.769166151253254
11383.0,1269959.08600122,194940.989179656,1.0,0.0,
11384.0,1270204.71313748,194942.155835658,3.0,175639.05534130038,12.076186346280982
11385.0,1272552.03947587,194998.026171714,3.0,440373.2573433828,12.995377958425111
11386.0,1272897.29598823,194964.70796369,1.0,0.0,
11387.0,1275308.6277667,212142.924621284,3.0,46759.58964445337,10.752774639765919
11389.0,1271482.59838678,211044.940236151,1.0,0.0,
11393.0,1258561.77347755,212198.092813328,4.0,432356.96337514697,12.977006830134087
11397.0,1252215.51318306,212288.122125432,4.0,460618.7448826397,13.040325962202902
11398.0,1251960.57411079,212299.269453436,1.0,0.0,
11401.0,1257886.53693286,198734.032447547,4.0,525641.6190264493,13.17237492685794
11406.0,1254682.98134558,212604.366925746,3.0,63992.54467363768,11.066521866081972
11413.0,1281608.58764514,205561.412486538,3.0,6393.440479768595,8.76302781871678
11414.0,1261541.13757659,210298.927947387,3.0,7720.79468489908,8.951672576179453
11416.0,1265584.10718074,188698.656821266,3.0,285978.1396388589,12.563670652051535
11418.0,1257797.00989276,213818.635470986,4.0,190132.14218918092,12.155474594611078
11428.0,1275103.1137825,217913.92910718903,3.0,325171.57793002576,12.692108254097143
11429.0,1275369.88683876,217907.066579178,3.0,99541.9330474163,11.50833427202925
11431.0,1256060.50614698,206951.129863963,3.0,89038.1109561685,11.396819770047916
11434.0,1279096.40729058,207595.355912626,1.0,0.0,
11438.0,1273754.39730111,196211.960700959,5.0,548007.974071312,13.214045117049306
11442.0,1263523.59556264,189781.758326381,3.0,45587.83714208245,10.727396230583583
11444.0,1277077.52120851,206889.0492879,4.0,105125.96306498804,11.56291455837467
11455.0,1256810.92297976,188619.107765183,3.0,74927.31816662673,11.224273831534422
11456.0,1285992.42828964,195700.318012446,3.0,1365632.3790596062,14.127128160681869
11458.0,1281113.81663664,194661.737083375,1.0,0.0,
11461.0,1270289.58827356,178509.355690837,2.0,32710.61161336716,10.39545481841226
11465.0,1274823.4387742,214588.642767787,4.0,353850.71170374186,12.776630384816707
11466.0,1286812.31014648,200840.643073708,3.0,642322.293403372,13.3728454713519
11468.0,1289137.51610085,188618.211829185,4.0,48327.6385969646,10.785758903661263
11471.0,1255980.39280291,202633.562051535,2.0,65041.465389229736,11.082780274552595
11473.0,1285012.43513663,204908.184133872,4.0,2039979.0223166416,14.52845008258941
11476.0,1273045.22578038,194244.598522946,1.0,0.0,
11477.0,1292498.19277631,184362.861744836,3.0,42690.10060627187,10.661722336419924
11479.0,1280612.31897213,203282.820612207,4.0,128099.87593219194,11.760565519361265
11480.0,1286009.14112166,199526.096832365,3.0,2217.8144564186746,7.7042775108578105
11481.0,1286242.10790589,199525.03942436,3.0,225431.10774488805,12.325769882355672
11484.0,1250422.16342121,213431.406926602,3.0,463696.1834080684,13.046984839610438
11490.0,1261359.03133641,172895.371877089,3.0,1025959.5919963106,13.841138919918091
11491.0,1261338.1550484,172439.712036625,1.0,0.0,
11492.0,1268322.33105555,176285.918888554,1.0,0.0,
11495.0,1256674.26115562,202792.736259699,3.0,54759.06134406845,10.91069813798572
11496.0,1256299.41545923,202706.746307611,1.0,0.0,
11500.0,1257872.23517284,215163.14395237,3.0,209103.04864845556,12.250582465169147
11506.0,1254071.00950496,212169.441933304,1.0,0.0,
11507.0,1254064.95964895,211969.26119710496,3.0,65687.37150977069,11.092661971533978
11508.0,1262212.1434653,210815.702539921,3.0,178770.93914923051,12.093860595789252
11509.0,1262204.05226529,210551.844107643,3.0,45258.06425629052,10.720136148858188
11519.0,1258799.6994938,199872.078720719,3.0,306800.3078999698,12.633952352060033
11522.0,1287276.09760295,205657.82765463,1.0,0.0,
11525.0,1257040.750948,195349.811836079,4.0,521968.6392086646,13.165362786915692
11527.0,1272847.22360417,200322.93152117697,3.0,39070.25607835403,10.573116742375065
11534.0,1261306.61802436,169689.730657801,1.0,0.0,
11535.0,1278762.89221823,177114.625257403,3.0,161807.76328403622,11.99416426319737
11536.0,1278733.21772221,176452.691176727,4.0,295667.95988010324,12.596992346503907
11538.0,1283647.05862324,192902.658937573,1.0,0.0,
11539.0,1283987.91193558,180695.655149072,4.0,2223230.78099388,14.614472002669874
11540.0,1284195.05683179,180506.377964884,3.0,2200922.146595495,14.604386988049967
11545.0,1283537.44300713,193152.582969829,1.0,0.0,
11547.0,1260083.26877511,212940.652302101,1.0,0.0,
11549.0,1285220.99840085,206522.03328752503,3.0,27079.492175129864,10.2065319740856
11554.0,1275376.94719078,218327.318035617,2.0,46592.0,10.749184131556358
11556.0,1290264.47808601,171603.20905976,2.0,42825.83105608284,10.664896728867026
11558.0,1291096.34195887,180576.429356948,3.0,635820.473228835,13.3626715276778
11560.0,1269969.65944123,213131.021390289,4.0,599726.366941517,13.304228775076057
11561.0,1270199.07864147,213126.443278283,4.0,226428.10201286612,12.330182743106757
11564.0,1281764.65522932,203914.41907684496,3.0,43563.74073779135,10.681980448883023
11574.0,1255984.20976292,206843.723271847,3.0,32625.279183867275,10.392842701948297
11575.0,1255905.80931483,206846.143495858,2.0,2604.076758121968,7.864833479899385
11576.0,1258084.54147707,193925.285818622,3.0,64320.30983463542,11.07163072092202
11581.0,1285438.78368108,192643.282169312,3.0,31705.768922875883,10.364253928256886
11585.0,1273705.98763706,194639.76831536004,3.0,60330.06629954976,11.007585870382485
11588.0,1281090.28089263,181713.39031811096,3.0,9905.783085420093,9.200874015615893
11589.0,1274211.39832558,192133.106680781,4.0,1524404.7534922564,14.237114566247943
11590.0,1276552.18501598,179094.849259436,3.0,416183.0796474417,12.938880537736216
11591.0,1287827.38323551,192679.53407335296,3.0,166657.47644681396,12.023695945896764
11593.0,1279508.059323,218023.683475301,4.0,1414933.468702932,14.162593069369567
11594.0,1259359.46743037,212172.690957308,4.0,130353.1306910502,11.778002436649373
11595.0,1259348.84208636,211779.009996906,3.0,121008.24909368396,11.703613996583082
11603.0,1264845.21495599,168989.919393092,3.0,93182.0,11.442309848973883
11604.0,1264784.81745192,168728.460576817,3.0,153981.78349720262,11.94458958541987
11610.0,1277629.56344907,205462.087558433,4.0,388572.878098733,12.87023601961106
11611.0,1277873.83621733,205448.38125442,3.0,180189.7659984909,12.101765830082417
11613.0,1279627.68345112,210965.509964079,3.0,519181.3030627954,13.160008432673518
11614.0,1259267.24349427,211766.335436895,3.0,417246.0836821765,12.941431455457687
11616.0,1258870.81219786,213788.326158956,4.0,170853.15295245798,12.048559711879786
11623.0,1259727.07888675,204486.299845442,4.0,1024149.6214798077,13.839373188634248
11624.0,1259394.0877824,204495.344389454,4.0,15323348.024605496,16.54488823786556
11628.0,1260854.47952791,197808.552318603,3.0,83094.56117631133,11.32773452955979
11629.0,1260839.50941588,197149.961789921,4.0,1170175.5658254505,13.972664351777693
11630.0,1285097.07078472,200224.50585708,2.0,43948.34156455238,10.690770167806415
11635.0,1270086.73860936,200196.757569045,1.0,0.0,
11644.0,1270151.38609742,169708.723681822,1.0,0.0,
11645.0,1270190.30731346,169653.84982577,3.0,107878.75826921249,11.588763266890911
11646.0,1288201.6945319,184780.571185261,3.0,474652.4559474789,13.070338143524893
11647.0,1293128.93204094,183941.697200403,4.0,269244.89944983914,12.503376651291717
11648.0,1262070.81175314,176387.026920661,3.0,28100.758726717784,10.243551855908128
11649.0,1261822.36964089,176396.77956067,2.0,5.999999999999999,1.791759469228055
11651.0,1284985.01427262,203380.910276309,3.0,257085.84784459407,12.457165346404796
11652.0,1285663.2648973,203374.507716298,3.0,92912.5909509305,11.439414447921061
11653.0,1259573.62608659,211137.11950025,3.0,196398.6892487268,12.187902000993912
11662.0,1264455.66525958,205690.979846671,3.0,53328.00384862229,10.884216872716403
11672.0,1265588.71383674,188449.54251702095,3.0,346975.22189578466,12.757008649739031
11674.0,1286960.38137864,202145.726403043,1.0,0.0,
11675.0,1284944.46707256,209025.335050091,1.0,0.0,
11677.0,1264017.17265114,211849.616140977,1.0,0.0,
11678.0,1264011.43089113,211692.24769282303,3.0,74858.5557071374,11.223355688020064
11679.0,1276795.89778422,212100.87674923203,3.0,373964.6954291803,12.831916674692787
11681.0,1257190.68304415,197447.444798231,4.0,53975.63686778045,10.896288054623827
11682.0,1256527.95670746,197490.101886272,3.0,19148.988842840667,9.860005191274285
11685.0,1255501.99056242,197794.20428659,2.0,44860.16054383416,10.71130538684252
11697.0,1267008.7713742,189775.117942378,1.0,0.0,
11701.0,1285612.36864126,200869.636097729,3.0,419522.2065794791,12.946871739315473
11702.0,1286335.21036999,204606.744453564,4.0,288002.6535060287,12.570724972638239
11703.0,1286477.34854613,204603.211013556,3.0,277673.7038904819,12.534201976303105
11710.0,1277293.92991273,181727.193454131,4.0,389850.6195294775,12.873518917884816
11716.0,1284373.27929598,189435.07890202096,3.0,437535.1686338933,12.988912366997969
11717.0,1265332.50865248,197078.210301846,4.0,7584752.377474544,15.841650523887047
11718.0,1258602.4324856,211160.315020278,5.0,1825243.7655698196,14.41722410625427
11719.0,1274552.99147792,217415.050834671,3.0,65792.56447646779,11.094262109050826
11720.0,1274545.15192592,205673.935878649,1.0,0.0,
11721.0,1285120.68524875,194207.296762913,3.0,2916819.252097288,14.88600428330209
11722.0,1280882.28524441,200834.366529703,3.0,23298.666666666664,10.05615141330982
11723.0,1280996.33030052,200704.273281559,3.0,96180.2436919329,11.473979248535377
11731.0,1282313.13938987,173331.76240553,4.0,4947070.394435469,15.414306119830753
11736.0,1270186.76862545,169489.9938256,3.0,74550.57027981975,11.219232969792328
11737.0,1277743.42111319,175792.81687205998,3.0,346377.0064930354,12.755283074982959
11740.0,1257891.86141287,204559.153989509,4.0,29601.46847456491,10.295579249708778
11745.0,1282056.94726162,209904.451402992,4.0,207728.12870477897,12.243985430183043
11748.0,1287606.06777929,203183.368068099,4.0,65908.69050805914,11.096025585969851
11749.0,1288027.72013173,203539.663940474,3.0,31235.85005930168,10.349321754518185
11752.0,1279485.44223498,201368.930050239,4.0,201147.2371688593,12.211792442105178
11754.0,1263015.76490611,172659.638372853,3.0,204707.33756449228,12.229336616461234
11756.0,1263311.32106641,172646.985892832,3.0,31807.59279121732,10.367460307287372
11760.0,1264092.43140322,191107.293111742,3.0,179263.1351006798,12.096610033884158
11776.0,1274223.46590959,217119.83457838,3.0,55634.046546130536,10.926550640782157
11777.0,1274214.41144557,216759.719186008,2.0,12723.102519634582,9.451174715929508
11778.0,1282472.83852604,200592.489345446,3.0,2471723.4778283257,14.720426229582797
11780.0,1283620.1967992,203033.084867954,4.0,42475.48069827673,10.656682263680961
11784.0,1258340.67088532,218179.378387466,3.0,431431.85669454094,12.974864855121643
11785.0,1258328.36381331,217874.14177914,3.0,91382.75191359733,11.422812029717406
11786.0,1281852.8528614,186474.289906994,1.0,0.0,
11797.0,1276147.98501556,214906.489936113,3.0,80047.06057028586,11.290369997829192
11798.0,1280415.84786794,207961.22164098904,3.0,106335.70838996032,11.574356428805167
11800.0,1278855.39596233,213805.763150975,1.0,0.0,
11803.0,1259550.96605456,210455.386635557,4.0,1846222.123654703,14.428652013813101
11804.0,1259239.99095024,210461.880395561,4.0,2903920.548853037,14.881572295342167
11805.0,1264474.0864436,195774.508860514,4.0,10193658.637783188,16.137276382739447
11811.0,1266626.49719781,172657.450404838,4.0,3087122.9913253253,14.942750144389803
11813.0,1257447.95056441,205239.237254202,4.0,784530.2038474445,13.57284035117565
11815.0,1280995.16460453,216284.134161517,4.0,80192.65456391676,11.292187200681486
11816.0,1281211.97260475,216285.290641516,1.0,0.0,
11817.0,1277715.92216916,174124.381862342,1.0,0.0,
11818.0,1293893.81959373,187984.11531654,3.0,46649.68809523808,10.75042152019179
11819.0,1283196.89676678,177852.494826168,1.0,0.0,
11820.0,1276254.90411967,201651.108930528,1.0,0.0,
11823.0,1255692.50985861,206460.933639452,3.0,16119.840817644052,9.687806141175885
11835.0,1280430.97516395,173740.970853955,4.0,2207294.9951744154,14.607278339729648
11836.0,1280512.11865203,173404.640165612,3.0,2761905.8472580644,14.83143152375994
11846.0,1255598.61469051,209906.542602986,4.0,1640498.2036026851,14.310510536352329
11847.0,1282186.96409374,184665.814193144,3.0,147352.75081680648,11.90058465658206
11848.0,1259217.08483823,189847.266742453,4.0,1757331.8642220972,14.379307230507077
11852.0,1254477.01980937,217415.726738676,3.0,696918.5766144885,13.454423863140347
11854.0,1264519.67396365,197726.020990521,4.0,656169.3505307776,13.39417419090654
11860.0,1270844.56254613,201418.8577943,1.0,0.0,
11861.0,1271112.0961144,201125.922049999,4.0,127277.81837369392,11.754127522494672
11862.0,1280595.56633212,211304.095244423,3.0,2315203.109357167,14.655007977877272
11865.0,1288690.1075884,183232.267183676,3.0,26026.753131355985,10.166880254570978
11866.0,1285206.95904084,177014.92234531,1.0,0.0,
11868.0,1277932.77279338,216359.654673591,4.0,337585.80038413545,12.72957498034584
11871.0,1253777.14755265,209967.942091048,3.0,578364.4068309744,13.267959410642348
11872.0,1253761.58422464,209508.881930575,1.0,0.0,
11881.0,1262628.71645771,170811.559394956,3.0,334542.819102757,12.720520159633738
11882.0,1262170.58026524,170836.438306972,1.0,0.0,
11883.0,1265377.28644453,176583.667624861,4.0,1140141.0962133904,13.946662581320213
11886.0,1265006.77271615,205032.032325998,1.0,0.0,
11887.0,1264722.11255586,205037.068038002,3.0,325298.7598707366,12.692499300190839
11888.0,1272033.55691534,204401.397125348,3.0,3474189.839018706,15.060871869948977
11892.0,1290314.32282206,189154.707765743,4.0,1329494.4740815354,14.10030933326811
11893.0,1290374.99923813,188584.67941315504,3.0,29731.00330709352,10.299945662718159
11897.0,1261195.19735225,199796.207488641,4.0,206928.84024789117,12.240130246227714
11898.0,1250157.37692495,214845.682000041,3.0,7030248.015296092,15.765732542723015
11900.0,1280618.05484414,200923.12550579,3.0,90159.08964140048,11.409331051517611
11901.0,1281541.24722908,194317.368379027,3.0,4943.78977705847,8.505887477411983
11903.0,1260383.13923942,192761.763193429,3.0,283321.3038363372,12.554336881848842
11908.0,1282051.4072936,217730.739859,1.0,0.0,
11911.0,1256980.14313993,217401.58107465497,3.0,186135.9595569851,12.13423265103041
11914.0,1270651.63115393,177322.964713618,1.0,0.0,
11915.0,1258966.55254996,206502.039559498,1.0,0.0,
11916.0,1259594.81079061,211818.801548943,4.0,151412.30320526223,11.92776187959838
11921.0,1274232.4878616,202699.068163604,4.0,49185.03705778551,10.803344731383303
11922.0,1274775.04978216,202707.648515612,4.0,583727.9289067793,13.27719027809719
11927.0,1295374.75399525,187243.466163784,4.0,348765.281920738,12.762154430285246
11928.0,1295644.86138752,187018.220915556,2.0,32026.3881035347,10.374315470198264
11934.0,1285973.86528163,202494.934723392,3.0,201128.5011293101,12.211699291871252
11937.0,1287179.93933086,185736.840946242,2.0,504.94125767341495,6.224442101070714
11938.0,1280357.86540388,205696.506374672,3.0,192307.28986936723,12.166849839695413
11940.0,1263767.30077888,167082.842463136,3.0,1080894.563121904,13.893299555436888
11941.0,1267925.91844714,171977.732644156,3.0,3733506.445409204,15.132858415828228
11942.0,1267597.0093268,171985.676196158,3.0,103704.6576286649,11.549302307660923
11944.0,1269127.80747236,189784.418806389,3.0,123897.93453888698,11.72721339708996
11945.0,1264276.2226994,170791.519458935,4.0,280994.62436965137,12.546090817775783
11949.0,1286820.30880249,190530.82277514003,3.0,1578876.3389215304,14.27222397409842
11950.0,1271770.78443508,203487.342852414,3.0,245552.951456667,12.411267891173884
11951.0,1274365.89509374,194624.108283341,4.0,189230.0242188218,12.150718613384251
11952.0,1274481.64318985,194621.37305133,1.0,0.0,
11953.0,1282958.90579054,203044.412931964,3.0,57450.86556661318,10.958685349597054
11956.0,1290474.56691822,183895.67268835,3.0,27549.912722165773,10.223754646596579
11957.0,1290753.93511051,183885.538544342,3.0,74818.71898511266,11.222823386465974
11958.0,1253493.53296036,210665.03188376097,3.0,301155.1258063406,12.615380779101848
11964.0,1284142.74527974,202513.690563411,4.0,1636940.515216619,14.308339518012296
11965.0,1276169.04632758,217886.243795156,4.0,446829.1975490227,13.009931692182244
11969.0,1277872.60556133,205886.479110867,4.0,93215.33333333331,11.442667507885549
11976.0,1257232.75056419,199045.051199868,3.0,96855.78182677344,11.480978365832522
11977.0,1275466.98309486,214572.997135773,4.0,64431.90460402667,11.073364202521892
11979.0,1257852.80573283,217893.28648316895,3.0,66204.40762571317,11.10050232015756
11980.0,1257824.49872479,217363.965650618,4.0,20315.77287281561,9.919152852138993
11982.0,1257198.87069215,217902.067603171,4.0,804306.6282882023,13.597735853922734
11987.0,1277506.84940095,189148.474869728,3.0,3435139.8136965893,15.049568185487574
11988.0,1277762.94930521,188670.497781247,3.0,1313110.9300300882,14.087909635649243
11989.0,1287425.5388831,176184.487656459,4.0,511965.0296567416,13.146011600237317
11990.0,1276296.04575171,215156.454672366,4.0,55048.03449258818,10.915961437473243
11991.0,1283687.76819128,205541.611014515,1.0,0.0,
11992.0,1276869.06002429,206497.276423499,4.0,244892.4850174928,12.408574556546581
11995.0,1264577.12791571,200040.01312089,3.0,627093.5781396454,13.34885105591042
12008.0,1271017.79877031,213544.217422709,4.0,182327.8866456768,12.11356192014546
12010.0,1286285.08249794,200526.492097378,4.0,536344.3159653781,13.192531614347304
12011.0,1286565.86675423,200519.712577373,3.0,350958.02733450633,12.768421915054144
12013.0,1284589.8559362,205579.95347856,4.0,322196.6734585631,12.682917425210395
12014.0,1284583.5200002,205187.77383016,3.0,183960.49327950188,12.122476303100047
12015.0,1270560.39742583,213548.877838716,3.0,545047.815772062,13.20862880515844
12021.0,1265993.28913316,176585.29591286197,3.0,279982.8155920427,12.542483507382432
12022.0,1273300.77285264,179775.248812139,3.0,39037.69814391378,10.572283077311114
12026.0,1290478.80672623,169781.291489899,2.0,1105.5657349500011,7.008112460266494
12027.0,1290750.09459852,169491.358945608,3.0,49479.41836922681,10.809312071571265
12030.0,1283928.09875153,170100.001762226,1.0,0.0,
12032.0,1281403.12870094,174376.269798607,3.0,65489.72698177542,11.089648569349775
12035.0,1277007.00690444,205484.543238461,1.0,0.0,
12038.0,1286048.6873617,208649.588745698,2.0,2215.984875532524,7.703452222723181
12040.0,1271263.89502656,205446.898630425,4.0,157221.10709932272,11.965408419043618
12041.0,1281941.30412549,204450.574469402,4.0,478767.02813971136,13.078969386760315
12047.0,1259128.31530213,187885.37502843104,3.0,892334.1428990816,13.701595941079857
12068.0,1284585.1125122,173612.116133824,1.0,0.0,
12069.0,1284947.66227257,173601.157157809,3.0,551080.9614927584,13.219637012899625
12076.0,1276830.82680826,215143.058000356,4.0,63264.69094455456,11.05508264751785
12081.0,1262217.58506529,199105.148159921,1.0,0.0,
12083.0,1263908.55972302,169692.742113814,3.0,86052.20952228636,11.362709478501042
12089.0,1277192.69848862,207784.295176819,3.0,426434.927902904,12.963215061947396
12090.0,1278063.64389752,208100.342793137,1.0,0.0,
12094.0,1256839.09353979,196520.823293284,3.0,2942.630040954152,7.987059032194999
12095.0,1257321.89802028,195949.8562527,3.0,25826.242671893368,10.159146411780533
12098.0,1286354.86752202,195100.172923833,3.0,49950.85051346367,10.818794811228306
12105.0,1262193.68125726,176939.629161224,1.0,0.0,
12106.0,1262223.1837853,176750.068201035,3.0,79942.35369860493,11.289061075146916
12107.0,1271001.06289829,177854.05290617,3.0,93182.0,11.442309848973883
12108.0,1270984.17253028,177230.161385521,1.0,0.0,
12109.0,1283067.88755065,207828.89351286003,3.0,106630.79799684658,11.577127660777212
12113.0,1258265.65040524,211498.009868622,3.0,445433.8338880924,13.00680399384828
12116.0,1288808.92691652,187744.302132294,1.0,0.0,
12117.0,1251797.73449463,215564.382288784,3.0,518498.07526898495,13.15869159453101
12123.0,1286245.2676499,204608.98195757004,3.0,307786.9354089259,12.637163054420881
12126.0,1258059.88502903,193267.711033955,1.0,0.0,
12129.0,1286683.37145835,185204.313137695,3.0,246986.9955450874,12.417090964609043
12138.0,1283345.44108693,206544.193671539,4.0,1708843.1547357028,14.351327181839064
12141.0,1264757.8762679,172466.058084652,1.0,0.0,
12142.0,1264894.91633204,171993.625956163,4.0,484031.7493834777,13.089905781447069
12146.0,1279713.65177122,206001.904710993,4.0,199211.3930944794,12.202121816746502
12148.0,1255147.95913805,195360.585788086,4.0,711800.8212010327,13.475553405753873
12149.0,1273109.67512445,196970.130813748,3.0,19203.780133675245,9.862862420599415
12150.0,1275202.0997666,177780.622250095,2.0,46592.0,10.749184131556358
12151.0,1275530.08139892,177779.817770094,1.0,0.0,
12152.0,1264756.8946359,176674.328872964,1.0,0.0,
12153.0,1264377.38717951,176753.546857044,2.0,46592.0,10.749184131556358
12154.0,1265320.64286047,173946.40029417,3.0,98829.09466165728,11.501147320766268
12155.0,1254663.83836956,211945.668109074,4.0,220699.0865910424,12.304555453545925
12160.0,1276138.24914356,216402.741521642,4.0,45790.51635738773,10.73183228222848
12161.0,1254476.92470537,206464.349319458,3.0,133705.6398045594,11.803395944732609
12168.0,1287408.7666591,205375.730438352,1.0,0.0,
12173.0,1252034.43779087,212709.475981861,3.0,60332.39210307928,11.007624420956716
12174.0,1274874.89573425,217407.23656266896,3.0,33816.101755264724,10.42869235132847
12175.0,1274867.30450225,217103.986194357,3.0,12393.279633193108,9.424909639611906
12177.0,1280591.75762811,198637.958847448,3.0,455405.7226495952,13.028943998737466
12178.0,1280978.3431645,198630.39814344,3.0,380558.7342194672,12.84939580500085
12180.0,1261395.54768845,189156.332789734,3.0,2469471.1731584626,14.719514585745651
12183.0,1283216.3937908,183651.785712108,3.0,30501.742628415443,10.325539096321224
12184.0,1266193.41898936,169692.962273806,1.0,0.0,
12185.0,1295724.4353396,181853.771566257,3.0,1553008.5783284148,14.255704625829937
12188.0,1254473.81545736,216198.206481427,4.0,261239.4526293368,12.473192708735485
12189.0,1254279.52643317,216217.750417456,1.0,0.0,
12190.0,1281400.89017294,196215.312060967,1.0,0.0,
12191.0,1267799.37572701,196346.34265309604,3.0,69883.99999999999,11.154592003594335
12192.0,1267798.82551901,196312.580925062,1.0,0.0,
12195.0,1270759.91313805,174942.096103176,1.0,0.0,
12198.0,1275235.70635863,179097.653739437,3.0,624486.0399778968,13.344684254379416
12205.0,1256097.90403503,215894.130705118,4.0,682311.6089812656,13.433241737141058
12208.0,1288602.74586031,190512.211639121,4.0,829232.469854335,13.62825581682623
12210.0,1256798.28419575,200100.59532894203,3.0,142351.76668451933,11.866056503479323
12217.0,1270208.23640148,213560.40603072903,3.0,65622.48110051088,11.09167361592696
12221.0,1277992.79954545,214122.378959298,1.0,0.0,
12222.0,1276704.56952813,202429.575939327,3.0,8530771.485159287,15.959190359124765
12224.0,1279520.90149902,218443.009107724,2.0,133444.42603818834,11.801440385793914
12225.0,1264943.01265208,192420.125113085,4.0,1268264.0875179234,14.053159663207122
12226.0,1264069.5574192,201752.525122643,3.0,1793818.302561022,14.399857035847916
12227.0,1284766.84608038,194214.469626918,3.0,3062114.362354436,14.934616203409705
12228.0,1293476.54746531,188873.980661452,1.0,0.0,
12230.0,1293175.89914499,185671.675378174,3.0,93182.0,11.442309848973883
12231.0,1293200.37312903,185666.095026165,1.0,0.0,
12232.0,1256120.86006705,207254.578696266,4.0,219960.8159298572,12.301204700061394
12237.0,1280972.2247005,221035.848406389,4.0,93008.00948613044,11.440440891933756
12238.0,1280959.16665249,220721.120022058,4.0,127592.65978956663,11.756598123078055
12239.0,1271853.37253116,192774.761529446,1.0,0.0,
12246.0,1281717.01292527,213761.385614932,3.0,135335.6227652553,11.815513066757315
12249.0,1265960.55134113,198494.9882873,4.0,21132637.5016884,16.866329204409663
12257.0,1268637.56798387,206964.690183982,3.0,12842.774573860832,9.460536642207154
12258.0,1268889.43160012,206959.609799966,4.0,87580.59131800412,11.380314692079617
12259.0,1254900.9064658,208610.201993659,4.0,471322.0903548577,13.063296982924923
12263.0,1265525.48529269,169080.190497175,1.0,0.0,
12264.0,1257523.11542849,207879.24640891,4.0,2366961.2461122605,14.677117515785943
12265.0,1257512.56394048,207209.351432219,4.0,1398345.6115778584,14.150800389804573
12268.0,1265858.60010903,193065.410553738,3.0,53382.46681142684,10.88523763416927
12273.0,1257426.59133239,191261.094327897,4.0,793643.5973058107,13.5843897695651
12274.0,1266103.60714927,168397.35363248,1.0,0.0,
12275.0,1264620.43197976,187121.02091565696,3.0,1259856.603159293,14.046508465434718
12280.0,1266216.37105338,190439.071671054,4.0,211725.6046135624,12.263046397440759
12283.0,1273775.97272512,210206.454027295,1.0,0.0,
12284.0,1273898.98002125,209744.425482824,3.0,172427.56743056804,12.057732528318072
12287.0,1288840.88122055,188423.061620995,4.0,96988.51400029055,11.482347838106083
12288.0,1257090.89616404,201552.736770436,3.0,46796.2160915338,10.753557625891975
12289.0,1257086.56842004,201396.151170269,1.0,0.0,
12290.0,1259747.97514276,193877.225914568,4.0,1526436.254657788,14.238446331135304
12291.0,1263504.72157861,199495.704128325,1.0,0.0,
12292.0,1263370.58999448,199076.916287899,3.0,186350.0,12.135381904907405
12296.0,1280398.22258791,197856.580798656,4.0,327668.9964528958,12.69975922066856
12298.0,1257807.67658077,188912.319157496,4.0,1766554.588899618,14.384541647596324
12303.0,1271451.49669075,175886.628328145,3.0,164004.508522501,12.007649197419324
12304.0,1263334.93188244,209739.755530819,2.0,9468577.355885366,16.063489227465883
12315.0,1270210.56350549,194031.439482734,1.0,0.0,
12322.0,1253720.3185606,215169.625232384,4.0,1377221.4387431047,14.13557857723146
12323.0,1281894.21663745,182535.870638967,2.0,46592.0,10.749184131556358
12324.0,1282043.87577359,182533.276462957,1.0,0.0,
12327.0,1273970.06482133,194943.586299673,1.0,0.0,
12328.0,1274375.33829375,194934.011515662,4.0,292465.96612458624,12.586103583754646
12335.0,1256512.79363546,196944.67513372,3.0,260914.83344424568,12.471949324411844
12336.0,1285152.72486478,191852.759480506,4.0,114859.8425212945,11.651467903368196
12339.0,1278409.18552987,217017.235410273,4.0,261248.69251579684,12.47322807752441
12340.0,1274231.0863256,217422.86677068504,3.0,114051.49702261965,11.644405353646727
12347.0,1278458.41349792,205575.525318548,3.0,427931.2792873346,12.96671789925964
12351.0,1274021.50206938,205416.802246392,3.0,1029595.4152650614,13.844676482325877
12352.0,1274735.39634211,208117.347657159,1.0,0.0,
12361.0,1265324.80196448,174274.482918501,4.0,187607.337949632,12.142106429659401
12362.0,1269243.68452848,172287.031844467,3.0,333196.0331083196,12.716486283766738
12364.0,1271953.23256326,200066.219392911,2.0,36.66666666666666,3.601868077124306
12370.0,1256502.21558744,196474.229245231,1.0,0.0,
12371.0,1279712.72133921,204960.041989923,2.0,46592.0,10.749184131556358
12372.0,1279689.62623519,204696.441477656,1.0,0.0,
12373.0,1264071.1860272,193111.97279378804,3.0,640202.0373265762,13.369539088841133
12376.0,1280127.77791564,206910.25459991404,3.0,538424.4235077304,13.196402419411065
12377.0,1280121.82745163,206643.960839644,3.0,85287.24543368493,11.353780196317055
12378.0,1293876.75860171,181268.703533664,4.0,2180814.943489261,14.595209192197911
12381.0,1273415.39045276,196507.205565274,4.0,186104.01730839655,12.13406102922377
12383.0,1284980.3000326,203120.845828041,3.0,91264.95416199608,11.421522139245031
12388.0,1287212.86445089,186585.879603103,3.0,108701.49921636388,11.596360865253047
12391.0,1287996.1804837,184054.892848521,4.0,2790990.74483394,14.841907196437697
12394.0,1293823.01101767,185240.117809728,4.0,2407673.3850033507,14.694171438754177
12405.0,1273246.46258059,204544.340357497,3.0,1160974.5496025605,13.964770339339465
12406.0,1273180.11198851,204302.425861254,4.0,1382335.8452328534,14.139285267703334
12410.0,1290207.06842196,171707.842403874,3.0,90534.95517616608,11.413491300155114
12412.0,1283287.14854287,205221.527046189,4.0,483077.51601920975,13.087932408410392
12413.0,1278602.74124207,212294.48206143096,3.0,1772264.486583324,14.38776865780338
12417.0,1264671.80849181,191101.58117573,4.0,422741.8368010026,12.954516956819223
12419.0,1253959.39555284,206160.685255155,1.0,0.0,
12420.0,1253742.53705661,206078.230983064,3.0,364593.922438845,12.80653947196776
12429.0,1255814.80029073,199353.373760179,2.0,174223.0233887519,12.068091501078074
12430.0,1255278.3538902,199346.998720169,4.0,1685973.2137157489,14.3378535299419
12433.0,1255122.50281803,205328.761734307,4.0,480817.0810591029,13.08324218790134
12436.0,1257033.35593998,202710.877507612,4.0,871153.3337500878,13.677573283681918
12437.0,1270650.00715393,206279.90579927,4.0,114129.18997227792,11.645086331109665
12439.0,1279691.09996319,204345.897861287,3.0,987062.2901614564,13.802488427023475
12440.0,1259378.61405438,212879.851278037,4.0,94385.26714536604,11.455140271578296
12441.0,1282942.43763052,202522.001219422,4.0,2690127.162571693,14.805099022792204
12446.0,1271802.77457911,197101.773245871,4.0,326143.4996818971,12.695092746570001
12448.0,1277551.478265,217850.85083513,3.0,498998.7793891462,13.120358928616728
12449.0,1277375.01932082,214735.570319936,4.0,81676.74164370612,11.310524560315454
12452.0,1262373.01751345,205086.403590053,4.0,358181.41495973803,12.788794882728189
12453.0,1262354.34788144,204426.668997377,3.0,199901.4970152824,12.205580009281272
12455.0,1255274.24099419,209918.686283007,4.0,1501601.0637080555,14.22204247263728
12456.0,1274516.12638989,215958.333969191,2.0,444.24607143455137,6.096378623854526
12457.0,1284042.49580765,195252.574523985,3.0,1739373.015391926,14.36903527027245
12459.0,1286287.71308994,184860.589041337,1.0,0.0,
12460.0,1263661.90993078,211050.787980154,2.0,198432.67109186048,12.198205133117865
12463.0,1278570.63013804,213219.528078377,4.0,646474.1262755602,13.379288455164346
12467.0,1283089.52262266,196399.72543714903,3.0,122889.4125505873,11.71904014498068
12468.0,1283507.4037111,196393.935421154,3.0,224909.4710635515,12.323453249393085
12471.0,1266910.27057409,198367.914751172,2.0,46592.0,10.749184131556358
12474.0,1251608.75619043,211596.428300723,3.0,52769.72075966965,10.873692834736474
12481.0,1284917.57280053,199680.39968051,4.0,129675.0115178994,11.772786688040876
12482.0,1268606.76292783,188462.296117023,3.0,49978.86026058321,10.819355400219031
12483.0,1262725.65392981,187699.76677224,3.0,61786.800064259296,11.03144502943872
12484.0,1256571.55241951,199063.26342389,4.0,326857.5656155555,12.69727977582991
12485.0,1256270.4601312,199071.326719895,4.0,671207.1732846252,13.416833121331639
12486.0,1280758.40889227,202494.00096339,1.0,0.0,
12487.0,1260397.83869544,187860.214324415,1.0,0.0,
12488.0,1283058.85311864,207414.25197643,4.0,1267852.756541936,14.05283528463556
12495.0,1286275.15142593,191562.0930482,1.0,0.0,
12496.0,1286268.98643392,191086.43423171304,3.0,149179.19496189023,11.912903513073426
12498.0,1294533.33933839,186821.813491344,4.0,123826.15119552624,11.726633854368815
12501.0,1284826.11430444,189764.383094355,3.0,508817.2774801691,13.139844247743167
12504.0,1249805.50031659,214115.699535295,3.0,51414.18721202097,10.847669429155978
12505.0,1277101.49855253,213840.98484700904,3.0,113866.20280694251,11.642779378510623
12508.0,1252318.21148716,211352.435340464,2.0,46591.99999999999,10.749184131556358
12509.0,1252379.82979122,211106.200588211,1.0,0.0,
12513.0,1294368.96071422,187446.30993999503,3.0,62704.361190152784,11.046186280663841
12516.0,1271764.71953908,195860.274108604,1.0,0.0,
12517.0,1271757.28549106,195616.216508359,4.0,1975308.732665029,14.496235264437333
12518.0,1263991.86365911,193113.498105794,4.0,542065.3343029466,13.203141816151426
12525.0,1280645.12134017,219400.982612714,4.0,161003.85362988373,11.989183579269488
12526.0,1280907.78489244,219456.385044768,4.0,166587.80566368464,12.023277810739962
12529.0,1282315.13113387,208681.572233737,4.0,171631.6342382144,12.053105797753407
12530.0,1282314.33618987,208296.57402533304,3.0,224468.2684048297,12.321489632766195
12535.0,1269277.77963252,213578.881998748,4.0,274269.13201390515,12.521865136921797
12536.0,1271349.72824265,210629.336395726,4.0,1201640.575414767,13.999198327243764
12537.0,1270588.45214586,213118.829134271,4.0,435857.4856788588,12.98507060118924
12543.0,1259330.86147834,216652.998929903,1.0,0.0,
12544.0,1265716.04951687,200337.508225188,3.0,188653.12921740947,12.147665312678207
12551.0,1259172.61117418,188866.459637448,3.0,1992343.901167206,14.504822343374109
12560.0,1274255.48587762,210756.749195859,1.0,0.0,
12561.0,1274421.47832578,210754.592715859,4.0,102350.62881434865,11.536159734835572
12566.0,1255066.39395396,204013.063556954,4.0,304135.14798002667,12.625227447322068
12567.0,1288793.19565251,192118.490552768,1.0,0.0,
12569.0,1276172.68543158,218134.141971409,4.0,666195.7070217105,13.409338760742735
12572.0,1280659.10655618,218860.43086816405,3.0,1609.0954966348063,7.383427496775467
12580.0,1281765.85401331,213704.891918883,3.0,291444.34873721044,12.582604353123449
12589.0,1291807.63149559,185459.85227395603,3.0,775005.3516121937,13.5606252136177
12592.0,1264962.2363961,196099.368124843,3.0,54747.17238618711,10.91048100043066
12599.0,1260152.63741519,193507.218426198,3.0,56801.044486139,10.947309993380646
12600.0,1260140.82640716,192805.041657478,2.0,244.1443227381624,5.497759537065745
12601.0,1270379.42206565,198445.97395125,4.0,809730.5969186148,13.6044568749294
12602.0,1287074.25024275,188672.462325245,3.0,2351263.803479553,14.67046353027852
12608.0,1271738.25169905,194996.688187718,4.0,790483.4114071658,13.580399950474305
12609.0,1281419.38783696,212207.529101342,3.0,14915.26482475122,9.610140452389693
12611.0,1255389.4852183,200278.208513126,1.0,0.0,
12612.0,1255385.7867223,200155.955136999,3.0,84142.48058761621,11.340266838378776
12613.0,1284211.52531181,197233.289086014,3.0,85676.4770545389,11.358333586798913
12615.0,1282850.34924643,209149.072650209,4.0,68924.34303028633,11.140764704185871
12617.0,1266639.52177382,173287.891749486,4.0,412645.4584054697,12.930344049036284
12618.0,1256376.98813131,198538.751039341,2.0,11079.61867742186,9.312862544313912
12621.0,1285710.45836934,168298.532640383,3.0,89750.19659883031,11.404785496864342
12624.0,1274746.78309412,212990.70177415,3.0,3037080.87386977,14.9264073731991
12637.0,1294794.01101865,183095.087343529,2.0,155274.64237445925,11.952950714249576
12638.0,1255374.86384229,213898.42337507,4.0,396020.2852190906,12.889220714225381
12639.0,1273407.89074075,208946.316809997,3.0,47341.11388384656,10.765134412234477
12640.0,1273295.96446864,208433.726601481,2.0,56538.11879248665,10.942670358541356
12645.0,1278849.37759432,213505.953678668,3.0,78853.46791581731,11.275346572601178
12646.0,1271112.20702641,195631.612476364,4.0,1286098.5693207746,14.067123828836776
12647.0,1271102.7109624,195321.716412053,3.0,559395.3073525622,13.234611670999334
12651.0,1254153.48867303,217030.138258278,3.0,91139.34328500672,11.420144859229117
12652.0,1254092.54256098,216941.755858198,3.0,48211.96481409677,10.783362501891672
12657.0,1279742.24127524,197623.51763041303,3.0,93182.0,11.442309848973883
12659.0,1271979.13182729,212117.835085258,4.0,238623.8684700977,12.382643819141888
12660.0,1274510.29573388,187483.310836032,1.0,0.0,
12663.0,1257250.50704421,212515.834637657,3.0,40581.94372040496,10.611078510714844
12664.0,1256980.66966793,212524.24929367,4.0,27930.571113944607,10.237477106776874
12673.0,1275855.98725526,213272.99483043,3.0,586928.0286579551,13.282657482533294
12676.0,1259422.19005443,214448.487887636,3.0,47804.81365458171,10.77488161747998
12679.0,1284724.11616035,175584.351719841,1.0,0.0,
12683.0,1270709.732466,194304.605627015,3.0,216485.9319801508,12.285280845006973
12684.0,1271516.18065882,214319.528847501,1.0,0.0,
12685.0,1256523.02589147,197312.75116609,4.0,1265031.0313395415,14.05060721054608
12688.0,1282115.43500566,195589.340924323,4.0,97876.90945258904,11.491465942196946
12689.0,1282108.94687766,195285.484540015,4.0,1318898.1374999727,14.092307201651309
12692.0,1263935.40612306,170805.365858942,3.0,140162.5960379355,11.850558427958845
12700.0,1281514.89030105,191806.777912453,1.0,0.0,
12704.0,1275166.14904656,208400.419593439,3.0,128174.89891407988,11.76115100799608
12708.0,1271306.9366266,177851.99940216503,3.0,242343.36147324988,12.398110848586606
12709.0,1282011.21279757,175683.47747994997,3.0,29617.68456344725,10.29612691337689
12711.0,1282593.92294216,186140.041202649,1.0,0.0,
12712.0,1282565.92460613,185934.00984244,3.0,519964.7957075986,13.161516387703513
12714.0,1281005.57638054,216831.884050086,3.0,48830.03646625576,10.796100903855669
12715.0,1266324.9288775,173941.621414155,3.0,30941.479832740108,10.339852952095761
12716.0,1262095.69226517,167915.057311982,4.0,1070240.8064411152,13.883394233866223
12723.0,1269993.86148925,214349.810575545,4.0,200743.98207913965,12.209785654169844
12724.0,1270223.67140949,214345.167247534,3.0,96653.61595520306,11.478888896820266
12727.0,1271272.78744256,206263.274631262,3.0,45122.86601750104,10.717144404046062
12729.0,1280400.19602792,197936.141630724,1.0,0.0,
12734.0,1282725.2894703,178873.232939214,1.0,0.0,
12735.0,1290126.60730188,183386.720303833,2.0,781.5648675052537,6.661298150262397
12737.0,1284265.27852787,200886.701057747,3.0,47015.75469648756,10.75823803083136
12738.0,1284546.65459216,200882.88742575,1.0,0.0,
12739.0,1255570.35721849,200149.874112993,4.0,1712547.3897148585,14.353492521561826
12741.0,1281540.70521308,209157.963018224,4.0,169832.51239595312,12.042568009182709
12743.0,1256577.12553951,216909.168978155,3.0,55765.24760313503,10.92890615153597
12744.0,1283091.01638266,209131.496202201,4.0,424057.55726747913,12.957624473273489
12748.0,1256965.89808391,199308.112000138,1.0,0.0,
12749.0,1256578.88931552,199329.931840152,4.0,59166.127323501365,10.988104483528819
12753.0,1282147.6134377,192419.204537079,2.0,306807.7552682358,12.633976626083514
12754.0,1282195.26066975,191953.562744603,3.0,775708.8265768207,13.561532505267932
12755.0,1281951.48492551,202560.847939461,3.0,3991264.833825201,15.199618739590555
12756.0,1281949.9009255,202298.8586272,3.0,68324.13429426782,11.132018340306454
12761.0,1258383.57565337,192260.631352916,3.0,509544.371733139,13.141272216632377
12763.0,1265934.3279811,177513.594217822,4.0,1807262.568652688,14.407323865411712
12764.0,1258873.35453387,208496.768521547,4.0,5672656.087457862,15.551168011777238
12767.0,1279155.10725863,169260.95395337,2.0,200071.03818277712,12.2064277733787
12769.0,1281319.26700485,171706.257123873,3.0,43541.31530529086,10.681465543456985
12771.0,1258671.99178167,216518.367313758,2.0,46592.0,10.749184131556358
12773.0,1294422.92877828,183110.087983549,3.0,291628.9126298036,12.583237425881148
12776.0,1262959.77156205,189790.33675839,1.0,0.0,
12777.0,1259020.23415002,192589.281913251,4.0,1238245.0601521642,14.0292056610641
12778.0,1284109.05606371,189799.184182391,3.0,93182.0,11.442309848973883
12782.0,1255493.1661144,192678.995001346,4.0,276964.6914148163,12.531645309228216
12785.0,1280803.32678032,207951.386376992,3.0,60678.23791665988,11.013340394093234
12789.0,1291378.55168715,180900.369965285,4.0,322799.6796146508,12.68478722285777
12790.0,1284305.32825591,176885.80151318,1.0,0.0,
12791.0,1280145.41241165,180157.078764528,4.0,1295748.6721342928,14.074599211266008
12798.0,1272228.32587555,215065.649360269,3.0,64816.620794539165,11.079317343194358
12799.0,1272213.29867554,214305.68731148503,3.0,18656650.08816889,16.741713213589186
12802.0,1255217.71587412,197800.37062259004,3.0,1239735.4773969837,14.030408590144422
12807.0,1273246.92190859,203206.428996131,4.0,50388985.35066927,17.73528316452766
12812.0,1254942.27612984,209929.630155012,4.0,1191501.9914068657,13.990725246863947
12814.0,1272948.29227628,205129.947142094,2.0,145179.97555156672,11.885729462437983
12818.0,1287242.23712292,202871.123267785,4.0,128389.06180309922,11.762820478159872
12819.0,1264482.04279561,196114.186300859,3.0,72143.17727553697,11.186407996675028
12825.0,1287493.81632318,203616.712324545,4.0,160560.83285090854,11.986428170619874
12826.0,1268289.05911951,171326.070179477,3.0,2234119.860319545,14.619357909956063
12827.0,1268182.24337541,171329.286435485,3.0,2148002.714042299,14.580048998130717
12828.0,1266674.24311785,174927.194919169,4.0,5915192.900272147,15.593034666912255
12830.0,1269371.03595261,215122.431760326,3.0,123380.25899051366,11.723026401890245
12833.0,1285243.41305687,208232.311049268,4.0,166657.6431711962,12.02369694629772
12835.0,1257278.13597223,213833.406095013,4.0,127318.5980049239,11.754447869749821
12836.0,1259063.80266206,186121.66494663095,3.0,18328.01754600871,9.81618618146639
12839.0,1289695.73088543,166888.483934939,4.0,185828.0096273292,12.132576845492633
12840.0,1285975.53753762,197210.895741984,3.0,173503.90676111,12.06395539547064
12841.0,1256603.16157155,200213.475713059,3.0,298133.6093661193,12.605297018584691
12844.0,1262067.65456913,205095.043974057,4.0,446477.5224402518,13.009144336352339
12845.0,1272565.06341189,198760.951039568,1.0,0.0,
12847.0,1283056.75135863,207137.094408154,3.0,652181.8400153749,13.38807869775371
12851.0,1266866.24836606,197041.450877815,3.0,56914.60417103142,10.94930725099616
12856.0,1251592.14537442,210992.175884098,4.0,176686.95113712375,12.082134808026446
12857.0,1251332.60911815,210999.716876104,3.0,1553954.988677612,14.25631384467532
12864.0,1282821.2692464,194039.926010743,3.0,47066.0,10.759306150966905
12865.0,1282822.5251184,193894.536250591,1.0,0.0,
12870.0,1295993.13428389,182529.572398961,1.0,0.0,
12872.0,1274128.6537495,194629.737851351,1.0,0.0,
12873.0,1257153.23299611,205901.494470879,4.0,1826297.4308794583,14.41780121344392
12874.0,1279296.91903478,200669.782529533,1.0,0.0,
12875.0,1279829.06233133,200659.363585517,4.0,55934.19954644273,10.9319312707548
12877.0,1273477.65016483,215798.703377023,1.0,0.0,
12882.0,1289701.55898143,187952.029428512,4.0,313995.9960543612,12.657135513389859
12888.0,1282021.04972558,223092.944024488,4.0,934659.6510508584,13.747937732431984
12890.0,1274377.16146174,179759.214764118,3.0,328903.6108900531,12.703520010803576
12892.0,1269266.91384052,187147.310899675,3.0,437628.38980646577,12.989125404142913
12893.0,1287434.45427512,176857.131945148,4.0,1018969.425907454,13.834302307738495
12897.0,1255508.45808242,191012.915703639,3.0,174303.1141742669,12.068551098097023
12898.0,1269023.80932826,209047.481610104,2.0,341237.4516464702,12.740333853073254
12901.0,1260930.36029598,211661.04628478,3.0,26854.280139057428,10.198180496508584
12902.0,1260765.49475981,211666.388492793,4.0,87168.52434794507,11.37559858542302
12911.0,1256636.84918758,211872.098380998,4.0,906855.3569509048,13.717738242235383
12915.0,1264587.68893972,211575.985100701,4.0,225632.33266153812,12.326662106872108
12921.0,1288330.70867604,202916.541123822,3.0,28232.40302109358,10.248225640582401
12922.0,1288269.28819597,202036.271554932,3.0,149515.12799062213,11.91515285726618
12927.0,1286101.50220975,197208.86393398,3.0,59277.16955541048,10.989979511789059
12928.0,1281432.55058897,212682.032781824,4.0,155109.58614004403,11.951887153444545
12940.0,1290412.69107817,182927.328495353,3.0,390824.3725554185,12.87601356300809
12941.0,1278460.41938592,177773.05668208,1.0,0.0,
12942.0,1284299.64716791,207238.708040252,2.0,15624.342483746304,9.656585392678934
12943.0,1284298.05465591,207118.659720138,2.0,56165.35681193621,10.936055418978773
12950.0,1259255.78851826,200513.178497374,4.0,6919762.669289055,15.749892030660208
12953.0,1281045.15762858,176390.79236066304,3.0,72382.8159549129,11.189724201513101
12954.0,1281589.85862114,176367.93412064,4.0,235913.2187711915,12.371219299312024
12955.0,1279212.8552267,174123.626918346,1.0,0.0,
12961.0,1280147.79429966,213324.59969449,3.0,111918.0156150596,11.625521878794933
12964.0,1279210.5077707,200890.861121759,2.0,84797.96515761604,11.348026825709262
12965.0,1252993.42403185,211633.28257276103,3.0,239915.04983866523,12.388040180660292
12966.0,1252746.2361916,211642.806476772,3.0,7854.782022526432,8.96887780014891
12970.0,1255593.29353851,200735.412929595,3.0,337380.4492547613,12.728966502112092
12971.0,1261033.28036009,187741.95141229,3.0,56187.490294329225,10.936449418476773
12972.0,1260779.55645582,187712.847796261,1.0,0.0,
12973.0,1287662.83110735,183210.907951653,1.0,0.0,
12974.0,1270432.3553777,198373.032191172,1.0,0.0,
12981.0,1256792.44233973,205915.586310908,4.0,1508659.4962975578,14.226732063710681
12982.0,1282454.32934202,213213.092430368,3.0,256889.88306465663,12.456402801492077
12986.0,1281084.25599661,180657.68804504,3.0,93181.99999999996,11.442309848973883
12987.0,1291129.1998149,183767.145712227,3.0,92213.0999328009,11.431857481152697
12991.0,1258707.3391097,187900.261108458,3.0,62004.60235739249,11.034963892843049
12992.0,1280234.10117975,210929.050060034,3.0,239706.83251724744,12.387171924468662
12995.0,1274769.73349415,213297.880974457,4.0,2762252.970490057,14.831557198362681
12996.0,1269291.48728053,212894.65044604204,3.0,39633.71682792771,10.587435470026046
12997.0,1272635.65509196,208567.434697613,3.0,63444.26779800025,11.057917127028354
12998.0,1255749.58883467,193858.838138551,4.0,159830.16572298587,11.981867066232498
13000.0,1280707.59366024,195609.915644348,1.0,0.0,
13002.0,1279781.52005927,210624.043147728,4.0,128084.8697487844,11.76044836809697
13004.0,1278494.28050596,200406.359809265,3.0,31962.701726851345,10.372324930939754
13005.0,1278487.01804195,200059.91398491,5.0,4709493.603646946,15.365090945063164
13015.0,1280127.50201163,180156.667052522,1.0,0.0,
13021.0,1297408.34010933,184943.360241428,3.0,518915.1565943152,13.159495674014464
13022.0,1297436.43687735,184797.969457284,2.0,225935.4468198978,12.328004603913119
13023.0,1263176.88004227,198585.862143397,3.0,182441.83351833536,12.114186680755049
13024.0,1258664.44483766,215824.244689047,3.0,1559216.9956070932,14.259694327325864
13025.0,1296245.27911614,184333.410672799,4.0,83100.3127494233,11.327803744367424
13026.0,1296232.98260413,184075.895728543,4.0,28519.12175248707,10.258330079961766
13027.0,1291536.18912731,166722.41539076,2.0,47303.61077957121,10.764341909400926
13028.0,1290960.39111073,164149.959580138,2.0,875.38300179353,6.774661506923228
13031.0,1295150.11597902,185180.228849664,3.0,383952.41452219366,12.858273903375961
13033.0,1269712.10814497,170082.825314209,3.0,322548.3359038345,12.684008282758843
13034.0,1270465.00459374,170077.326946199,1.0,0.0,
13039.0,1289935.52992567,168770.492640868,4.0,94009.54275362311,11.451151574755036
13041.0,1279648.28773914,219105.152788401,3.0,1240533.0552047126,14.031051728437504
13044.0,1249981.55407676,214561.674319759,2.0,179946.62093282174,12.100415535519378
13045.0,1264583.43364371,211461.496844575,3.0,67734.24639521293,11.123347186171783
13046.0,1274832.46763821,215767.676880985,4.0,205927.69422770504,12.235280387262552
13047.0,1264440.00548357,194444.962299153,4.0,342770.9323791481,12.744817667417221
13050.0,1284000.7727996,208094.195785135,1.0,0.0,
13054.0,1284887.85536051,169948.179938063,3.0,587612.9433200713,13.283823750473008
13055.0,1285391.39897703,169930.161250055,1.0,0.0,
13058.0,1290701.86535046,180845.931757227,2.0,45836.24971464863,10.73283053553413
13059.0,1290936.5447107,180838.110573217,3.0,47895.42529696558,10.77677527355553
13060.0,1270716.729458,193608.356346294,3.0,89647.23433065819,11.403637628927282
13061.0,1270727.31998602,192633.515769303,2.0,58318.09767379339,10.97366774738842
13065.0,1279535.07961103,204006.323396951,3.0,66278.81923142483,11.101625656527027
13066.0,1279522.34898701,203339.666948259,2.0,1543.4430592740505,7.3417709526067645
13071.0,1285992.76716964,197929.039614722,3.0,93181.99999999996,11.442309848973883
13074.0,1281636.45074917,211884.774221018,2.0,47143.74674538376,10.760956654565932
13075.0,1275530.61157493,191120.474871755,1.0,0.0,
13076.0,1275229.55378261,190676.297271296,3.0,387874.7495590191,12.868437756076014
13081.0,1254293.88304117,210632.095947728,4.0,594662.7021484722,13.295749636641073
13082.0,1254272.63574515,209951.118603036,4.0,924302.7520063438,13.736794950643594
13087.0,1258588.13526958,210475.502411574,4.0,2863060.8413049737,14.867401834746866
13095.0,1275906.77029531,218141.27643542,4.0,252813.52474397045,12.440407439602142
13097.0,1263004.0982821,205068.567046031,3.0,131579.379044492,11.787365591404747
13098.0,1257286.36496425,214016.053711191,1.0,0.0,
13099.0,1255300.52739421,194144.303738847,3.0,86055.8881813667,11.362752226740433
13100.0,1267941.83051115,172624.403876811,5.0,6800711.152265645,15.732537745893637
13102.0,1288652.17325236,184818.277169302,3.0,388107.4213695581,12.869037439486867
13105.0,1272408.16312373,187055.85176359105,3.0,542104.8219141336,13.20321466008829
13108.0,1281307.78969285,192240.672376901,1.0,0.0,
13112.0,1259903.27869493,199830.028608665,4.0,285278.9704924684,12.561222824328777
13115.0,1253441.53436831,216098.360913321,1.0,0.0,
13120.0,1277606.28754506,213830.391055003,4.0,76760.80466721939,11.248449432964286
13121.0,1277753.70853721,213827.151183009,1.0,0.0,
13123.0,1286539.8697622,196079.365500823,3.0,127922.4393422069,11.75917941660531
13128.0,1292267.33076006,185162.161969647,4.0,1144676.779006345,13.950632866041987
13130.0,1261285.75421634,168580.639648676,3.0,61883.818255963415,11.033014006984466
13131.0,1261278.16304833,168196.153568283,3.0,811134.1402740849,13.606188720498086
13132.0,1259158.89533417,209584.260746658,3.0,252772.2238935366,12.440244061379408
13133.0,1288642.66016436,188692.84779726,3.0,142629.99702831748,11.868009122682562
13135.0,1273177.15960452,215496.36276871,3.0,278706.42573697603,12.537914269311091
13136.0,1273536.85605289,215487.966800705,2.0,46591.99999999999,10.749184131556358
13139.0,1258063.29219703,216683.363985926,3.0,283867.49594877934,12.556262844708064
13140.0,1257793.63293277,216686.06312193,3.0,330574.5959487792,12.708587619156347
13141.0,1279767.68876326,218016.961043298,3.0,380991.5352916511,12.850532436779755
13145.0,1266732.66398191,177806.394538119,3.0,47596.97886808221,10.770524569047323
13146.0,1266372.24798155,177793.750826105,1.0,0.0,
13147.0,1281681.83417323,214349.600271538,3.0,73850.41978646595,11.209796972255706
13148.0,1281456.22175699,194431.992827147,4.0,420421.28021966014,12.949012535684949
13155.0,1290863.87162262,181949.282862365,3.0,273175.75467102847,12.517870657026979
13159.0,1256022.25590695,196685.92895744703,3.0,988152.6628786116,13.803592481877084
13161.0,1282351.58156592,212654.570253804,3.0,66533.73735693951,11.105464426672045
13165.0,1281476.11218901,223252.427288651,2.0,46592.00000000001,10.749184131556358
13166.0,1281783.27526133,223260.421400666,3.0,96653.29744894756,11.478885601477643
13168.0,1265918.27550109,188450.653109014,4.0,473869.63094845135,13.068687522653581
13177.0,1264920.80798006,168918.962145016,1.0,0.0,
13179.0,1287881.59641957,181357.335597754,4.0,13230840.29980971,16.398061048799008
13180.0,1287872.11379556,181039.22532542,3.0,7097029.339414088,15.775186851557203
13182.0,1271757.36254707,202831.432067737,4.0,45914698.51126507,17.642295852772005
13183.0,1271741.19953905,202041.56288293,4.0,135718.54893925885,11.818338527264668
13187.0,1278440.4571459,177581.882793888,1.0,0.0,
13190.0,1255953.41385888,218889.221140191,3.0,379934.38968383154,12.847753858068575
13195.0,1258096.11792508,205212.321030185,4.0,126377.46247158403,11.747028441565844
13196.0,1278487.49151395,205573.955462545,1.0,0.0,
13197.0,1259144.57578215,195728.913788468,3.0,14525.304166351229,9.58364752238562
13201.0,1255369.72867428,203340.152516261,4.0,556769.61575786,13.229906817112989
13208.0,1274592.06622997,211391.743692502,1.0,0.0,
13209.0,1263479.94148259,209752.022538826,4.0,9508206.676314851,16.067665844322615
13211.0,1259147.90519015,207159.998856172,3.0,67021.71287535492,11.112771918639357
13214.0,1253200.31177606,208321.89978537,1.0,0.0,
13215.0,1252811.11567967,208336.450569376,3.0,740812.7382720927,13.515503157457971
13218.0,1276131.67698354,216142.964497373,4.0,106421.82834310309,11.575165988449152
13221.0,1263552.87370667,211825.807756945,1.0,0.0,
13223.0,1277097.88799253,216119.971089348,4.0,316891.5164434984,12.666314774867848
13226.0,1281378.85055691,185327.057265818,1.0,0.0,
13227.0,1278589.62841006,199830.963008672,1.0,0.0,
13231.0,1254342.90396923,212226.925069362,3.0,46971.28535353532,10.75729174406146
13232.0,1254141.72521703,212235.362701371,1.0,0.0,
13238.0,1255805.37219472,199027.021055847,4.0,136339.404457914,11.822902676841474
13239.0,1265648.33342081,198497.296383306,4.0,20579360.63458365,16.839799220569
13240.0,1255081.90608199,191486.406200126,2.0,139763.99999999994,11.84771056489065
13243.0,1249263.43644403,214125.074191302,1.0,0.0,
13245.0,1281225.35641275,220283.41979761404,5.0,4829819.355725559,15.390319624458442
13246.0,1281408.44102095,220277.368597612,2.0,71.93553113553112,4.275770317009818
13252.0,1291731.39085552,181349.016365752,3.0,94673.70650705809,11.458191590221507
13253.0,1291714.9709515,180732.995309114,1.0,0.0,
13255.0,1284085.28473568,196072.248700827,1.0,0.0,
13256.0,1258321.97635731,200000.598784849,2.0,46591.99999999999,10.749184131556358
13257.0,1257925.47357289,200201.369409055,3.0,2238165.493823888,14.621167112315709
13258.0,1274572.37662995,208137.65044117,1.0,0.0,
13259.0,1281056.02738859,198162.208126962,1.0,0.0,
13260.0,1281054.14514859,198089.626942888,4.0,209424.19874930975,12.252117133059384
13263.0,1270765.01547405,168908.797472998,1.0,0.0,
13267.0,1254182.35702507,206475.22695148,3.0,106052.6722318431,11.57169115752396
13268.0,1283316.6012789,205966.185606956,1.0,0.0,
13269.0,1294393.38260224,179367.11351572,1.0,0.0,
13270.0,1294494.71309835,179252.369003594,3.0,132623.0297321091,11.795266019874617
13273.0,1289754.62547749,190030.07378263804,3.0,5309.230109322693,8.57720211489597
13276.0,1272588.70571591,200328.122113183,4.0,276787.9090284967,12.531006820516167
13279.0,1262156.35357723,196464.453629225,3.0,243313.81828942552,12.402107322429787
13282.0,1286096.44147375,196846.401405618,1.0,0.0,
13283.0,1258209.88739718,198447.148863256,3.0,42354.21968000136,10.653823333369328
13284.0,1259662.01539868,202495.493123397,4.0,4173473.0714495806,15.244259117981736
13293.0,1291106.54304688,189009.619509593,2.0,36668.04694269696,10.509660999289665
13294.0,1291333.4904391,178996.44593133,4.0,801287.5569828487,13.593975159108027
13295.0,1270921.00497821,175891.217896149,3.0,162870.14593674528,12.000708511599287
13296.0,1270917.9334902,175608.542311862,1.0,0.0,
13297.0,1294793.21082665,183355.762671798,1.0,0.0,
13298.0,1293057.22023287,181303.172653705,4.0,243785.01286838137,12.404042021081441
13301.0,1257369.45731632,203260.65197219,4.0,731550.9457132183,13.502922142558146
13302.0,1285720.22508936,205703.024774686,5.0,110759.06561954237,11.615112541167177
13307.0,1260559.7855756,199147.198911965,4.0,286581.796354613,12.5657792764993
13308.0,1283989.50150359,207259.957320273,1.0,0.0,
13309.0,1263956.08388308,187126.291891664,3.0,1132304.8223845651,13.939765779221407
13311.0,1261296.19421636,169109.417185217,3.0,23942.40877226304,10.083406591104001
13314.0,1284058.77855965,190165.651958779,1.0,0.0,
13315.0,1269918.61393718,210550.481611654,4.0,1013170.9036696664,13.82859547943484
13316.0,1270467.88779375,210541.760139644,3.0,272100.79751979787,12.513927855747557
13318.0,1261212.76458426,198464.957183272,4.0,692114.8676172419,13.447507214490917
13324.0,1266216.04657339,195727.06866847,3.0,249397.86937356176,12.426804769182606
13326.0,1285659.3002893,203115.961348027,3.0,116942.94269664628,11.669441425571133
13327.0,1280485.427772,217131.989074379,1.0,0.0,
13329.0,1271247.81336254,213539.617998704,4.0,76486.1965378156,11.244865566119664
13330.0,1259634.78378265,206480.051719472,1.0,0.0,
13334.0,1269073.45195231,193760.59749844705,3.0,5841249.314141441,15.580455255580365
13335.0,1268978.88324822,193151.064313829,1.0,0.0,
13345.0,1267744.34103896,201041.329025909,1.0,0.0,
13346.0,1267515.49079873,201024.251649886,3.0,592906.6247432586,13.292792203091054
13349.0,1293392.03975321,182610.345839038,3.0,40271.65991481061,10.603403272633704
13351.0,1277324.54962477,212690.32442984,1.0,0.0,
13360.0,1271898.14379521,175527.45059979,3.0,105172.41004164563,11.56335628292752
13361.0,1271895.94430721,175405.991207659,3.0,55066.48166341226,10.916296491771998
13364.0,1272436.10168375,211096.727564201,3.0,248259.3470662764,12.422229233026508
13369.0,1254763.36803366,204643.070853591,4.0,1036336.2006711568,13.851202167179332
13373.0,1276019.97874343,212116.165133253,3.0,1254298.8937109043,14.04208732401517
13381.0,1294891.50989875,187629.636660174,1.0,0.0,
13385.0,1275986.7779754,216406.402257636,3.0,46760.50972556703,10.752794316415535
13387.0,1286459.12185812,206508.12909551,3.0,70406.57886137094,11.162041987515362
13388.0,1286606.56352226,206506.504135504,1.0,0.0,
13391.0,1255716.42384264,214366.732815549,1.0,0.0,
13392.0,1255701.36118662,213887.069711059,4.0,174366.7478438911,12.068916106245203
13393.0,1288906.67110862,187513.542452052,2.0,89486.3207965081,11.401841052319204
13396.0,1261051.6342801,192514.659065172,3.0,1336798.9121381666,14.105788442482444
13403.0,1282859.39187042,174329.48349455,3.0,186350.0,12.135381904907405
13404.0,1283646.60780723,174303.42218253,3.0,93182.0,11.442309848973883
13406.0,1274952.42213434,181726.641902134,5.0,896523.1647080703,13.706279410743218
13409.0,1274321.08184569,207034.610632047,4.0,120307.58343423944,11.69780693766708
13411.0,1274314.03954168,206757.571527764,3.0,90204.86206942143,11.409838607806652
13412.0,1274971.76031035,206743.453447744,4.0,151600.1701525478,11.929001874568062
13416.0,1256591.12880354,209882.915018961,4.0,2427937.175146563,14.70255255568119
13420.0,1281134.84742066,219447.804308757,2.0,250.5179513074945,5.523530579863493
13426.0,1271906.36421122,211481.049292594,3.0,951465.082829064,13.765758268070806
13433.0,1277197.73618463,178783.767915115,3.0,87905.4281798157,11.38401683580315
13438.0,1287027.6889627,186891.702771425,3.0,133841.07784213303,11.804408388842065
13440.0,1257872.41725284,198206.219519004,3.0,64207.073330209096,11.069868660092077
13441.0,1257211.45795617,198252.92614305,4.0,70346.30737276343,11.161185571794109
13442.0,1276851.64434429,212525.325389668,2.0,82427.25953254437,11.319671480758547
13444.0,1280411.66450793,221955.961751327,3.0,38988.17736881288,10.571013734764822
13445.0,1257175.66237213,188606.71870917096,3.0,113957.69172391295,11.643582533263787
13446.0,1257310.38915627,188396.966836959,3.0,67956.47285210676,11.12662267408742
13450.0,1276269.81682369,180411.647148788,1.0,0.0,
13451.0,1276588.42866401,180411.201004788,4.0,488016.0319070045,13.098103536564112
13460.0,1278563.52709803,200576.45529744,3.0,166101.6355291552,12.020355142206462
13461.0,1274422.83691779,211073.676044181,3.0,116616.1120053404,11.666642725216278
13463.0,1265016.90065216,175593.825767845,1.0,0.0,
13464.0,1264684.22775581,175593.826727852,3.0,46796.19024661741,10.753557073605364
13465.0,1284786.6498564,182878.56612731505,3.0,519342.4534439492,13.16031877777913
13467.0,1274047.20773341,216453.50555369296,3.0,93182.0,11.442309848973883
13468.0,1274206.52075757,216449.588241681,4.0,1510531.1893687316,14.22797192796956
13469.0,1256692.04265964,207722.155848756,3.0,240631.3068221,12.391021193850472
13471.0,1277939.7396414,211493.602060616,2.0,74418.28209663916,11.217456917740588
13472.0,1286136.51526579,205694.368902668,4.0,392084.7959350025,12.879233411540353
13475.0,1282052.29606161,209154.65530622,4.0,190195.0656698502,12.155805485906486
13476.0,1285546.79136118,207800.763656825,4.0,275955.88540630834,12.527996296439845
13478.0,1257785.61424476,216512.601873755,3.0,60108.28327597221,11.003902935917706
13479.0,1272048.30686736,215569.373456791,3.0,38214.48309339504,10.550969861310351
13480.0,1286681.51449834,201366.162690237,1.0,0.0,
13481.0,1282995.35123058,204418.971205369,4.0,845937.3575198078,13.648200590361997
13484.0,1287195.07974687,191796.976120442,3.0,139587.88074426993,11.84644965138905
13485.0,1294895.78938676,186260.067570776,2.0,69104.91749149117,11.143381172078817
13488.0,1259516.84240653,168677.188064769,2.0,31520.35032477209,10.358388658274649
13489.0,1265438.79940459,200345.647361204,3.0,77725.12409734732,11.260933831546424
13491.0,1260734.33411978,193189.544505864,2.0,13149.975309643049,9.484175160010464
13492.0,1256280.49456322,198806.85478362403,3.0,307974.7056668492,12.637772934125032
13494.0,1254041.30582492,207988.709449023,3.0,67908.28923305632,11.125913386111186
13495.0,1273191.37150854,216214.56078544297,3.0,280965.9917895635,12.54598891533177
13496.0,1273474.31646882,216207.553297445,1.0,0.0,
13497.0,1273687.34098104,194034.883066729,5.0,175142.5438379892,12.073355457568137
13498.0,1274347.23339772,194019.158650726,4.0,550910.3295801985,13.2193273336575
13507.0,1275189.28581458,217096.38254635,4.0,17692.829509158797,9.780914724004788
13508.0,1287822.96825951,201565.863746449,1.0,0.0,
13516.0,1294382.77761023,181005.401581392,2.0,1081.3819597069585,6.985995094458982
13521.0,1279781.76121128,218503.758995786,1.0,0.0,
13522.0,1279780.71564327,218436.276819721,4.0,230378.51807611567,12.347478965940127
13524.0,1259850.39261487,212792.285517946,4.0,222676.472105184,12.313475199281626
13526.0,1257770.61232474,216155.151505381,3.0,203794.6346647447,12.22486807295093
13527.0,1274158.07531752,214603.7188638,3.0,46611.99999999999,10.749613297693154
13530.0,1291291.98458306,185480.106865972,3.0,715628.3735512637,13.4809162798464
13531.0,1255572.33424249,216719.62804997,1.0,0.0,
13533.0,1283064.15033464,183658.16036811503,3.0,37499.24670018574,10.532076123761689
13536.0,1280372.36633189,221058.803414404,4.0,138174.98322046793,11.83627615526464
13537.0,1278942.73074642,207153.441800162,3.0,48770.68127641168,10.794884617776342
13538.0,1286301.89152196,195968.769276708,4.0,676310.0719638936,13.424406936197801
13539.0,1286376.56857803,195882.859004632,2.0,20856.07099994019,9.945400359900802
13546.0,1255150.66973005,195115.486523837,3.0,141546.07465591433,11.86038055900692
13551.0,1286875.29721855,187454.95889999,1.0,0.0,
13571.0,1279899.6658514,215340.282064557,4.0,147618.407655935,11.902385896488566
13572.0,1274587.60920596,210752.55169186,1.0,0.0,
13576.0,1278793.62930627,168730.877856821,3.0,339036.1048492974,12.733861884671668
13577.0,1279007.66073048,168727.168224826,2.0,246197.63818281263,12.413889899602855
13578.0,1269904.22059317,168881.983584985,1.0,0.0,
13586.0,1275108.7288865,218171.867283449,3.0,415480.9037929117,12.937191932637619
13587.0,1275252.54194264,218168.319699451,1.0,0.0,
13595.0,1283471.94348706,197242.235582024,4.0,226522.8721321863,12.330601199523072
13596.0,1283814.15180741,197238.001662016,3.0,97126.96142302523,11.483774282297698
13598.0,1281435.94489297,217451.688274711,1.0,0.0,
13599.0,1274189.24875756,215785.558353007,2.0,46592.0,10.749184131556358
13602.0,1269654.10040091,200720.016641587,2.0,77092.94307155698,11.252767025810545
13603.0,1269638.38123289,200174.041409016,4.0,12360977.915313134,16.33005512622595
13608.0,1270679.07800196,190118.302966729,1.0,0.0,
13609.0,1285332.62412897,173905.973158121,3.0,408205.9513260017,12.919527108688158
13610.0,1285461.79545709,173902.233382121,1.0,0.0,
13613.0,1281946.2529255,211219.325068325,1.0,0.0,
13614.0,1282075.66610962,211215.933964327,4.0,137186.5478318992,11.829096941594461
13617.0,1279479.29657097,211295.889548406,3.0,609287.5076090212,13.320045533169056
13618.0,1279963.55577147,211272.442380384,1.0,0.0,
13619.0,1261157.70596021,196484.530685246,3.0,587510.5236647453,13.283649437460864
13625.0,1284401.39961602,193692.831226379,1.0,0.0,
13634.0,1274267.73547763,204866.54118982,1.0,0.0,
13639.0,1283769.53241536,196515.499837279,3.0,87018.61520253992,11.373877342594152
13640.0,1252290.36835113,209063.039050117,3.0,1000616.4059214732,13.81612677398565
13644.0,1269720.12977697,191287.726775914,2.0,46592.0,10.749184131556358
13645.0,1269736.374129,191084.757367715,2.0,93180.0,11.442288385370787
13652.0,1288904.95917262,191826.696824476,2.0,5997.789941877736,8.699146337334861
13653.0,1289152.73984487,192036.662008688,3.0,449109.5100100687,13.01502203455875
13655.0,1279017.0481865,199205.530176029,2.0,276777.09177645267,12.530967738377557
13662.0,1257197.26506016,207887.65095292,4.0,2119117.966377877,14.566510506478544
13663.0,1257187.40022814,207219.944584236,4.0,1360071.012905105,14.12304747172046
13664.0,1262544.16215363,192473.39928913105,3.0,13299.25001668643,9.49546292289706
13665.0,1272035.39710735,202934.405635849,3.0,46054634.247084364,17.645338950718056
13666.0,1272020.87121934,202224.52710712,2.0,79088.29366814016,11.278320148721875
13667.0,1283797.5080954,170295.888546422,1.0,0.0,
13668.0,1283797.5057914,169771.329249889,3.0,194711.4024733358,12.179273753966658
13672.0,1282101.09254165,174692.540518925,1.0,0.0,
13673.0,1257939.69168492,200718.352001578,3.0,2281518.6115881694,14.64035183692674
13678.0,1278261.02309772,203573.61363650896,3.0,50859.96336471724,10.836831318659636
13679.0,1278843.51737031,213214.02676637503,3.0,281567.37079379184,12.548127025791807
13681.0,1262617.0734497,168745.419552833,3.0,152369.86082526477,11.934066139063132
13687.0,1257002.25590795,201601.608066484,2.0,2609.601492239696,7.86695280369357
13688.0,1273038.70942837,194655.567483366,3.0,101792.66452210589,11.530693322762648
13693.0,1286409.92019407,196062.177532807,4.0,753641.1905473678,13.532671659120226
13702.0,1279968.86553147,204970.307717934,1.0,0.0,
13705.0,1284685.6457603,205315.368710279,1.0,0.0,
13706.0,1273452.2489488,210065.990091145,1.0,0.0,
13708.0,1285874.63027352,209079.967434138,4.0,118137.51128597504,11.679604574835844
13713.0,1279583.30489108,173766.020069987,3.0,46810.66666666666,10.753866376163788
13714.0,1266858.10302204,171369.160995528,3.0,52479.779708318645,10.868183225978036
13715.0,1266843.63812603,171034.986467183,1.0,0.0,
13716.0,1265055.33233219,210660.024651766,4.0,413869.0544273295,12.93330490912227
13721.0,1270483.39793776,197640.940478429,3.0,95794.6837844602,11.469962469563844
13722.0,1256179.18672311,189945.46731855,3.0,93760.60587876083,11.448500066807462
13724.0,1269653.4655209,199977.413184822,3.0,2305875.087910576,14.650970810048486
13725.0,1270194.9277294597,198446.50086325404,7.0,15713783.405830646,16.57004880910698
13726.0,1287850.00294754,192874.305017546,1.0,0.0,
13727.0,1263526.15825063,173970.237158194,3.0,125245.3712824507,11.738030062435492
13729.0,1294190.84922603,186545.104371071,3.0,79672.33963839829,11.285677748560495
13733.0,1257473.89110844,205888.677894875,4.0,1231952.196946963,14.024110621143404
13734.0,1282132.62201369,213214.67406237096,5.0,543776.3755342896,13.206293366938345
13738.0,1260200.33879122,213750.092302918,2.0,46592.0,10.749184131556358
13739.0,1259979.807399,213755.23438292704,3.0,3166336.683882653,14.968085857383244
13747.0,1291146.19584692,186266.077426776,2.0,23003.75612148152,10.043412791207352
13750.0,1267426.95620663,179525.747691885,3.0,14757.732978521824,9.599522494116899
13751.0,1267384.54161459,177384.014121681,4.0,1363356.2088199465,14.125460018295643
13752.0,1267376.14398257,176933.672809228,4.0,939876.1111199696,13.753503348879358
13759.0,1265380.24996454,199032.805823848,3.0,49624.65195573909,10.812243004478532
13760.0,1274720.5055901,194010.355514705,2.0,93180.0,11.442288385370787
13764.0,1272593.75589192,200473.803585336,4.0,3205043.2377730566,14.980236138970731
13765.0,1281781.29990132,209156.292746216,4.0,129301.3060267876,11.769900665457488
13766.0,1282817.11967839,195270.156476006,4.0,1486111.2795893007,14.21167338677862
13767.0,1271093.21265838,195011.78105174,3.0,635341.4184692934,13.361917800264559
13769.0,1259891.01981491,199164.407231987,4.0,413436.8206989337,12.932259990233817
13770.0,1285149.25606477,192651.793657318,3.0,123818.00508798056,11.726568065555778
13778.0,1279739.56940323,211952.817677081,1.0,0.0,
13782.0,1281751.2910693,204865.335493818,1.0,0.0,
13783.0,1281775.92914931,204454.331397399,4.0,366814.1136941229,12.81261049652529
13794.0,1279411.2298189,198520.560767323,3.0,138920.28798899002,11.841655579912224
13797.0,1293496.88506532,188368.087284938,1.0,0.0,
13801.0,1257072.65046802,194121.954042822,3.0,2073833.5307571809,14.544909399727256
13803.0,1270989.86737828,206270.830343261,4.0,286239.6440174912,12.56458465509131
13804.0,1281080.33964461,210214.048523307,3.0,172590.02762648807,12.058674278595475
13805.0,1281878.34066942,171036.854243189,3.0,126666.3878467427,11.74931204182211
13806.0,1281882.98079742,170613.810146749,1.0,0.0,
13807.0,1254001.51945688,211971.76743710003,3.0,185999.18641048812,12.133497578548612
13808.0,1278370.60063383,215470.556368679,3.0,87714.0369077602,11.381837221513463
13809.0,1280583.2976601,210194.54529129,3.0,70276.36351983571,11.160190798216682
13810.0,1254631.71145752,215213.44961641697,3.0,862880.215514795,13.668031160333209
13815.0,1287061.44217874,202866.67840378,1.0,0.0,
13823.0,1283535.19238313,182928.992559358,3.0,845071.6534739856,13.647176699754882
13824.0,1289703.89587744,180091.315820456,2.0,46592.0,10.749184131556358
13831.0,1274855.42431024,217627.47368289495,3.0,73496.8662901213,11.204998048783455
13835.0,1281314.16364485,181088.360045478,3.0,65438.916530685696,11.088872414456889
13836.0,1281307.31954885,180479.578156859,1.0,0.0,
13837.0,1276435.03659986,217879.26843515,4.0,328560.03398912173,12.702474852079186
13843.0,1262968.05175406,209521.562058598,1.0,0.0,
13846.0,1275849.77599126,212119.543053254,3.0,1284729.9665853423,14.066059111493237
13847.0,1255762.63337868,197965.206526756,1.0,0.0,
13848.0,1255222.73225813,197975.665214777,3.0,1307338.7708133864,14.083504156276396
13854.0,1274842.39448622,218162.910931438,4.0,154455.32325009027,11.94766016359993
13855.0,1274837.10379821,217919.9970112,3.0,64339.39358148309,11.071927375530743
13859.0,1277186.54296862,178436.89949876102,3.0,77580.66505755151,11.259073513495903
13860.0,1287914.3732516,182260.131310672,2.0,259699.32940654823,12.467279815462478
13861.0,1284756.81228837,179993.078764349,3.0,747371.6017389203,13.524317799243844
13871.0,1282035.32793359,191953.249400601,3.0,94113.74798604308,11.452259414647353
13872.0,1253922.0068168,209302.472266376,3.0,83964.10764489876,11.33814469656941
13873.0,1253922.9907528,209156.398410216,1.0,0.0,
13875.0,1253258.47568011,208069.79130511,3.0,93181.99999999996,11.442309848973883
13876.0,1253318.95420818,207947.553416982,1.0,0.0,
13880.0,1289410.62912513,187960.119924515,3.0,453840.2896440346,13.025500630207619
13892.0,1256747.4001637,215194.090704396,3.0,328118.0756069124,12.701128809193088
13900.0,1284353.34227197,171464.066979617,1.0,0.0,
13901.0,1284370.55679998,170980.176227123,3.0,278092.7263484477,12.535709885074
13903.0,1285010.58278464,187546.900596097,3.0,93182.0,11.442309848973883
13906.0,1285420.07276906,187048.710323587,1.0,0.0,
13907.0,1260055.28131908,204477.386117429,4.0,689878.5698825939,13.444270875408746
13908.0,1285416.73484905,191845.798200488,4.0,1847825.192358965,14.42951993383023
13909.0,1279887.35813938,218806.748884097,3.0,8524500.16027995,15.958454947189693
13910.0,1279887.28722739,218801.094676092,1.0,0.0,
13914.0,1287499.90163518,184723.44561719903,3.0,68426.13406445134,11.133510107603488
13915.0,1287491.33830717,184497.42539297,3.0,115231.51019630664,11.654698515852115
13919.0,1282682.27807824,212644.050253794,3.0,32860.15035035017,10.400015967063146
13924.0,1277116.72850455,204261.882629201,1.0,0.0,
13928.0,1285303.08646493,187486.910580024,3.0,136684.5330199535,11.825430870882329
13929.0,1263040.29930614,212157.756237298,4.0,1313137.6226415522,14.087929963208444
13931.0,1293164.50938499,185267.149297759,1.0,0.0,
13932.0,1264284.09175541,177691.223785996,2.0,744992.0,13.521128759049008
13933.0,1287183.39341086,205659.766982645,1.0,0.0,
13934.0,1274655.05624603,194927.481339648,2.0,46592.0,10.749184131556358
13936.0,1278476.00991394,207630.876872659,4.0,165690.53934738034,12.017877106717561
13940.0,1264937.61732408,202407.625475302,2.0,46592.0,10.749184131556358
13941.0,1264651.66583578,202415.772803321,3.0,273974.315449597,12.520789641741363
13942.0,1267297.1342545,196361.38495712,1.0,0.0,
13948.0,1283647.97759923,170996.451747149,3.0,424015.457900637,12.957525190862366
13964.0,1277671.21855313,181237.663213626,1.0,0.0,
13965.0,1295355.68186723,186102.308338612,1.0,0.0,
13966.0,1286055.0764177,184061.64446452295,3.0,832447.039395763,13.632124882471706
13973.0,1286559.75949022,191814.543352455,3.0,286802.92343481444,12.56655058094301
13974.0,1286536.0131222,190817.320567444,3.0,219196.0510977129,12.297721818828546
13975.0,1286135.34265779,175943.83460021,1.0,0.0,
13976.0,1276925.32895236,181727.185198128,3.0,82826.63890737227,11.324505014565108
13977.0,1276925.28888835,180756.104813144,1.0,0.0,
13979.0,1254038.39996892,207709.038472742,1.0,0.0,
13988.0,1285765.31584141,192935.195961609,3.0,81536.51271052723,11.308806207621137
13989.0,1286032.99212968,184940.084337428,1.0,0.0,
13993.0,1255818.70448275,201708.36345858904,3.0,45189.90237118764,10.718628941995549
13994.0,1255813.97878674,201469.766786352,2.0,2771.8702218622107,7.927277541703795
13996.0,1272608.56753993,178113.873258427,1.0,0.0,
13998.0,1260294.72144732,188140.569076702,1.0,0.0,
14014.0,1271897.18315521,199812.434176654,1.0,0.0,
14019.0,1278769.24127424,175783.507816046,3.0,151714.5159254683,11.929755849127066
14020.0,1288144.73401985,181903.172078311,1.0,0.0,
14021.0,1267975.84945519,196342.4978531,2.0,6.0,1.791759469228055
14023.0,1284624.31910424,203847.914308786,3.0,142388.9658037093,11.866317787624212
14028.0,1268775.58673601,171311.420963466,3.0,2278442.3794448627,14.639002600555626
14029.0,1262620.8913697,170563.679010704,4.0,156542.64042655792,11.961083714640607
14030.0,1262273.84055336,170577.177314714,1.0,0.0,
14032.0,1271560.48568286,175470.572711721,1.0,0.0,
14033.0,1263247.57316235,169267.202273369,3.0,55606.59766716131,10.926057136277208
14036.0,1274525.9101979,176467.997928753,3.0,1379740.7321256013,14.137406164211315
14040.0,1270269.15128154,205474.428742453,4.0,78846.87456121501,11.275262953827717
14042.0,1260628.89335167,192030.307320684,1.0,0.0,
14044.0,1263516.78129062,169428.02972953,1.0,0.0,
14048.0,1279856.29157935,199291.760320112,4.0,367145.1645802431,12.813512592645251
14055.0,1283757.59903935,171328.620707482,1.0,0.0,
14064.0,1256650.80157159,212535.610189676,4.0,567331.410266293,13.24869890978172
14065.0,1283088.41503866,196319.733501077,1.0,0.0,
14067.0,1273856.75666121,203350.217412278,3.0,101496.29383996148,11.527777562905326
14070.0,1279811.33989932,175100.989159346,3.0,314723.3924300504,12.659449412765511
14071.0,1279809.92223531,174430.266406655,3.0,456269.0819421317,13.030838006439073
14077.0,1275540.48888694,205858.536582842,3.0,12338.207032603175,9.420455989706866
14078.0,1253979.13238485,207833.21831286,1.0,0.0,
14080.0,1262196.32791327,172734.948964924,1.0,0.0,
14081.0,1268659.18865588,213590.811150759,4.0,156263.64151455462,11.959299869480878
14082.0,1269220.43326446,213579.98798275,4.0,204097.1191843096,12.226351233971766
14084.0,1258746.15894973,193904.907578602,4.0,346515.6690958668,12.755683317645547
14085.0,1284063.94623967,192675.850041345,3.0,263594.9842323514,12.482169053479348
14086.0,1264704.47741984,176358.20944863596,3.0,242336.0367526313,12.398080623573346
14088.0,1278010.53381747,204919.823877886,2.0,120.83333333333331,4.794412185626619
14090.0,1275145.10021453,214580.46830377,4.0,333964.7277953443,12.718790660979034
14096.0,1262665.18717775,190463.975159079,2.0,46591.99999999999,10.749184131556358
14102.0,1260038.62288706,190712.06488733,3.0,64887.99820354593,11.080417958064722
14105.0,1270320.71384159,207796.949064821,3.0,122057.6641711628,11.71224886918887
14111.0,1267042.51140623,175920.564968184,3.0,495023.3202161373,13.112360151988865
14112.0,1272703.76254803,181755.823598161,4.0,719937.0005394956,13.486918987913254
14113.0,1283141.32211073,211525.219148651,4.0,102475.6460587854,11.5373804499029
14123.0,1275840.02405524,204571.989957526,1.0,0.0,
14125.0,1273122.53336446,197061.230653837,3.0,233923.2508506913,12.362748352722512
14126.0,1280887.37810841,204435.421637386,3.0,324864.6080747851,12.691163783974806
14127.0,1257543.3729645,186563.63128309,2.0,46591.99999999999,10.749184131556358
14128.0,1257667.85629264,186396.466930911,1.0,0.0,
14130.0,1280889.74585241,219038.224788338,4.0,380352.2241246869,12.848853007982129
14131.0,1280877.5080284,218728.466196015,3.0,44443.40209096608,10.701971795525612
14132.0,1261972.02948104,210819.710731924,2.0,46591.99999999999,10.749184131556358
14137.0,1255971.8374109,202252.615939155,3.0,1171.25383618379,7.0658301088375906
14138.0,1263028.72484213,211638.191692755,4.0,10314002.477358686,16.149012993786798
14139.0,1263009.23863411,211065.691212177,4.0,8094431.904572827,15.906686964073222
14140.0,1281297.97081283,201488.616834372,1.0,0.0,
14141.0,1281326.87001286,201271.643842146,3.0,90705.8393606819,11.415377015074759
14143.0,1276773.6435762,213950.183119133,4.0,296716.13168155565,12.600531175146553
14154.0,1295272.02221914,185524.090354025,1.0,0.0,
14155.0,1276691.55839212,204254.576517195,1.0,0.0,
14156.0,1286381.55545804,185468.370993957,3.0,37401.32025313739,10.529461283665588
14158.0,1286997.73331466,196070.760572821,3.0,46639.99999999999,10.750213821024374
14159.0,1254768.18102567,215208.099920422,3.0,672715.3229626674,13.419077522054659
14163.0,1263620.52580273,199897.780416742,3.0,4730488.836168129,15.369539103155164
14164.0,1254974.28720188,211275.688140392,4.0,547039.0203033262,13.21227541396652
14165.0,1271259.94129856,205187.397190154,4.0,214212.2712173699,12.274722723951355
14166.0,1285839.70188949,206514.953223512,3.0,179756.7585759376,12.09935987474257
14167.0,1286149.1388818,206511.543815508,4.0,147077.54927558798,11.898715272749788
14170.0,1282057.94495761,192082.813112736,3.0,376425.8913371024,12.838476471089358
14174.0,1256358.67024329,219338.331156641,3.0,546246.2026571487,13.21082507371038
14177.0,1266820.57291001,191366.442552,3.0,277256.5600181457,12.532698565953961
14178.0,1266828.31268601,191098.160887733,4.0,765891.0143048263,13.548795159624692
14180.0,1263976.0421551,174280.158438504,3.0,17228.522038046096,9.754321547435723
14184.0,1258591.39907758,205192.168454155,2.0,51984.3532806721,10.85869805383593
14185.0,1258421.74026141,205199.12551017097,3.0,95634.3347811389,11.468287184990738
14186.0,1293193.85120901,186329.492594838,3.0,56187.15147963984,10.936443388385214
14187.0,1293186.79412101,186071.631282583,4.0,103934.2674261644,11.551513934320322
14188.0,1257801.94691677,216865.032914117,3.0,377609.9948046656,12.841617182195193
14199.0,1271919.63621123,176656.423080936,3.0,62359.63920549864,11.040673537483048
14200.0,1278151.05349761,174158.796838388,1.0,0.0,
14201.0,1285125.05568075,186284.824050799,2.0,46592.0,10.749184131556358
14202.0,1259768.58506279,205813.1786948,3.0,85243.37053243596,11.353265627106493
14203.0,1259436.03875844,205821.876230806,4.0,15507161.529223943,16.556812509328047
14204.0,1274044.40587741,202704.407043606,3.0,28708.96240098476,10.264964631778799
14208.0,1279754.69337125,198123.367358923,3.0,48838.19949411238,10.796268062150181
14210.0,1277116.60677655,214580.80980777703,3.0,81568.03775448601,11.309192770034773
14220.0,1277735.45458518,207560.736584589,2.0,34183.492246926304,10.439498123683425
14222.0,1257981.36515696,217356.974866614,3.0,66204.40762571317,11.10050232015756
14223.0,1252004.81743884,210055.256843135,2.0,11820.642277130324,9.377602627650518
14225.0,1292091.73133588,188980.491573557,3.0,140430.9993748987,11.85247153947111
14235.0,1251914.98364675,210040.57281112703,3.0,1249878.0661407076,14.038556557433024
14238.0,1270213.27249748,196081.659772828,2.0,54224.721399069625,10.900892197813175
14241.0,1280684.80108421,219065.18075636,4.0,63277.4143278096,11.055283740794598
14242.0,1258913.98538192,210468.723851562,4.0,2829875.433027766,14.855743252052699
14248.0,1294466.97793032,184839.943793327,3.0,276377.45101059834,12.529522786544117
14249.0,1258480.60534947,217246.513490498,3.0,93182.0,11.442309848973883
14250.0,1262734.13520983,192469.693625137,4.0,58795.0638423778,10.981813182103984
14251.0,1267371.41265458,210040.807435125,1.0,0.0,
14252.0,1268616.17854385,210016.458379105,3.0,16442365.449532032,16.615371821033513
14260.0,1260060.57200709,187210.942003742,1.0,0.0,
14265.0,1283653.47097525,174663.538918898,1.0,0.0,
14266.0,1261728.04733679,199117.072063938,2.0,4164.242633815093,8.334289697445307
14267.0,1259214.63274223,198905.73779171697,3.0,846872.4421658781,13.649305362724908
14269.0,1288250.26989195,201500.987842381,1.0,0.0,
14270.0,1283021.4525426,205409.897734389,4.0,776757.957449082,13.562884071746215
14273.0,1263076.12599418,201784.80915467403,3.0,130394.6861166473,11.778321177005152
14274.0,1286542.0593942,175125.139687374,1.0,0.0,
14275.0,1274255.56523763,211075.719372183,1.0,0.0,
14276.0,1271556.53688286,213099.572302252,1.0,0.0,
14279.0,1275180.25336657,216736.351761982,4.0,44299.397761437125,10.698726361390868
14281.0,1262523.19402561,201311.684802189,3.0,28896.800343439067,10.271486153211297
14283.0,1257500.05251646,206548.455495551,4.0,1738225.3526819143,14.368375238474522
14285.0,1265586.41527675,195746.545660481,4.0,4713142.997682277,15.36586554656213
14286.0,1281692.66649324,212475.967245623,1.0,0.0,
14288.0,1284232.71033584,170375.011426508,3.0,93181.99999999996,11.442309848973883
14289.0,1284246.72639985,170982.965219125,3.0,193166.9212338914,12.171309970956079
14290.0,1284769.08620839,183586.24452804,3.0,66713.57310264462,11.108163705993732
14291.0,1284812.78003243,183511.995311961,3.0,11735.254378373284,9.370352784946075
14294.0,1265274.90110043,190439.109751046,3.0,216228.98103569468,12.284093222547341
14296.0,1259105.15754211,194547.934523255,4.0,1682787.7477356086,14.335962349792277
14298.0,1255175.84387408,200162.873089015,4.0,446383.5377485649,13.008933811565841
14299.0,1254947.34793785,200170.410177022,4.0,167925.42470762756,12.031275259282545
14304.0,1286155.6300178,206937.075783953,4.0,110665.3470987894,11.614266035353307
14305.0,1282201.13170975,198681.577471495,3.0,115774.11073783612,11.65939625036792
14310.0,1282230.15033379,196445.462525204,1.0,0.0,
14311.0,1271684.97752298,177849.461994156,3.0,307900.6006989686,12.637532284865442
14315.0,1279880.02937138,212405.106125548,4.0,5066578.162168995,15.438176229002867
14317.0,1283626.73779121,203310.361860231,3.0,1400.0247962811864,7.24424522707592
14320.0,1274620.61342999,190620.258295238,3.0,12422.778955401622,9.427287078881555
14321.0,1274856.26322223,190195.841526806,3.0,70861.54944709585,11.16848324449561
14328.0,1259874.24266289,198498.907583311,4.0,506773.8238820951,13.135820076296675
14329.0,1274041.01810139,206209.229127198,4.0,553885.7984683117,13.224713804530765
14330.0,1262703.14378579,205077.059782043,4.0,391527.2259788479,12.877810334725146
14334.0,1278781.60441026,206720.349511728,3.0,40164.30075903743,10.600733839245303
14339.0,1280961.09151649,167971.65398404,1.0,0.0,
14343.0,1271762.54168306,210782.693707883,3.0,40496.45540701442,10.608969728450003
14344.0,1260035.08419906,203813.530820742,4.0,1098120.383350525,13.909110533794479
14346.0,1260434.23888747,203802.40979673,4.0,440153.3593448518,12.99487848913268
14350.0,1265932.2413251,187790.708212346,4.0,94546.84331324205,11.456850687101364
14355.0,1258174.13315715,217880.220883146,3.0,48118.53521037413,10.781422729275633
14356.0,1264071.36349919,211690.786380813,3.0,94033.02001503792,11.45140127632463
14358.0,1257611.55062857,211512.388108626,4.0,359263.59099783376,12.791811634813243
14360.0,1270317.69745758,202237.676355138,1.0,0.0,
14361.0,1257441.1506924,215860.618961081,4.0,978756.3828474456,13.794038047693672
14364.0,1264633.17405976,171990.396964163,3.0,345227.03593007417,12.751957554736624
14365.0,1264630.14225176,171675.435299844,1.0,0.0,
14367.0,1281856.6307814,222118.148439497,3.0,46736.514285714286,10.752281028626253
14368.0,1281932.69919749,222116.097239494,3.0,97849.35384127004,11.491184369238495
14370.0,1277245.48248868,180243.572396606,3.0,65353.37014651795,11.087564288442124
14373.0,1286161.52371381,207364.933192387,5.0,223110.11578641023,12.315420721330899
14377.0,1272715.10475604,209477.949962541,3.0,27746.11741259503,10.230851196326197
14380.0,1255167.85245007,196058.318332806,3.0,815847.2405890458,13.611982411260687
14383.0,1264649.32266778,174277.311974511,4.0,81667.77104835644,11.310414723808417
14384.0,1270772.43736206,175892.480040163,3.0,590045.3753790791,13.287954720346846
14385.0,1294498.43226635,185865.719602376,3.0,198612.7372271919,12.199112163618173
14386.0,1285681.95936131,204622.988485575,4.0,576511.6082753994,13.264750754265458
14387.0,1263116.78769022,200409.740033269,4.0,4057971.715679362,15.216193829328663
14388.0,1262951.09111404,200414.17478527097,3.0,232368.13936055463,12.356078200588138
14389.0,1283075.78643066,208256.279497296,3.0,507844.10865983646,13.137929806748694
14395.0,1284365.42035197,206193.908295184,2.0,21739.30335031589,9.986877115558077
14396.0,1274061.75890142,207040.566984057,4.0,119764.27522597264,11.693280716736005
14397.0,1255738.77712266,193077.509625748,3.0,96714.5530476332,11.479519166991013
14398.0,1255883.46813081,192929.75928960703,3.0,64742.698572713896,11.078176209847749
14399.0,1274342.20421371,207865.590600893,4.0,210199.7973077279,12.255813773141591
14401.0,1280349.61637986,213342.888718501,3.0,61533.97447361769,11.027344731726402
14402.0,1258787.22576578,217850.003731117,2.0,93180.0,11.442288385370787
14403.0,1258662.20406966,217858.516499132,3.0,186350.0,12.135381904907405
14406.0,1282367.11231793,169177.08105728,4.0,1221007.276577858,14.01518671259831
14407.0,1282530.7678701,168548.08694464,4.0,604914.3999999998,13.312842239399357
14409.0,1282501.69017406,173793.235878006,1.0,0.0,
14410.0,1274307.01758967,206481.383431479,3.0,143158.25040900055,11.87170594357729
14411.0,1274965.01202235,206466.475975469,4.0,221148.70700378937,12.306590636586138
14415.0,1259208.03856622,198641.510655448,3.0,530873.3184866335,13.182278700173086
14419.0,1289198.73421292,185342.811185837,2.0,2617.123576652836,7.869831122146209
14422.0,1281035.46182056,197339.790782124,4.0,352219.6664078589,12.772010312235627
14423.0,1274125.79550949,213315.881230474,2.0,53350.03349779375,10.884629884617121
14429.0,1280181.82636368,219834.134293154,5.0,452022.0090658919,13.021486150252576
14430.0,1280325.77983584,219828.575573146,3.0,157686.49765181766,11.968364148815086
14431.0,1285457.49984109,199430.364416257,4.0,204498.3279900165,12.22831507834363
14433.0,1258614.0981496,216200.255377427,1.0,0.0,
14434.0,1289190.80013292,185084.638129577,3.0,43336.62383887332,10.676753372629944
14435.0,1266218.9504454,169947.273122072,1.0,0.0,
14436.0,1275929.34373534,218736.040980026,1.0,0.0,
14439.0,1260106.76778314,194526.534651235,4.0,682666.6161666947,13.433761902498855
14446.0,1284186.2353278,195901.693308651,1.0,0.0,
14447.0,1268791.41508803,181817.433070228,3.0,6371991.594974419,15.66742263095509
14449.0,1269915.62513718,169497.493473604,1.0,0.0,
14451.0,1259523.30730253,215486.26798470304,3.0,2762724.347608364,14.831727833314577
14452.0,1285425.44742505,199662.438400492,4.0,162847.9079895394,12.000571964380168
14453.0,1286011.57587366,199655.133312494,2.0,5161.388319757739,8.54896087650363
14457.0,1260362.5224714,216220.139537454,3.0,273916.1817296492,12.520577432475223
14458.0,1260237.05687127,216152.268625379,2.0,46591.99999999999,10.749184131556358
14463.0,1259686.85847071,203194.452356115,3.0,2021497.982824012,14.519349370201477
14465.0,1263874.33668299,205706.120518684,4.0,93761.89089810009,11.448513772036021
14468.0,1282589.81958215,191175.070199803,3.0,155256.23986927353,11.95283219138271
14469.0,1282764.32710233,191169.657463804,3.0,93182.0,11.442309848973883
14471.0,1259621.33239064,212453.483981594,3.0,130368.8220255232,11.778122804990653
14472.0,1289968.87142971,187552.943284094,2.0,44854.9103811615,10.711188346023748
14477.0,1273318.69048466,180431.69111681,4.0,176498.17473884806,12.081065813879059
14478.0,1269490.31332874,174582.108966812,1.0,0.0,
14481.0,1263638.88407475,172627.995428815,3.0,52179.187528801005,10.862438988021413
14484.0,1271824.45361914,201857.51833874,1.0,0.0,
14485.0,1272770.4664841,210773.82497187,4.0,80707.79825369199,11.298590482224997
14486.0,1272945.02520429,210772.38797988,1.0,0.0,
14487.0,1288695.53472441,188630.371573195,3.0,82750.1693955513,11.323581340313362
14490.0,1291388.87648717,181360.78833375903,3.0,103457.8872742115,11.546919922647392
14494.0,1256635.62473957,201392.343426272,3.0,140762.85115145074,11.854831846639952
14495.0,1255946.95421088,201414.094658285,4.0,82893.86674697846,11.325316354634685
14498.0,1267187.12631838,176439.437288716,2.0,1.0,0.0
14499.0,1280234.85970774,210629.802635729,4.0,77428.56271077415,11.257111018774985
14504.0,1285533.38259317,168982.844897076,1.0,0.0,
14507.0,1283692.34099129,176284.727592558,3.0,465094.1245845766,13.049995082547095
14508.0,1293853.45159368,186296.200050816,4.0,631263.8145336619,13.355479143742008
14515.0,1257708.20957267,192551.503161222,1.0,0.0,
14522.0,1259147.25424615,195863.43154861,3.0,101192.93435786763,11.524784214799924
14523.0,1274375.46360575,216755.779858008,3.0,13549.846500997564,9.514130497904018
14524.0,1259182.28861418,197580.321854368,3.0,278982.6119314435,12.538904736034988
14527.0,1268555.49988778,213159.701774314,3.0,91048.47012753968,11.419147282461484
14528.0,1268659.85630389,213157.11745432,4.0,118288.77129000735,11.68088412821732
14529.0,1274183.55358955,215569.638224781,1.0,0.0,
14536.0,1271928.52952324,197097.178749874,1.0,0.0,
14540.0,1254602.6320975,209940.50381901895,3.0,1101129.2527374483,13.911846804579639
14541.0,1278852.74962632,180058.622956425,4.0,858995.3409947081,13.663518777196979
14542.0,1289733.66880547,181407.694381803,2.0,93180.0,11.442288385370787
14543.0,1289912.25606966,181404.06282980705,3.0,574110.177682842,13.260576604064852
14545.0,1284596.98092821,201534.305090412,1.0,0.0,
14546.0,1275578.48351097,214569.599503756,4.0,37369.63639418672,10.528613792546905
14549.0,1257176.12502813,217392.863890648,4.0,505565.7932139764,13.13343346369924
14557.0,1282059.28454161,192961.417657629,3.0,119421.14015302212,11.69041151747646
14560.0,1273048.22648439,194965.435643688,4.0,93970.66989415966,11.450737990160466
14562.0,1282374.15500593,197645.393534437,2.0,10010.441258109391,9.211383953066905
14564.0,1265911.38935708,196403.63289316,3.0,120349.26706240332,11.698153353142017
14565.0,1286009.32192166,206938.414023951,2.0,128827.61187091858,11.76623044755654
14566.0,1286324.93254597,188565.085941136,1.0,0.0,
14571.0,1282698.64415827,206116.964231104,1.0,0.0,
14575.0,1253005.32623985,212010.129613146,5.0,697015.7262508806,13.4545632522584
14578.0,1279688.33753118,216627.466833875,4.0,113195.5865961196,11.636872456324392
14582.0,1250999.9743018,212331.16238147,4.0,2152950.0893560527,14.582349594171642
14588.0,1268324.56401555,172628.546276808,4.0,6895438.4647201495,15.746370658880226
14589.0,1282019.00774157,173690.235429898,3.0,145070.16681429883,11.884972813420609
14590.0,1281797.99474934,173099.430181295,3.0,515049.8132954784,13.152018899813916
14594.0,1285952.9496336,178865.330411196,1.0,0.0,
14595.0,1273763.15154111,196498.884989262,4.0,230230.42924670625,12.34683595266228
14597.0,1260083.5364871,193868.314170569,4.0,581077.1546774554,13.272638823364133
14598.0,1281202.90866874,213854.615695029,3.0,295567.3048668634,12.596651855940458
14599.0,1280827.83455636,209156.217610225,1.0,0.0,
14600.0,1291367.21773514,182836.655151263,3.0,99325.10103723589,11.506153597921003
14603.0,1282341.57631791,211208.966156319,4.0,55699.8637255255,10.927732979332948
14604.0,1285540.77958518,197976.339710772,4.0,569263.7536834276,13.252099144694151
14605.0,1275675.20351107,205855.030982837,3.0,287901.90197730245,12.570375082960183
14607.0,1286338.52006599,204796.438277751,3.0,37749.273610615695,10.538721512389143
14610.0,1281892.20153344,205257.394758224,1.0,0.0,
14611.0,1282341.0901099,205245.891462222,3.0,54810.10580444205,10.911629868424033
14616.0,1280301.17125981,201086.227201954,3.0,8962.145944235352,9.10076497999762
14617.0,1265357.70839651,186459.523186982,3.0,241486.7761441476,12.394569993408446
14618.0,1267256.88734245,189496.261878088,1.0,0.0,
14621.0,1281543.91186908,195298.71353203096,3.0,343170.6034814113,12.745982988735722
14624.0,1292536.24589634,185151.638001636,3.0,2864.105968701179,7.960011527640869
14629.0,1254485.87382537,206612.949127614,3.0,114786.53373020096,11.650829453985452
14632.0,1275792.4581672,214884.18945609,4.0,278519.1365809723,12.537242049026446
14635.0,1255337.51088224,202530.505475432,1.0,0.0,
14636.0,1277296.78360873,175130.601959378,3.0,299807.8889095825,12.61089717821231
14637.0,1270591.02891387,170011.574818134,1.0,0.0,
14638.0,1270488.80836977,169948.408290073,2.0,46592.0,10.749184131556358
14649.0,1256001.34320293,203315.097412243,4.0,367031.8243058773,12.813203838007114
14650.0,1255983.29865891,202864.615363777,1.0,0.0,
14651.0,1253855.24220873,208326.876425371,1.0,0.0,
14652.0,1280988.57439652,221368.125270724,1.0,0.0,
14654.0,1262090.76906517,206262.811335251,3.0,273781.7492842904,12.520086532508484
14655.0,1261907.84093697,206267.95930326,1.0,0.0,
14656.0,1280385.52146789,197356.958078131,2.0,13060.932487342086,9.477380800537448
14658.0,1283509.4433911,196519.311165273,3.0,180896.87302871677,12.105682385599476
14665.0,1255756.03433868,201635.268098518,3.0,48418.61602494239,10.78763964736861
14666.0,1255656.33737858,201495.933122382,2.0,4640.230089212802,8.442519232183262
14669.0,1289698.63802144,180468.991212845,3.0,207058.07055501448,12.240754566987373
14670.0,1282200.86924575,184932.375025421,1.0,0.0,
14671.0,1279510.670523,180342.20049271,1.0,0.0,
14672.0,1279510.669563,180058.302764416,4.0,999652.8735227032,13.815163371224635
14678.0,1256842.67881979,196653.293181419,3.0,38864.915269039935,10.567847201526602
14679.0,1260222.90333526,199155.855423972,4.0,200575.79511460377,12.208947484790013
14683.0,1278080.10975353,200332.16211319,2.0,4777554.387934686,15.37943933921485
14684.0,1278271.83148174,200135.221568987,2.0,4736298.804676498,15.370766545759402
14690.0,1286954.56941062,174696.736998931,3.0,83107.55361076051,11.327890874555667
14692.0,1259209.75907822,168705.463264793,3.0,116172.8462036922,11.662834414540457
14693.0,1259154.52067816,168200.406176284,2.0,46592.0,10.749184131556358
14700.0,1280753.91967627,217066.724754319,1.0,0.0,
14706.0,1270593.52664188,203226.971972153,1.0,0.0,
14707.0,1255243.88342616,215921.653905153,3.0,105359.74735446992,11.565135938487844
14708.0,1280406.78885992,219076.633172378,4.0,437644.3899599988,12.989161964524785
14711.0,1255472.43286639,196702.223869473,4.0,950682.8652017714,13.764935810835347
14714.0,1292435.13748024,186623.708595142,2.0,474852.7665479331,13.070760069805402
14715.0,1260824.61571987,196491.409981251,3.0,799761.9353210938,13.592069381515465
14716.0,1258870.88374987,198399.845119208,3.0,12809.361053219623,9.45793151489735
14718.0,1272095.8074114,200851.430145711,4.0,983021.1530929388,13.79838591781226
14719.0,1272174.77445149,200866.834305733,3.0,95734.80682644092,11.469337219010743
14720.0,1269495.90315275,204279.407813221,4.0,15945652.901415894,16.584696804682114
14721.0,1269532.36177678,204282.916677222,3.0,6539760.978100127,15.693411175074386
14722.0,1285192.74515282,185795.837874293,2.0,25642.304777346184,10.151998796906849
14723.0,1285251.54323289,185773.287346274,3.0,192897.0467642709,12.169911889104625
14724.0,1281476.28178902,218438.332307726,1.0,0.0,
14725.0,1267746.24983895,193006.560313687,3.0,191514.9369209766,12.162721084148373
14726.0,1267735.78692694,192341.048824996,3.0,1074049.5762890836,13.886946713403729
14728.0,1264209.58698733,177821.359722137,1.0,0.0,
14730.0,1291034.3942468,181012.023277402,1.0,0.0,
14731.0,1266801.97943799,192010.915320665,4.0,876671.8016750311,13.683887972892673
14741.0,1277696.96357715,204111.415045053,3.0,2403540.282016947,14.692453325908161
14742.0,1277674.40095313,203622.019076556,3.0,2485371.575904039,14.725932733861516
14743.0,1273743.28939709,197023.319997802,2.0,4805.796996866007,8.477578175884119
14744.0,1272730.48626006,182784.627311215,3.0,46925.22177545236,10.756310587611946
14746.0,1256409.50153935,200251.745921105,3.0,513915.180113986,13.14981351158664
14748.0,1252260.3992631,215847.38536107505,3.0,323147.63484099705,12.685864571589514
14751.0,1269644.0538089,189112.991989702,4.0,230696.1424646135,12.348856723019072
14752.0,1257852.22800483,220158.024405479,2.0,23186.319153578683,10.051317692061803
14753.0,1255148.46269006,217482.78203474,3.0,181665.8513736893,12.109924297115949
14754.0,1259539.97757456,209927.156683013,6.0,42422380.88857653,17.563186632083447
14755.0,1265596.84599675,196413.30150117,4.0,7234843.344115453,15.7944192653068
14757.0,1259940.71363896,205808.676742792,1.0,0.0,
14759.0,1258831.09904583,190902.597303525,1.0,0.0,
14761.0,1256301.58838724,202542.934595451,3.0,464172.7915369875,13.04801215744023
14775.0,1282522.61990209,194153.727930859,2.0,425856.3437141821,12.961857347051398
14776.0,1282672.84761424,194149.756858855,3.0,470668.7452298815,13.061909824568259
14777.0,1255321.93872224,211923.080205053,4.0,497206.69948345085,13.116761112951588
14779.0,1286656.11558633,192910.915833578,3.0,638744.8470871568,13.367260353284978
14780.0,1255776.48374669,197711.037758499,1.0,0.0,
14787.0,1268767.104112,180496.878636867,4.0,99897.02541071337,11.511895188524806
14788.0,1268754.94603199,179840.104684204,4.0,250421.9880477689,12.430902726045227
14789.0,1268808.81400004,204217.820357159,1.0,0.0,
14790.0,1293690.24327353,181830.046254233,4.0,3824447.585361561,15.156924592685197
14791.0,1262604.08688968,168346.327136427,1.0,0.0,
14794.0,1277661.14604111,215397.37512061,3.0,256580.59293744905,12.45519809672688
14797.0,1253821.03100869,212198.441229329,1.0,0.0,
14798.0,1253814.4738887,211979.212301105,3.0,157176.04441679997,11.965121758158721
14799.0,1291612.9281994,180875.835565254,1.0,0.0,
14802.0,1286463.14387412,195789.537980527,3.0,292150.32880758576,12.58502377345717
14804.0,1260204.27216724,187456.882420003,1.0,0.0,
14807.0,1282082.00364563,211547.033420667,4.0,270066.8818720452,12.506424917942502
14809.0,1267389.67185459,177657.240937963,3.0,91569.3341490949,11.42485171457916
14812.0,1284303.54873592,170067.352546185,1.0,0.0,
14813.0,1284299.4864639,169758.720993876,3.0,131607.0641933322,11.787575975713313
14814.0,1273097.22078843,211596.422092721,1.0,0.0,
14815.0,1273109.57573245,211409.924748525,3.0,78364.43839529637,11.269125511537846
14816.0,1276568.64427999,179752.260012105,4.0,234716.94626614032,12.366135583178595
14817.0,1272621.14629194,178799.421419129,3.0,419200.0,12.94610341198897
14826.0,1272023.31774734,214309.440271497,4.0,18607785.999030147,16.73909065319241
14827.0,1278814.36127429,200261.44998511704,3.0,383.774030149113,5.950053916221978
14828.0,1281806.16594936,221487.58011885,3.0,192531.8966222116,12.168017115722549
14829.0,1281897.92300545,221487.101462841,1.0,0.0,
14833.0,1284582.2299522,189042.142389625,1.0,0.0,
14834.0,1262262.11255334,172130.889124304,1.0,0.0,
14835.0,1266697.73354988,193039.247225717,1.0,0.0,
14840.0,1270779.82123406,190285.706166893,3.0,598693.2731146072,13.30250468103039
14842.0,1253197.88688006,208192.251401231,1.0,0.0,
14844.0,1264262.59505139,211994.573837131,3.0,328497.8868539486,12.702285684173628
14845.0,1284627.45196824,196797.31750156,1.0,0.0,
14846.0,1284436.03731205,187981.630068541,1.0,0.0,
14847.0,1268269.26225549,187800.790516347,3.0,127174.28050773244,11.753313712177281
14848.0,1264589.52881172,179121.452267468,1.0,0.0,
14849.0,1275050.77035843,215451.926160663,3.0,65170.76122183503,11.084766199814217
14853.0,1258841.94320583,207833.367944866,4.0,7188487.088431832,15.787991288700976
14854.0,1258813.65488581,207170.179592192,4.0,7517337.32993872,15.832722554759846
14855.0,1257690.20074067,203248.012292176,4.0,710764.2317598963,13.474096052893355
14858.0,1281751.5672933,191962.906872615,3.0,48120.77600854023,10.781469296486852
14860.0,1271170.18955447,180463.174316838,2.0,2240.0542125092206,7.714255346569266
14861.0,1273784.33816513,205944.779206932,1.0,0.0,
14868.0,1279524.24338701,216630.860817879,1.0,0.0,
14869.0,1262272.05610535,193848.035002545,4.0,1236783.655010824,14.028024741180445
14870.0,1275950.39685535,204093.57062903,1.0,0.0,
14871.0,1259044.92867805,192245.508344904,3.0,1141082.8679742415,13.947488253704108
14874.0,1280300.58233181,202626.060739532,4.0,1615442.6876978832,14.295119587107253
14876.0,1258654.00394164,187418.667251959,1.0,0.0,
14877.0,1280873.47161239,218618.436883911,3.0,129698.76007700407,11.772969810328261
14879.0,1286127.73932979,181526.907757923,2.0,692650.3588442643,13.448280618160336
14881.0,1286015.49478567,173570.067045778,3.0,724702.1631310141,13.493516039957019
14882.0,1286930.0244506,173543.338405758,4.0,313413.9037273006,12.655279972078583
14883.0,1269012.95992026,201006.964609876,1.0,0.0,
14884.0,1269013.72990425,200920.074689791,2.0,46591.99999999999,10.749184131556358
14886.0,1285546.60467318,198344.859647155,3.0,129698.87177719807,11.772970671555814
14888.0,1281945.28742149,201525.265410408,3.0,165.10897207367796,5.106605692718335
14889.0,1281943.7362535,201254.242306128,4.0,127416.972904072,11.755220238553184
14890.0,1284295.7052799,202847.552771762,1.0,0.0,
14892.0,1264226.86909935,171742.779043913,1.0,0.0,
14893.0,1255938.86403486,207261.071496278,4.0,57493.92284967349,10.95943453162901
14894.0,1280861.11078039,193980.294906676,3.0,93182.0,11.442309848973883
14895.0,1280791.22866832,193677.987770364,1.0,0.0,
14901.0,1281531.27212507,214980.302480176,3.0,70965.63088888957,11.169950966835314
14902.0,1281483.26239702,214306.101071492,3.0,78939.67350811801,11.276439213258424
14903.0,1284104.54655971,189695.200758293,1.0,0.0,
14911.0,1264145.95882727,204404.445957348,3.0,2007722.9634127656,14.512511783847609
14914.0,1268434.41451167,194323.743355036,2.0,46592.0,10.749184131556358
14915.0,1268545.24433577,193207.447033882,3.0,5759750.711611422,15.566404752501374
14917.0,1258706.2433017,195482.099644214,1.0,0.0,
14918.0,1260775.42128782,212207.082253337,3.0,389789.5582530253,12.873362278249463
14919.0,1260367.9942794,212197.159053326,2.0,45442.08071316315,10.724193842689186
14920.0,1264307.45060344,211035.421580151,1.0,0.0,
14921.0,1279336.43404283,215405.916752622,3.0,142198.12780491624,11.864976630335747
14922.0,1257750.31088471,191594.31807223,3.0,9236.064216725988,9.130871123322237
14923.0,1257764.66781273,191251.684855878,4.0,1152333.2630540514,13.957299369246977
14924.0,1289363.75584508,183729.542128175,1.0,0.0,
14926.0,1271295.1026426,200354.635201201,1.0,0.0,
14927.0,1272772.0698761,211093.846284211,4.0,139140.83369019898,11.843241891196055
14931.0,1257888.65475686,209170.492874235,4.0,6034749.936519445,15.613044976115848
14932.0,1281130.93241265,209910.437898993,3.0,74932.58383106059,11.224344106029012
14936.0,1294461.90049031,184715.599537194,1.0,0.0,
14942.0,1269278.84984052,173599.650277808,3.0,118823.35622436754,11.68539326780241
14943.0,1268622.21924785,173603.367845818,4.0,48481.090646293385,10.788929117319631
14946.0,1256549.70563549,198271.292223066,4.0,115734.85947249166,11.659057159699556
14950.0,1257879.59306085,198470.343359277,4.0,181025.9213654225,12.10639551195777
14952.0,1259358.99530236,192576.816441238,4.0,5134658.833150888,15.45152395963436
14956.0,1271867.28721918,197099.41631788,1.0,0.0,
14959.0,1274160.24261352,214712.277711913,1.0,0.0,
14962.0,1282052.4755176,222881.252824277,1.0,0.0,
14963.0,1273975.43557334,194633.374011353,1.0,0.0,
14965.0,1287713.92909141,204082.573893026,3.0,306490.9139609648,12.632943389419697
14966.0,1287513.0285472,203900.92928484097,3.0,78360.03506899146,11.269069319595276
14970.0,1253702.53251258,216622.861201867,5.0,274089.4276988726,12.521209710583381
14976.0,1273553.6817809,189692.040374294,3.0,20593.92252956256,9.932751288413105
14978.0,1263290.02154639,171132.426211283,3.0,132113.74519680187,11.791418536549385
14979.0,1263100.9625382,171142.509859294,1.0,0.0,
14980.0,1266530.77489372,195717.333436459,4.0,1148093.8012247365,13.953613560907618
14981.0,1284658.37318428,210819.290123925,2.0,685.6986696552748,6.53043827416196
14983.0,1278730.5920582,212656.867469802,1.0,0.0,
14984.0,1268062.47166328,175228.291751474,4.0,9496054.55825036,16.06638696064797
14986.0,1289977.38451771,190247.554678857,4.0,123842.3843101673,11.72676494178879
14987.0,1280377.05561189,206629.42675963,2.0,13411.926544394826,9.503899630714189
14995.0,1273166.0575885,214935.808144137,3.0,47126.66666666666,10.760594291056835
14996.0,1273311.99691665,214932.235280141,1.0,0.0,
15000.0,1272930.27166827,203265.831428185,4.0,46269366.588582166,17.64999067132724
15004.0,1292192.40371999,183142.030831575,1.0,0.0,
15013.0,1285328.83244896,179489.100779846,3.0,4153448.287566485,15.23944945985668
15014.0,1255297.5976022,215919.906897143,3.0,64966.24965607882,11.081623177967725
15015.0,1286800.39545846,194598.963963315,3.0,523077.1969385581,13.16748433624367
15017.0,1258415.3505654,193915.095226616,4.0,262138.1876952829,12.476627077650297
15018.0,1284142.58713575,188238.878260806,3.0,13755765.99793304,16.436968639480405
15019.0,1255980.4170589,199018.788735837,2.0,46591.99999999999,10.749184131556358
15022.0,1277163.37733659,203983.507844925,2.0,675834.1037932287,13.423702916317588
15024.0,1275113.7078945,213289.310094446,4.0,1432417.1909038315,14.174873918503144
15026.0,1290296.48135005,189871.133494467,1.0,0.0,
15027.0,1255488.7546584,192857.517305523,3.0,162414.29157331306,11.997905705136466
15031.0,1259352.13770236,203168.812292084,4.0,14164197.3625054,16.46622802621071
15035.0,1254562.79817745,212608.51354976,2.0,7148.639724956407,8.874677369330712
15037.0,1272417.12702774,195600.589564338,4.0,2254165.761447221,14.62829051189259
15041.0,1287680.36614737,184716.390833199,1.0,0.0,
15042.0,1280475.578044,217889.261523157,1.0,0.0,
15045.0,1269781.31864104,173345.461477548,1.0,0.0,
15046.0,1279293.06700277,180354.403180733,1.0,0.0,
15047.0,1279293.06565878,180058.40868441798,3.0,877205.7269647277,13.684496824192118
15048.0,1271148.25061044,210657.111307755,3.0,483437.4627651334,13.088677242728464
15051.0,1283947.50188754,170989.705699131,3.0,103226.79488544258,11.54468373869169
15056.0,1280082.12249158,205711.880710691,3.0,93182.0,11.442309848973883
15057.0,1282360.94111793,206149.098311141,3.0,425854.2652704631,12.961852466417772
15058.0,1254917.14787382,203027.53830795,4.0,276262.488981404,12.529106739774662
15062.0,1271466.93829076,179145.456107482,3.0,364137.4829484287,12.805286775715805
15066.0,1255307.02377822,216470.987153709,1.0,0.0,
15068.0,1252245.20047908,209363.978058428,3.0,110511.48104113629,11.61287469536739
15069.0,1252085.72342291,209342.994506404,3.0,1188513.3828672625,13.988213826019589
15073.0,1277621.94399306,201747.34925063,3.0,497823.0918350868,13.11800005561614
15076.0,1259470.16701448,207153.79117617,3.0,15774064.270976024,16.57387764741992
15077.0,1272297.36216362,178807.721899137,1.0,0.0,
15078.0,1270621.5282419,175892.73789615897,3.0,681495.5280095828,13.432044968115658
15079.0,1270621.4494579,175235.648999482,1.0,0.0,
15080.0,1285527.34585716,186220.474162728,3.0,72128.31912840964,11.186202021862952
15081.0,1259565.23306258,213768.373454943,1.0,0.0,
15084.0,1280618.45638014,203617.109956548,1.0,0.0,
15085.0,1283164.89977475,180384.173484758,3.0,93181.99999999996,11.442309848973883
15087.0,1289456.65690118,184236.662192702,1.0,0.0,
15088.0,1251667.94998249,212724.024781868,4.0,960284.9133658336,13.774985304168212
15091.0,1259946.55120698,214161.077711344,1.0,0.0,
15092.0,1259889.22224692,213951.584335133,3.0,3029395.328546017,14.92387359603453
15115.0,1280856.22623637,218198.338963479,3.0,33798.867187980744,10.428182565760967
15118.0,1271857.25150716,173331.076709539,4.0,335514.26824760885,12.72341976279839
15119.0,1271844.91685115,173302.329381511,1.0,0.0,
15121.0,1284871.45184049,169109.634977207,3.0,312819.8254686405,12.653382666299045
15122.0,1290787.32384655,166851.069982901,1.0,0.0,
15123.0,1258010.53571698,220204.541653529,3.0,1940179.458482296,14.478291031133562
15124.0,1258087.10742906,192267.364280924,1.0,0.0,
15126.0,1256311.16739525,195978.76300472,4.0,232934.0,12.358510430619061
15128.0,1283882.21465547,193396.35609008404,3.0,14608.182610570071,9.589337103480197
15129.0,1272304.36837162,192765.834105432,2.0,71712.25042394969,11.180416868673284
15130.0,1284392.60569601,192673.735161334,4.0,101783.3721565703,11.530602031413297
15132.0,1278071.21477753,204780.075461745,1.0,0.0,
15133.0,1278100.17010556,204437.173253387,3.0,589803.4587655811,13.287544639648562
15134.0,1272648.30072397,215057.445328265,3.0,367539.4967958632,12.81458606613454
15135.0,1280658.93599617,220307.681237638,4.0,27699.77518399165,10.22917957604111
15136.0,1280828.65017235,220300.829205632,2.0,42.47792207792206,3.748984460434138
15137.0,1259758.76253478,189839.001334444,3.0,120299.82886632756,11.697742479404216
15138.0,1280358.68428387,212172.254285306,3.0,203200.9000654815,12.221950424132764
15141.0,1276446.60152787,204158.995653108,2.0,2.0,0.6931471805599453
15142.0,1276670.9442481,204152.786693096,2.0,46588.0,10.749098276222542
15143.0,1258115.45974909,214803.765712008,4.0,256726.9649052524,12.45576840577273
15144.0,1281910.66380545,197600.676094383,1.0,0.0,
15146.0,1270520.0405618,171318.959331468,1.0,0.0,
15148.0,1283167.71014275,200252.428033099,1.0,0.0,
15149.0,1254188.37308908,215679.774800897,2.0,46592.0,10.749184131556358
15152.0,1281212.56902075,219444.86734876,4.0,5666927.891538264,15.55015771079663
15161.0,1271165.53009845,210744.884427845,3.0,580947.4869513541,13.27241564784445
15162.0,1275251.25387864,203385.93850031504,3.0,419184.0,12.946065243321623
15163.0,1275195.52005458,203090.257668003,2.0,0.0,
15168.0,1254509.12508941,207272.507848293,4.0,483705.7370770268,13.089232019557413
15171.0,1268266.59070349,188460.982773021,4.0,1296797.0037676846,14.075407938919506
15172.0,1267572.41489477,188458.18552503,3.0,880748.9291236007,13.688527880333998
15175.0,1285564.2142092,176223.108968496,3.0,336527.85037689266,12.726436189506563
15178.0,1285938.16428958,185534.593266025,1.0,0.0,
15179.0,1256265.45520321,207534.881672561,1.0,0.0,
15180.0,1273067.12504441,195585.101052329,4.0,834901.2198751757,13.63506869728436
15183.0,1287459.89779514,183538.830575988,1.0,0.0,
15184.0,1287669.34061135,183531.117615983,2.0,46591.99999999999,10.749184131556358
15195.0,1272343.78757167,180446.414828822,3.0,450329.0060406472,13.017733719139933
15198.0,1262562.77629764,167735.401183799,1.0,0.0,
15204.0,1279509.12530699,198129.208830923,1.0,0.0,
15206.0,1279919.84063542,221075.933654428,2.0,59889.24915012263,11.00025228803052
15207.0,1265813.96599698,179540.638443887,3.0,861210.3406444343,13.666094051651111
15210.0,1277107.78232855,175794.14756006,4.0,1198452.070113803,13.99654134049561
15211.0,1281672.79615721,173058.414821252,3.0,390169.7209368902,12.874337105331115
15212.0,1281678.94182122,172900.6707571,3.0,171710.78786881568,12.053566874666174
15222.0,1289184.70010091,190496.82776711896,3.0,68108.12706564499,11.12885182518813
15229.0,1258043.90442102,217885.674259156,4.0,258387.77261134775,12.462216730155449
15230.0,1260793.74410383,214197.629135385,3.0,14336374.888403405,16.478310563994686
15231.0,1260484.88279152,214431.944975615,1.0,0.0,
15232.0,1258181.84771717,187466.217396006,1.0,0.0,
15239.0,1266681.26378986,175259.579367504,4.0,549980.1798604523,13.21763751994196
15241.0,1258255.49814923,215153.259792358,2.0,21873.40645173479,9.99302686065158
15249.0,1251882.66345471,212119.959117249,1.0,0.0,
15253.0,1283656.96147124,198249.988159046,1.0,0.0,
15254.0,1255148.36694606,206149.74599114095,3.0,292062.5828360118,12.584723383067006
15255.0,1277344.88620079,203340.984836265,2.0,339.93858825238283,5.828764978508838
15256.0,1277393.94380084,203064.557251975,2.0,1725.66639283493,7.45336856955207
15261.0,1268027.41233525,176571.215528846,4.0,1452051.6374334702,14.188488036705241
15262.0,1267542.23614274,176576.482600853,2.0,377173.4446050457,12.840460425897945
15264.0,1261309.87293637,188617.161269188,1.0,0.0,
15266.0,1253498.82627237,207666.216712698,1.0,0.0,
15267.0,1253151.782304,207653.976904675,3.0,372551.8306974704,12.82813144993429
15272.0,1292511.51034431,189077.15083766,3.0,5260.408827374461,8.567964026546864
15273.0,1271823.78827514,178646.710058972,1.0,0.0,
15274.0,1272194.85969952,187062.384499595,4.0,2678231.000668989,14.800667060164793
15275.0,1257675.17386064,200611.70188947,1.0,0.0,
15277.0,1287054.39232273,203800.727044731,3.0,293174.7734203245,12.588524206481093
15278.0,1265290.89847644,171353.226019502,4.0,1292382.6048857658,14.071998053298234
15279.0,1284954.83091258,173916.90915814,3.0,821260.5527519592,13.61859569832027
15286.0,1268651.62731189,212178.01998131,4.0,146336.21441924857,11.89366209170961
15288.0,1275443.15864684,212141.169037282,1.0,0.0,
15292.0,1261721.51389679,191819.02066446803,3.0,451457.7838920687,13.020237145567423
15297.0,1270052.34564932,202414.883331314,1.0,0.0,
15302.0,1267821.32420704,197693.695934474,3.0,419212.0,12.946132037533452
15303.0,1294411.48129027,183369.301359817,3.0,46811.89682539682,10.753892655271823
15304.0,1294405.92551425,183217.912559658,3.0,110410.7071789042,11.611962393438521
15305.0,1269976.26212923,202607.716931507,3.0,819846.1153621394,13.616871937436795
15306.0,1270475.28964975,202357.04454726,6.0,52635769.336867526,17.77890647201116
15307.0,1280312.86777182,219542.17979686,3.0,4508.274836231077,8.41366983963472
15310.0,1276145.91679156,188950.348277524,3.0,13127.930100848596,9.482497308323135
15317.0,1272410.96721973,177045.959657341,1.0,0.0,
15318.0,1280492.17055601,208713.848137766,3.0,116604.37272233526,11.666542054102171
15319.0,1280556.81836407,208711.444553763,3.0,128443.71910932603,11.763246103789575
15320.0,1278722.6586822,216650.244625896,3.0,93182.0,11.442309848973883
15321.0,1278940.50303441,216645.692497894,3.0,345534.47791766614,12.752847708579099
15322.0,1266938.99492612,172006.586212173,3.0,38460.787142440655,10.557394485455452
15325.0,1281901.78911746,198402.576767206,1.0,0.0,
15332.0,1269172.79390442,168655.739616752,3.0,964337.9844076424,13.779197118376674
15333.0,1286055.6085777,178547.99933888,2.0,81.5238095238095,4.400895118978264
15341.0,1290534.12947829,181389.83422178,3.0,492472.0718002992,13.10719303098191
15344.0,1270902.70481819,202514.900227413,4.0,51147927.91716782,17.750232539613066
15346.0,1286642.9476503,200190.169985041,1.0,0.0,
15349.0,1272217.40657954,189028.485941604,3.0,604052.1646576799,13.311415838514966
15350.0,1271056.75768234,175890.064040154,3.0,131633.1927346241,11.787774490497355
15352.0,1284544.26451215,174273.623014495,1.0,0.0,
15353.0,1283338.46508692,170393.10813053,1.0,0.0,
15358.0,1265559.05444472,189941.496246547,1.0,0.0,
15359.0,1262989.69277808,172992.945125192,1.0,0.0,
15360.0,1282067.65036562,223252.87810465705,3.0,131325.03926965743,11.785430744848636
15361.0,1265831.466925,187790.195380345,1.0,0.0,
15366.0,1270937.08369823,190020.736246631,3.0,186350.0,12.135381904907405
15369.0,1265180.84420432,176583.04919286104,3.0,936573.3944661886,13.749983168821794
15370.0,1269616.03812887,187982.973876536,3.0,18165.48795129573,9.807278806463293
15371.0,1270426.5528817,181787.6955982,3.0,9670221.141192816,16.08456173595732
15373.0,1260900.66576795,199138.391231954,4.0,154381.15345338287,11.947179845996745
15374.0,1264798.08119594,169046.664353147,1.0,0.0,
15381.0,1287147.84985882,204045.304964989,1.0,0.0,
15382.0,1270744.51845002,192278.758968934,2.0,102532.9535139246,11.537939523588115
15384.0,1283035.03295861,182949.203759387,3.0,856506.4396656532,13.660617115300246
15385.0,1280627.33561215,205959.757190943,3.0,589978.7401667694,13.287841781617031
15386.0,1277113.83020055,202810.753923714,3.0,5123903.710595866,15.449427149979076
15388.0,1290219.99200597,190453.13957506404,3.0,383948.80846257,12.858264511387732
15390.0,1254040.36291292,207963.199368998,1.0,0.0,
15393.0,1266695.08394988,175920.10660018,4.0,595452.9522561335,13.297077659209098
15394.0,1285669.11916931,176220.929512501,3.0,357315.2496526127,12.786373723348731
15397.0,1295802.73082769,185390.132977888,3.0,105470.0204283604,11.566182024959467
15398.0,1296271.84404416,185377.561457872,4.0,251790.70831759364,12.436353498869401
15399.0,1268773.257008,180824.801517203,3.0,267931.5832869548,12.498486940659207
15400.0,1261362.83876042,188398.024564967,1.0,0.0,
15402.0,1279918.59167542,218817.596948117,1.0,0.0,
15409.0,1269796.21425706,204415.498117357,3.0,362614.0264870636,12.801094259640937
15410.0,1258863.76797386,168940.877473041,3.0,131618.702476034,11.787664403855107
15411.0,1266258.18590143,186460.787634984,3.0,249288.6755559544,12.426366843513817
15417.0,1292336.10586414,180717.616045102,1.0,0.0,
15418.0,1292329.75975212,180337.800556704,3.0,50052.87303259699,10.820835186344555
15420.0,1285454.52416109,193508.582906201,3.0,49092.59458769511,10.80146347934647
15421.0,1285684.49152133,193497.26501818,1.0,0.0,
15422.0,1274368.49643774,216445.605265677,2.0,22885.1001354872,10.038241328672978
15423.0,1285869.48198551,196466.217789218,4.0,95084.07579283304,11.462516787539307
15424.0,1291976.90842377,185121.843121603,2.0,135468.21187280118,11.816492293054592
15430.0,1279044.13081053,214101.85735929,3.0,163508.180480185,12.004618301585761
15433.0,1276627.37381604,181722.94475013,4.0,622185.8923499798,13.340994189369878
15435.0,1250496.1823013,212771.00174191603,3.0,2120465.0728120985,14.567145996557215
15438.0,1271327.84145862,178659.407210991,1.0,0.0,
15443.0,1278915.07493839,200253.039553106,4.0,135582.63594704628,11.817336592801025
15451.0,1258778.78384577,187695.969524249,1.0,0.0,
15455.0,1272448.11941177,178250.764010578,1.0,0.0,
15456.0,1263372.86295448,176300.908008575,1.0,0.0,
15457.0,1263599.65380271,175837.502120107,4.0,294129.7609793614,12.591776312823812
15458.0,1266147.50762932,187791.784308344,1.0,0.0,
15459.0,1279702.40965919,211679.204748809,1.0,0.0,
15460.0,1280217.74066773,211718.96346885,4.0,2442507.795744019,14.708535854600846
15461.0,1255619.48509054,190699.38840732,3.0,111788.73415981722,11.624366066824443
15462.0,1271360.05989066,186618.778483137,3.0,6381888.771375516,15.668974657178243
15463.0,1271336.72069064,185772.287026271,4.0,2922482.077545442,14.887943839733147
15466.0,1278744.76594622,213216.016910374,3.0,156812.18632406605,11.96280410278197
15467.0,1278731.1852102,212833.437965989,3.0,93182.0,11.442309848973883
15468.0,1271091.61617838,194956.161723673,3.0,575555.4852506277,13.26309091474802
15469.0,1259032.46608603,168279.827936366,1.0,0.0,
15472.0,1266487.75562967,193045.794489726,3.0,182979.4244035088,12.117128990548771
15478.0,1279786.85177128,178679.974763006,1.0,0.0,
15484.0,1264028.11229914,176050.68247231803,3.0,177934.86028148973,12.089172808822132
15485.0,1264005.10743512,175266.777575523,3.0,150083.9337154056,11.918949974686837
15491.0,1255533.39139445,199034.867455855,3.0,25421.31048656739,10.143343096780761
15492.0,1280809.19090833,203945.390788883,3.0,69883.48118728891,11.154584579654136
15493.0,1280803.16831632,203737.581508666,1.0,0.0,
15501.0,1270538.04017781,185790.414962292,4.0,5149472.753539618,15.454404889445467
15505.0,1281853.95295741,181641.583662048,3.0,56562.41624932226,10.94310001976622
15506.0,1271427.88062672,205227.991238192,1.0,0.0,
15508.0,1284729.02988835,188289.860404849,2.0,225887.7626625294,12.327793529508153
15511.0,1283480.60716707,170094.428962216,1.0,0.0,
15517.0,1283269.17945485,172598.881956786,1.0,0.0,
15518.0,1269287.88952054,173927.642726138,4.0,1077093.516125857,13.889776782569426
15521.0,1283267.99404685,196573.294973329,1.0,0.0,
15522.0,1283510.4929271,196569.359933332,3.0,55271.72723942526,10.920016795278492
15524.0,1258386.17411737,200099.694720939,1.0,0.0,
15528.0,1266712.46154989,176768.229609057,3.0,203933.68526909663,12.225550147768619
15530.0,1257799.87536477,195254.31103599104,3.0,827461.2039748273,13.626117501720188
15535.0,1279793.59487529,203323.965508252,4.0,77591.6935424412,11.259215658463058
15536.0,1280053.16063556,203308.940292224,4.0,140162.72208511527,11.850559327251
15541.0,1279824.32837932,180058.150508419,4.0,1157360.2156213727,13.961652293607951
15547.0,1290458.14343022,183384.058543831,3.0,40980.73904479074,10.620857455910185
15550.0,1287480.90464316,191790.157560438,3.0,33559.82485481395,10.42108494170024
15553.0,1257008.33366796,213840.906447023,4.0,64381.41965627325,11.072580355809944
15554.0,1266211.16074939,188692.85566926,1.0,0.0,
15555.0,1261391.91447245,188832.028277412,1.0,0.0,
15566.0,1282684.60025425,181905.539886311,4.0,1793917.3715120968,14.399912262297187
15570.0,1268272.5608155,175906.521320164,3.0,565147.9221715367,13.244842785015704
15571.0,1268259.28657548,175356.631719604,1.0,0.0,
15572.0,1290897.84000666,180423.488684803,3.0,771851.9094055549,13.556547983410846
15573.0,1275818.13298322,202883.63667579004,3.0,279502.0,12.540764727186753
15574.0,1275772.19967118,202664.387459576,1.0,0.0,
15576.0,1282083.81766164,174045.063462272,1.0,0.0,
15578.0,1265927.4372291,186460.052082986,4.0,68825.6454713021,11.139331708409287
15581.0,1284622.40147224,191880.31256853,4.0,883965.619364937,13.69217344874235
15582.0,1277113.41714455,214440.81633563305,3.0,149402.6708075086,11.91440042841202
15585.0,1287814.45677151,175213.75863146796,3.0,212145.88966504252,12.265029475778828
15588.0,1274280.99698165,192484.822841153,1.0,0.0,
15592.0,1268397.18391962,179478.590315834,1.0,0.0,
15600.0,1272934.66040426,205580.50599056497,3.0,225843.4458022275,12.327597320525406
15601.0,1272951.60261229,205400.106374368,4.0,365652.98879854265,12.80944004459853
15606.0,1260417.90557545,200481.594881341,3.0,16211.273925024248,9.69346220047733
15609.0,1281314.64134085,171328.645667478,2.0,4319.944879516937,8.370997921785674
15617.0,1268056.63639927,178028.111914337,4.0,554490.5665065754,13.225805073015716
15618.0,1282136.35359769,212660.568589807,4.0,174185.340573922,12.06787518701174
15623.0,1270477.82673775,175888.85732016,3.0,773694.3348525278,13.558932158360717
15624.0,1270444.32875372,175248.438311502,1.0,0.0,
15626.0,1263027.30852212,194469.29919518495,3.0,109340.57612849463,11.602222841581758
15627.0,1278396.38962586,179867.947116226,1.0,0.0,
15632.0,1280090.69529159,168964.075937063,1.0,0.0,
15638.0,1274832.09823021,208408.967497453,3.0,164545.74195517646,12.01094387713103
15639.0,1274995.06245437,208405.809673443,4.0,1721722.4865104496,14.358835793323085
15640.0,1268947.84913619,188463.625525028,3.0,49055.87340530737,10.80071520105233
15642.0,1293662.8443615,180618.295725003,3.0,400318.5364182357,12.900015850224413
15649.0,1279210.16620269,206695.876423702,1.0,0.0,
15650.0,1280873.8758364,174395.976806626,4.0,521551.5286339949,13.164563357044113
15652.0,1285436.36934507,178679.658155009,4.0,616776.0656267243,13.33226129637123
15655.0,1287296.70585898,183767.117808223,1.0,0.0,
15656.0,1287829.34816352,183765.197552219,3.0,54195.37700065116,10.900350888598958
15657.0,1258083.55491707,168162.043424234,3.0,210661.4534794505,12.258007638012845
15660.0,1261965.52356103,190542.192183152,1.0,0.0,
15667.0,1271399.29374669,181590.708781987,1.0,0.0,
15671.0,1286570.59705824,180008.072492376,3.0,186350.0,12.135381904907405
15673.0,1280208.58354771,216613.239121854,3.0,18694.005704060022,9.835958200870332
15674.0,1254530.88816142,206091.363527074,2.0,46591.99999999999,10.749184131556358
15677.0,1273551.8865169,203279.139524207,3.0,401426.2607181046,12.902779136019804
15679.0,1268417.74129565,171556.573027715,1.0,0.0,
15682.0,1265291.40369244,177518.756969824,3.0,371584.84081637376,12.825532490731188
15683.0,1281352.80530889,175710.113255978,4.0,321151.40006420424,12.679667942210001
15684.0,1262577.83204167,200424.102529272,3.0,118249.1096394415,11.680548776849651
15685.0,1262559.33437765,199761.454912603,3.0,2864387.1520175724,14.867864976703931
15688.0,1284986.97260861,182714.332207143,3.0,1568428.0418839157,14.265584428533975
15689.0,1271005.1672183,190450.925623059,1.0,0.0,
15695.0,1269577.34104083,195571.722492307,4.0,6842495.512609052,15.738663064085145
15699.0,1281276.99442881,221023.25295037,4.0,4250233.970797501,15.26248459133765
15702.0,1258415.33744541,217870.070931137,1.0,0.0,
15706.0,1274718.29957409,193577.415162265,2.0,46592.0,10.749184131556358
15715.0,1272088.37931541,183104.73854354,4.0,196451.9285517858,12.188173041949291
15716.0,1272052.40395537,181764.940078169,4.0,1106201.936872795,13.916443027465784
15721.0,1267495.5613907,197022.563069791,2.0,46592.0,10.749184131556358
15723.0,1284035.17791964,182908.888559341,3.0,38200.72061433787,10.55060965866642
15727.0,1274005.50046937,178968.858731315,1.0,0.0,
15734.0,1254572.17846547,201845.524610728,1.0,0.0,
15735.0,1254676.76713757,201615.032578498,3.0,64971.98034970499,11.081711384396726
15745.0,1271680.52446699,179825.61815618,1.0,0.0,
15746.0,1267357.75620656,175913.55805617603,3.0,399331.498350762,12.897547173863911
15751.0,1254953.13897786,200398.344705254,3.0,248706.87894438225,12.424030289016464
15754.0,1274326.03883769,214600.16180779,3.0,25495.316905997344,10.146250063535453
15755.0,1278963.29273044,201712.331586599,4.0,168262.38372006328,12.033279847889414
15756.0,1279103.81996259,201703.229890585,1.0,0.0,
15758.0,1296262.15246016,184841.12094532,4.0,150866.27523063472,11.924149128927475
15761.0,1274695.25170207,190013.111926615,1.0,0.0,
15762.0,1282357.29644592,205999.025478989,3.0,539178.021877402,13.19780107713637
15763.0,1281576.08146912,221013.80155836,5.0,289286.2070944958,12.575171813002541
15764.0,1256416.76893136,193481.479290172,2.0,183454.41118161267,12.119721475183148
15765.0,1282465.10854203,186210.480050728,1.0,0.0,
15768.0,1271314.91691461,171896.18326807,1.0,0.0,
15771.0,1291485.12787926,181357.52292574904,3.0,30873.92772079226,10.33766734363625
15784.0,1258901.1143419,217084.526610345,3.0,694358.1800183775,13.450743215886789
15788.0,1286244.93363389,199643.058176473,3.0,240970.55783551375,12.392430038352218
15789.0,1286692.61024235,199635.54508847,1.0,0.0,
15790.0,1276304.44696772,205788.364486769,1.0,0.0,
15792.0,1265887.02788505,191096.80229573,4.0,174385.74209935794,12.069025033097532
15794.0,1277395.52581684,178740.53437908,1.0,0.0,
15795.0,1283286.10758287,182939.104751378,3.0,815733.4004732221,13.611842865456891
15797.0,1263269.03242637,211061.007820174,4.0,7078940.128396042,15.772634755084741
15799.0,1291580.77171937,189128.577909708,3.0,323800.1605830998,12.687881816158532
15800.0,1278867.75186634,174811.529447049,1.0,0.0,
15801.0,1270438.33438571,191288.50962393,3.0,2498420.447125208,14.731169269005417
15802.0,1280542.49036406,208205.915721253,3.0,134973.13671036117,11.812831050289303
15803.0,1282142.70662169,197030.995197803,3.0,266865.910039716,12.494501601643835
15804.0,1278615.99122609,174087.396390304,1.0,0.0,
15807.0,1280534.41650805,207958.39981699,3.0,96792.85203534398,11.480328427928086
15808.0,1262898.20279399,211622.375756741,1.0,0.0,
15811.0,1263041.44170614,199084.913983911,3.0,2658973.2309744507,14.793450602846331
15813.0,1266924.37220611,171367.176739529,3.0,32746.29968538147,10.39654524797401
15818.0,1287024.10694669,172674.576356858,5.0,5761689.528190968,15.566741310528407
15822.0,1264910.45694005,211020.621708125,3.0,181289.12114296743,12.107848390215436
15824.0,1274895.30213428,211067.902476177,1.0,0.0,
15825.0,1275055.03250244,211065.95066817096,3.0,312596.2451486784,12.652667685216882
15828.0,1284873.47545649,179881.143660247,3.0,870915.3200858352,13.677300029622486
15829.0,1260571.95287161,168559.747296646,3.0,59282.07058251022,10.990062188214731
15832.0,1279772.75404327,176829.906985119,3.0,168289.61894014524,12.033441696399755
15833.0,1280000.3919955,176820.945705101,1.0,0.0,
15835.0,1280217.34828372,217276.342802539,3.0,355129.7438450233,12.78023847730739
15838.0,1280197.68133971,220254.06421358895,3.0,292889.4220091601,12.587550417480028
15839.0,1264373.8504115,202552.371267453,1.0,0.0,
15849.0,1294748.4921066,183615.878960073,1.0,0.0,
15850.0,1282756.21721433,190867.25227949,1.0,0.0,
15851.0,1281597.71231714,199953.472896799,2.0,18871.93274216369,9.845431057185637
15852.0,1281931.57682948,199948.241280794,3.0,263641.8264236539,12.482346742860965
15856.0,1278094.46111356,216030.625489265,3.0,92615.15435765791,11.436208061214808
15858.0,1271771.97637108,199539.539712369,1.0,0.0,
15860.0,1271766.63749108,214314.546255499,2.0,18456428.009619243,16.730923269378444
15862.0,1258456.66474144,216085.574161321,2.0,9951.197998382211,9.205448224752375
15863.0,1282375.60415794,197921.590846717,3.0,105280.23203809492,11.564380950565976
15865.0,1275489.31903088,203784.069892719,1.0,0.0,
15866.0,1280043.49791555,202641.263171554,4.0,1804397.1135231825,14.405737084827214
15867.0,1281538.42143708,219857.582421184,3.0,268160.8940317692,12.499342430219318
15868.0,1281652.2371172,219851.68046917,1.0,0.0,
15872.0,1264423.49898756,204397.54278934,3.0,52598.05225191386,10.8704343686089
15873.0,1250483.99401328,214969.641040176,3.0,3871873.751184002,15.169249121264388
15874.0,1271708.30987501,207984.238985017,1.0,0.0,
15878.0,1259620.91011864,192567.177977234,3.0,1470754.347968374,14.201285989015634
15882.0,1264584.92151572,200370.716865227,4.0,733895.2603268741,13.5061216003121
15884.0,1281086.51481262,217561.986898825,3.0,3304417.924401112,15.010770896059936
15891.0,1272759.40190808,200325.392129183,4.0,1944604.4262264248,14.480569134518028
15892.0,1278947.62277843,207603.319816634,1.0,0.0,
15896.0,1280928.20479645,201165.759234041,3.0,6.666666666666666,1.8971199848858813
15897.0,1281109.84876464,201165.13293004,2.0,12400.310922983206,9.425476825712899
15898.0,1258210.83715719,208519.651977569,4.0,619028.2365072585,13.335906166954706
15899.0,1257874.68464485,208508.406601563,4.0,3564567.2298881505,15.086553210320897
15901.0,1287471.59853116,186652.503155172,2.0,41932.47128242879,10.643815776716325
15902.0,1270085.66187336,170646.286754787,3.0,372654.0,12.828405654184877
15903.0,1257222.71542817,208526.564361572,4.0,2573981.0715077454,14.760964313384576
15904.0,1285147.76064077,191406.368632048,3.0,73343.87539655025,11.202914281742075
15905.0,1285406.85856104,191405.91423204503,3.0,1992228.4072805864,14.504764372842914
15908.0,1258269.11491725,208627.591369674,3.0,109079.5674450057,11.599832871467665
15909.0,1280332.87365985,204383.370565325,4.0,967398.349001615,13.782365632734889
15910.0,1268895.00510412,187144.70296368,3.0,262566.3679871077,12.478259159484667
15911.0,1268270.94667149,187142.190771684,3.0,147740.97734826207,11.903215866386839
15912.0,1281845.4798694,196446.562941208,1.0,0.0,
15913.0,1287653.10048334,202636.621123537,4.0,518394.1643504032,13.158491166916724
15917.0,1282610.53407818,197921.834238708,3.0,40271.73581741014,10.603405157396542
15919.0,1275767.69343117,191172.865783811,2.0,271352.87899432995,12.511175389327766
15932.0,1269310.95115256,212047.800781175,4.0,909340.7104209756,13.720475121877511
15934.0,1269253.1047525,209201.433098271,3.0,316009.3168489417,12.663526975833596
15935.0,1288288.62246799,203397.808900326,4.0,431664.4347172515,12.975403793895113
15936.0,1278081.54975353,218180.984339461,1.0,0.0,
15939.0,1284946.41952057,209161.628362224,1.0,0.0,
15940.0,1274537.6995099,203048.075011969,4.0,873994.9847449673,13.68082991634314
15942.0,1273896.87307726,216957.778450206,4.0,1733354.6763124694,14.365569208064933
15944.0,1273934.97733329,217769.531091034,1.0,0.0,
15945.0,1271204.1100665,178371.926506698,1.0,0.0,
15946.0,1271197.15243448,177852.736298159,3.0,186350.0,12.135381904907405
15948.0,1270787.33662607,177855.487594172,1.0,0.0,
15949.0,1261505.61533657,199788.082176626,3.0,206243.43518211783,12.236812474270327
15950.0,1269005.6616802495,200536.450753391,5.0,24038079.87439002,16.995149792327773
15953.0,1275144.39154252,215295.541008502,4.0,180446.09091529952,12.103187346856513
15956.0,1269314.39928056,212173.396301314,4.0,247083.007979097,12.417479623845724
15957.0,1294653.76263452,185858.939122364,3.0,147691.9585971516,11.902884022874515
15961.0,1272456.76734778,216581.628625825,1.0,0.0,
15962.0,1286418.39033808,196555.845885321,3.0,409260.2285038236,12.922106488210789
15963.0,1286416.98579407,196456.353277221,3.0,429093.6367836816,12.969430441654286
15964.0,1273541.24549289,197049.143741816,2.0,20602.088143028934,9.933147715806923
15966.0,1273532.45515688,196790.728893563,2.0,70449.43440307432,11.162650488949309
15971.0,1289211.10323693,191151.363575786,3.0,142009.92401458183,11.863652221568017
15972.0,1286903.27846657,196544.969917312,1.0,0.0,
15982.0,1281931.48786949,200597.14156945,4.0,89483.31330106927,11.401807443316713
15983.0,1281929.63289347,200474.209089324,1.0,0.0,
15984.0,1264540.22641167,203097.507332012,3.0,63602.129299698,11.060402228322786
15986.0,1282617.33164619,168354.092576444,3.0,186350.0,12.135381904907405
15987.0,1282673.85747024,168234.643616319,3.0,93182.0,11.442309848973883
15988.0,1280721.89055625,169838.539041951,3.0,110466.52962986167,11.612467854779423
15992.0,1264673.85905181,203097.464324012,3.0,282262.9322428504,12.55059429936033
15995.0,1278215.10098568,177115.101609409,3.0,90863.747980151,11.417116388519325
15998.0,1263880.429483,172362.374884546,2.0,1450.866240244104,7.279916064102958
15999.0,1278920.4256584,208660.985993713,3.0,9978.572183276829,9.2081952912624
16000.0,1279143.90194663,208785.157385841,3.0,1874.674251976632,7.536190191032181
16001.0,1281177.9211487,185606.592498109,4.0,1042844.979017119,13.857463093039094
16002.0,1279262.00402674,208849.57684190603,3.0,47651.59366743274,10.771671353799725
16003.0,1279366.32569085,208584.627593637,4.0,1584989.7770828516,14.27608851548272
16004.0,1279516.482555,208233.211913273,2.0,316.7189543526201,5.758014801304108
16005.0,1279058.23481055,208414.077705458,3.0,1438091.5428151053,14.178827475052719
16006.0,1278746.64946622,209217.687306285,3.0,62377.86045897153,11.040965691063994
16007.0,1279025.9119945,209481.79930655696,3.0,105015.19402466805,11.56186032366774
16008.0,1279224.3043147,208980.775754035,3.0,2859.0288420191937,7.958237280420847
16009.0,1278978.25234646,209121.058570176,3.0,650.0496761405266,6.477048784801034
16010.0,1279122.25861861,209219.420938283,3.0,16172.056622845124,9.691040132043495
16011.0,1279815.94489132,179747.16100411105,3.0,67066.87276937287,11.113445501636871
16013.0,1269067.2868963,198513.411199316,2.0,3327.3798876872465,8.109940452754422
16014.0,1268990.17848022,198835.274687648,2.0,66521.69377638296,11.1052833956463
16015.0,1290219.15763797,184705.774385184,3.0,96784.7382406486,11.480244598031366
16016.0,1290498.94189425,184708.214385182,3.0,1928331.154263262,14.472165499913471
16017.0,1278884.17605837,209929.779723018,2.0,74519.0114576091,11.218809559163354
16024.0,1256836.27299578,201544.424130425,1.0,0.0,
16041.0,1263070.14109817,199975.329856813,4.0,5603845.178982121,15.538963559180553
16042.0,1262709.4705698,199785.109760627,3.0,2874542.653062392,14.87140414236378
16043.0,1279478.35564297,205745.541062728,1.0,0.0,
16044.0,1269926.31473719,210942.723596051,4.0,1016232.4447322882,13.831612665138776
16045.0,1269032.63736027,205779.068870768,4.0,689262.83993558,13.44337795756357
16046.0,1268993.96292824,205778.408134758,4.0,16049713.506182993,16.591201557298927
16047.0,1268736.69803198,204437.366853386,1.0,0.0,
16048.0,1282474.05996604,211205.494028315,1.0,0.0,
16055.0,1285162.09888078,192254.353144914,3.0,39262.68120359187,10.57802975901847
16057.0,1284174.22815979,209534.990154609,1.0,0.0,
16061.0,1269555.57860881,205764.568582743,4.0,566338.0918554099,13.24694651428511
16069.0,1281585.17625313,181104.5411015,3.0,54519.23954016115,10.906308937440285
16070.0,1254058.84348895,206166.889927164,1.0,0.0,
16071.0,1253726.44656061,206306.540295303,3.0,312625.2565254735,12.652760488732877
16074.0,1265301.32164446,196417.227069169,4.0,9977767.768853111,16.11586995281408
16075.0,1252944.2351678,210017.960971102,4.0,274784.8016756076,12.523743530943527
16076.0,1252913.20931177,209660.261898741,1.0,0.0,
16080.0,1264396.23492353,203308.727364227,1.0,0.0,
16082.0,1266715.74532589,198761.189887568,3.0,53409.748801999776,10.885748570121104
16083.0,1266505.16049369,198493.219583303,4.0,24375588.92773763,17.009092735694264
16084.0,1259630.89207065,212796.693325952,3.0,94116.39390966292,11.45228752835532
16085.0,1259763.13002278,213085.892494246,1.0,0.0,
16086.0,1261439.94026449,191157.562999785,1.0,0.0,
16091.0,1281157.72665268,203934.053188875,2.0,63702.484029589774,11.061978836554882
16092.0,1281346.45983689,203928.610308871,3.0,237536.1851657685,12.378075249444151
16093.0,1284232.08697584,200562.257473424,3.0,653526.1901905407,13.390137888046024
16094.0,1284473.26624009,201861.023554742,2.0,3409.001269544064,8.134174644547358
16095.0,1266162.66052534,192385.621241048,3.0,330612.6630097382,12.708702766750271
16096.0,1266163.83601333,192325.426488981,2.0,117341.7381115718,11.672845794979416
16097.0,1264967.2107961,196417.06431718203,3.0,86062.15114659072,11.362825001973654
16098.0,1264930.07665206,196417.285437182,2.0,1850.93880931156,7.523448253848544
16099.0,1273294.45202063,197055.906877831,3.0,160142.41286830793,11.983818778756202
16100.0,1275518.60274291,218152.432915434,1.0,0.0,
16101.0,1287306.86886698,199136.197631955,1.0,0.0,
16102.0,1291667.63539945,189109.44837369,1.0,0.0,
16103.0,1278111.51096956,212523.089165673,1.0,0.0,
16105.0,1257846.36739682,195780.778172523,3.0,759238.4094077237,13.540071116947182
16106.0,1257809.82352479,195662.6426204,2.0,714599.307625686,13.479477255673253
16107.0,1260293.62730332,188503.920373067,2.0,46591.99999999999,10.749184131556358
16108.0,1278503.57087398,192668.059641331,3.0,263438.7201827699,12.48157605894085
16109.0,1278784.63788226,192020.513080671,4.0,401805.16065740125,12.903722575126684
16110.0,1263565.95767468,185148.794225633,3.0,93881.38156583316,11.4497873661523
16111.0,1263495.4362026,185150.474993631,3.0,38897.45427520896,10.56868408466838
16112.0,1278152.99576961,193512.775162205,3.0,172195.8429518667,12.056387729870591
16114.0,1275893.9455273,197456.784702241,2.0,314460.6555412293,12.65861424567906
16115.0,1276435.25087185,196965.981181741,3.0,284271.4821629358,12.55768498364874
16116.0,1282032.06546958,197270.718782052,4.0,649576.4212399373,13.384075769818526
16117.0,1266165.82615733,192223.516920879,3.0,109168.9965454638,11.600652387562784
16118.0,1277279.97458471,195617.46911636004,3.0,215565.2565444804,12.28101895727841
16119.0,1260705.06871174,188174.54667674,2.0,46591.99999999999,10.749184131556358
16120.0,1260680.89194372,187988.188788548,1.0,0.0,
16121.0,1277658.95999311,194703.158267424,4.0,160393.50682918951,11.98538549248039
16122.0,1277862.59576932,194212.494586915,3.0,109537.00366405536,11.604017704157267
16124.0,1283904.9048955,198743.809983552,2.0,98625.25966743974,11.499082691021158
16125.0,1289498.53741322,190386.546870992,3.0,482051.3161849947,13.085805852479826
16126.0,1289472.02464521,190363.925814971,4.0,556438.4398893575,13.229311823433967
16130.0,1269073.12222432,185000.360433489,2.0,46592.0,10.749184131556358
16131.0,1269076.48734432,184813.378225297,3.0,366609.2698509812,12.812051900077279
16133.0,1263812.63108292,185142.642993629,3.0,443743.0029168836,13.003000851572816
16134.0,1263241.40157834,185156.49956964,2.0,70.83333333333333,4.260329699696362
16137.0,1256339.50525127,195313.425468042,1.0,0.0,
16138.0,1266100.25054127,199019.388159841,1.0,0.0,
16139.0,1264411.95306754,203588.31373252,1.0,0.0,
16140.0,1279350.57311484,202332.627267227,1.0,0.0,
16141.0,1271475.01112278,199022.278271839,1.0,0.0,
16142.0,1291352.44314313,189135.074933723,1.0,0.0,
16143.0,1274703.68607008,217922.816275194,1.0,0.0,
16144.0,1275160.14450255,195225.417083949,4.0,64481.94793098571,11.074140586571994
16145.0,1275158.77471055,195162.900475889,1.0,0.0,
16146.0,1256222.02454716,196230.798588976,1.0,0.0,
16147.0,1281865.01753341,181121.223533511,4.0,113667.72062840818,11.641034739945244
16148.0,1281220.24159676,214357.725967541,3.0,178656.08461183257,12.09321792171194
16149.0,1256079.40605101,196225.191676974,1.0,0.0,
16150.0,1266941.12286213,198751.430399567,3.0,46627.99999999999,10.749956498039722
16151.0,1259714.27677473,212795.772685945,2.0,13857.706679386842,9.536596795805638
16152.0,1260524.02186356,211674.213580802,1.0,0.0,
16153.0,1256486.29699543,195988.854204729,1.0,0.0,
16154.0,1266476.97681366,192376.622905031,3.0,362870.7921358817,12.801802105354446
16155.0,1255717.42384264,202012.326402903,4.0,319273.0854740605,12.67380208286715
16156.0,1252919.38678378,213990.682383165,1.0,0.0,
16157.0,1287995.92621168,204291.28314124,3.0,286410.26333265414,12.565180549085254
16158.0,1288286.98566799,204269.029573217,3.0,461566.417187235,13.042381238468812
16159.0,1260544.00247158,211437.086412549,1.0,0.0,
16160.0,1266979.66967817,198761.870335579,1.0,0.0,
16166.0,1260432.23824747,209771.608778849,4.0,521233.9846510765,13.163954326733109
16174.0,1273087.73886843,197546.513854325,2.0,273795.7322349002,12.520137604552477
16175.0,1289433.35085316,184697.690417171,4.0,286109.42834481806,12.5641296332132
16176.0,1289451.44461319,185035.003057525,1.0,0.0,
16177.0,1289323.22605304,184511.116976976,1.0,0.0,
16178.0,1284394.93504,176057.960360333,1.0,0.0,
16179.0,1284475.22067209,175836.513256103,3.0,93182.0,11.442309848973883
16189.0,1285066.3848327,192653.948153317,5.0,290018.67235204164,12.577700587310709
16193.0,1283010.08121459,180183.714540556,3.0,973484.205630058,13.788636879348505
16195.0,1280123.60895564,188444.581877008,4.0,6891980.352005588,15.745869025785149
16196.0,1267468.09982267,192167.72178483,2.0,7026.822395272567,8.857489876256675
16197.0,1267331.72279853,192067.23608872303,2.0,53596.32239527259,10.889235732676484
16198.0,1267293.12119849,192041.239736691,3.0,120827.55404354268,11.702119634859768
16199.0,1267362.83294256,191974.815672621,3.0,149941.0222298642,11.917997310626612
16200.0,1267578.27806279,191369.758136004,3.0,265494.0477392251,12.489347700351521
16201.0,1267156.57553436,192006.052792653,3.0,116373.567218197,11.66456070273728
16202.0,1285541.56332918,184691.983729169,3.0,743515.2383739327,13.519144540131542
16203.0,1283812.8414074,186033.877042547,4.0,18824108.49512391,16.750648973032092
16204.0,1285105.68492873,184755.59646523,3.0,20724714.351385176,16.846837476086556
16205.0,1274843.23403822,218201.455443487,3.0,199266.9695039048,12.20240075992135
16206.0,1260921.31959197,202385.222339287,4.0,92475.78588925573,11.43470211506147
16207.0,1261007.07568805,201957.138882846,3.0,183383.28343624485,12.119333686538182
16208.0,1284615.94246423,179766.463724121,3.0,10009291.4925642,16.119024368822767
16209.0,1284979.5936646,177333.777001634,3.0,37866149.40074639,17.44956811529836
16210.0,1279698.34309919,194500.420155212,3.0,98214.96358983032,11.494913861449277
16211.0,1280183.4408917,192784.373433456,2.0,126005.98039574406,11.744084648265547
16212.0,1272951.92741229,179782.992940143,1.0,0.0,
16219.0,1268117.39313534,181168.906477556,4.0,587453.8195034903,13.283552916810466
16220.0,1268110.94827133,180838.268013224,3.0,232852.61230691167,12.358160967187668
16224.0,1280284.2290518,200648.623425514,3.0,7858.67151185598,8.969372852290117
16225.0,1260754.5636878,168876.403168976,2.0,892.638138820641,6.794181279067083
16228.0,1260138.64695117,203210.142276123,4.0,658879.921349138,13.398296583451014
16229.0,1268092.01623932,179847.148332208,4.0,143573.8277360147,11.874604660879486
16230.0,1268104.70155132,180507.629612878,4.0,194734.48638386632,12.17939230142713
16231.0,1268013.99735923,175906.787432179,4.0,1766366.5517089528,14.384435199032453
16232.0,1268235.19735946,185804.738418311,4.0,6084205.913193675,15.62120677682371
16233.0,1268228.14782345,185535.162866026,3.0,392471.64190883504,12.880219563680653
16234.0,1271904.60043521,175883.986920148,4.0,468145.087358256,13.056533542577608
16235.0,1273037.01157238,175863.525032133,2.0,464362.5345505196,13.04842085059566
16236.0,1272134.86673945,173879.299366102,3.0,1353178.5102008772,14.117966835036073
16237.0,1266599.51786979,171376.906083539,4.0,436258.65075930674,12.985990582122927
16239.0,1286140.57888179,170683.30019483,3.0,168734.13889736007,12.03607961259793
16240.0,1286879.00032255,170150.339298278,3.0,144318.8037617002,11.879780046471218
16241.0,1273828.53854918,193036.465401709,3.0,45323.85610664438,10.72158879772365
16242.0,1273843.50206921,193053.808889732,2.0,36362.01422222518,10.501279943407935
16243.0,1274232.52530159,202670.245379582,1.0,0.0,
16244.0,1262673.90762576,174004.192166224,4.0,3179226.831928408,14.97214859058064
16245.0,1262679.15760976,173343.062245548,4.0,2270135.4846812543,14.635350072558124
16246.0,1260483.34378351,203278.961668208,4.0,266555.70136020007,12.493338511480795
16247.0,1295004.67207487,185844.037554353,3.0,87037.74566024965,11.37409716171127
16248.0,1258084.03523706,168031.636832103,2.0,253061.95480566044,12.441389618386069
16249.0,1262674.18288976,174977.769575223,4.0,4356200.752318658,15.28711084836392
16250.0,1265780.92964494,217852.54837112097,3.0,139768.0,11.84773918415428
16251.0,1265615.15172477,217813.530387089,2.0,186344.0,12.13534970691119
16252.0,1265780.66916494,217887.65915516,1.0,0.0,
16253.0,1263131.21412224,175665.269543931,3.0,275532.1987394686,12.526459774573365
16256.0,1263296.0395944,171665.216483831,3.0,103429.20963881387,11.54664269283452
16257.0,1263300.0209064,171370.57801953,3.0,200891.54517147772,12.210520465156252
16258.0,1265597.99953276,216818.466770068,4.0,93322.2,11.443813300653884
16259.0,1265563.93892471,215198.026768401,2.0,33147.86303402184,10.408733530007392
16266.0,1263008.92893811,171713.504163876,4.0,187211.9113171564,12.139996469832365
16267.0,1262643.67933773,171732.053667903,4.0,1115055.7993010937,13.924415005840414
16269.0,1264298.86993143,171335.221731484,3.0,659805.6371390038,13.399700581448826
16270.0,1263948.65341906,171328.866467491,4.0,563378.07521003,13.241706218527028
16275.0,1267413.91588661,212149.160781279,2.0,1410054.6270457203,14.159139004189493
16276.0,1267480.98334268,212149.914381281,5.0,1800259.1986776232,14.403441211764841
16277.0,1291480.92250326,169852.916961968,3.0,95821.18114550138,11.470239037072696
16278.0,1266584.40145376,211851.581644982,5.0,671241.2653793449,13.416883912250299
16279.0,1267776.39742298,211833.324812964,3.0,619667.6492477161,13.336938563694865
16280.0,1283294.09279887,188206.911412761,3.0,1616796.2032166685,14.295957096736696
16281.0,1279659.57836315,171089.407587245,4.0,11646290.355063166,16.270498262810055
16282.0,1279206.6403147,185797.723698303,4.0,4234793.653935108,15.258845160898975
16283.0,1279132.80978662,185597.922866091,4.0,6133952.049736714,15.629349806497759
16284.0,1288916.39354064,174599.534438834,4.0,186354.0,12.135403369662278
16285.0,1288601.7160363,174911.819623157,2.0,46592.0,10.749184131556358
16286.0,1280268.27564378,181418.57790181,1.0,0.0,
16288.0,1279261.54245874,185944.434354454,3.0,3233196.561093025,14.988981853217924
16289.0,1280632.50758015,173734.54173395,4.0,588833.8244125848,13.285899291099721
16290.0,1266048.18532522,217909.865171179,2.0,46592.0,10.749184131556358
16292.0,1281577.74482912,201264.660610139,3.0,66257.1889550189,11.101299250489998
16293.0,1255955.52246688,201704.081922591,4.0,143296.46797030792,11.872670965712835
16295.0,1289195.58163692,174588.956070825,3.0,263044.7874765016,12.480079591248883
16296.0,1288571.62816428,174973.759079218,1.0,0.0,
16297.0,1288877.83424459,174640.672166869,1.0,0.0,
16298.0,1288939.77670866,174550.680230781,1.0,0.0,
16299.0,1265508.48004466,165405.11420542,2.0,39861.99891073838,10.593178740796867
16300.0,1264855.822892,165471.441181481,2.0,8520.318531056484,9.050209005398747
16301.0,1264817.39517996,216559.589649796,3.0,83595.01452615851,11.33373916244
16302.0,1264326.14385146,216509.762321755,1.0,0.0,
16303.0,1256041.65251496,193233.183545917,1.0,0.0,
16304.0,1255971.4830429,193239.03128992,2.0,46591.99999999999,10.749184131556358
16305.0,1266074.49271725,217947.411667228,1.0,0.0,
16306.0,1287699.77523538,194551.726523265,2.0,46591.99999999999,10.749184131556358
16307.0,1287592.69869128,194567.453179285,1.0,0.0,
16308.0,1265601.67050876,216995.805970252,4.0,279502.0,12.540764727186753
16313.0,1282814.62687838,193322.22700201,3.0,46597.99999999999,10.749312900737777
16314.0,1282823.71084639,192407.34034507,2.0,44670.46712019255,10.707067871425865
16315.0,1283121.5127667,193751.480058447,3.0,2785206.816512453,14.839832689452551
16316.0,1283219.4036468,193734.212090433,2.0,375509.45200334047,12.83603892164939
16317.0,1280372.42309989,206902.66573591495,3.0,583885.4901352577,13.277460164048938
16318.0,1285228.41209686,201528.888386413,1.0,0.0,
16324.0,1282900.48428647,196673.520509437,4.0,344258.95785063057,12.749149437604945
16325.0,1283041.48172662,196775.754557535,1.0,0.0,
16326.0,1274882.05643827,194921.91801165,1.0,0.0,
16327.0,1283262.98099084,189220.4021658,3.0,635404.1770616989,13.36201657470482
16328.0,1282454.58265401,189091.060917675,1.0,0.0,
16329.0,1282909.91737448,197611.093758404,3.0,44118.414173664365,10.6946325292415
16330.0,1282076.48364563,201520.769026399,3.0,22663.109028431627,10.02849372854345
16331.0,1280418.22713193,206903.683783919,3.0,2695085.123699952,14.806940347614894
16332.0,1277546.18892099,217559.150610819,4.0,453079.1600362021,13.02382213541561
16333.0,1281143.23321268,204742.54797369204,3.0,25677.97620250363,10.153388946384638
16334.0,1266173.15460534,193055.625145733,3.0,93182.0,11.442309848973883
16335.0,1266153.27991733,193049.156345725,1.0,0.0,
16336.0,1252879.91900773,210025.611211106,2.0,154027.10624660322,11.944883880495349
16337.0,1282870.36198245,198662.435135469,4.0,66428.40914761566,11.103880092572076
16338.0,1279171.83692266,210001.097163081,4.0,1004520.6118831992,13.82002098257185
16339.0,1279375.28466687,209988.845899075,3.0,731604.1894163619,13.502994921858015
16340.0,1277342.35109678,217557.899986818,4.0,381536.4665469965,12.851961712417628
16341.0,1282573.40326214,197481.803006262,1.0,0.0,
16342.0,1282861.87417443,197481.37747027,3.0,94460.23582951608,11.45593424005419
16343.0,1281387.17497292,203926.54438886,3.0,58333.655560823536,10.973934488122117
16344.0,1279783.06207529,208344.772105381,3.0,24600.97582959844,10.11054138900356
16345.0,1266163.51121333,192460.779257119,1.0,0.0,
16346.0,1279039.06681052,212470.535501614,1.0,0.0,
16347.0,1279161.22930664,212465.22183761,3.0,1509825.2812168333,14.22750449429302
16348.0,1281097.49874863,204740.14048570403,3.0,19254.66463344383,9.865508628981974
16349.0,1280536.65900405,206606.198791608,4.0,3148104.216336915,14.962310993542266
16350.0,1279192.69317868,211910.078285038,3.0,677821.5777567123,13.42663937263909
16351.0,1280297.61618781,207200.341640219,4.0,4924961.952397,15.409827107156861
16352.0,1281032.16326056,204941.304133907,3.0,65241.65824431239,11.085853474013284
16353.0,1281057.60972458,205020.393861979,3.0,55058.44891156533,10.916150607423754
16354.0,1282044.6628456,201778.649410665,3.0,49398.94746597832,10.807684396592316
16355.0,1283135.19116671,193981.042938679,3.0,67380.39129789956,11.118109324273743
16356.0,1279205.23775469,212329.398925468,3.0,1216411.6458029686,14.011415808730776
16357.0,1281960.66860551,202039.049794927,3.0,207464.71182803268,12.242716540711097
16358.0,1280200.8273237,207446.623944461,3.0,30266.40879058967,10.317793755750277
16359.0,1279954.79698746,207207.142472222,1.0,0.0,
16360.0,1280247.04242776,207199.80948022,4.0,650332.2323994812,13.385238638059459
16361.0,1279201.90610668,212075.499533206,4.0,8193447.7893229695,15.918845342741239
16362.0,1282124.87756568,201518.11712239697,3.0,139600.31020604307,11.846538691414265
16363.0,1282966.28211054,193738.827514425,1.0,0.0,
16364.0,1283073.79827066,193720.857082412,3.0,83615.65145685447,11.333985999933045
16365.0,1282982.72499056,193294.677497983,3.0,165234.31357287348,12.015119827779325
16366.0,1279275.34981877,209586.011082664,3.0,173974.70137305552,12.066665173218148
16367.0,1279865.66687536,207464.393288493,2.0,3675.3544007662977,8.20940484257999
16368.0,1280144.82937165,207452.243656471,3.0,51773.83476280457,10.854640180222106
16369.0,1279227.79417071,213517.789326683,3.0,648499.6434764293,13.382416732971992
16370.0,1282815.63865438,193370.159994051,1.0,0.0,
16371.0,1279121.11589861,209999.026955083,4.0,484874.0361398409,13.091644416887425
16372.0,1279384.03826687,209321.01850639295,3.0,59340.71143803114,10.99105088295446
16373.0,1280923.15692444,205284.141382247,5.0,847230.3667852908,13.649727916330093
16374.0,1283097.11321467,191968.082424626,4.0,308148.2851279062,12.63833639131862
16375.0,1282908.95641448,197482.338110268,3.0,89164.05182822849,11.398233230929199
16376.0,1283430.59449501,197477.633086264,3.0,45408.49657733696,10.723454515799748
16377.0,1278971.06041045,212827.411725983,2.0,232920.0,12.358450325951056
16378.0,1279180.36639467,212822.293005973,3.0,1435002.170591132,14.176676919781775
16379.0,1280881.21574041,205578.316678554,3.0,28806.655931257566,10.26836174814675
16380.0,1262765.25687386,194326.970427036,3.0,62701.97795460165,11.046148272448823
16381.0,1262691.48074578,194052.169082746,1.0,0.0,
16382.0,1282916.35532649,196402.722173154,3.0,430970.02353471227,12.97379381570356
16384.0,1279214.36338671,212549.17377369097,3.0,1173519.9307851342,13.975518278181083
16385.0,1285219.87993684,184642.590129122,2.0,20679851.408429354,16.844670422299643
16386.0,1285673.82816131,184063.737968519,2.0,20636654.97719957,16.842579420385515
16387.0,1282406.47186996,200595.732161447,4.0,3300029.790052772,15.009442053684682
16388.0,1282906.07385448,197252.692222029,4.0,402281.7606713003,12.904908019279723
16389.0,1255150.37641805,194635.26015535,3.0,37297.29485129709,10.526676078907997
16390.0,1255094.07894599,194636.412667349,3.0,387505.095330894,12.867484276930105
16391.0,1279225.37618671,212893.659982041,3.0,81512.96356473018,11.308517348723841
16392.0,1282911.83897449,197920.49145472,4.0,2336943.289960222,14.664354347056358
16393.0,1281536.53791708,194625.781179339,3.0,331904.419337684,12.712602312888126
16394.0,1265234.36612438,192490.854649156,2.0,1772.9831437458015,7.480418798835445
16395.0,1265232.99108438,192411.907961071,4.0,201809.0163780666,12.215077065675915
16396.0,1265232.67185238,192344.909049004,2.0,396.8715981247383,5.983612797956017
16397.0,1282909.62572648,199340.141824171,2.0,393.4076775637905,5.974846421686718
16398.0,1282909.08435048,199261.560576081,3.0,756697.0259967494,13.536718222447256
16399.0,1280967.51609249,205285.517062262,4.0,6280109.522769985,15.652897978223834
16400.0,1280904.14118043,205187.676358148,2.0,28008.504723285158,10.240263483154978
16401.0,1282264.43967782,197264.562942043,4.0,892749.7388840184,13.702061572971655
16403.0,1282814.79449439,195912.983612657,5.0,1824581.6860314405,14.416861305591926
16404.0,1282986.25414257,195908.771708652,4.0,352475.6121431173,12.772736713431444
16406.0,1272965.43333229,194347.359483048,2.0,59100.3375736762,10.986991915284412
16408.0,1292507.57172032,185433.728689924,2.0,46592.0,10.749184131556358
16411.0,1292551.96109636,185432.386801928,1.0,0.0,
16412.0,1282722.61919829,196661.70226942,1.0,0.0,
16413.0,1282853.99161443,196660.695037425,4.0,135643.1133312257,11.8177825488752
16414.0,1287639.80915533,201007.886145875,3.0,139768.0,11.84773918415428
16415.0,1287890.50451559,200796.925633654,2.0,46592.0,10.749184131556358
16416.0,1283051.41708663,194610.92255532704,2.0,30837.193039954956,10.3364768066723
16417.0,1283271.77395086,194591.168059304,5.0,3088148.091081731,14.943082145933426
16418.0,1283050.32787062,195911.10143666,4.0,842899.8543608167,13.644603433202093
16419.0,1288318.16870803,172878.385317072,3.0,139430.13333333336,11.845318918462965
16420.0,1288856.06458057,172879.453925073,3.0,46758.66666666666,10.752754900779689
16421.0,1282877.64217445,196665.410301432,4.0,5292656.791832219,15.481830906839482
16422.0,1289450.68973318,172301.063652486,3.0,439061.50862510473,12.99239479300605
16423.0,1289599.45946133,172207.487716377,1.0,0.0,
16424.0,1283017.82265459,195910.647996649,4.0,5313250.221702376,15.485714300447258
16425.0,1283295.96249488,194590.272699296,4.0,4634408.027249972,15.349019030864289
16426.0,1283323.6875509005,194589.346811309,5.0,2989406.203437967,14.910585331476533
16427.0,1254960.90467386,200647.146753505,3.0,791656.5686847507,13.58188295135584
16428.0,1288290.583428,172673.953636855,3.0,232423.46666666676,12.35631627419212
16429.0,1288428.05626014,172020.603236198,3.0,1430959.2207881378,14.173855561129143
16430.0,1289525.50291726,171955.608292133,3.0,1108643.3678238078,13.918647634654082
16431.0,1260881.87351193,204435.688709378,2.0,42247.10278058198,10.651291057193404
16432.0,1261131.45437618,204220.916165158,2.0,12112.060923197429,9.401957005651157
16433.0,1260818.29520786,174447.453734681,2.0,336.26666666666665,5.8179044959826
16434.0,1260736.62839177,174949.70371919902,3.0,92888.04285714276,11.439150206691874
16435.0,1295435.77876331,183851.328304306,3.0,49476.44890069336,10.809252055553694
16436.0,1295746.22765963,183838.958256289,4.0,80750.93982603644,11.2991248797297
16437.0,1279192.55570668,213194.937934354,4.0,1015948.032266668,13.83133275646856
16438.0,1279233.34009072,213149.319566309,3.0,10621.91968049202,9.270675039335606
16439.0,1263084.06692219,173988.911974207,3.0,161847.28726312472,11.994408498405306
16441.0,1265725.87857288,166081.018334106,3.0,175243.86943996738,12.07393382248734
16442.0,1265597.20823675,165787.789597809,2.0,84512.67370238468,11.344656786742298
16445.0,1267759.21963097,166853.518750906,2.0,492358.3071197885,13.106961996920711
16446.0,1267205.5242064,166728.685726777,2.0,446545.2357199324,13.009295985969757
16452.0,1296224.20865212,183817.797872275,4.0,62943.30672081505,11.049989706906201
16453.0,1294049.54208989,188583.973045155,4.0,239309.8438355325,12.385514409011677
16455.0,1282160.86994971,201248.998850122,4.0,360901.94081836415,12.796361568334248
16456.0,1282187.51558174,201247.501826122,4.0,7906237.213880643,15.883162526674083
16457.0,1280482.502588,206607.781447604,3.0,540592.1670319358,13.200420423322427
16458.0,1280509.75353202,206606.985543609,4.0,19592353.114721533,16.790649900865436
16459.0,1255594.15241851,202038.885058925,3.0,280615.88276641426,12.544742047922508
16460.0,1289104.52634083,182737.745519161,2.0,26701.1554996972,10.19246212059413
16461.0,1282213.50079776,201246.041858122,4.0,2213937.857680251,14.61028332396171
16462.0,1280272.55813979,207199.799944222,4.0,25048889.45504453,17.03634005138045
16463.0,1290234.96371798,181635.158510044,1.0,0.0,
16464.0,1290294.83795805,181395.55626979505,3.0,670764.276383219,13.416173052270413
16465.0,1289653.27526939,184699.988657176,3.0,153347.08976024896,11.940459191600654
16466.0,1278503.83429797,181715.910318121,4.0,417989.55786477774,12.943211730010116
16467.0,1279142.42553063,181713.692142114,2.0,139764.0,11.847710564890653
16469.0,1280947.42886047,205285.283462256,4.0,16994062.33322048,16.648374566493498
16470.0,1293991.16519383,188437.147509009,1.0,0.0,
16472.0,1289654.61414939,184827.234161302,1.0,0.0,
16473.0,1296415.89460431,183131.052527577,1.0,0.0,
16474.0,1296666.47156458,183000.140015438,3.0,93182.0,11.442309848973883
16475.0,1296060.79988395,182524.560302943,1.0,0.0,
16476.0,1296888.4498048,182487.766062915,4.0,1174387.923075104,13.976257653304417
16477.0,1281138.89266866,185595.69029009304,3.0,89428.77547425774,11.401197782685347
16478.0,1281322.01996486,185212.9771377,1.0,0.0,
16479.0,1281455.25100499,215699.082512915,3.0,816468.4288423087,13.61274352419354
16480.0,1294996.24916285,185611.172210112,1.0,0.0,
16481.0,1296453.98407635,182762.34225519,1.0,0.0,
16482.0,1296866.19950077,182739.931567162,3.0,530043.3075836615,13.180713994612029
16483.0,1288854.64730057,172573.328868762,1.0,0.0,
16484.0,1289262.81408499,172868.116325065,3.0,346369.0298372248,12.755260045891799
16485.0,1287948.73766765,173805.388070017,1.0,0.0,
16486.0,1289230.21741295,172978.661413178,3.0,299792.42983722506,12.610845613622107
16487.0,1289864.9316536,172972.784741163,1.0,0.0,
16488.0,1260755.70512779,201801.17523469,4.0,1757238.7843668754,14.37925426252632
16489.0,1260635.38448767,201804.241538689,3.0,1314986.35585132,14.08933684776171
16504.0,1268629.96132787,173930.802214146,3.0,573449.6765762425,13.259425463796072
16505.0,1267970.55812718,173933.967846155,4.0,824556.7218301559,13.622601214043215
16506.0,1262688.50570577,175689.57527194903,3.0,284568.3486288383,12.558728744921366
16507.0,1289959.38752571,172269.652964443,3.0,93182.0,11.442309848973883
16508.0,1290055.0684218,172131.421604306,4.0,580501.6675979818,13.271647952808433
16509.0,1289907.40205365,172253.959396437,1.0,0.0,
16510.0,1287901.62457959,200803.640833661,1.0,0.0,
16511.0,1287626.43910731,201002.987905875,1.0,0.0,
16512.0,1279782.70348328,202325.25657922,1.0,0.0,
16513.0,1290365.78496611,180452.108716831,3.0,904157.9295035326,13.714759324894153
16514.0,1292272.85306408,179840.364524201,5.0,12719510.94561011,16.358647667464957
16515.0,1270409.42072168,173908.741222128,3.0,633803.3481684248,13.35949400891422
16516.0,1268146.14507137,182510.952046931,4.0,1666348.583049222,14.326145313345586
16517.0,1268131.12900735,181833.623982236,4.0,5691177.096815607,15.554427655852727
16523.0,1269194.11307244,200474.755329326,3.0,2303595.4676791285,14.649981707117984
16524.0,1275077.05541447,211819.57223694,3.0,11223.353968135518,9.325752062048034
16527.0,1268598.96567982,212178.133197308,6.0,984475.3846429808,13.79986417384674
16528.0,1266839.12670203,212192.050125331,2.0,645504.929753314,13.377788126347827
16529.0,1294082.23917793,183871.84593632803,3.0,50966.58126797423,10.838925427668325
16530.0,1294419.81460227,183840.134768292,2.0,2171.7500285951824,7.683288586306915
16533.0,1293439.08596127,183903.622448355,3.0,57651.99046762718,10.962180051859665
16534.0,1283387.75795098,180436.694700807,3.0,371175.4153017068,12.824430047371404
16535.0,1283484.27385508,180240.888300613,4.0,1984671.6292853465,14.500964032366307
16540.0,1269509.66264077,198282.513023078,3.0,5682386.458596681,15.552881853619937
16541.0,1293454.16692129,184142.251888603,1.0,0.0,
16542.0,1283224.2831988,181205.005165592,3.0,7884847.044624313,15.880453379919004
16543.0,1264423.42250755,212117.518157259,3.0,322603.0902440171,12.684178023809068
16544.0,1264669.9502518,211569.77511669704,3.0,214679.87769605787,12.276903256587127
16546.0,1269868.28664114,198466.151423275,3.0,2174083.669109362,14.592117832173571
16547.0,1269661.23716892,198874.91276769305,3.0,104856.1510750088,11.560344700083885
16551.0,1264540.31761168,212115.080461249,3.0,48835.251057078895,10.796207688793496
16552.0,1263357.72157846,212648.776269794,6.0,6441684.955852398,15.67830070296651
16553.0,1263634.80497074,212551.901453704,3.0,66568.01497515148,11.105979485540454
16558.0,1264707.37341985,212111.596557245,1.0,0.0,
16563.0,1275976.39250338,207412.001288429,4.0,1330556.0746869408,14.101107514086333
16568.0,1284168.29868777,192675.178425342,4.0,167987.50153565969,12.031644859996831
16569.0,1284272.07935987,192229.36696888495,3.0,18245.36653260075,9.811666438150848
16570.0,1263323.77706642,212592.673677742,4.0,2760513.179608985,14.830927155050567
16571.0,1281478.89298902,198619.915903434,3.0,261535.23579608335,12.474324298327934
16572.0,1264150.11498727,212901.521486059,1.0,0.0,
16573.0,1285007.00243263,184533.975857005,3.0,8166026.670572015,15.91549301690727
16574.0,1267987.59678321,212216.691533357,3.0,1329175.284441855,14.100069220978726
16575.0,1267671.77003089,212152.057421282,3.0,852641.6860762563,13.656094675005967
16576.0,1280981.7873885,199149.017855972,1.0,0.0,
16577.0,1280985.39334051,199599.901760429,3.0,912239.5732691383,13.723657924547584
16578.0,1280983.17714851,199262.230208084,1.0,0.0,
16580.0,1268098.43255931,211744.638668865,2.0,0.0,
16581.0,1273529.87211688,215672.711184889,1.0,0.0,
16582.0,1295218.09844309,184525.615984991,3.0,162582.32388183518,11.998939760972767
16583.0,1295215.03482708,184409.583408877,3.0,93180.0,11.442288385370787
16585.0,1280796.99046032,199300.448320121,1.0,0.0,
16586.0,1295224.7116271,184310.982896775,2.0,0.0,
16587.0,1295542.75367542,184309.780464783,2.0,0.0,
16588.0,1272748.51250008,194353.088123068,2.0,20598.705532291853,9.932983514565008
16590.0,1275925.62815133,179798.875436157,3.0,6356.867840600439,8.757291057134088
16591.0,1276146.75307956,179751.92606011,2.0,4411.51562432408,8.39197358838185
16592.0,1254439.07043333,209945.76493902496,3.0,1047896.3138369416,13.862295201790028
16593.0,1254430.37225732,209740.12359482,2.0,43429.43183692136,10.678892643171164
16594.0,1254412.1485773,209104.224970162,2.0,1324.7145196057115,7.1889522583048
16595.0,1254398.35657729,208626.429321676,3.0,96824.79088945908,11.480658344705528
16597.0,1266189.94225337,191996.005240649,3.0,86075.10759063004,11.362975538169696
16598.0,1266537.91108572,191443.099832088,4.0,54233.04952942519,10.901045771509196
16600.0,1266543.80606173,192007.729656667,3.0,156733.2985587975,11.962300904549263
16601.0,1266311.46334149,192004.508152649,3.0,90592.18361321864,11.414123214724508
16602.0,1283243.66931082,189770.334198371,2.0,508320.8616603359,13.138868144615882
16603.0,1283258.91635084,189336.144437924,2.0,549322.7836804105,13.216441496133765
16604.0,1259968.75427899,201822.70899471603,3.0,1471262.8140657973,14.201631647164097
16607.0,1267535.72830275,191011.283767641,4.0,1559960.6856075765,14.26017117737455
16610.0,1284655.45062427,192668.613497332,4.0,524371.0478752996,13.169954819346218
16616.0,1268472.16343971,191091.009015724,1.0,0.0,
16617.0,1268308.13124754,191092.009975716,3.0,93182.0,11.442309848973883
16618.0,1264961.25610811,215210.087120414,3.0,159367.39273470076,11.978967461894925
16621.0,1282591.06367816,199937.460480779,4.0,3871026.9452927257,15.16903039034484
16622.0,1282612.23161417,199938.216704786,4.0,1244542.3364999918,14.034278419094234
16623.0,1282565.16607814,199937.444096774,4.0,369878.20609504526,12.820929057715082
16624.0,1282893.51091047,198662.435135469,4.0,3294556.434224596,15.007782099019195
16625.0,1282920.66310249,198661.858687475,4.0,741367.8744349297,13.516252237811655
16626.0,1268371.00126359,169168.249057278,3.0,93319.0,11.443779010261407
16627.0,1285545.55084918,169628.075233743,1.0,0.0,
16628.0,1268406.63236763,168820.252384916,1.0,0.0,
16629.0,1285841.10374549,174398.109670624,3.0,499639.6013772309,13.121642320259559
16630.0,1286639.77837031,174386.942054614,1.0,0.0,
16631.0,1287371.72633906,174521.056614757,1.0,0.0,
16632.0,1268267.88958348,169154.073569253,1.0,0.0,
16638.0,1268182.4051674,191071.385399699,4.0,3852000.404650109,15.164103156949501
16639.0,1266651.11127783,192010.168248668,4.0,325311.3722656288,12.692538071166792
16640.0,1266669.47146985,191406.051064044,3.0,48697.1106956392,10.79337497867903
16641.0,1283130.37100671,191937.080504581,4.0,15164421.99175704,16.534462583756415
16642.0,1283161.53299074,191901.669112548,3.0,11832955.17148924,16.28639900792795
16644.0,1266300.56964548,191504.872056141,3.0,21918.95292357856,9.995106971836101
16645.0,1259991.31587902,202486.357635394,3.0,317743.8601673847,12.669000866024366
16646.0,1266450.91908562,191464.143096104,2.0,671.6017346016586,6.509665507989894
16647.0,1279511.006843,202672.985539585,3.0,2122928.1728323787,14.568306907250298
16648.0,1282857.07001443,197251.731262028,4.0,400186.4649945894,12.899685879956616
16649.0,1282882.14444645,197251.913342029,4.0,5338700.459393854,15.490492821655538
16655.0,1276162.43083957,218573.733907863,4.0,3492444.81964259,15.066112570315592
16656.0,1276177.91736759,218486.928659767,2.0,637181.8802311076,13.36481042006491
16657.0,1274860.57944624,218162.704851449,1.0,0.0,
16658.0,1275109.66162249,218192.27073946604,3.0,460095.8344244488,13.039190082471732
16659.0,1282362.81740592,200598.049409449,4.0,326205.3084918459,12.695282242770068
16660.0,1282385.76454195,200597.175041452,4.0,5463883.689097157,15.51367039323774
16664.0,1281564.7720931,191963.961336613,1.0,0.0,
16667.0,1279085.68684256,175780.652200043,3.0,194366.1098015101,12.177498823514076
16668.0,1279060.42476255,175469.407079726,1.0,0.0,
16669.0,1279853.23583536,175769.055720031,3.0,344716.2355036146,12.750476851783395
16670.0,1292525.88468033,186101.247986615,2.0,83342.58195808501,11.330714885515082
16671.0,1287107.65011477,203124.320900038,1.0,0.0,
16675.0,1281195.14815673,219865.037077188,3.0,2526807.4134554537,14.742467171932825
16676.0,1274338.74226171,216186.14420941504,3.0,1238831.8105367564,14.029679405260342
16679.0,1264825.90429996,217717.103378981,1.0,0.0,
16680.0,1264885.09642802,216671.23080191,3.0,46689.33333333333,10.751271009288045
16681.0,1280358.72005987,221546.899542913,3.0,32979.6239924326,10.403645194970144
16682.0,1280328.91333984,219899.520597219,3.0,113966.45991592306,11.643659472824176
16689.0,1286088.84966573,196462.265341222,1.0,0.0,
16690.0,1267078.88145427,192004.017336652,3.0,154099.17656989634,11.945351677814998
16691.0,1267107.7891663,191202.86571984,3.0,733922.0250183028,13.506158069008443
16692.0,1266877.70635007,197712.203454494,3.0,1214432.2455773416,14.009787237953251
16693.0,1286010.10700966,196462.962493226,1.0,0.0,
16694.0,1266876.03179006,197658.047422439,2.0,779.9052904179727,6.659172489770263
16701.0,1287657.06797135,195453.351676181,3.0,116473.0,11.665414765470821
16703.0,1272907.95768423,178475.095914796,3.0,93182.0,11.442309848973883
16704.0,1266233.25482941,212366.703373507,2.0,91508.97116573474,11.42419229198462
16705.0,1266238.50519741,212207.566541344,3.0,463187.0630147013,13.045886275262589
16706.0,1265513.47774068,212673.458317816,3.0,17714.590554019695,9.782143904078453
16707.0,1265503.81764466,212399.756749541,3.0,38503.862508600745,10.55851384014239
16708.0,1281314.41068485,188984.358709559,3.0,6942.017217759729,8.845347676649098
16709.0,1280694.61702022,188473.68190904,3.0,3437145.026402076,15.050151750578094
16714.0,1266202.30903737,191528.196472168,3.0,6030.45385661513,8.704577553325858
16715.0,1266632.41975781,192206.29842487,2.0,38315.42914129767,10.553607943688842
16718.0,1285629.20096126,180435.815788805,3.0,8214769.243415665,15.921444219395644
16729.0,1285100.92678472,192368.207609028,2.0,2156.832404904353,7.6763959451342165
16732.0,1279146.99410664,210002.131979078,4.0,29399081.824578434,17.196474001364713
16735.0,1293756.8494176,183888.369584352,4.0,2936194.3710164395,14.892624869187518
16736.0,1281368.3915489,189292.518517882,3.0,684924.0396113299,13.437063220017142
16737.0,1281568.50962912,188532.93573309496,3.0,7693474.349768389,15.855883040460675
16738.0,1269664.70961691,197688.280958474,3.0,136608.09102858067,11.824871455906294
16739.0,1269651.6886249,198158.767166957,4.0,2283343.8083196734,14.641151509145034
16742.0,1294336.00378618,184442.43505691,1.0,0.0,
16743.0,1294104.75392994,184310.490736783,3.0,93182.0,11.442309848973883
16744.0,1285613.68032125,180314.659180686,3.0,40798808.96984223,17.524163447032667
16747.0,1270817.13246611,197241.872702017,3.0,149430.95601619018,11.914589732467702
16748.0,1271114.13061041,196732.697533503,2.0,105591.01155887789,11.567328528817916
16753.0,1285465.7550731,184064.681520522,2.0,40709821.502682336,17.521979935863367
16759.0,1276839.83500026,218478.508051768,1.0,0.0,
16761.0,1282172.09241372,189391.216501981,2.0,59398804.85325594,17.899784663814902
16762.0,1277284.74258472,201184.30048205,3.0,60563033.82731094,17.919195262062455
16766.0,1285371.38521701,184065.168752521,2.0,8101011.794108162,15.907499524694567
16767.0,1286433.11603409,181423.368237823,2.0,8070863.4506680975,15.90377102964872
16768.0,1276216.22405563,202457.75270736203,3.0,29313950.572188474,17.193574089417606
16769.0,1280127.08729163,194658.490043372,2.0,28555341.236249477,17.16735456014976
16775.0,1274173.24389353,195869.250428617,3.0,60645.88236593748,11.012807020326928
16776.0,1274303.58219767,195863.657916605,1.0,0.0,
16778.0,1269417.62347266,198541.277887344,3.0,69750.16695581886,11.15267509331256
16779.0,1269015.36606425,198689.561087504,3.0,48426.054077861154,10.787793255263098
16780.0,1273027.55589236,193903.370490596,1.0,0.0,
16784.0,1277035.60760847,218418.999315709,1.0,0.0,
16785.0,1279690.91756319,213534.820430696,3.0,9388.957210047389,9.147289512792351
16786.0,1279715.82661921,213486.95271866,3.0,28786.919433793617,10.267676376623577
16790.0,1269810.80740906,194768.469499484,3.0,11645809.95448574,16.270457012723448
16792.0,1282982.26073456,181355.849005759,3.0,1339035.7791878397,14.107460345143679
16793.0,1268661.56759989,213742.522126913,1.0,0.0,
16795.0,1268235.34628746,212079.117325217,3.0,1831944.4723482756,14.420888513903298
16797.0,1280736.97913226,188158.473204717,3.0,3437145.026402076,15.050151750578094
16798.0,1280887.90009241,188486.98206906,3.0,6933818.338339371,15.751921206201967
16801.0,1287683.00493138,175212.599207461,3.0,50970.06336746176,10.838993746563876
16802.0,1287692.91110738,174569.133606806,2.0,1375.5836597898456,7.226633399881749
16804.0,1288328.79430804,174586.162086815,3.0,167325.7114200708,12.027697559685912
16805.0,1288622.31110834,173865.980134085,3.0,162133.31237690678,11.9961741917117
16806.0,1288618.58541232,173717.610021934,3.0,93182.0,11.442309848973883
16807.0,1288520.73389223,173718.489957929,1.0,0.0,
16808.0,1288774.76224449,173709.493285924,1.0,0.0,
16811.0,1274044.2090774,204771.454725727,3.0,4964420.532015042,15.417807138079214
16812.0,1260746.68215179,175126.593767375,1.0,0.0,
16823.0,1261303.01437636,174946.481895193,3.0,162413.64704542313,11.997901736710025
16826.0,1270337.7062896,177858.328106165,1.0,0.0,
16829.0,1281780.27724533,218488.259667769,2.0,39382.39973521418,10.581074288254563
16830.0,1281878.46732543,218535.616851822,3.0,43005.3464547091,10.669079723102627
16831.0,1264825.31242797,165914.504925936,3.0,69029.67398198454,11.142291748841005
16832.0,1262001.07664907,174659.899494901,3.0,284163.3866408971,12.557304656792404
16833.0,1261990.38602506,174316.562278539,3.0,216154.97999170347,12.283750929347853
16834.0,1265574.11934073,166047.579806075,1.0,0.0,
16837.0,1268707.58059195,168314.121504396,2.0,46592.00000000001,10.749184131556358
16838.0,1268499.48356773,168301.932896391,2.0,93180.0,11.442288385370787
16839.0,1266673.97674985,166634.053982675,2.0,309789.3202759936,12.643647733407477
16840.0,1266391.68369357,166530.115230575,3.0,265335.7065795899,12.488751120513848
16841.0,1267845.49668705,167562.470431626,3.0,584636.5998752704,13.278745736396914
16842.0,1267549.03633475,167478.027999535,1.0,0.0,
16843.0,1280022.51993152,181272.268845662,1.0,0.0,
16845.0,1261493.52976856,174375.984678611,3.0,47210.223809523726,10.762365754251903
16851.0,1266406.81982158,166883.507550925,1.0,0.0,
16854.0,1268485.56894371,167711.555807784,3.0,769954.6593513935,13.55408690813691
16855.0,1266749.99268593,211890.914957017,2.0,61957.16743117765,11.034198577397634
16856.0,1266551.73418973,211899.744973034,4.0,421658.1989763907,12.951950309795096
16858.0,1290006.25683776,176213.58045648,2.0,139764.0,11.847710564890653
16859.0,1290374.91328613,175645.415207908,2.0,93180.0,11.442288385370787
16861.0,1271806.04190712,201113.66316998,4.0,999652.812355574,13.815163310036265
16863.0,1282887.53913446,197921.340158716,4.0,5307027.588026889,15.484542460218771
16864.0,1269351.4490726,218494.999827787,4.0,372656.0,12.828411021079189
16865.0,1269216.98283246,218070.759187341,4.0,139770.0,11.847753493478953
16866.0,1274869.30450225,198308.828927115,4.0,1557177.1671683127,14.258385231862617
16867.0,1275707.67653511,197462.569086239,1.0,0.0,
16868.0,1269284.03678453,212560.094989702,3.0,26309.995826209197,10.177704215395375
16871.0,1269292.46328054,213144.66599831,5.0,369289.2887776458,12.819335596297757
16872.0,1281784.75884533,202569.436867476,4.0,12214619.424624383,16.318144105792733
16874.0,1283310.77190289,210837.089931935,2.0,31112.98447684336,10.345380518329405
16875.0,1283422.579391,210834.422283933,3.0,434327.34152562014,12.981553771930715
16878.0,1284813.93094443,210386.223371476,2.0,33522.09134778927,10.419959943693613
16883.0,1281839.75942139,221919.756439283,4.0,144674.23498281263,11.882239838595417
16887.0,1280639.55148415,219060.955348358,3.0,29534.8913442537,10.293327600853706
16888.0,1280630.74278015,220308.954197645,4.0,38872.45623258095,10.568041212808923
16890.0,1260715.44439176,174238.258278459,1.0,0.0,
16892.0,1269149.49444839,167641.98243171,2.0,816008.3260180631,13.612179837347698
16894.0,1267151.16145435,167151.507679209,1.0,0.0,
16895.0,1266843.10564603,166682.376414731,3.0,401355.358937682,12.902602495750841
16896.0,1279187.21580267,213020.94055818,3.0,1134657.5825052103,13.94184147395751
16897.0,1279229.40997872,213019.849998176,4.0,140186.28405279035,11.850727417504325
16898.0,1270629.4442099,201130.094594002,1.0,0.0,
16900.0,1290430.13363819,176553.782184839,4.0,10512565.235335585,16.16808178874569
16901.0,1289516.10426125,177107.38967339703,3.0,9220052.94049608,16.036891337435605
16902.0,1294244.25031409,179313.111659661,1.0,0.0,
16903.0,1272591.31070791,200403.006785259,4.0,1624492.7033372363,14.300706142445154
16907.0,1271071.26584236,208308.843977347,3.0,8997783.142797887,16.01248878749246
16910.0,1288323.08077203,174326.102566555,3.0,128852.03270538712,11.766419991706073
16911.0,1288609.60250032,174320.904742554,1.0,0.0,
16912.0,1268747.36663999,168295.057568371,1.0,0.0,
16913.0,1288767.10118848,185520.320370018,1.0,0.0,
16914.0,1271853.70917116,201110.949633986,3.0,83534.95487488358,11.333020444497606
16915.0,1265988.47185315,211909.351565033,3.0,309754.3440471374,12.643534823758303
16916.0,1273127.48613247,213010.97601416695,3.0,166810.59074697315,12.024614260578034
16917.0,1273320.13637267,213009.98030217,1.0,0.0,
16920.0,1274469.13534984,198678.591615483,4.0,1349879.420231699,14.115525828078601
16921.0,1269131.36484838,212056.641293183,4.0,112959.36610325212,11.63478344101915
16922.0,1268741.56183997,211859.559692994,4.0,3196317.0586712197,14.977509785788635
16923.0,1279391.59634688,176449.032744721,4.0,546846.807486654,13.21192398274076
16924.0,1279397.15308289,176099.593128368,1.0,0.0,
16925.0,1279690.84537119,173764.862245977,4.0,140330.52337081038,11.851755800310025
16926.0,1279678.45529117,173090.745829284,4.0,513167.328194618,13.148357246787107
16927.0,1257239.4034282,199292.690752119,1.0,0.0,
16928.0,1272684.58872402,200328.852737173,4.0,1164924.906720171,13.968167185153522
16929.0,1272919.76939626,206306.080647305,3.0,160095.57243952126,11.983526243633763
16932.0,1262403.98000948,213095.993230253,2.0,3830225.51551922,15.158434240760002
16933.0,1260924.58794397,215936.668945163,3.0,3859555.17260704,15.166062494543102
16934.0,1279648.22930714,208740.305097789,4.0,27946002.70594785,17.14578473145026
16935.0,1279950.99775545,207988.801353022,4.0,25523293.93008707,17.055102080607302
16936.0,1269900.82264116,209685.673610762,2.0,3801531.507627152,15.15091457182545
16938.0,1269111.36292836,216236.307153463,1.0,0.0,
16941.0,1269274.34718452,209996.444939077,3.0,341594.9398837759,12.741380927800234
16942.0,1268769.12478401,211028.509196132,1.0,0.0,
16943.0,1273333.27019668,199730.03174457,3.0,1089298.226333153,13.901044217806247
16944.0,1269277.69528052,212050.231565177,4.0,189308.68041328332,12.151134191472469
16945.0,1269278.10404852,211294.481740415,3.0,3218568.4763467144,14.984447246105779
16946.0,1269662.72798492,221189.776918545,2.0,46592.0,10.749184131556358
16947.0,1269520.66622478,219710.48789303,2.0,93180.0,11.442288385370787
16948.0,1285118.89030474,184066.32062453,2.0,9213985.063314945,16.03623300339083
16949.0,1269281.57944053,212173.59150131,4.0,128264.16530177165,11.761847207629863
16950.0,1291756.69491954,173589.8370298,2.0,46592.0,10.749184131556358
16951.0,1292039.12909584,172684.847012877,1.0,0.0,
16952.0,1269200.30603245,215824.945425048,1.0,0.0,
16953.0,1269673.41662493,202004.285762891,4.0,9466591.10681249,16.063279432756733
16954.0,1265605.04286076,187649.434868202,3.0,96704.53061796796,11.47941553264962
16956.0,1284829.94041646,186394.362930909,1.0,0.0,
16957.0,1293711.73728955,188172.499444738,1.0,0.0,
16959.0,1280050.19705155,173753.069285959,3.0,50916.12911932753,10.837935030915453
16964.0,1295591.69121146,185623.581938118,1.0,0.0,
16965.0,1295809.44109969,185610.451058105,3.0,49304.332392286,10.8057672343094
16966.0,1293546.97780138,185534.462706029,1.0,0.0,
16967.0,1279696.2246352,174000.834534213,1.0,0.0,
16968.0,1279740.65759523,208000.278665036,3.0,387958.4911378296,12.868653631278939
16969.0,1279737.98866723,207876.70279291304,3.0,47438.726890824895,10.767194197114733
16970.0,1260926.59619997,203367.457540289,4.0,35537.31627174365,10.4783385859633
16971.0,1260734.38922377,203329.083268255,4.0,141478.99411737136,11.85990653357808
16972.0,1282268.65190183,168554.060000643,3.0,46844.66666666666,10.754592442694836
16974.0,1277673.66008912,175792.962856054,3.0,437281.1077578445,12.9883315344505
16975.0,1294097.80935393,184545.21272102,2.0,139764.0,11.847710564890653
16976.0,1293172.705865,185553.400690049,1.0,0.0,
16978.0,1283121.7919347,168535.97603263,3.0,232507.99999999997,12.356679912019736
16979.0,1260418.42723945,203963.640772909,2.0,9726.152955229138,9.182573717267086
16980.0,1260398.92567143,204166.38541311,2.0,2127.6865624619804,7.662790547536855
16981.0,1278504.72146598,176453.281704739,3.0,99745.89392275302,11.510381170223189
16982.0,1289580.87712531,185154.61112164,1.0,0.0,
16984.0,1261089.45348014,212220.573389351,3.0,134199.82813302352,11.807085222840982
16985.0,1260953.35005599,212113.677581251,3.0,91122.49863246684,11.419960019084733
16986.0,1261115.46295217,202423.598915324,4.0,12886.943309838702,9.463969931259449
16987.0,1261194.66224825,202046.216130942,3.0,54832.47083922629,10.912037831019934
16988.0,1277843.2079933,189064.521269649,6.0,2530044.741461322,14.743747544919401
16990.0,1278297.24844176,175787.449064046,3.0,120132.50121056236,11.696350589364085
16991.0,1281930.51673348,171552.251171708,3.0,139768.0,11.84773918415428
16992.0,1281919.10866947,171441.137571603,2.0,46591.99999999999,10.749184131556358
16998.0,1268651.62993588,212042.314893171,4.0,88097.07003387967,11.386194554094047
16999.0,1268651.21655989,211860.835596994,4.0,3151112.4142069924,14.96326609582726
17000.0,1277409.50117685,206248.977031246,4.0,964523.8086682792,13.779389796008507
17001.0,1284865.84518449,168804.370848894,4.0,241560.57390262335,12.394875544237127
17002.0,1285376.13254501,168812.51388891,1.0,0.0,
17003.0,1279734.91353123,207734.341192767,1.0,0.0,
17004.0,1283522.32524711,168527.768736616,3.0,139453.99999999997,11.845490076760424
17005.0,1281376.42994891,180192.348396555,1.0,0.0,
17006.0,1281566.1166051,180119.391852483,3.0,93182.0,11.442309848973883
17007.0,1284230.09158383,170206.105570331,1.0,0.0,
17013.0,1278220.34834568,175484.429991737,1.0,0.0,
17014.0,1273268.47570062,211997.639437124,3.0,5146242.384754262,15.453777372299164
17015.0,1273602.15774895,213459.664718628,3.0,9652959.770972762,16.082775138306555
17016.0,1290103.63885385,180059.520236418,1.0,0.0,
17017.0,1281795.43730934,171433.997155592,1.0,0.0,
17018.0,1277999.78482546,176457.74269673196,3.0,144568.4222035315,11.881508184523154
17019.0,1260575.55978361,202817.063619733,3.0,115550.5038154884,11.657462975844371
17020.0,1260689.56221573,202333.125635237,3.0,32438.774114437496,10.387109718194646
17021.0,1256161.5600991,193250.97778593,2.0,46591.99999999999,10.749184131556358
17022.0,1256127.17993906,193224.816761911,1.0,0.0,
17025.0,1281499.44972503,169210.188577309,3.0,51425.501273840346,10.84788946214191
17026.0,1267471.79243067,197699.084030494,3.0,512312.0,13.146689093428092
17027.0,1278951.07980242,211442.998796567,2.0,1338.3829353324843,7.199217399540887
17028.0,1276624.86956005,202551.36109145,3.0,9000440.014953637,16.012784024655794
17037.0,1273422.32875676,213090.413838252,3.0,15812111.439932955,16.576286751181424
17038.0,1274167.74622953,212614.29044576,3.0,4256356.78398707,15.26392413731404
17051.0,1283115.56031869,168292.208800375,1.0,0.0,
17054.0,1285585.49664122,170053.772194177,2.0,410543.4260973733,12.925236990579977
17058.0,1281529.32102107,180275.455212653,1.0,0.0,
17061.0,1286219.20044987,169913.903074041,2.0,271083.42609737616,12.510181897864944
17062.0,1288945.08902866,182008.686318427,1.0,0.0,
17063.0,1289093.12806882,182002.95140641896,3.0,113512.96570315446,11.639672344649327
17064.0,1260580.24650362,202271.854083166,3.0,174580.44963276264,12.070140943797323
17066.0,1278483.02335395,175118.454375371,3.0,181975.65636281687,12.111628200864509
17067.0,1278879.82636236,175114.059047356,3.0,263784.3643519137,12.482887246666891
17068.0,1273481.19672483,211154.549260259,3.0,5126640.749637935,15.44996117802368
17069.0,1273714.92395706,212316.719821453,3.0,858319.5455113389,13.66273173980091
17070.0,1283788.06847939,168522.351072609,3.0,46742.66666666666,10.752412659667488
17073.0,1280148.13874766,207976.526729017,3.0,190759.6271953921,12.158769418097984
17074.0,1280143.58821966,207814.10612084,1.0,0.0,
17075.0,1273621.15704498,213937.360975116,3.0,140858763.39324468,18.763268268265612
17076.0,1281417.47942096,168572.755168661,3.0,49082.93666564856,10.801266731298268
17077.0,1281414.35372496,168435.084832519,1.0,0.0,
17080.0,1268741.11595197,217400.240850657,2.0,7354500.723792583,15.810823027156458
17081.0,1269572.79019283,219439.98088474604,3.0,7429559.769871427,15.820977164584791
17082.0,1281770.54495731,171555.826659709,1.0,0.0,
17084.0,1281508.98150104,194471.668283179,4.0,526857.4852559994,13.174685364492467
17085.0,1284169.42534377,168808.170720905,1.0,0.0,
17086.0,1277558.834233,205467.457286447,4.0,74403.9282675979,11.21726401872302
17087.0,1278239.58680969,175314.960487559,1.0,0.0,
17088.0,1278235.42636169,175121.089191362,3.0,113953.62481474956,11.6435468447405
17089.0,1268347.38513558,212066.77281320104,3.0,5551333.764982142,15.529548774865669
17090.0,1268704.02782394,211825.712652951,3.0,7952458.774752133,15.8889917186564
17091.0,1268792.66347203,215132.874320343,2.0,7342696.72808286,15.809216734761407
17092.0,1283786.52255937,168349.661152437,1.0,0.0,
17093.0,1260641.04131968,203796.647620738,3.0,217728.4672879681,12.291004002513793
17094.0,1283518.2403191,168285.539872363,1.0,0.0,
17095.0,1268620.99057585,210223.94650732,5.0,20278942.00153008,16.82509356577658
17097.0,1278493.14079396,176025.750760287,1.0,0.0,
17098.0,1281773.61682932,194123.94981882,3.0,292224.300355042,12.585276938273573
17102.0,1280721.61202824,198098.328318894,4.0,1305406.0105864375,14.082024669574706
17103.0,1277968.69624943,203250.660868168,3.0,293824.0736363878,12.590736478222794
17104.0,1278035.90610549,203270.807172194,4.0,397373.14213182585,12.892631022849738
17105.0,1280728.04281224,197097.689917877,3.0,83901.24984097853,11.337395789137888
17106.0,1281029.87846056,197089.653501868,4.0,304002.74198656506,12.62479200004033
17107.0,1278868.72037834,200206.240129054,3.0,41493.16906881038,10.633284091919043
17108.0,1277486.36684093,203630.26611656,1.0,0.0,
17109.0,1285610.49920125,170513.651234657,3.0,1547906.88836846,14.25241418168997
17110.0,1281627.95500517,222314.759895697,3.0,931161.9773608516,13.74418852325373
17111.0,1282071.04274963,222295.717591673,3.0,805127.8742183073,13.598756393746012
17112.0,1260388.06474341,201151.059458017,3.0,245200.2509232384,12.409830506384772
17113.0,1278422.83020189,184160.07211262,3.0,93182.0,11.442309848973883
17114.0,1278476.56831394,183994.052400455,1.0,0.0,
17115.0,1284017.48076762,201651.180482537,1.0,0.0,
17116.0,1282923.8129905,194611.964219332,2.0,117.04762459762462,4.762580899819202
17117.0,1277760.90930521,175419.632871673,1.0,0.0,
17118.0,1277758.9060412,175126.04720737002,3.0,118513.34092424494,11.682780814859683
17121.0,1281496.78534104,168947.01232104,1.0,0.0,
17126.0,1278132.79077759,175122.157095373,3.0,78589.09559332686,11.27198823588367
17127.0,1280805.78674833,197845.72748664,4.0,978670.2342328156,13.793950025375048
17128.0,1280874.1048284,197843.907902628,4.0,379877.9466309483,12.847605287032572
17130.0,1277501.34290494,175600.368103862,1.0,0.0,
17131.0,1265345.05482849,168190.352096274,3.0,4118055.613909692,15.230891671556313
17132.0,1265436.98577259,167391.270303458,2.0,412152.9337890885,12.929149757971743
17141.0,1277883.80076134,204101.273349047,4.0,1451145.242541249,14.18786362509339
17142.0,1276478.2087599,217591.90158686,4.0,159868.04691998052,11.982104047208143
17143.0,1276615.45196004,217586.184722856,1.0,0.0,
17146.0,1279836.39724334,199214.732608035,4.0,2793469.5686497656,14.842794954193856
17147.0,1281861.52671741,180127.642156497,3.0,424791.45540463965,12.95935363431171
17148.0,1281031.25740457,170442.912162572,3.0,112464.43219230768,11.630392292347445
17155.0,1278358.56165782,201181.64825806,3.0,188798.2665527656,12.148434351257139
17156.0,1278424.59231389,201194.418946072,4.0,146345.78022176295,11.893727458235006
17157.0,1277270.6622647,207010.674696028,3.0,63068.76787823327,11.051980963684935
17158.0,1280507.17279603,198620.209215432,4.0,629727.9660212623,13.353043205149014
17159.0,1281054.14617258,195309.703356043,4.0,160459.77918391835,11.985798593162604
17160.0,1281120.18572465,195308.297852039,4.0,218453.88273072024,12.29433020822355
17161.0,1280861.84044439,198346.117183149,1.0,0.0,
17162.0,1281060.62706859,198339.578495145,3.0,80363.18405890753,11.294311440579307
17163.0,1280957.41177249,197591.584254384,4.0,354646.9835441046,12.778878161149551
17164.0,1280714.60614024,196055.45772481,1.0,0.0,
17165.0,1281046.87385258,196046.772412792,3.0,56269.98721882331,10.937916585287141
17166.0,1277119.67500055,208185.473161221,4.0,919640.3637047034,13.731737963583749
17167.0,1277057.01368849,208179.442377225,3.0,67416.47196780668,11.11864465825548
17168.0,1277977.24152943,203590.068996519,4.0,100962.99876135774,11.522509379803797
17169.0,1277404.70168884,205036.141573995,1.0,0.0,
17170.0,1277636.08671308,205029.865029991,4.0,134677.0124073224,11.810634690131153
17174.0,1280330.58361185,208716.404233769,4.0,383864.4140323317,12.858044680761989
17177.0,1260503.40707953,188647.961077213,2.0,232920.0,12.358450325951056
17180.0,1266922.90078211,192009.68498465404,3.0,148376.8573971738,11.90751065009595
17183.0,1271164.30603446,171571.297379732,1.0,0.0,
17184.0,1258252.65270923,168522.184416607,4.0,55722.71181222705,10.928143095270611
17185.0,1258085.08182906,168672.420000762,1.0,0.0,
17187.0,1281049.71897258,194123.451130822,2.0,139764.0,11.847710564890653
17188.0,1280460.20575598,203025.363779947,1.0,0.0,
17189.0,1280450.60242796,202620.063747525,3.0,800347.3050156039,13.592801043711855
17190.0,1283013.5651186,169789.095585912,3.0,380706.9358066663,12.84978516076693
17191.0,1283008.28691058,169463.404641569,1.0,0.0,
17194.0,1280612.64505213,202873.040259778,2.0,18677.029887879464,9.835049699562873
17200.0,1279645.64044315,194680.235771403,2.0,38826.41315051493,10.566856045307233
17201.0,1270457.52497773,176191.29341647,1.0,0.0,
17202.0,1260293.22077532,202474.686083376,4.0,429059.4647818781,12.969350800849494
17205.0,1276741.32408817,179752.106476113,3.0,77028.15624150353,11.251926299470567
17207.0,1271546.67665885,171718.192419887,3.0,93182.0,11.442309848973883
17208.0,1271828.63800314,171712.552355871,3.0,834171.2394418232,13.634193983336717
17213.0,1280612.49350013,203063.242307976,2.0,7014.9058200712725,8.855792566939849
17214.0,1281094.35929263,194273.663738981,1.0,0.0,
17217.0,1281034.72428456,170685.294242829,1.0,0.0,
17223.0,1279826.78015533,189512.130614102,3.0,157648.6842925712,11.968124319188753
17224.0,1278019.39135347,179420.817131773,3.0,467214.67449543136,13.054544119453725
17225.0,1267541.86276674,191935.851192579,3.0,50013.7260095996,10.820052766928502
17226.0,1268501.55838373,191408.275448039,1.0,0.0,
17227.0,1253462.13475233,208785.678985834,1.0,0.0,
17230.0,1283409.422271,208278.95789732,1.0,0.0,
17233.0,1271548.69009885,172023.509732202,1.0,0.0,
17237.0,1278985.23724246,189984.190390587,3.0,201435.49861163445,12.213224502978232
17244.0,1283249.82841483,169783.985377908,3.0,287610.93580666656,12.569363928468661
17245.0,1283245.67359883,169595.601889715,1.0,0.0,
17246.0,1274833.63461421,202627.409475535,3.0,271278.4182598816,12.51090094612741
17248.0,1274889.49112627,194306.258491009,1.0,0.0,
17249.0,1258057.56944503,168635.224224731,3.0,232657.4574395868,12.35732251108783
17250.0,1257984.02890097,168735.906720832,1.0,0.0,
17254.0,1271438.68606673,171721.086499885,1.0,0.0,
17257.0,1277019.19916046,179581.98973994,1.0,0.0,
17258.0,1265554.16074871,207156.067464173,3.0,620134.7875039538,13.337692132593418
17259.0,1265287.43882844,207158.39943216703,3.0,512312.0,13.146689093428092
17261.0,1267594.8702548,171825.275555998,1.0,0.0,
17262.0,1279860.84831536,209520.132618591,3.0,2610.453293713349,7.867279160989092
17263.0,1279923.69759543,209270.877834335,4.0,99235.70515095304,11.505253159470543
17264.0,1279520.56946701,209683.677898765,3.0,71495.37852323137,11.177388090554379
17265.0,1279841.06489134,209592.672778666,3.0,28718.632374463952,10.265301402754787
17266.0,1280028.90674753,208767.787017822,3.0,496945.61168334034,13.116235865857798
17267.0,1279432.58277892,209343.22516241705,3.0,44586.18781193264,10.705179399728795
17277.0,1279556.60383505,218852.972884148,3.0,9456354.176322345,16.062197473121422
17360.0,1258015.792293,195774.049532518,3.0,838681.8816319817,13.639586749820332
17362.0,1276456.65957588,203705.694724634,2.0,2.0,0.6931471805599453
17363.0,1276654.06572008,203633.070852563,2.0,46588.0,10.749098276222542
17364.0,1278933.45157841,210360.110603452,1.0,0.0,
17365.0,1279097.30783458,210349.934731439,3.0,101488.32212586794,11.527699017897767
17370.0,1280717.20914824,205935.593158916,4.0,1044184.2232971586,13.858746490954541
17371.0,1280744.52140427,205929.799558923,4.0,16229218.305918194,16.602323774801494
17372.0,1280889.59366041,205897.070278883,4.0,58422.99833342426,10.975464898373845
17373.0,1281575.48070112,203310.777860239,3.0,32640.945998763727,10.39332279146331
17374.0,1265122.90769227,171996.368740171,3.0,576815.3434311596,13.265277465554625
17375.0,1281284.16012482,203111.038788036,3.0,186350.0,12.135381904907405
17376.0,1281282.47935681,203032.719363943,1.0,0.0,
17377.0,1280847.91884437,205685.884358659,3.0,37946.65641010404,10.543936673806693
17378.0,1281286.76575682,203275.183812201,3.0,279502.0,12.540764727186753
17379.0,1281159.34150068,203598.49318853,1.0,0.0,
17380.0,1260823.89559187,202881.134403795,4.0,115804.2027547742,11.65965613668157
17381.0,1261020.42538407,202897.662211806,4.0,31563.89916158977,10.359769314907327
17382.0,1264837.69860397,215865.096913084,3.0,641606.5927391868,13.371730610947964
17383.0,1265241.33194838,212579.197005719,5.0,881810.9313257177,13.68973294843349
17385.0,1265875.56497304,211884.42612502,4.0,965630.9701472631,13.780537021725912
17386.0,1265713.91601287,211816.237900943,2.0,674041.4581261347,13.421046898575646
17387.0,1261268.65911232,202972.07577988497,3.0,61066.06527939985,11.019711594460803
17389.0,1268089.7442393,186145.699058652,3.0,352525.87053428456,12.772879290128053
17390.0,1267941.30788715,186179.799346685,2.0,52680.2566921564,10.871996028513463
17391.0,1274835.98072621,203255.850500181,2.0,9393335.831015948,16.05551104166616
17392.0,1278750.29573822,197899.173886687,2.0,9352141.303118762,16.05111589142096
17393.0,1269365.59569661,218999.488980293,2.0,139764.0,11.847710564890653
17394.0,1271825.82731514,199792.447680637,1.0,0.0,
17395.0,1269950.82289721,212039.438221171,4.0,1853007.3830638912,14.432320489643741
17398.0,1266386.99735756,206170.468359157,5.0,6499941.810693336,15.687303782624769
17399.0,1267745.81380695,204327.50746128,1.0,0.0,
17400.0,1265576.45335673,207753.211592779,4.0,6409405.654356842,15.673277102968738
17401.0,1283428.00326301,211322.721868441,3.0,2573016.262573386,14.760589411715491
17402.0,1269215.95755246,212173.850381315,4.0,72734.6971307582,11.194573814189244
17406.0,1273147.07435648,213984.62727916203,3.0,321981.1585964597,12.682248309138963
17407.0,1273470.10981281,213977.198799163,1.0,0.0,
17408.0,1281997.59404555,201803.282242686,3.0,16489.34179780693,9.710469499523956
17409.0,1280085.46892358,204959.399941921,2.0,46591.99999999999,10.749184131556358
17410.0,1281550.20025308,203271.707780197,3.0,337909.9478961408,12.730534712624573
17411.0,1280079.41317959,204687.627525643,1.0,0.0,
17412.0,1280775.5577563,205921.109254912,4.0,296358.45437642967,12.599324995158746
17413.0,1266882.23089407,211885.025165007,2.0,75510.35300709019,11.23202505175794
17414.0,1265580.67575674,208404.87168945404,3.0,6461939.471740294,15.681440058523005
17416.0,1269155.8342884,216108.45140934,1.0,0.0,
17418.0,1264701.49706784,211637.803532764,3.0,6849809.237701108,15.739731361339844
17419.0,1267746.21111895,209803.267850876,1.0,0.0,
17420.0,1270568.58577785,212146.796301275,4.0,732552.4070614888,13.50429016279054
17423.0,1267276.76164648,198546.513151348,3.0,93182.0,11.442309848973883
17424.0,1267033.46353422,198496.292095304,1.0,0.0,
17425.0,1261462.64004052,198458.205887258,3.0,733505.6087581107,13.505590523104596
17426.0,1261457.00880851,198107.871614903,1.0,0.0,
17427.0,1261998.91293707,198030.060414821,1.0,0.0,
17428.0,1261860.90532093,198033.416062832,3.0,48569.741745514,10.790756018165144
17429.0,1261454.61482452,198092.225662887,1.0,0.0,
17430.0,1261621.87626469,198454.75711926803,3.0,815109.5997772814,13.611077861435943
17431.0,1261609.06231268,198121.559934914,1.0,0.0,
17432.0,1262296.84740138,195804.793212548,1.0,0.0,
17433.0,1262686.92368977,206302.640967295,2.0,46591.99999999999,10.749184131556358
17434.0,1262406.11255349,206310.254855305,4.0,585871.738430218,13.28085616820327
17435.0,1264812.14058796,207764.799176797,4.0,419214.0,12.946136808377869
17436.0,1264797.87549993,208412.684041455,3.0,279502.0,12.540764727186753
17437.0,1265848.00234902,192450.24383311,1.0,0.0,
17438.0,1262055.27338512,198268.895935073,1.0,0.0,
17439.0,1261867.60016893,198273.30239906895,3.0,91500.7256002709,11.424102181289776
17440.0,1269283.28977653,173760.751333967,3.0,214965.1194789556,12.27823105896668
17441.0,1262133.34148121,195421.234620154,1.0,0.0,
17442.0,1266823.72350201,194372.577915087,3.0,93182.0,11.442309848973883
17443.0,1266815.43019,193871.686842561,1.0,0.0,
17444.0,1268626.11915186,173768.312997982,3.0,59343.96006941335,10.991105626862694
17445.0,1264877.96625201,200362.113153219,3.0,90841.87078258448,11.416875590267503
17446.0,1264915.34871605,201724.772226617,2.0,46592.0,10.749184131556358
17447.0,1264897.02590004,201162.548290029,1.0,0.0,
17448.0,1263887.79498701,206293.498951286,1.0,0.0,
17449.0,1264208.75562733,201748.171778634,1.0,0.0,
17450.0,1264198.98564333,201748.85811463,1.0,0.0,
17451.0,1264291.18161142,199937.210496783,1.0,0.0,
17452.0,1268095.93943931,192789.28351345696,3.0,236125.15154313136,12.372117246595584
17453.0,1268091.3941593,192537.8506172,1.0,0.0,
17454.0,1268276.06865549,192788.16671346096,3.0,5632121.359125749,15.543996724728084
17455.0,1269398.03659265,204686.062853634,3.0,61924.04718198581,11.03366386759382
17456.0,1268841.16664007,206361.000775352,5.0,271467.3542014371,12.511597168774454
17457.0,1268800.58763203,206364.521799356,4.0,15816984.16999866,16.57659486812314
17458.0,1268513.12068774,206380.372807384,1.0,0.0,
17459.0,1262092.75101717,206333.142279327,3.0,330347.29790441244,12.707899797931352
17460.0,1269196.45630445,206348.861063346,3.0,80551.2729429723,11.296649191620814
17461.0,1269568.83384082,206333.200327322,4.0,467123.4038697328,13.05434874985871
17462.0,1270974.64299425,174564.43280679,3.0,129827.59727346816,11.773962674470178
17463.0,1271220.84197052,174561.032550797,3.0,52794.934044671696,10.874170518967587
17464.0,1262900.128298,206339.825287342,1.0,0.0,
17465.0,1262738.03940183,206289.994375288,3.0,608897.1697693623,13.319404681481679
17466.0,1267430.09860663,198578.493695393,1.0,0.0,
17467.0,1268121.56113534,194331.863739043,1.0,0.0,
17468.0,1268097.80689532,192991.548857659,3.0,155788.33937038432,11.956253566038816
17470.0,1281574.58374111,200601.868929461,3.0,19488.082262043536,9.877558391664689
17471.0,1282806.88147038,195511.435196251,3.0,78844.7916520715,11.275236536335992
17472.0,1278425.22488989,205402.514502376,4.0,1063271.037299659,13.876860598765107
17473.0,1283652.70527925,193976.635450676,4.0,371615.74292038777,12.825615650256914
17474.0,1280126.00857164,201677.119746566,4.0,152204.40378182477,11.932979658168698
17475.0,1280292.5951958,201633.639490515,3.0,84133.93044773377,11.340165218195208
17476.0,1281066.35442859,198628.58649544403,3.0,346088.307151712,12.754449244457843
17478.0,1280007.09311551,201710.646594599,3.0,45238.08536759661,10.719694607663307
17479.0,1285038.76544066,190908.136375532,4.0,2458222.6367829307,14.71494914140296
17480.0,1285395.38809703,190895.041591525,3.0,2036644.4591761967,14.526814138578747
17481.0,1279783.25497128,202773.017155677,3.0,200837.04336291645,12.210249128684557
17482.0,1267320.16900653,174266.025958493,4.0,169125.27266546633,12.038394977684451
17483.0,1284385.59353599,192453.300281122,1.0,0.0,
17484.0,1263860.68413898,168255.524512336,4.0,1967810.453887162,14.49243203787411
17485.0,1263628.07012273,167540.144031599,1.0,0.0,
17486.0,1283519.90399911,193402.507002085,1.0,0.0,
17487.0,1283701.71270329,193399.420410082,3.0,61885.36222860752,11.03303895621073
17488.0,1279787.00697128,202656.415363565,4.0,2113694.7485430404,14.563948039784362
17489.0,1279776.20313127,202450.070915356,2.0,72203.07944184293,11.187237975520437
17490.0,1254052.71619293,217112.997330368,2.0,65756.44600792111,11.093712983377873
17491.0,1269901.82756916,194709.817723423,3.0,26521043.736591253,17.093449079090867
17492.0,1269925.41284919,195258.404539987,3.0,635115.335401426,13.361561891935423
17493.0,1282265.52658983,168394.920864478,1.0,0.0,
17494.0,1277998.87436146,176247.274280518,1.0,0.0,
17495.0,1269809.90155306,195802.579964548,4.0,33826893.73791674,17.33676671679295
17496.0,1282250.5272938,197042.77234982,3.0,978847.0971940524,13.794130726673451
17497.0,1253918.15152079,217254.712914512,4.0,1507048.1078544103,14.225663400028377
17498.0,1296102.49594799,186729.948211253,1.0,0.0,
17499.0,1296188.37831607,186853.100147381,3.0,1033756.5238399612,13.848709836148938
17503.0,1277151.66904859,188229.640756786,1.0,0.0,
17504.0,1277419.30040886,188227.199476793,4.0,854750.2173378344,13.658564561772161
17505.0,1282794.75615837,206251.827463239,1.0,0.0,
17507.0,1267680.8808789,174370.550310597,3.0,43090.69782672903,10.671062425111591
17508.0,1267581.48017478,174262.951462492,3.0,1195.3731721782935,7.0862136935904605
17510.0,1280033.67442754,202072.651394963,4.0,114579.20544801558,11.649021613464932
17511.0,1281458.09644499,218885.641108185,4.0,8443481.895686306,15.948905328380336
17512.0,1276948.77970438,206621.669575617,4.0,1231172.832110658,14.02347779507642
17513.0,1268472.6552157,212111.670733243,3.0,44507506.577473976,17.611168420044642
17514.0,1294101.28148194,184237.573936701,1.0,0.0,
17515.0,1283673.67078327,180614.779628992,3.0,1140842.2762482788,13.947277386377927
17519.0,1267999.08958322,174288.488486513,3.0,392200.8697009464,12.879529410235413
17520.0,1272912.77330025,178801.51095514,1.0,0.0,
17521.0,1267686.0180309,174593.248038828,3.0,402605.2725970227,12.905711888468248
17523.0,1263208.87767431,168122.301664203,3.0,1381196.615262787,14.138460793917783
17524.0,1282247.3097578,197921.457598716,3.0,310207.07705395966,12.644995343951626
17527.0,1272946.76504429,212098.372493237,3.0,181777.0802350328,12.110536381463408
17528.0,1272811.98149215,212100.763917238,3.0,13064748.10837382,16.38542817687145
17532.0,1256687.89174764,203287.646020204,4.0,415070.5753713269,12.936203845889807
17534.0,1274476.30072585,198769.558591589,3.0,1007222.016873373,13.82270662095844
17535.0,1256669.75331561,202627.386883527,5.0,1013471.1319404284,13.828891760936637
17550.0,1288405.12653211,203767.726148695,3.0,570182.0936622397,13.253711051358765
17551.0,1288715.47565243,203757.448260695,4.0,655099.4813934834,13.392542383074842
17553.0,1256871.22499582,207896.249672934,5.0,1338801.608402838,14.107285449695071
17554.0,1281885.58969343,202301.825539201,3.0,296766.1611773328,12.600699771569724
17555.0,1277057.82015249,208453.869321495,3.0,901803.405638659,13.712151821451965
17558.0,1257102.36202006,215870.83150509,4.0,938621.2518384976,13.752167324147173
17569.0,1285533.27462517,197598.549502388,3.0,519015.9374017928,13.15968986957981
17573.0,1269833.8001131,206303.053063303,4.0,401820.39549442247,12.90376049038935
17575.0,1279129.67033061,211410.33422052895,3.0,201452.19409925377,12.213307382092838
17576.0,1279118.97644261,211032.79790014,3.0,137472.29555222663,11.831177688894655
17579.0,1254944.53987385,218511.265555799,2.0,1578530.5512859195,14.272004941424447
17580.0,1254269.81161715,217685.231442958,2.0,1535793.730409868,14.24455789357429
17590.0,1281963.78540552,201913.224578798,3.0,101535.52902265015,11.528164055846421
17601.0,1263006.3036581,199475.143808305,3.0,2700728.355955199,14.809032056060364
17602.0,1259327.72010234,202504.783747405,4.0,12709224.906364929,16.357838658329303
17605.0,1283081.04364666,212805.301197961,3.0,3090611.4965368863,14.943879524614614
17606.0,1283135.18892671,212254.993613392,3.0,2600540.3374038986,14.771229803478116
17608.0,1255460.16681838,191322.966263965,2.0,131757.47902511642,11.788718231586488
17609.0,1278894.73644237,214405.3931676,4.0,389735.55373538384,12.873223720769024
17613.0,1259362.55600637,203500.451396421,2.0,13837901.727727726,16.442921887391723
17616.0,1272798.50744413,215055.217680261,3.0,747065.3764345605,13.52390797893945
17618.0,1269123.87998436,205505.892614484,3.0,107756.07856863704,11.587625420004848
17619.0,1274287.02091765,203635.49901256,3.0,37207.27512563148,10.52425958903365
17621.0,1287229.44646691,193003.521913677,4.0,1244048.2105625127,14.033881306001799
17622.0,1287525.6906272,193051.790521726,3.0,946502.7430138,13.760529147687325
17625.0,1277526.81887297,206022.530311003,3.0,98160.60985017508,11.494360292183089
17626.0,1277556.298169,205886.529606864,3.0,159846.33082363373,11.981968200353
17634.0,1272038.37118734,215069.548304275,4.0,106394.11859005711,11.574905577952647
17638.0,1283247.56825483,194228.469626933,4.0,6124806.110465466,15.627857658459812
17639.0,1283595.85068719,194237.670394942,4.0,4216318.208506276,15.254472842756055
17640.0,1285512.25760114,196470.066493228,3.0,111695.38667544207,11.623530683178796
17641.0,1273078.79826042,205396.528646365,3.0,235075.8867416872,12.367663663303162
17642.0,1273378.57195672,204927.709701896,4.0,1212593.128183324,14.00827170559342
17645.0,1285535.65945718,206943.365767956,4.0,882835.6812495885,13.690894370818866
17650.0,1278415.60447387,215379.278352588,4.0,325581.5738189075,12.693368320043893
17654.0,1278676.44255415,200522.70374538,4.0,121530.18348139376,11.707917934625854
17664.0,1289874.89786161,186950.30833947696,3.0,448015.1594608245,13.012582348906825
17665.0,1289988.76147774,186788.236467317,3.0,441079.049983793,12.996979390029253
17674.0,1279985.13253948,207984.955209017,4.0,387960.66123202245,12.86865922488798
17679.0,1271006.8857463,206925.944839939,2.0,266744.5469335135,12.494046726344038
17683.0,1260947.40419999,211968.840973094,3.0,76366.58432180807,11.243300501490156
17684.0,1260943.43408799,211911.61665304,3.0,37945.29065249923,10.543900681645262
17692.0,1277709.88645716,205030.094341993,3.0,425865.7463692715,12.961879426213603
17693.0,1268099.03230332,192330.761464983,4.0,5352297.070454791,15.493036385687518
17703.0,1264629.45194776,201734.087490618,3.0,219191.05013625085,12.297699003552056
17705.0,1263206.03613831,194466.216187179,4.0,181108.5095739133,12.106851631027741
17709.0,1279132.26777062,200029.359552875,4.0,1683601.5223255008,14.336445820086686
17713.0,1256276.95785922,193911.332794607,3.0,1862290.013247064,14.437317478314371
17714.0,1279072.45554656,219863.995093182,3.0,203580.8615567092,12.223818559027581
17715.0,1282864.32063843,198227.165695027,3.0,22243.463066739427,10.009803449674969
17716.0,1282864.98502244,197921.638398722,4.0,183477.35135686744,12.119846513011032
17717.0,1275471.24952687,214748.333071947,3.0,33108.1827878091,10.407535744945982
17719.0,1274394.38488576,195553.445948288,4.0,881194.1769420424,13.689033285788222
17722.0,1281761.96754931,202569.647811472,4.0,1117145.2294412511,13.926287087004688
17723.0,1278253.72389771,202111.390531003,4.0,465493.6009540537,13.05085362899694
17725.0,1282771.72243035,194061.113978758,3.0,2239077.96269913,14.621574715295862
17727.0,1268607.01879984,209550.971146628,4.0,16384845.613185896,16.611867417622438
17730.0,1274982.29906237,211385.0153725,3.0,448707.9994090115,13.014127619772646
17738.0,1285367.306817,189667.096182257,2.0,2119937.1679372755,14.566897008443553
17739.0,1285356.27667299,189179.124725759,3.0,12892557.390188152,16.372160756337184
17742.0,1275592.16101499,208505.09722554695,3.0,138225.268226295,11.83664001170919
17743.0,1251893.67068672,212518.243085667,2.0,501445.5442965335,13.125250294838295
17746.0,1276141.32786356,213267.429902434,4.0,666970.4405546791,13.410501006906257
17751.0,1276260.57797568,203011.283715934,4.0,12662379.920571938,16.35414594441983
17752.0,1285565.2919692,209085.45101814,4.0,212915.9239127362,12.268652643353384
17754.0,1259870.14288689,192558.006713226,3.0,837189.0623567008,13.637805204916203
17755.0,1261173.89360823,200894.567809761,3.0,2803344.9306224207,14.846323880236467
17763.0,1273134.18296447,200317.314049169,4.0,53126.86387861388,10.88043799038517
17764.0,1273067.5331724,200033.49017687104,3.0,1432136.0870462349,14.174677654840908
17765.0,1277728.83519317,200772.817729637,3.0,4819515.348944824,15.388183930959844
17773.0,1252665.04214351,208580.07834562697,3.0,915136.4514009688,13.726828460353474
17774.0,1277062.7013685,208148.930313185,3.0,97496.92855063232,11.487576154444943
17775.0,1290713.12224647,189873.686006472,3.0,371012.642596736,12.823991418089113
17784.0,1256605.98672354,200315.907585174,4.0,1171858.8348949363,13.974101793822785
17785.0,1285492.09068912,199179.902976006,4.0,627727.918042845,13.349862100045645
17786.0,1286233.67942588,199172.971519992,4.0,792771.8601122664,13.583290767059534
17789.0,1277069.2670005,212095.519181222,3.0,327699.3428685213,12.699851829401164
17796.0,1256430.66057937,193982.059642687,2.0,1778138.670563201,14.39107768445748
17797.0,1256191.33040312,220294.362005621,2.0,1665513.9452514837,14.325644309592816
17798.0,1255642.00502656,219365.32258068,2.0,1621749.108241405,14.299015821200882
17813.0,1274872.39141425,198399.559359208,3.0,694047.6795285218,13.450295939619698
17819.0,1259160.44778216,196525.743229285,4.0,2795073.061003002,14.843368804123434
17821.0,1264535.75953166,198387.072191194,4.0,3192809.921926963,14.976411940306095
17826.0,1286811.76813048,194170.07308287904,3.0,741710.3066658052,13.516714023631613
17829.0,1257753.21142872,193935.73036263895,3.0,71415.78234801964,11.17627416519044
17833.0,1259569.68387859,211007.298572108,3.0,257808.6288099868,12.459972839873503
17838.0,1268626.47383986,217643.679314911,2.0,214402.39552680167,12.275609881282417
17839.0,1268601.35543983,215878.03361710897,3.0,213170.4582703235,12.269847398213003
17843.0,1257502.71261247,220928.115990266,2.0,1755538.8193231928,14.378286387318619
17844.0,1256813.60208376,220812.266838148,2.0,1710148.6773662977,14.352090870527517
17846.0,1279379.03961086,214395.122831583,4.0,685536.407016278,13.437956886736542
17847.0,1263564.91409068,212326.42913346,3.0,1798100.2843780154,14.402241267974444
17850.0,1281397.62316494,199381.157120213,5.0,994013.4715271147,13.809506038391051
17851.0,1281594.23788513,199292.230144113,2.0,213449.20811616367,12.27115418225261
17855.0,1271205.58053049,211379.120332494,3.0,7005536.251350025,15.76221128747849
17856.0,1277741.39980119,216104.01704134,4.0,494446.4189430006,13.111194070166096
17857.0,1281232.29542077,204470.203717425,4.0,651495.9811766456,13.387026506958012
17859.0,1265702.97770886,212166.697165295,5.0,403021.2703535631,12.906744619569658
17860.0,1265570.23844473,212268.688141406,7.0,608571.9250015941,13.318870384920226
17862.0,1283771.39270337,195257.792699993,4.0,1489276.5043956584,14.213800992475866
17863.0,1275008.13759039,209365.202122435,3.0,46405.79094156774,10.745179535202045
17867.0,1272355.94078767,194939.220795661,2.0,71956.15794503815,11.183812295102657
17869.0,1276749.40735218,202834.57081975,3.0,5650084.42244442,15.547181045036554
17871.0,1268571.15729579,207746.463240772,2.0,21258.514620702128,9.96451278213159
17872.0,1279222.9637707,213439.516494602,3.0,649631.9917392168,13.384161314983965
17874.0,1259204.8312702,198515.858687326,3.0,370935.4668284128,12.823783382600858
17876.0,1281189.05234872,204467.744709417,4.0,684503.9462115054,13.436449688794834
17877.0,1281211.31903674,204469.859589428,4.0,11996425.31056471,16.300119272587725
17878.0,1277303.06898475,206798.575687811,4.0,83520.01450432408,11.332841576779334
17886.0,1275165.48895055,216166.619985402,4.0,426394.8846719295,12.963121155213805
17890.0,1286887.57408255,193534.017594218,3.0,660767.0075486769,13.401156571898689
17892.0,1256897.12029184,208545.764105588,4.0,1967635.9132048995,14.492343336026291
17894.0,1283885.01548748,194231.693050936,4.0,3742657.673995283,15.135306525048511
17896.0,1278025.18239348,216171.413265407,3.0,238236.6863176328,12.381019938811841
17899.0,1285501.80390514,195880.83340463,4.0,471710.90118167805,13.064121579418027
17900.0,1278134.1001536,202753.326595664,4.0,2321823.796722796,14.657863554089642
17901.0,1281806.19814135,202569.238339469,4.0,4438179.425412615,15.305754810997815
17902.0,1263204.09489031,198417.62559922,4.0,2089946.963719386,14.552649247408192
17903.0,1263186.54045829,197754.71615853897,3.0,710441.7824641023,13.473642284336089
17905.0,1283197.1749747803,195266.749052003,5.0,3214493.519718647,14.98318036660871
17906.0,1259201.2886142,198377.53811118,3.0,46103.98789049441,10.738654730460178
17907.0,1280686.15999621,198349.441983148,2.0,394116.9970283618,12.884403090972596
17908.0,1280789.46982031,198096.552766889,4.0,542204.8917576325,13.203399238059918
17910.0,1275799.5490472,214581.233679771,4.0,482837.4290146889,13.087435290086052
17915.0,1280614.43506813,198351.331455156,3.0,1429462.5196390543,14.1728090711906
17917.0,1287072.64921875,201916.44569881295,3.0,660715.5979511574,13.401078765959616
17920.0,1277451.62412089,206011.555591002,4.0,119123.71548130468,11.687917857950243
17921.0,1281643.58393319,221011.79074235295,3.0,259086.68604801685,12.464917979849831
17922.0,1281579.83474912,220787.596950129,3.0,497806.3526843623,13.117966430353611
17924.0,1263220.07057032,211996.50004512104,3.0,4022297.217020542,15.207363744401567
17927.0,1255518.77955444,193975.691898674,3.0,29165.09534563364,10.280727908362358
17928.0,1274821.12677421,197493.892542273,2.0,1472164.622192092,14.202244407746132
17929.0,1276356.87403977,212109.479437247,4.0,1417323.398081684,14.164280719931224
17939.0,1279256.26194674,213672.110158846,4.0,689219.8201132194,13.443315541366948
17942.0,1279480.20767497,209088.515338153,3.0,54587.82879555625,10.907566221051265
17943.0,1279624.64210711,208728.419593781,4.0,1788904.1442716066,14.397113780435804
17945.0,1253953.07990482,202928.919747844,3.0,1158660.297665726,13.962774979847948
17947.0,1264067.64535519,192982.993081659,3.0,19750.707416594727,9.890944588249557
17948.0,1270968.97342625,205455.060358435,4.0,192862.31671017112,12.169731828385524
17950.0,1280367.17049187,198767.173439577,3.0,315768.128615757,12.66276345302463
17954.0,1275340.01848674,197967.994302765,2.0,353414.63450552383,12.775397248608877
17959.0,1287990.73760368,189348.408181936,3.0,119675.72360258477,11.692541060639629
17961.0,1285387.02425702,190453.809207067,3.0,707526.7460868033,13.469530711441248
17966.0,1280334.33426784,198712.883199528,4.0,2244359.672068202,14.623930814451311
17968.0,1269459.55256072,194957.110203683,3.0,514395.904003285,13.15074848920527
17969.0,1285544.63718519,198203.920959011,4.0,96369.91551313682,11.475949352152377
17970.0,1285542.87993719,198078.062654868,5.0,489537.7325510412,13.101216821845103
17975.0,1258140.05123712,213808.950798988,3.0,122566.52010240332,11.716409182828343
17984.0,1281123.08038065,194931.902587652,4.0,55751.26744076925,10.928655423427518
17985.0,1282844.92076641,198954.280063778,3.0,38111.83886663252,10.548280244255464
17988.0,1259076.84989408,193895.049978599,4.0,945751.099507608,13.759734705072034
17989.0,1263171.52573827,197100.06950187695,3.0,627717.4493552287,13.349845422796458
17991.0,1285490.46860912,195244.508283973,4.0,1954431.8287534693,14.485610084483534
17994.0,1254048.34121692,204826.517957792,2.0,394899.5900532045,12.886386809171402
17996.0,1277378.39890482,206812.121607825,3.0,241506.5242516034,12.394651767244442
18003.0,1277128.73106456,207771.326408803,2.0,13070.097037854694,9.478082231063139
18005.0,1264738.19025187,205683.574342668,3.0,456042.0888613125,13.030340384371584
18008.0,1279201.22924268,215463.757840678,3.0,433736.35732222657,12.980192156889135
18009.0,1256556.9523555,198535.305471346,4.0,141577.53565209266,11.860602801131297
18011.0,1279108.87442659,210662.77140376004,3.0,52613.98434476128,10.87073722545845
18014.0,1270153.13348942,195820.432636559,3.0,1419162.346015001,14.165577358347118
18017.0,1281183.75647672,194958.001915678,3.0,49099.28240979193,10.801599698803958
18018.0,1260656.9907597,202076.51917097,2.0,163983.13681808888,12.007518877239612
18021.0,1274282.85848565,220142.641173467,2.0,802742.1266253832,13.595788803900401
18024.0,1286555.51571421,204327.971077278,3.0,1282046.4805712842,14.063968172101362
18025.0,1273168.27774851,215047.11169625804,3.0,306034.730332174,12.63145387231169
18026.0,1257537.9887725,213825.965838999,3.0,118633.27954852048,11.683792329459916
18033.0,1281255.48658879,209159.943050221,3.0,112755.17044481113,11.632974113917143
18039.0,1277818.70738527,204453.281477407,4.0,1093808.5608410167,13.905176256561033
18043.0,1269453.1332327,194482.167291194,3.0,8529740.312665848,15.959069475002774
18048.0,1275104.84831049,209061.658122122,3.0,401.988863223336,5.996424384810737
18049.0,1269952.25265722,212153.980685294,4.0,1603742.346525626,14.287850422664041
18050.0,1280462.51052397,198575.547199383,3.0,1780619.0092001422,14.392471619792085
18052.0,1263110.22666621,198822.584127635,3.0,307913.6647309407,12.637574713346584
18058.0,1282771.25228634,199261.708864093,4.0,249551.093525168,12.427418956876405
18059.0,1284856.59161648,195240.243835971,3.0,56309.828846127326,10.938624378750657
18060.0,1285151.36070478,195236.261243969,3.0,42107.98749564547,10.647992728412053
18061.0,1257036.36413199,214465.08795166,3.0,56839.63667127073,10.94798919005955
18069.0,1272204.90533152,195605.646332338,3.0,3900986.945020744,15.176740141910711
18073.0,1278316.63519378,201400.643586278,3.0,10402.875983499203,9.249837583775113
18082.0,1278982.92453846,215920.98856115303,3.0,513675.12563769374,13.149346293320146
18083.0,1286372.95174603,194179.91756288696,3.0,669709.1829647345,13.414598841861373
18086.0,1260959.03543201,212207.914957345,3.0,30316.870621051883,10.319459622722881
18087.0,1254617.03625751,200860.882177725,3.0,877122.0461512946,13.684401424900402
18089.0,1263426.82282653,212144.45639728,3.0,454209.0648174041,13.026312866220632
18090.0,1256643.68905959,201682.146626562,3.0,344752.0007432296,12.750580599099854
18092.0,1259504.10851851,208478.416201532,3.0,15853417.74320978,16.578895665529075
18094.0,1268580.89585581,211477.47578859297,3.0,57280.15292400193,10.955709471393567
18095.0,1268573.48407981,211240.67182035703,5.0,974720.3711504554,13.789905910025292
18101.0,1280929.99545245,202601.651651502,4.0,832724.2399408083,13.632457821852832
18104.0,1265369.01444452,198583.827711388,4.0,6103236.84936714,15.624329819452464
18105.0,1265540.72049269,207756.200776786,4.0,280625.2740211064,12.544775513945373
18107.0,1269548.5786088,205494.435910463,4.0,62636.17974615304,11.04509834135521
18110.0,1257911.91850089,215845.236753061,4.0,1532154.2933492952,14.242185337885866
18111.0,1273482.28133284,205414.657542393,2.0,1071277.7255641678,13.884362630066015
18112.0,1283191.40927877,194220.55986692,4.0,4578192.9587336425,15.336814927740004
18117.0,1265955.16023712,216820.597650066,2.0,46591.99999999999,10.749184131556358
18118.0,1266163.70282933,215222.377424434,1.0,0.0,
18122.0,1261761.16439283,193823.79749852404,3.0,869398.2425306076,13.675556576060904
18123.0,1261060.73501611,193841.986426532,3.0,372626.99368117936,12.828333181334873
18127.0,1261872.48176894,198448.22527925705,3.0,985496.6688332728,13.800901025389871
18131.0,1261391.38295245,192502.07768917095,3.0,1172930.9732105772,13.975016279536304
18132.0,1284635.06156825,204376.839429319,3.0,711946.9728017582,13.475758711218583
18140.0,1253300.83651216,207352.70778437,2.0,290585.5241315312,12.57965321515263
18141.0,1257254.57366821,193983.513402686,3.0,2616.533226810911,7.869605524684779
18144.0,1258339.37430932,193917.436410621,3.0,150955.49889657734,11.924740363067553
18147.0,1255779.8820827,191311.416055948,3.0,162359.02417781416,11.997565360697116
18148.0,1255571.06326649,191318.959991947,2.0,78498.41144576285,11.270833667206032
18153.0,1271999.13208331,213090.96731025,2.0,45135.92256302367,10.717433717603646
18156.0,1273578.06398892,204627.838213578,3.0,10175.69640172926,9.227757450399114
18157.0,1264543.74513167,198706.963583514,3.0,2015890.0346332816,14.516571360372836
18160.0,1269311.80580856,204946.524293914,3.0,87578.16941322923,11.380287038255567
18163.0,1258401.23670939,218876.21326817604,3.0,7145307.507837016,15.781966406605715
18164.0,1259225.93424623,217975.969043255,4.0,8454969.738314122,15.95026496116165
18165.0,1285470.2636171,194200.179322898,4.0,2922462.8423033743,14.887937257894539
18168.0,1271209.2386425,212119.018125251,4.0,3223265.258534115,14.985905459159069
18171.0,1275000.28229438,202866.131779775,3.0,216027.5945461768,12.28316143103524
18172.0,1275502.25010289,202186.301763088,3.0,170989.3397120787,12.049356492676488
18175.0,1271994.2538113,212840.826061994,2.0,51136.56354766085,10.842255049631179
18177.0,1260788.57117583,212251.021837384,4.0,810923.1346503403,13.60592855012285
18178.0,1260626.81591167,212475.849101618,5.0,4154491.8636189112,15.23970068363512
18179.0,1273137.36043647,213501.811662674,2.0,229037.3443107452,12.341640344833772
18180.0,1277479.81900093,205878.28256686,2.0,44480.42115631724,10.702804397322023
18182.0,1287315.71565099,204867.046405822,3.0,75878.17729142607,11.2368844028251
18184.0,1278189.11116165,202097.278978989,3.0,251442.79102405976,12.434970771569164
18185.0,1278209.29324166,201989.283842877,3.0,4982.53732575737,8.513694543430162
18187.0,1270412.75864169,198040.863550842,3.0,5927365.886062824,15.59509047094879
18188.0,1263761.97271487,198404.797887206,3.0,4080805.780579599,15.221805022120824
18189.0,1281622.74047716,219416.23451672503,3.0,185994.2181442079,12.133470866965988
18190.0,1280996.47302052,204445.662085399,3.0,374207.68835345225,12.832566238718627
18193.0,1251900.52534273,212713.67342186,3.0,639735.5890348585,13.368810227836097
18194.0,1269441.77438469,194146.860538855,3.0,8456821.778025074,15.950483984641991
18198.0,1279017.6223305,204384.905989334,3.0,994798.1592803012,13.8102951405682
18199.0,1255253.50646617,199042.940927863,3.0,1431426.8799478312,14.17418232289181
18201.0,1255499.16445042,215592.825168803,3.0,112023.75602162511,11.62646623512159
18208.0,1285518.91315316,191843.01176849,4.0,1660906.0541392288,14.322873827176014
18212.0,1265352.0305725,209466.915850535,3.0,190858.12482131916,12.15928562903206
18218.0,1279143.68869862,218745.941268042,5.0,13777868.75990951,16.43857414975311
18221.0,1273128.63640447,213068.153742224,2.0,185007.46080836197,12.12815143194113
18223.0,1286288.51097794,198068.745726869,3.0,612220.819604559,13.324848312763217
18224.0,1272776.10725211,211986.869453117,3.0,175387.377934307,12.074752394724856
18225.0,1253962.90633684,207291.486152306,3.0,276055.37594022683,12.528356762038873
18228.0,1255403.43625832,191798.85996045204,3.0,170145.34309411893,12.04440831013998
18230.0,1270080.45713735,202754.209091663,3.0,43159.66126356878,10.672661570953153
18231.0,1269757.85412902,203607.798276544,4.0,6741687.904252706,15.723820882433934
18232.0,1284641.42016025,195243.149691969,3.0,104694.3601603345,11.558800528744296
18234.0,1285451.95756909,193362.362426043,3.0,86331.27973844174,11.365947264917239
18235.0,1267919.24753514,200598.172417462,3.0,6291183.300752153,15.654659735109437
18236.0,1258197.10787718,207843.463048875,4.0,127503.09536463943,11.755895920655648
18237.0,1279324.24313082,209605.81351468,3.0,143819.18960350312,11.876312161843662
18239.0,1286639.0968983,199163.226495981,3.0,271144.83217891987,12.51040839318631
18248.0,1267106.3489103,192358.876921013,3.0,750736.0905477849,13.528809458265064
18249.0,1266791.68580598,192367.687225029,4.0,1182995.068462326,13.983559974280935
18251.0,1253895.22115277,207302.993672326,2.0,202548.815744705,12.218736201883086
18254.0,1286187.31270584,208614.978569672,3.0,706062.3020873759,13.467458759164565
18255.0,1259170.84375018,197054.79007782004,3.0,1711383.293990643,14.352812545314288
18260.0,1278551.69938602,198189.74777498803,3.0,87945.46072452301,11.384472136832883
18261.0,1279039.54482652,196746.014781505,2.0,60968.18234993909,11.018107406253748
18267.0,1268636.71723187,211356.666636467,3.0,3063090.260879716,14.934934853509928
18268.0,1254896.8854738,202038.381506935,3.0,178193.86624883147,12.090627372825049
18271.0,1275059.68075845,211128.217612237,3.0,351924.8437794035,12.771172919792972
18272.0,1286677.32717034,204324.872645274,4.0,1480459.7265223674,14.207863223534648
18273.0,1261823.15146489,196470.787325233,3.0,156151.320766768,11.958580820996094
18277.0,1277158.7854646,207600.804424629,4.0,339349.8567888208,12.734786880115669
18283.0,1259365.42506237,209799.68717888,3.0,15325284.49500018,16.54501460372518
18284.0,1282818.00319839,199264.215744093,4.0,1447980.788854787,14.185680584474309
18287.0,1281732.94169328,219005.004692301,3.0,105507.98435321938,11.566541910107759
18288.0,1278621.8409541,200485.223489344,3.0,87312.8251614277,11.377252640103222
18290.0,1275148.11691853,215449.346768662,3.0,162245.21919536646,11.996864168464212
18291.0,1271690.91749099,196221.416060969,3.0,6670006.790557347,15.713131435965852
18292.0,1277617.84133707,214430.12180762,4.0,250626.6324323768,12.431719590467651
18295.0,1278067.80076152,202757.225539669,4.0,2586409.826418069,14.765781304650785
18296.0,1280974.9336925,197341.388222128,4.0,414633.9785314361,12.935151430597799
18298.0,1283764.28115135,204399.441413343,4.0,976905.1699507036,13.792144863827566
18299.0,1276030.89042343,203205.366020128,3.0,52435.3739310532,10.86733671756859
18300.0,1276093.87295151,203153.289668068,3.0,1607130.4875984106,14.289960840924337
18311.0,1288144.78777984,191957.83602461204,3.0,53244.07034190914,10.882641722289716
18317.0,1272624.93726794,207115.176776126,2.0,182313.17896915143,12.113481250808292
18326.0,1265665.51780483,212131.867853269,3.0,18480.79408082153,9.824487314013927
18328.0,1279918.16773942,207990.96474503,4.0,520376.91640424775,13.16230866722746
18331.0,1279148.67884263,212052.386061192,4.0,3745718.754159189,15.13612408019248
18342.0,1270296.57873757,191514.331320152,2.0,2541523.960289852,14.748274443442146
18345.0,1258124.58339711,205862.90957485104,3.0,112912.98612876068,11.634372766807056
18346.0,1285544.02400118,198803.882687613,3.0,92388.63040531024,11.433759202497226
18347.0,1285550.74150519,198458.69081527003,3.0,50888.23558592585,10.837387047846546
18349.0,1283259.42975885,195266.749052003,4.0,1699401.1365437135,14.345786474342525
18350.0,1259693.01271071,217418.712274686,4.0,8625506.944355726,15.970234295311633
18354.0,1277396.67052084,217447.93038670704,3.0,721758.385317263,13.489445715493387
18357.0,1282415.87730998,206074.16442306305,3.0,782754.4598211822,13.57057433680408
18360.0,1287741.78137943,193079.34360975,3.0,835874.5633222682,13.636233836936245
18361.0,1271213.72945851,212025.16858916,4.0,9176272.302217703,16.032131612832476
18362.0,1276445.41291986,211739.560908869,2.0,940011.7847923829,13.753647691180772
18363.0,1258098.20618108,219374.906836689,3.0,5123236.132781298,15.449296854535524
18364.0,1274255.94974962,218740.19746004,4.0,582094.9413123251,13.27438884281204
18365.0,1271068.99224235,197021.64313378895,3.0,5869305.249460357,15.585246828660006
18366.0,1286280.71904193,204876.467973843,3.0,72863.55209774882,11.196343821745165
18369.0,1260883.85117593,198473.299711287,3.0,449406.2444975005,13.015682533824858
18371.0,1281753.5177573,217334.4837946,3.0,59860.44452754231,10.999771207499101
18372.0,1279035.47564252,200033.435008883,4.0,4565005.859105264,15.333930355494559
18375.0,1279676.05209117,208753.11412181,4.0,861074.6265185743,13.665936453891474
18377.0,1281515.57305306,216035.582801268,3.0,3585487.464615794,15.092404996165842
18380.0,1281806.23455736,193968.494074672,4.0,45827.74206452118,10.73264490865957
18381.0,1282859.95257443,197642.802366436,3.0,50441.80060856904,10.828575487470424
18383.0,1281569.06079711,216981.69640223696,3.0,3287079.627918968,15.00551007745758
18384.0,1256609.55037156,200446.2235533,3.0,2179743.0754171764,14.594717572506566
18389.0,1269662.51896092,202164.971139058,4.0,29564055.470804952,17.202069839180815
18391.0,1264474.3049396,206440.66695143297,3.0,538535.3644667872,13.196608445598278
18394.0,1279530.56812303,209105.731850162,3.0,77731.10204501929,11.261010739983265
18395.0,1279160.49247465,210669.052875772,2.0,14053.85531099273,9.550652036480187
18396.0,1265548.2289727,208406.053129449,3.0,63025.8161085306,11.051299700937465
18397.0,1260477.30935152,202394.716419294,2.0,192724.88236437,12.169018970946526
18399.0,1277607.27442506,199469.9552003,3.0,123915.64934650116,11.72735636590843
18411.0,1260958.693224,212277.371853411,2.0,54078.78929012719,10.898197323079543
18412.0,1266339.14180551,198767.080959573,1.0,0.0,
18413.0,1266166.11524534,198768.360447586,3.0,93182.0,11.442309848973883
18416.0,1276369.26872778,207401.210312426,3.0,93182.0,11.442309848973883
18417.0,1276368.17323978,207289.841480315,1.0,0.0,
18418.0,1276372.9773358,207527.172680557,1.0,0.0,
18419.0,1285639.41190527,196323.755773082,3.0,88634.70935551164,11.392278813326039
18430.0,1261370.72093643,202468.547971368,3.0,33586.15895178883,10.421869325123705
18431.0,1266677.73329386,195045.91090777505,3.0,50241.59265882901,10.824598501651337
18437.0,1275937.22098334,218672.883347958,1.0,0.0,
18438.0,1271000.09573029,168617.274080709,3.0,125129.4583775193,11.737104147371504
18441.0,1250428.74838123,212875.016974032,3.0,2164534.719979529,14.587715986382106
18443.0,1278108.41612157,214193.193807378,1.0,0.0,
18444.0,1286138.58380979,207766.459272802,2.0,516.4432832048681,6.246965472665421
18446.0,1249744.35375652,213491.594126657,3.0,69348.82688247049,11.146904509701855
18447.0,1249619.5764764,213504.305422679,1.0,0.0,
18448.0,1281978.25548553,222114.424343482,3.0,40787.73764657401,10.6161367673406
18450.0,1281712.99654126,222175.605015546,3.0,46646.000000000015,10.750342457690289
18451.0,1250414.5634212,213245.15009440496,3.0,30190.19132774618,10.31527236013513
18452.0,1250091.81570888,213465.545934632,5.0,330023.16316112515,12.706918122376711
18453.0,1278806.29138628,212293.360973433,1.0,0.0,
18455.0,1275138.41650252,203465.69984439,4.0,2743631.155439991,14.824792840221495
18457.0,1258016.84048499,195750.58399649,1.0,0.0,
18458.0,1284954.25708857,186686.213363215,1.0,0.0,
18459.0,1284983.09529661,186687.731059209,3.0,93182.0,11.442309848973883
18461.0,1281047.83903658,195953.718780696,3.0,32139.26911709053,10.37783389843214
18464.0,1277510.41471295,201494.606658369,1.0,0.0,
18465.0,1277921.87288937,201488.18278636,3.0,83643.18854178446,11.334315275027611
18467.0,1281854.6491494,194014.73381871,3.0,48078.06821308836,10.780581389805576
18468.0,1280973.8674525,194931.941947654,1.0,0.0,
18470.0,1280721.09266824,196632.720381394,3.0,46750.43512382595,10.752578842135037
18471.0,1281041.53330857,196610.533117369,4.0,145319.4249856705,11.886689529443677
18472.0,1277807.87116125,204106.521029055,4.0,2334498.7897661803,14.663307774980563
18473.0,1277911.25317736,203574.812484503,3.0,47957.27404180759,10.778065769365291
18476.0,1271003.44741029,170262.397474393,1.0,0.0,
18477.0,1271351.30763465,170256.308258384,3.0,599728.0057065858,13.304231507593618
18478.0,1284989.42073661,186875.403635398,1.0,0.0,
18479.0,1250087.64214088,213346.896270514,3.0,52652.39896631312,10.871467080936501
18480.0,1250084.48726086,213257.201870412,4.0,26151.27013659053,10.171653039502457
18482.0,1280634.10828415,203281.367492199,1.0,0.0,
18483.0,1267910.55428712,171337.499619499,4.0,5641475.018785873,15.54565611743524
18484.0,1250410.52438121,213148.474766314,3.0,16637.758523351597,9.71943000117628
18485.0,1250406.2852132,213046.99924621,3.0,6077.83171506918,8.712403285543115
18488.0,1285225.38649686,184832.615665317,2.0,93180.0,11.442288385370787
18489.0,1268246.07300746,200806.767489672,1.0,0.0,
18490.0,1274116.88178147,211105.273100212,1.0,0.0,
18491.0,1250418.57583721,213343.484174505,3.0,1586.713202990777,7.369419987743287
18494.0,1264352.98269948,201953.90656285,1.0,0.0,
18501.0,1257006.92157196,219987.520149305,3.0,761918.3449061709,13.54359467001107
18502.0,1289354.06259708,180472.898028851,1.0,0.0,
18503.0,1289384.39194112,180472.338348851,3.0,139768.0,11.84773918415428
18504.0,1288431.86662814,191618.441720262,3.0,114455.75994016604,11.647943651245546
18505.0,1276667.75237609,203951.451140895,3.0,186346.0,12.135360439691786
18506.0,1289544.14029327,191250.312823877,2.0,565162.3161436662,13.244868254080112
18508.0,1254228.05116911,208526.01549758,1.0,0.0,
18509.0,1288619.59789233,191395.492984027,6.0,499516.1670851641,13.121395243083825
18510.0,1289550.37357329,180559.079276934,3.0,350797.05159470835,12.767963134640706
18511.0,1254660.01686555,199802.185152635,1.0,0.0,
18512.0,1251764.13417459,213731.340686902,1.0,0.0,
18513.0,1251749.07222258,213729.429262906,4.0,140836.3494828624,11.855353853328287
18514.0,1288755.23706047,191699.03896834,2.0,44278.62947991023,10.698257435122034
18516.0,1273302.42213264,197315.783294097,2.0,46592.0,10.749184131556358
18517.0,1273424.14366877,197312.013950095,1.0,0.0,
18519.0,1288905.84467663,191085.465399712,3.0,336226.2714452991,12.725539639215715
18520.0,1289103.64614883,191253.37778388,4.0,262699.23432383087,12.478765061028465
18522.0,1288526.28410023,191505.713592142,3.0,88892.37784890726,11.395181679343759
18523.0,1288566.78925228,192689.652793363,2.0,584963.1453495778,13.279304124827016
18524.0,1288760.64678848,192479.566585138,3.0,545854.2330427472,13.210107246634372
18525.0,1289133.94426085,191278.828535914,2.0,93180.0,11.442288385370787
18526.0,1289229.37126896,191359.616119996,2.0,46592.0,10.749184131556358
18527.0,1251760.45635058,211368.263436481,2.0,29282.886517579835,10.284758546466916
18528.0,1289068.80166879,181177.603629574,4.0,1430894.5351367646,14.17381035570853
18529.0,1289044.35885276,180041.087532401,3.0,9026135.236182116,16.015634842215196
18531.0,1288709.99238843,191289.078199923,4.0,760134.6003493249,13.541250802303942
18534.0,1289404.96013314,181414.379757807,1.0,0.0,
18535.0,1289361.3014451,180929.24586930903,3.0,423752.53834146017,12.956904927845192
18536.0,1294693.58017056,185512.430578008,1.0,0.0,
18537.0,1254959.40931386,199792.525760636,1.0,0.0,
18538.0,1256679.99478762,219622.95362094,3.0,662885.4919900632,13.404357542321053
18540.0,1260344.61437538,201812.424258694,4.0,1530589.5745037603,14.241163561956059
18543.0,1279584.33119507,217507.225554764,4.0,775597.6397576734,13.561389159227996
18545.0,1265305.33706845,179003.919019341,3.0,70652.87117083716,11.16553402664767
18546.0,1279339.85657082,217513.008018777,2.0,5408.725644323024,8.595768788514956
18547.0,1279581.26194708,217299.457618564,2.0,405256.98631386826,12.912276678965346
18548.0,1279703.82860319,217296.404754549,3.0,373253.3354476671,12.830012651591026
18550.0,1264907.41463605,178949.636011288,1.0,0.0,
18551.0,1265471.28490862,179206.864491552,2.0,8282.316359039944,9.02187796176283
18552.0,1270527.7459058,177545.37335385397,3.0,6911038.270422206,15.748630440668126
18553.0,1270170.14884944,176688.321640968,3.0,1496276.9775207115,14.21849056578081
18554.0,1282212.84754977,222855.271960244,2.0,767442.2969230056,13.550818572454887
18555.0,1269704.04484896,175211.869863465,5.0,11418953.211995523,16.25078509529344
18556.0,1269971.45540923,175543.133927792,3.0,7534433.410291736,15.834994192828198
18557.0,1291098.14541487,171924.596580088,3.0,22013.361707732864,9.999404898329367
18558.0,1291098.37376687,172346.305380523,3.0,46592.0,10.749184131556358
18559.0,1291093.77696687,172422.842596605,3.0,46592.0,10.749184131556358
18560.0,1290571.46637432,172594.098852783,3.0,256739.09768930537,12.455815664140669
18561.0,1290216.21216597,171963.275940135,3.0,160731.70456487592,11.987491822651455
18562.0,1255083.34275399,194742.819643453,3.0,469563.131578146,13.05955803414593
18563.0,1254918.55043381,194747.050235465,1.0,0.0,
18564.0,1290977.90778275,172614.427236795,4.0,267139.64563321,12.49552681800933
18565.0,1291195.76135097,171943.493860111,3.0,142396.34146296146,11.866369585656383
18566.0,1280390.4729559,173075.47907728,4.0,3184829.665459231,14.973909365325701
18567.0,1280232.97554775,172648.183012828,3.0,3800918.0210837536,15.150753180015503
18568.0,1280082.02469958,172236.775716409,3.0,14726845.48666408,16.5051826098127
18569.0,1270947.44357023,169751.255457863,3.0,269694.53581954364,12.505045248705834
18570.0,1270300.86744156,171464.91017963,3.0,981504.6560138364,13.796842036461051
18571.0,1269872.07761714,172481.13482067,3.0,4809144.5429642685,15.386029776569233
18572.0,1270031.8604653,171277.785827428,4.0,5093348.59441078,15.44344604931489
18573.0,1270974.56689826,169533.422561646,3.0,93180.0,11.442288385370787
18574.0,1270475.97899374,171266.737315416,3.0,830511.0792239299,13.629796548372669
18575.0,1271891.9712512,167242.969119295,2.0,46592.0,10.749184131556358
18576.0,1281857.0930534,222132.170711502,1.0,0.0,
18577.0,1275597.287287,203119.137540042,3.0,326060.0,12.694836692493645
18581.0,1295755.99796364,184102.124400571,3.0,5323.405001314175,8.579868415439837
18582.0,1295795.00481167,185152.817137644,4.0,127805.06384001693,11.758261443301917
18590.0,1295829.13991572,186203.783218712,3.0,42521.421831077074,10.657763271009628
18591.0,1296310.7901562,186176.471922681,4.0,106814.51023688976,11.578849059920893
18593.0,1296215.16634811,183560.518192008,4.0,232643.3980492468,12.357262079690901
18594.0,1296872.19489278,183529.89092797003,3.0,111587.60935268612,11.62256529545968
18595.0,1292272.77332006,179964.764524326,2.0,46592.0,10.749184131556358
18596.0,1292371.70292017,179997.521708354,1.0,0.0,
18599.0,1273451.99602079,204374.147781327,4.0,91577.73280878075,11.42494342950347
18601.0,1273340.42142868,204567.999429524,4.0,28698.49211764266,10.264599860912508
18602.0,1273277.68005262,204677.644549638,4.0,1373202.9840578518,14.13265651363195
18603.0,1271517.01265882,213488.811342657,1.0,0.0,
18606.0,1295727.6958836,182278.49713470004,3.0,641028.4793346679,13.370829164455108
18607.0,1296029.47706792,182287.642798707,1.0,0.0,
18611.0,1272950.16562028,205282.835270256,4.0,581495.1119726567,13.273357845011557
18614.0,1297188.7267331,185186.57137768003,3.0,467059.5553424269,13.054212056019937
18615.0,1297344.21985327,185178.95358566905,3.0,1074378.340951438,13.887252764784167
18620.0,1273589.98981294,204131.105669066,4.0,175392.88875019283,12.074783815054959
18621.0,1272436.36613175,206349.50343135,3.0,1646456.0344854165,14.314135678034155
18623.0,1277740.52216919,204460.783813417,4.0,916975.480016632,13.728836011531733
18624.0,1279755.71826725,207150.17536816,1.0,0.0,
18625.0,1274671.09919004,205490.984454468,2.0,9.117532467532468,2.2101992047069676
18626.0,1274644.87845401,205401.372486368,3.0,119058.9285511134,11.687373847432161
18627.0,1279012.70828249,204106.541061044,3.0,761203.3179612311,13.54265577325069
18630.0,1288313.27731602,173879.904038101,3.0,57035.10064412012,10.951422158063231
18631.0,1288311.07616401,173726.536869943,1.0,0.0,
18639.0,1288345.72013205,171556.222627714,3.0,391134.8458425015,12.876807653789536
18640.0,1296191.28551608,182786.988207221,3.0,353850.39594116807,12.776629492455314
18641.0,1296223.38810812,182665.113455087,1.0,0.0,
18643.0,1289048.49760477,171665.730595827,3.0,235008.01768451143,12.367374910350728
18646.0,1269687.84472094,175894.46397616,3.0,2135959.43941958,14.574426489846152
18649.0,1280640.96518016,172458.958372638,3.0,333272.87596792856,12.716716880750042
18650.0,1282024.60614158,172497.51965268,3.0,6769598.423179981,15.727952326021297
18651.0,1284522.02732813,172750.970916942,3.0,5299742.434258508,15.483168780031747
18652.0,1283898.43801549,173195.914533392,3.0,6524008.443758544,15.69099953698317
18653.0,1284919.99699254,172724.54211691,3.0,1546245.6364437588,14.251340380659798
18654.0,1270205.42699347,175890.366504148,3.0,2644303.2058413844,14.787918150323364
18655.0,1270309.14040159,176676.30493696,4.0,14342996.433315782,16.478772327605594
18656.0,1284228.80550383,172909.217317104,3.0,20843856.01800433,16.852569787388283
18657.0,1284985.62188861,172166.729636341,3.0,2887155.4233956607,14.875782292802382
18658.0,1292212.35936801,172988.705957189,1.0,0.0,
18659.0,1291224.49984699,172653.423524842,3.0,46592.0,10.749184131556358
18660.0,1273034.39902838,175026.099559277,2.0,2028880.854472458,14.522994895778938
18661.0,1270644.42878592,175011.64810325197,3.0,2011454.6777047056,14.514368738527141
18662.0,1270235.57457751,175114.512743354,4.0,2669872.947573326,14.797541444065692
18671.0,1295130.432971,184530.550000995,4.0,373814.5561953397,12.831515114377943
18672.0,1296954.96340486,186150.423090667,5.0,1337729.217452957,14.106484120603767
18673.0,1296296.7623162,185911.811058417,4.0,320154.38315714,12.676558605801658
18676.0,1297497.01748542,185172.222641662,3.0,3240388.262550804,14.991203714709595
18677.0,1296952.88961287,185875.187442377,4.0,388881.8832328475,12.871030934417053
18681.0,1289970.49478972,172275.113572448,1.0,0.0,
18682.0,1297178.9846531,184955.060977444,3.0,452050.28205081495,13.021548696102526
18683.0,1289412.81280515,170835.914658979,1.0,0.0,
18684.0,1289986.49312574,170823.864482969,3.0,46814.13126294002,10.753940386390813
18686.0,1255159.15561807,201881.631810769,4.0,67441.65288213477,11.11901810130385
18687.0,1269273.51940852,209209.865482271,1.0,0.0,
18689.0,1295820.73108371,185943.880882457,3.0,235545.59118772176,12.369659766855682
18694.0,1295135.344331,184810.890673295,3.0,419113.13053900097,12.945896163746886
18696.0,1268550.07729578,213594.447310761,3.0,181532.5847080812,12.10919044664552
18698.0,1289608.69466135,164394.349788383,3.0,46557.70826804784,10.748447860146841
18699.0,1290583.25178234,164148.296476126,2.0,549.8317460317455,6.309612315118661
18700.0,1296895.4799488,184308.602288783,4.0,207232.11384235293,12.241594766944466
18701.0,1297030.03412494,184301.561008766,1.0,0.0,
18702.0,1297193.44161311,185335.789873824,3.0,393166.34883719904,12.881988080777875
18703.0,1297252.67610916,185333.09732982505,3.0,217126.97057682852,12.288237579273453
18704.0,1296316.46862021,186426.994418949,3.0,35394.84814758994,10.474321555977019
18705.0,1296644.16289255,186442.954994962,3.0,1110295.4419378203,13.920136701781134
18706.0,1297462.68846138,185323.000561818,3.0,2077175.9237916165,14.546519800182073
18708.0,1286869.90649854,169582.956577703,3.0,1075112.4986608862,13.887935863985582
18709.0,1288878.66003659,169530.679777637,4.0,477108.330288431,13.075498851608385
18713.0,1295841.36199573,186452.191218972,3.0,37763.82452405661,10.53910690019551
18714.0,1296915.06062083,184824.884721309,4.0,617174.3722221132,13.332906875961797
18715.0,1297170.55585308,184810.085553288,3.0,635045.7210684704,13.361452276965462
18716.0,1288813.66669253,166906.439262956,4.0,325669.3977225671,12.693638028368424
18717.0,1294793.82765865,179216.123627558,4.0,78321.1884296668,11.268573451114635
18719.0,1286002.11756966,177937.559274256,2.0,46592.0,10.749184131556358
18720.0,1286009.94822566,177891.119722202,1.0,0.0,
18721.0,1255358.60009827,202353.196163252,1.0,0.0,
18722.0,1255178.02269009,202029.468098924,3.0,55478.32187831549,10.923747626644623
18724.0,1296863.11060478,182995.66692742697,3.0,443350.8817723335,13.002116793691556
18725.0,1296924.19476484,185347.906033844,4.0,386877.7271266265,12.865863971511827
18726.0,1295765.00289164,184344.686256811,3.0,8884.958801905597,9.092115103763776
18729.0,1296875.57646078,183664.910384119,3.0,55860.70694796766,10.930616495129211
18730.0,1297355.19226928,183640.869744092,1.0,0.0,
18732.0,1288893.25773261,170389.512674525,3.0,96856.22044261378,11.480982894368031
18733.0,1295777.46317966,184620.322481096,3.0,80053.93026917007,11.290455814898186
18734.0,1278604.65957807,212349.197773486,3.0,1315756.7666022517,14.089922545974796
18736.0,1296283.55271618,185646.266610146,4.0,105505.4801226286,11.56651817483952
18737.0,1276140.24850355,216481.771217719,2.0,10041.93183172592,9.214524788255131
18738.0,1294572.93671443,184554.983025029,1.0,0.0,
18740.0,1260721.14218377,204457.304453403,3.0,170904.49499374247,12.048860170652132
18742.0,1255302.98768221,201600.381058484,1.0,0.0,
18743.0,1296269.42900416,185112.154481605,4.0,37164.3478729438,10.523105190199145
18744.0,1289958.4849337,169483.745505601,4.0,239164.0618261543,12.384905046569278
18746.0,1295811.21997969,185668.855794162,3.0,5605.91668720877,8.631577870253041
18749.0,1297186.8694531,185899.966578409,3.0,1729847.1185639636,14.363543591796759
18750.0,1297395.37690932,186136.806962654,1.0,0.0,
18755.0,1288731.73677245,164222.957468212,3.0,92677.68207757166,11.436882968280727
18759.0,1296887.0468608,184044.374512509,3.0,75189.18791667357,11.227762721897118
18760.0,1296208.45870011,183295.341551736,3.0,263699.4029396076,12.482565108173505
18761.0,1274834.31442222,217104.798226357,1.0,0.0,
18765.0,1295786.60980366,184863.954225346,3.0,73275.73154600487,11.201984749098072
18766.0,1255228.71977814,201702.88608259,2.0,3663.529063014191,8.206182186696486
18768.0,1296881.06951679,183790.760816246,3.0,46946.05083439061,10.756754366815125
18769.0,1296612.37454051,185632.338162124,1.0,0.0,
18770.0,1277924.25477737,209194.307466254,3.0,548590.8887391804,13.21510824914353
18771.0,1283294.96614288,188653.16478923,6.0,34317599.18003133,17.35116887617535
18772.0,1274594.06782997,192124.979064777,2.0,46592.0,10.749184131556358
18773.0,1283026.48044661,193286.898681968,3.0,4734160.457724167,15.370314963226935
18774.0,1284195.3038718,185928.438002437,3.0,2636971.095430485,14.785141504118917
18775.0,1283306.5438709,189771.183606371,2.0,19712556.6177048,16.796766382422028
18776.0,1283324.30073491,189330.590965912,2.0,19753663.281984568,16.798849514743758
18779.0,1290392.33971815,179408.839147761,3.0,5039067.6792319445,15.432731638656474
18780.0,1289425.13760516,179834.990508199,3.0,12958630.835783452,16.377272597920456
18781.0,1276051.73720746,205845.431302831,1.0,0.0,
18782.0,1287429.59238711,196198.721276954,2.0,3.0,1.0986122886681098
18783.0,1265792.35217296,207753.833608776,3.0,93182.0,11.442309848973883
18784.0,1265788.48510095,207268.526536286,1.0,0.0,
18786.0,1288152.05318785,181022.633517414,4.0,8842773.54311653,15.995111134626159
18789.0,1279492.04428299,201646.049282536,2.0,4868.591481348702,8.49055995070108
18790.0,1287930.11104362,186954.898547485,1.0,0.0,
18791.0,1279811.63058731,200393.492033243,2.0,64593.09332134538,11.07586276952467
18792.0,1285124.18329675,182981.233263418,3.0,77241.47823172719,11.254691874522539
18793.0,1271837.90833914,172044.350244209,3.0,860192.4608020339,13.66491143482235
18794.0,1272051.76779537,172108.628324285,1.0,0.0,
18795.0,1285150.18617678,191521.353272155,2.0,121.15555555555554,4.797075303046103
18797.0,1286356.03808202,184290.207344756,1.0,0.0,
18798.0,1286408.10560207,184081.499760538,2.0,46592.0,10.749184131556358
18802.0,1260201.96573523,167492.042463556,1.0,0.0,
18803.0,1259941.10730296,167583.686623648,3.0,342886.6445425964,12.745155189143638
18804.0,1268091.38398331,187373.764787912,3.0,38849.43765039236,10.567448880797656
18805.0,1267810.60900702,187373.356979907,3.0,15865.488026743422,9.671901464763431
18810.0,1257548.78173251,208517.195593566,4.0,3320696.195987108,15.015685016495684
18811.0,1282414.80978997,198441.83846324697,3.0,28800.658307117348,10.268153523748818
18812.0,1282502.07961407,197921.722046718,3.0,27509.073104420844,10.222271160309225
18813.0,1264345.30948347,171987.358244151,3.0,161964.93129202732,11.995135117274746
18815.0,1279821.70533933,200512.18771337,2.0,25354.57440479728,10.14071444263359
18817.0,1268629.93508786,186773.0855553,3.0,46744.77478632474,10.752457759193707
18820.0,1268109.06148733,187013.949939549,3.0,207324.1468270036,12.24203877416324
18821.0,1267877.46839909,186981.983475506,3.0,59363.04824397175,10.991427228341733
18827.0,1262834.10544993,166294.993310332,3.0,802854.7028044813,13.595929033598441
18829.0,1268126.96139134,187247.502259791,3.0,109981.9494743116,11.608071535621306
18830.0,1267830.04331104,187249.380211785,3.0,44096.79326171093,10.694142343637115
18831.0,1253747.86646461,216462.380497694,1.0,0.0,
18832.0,1253565.87798443,216384.679889619,2.0,46592.0,10.749184131556358
18834.0,1280636.73618816,201172.794626042,2.0,10895.022410350126,9.296061304315579
18835.0,1280281.6788438,200502.891137362,2.0,36.55190625588108,3.5987333395794443
18836.0,1285378.90419301,174244.745446473,2.0,93180.0,11.442288385370787
18837.0,1281708.56511725,188391.26245296,2.0,139764.0,11.847710564890653
18839.0,1273576.22866093,214078.941711262,3.0,49738182.82459383,17.72228346218994
18840.0,1253515.66384038,216519.401105762,1.0,0.0,
18841.0,1268257.27838348,186678.491955206,3.0,13328.578100381468,9.497665738344523
18842.0,1287923.46803562,186754.315571278,1.0,0.0,
18843.0,1284791.14131241,182984.113839418,2.0,0.0,
18844.0,1267043.72535823,192276.398712933,2.0,34247.9806987328,10.441382884251066
18847.0,1273693.51749304,214941.847824141,3.0,69245998.43873462,18.053175917083944
18849.0,1273306.78955665,210362.367115453,3.0,135330617.5315429,18.723231361195626
18851.0,1282039.25343759,193770.765818462,4.0,390292.2209464088,12.87465102201033
18853.0,1278730.40965821,201219.076034099,2.0,14182.934387289084,9.559794717132112
18854.0,1253862.31209674,216931.526866183,1.0,0.0,
18857.0,1274090.27717344,177794.12881010803,3.0,2203864.077501599,14.605722776528173
18858.0,1273431.19224478,200312.665793166,1.0,0.0,
18859.0,1271817.38571513,171237.267555386,1.0,0.0,
18860.0,1268554.84171179,209532.546954602,1.0,0.0,
18861.0,1282507.30790207,198956.595007777,3.0,101773.50185717168,11.53050505311714
18863.0,1281992.82143754,193739.28652243305,3.0,43917.09730376293,10.690058983465706
18864.0,1268796.25336003,186773.0855553,1.0,0.0,
18866.0,1263102.0055462,207478.910984501,3.0,57137.68903644205,10.95321923108243
18867.0,1284978.83513661,191400.786936045,1.0,0.0,
18869.0,1272394.42622772,215061.684496269,3.0,49076.81638147404,10.801142030817827
18870.0,1272391.07128371,214849.903120056,1.0,0.0,
18871.0,1265594.87978876,207751.670280784,4.0,263071.7200630663,12.48018197384362
18872.0,1265464.57822062,207757.962888792,1.0,0.0,
18873.0,1265008.50858815,208410.261769459,5.0,186356.0,12.13541410186694
18874.0,1275510.3317669,217611.53141087305,3.0,51494.61686057643,10.849232554209404
18875.0,1265304.67895645,212667.495053813,3.0,2886.00242499635,7.967627579595539
18876.0,1260672.26992771,213483.910414651,2.0,2924.383068013078,7.9808388205012495
18877.0,1260757.04765581,213233.3685904,3.0,17226.710197120996,9.75421637670784
18878.0,1279694.62425119,197625.118974417,1.0,0.0,
18884.0,1283227.4495348,195267.608955994,4.0,5021292.841724861,15.429197996702849
18885.0,1280827.56159635,193994.620346695,1.0,0.0,
18886.0,1280101.58373961,201973.610626861,4.0,109791.22303795822,11.606335868960503
18888.0,1280325.61477983,212624.09652577303,3.0,165368.90176501576,12.015934025544702
18889.0,1287489.71168317,195646.326012388,2.0,23293.0,10.055908165231354
18890.0,1280317.74047583,201614.780930489,1.0,0.0,
18892.0,1279348.29260284,213492.974414662,3.0,189011.49107257,12.149563091519342
18894.0,1282797.44742237,199263.236800089,4.0,3553974.3356054784,15.083577066400395
18895.0,1283218.6270708,194224.820026934,4.0,15188643.554728182,16.536058572015026
18896.0,1265268.13246042,212598.592973739,3.0,281820.2551467509,12.549024753602284
18898.0,1260910.53744796,213177.815886334,3.0,14435332.294116609,16.485189390843075
18899.0,1281047.95097257,197839.278654635,2.0,89517.02485267786,11.402184107990701
18900.0,1281005.90706854,216840.182290092,1.0,0.0,
18901.0,1280454.08697197,210905.883084014,2.0,164881.96852819296,12.01298515464999
18904.0,1260819.27485587,213210.846670374,2.0,61061.42890177047,11.019635667616276
18905.0,1263092.99933819,212156.206413284,1.0,0.0,
18907.0,1260954.94320799,212361.515021503,4.0,14569099.732355122,16.494413387130933
18908.0,1281063.3616606,198084.105918884,1.0,0.0,
18909.0,1279935.93708344,197618.255806401,1.0,0.0,
18910.0,1280507.40345202,212708.648525864,2.0,33320.89589113392,10.41393998340833
18912.0,1284928.33555254,170935.416803077,3.0,1046826.7956048038,13.861274046945978
18913.0,1260810.13117585,212416.25543755305,3.0,202337.41939374965,12.217691975866895
18914.0,1289081.60614881,181616.725806013,3.0,771750.9755627618,13.556417206455297
18915.0,1290850.20794262,172763.837668955,3.0,15491.263967662791,9.648031529027207
18917.0,1279860.65708336,213532.739406705,3.0,130194.3104562793,11.776783309309321
18918.0,1297016.10273293,182250.535534665,3.0,1260893.526193825,14.047331175374067
18919.0,1279320.81593081,213543.647822708,3.0,97206.4239085631,11.48459207785898
18920.0,1289640.78285338,173570.837029785,2.0,76827.56882327114,11.249318823774797
18921.0,1290302.22739805,173107.844517305,4.0,214140.4377602304,12.274387329981352
18922.0,1288958.49747668,175203.191079453,3.0,299608.33053555374,12.610231335764515
18923.0,1281435.49804497,220995.50331834,2.0,137216.19908546773,11.829313056440371
18924.0,1288960.44627668,173848.92995806,2.0,207030.59174198672,12.240621847521375
18925.0,1280067.45292357,197614.544510394,1.0,0.0,
18926.0,1264924.95761207,213253.404686421,3.0,215569.69239367792,12.281039534822442
18930.0,1254533.82812943,203769.030916706,1.0,0.0,
18933.0,1264882.68042803,200565.438593417,1.0,0.0,
18936.0,1254581.35132948,204653.637381613,2.0,954963.13207647,13.76942801356214
18939.0,1284398.83334401,191897.02021654,2.0,3842.419864336379,8.25385762011041
18940.0,1281705.02015725,215201.630736411,2.0,24693.59785905049,10.114299293029124
18941.0,1281712.28818926,219412.702676728,1.0,0.0,
18942.0,1280077.71205959,205497.417862475,1.0,0.0,
18945.0,1278818.91737029,204396.05094935,4.0,912249.2978028144,13.723668584556346
18946.0,1286634.4670103,203809.996036738,1.0,0.0,
18947.0,1258275.58115725,193785.781498477,3.0,93181.99999999994,11.442309848973883
18948.0,1279797.4330833,203623.32742855,1.0,0.0,
18949.0,1258209.30339719,193649.814586341,1.0,0.0,
18950.0,1258401.31382939,193570.865914255,1.0,0.0,
18951.0,1263874.54071499,205681.220294654,1.0,0.0,
18952.0,1281180.44870071,201941.489922836,1.0,0.0,
18953.0,1281034.60415657,201948.281922832,1.0,0.0,
18954.0,1274746.38149412,212885.702606037,3.0,5404892.044918448,15.502815035667902
18955.0,1274966.84895036,212594.510605738,3.0,2280225.679468123,14.639784978255067
18956.0,1273289.44350863,200846.542977706,1.0,0.0,
18961.0,1277925.24588138,211105.28852421,3.0,190515.1970780668,12.157487245055076
18962.0,1277910.07564136,210730.634123832,2.0,208996.65119268015,12.250073507817048
18963.0,1275457.68850285,214871.582864076,1.0,0.0,
18967.0,1278085.16127354,211097.92833221,3.0,93182.0,11.442309848973883
18974.0,1275794.42047119,215168.245008379,3.0,135404.0788805444,11.816018763678246
18981.0,1281588.88031714,196599.034429356,1.0,0.0,
18983.0,1280407.97452392,212072.1914372,1.0,0.0,
18985.0,1260388.23799142,204468.342469424,4.0,172480.8173087617,12.05804130526275
18998.0,1281041.66290857,197589.303422377,4.0,139770.0,11.847753493478953
18999.0,1281041.45458858,197579.188926369,1.0,0.0,
19003.0,1281042.00511657,197600.385086387,1.0,0.0,
19004.0,1278371.97759384,212842.690893993,2.0,173787.756696469,12.065590044547665
19005.0,1278359.77093783,212491.760205641,3.0,563746.1555439787,13.242359350341589
19009.0,1274399.10955776,195892.32390064,4.0,1462700.1921347028,14.195794732231363
19010.0,1276459.88139988,205523.145478502,3.0,186350.0,12.135381904907405
19012.0,1278557.30924203,212844.56724599,2.0,666677.5044967228,13.410061706469055
19020.0,1274507.14514188,175815.53495207397,3.0,855763.2032377729,13.65974898512269
19021.0,1280425.17170794,210566.780427665,3.0,48401.8778502076,10.787293890510087
19023.0,1286447.50445011,185410.672945902,3.0,140392.24149477988,11.852195509038268
19026.0,1290082.83443783,181400.723629802,4.0,764762.0237584304,13.547319984358897
19029.0,1278109.23698556,212149.88884528,1.0,0.0,
19032.0,1293274.75751309,189046.598069623,3.0,104753.19664891604,11.559362354253512
19033.0,1255984.89705892,199348.764480174,1.0,0.0,
19037.0,1270438.72350571,174963.438567206,1.0,0.0,
19046.0,1276095.84568751,204089.95610103,1.0,0.0,
19048.0,1265269.67511642,177754.237802058,1.0,0.0,
19052.0,1269168.79524842,191088.431927711,3.0,335149.988499483,12.722333437471566
19058.0,1257935.76490091,216153.08878538,2.0,117436.41305494956,11.673652300593666
19062.0,1280659.38809218,209371.43175444,3.0,8538.231613718626,9.052309194347322
19066.0,1258501.85597348,207210.021384224,5.0,626773.349371592,13.348340270008041
19067.0,1252202.70876704,210293.871883377,1.0,0.0,
19076.0,1260109.22115913,212467.50561361,2.0,186412.185473146,12.135715551806936
19077.0,1279707.46277921,205732.768454716,3.0,93182.0,11.442309848973883
19078.0,1257099.95747605,195799.93433255,1.0,0.0,
19080.0,1256245.56125118,219201.964628503,3.0,474086.8900061952,13.069145896126933
19085.0,1278879.77682635,175329.296807587,1.0,0.0,
19086.0,1267207.2128464,189995.870774597,1.0,0.0,
19092.0,1278325.34188178,180939.149421319,1.0,0.0,
19093.0,1278689.27685817,180930.318061322,3.0,361408.07694134273,12.79776300592579
19095.0,1267089.66097428,187795.656692341,1.0,0.0,
19097.0,1275373.07122277,218100.807699382,1.0,0.0,
19101.0,1256455.9892834,194894.878395617,1.0,0.0,
19102.0,1261662.62327273,187176.250803709,4.0,1895207.267071489,14.45483876628089
19106.0,1268552.17867178,188462.092341036,3.0,130879.97793872036,11.782035983275438
19107.0,1271767.08600308,216595.246097833,1.0,0.0,
19108.0,1280596.48959611,186877.907187402,3.0,1523220.6377447862,14.236337491867044
19112.0,1274281.98610164,179103.295787439,5.0,1403333.980862405,14.154361378412489
19113.0,1283787.53075138,170383.592418522,1.0,0.0,
19114.0,1287030.1121947,184395.90398486,1.0,0.0,
19116.0,1286351.03283401,194885.821627602,1.0,0.0,
19123.0,1284441.28800005,202846.126275763,1.0,0.0,
19124.0,1274592.78014997,207582.041992605,1.0,0.0,
19127.0,1283654.57171124,174721.275366962,1.0,0.0,
19128.0,1287207.80441889,200831.752641693,1.0,0.0,
19129.0,1271554.05848286,212849.461582005,1.0,0.0,
19130.0,1288202.49139591,185065.893425554,1.0,0.0,
19131.0,1285962.5726736,187528.237300068,1.0,0.0,
19132.0,1286921.52185859,184995.956273481,3.0,397727.386111976,12.89352209005698
19135.0,1280351.53503586,174413.168358639,4.0,2187842.8278537886,14.598426606238995
19136.0,1262107.18269718,168985.239265084,1.0,0.0,
19141.0,1268849.16728008,190926.520823553,1.0,0.0,
19142.0,1273053.0807564,195121.138107851,3.0,178106.7011262978,12.09013809420888
19144.0,1278260.69471373,213225.946382388,3.0,188178.57236260804,12.145146643979784
19145.0,1281588.61721313,198325.671039134,2.0,698.8435172496891,6.549426850576363
19146.0,1285221.37536085,195884.159228623,1.0,0.0,
19147.0,1285309.44864094,176686.003048971,1.0,0.0,
19152.0,1270880.03985816,170597.103842735,1.0,0.0,
19153.0,1271421.57880272,170589.672738731,3.0,692446.0057065692,13.447985543904988
19154.0,1286006.08966565,199414.018944249,2.0,30863.19253933303,10.337319572910236
19155.0,1270464.01572974,210015.198219106,4.0,139770.0,11.847753493478953
19156.0,1270149.22603342,209801.234698877,1.0,0.0,
19157.0,1264755.03569189,215243.476432458,4.0,243010.77727925425,12.400861072282645
19158.0,1264248.83396338,215742.643088967,1.0,0.0,
19159.0,1279508.601659,213159.125326321,3.0,248019.67012655817,12.421263337028293
19160.0,1272668.50705999,180430.975852802,4.0,376767.3048584905,12.839383047374156
19162.0,1285412.39366505,169808.020385921,1.0,0.0,
19163.0,1261149.3401362,174735.863910973,2.0,157.6523809523809,5.060392488651403
19164.0,1256051.47766697,197705.075838491,1.0,0.0,
19166.0,1266313.44433349,193051.801657721,1.0,0.0,
19167.0,1266679.09124586,205655.588166639,2.0,508640.27506395953,13.13949631692767
19171.0,1273700.29374905,204439.648005396,3.0,30154.62151211138,10.314093474392335
19172.0,1273858.35410121,204196.292869136,3.0,29192.69429237229,10.281673761485564
19174.0,1296872.18503678,183416.638191864,3.0,75374.4546420878,11.230223698740796
19175.0,1297483.20711741,183393.238639832,1.0,0.0,
19177.0,1287885.87955558,166476.23971051,1.0,0.0,
19178.0,1288789.8573485,166441.637726486,3.0,46830.350000000064,10.754286775991215
19180.0,1286009.24057765,184064.25009653,1.0,0.0,
19182.0,1279207.6947787,204025.224644959,3.0,202615.0692637788,12.219063247417575
19183.0,1278899.14258638,211849.484236971,1.0,0.0,
19191.0,1268468.5364957,215981.876241207,1.0,0.0,
19195.0,1271891.5204352,175231.08272747704,3.0,93653.27438368344,11.447354671315287
19196.0,1272395.55192372,175220.204455465,1.0,0.0,
19197.0,1268727.31844796,211089.883404195,3.0,3093355.811325695,14.94476708266023
19200.0,1273979.56549335,198861.988223672,3.0,93182.0,11.442309848973883
19201.0,1273968.72165333,198596.500223413,1.0,0.0,
19202.0,1281359.3928929,218768.916564062,1.0,0.0,
19206.0,1267193.98846239,198829.247487649,3.0,186350.0,12.135381904907405
19207.0,1268433.38430366,211406.179660529,3.0,689679.07829504,13.443981664458832
19208.0,1274608.44939798,212512.81626965097,3.0,7864102.523587735,15.877818977802963
19209.0,1273567.40523691,212442.03783758,3.0,2510569.987383335,14.736020371934613
19210.0,1265885.69975705,212159.95930929497,3.0,607039.4738567005,13.316349098992612
19211.0,1266338.75690952,212057.518605188,2.0,203565.7508245493,12.223744331554197
19216.0,1274807.22066219,220383.658453718,3.0,4627513.159232877,15.34753016712815
19217.0,1266542.84612572,212166.808397308,4.0,1076761.865262257,13.88946882237016
19218.0,1265904.80868506,212034.760461167,3.0,11427.233253175193,9.343754667397924
19219.0,1265816.16676497,212012.187661141,5.0,309268.1474864025,12.641963970784905
19220.0,1264160.81117928,212127.68903726304,3.0,367740.7043537829,12.815133361064085
19222.0,1265807.98634897,212081.425997213,3.0,8548.051233538417,9.05345861004981
19228.0,1278298.95640977,201487.141122371,3.0,35275.4617456185,10.47094286651822
19230.0,1272388.87544371,176672.639912963,1.0,0.0,
19232.0,1279510.668603,179805.311148167,1.0,0.0,
19233.0,1287278.92243496,204457.032837406,1.0,0.0,
19234.0,1263034.59428214,170318.039074451,1.0,0.0,
19235.0,1278604.09759407,214102.749391288,1.0,0.0,
19240.0,1273260.6355086,214307.808719501,2.0,46592.0,10.749184131556358
19241.0,1273266.7145486,214299.490511492,1.0,0.0,
19242.0,1264017.21693914,212890.972622037,1.0,0.0,
19243.0,1270565.72881784,212033.044877172,4.0,5606042.663270741,15.539355620965237
19244.0,1267348.23294255,211878.375565007,2.0,110598.43586310014,11.613661225683751
19245.0,1269671.40676893,221776.002775148,1.0,0.0,
19246.0,1281536.64057308,189424.604214013,2.0,9279248.82496908,16.043291155900885
19247.0,1283490.39059108,186000.996914506,2.0,9245855.571613282,16.03968596277379
19248.0,1270523.40638579,209733.699082807,2.0,5236879.744813773,15.471236410388427
19249.0,1268592.90135983,211861.052428991,4.0,187650.9875935212,12.1423390675044
19251.0,1261669.08580074,168873.297248974,1.0,0.0,
19253.0,1269081.10974433,211853.978956982,1.0,0.0,
19254.0,1265383.82250854,211540.768972665,2.0,656538.1338614937,13.394736057651116
19255.0,1273682.92370103,204997.821125954,1.0,0.0,
19256.0,1279124.52300261,196770.357245535,2.0,9314329.691837745,16.047064599346744
19258.0,1265128.51524428,216826.574354067,4.0,548679.9260724682,13.215270537855272
19259.0,1264511.23498765,216396.975825638,1.0,0.0,
19262.0,1288966.83238868,186859.945971385,2.0,331356.62040503736,12.71095047741346
19266.0,1249639.98095642,214285.941967472,1.0,0.0,
19269.0,1265911.23876508,188781.378165349,1.0,0.0,
19270.0,1280770.04498829,208706.509897754,3.0,15371.690444595402,9.640282813867827
19271.0,1252718.24252757,210683.021643788,3.0,358314.8937534022,12.789167470258885
19275.0,1272277.47768359,181258.660269648,1.0,0.0,
19276.0,1257762.61725274,188381.612532943,3.0,475701.8797724822,13.072546634004919
19277.0,1281832.63865338,219003.838996306,1.0,0.0,
19278.0,1270281.96100955,189771.023798361,4.0,269671.23090460175,12.504958832709885
19279.0,1294106.21223395,178368.692906693,4.0,485955.4424134044,13.093872216402609
19281.0,1254389.37500928,213761.539470941,1.0,0.0,
19283.0,1276924.51660036,212873.108814031,4.0,83710.00046219994,11.335113729175545
19284.0,1280992.37983651,204270.853381217,1.0,0.0,
19287.0,1266201.06263737,191095.508983731,4.0,271817.3904768453,12.512885761275063
19288.0,1255644.84393856,206284.433351278,1.0,0.0,
19291.0,1273211.82091655,208839.632009894,1.0,0.0,
19292.0,1280461.10009198,180327.654572695,4.0,1812256.5641038944,14.410083347230723
19293.0,1279268.67167476,203065.467651978,1.0,0.0,
19295.0,1249272.68214004,213985.014735162,1.0,0.0,
19296.0,1278720.13145019,216550.938385785,1.0,0.0,
19300.0,1285213.78579284,192288.081080943,3.0,3420.8137233235025,8.137633732551954
19301.0,1264363.10141949,176201.951208472,3.0,234652.02279906409,12.365858941680035
19305.0,1256303.39120324,192978.257209659,1.0,0.0,
19307.0,1275985.0070314,216421.346513659,1.0,0.0,
19308.0,1282851.52473442,173948.79626216,1.0,0.0,
19309.0,1260516.09635955,167820.717279896,1.0,0.0,
19310.0,1253025.52796789,212669.030157819,1.0,0.0,
19315.0,1278503.75461797,203559.513604492,1.0,0.0,
19316.0,1275628.20261502,181070.41879746303,3.0,2789.1404639980115,7.933488749929746
19317.0,1275955.17637536,181070.704557464,3.0,208288.5101258134,12.24667946550595
19319.0,1270470.11908974,194707.172091424,1.0,0.0,
19320.0,1281267.5052768,197583.083966374,1.0,0.0,
19323.0,1262974.01463407,208416.487177461,2.0,20937.337422484747,9.949289323641024
19324.0,1262955.17380205,207755.12762478,2.0,1502.4837558004704,7.314874854903644
19325.0,1264555.24708369,210698.357579798,1.0,0.0,
19326.0,1253957.10025683,207111.577672124,1.0,0.0,
19329.0,1281767.31007731,181864.219054267,3.0,90277.29087915132,11.410641222496634
19330.0,1281876.67334142,181775.674606174,3.0,469913.57883936906,13.060304081969344
19333.0,1268970.82155222,191089.25509572,1.0,0.0,
19334.0,1288682.62138039,182132.324846551,1.0,0.0,
19335.0,1281777.13682932,167956.898144037,1.0,0.0,
19337.0,1262056.34884113,189148.116277725,1.0,0.0,
19339.0,1276112.00415152,205611.958342597,1.0,0.0,
19343.0,1291968.42650376,186641.858483166,2.0,14149.62237204572,9.557443215227332
19344.0,1292114.1436879,186465.98808299,3.0,103871.65925257745,11.550911370413875
19346.0,1284718.84192033,175832.519528091,1.0,0.0,
19348.0,1278212.46578567,176876.95933716,1.0,0.0,
19350.0,1279847.26930735,175482.133415744,1.0,0.0,
19353.0,1277629.39608908,175127.394279376,3.0,208682.94275568944,12.248571358798877
19354.0,1260800.73456785,212170.539021313,3.0,265972.66108287574,12.491148804597902
19355.0,1278488.78252196,175409.783463657,1.0,0.0,
19359.0,1269515.02552077,198663.718271479,3.0,5797165.677956176,15.57287967986106
19360.0,1285583.22963323,196388.40166114303,3.0,11591.407307609064,9.358019353260055
19361.0,1251698.16841452,213351.775502518,3.0,281791.245545845,12.54892181176772
19362.0,1251726.02895854,213296.055182457,3.0,200574.5168913185,12.208941112000327
19363.0,1262293.05668136,195805.863420546,1.0,0.0,
19364.0,1263672.47453879,199069.725695893,1.0,0.0,
19366.0,1281418.73106895,214354.502863541,3.0,706501.502148603,13.468080607287902
19369.0,1289172.63283689,187945.975924507,4.0,923969.199670554,13.736434016378364
19370.0,1286149.4558098,204837.076997802,1.0,0.0,
19371.0,1272688.75934802,217074.416338325,1.0,0.0,
19372.0,1269782.65553704,201709.510082588,2.0,7771.031860564554,8.958158235131934
19373.0,1289340.75750907,168795.490592897,1.0,0.0,
19374.0,1297298.36954921,185752.559090257,3.0,1773026.427851341,14.388198490670773
19375.0,1296919.55335683,185082.603377566,3.0,58145.354339797705,10.970701263780253
19378.0,1275210.6365346,218944.66594024,1.0,0.0,
19379.0,1275296.03787869,218720.62011601,3.0,48006.78195523989,10.779097570643597
19381.0,1282614.39532618,188507.533557072,4.0,52190879.45406716,17.770418314484846
19392.0,1271997.12453131,195919.95078066,1.0,0.0,
19397.0,1274334.7770137,214907.196944103,2.0,8548.999187892348,9.053569501031768
19399.0,1278460.23698592,203565.139908493,1.0,0.0,
19400.0,1277905.10719337,215390.634640604,1.0,0.0,
19406.0,1254601.2253135,216455.160081699,1.0,0.0,
19410.0,1284532.08441615,170365.262114495,1.0,0.0,
19416.0,1284983.3607046,185070.152305558,1.0,0.0,
19417.0,1285149.32134478,184860.148785338,2.0,46592.0,10.749184131556358
19418.0,1295453.01991533,184167.813872635,1.0,0.0,
19420.0,1267643.97316685,173935.486566156,3.0,72118.55907401936,11.186066697556086
19426.0,1280068.30201158,205110.61453408,1.0,0.0,
19431.0,1273103.13054845,210083.711819172,2.0,10563.52746600204,9.265162541822301
19432.0,1285194.38886482,196767.68927753,1.0,0.0,
19438.0,1257032.30576399,200659.454785526,1.0,0.0,
19442.0,1255631.88233855,205962.682374954,1.0,0.0,
19446.0,1262919.63223401,170552.776162684,1.0,0.0,
19448.0,1279943.35865144,205719.617222697,1.0,0.0,
19450.0,1262880.58538598,170732.134690866,1.0,0.0,
19451.0,1262629.20170571,170742.319074884,3.0,243951.7238567405,12.404725631653697
19453.0,1279050.17445853,211035.791628137,2.0,46591.99999999999,10.749184131556358
19454.0,1262681.99716178,206291.444487289,1.0,0.0,
19457.0,1265911.65380508,207751.874312788,1.0,0.0,
19460.0,1287134.81773081,191798.630328447,3.0,48834.18534571291,10.79618586597143
19461.0,1287116.04870678,191169.720823795,1.0,0.0,
19464.0,1288966.34195669,203767.301892698,3.0,279493.0,12.540732526540948
19465.0,1252055.70543888,213717.052686885,2.0,46591.99999999999,10.749184131556358
19466.0,1252040.00764687,213371.21742253,1.0,0.0,
19470.0,1274487.11397386,195853.96799659697,3.0,240074.675026267,12.388705299871047
19471.0,1251725.13455854,213249.860686406,5.0,164206.96790384877,12.008882910568126
19472.0,1252042.25436687,212891.937870041,1.0,0.0,
19475.0,1262417.7766175,212888.447694048,4.0,93183.66666666664,11.44232773495789
19476.0,1262346.58743343,212918.871502072,1.0,0.0,
19479.0,1262380.01648946,212937.710094094,1.0,0.0,
19481.0,1262648.20394574,212877.140302032,3.0,97666.8793068005,11.48931777653146
19482.0,1264248.84605937,212182.591501325,3.0,111879.005379686,11.625173257212793
19483.0,1262627.59274572,212431.565069571,4.0,178633.20197122364,12.093089831441677
19495.0,1262352.96471344,212453.302221596,2.0,42104.02069319947,10.647898518511726
19501.0,1288919.34432463,204057.210116997,3.0,93172.0,11.442202526351245
19502.0,1291437.93472722,204961.441605926,3.0,93172.0,11.442202526351245
19507.0,1288720.72166844,203355.410372272,1.0,0.0,
19510.0,1275016.8353824,219293.791188598,2.0,642561.5442410903,13.373217879866154
19514.0,1282076.83730963,194164.063866869,3.0,438313.6746228304,12.990690085150948
19515.0,1274870.52101426,219792.434581116,3.0,1168159.9361369554,13.970940364620136
19516.0,1284470.74297608,195244.95609197,3.0,149273.99528328446,11.913538790749664
19517.0,1269815.02558507,183134.342831567,4.0,3023939.609963125,14.922071045831864
19519.0,1265887.47537306,217812.739347085,1.0,0.0,
19520.0,1288567.54515627,186749.424499273,1.0,0.0,
19521.0,1265824.95351699,211945.442061082,6.0,1075452.9151913018,13.888252447272068
19524.0,1296807.24782072,176342.625768617,2.0,5862586.372226602,15.584101424630548
19527.0,1270556.08088183,215075.04603228,2.0,503899.1715460172,13.130131470583228
19528.0,1267394.7915986,206019.580231011,1.0,0.0,
19529.0,1260040.28298306,216991.283986241,1.0,0.0,
19530.0,1278580.45324205,211696.593164816,3.0,430340.72283942887,12.972332552599829
19531.0,1278587.13010606,211187.640396297,3.0,344426.9053419752,12.749637170847778
19533.0,1280174.09772368,203322.437316239,1.0,0.0,
19534.0,1280173.41561168,203301.84973222003,3.0,54716.7492299438,10.909925143184228
19535.0,1260837.68720788,211914.643213049,2.0,4.0,1.3862943611198906
19540.0,1260271.90359131,202307.344195202,2.0,84883.97154083385,11.349040562259619
19541.0,1260340.86967137,201924.60909082004,2.0,56274.782465956414,10.9380018002136
19542.0,1259142.62896615,217657.559890926,2.0,819928.4619198897,13.61697237387356
19543.0,1259121.79498212,217585.110226855,2.0,775146.6884914791,13.560807565898019
19544.0,1278574.15013805,211075.233164191,2.0,169250.80240804172,12.039136931726603
19545.0,1259055.26595806,217404.541714668,2.0,731485.0152718525,13.502832014299964
19546.0,1258769.51946177,217618.729234889,2.0,46592.0,10.749184131556358
19547.0,1258765.59062976,217605.44289887,1.0,0.0,
19548.0,1258490.59088548,217481.484754741,1.0,0.0,
19549.0,1258486.95606947,217464.479250729,2.0,46592.0,10.749184131556358
19550.0,1258885.07203788,217438.191250697,2.0,186344.0,12.13534970691119
19551.0,1258759.81866175,217446.461906701,3.0,139768.0,11.84773918415428
19552.0,1258760.90333375,217464.297170728,1.0,0.0,
19553.0,1286551.06457821,169096.495905191,3.0,1240971.359975026,14.031404985737543
19554.0,1286659.87801832,169575.32860969,3.0,1105125.956759246,13.915469874455267
19555.0,1286892.64921856,170681.287074819,3.0,20703.02216202949,9.93803496676244
19556.0,1279589.17957908,194681.259707391,2.0,95996.1517219697,11.472063383417016
19557.0,1279592.47813909,194474.68530719,3.0,86469.16322316445,11.367543134830798
19558.0,1258210.06582919,217176.524434432,2.0,46592.0,10.749184131556358
19561.0,1252212.01519905,211993.05447712503,3.0,264887.0856579652,12.487058922308695
19562.0,1252206.46895905,211799.208076924,1.0,0.0,
19563.0,1254249.40937713,209207.630282268,1.0,0.0,
19564.0,1254267.76534516,209795.348234877,2.0,111984.0171891618,11.626111436425896
19567.0,1260772.67786382,211917.399117053,4.0,199640.80579203425,12.204275059800777
19568.0,1262780.36541787,190109.074614719,1.0,0.0,
19571.0,1278717.43884219,211052.889356166,3.0,93182.0,11.442309848973883
19572.0,1278730.2721862,210771.541195869,1.0,0.0,
19578.0,1252429.82710327,214472.791631669,4.0,1805430.4386980424,14.406309591512443
19583.0,1278726.6025542,211029.85857214,1.0,0.0,
19585.0,1260648.59050369,211921.481165051,1.0,0.0,
19587.0,1287271.67078695,187448.054387987,1.0,0.0,
19588.0,1287221.1341469,187448.824051991,1.0,0.0,
19602.0,1272686.71602002,181111.592941508,3.0,65765.71100677918,11.093853872169294
19606.0,1276186.0551596,177123.439209417,3.0,208047.05805835457,12.245519573760062
19607.0,1286791.67302646,180770.069357157,1.0,0.0,
19608.0,1286358.32909001,180158.216940522,3.0,372638.0,12.828362717993418
19613.0,1286854.49869052,203805.139780745,1.0,0.0,
19614.0,1280398.88530791,210522.495755613,1.0,0.0,
19617.0,1281336.03602888,223019.691544414,1.0,0.0,
19618.0,1267355.25982256,189776.638262376,1.0,0.0,
19620.0,1276487.46955991,208175.015881211,1.0,0.0,
19623.0,1281661.9342692,222869.87426425505,3.0,1322455.605453784,14.095000873496168
19624.0,1281425.75532496,223290.756312698,1.0,0.0,
19625.0,1280053.86994755,203329.098372251,1.0,0.0,
19626.0,1270186.53796946,170643.85533078,3.0,186350.0,12.135381904907405
19627.0,1270179.93956944,170374.241698503,3.0,93182.0,11.442309848973883
19630.0,1285806.28102545,174586.67357482,3.0,408432.9142623947,12.920082955224002
19634.0,1286462.30989012,181419.088045821,2.0,46592.0,10.749184131556358
19635.0,1286997.05421066,180577.719980955,1.0,0.0,
19641.0,1293080.9655769,189084.71250166,1.0,0.0,
19642.0,1293061.58112888,189082.71877366296,3.0,206350.9162223027,12.237333475308029
19643.0,1293052.45447287,189046.212277621,4.0,132894.9501730246,11.797314246786232
19644.0,1275398.43864679,219027.58965233,3.0,46654.33131313132,10.750521048977934
19645.0,1275413.33259881,218869.511188164,1.0,0.0,
19659.0,1281479.30079702,222846.252248242,1.0,0.0,
19662.0,1293261.29888909,189235.845749825,2.0,230221.5645659451,12.346797448406107
19663.0,1293484.00218531,189038.620725617,2.0,212678.7264324243,12.267537979413513
19664.0,1276558.56427997,179349.6548917,3.0,134048.30141160745,11.805955472279143
19675.0,1273483.78398883,191381.593720019,3.0,693242.5061797573,13.449135153725777
19676.0,1273249.33726859,191338.087927967,3.0,186350.0,12.135381904907405
19677.0,1273159.0979725,191171.584631801,3.0,93182.0,11.442309848973883
19678.0,1286297.31936195,174714.128358945,1.0,0.0,
19679.0,1273570.49381292,190326.958390936,4.0,86183.84788695816,11.364238059592406
19680.0,1272654.73022798,191178.798519805,1.0,0.0,
19681.0,1272797.08158813,191331.427191973,1.0,0.0,
19683.0,1273584.55640493,190645.115255266,4.0,260312.71501784225,12.469638937341871
19684.0,1273597.57707694,190964.906935588,3.0,377390.3239944344,12.841035272993409
19686.0,1285347.03385697,188904.208629474,3.0,10816040.746489394,16.19654084449978
19689.0,1286968.38432264,180565.730540946,1.0,0.0,
19693.0,1286353.97907402,189109.972597688,1.0,0.0,
19694.0,1286672.92921834,189192.147957772,3.0,1817163.1017752015,14.412787107672903
19695.0,1286360.89766602,188887.705013469,1.0,0.0,
19696.0,1284175.51852778,189048.97080563,1.0,0.0,
19699.0,1286945.97753862,189202.074485779,1.0,0.0,
19700.0,1286037.54105769,188892.948469475,1.0,0.0,
19703.0,1275213.22245461,176468.175720751,1.0,0.0,
19705.0,1270816.41035409,215059.351504266,1.0,0.0,
19706.0,1271047.77835433,215054.754064262,3.0,47933.13856861141,10.777562372350953
19707.0,1270238.0821615,215049.332176253,2.0,46591.99999999999,10.749184131556358
19711.0,1284625.75609624,208427.285385475,2.0,3686.232918495568,8.212360326275567
19712.0,1284623.60716824,208277.259401321,2.0,26621.811738896165,10.189486148945576
19714.0,1270398.59889767,170638.743522778,1.0,0.0,
19716.0,1265387.74308454,187647.94994019,1.0,0.0,
19717.0,1281370.47852491,189433.893238023,2.0,602489.4492443354,13.308825432565957
19718.0,1284477.17145608,208242.112841278,3.0,101873.1415360835,11.531483607786175
19719.0,1279371.17509887,190614.289847225,2.0,447595.7225621589,13.011645698989435
19720.0,1284623.11142424,208240.24602527905,3.0,71521.26010629997,11.177750028628147
19726.0,1284480.0536321,208258.234185293,1.0,0.0,
19727.0,1270247.09227352,215046.929616258,1.0,0.0,
19728.0,1275830.74712723,177119.485801414,3.0,297391.0930411724,12.602803363135262
19733.0,1265645.9817408,191760.496184409,2.0,144716.18301768365,11.882529744774445
19738.0,1272936.74373227,207476.782344505,3.0,15466160.251426175,16.554164985627644
19739.0,1263797.83255491,193448.128314137,3.0,4420.375675752472,8.393979965974049
19740.0,1275829.56504723,176932.758441225,1.0,0.0,
19741.0,1284929.45529655,189460.058230057,3.0,580174.6913429843,13.271084529144069
19742.0,1263704.98301882,193608.06924229895,3.0,36802.78146435666,10.513328704571313
19743.0,1280600.02073212,217659.004754931,1.0,0.0,
19744.0,1284997.70515262,189219.795573801,2.0,269900.4903035377,12.505808615616294
19745.0,1273075.52760442,178470.337066799,1.0,0.0,
19749.0,1276392.52127181,179347.556139693,1.0,0.0,
19750.0,1285954.4768656,174582.942950815,1.0,0.0,
19756.0,1283731.29529533,177839.147050157,1.0,0.0,
19760.0,1276189.8074156,177399.236521706,1.0,0.0,
19769.0,1285370.10272101,186657.450291187,5.0,358357.4173729888,12.789286139890672
19780.0,1280208.07404372,209304.258698374,4.0,100189.17869768255,11.514815464771686
19784.0,1272862.35710819,210085.83226716504,3.0,67586.96927392652,11.121170481230008
19785.0,1281968.15711752,185129.84177762305,3.0,93237.00332355722,11.442899953246224
19786.0,1282331.83679789,185120.809009612,1.0,0.0,
19787.0,1281977.43954954,184661.790577143,4.0,378371.2222500316,12.843631062131546
19788.0,1281915.64537346,184596.451825067,4.0,1236383.2759405188,14.027700962733636
19789.0,1287014.64211468,196077.130620822,1.0,0.0,
19790.0,1254063.34249695,208636.936841682,3.0,22933.72578725241,10.04036384792314
19791.0,1280402.88959591,209274.230538338,3.0,80390.13781613248,11.294646783664765
19797.0,1270034.19544131,170375.61443451,1.0,0.0,
19802.0,1267663.40683088,197017.525373787,1.0,0.0,
19805.0,1281968.63250951,185313.820785806,3.0,46646.90476190476,10.750361853847094
19808.0,1282298.47039786,184326.099952787,1.0,0.0,
19810.0,1276283.0917037,205360.210438326,2.0,784883.4562556864,13.573290522374217
19811.0,1254326.96336122,208628.741321683,2.0,46180.38573926392,10.740310435824313
19813.0,1281981.69318153,185751.978674248,1.0,0.0,
19817.0,1281883.11724544,184565.259953037,3.0,571915.3087025853,13.256746197690951
19821.0,1270414.86033769,170369.572130501,1.0,0.0,
19827.0,1273348.80293269,211293.330188408,3.0,43639465.45901707,17.59147246997734
19828.0,1266946.05463813,212130.093581259,4.0,1388571.336983055,14.143785961422601
19831.0,1262440.67223352,201761.802306652,2.0,40006.52209828983,10.596797772261713
19832.0,1262488.96676157,201363.297218233,2.0,12085.510014307538,9.399762494506716
19833.0,1261796.71812086,195400.25234814,1.0,0.0,
19834.0,1297831.96660577,179789.800300151,4.0,151738.3684325623,11.929913056445715
19835.0,1297841.34810977,180260.210476637,3.0,99558.89142315948,11.508504621658181
19836.0,1295671.84986755,179004.748075351,4.0,267345.29541681794,12.496296343127668
19837.0,1295660.43284354,178832.02436316,4.0,102802.46496725523,11.540564609996421
19838.0,1294783.12001064,179146.56669949,1.0,0.0,
19839.0,1296803.66388471,178741.058667079,4.0,151395.5284745842,11.927651085035357
19840.0,1296804.37089272,178346.585002676,4.0,124557.77904685948,11.732524975960827
19841.0,1296858.00922877,182162.924526572,4.0,512354.0,13.14677107136046
19842.0,1296833.19956474,182171.43038258,1.0,0.0,
19843.0,1296720.85006063,177170.38167347,3.0,46898.234723466754,10.755735314567508
19844.0,1296407.28929231,177192.039145485,3.0,391180.6905457536,12.876924856378958
19845.0,1296845.20378876,181592.879085988,3.0,279496.0,12.540743260204758
19846.0,1294624.68986648,178368.799914688,4.0,131246.50437222602,11.784832546744727
19847.0,1294581.46945043,178342.274026662,1.0,0.0,
19848.0,1296806.27604471,178999.32977134,2.0,46591.99999999999,10.749184131556358
19849.0,1297065.32474898,177201.2838175,3.0,5249000.475521389,15.473548230827191
19850.0,1297129.56410904,178670.364587009,2.0,1847.9904491580924,7.521854083983778
19851.0,1297130.97818905,178240.543594569,3.0,18483.24142730306,9.824619731724898
19852.0,1296607.09338851,182168.637102589,3.0,93182.0,11.442309848973883
19853.0,1295726.67911561,182188.7246546,3.0,732112.8756998245,13.503689982831293
19854.0,1296023.20481192,181850.405806258,1.0,0.0,
19855.0,1294825.83546668,178301.00177063,4.0,57206.571984292204,10.954424065598268
19856.0,1296833.10734074,181224.154733613,3.0,93176.0,11.442245456782487
19857.0,1296186.50561208,179871.624620229,3.0,93182.0,11.442309848973883
19858.0,1296404.98452431,180782.53092517,1.0,0.0,
19859.0,1295687.42132357,180186.654508561,2.0,139764.0,11.847710564890653
19860.0,1296728.93991664,179863.846444219,1.0,0.0,
19861.0,1294519.66381837,178403.978602722,2.0,1947.7387885527487,7.574424383092616
19862.0,1296491.55783638,181428.44798182,3.0,46596.0,10.749269979519667
19863.0,1296387.13972428,181846.370990247,3.0,93176.0,11.442245456782487
19864.0,1296197.9173881,180595.88759698,3.0,93182.0,11.442309848973883
19865.0,1296216.05806011,180731.90474911,1.0,0.0,
19866.0,1295700.09780358,180614.652972996,3.0,282480.26651275606,12.551363974076605
19867.0,1295697.70541959,180533.884780914,3.0,513460.216538221,13.148927830253433
19868.0,1295714.2135796,181091.20484547305,3.0,53192.40896942552,10.881670976604124
19869.0,1296076.71028396,180601.004396975,2.0,139764.0,11.847710564890653
19870.0,1296259.71348415,180351.750316724,1.0,0.0,
19871.0,1295717.1555316,181190.532781586,3.0,1693579.239700494,14.342354740638676
19872.0,1296422.14164431,181329.378605723,1.0,0.0,
19873.0,1297704.66798164,178145.825258464,3.0,1067690.8279459886,13.881008769650887
19874.0,1297691.02228563,177988.737642303,4.0,4992287.19471583,15.42340471836931
19875.0,1273876.52005324,198864.867839679,1.0,0.0,
19876.0,1297924.06119786,178202.912426516,1.0,0.0,
19877.0,1297573.1367175,179860.270316213,3.0,1956914.8248962744,14.486879722128172
19878.0,1297370.85658929,179845.402604207,2.0,93180.0,11.442288385370787
19879.0,1296054.40877995,181081.698989466,1.0,0.0,
19880.0,1259375.44931838,209139.69767420003,3.0,47102.99893741486,10.760091949684874
19881.0,1259382.30595839,209131.650442198,1.0,0.0,
19882.0,1297095.35521302,181158.592557549,3.0,1348373.8659827765,14.114409880652273
19883.0,1297366.06298928,181156.477677554,4.0,750189.8478127691,13.52808158389742
19884.0,1297630.42567755,181145.903277531,5.0,143299.3375700114,11.872690991125966
19885.0,1297678.4573576,182356.869358778,1.0,0.0,
19886.0,1295857.36065175,177385.881577685,5.0,303426.1272104084,12.62289345692328
19887.0,1295501.84359537,177491.6441378,3.0,97268.01614601068,11.485225500323029
19888.0,1295238.00653911,177580.948777884,3.0,6978.456151559407,8.850582989567119
19889.0,1296598.02977251,177704.967850015,3.0,179361.44731466076,12.097158307601378
19890.0,1296479.27572438,177395.348393694,4.0,352631.8945792986,12.773180000269976
19893.0,1295675.96436356,179710.181356072,1.0,0.0,
19894.0,1296436.76103634,178627.240938962,3.0,46696.566666666666,10.75142592203928
19895.0,1296047.23591593,178645.621482983,3.0,59333.02727053964,10.990921382231116
19896.0,1296629.75636454,178581.996650904,1.0,0.0,
19897.0,1263342.18487445,212172.529165313,3.0,5442647.237123538,15.509776124940073
19898.0,1261798.95824887,195439.018364176,1.0,0.0,
19904.0,1263286.21905039,211996.216909125,3.0,10980858.970612677,16.21166422146056
19906.0,1262322.8755614,212255.777357399,3.0,22849855.92508852,16.94445537003684
19907.0,1261523.49424858,212325.30842946505,3.0,14661944.052956736,16.500765854973142
19908.0,1298075.54913402,180825.048237205,4.0,3403865.597308333,15.04042228414394
19909.0,1297851.87470178,180822.259245202,4.0,137212.73189062584,11.829287788005082
19910.0,1294378.42759423,178144.209130466,3.0,396052.26175540505,12.88930145565861
19911.0,1297865.1801098,181135.328813523,2.0,37859.90414575698,10.541647892952316
19914.0,1297365.80577329,181639.730030045,3.0,96528.32926041202,11.47759181170999
19916.0,1296866.65882878,179859.657772213,2.0,46592.0,10.749184131556358
19917.0,1297073.30670099,180163.774956524,3.0,741594.9126105263,13.516558433192085
19918.0,1297474.7147014,181908.105134323,1.0,0.0,
19919.0,1297249.81550117,181873.943150282,3.0,50482.37790739312,10.829379602036571
19922.0,1262718.87837781,212214.028429344,3.0,38310375.89612945,17.46123132858718
19923.0,1262102.49277718,212187.501581326,3.0,1514513.5518837676,14.23060485750036
19925.0,1264350.02794747,212057.910029188,3.0,28251739.372267324,17.156665584361054
19927.0,1261717.64087278,212269.6776454,3.0,8328750.45237458,15.935223997173706
19928.0,1267581.75902279,212023.102349162,3.0,48125089.225824,17.6893142046136
19931.0,1263803.00740291,212382.453005522,3.0,362031.5375577326,12.79948660733838
19932.0,1263743.23914686,212247.17402938,5.0,534843.7307057299,13.189729891072103
19933.0,1268503.70763174,212137.425933272,3.0,17465903.111505397,16.675761144677484
19934.0,1295413.14170729,178103.033002421,4.0,11081.902628418433,9.31306866292582
19935.0,1279422.79013892,177640.457513943,3.0,122900.92734305198,11.719133841034626
19936.0,1297341.94887726,180170.663084537,3.0,1579432.344072498,14.272576064544618
19938.0,1298240.45332618,179213.857259557,4.0,3605663.446355575,15.098016346818904
19939.0,1297957.69306989,179232.66071558,4.0,781132.4002544306,13.568499941027993
19942.0,1296395.75847629,178472.42071479597,3.0,35467.918544756125,10.476383863913188
19943.0,1273302.95493264,191165.923895791,1.0,0.0,
19944.0,1284540.24582416,170189.780834317,1.0,0.0,
19945.0,1284507.59622411,169753.493601874,3.0,224703.0641933308,12.32253509489989
19946.0,1279300.20377079,203352.59405227,1.0,0.0,
19947.0,1261931.955369,207123.769288138,1.0,0.0,
19951.0,1271843.13669115,172560.12842074,4.0,8407534.98677549,15.944638883964709
19954.0,1273905.71000527,176489.320680767,4.0,4189321.2201722674,15.248049278816024
19957.0,1269817.63774508,205487.186566457,4.0,64238.76907445428,11.070362187080498
19959.0,1269694.48875295,202066.405378953,3.0,7663695.390380614,15.852004852328948
19960.0,1263246.68407434,201115.99782598,1.0,0.0,
19961.0,1263240.35037833,201105.633345976,2.0,46592.0,10.749184131556358
19962.0,1280410.62380393,198356.699519157,2.0,56890.20392849519,10.948878442348835
19963.0,1262646.95626573,200422.26400128,3.0,142438.8040033949,11.866667740862464
19964.0,1263171.99684227,200916.833537787,3.0,100771.96956134868,11.520615516199538
19965.0,1269806.67320107,204931.878021896,4.0,150012.23731880207,11.918472151876099
19966.0,1269828.46289709,206033.648455024,3.0,74455.35009001085,11.217954897048182
19967.0,1269822.98584108,205757.152902737,4.0,153825.90942686927,11.943576783678777
19970.0,1269812.71032107,205226.952198192,4.0,70641.54326460813,11.165373681933428
19971.0,1262276.09284136,201010.628929883,1.0,0.0,
19972.0,1262260.71588133,200432.537601292,2.0,46591.99999999999,10.749184131556358
19973.0,1290144.6158139,190050.281782657,1.0,0.0,
19974.0,1262270.03248934,201056.487105921,1.0,0.0,
19975.0,1269541.8413928,205234.438406199,2.0,7036.181567793275,8.858820911066458
19995.0,1251688.79708651,213197.451982364,1.0,0.0,
19996.0,1294899.86913076,179192.087595537,4.0,509648.4423802293,13.141476438338046
20000.0,1275099.50808649,180972.212333351,3.0,12932.734905249215,9.467516965660066
20001.0,1275942.08223134,180507.090860888,3.0,92514.11085549174,11.435116461655081
20002.0,1275844.32485525,179494.63652384296,3.0,27853.597131796683,10.234717397941148
20003.0,1275849.23922326,179432.30890777698,3.0,76414.505578901,11.243927820730981
20004.0,1275861.70213526,179750.047468111,3.0,6287.511658271452,8.746320668604518
20005.0,1275871.73067927,179097.537899435,3.0,493631.9190281391,13.109545415260813
20008.0,1271091.37963438,209551.333962619,2.0,328104.5060873422,12.70108745273889
20012.0,1271084.41771437,208946.324681997,2.0,294109.3127497642,12.591706789289866
20017.0,1261885.94890496,204440.60800539,1.0,0.0,
20018.0,1264192.06666732,168737.008800834,3.0,4822.180846704877,8.480981562539059
20019.0,1263884.94724301,168742.179040834,4.0,455563.9566434396,13.029291395580705
20020.0,1269737.514929,202631.110915542,3.0,116144.22925134284,11.662588053377052
20021.0,1270015.19678529,202723.522819638,3.0,29105.03321382378,10.278666400877622
20022.0,1269562.52971281,185814.426418319,4.0,6799701.8745165365,15.732389327202386
20023.0,1269181.27064042,169135.136289239,3.0,1148227.9844075865,13.953730428834266
20024.0,1269157.4458724,167860.64079994,2.0,862496.326018062,13.667586168189375
20026.0,1269566.79217681,201886.76102677,1.0,0.0,
20027.0,1280336.70725985,171073.367267221,3.0,1607610.1549457477,14.290259258373352
20028.0,1265530.84945269,168715.801824808,1.0,0.0,
20029.0,1265187.13194834,168721.682336807,3.0,239245.83088441365,12.385246883392893
20030.0,1262266.30250534,178254.36701858,4.0,139770.0,11.847753493478953
20031.0,1294713.56436257,177974.320362285,2.0,706.1933347200761,6.559889045217058
20032.0,1278904.09004238,179767.78199613103,3.0,112396.4574860724,11.62978769891723
20033.0,1296027.23233192,177896.728298202,4.0,103695.28913545932,11.549211965369537
20034.0,1279368.86476286,177769.525482073,4.0,222000.8357049031,12.310436425283832
20035.0,1295091.23783496,179080.444139421,3.0,111104.4963868454,11.618226446337532
20036.0,1295959.87521185,179195.673579544,1.0,0.0,
20037.0,1297023.47642894,180028.866476387,1.0,0.0,
20038.0,1297572.7059335,180174.107308537,3.0,1773838.9721232397,14.38865666666252
20039.0,1258550.78890154,207836.175688863,4.0,298122.63355152425,12.605260202820574
20049.0,1258507.9211895,207837.282632872,4.0,343264.1463223564,12.746255535664767
20056.0,1290228.38010198,189471.086070061,2.0,495.4984600457183,6.205564245885735
20057.0,1259066.54179807,217740.888787016,3.0,372638.0,12.828362717993418
20058.0,1281619.40454116,221012.51119035497,3.0,28338.806860222678,10.25198741144883
20060.0,1251317.90313414,212304.298957437,2.0,242.89508127883303,5.492629585818873
20061.0,1290303.34189406,189382.492405966,2.0,1438.4340448965984,7.271310332024995
20063.0,1288816.51187654,191190.85266383,3.0,424789.2108854553,12.95934835048341
20065.0,1289189.95629291,190698.67416732,3.0,42258.69398547911,10.651565386420828
20071.0,1289215.80832493,190718.659383342,2.0,6336.481706997971,8.754078957592673
20072.0,1289280.269765,190592.042807207,2.0,9056.627961939275,9.111252140125847
20076.0,1251756.89308658,213876.245263055,3.0,226452.0750423376,12.330288612300016
20082.0,1260426.02237546,205795.983558774,1.0,0.0,
20088.0,1278764.04242624,180536.990444914,3.0,441978.3047755807,12.999016075637023
20089.0,1294361.78682621,179934.765932292,3.0,1876019.093329011,14.444662586177225
20090.0,1295678.29473156,179878.53994824,3.0,1421575.3211513169,14.167276195761453
20091.0,1296235.18305212,178514.14276284,3.0,27693.202717573447,10.228942272805284
20092.0,1287444.10873912,181284.60574168,3.0,3629106.8133862857,15.104497119045684
20093.0,1289835.87987758,177646.44797796,3.0,7001808.693579174,15.76167905844101
20094.0,1297128.19866905,182082.64971049095,3.0,1306498.8608170254,14.082861492007503
20095.0,1297634.70023756,181668.86052607,1.0,0.0,
20096.0,1296794.3318527,180222.325036585,1.0,0.0,
20097.0,1297614.18094154,180827.10961321,3.0,154135.99093052337,11.945590549719853
20098.0,1297631.85678156,182886.532015324,1.0,0.0,
20099.0,1297622.07002954,183117.724783555,2.0,46592.0,10.749184131556358
20100.0,1296277.83188418,176883.949865177,3.0,481960.00754346256,13.085616417688849
20101.0,1296777.05102068,177364.274025664,1.0,0.0,
20102.0,1297592.64852552,179606.752107963,4.0,2058479.183520796,14.537478007690538
20103.0,1297201.85172512,179406.99959576098,3.0,1389709.8779180464,14.144605562399363
20104.0,1294152.06714599,178401.621354729,1.0,0.0,
20105.0,1296123.39617202,177281.615081578,1.0,0.0,
20106.0,1296593.19444449,182015.365422428,1.0,0.0,
20107.0,1293184.811849,178698.466539025,2.0,264345.08235225466,12.485010658699773
20108.0,1297302.01946922,177759.88247406497,3.0,5120960.197910219,15.448852518086856
20109.0,1296813.67598072,177465.264937773,3.0,52026.67973886403,10.859511937888412
20110.0,1298251.8548622,178042.58071436,2.0,3684028.580439007,15.119517434318286
20111.0,1291339.36147912,178982.920683324,1.0,0.0,
20113.0,1274686.82258207,197211.444605991,2.0,1444233.945598147,14.183089597499434
20122.0,1285277.5468169,186666.48209919,3.0,158035.41156311551,11.9705744107143
20129.0,1283133.66067071,211177.589900285,2.0,2158.320550573113,7.677085675367703
20135.0,1281810.17516536,211218.159692332,3.0,398518.3558272396,12.895508838453303
20161.0,1265559.34903672,185133.154801622,5.0,619071.9343736537,13.335976755534599
20162.0,1265788.20420495,184890.664817378,3.0,96015.97155085288,11.472269826933351
20163.0,1271299.1712506,184460.930096924,3.0,153286.41893196426,11.940063469493602
20164.0,1271275.14405057,183624.011184081,3.0,53133.225933495705,10.880557735341167
20165.0,1266113.71569328,183841.616688296,3.0,135725.02374322116,11.818386233709877
20166.0,1265503.46071666,183839.744304299,3.0,1199848.9866094023,13.997706262346982
20167.0,1268308.09713553,180504.328428879,3.0,48512.3353194264,10.789573381070554
20168.0,1265576.10948473,185797.248946294,4.0,3867436.881469389,15.168102541055559
20169.0,1265565.34577273,185467.33425796,3.0,598082.0800495687,13.30148328112178
20170.0,1265545.7680447,184802.747953281,4.0,217179.37849753688,12.288478920073901
20171.0,1265535.54826869,184468.022256941,4.0,202329.0944310212,12.21765083106027
20172.0,1268498.42814372,179842.830060199,3.0,144632.48771494033,11.881951236465659
20173.0,1268372.9562716,179844.163052201,3.0,73196.25606899291,11.200899552042914
20174.0,1275186.82879058,181726.813806131,3.0,781085.7226568343,13.56844018292261
20175.0,1275973.01522338,181726.928366125,4.0,660094.1019855764,13.400137682605248
20176.0,1270116.52561738,182408.760942832,3.0,1521495.7393776076,14.235204448037626
20177.0,1277307.33541675,182371.680302799,3.0,402695.9770722492,12.905937156902011
20178.0,1268842.66923209,182569.375470996,3.0,47403.953785506346,10.766460917400817
20179.0,1268833.04721607,182231.268846646,1.0,0.0,
20180.0,1261022.31415208,187189.860019729,4.0,1148947.9906861517,13.954357290955366
20181.0,1267098.0881103,185620.667954117,1.0,0.0,
20182.0,1266904.1012941,185619.757810116,3.0,663662.478197762,13.405528983254987
20183.0,1277339.42360878,183913.564400375,3.0,568513.6969085318,13.250780684949394
20184.0,1277722.76959316,183852.244976312,3.0,596190.0380430338,13.298314751000689
20185.0,1260562.5585036,186321.65733084097,3.0,316314.7981254327,12.664493193293985
20186.0,1260107.61386314,186577.257203102,3.0,173211.13289390266,12.062266550723173
20187.0,1271257.61489855,183012.329007447,4.0,154780.68081847954,11.949764431435266
20188.0,1271145.96645044,182387.351534814,2.0,193806.64648133167,12.17461627342003
20189.0,1267433.57591863,179854.250988215,4.0,64236.333012069386,11.070324264364801
20190.0,1277433.59762487,184130.163696587,3.0,554312.8778005948,13.225484567684651
20191.0,1277989.65356144,183903.452528358,3.0,201999.94999917972,12.216022728854497
20192.0,1268679.10955191,182572.22455899403,3.0,7206.202444893787,8.882697384848159
20193.0,1268483.32023971,182575.723886997,3.0,55244.75289936606,10.91952864472283
20194.0,1273390.54827674,183073.926639512,4.0,248165.27874083188,12.421850249705857
20195.0,1274041.8842774,183056.626799494,4.0,262455.3939559933,12.477836418787762
20196.0,1277926.71276139,183632.35659208905,3.0,549365.4508144055,13.216519165362717
20197.0,1278024.40940148,183268.743471712,4.0,502819.5112197652,13.127986560076128
20198.0,1274075.93669343,184376.662512839,4.0,54738.4340578425,10.910321375277237
20199.0,1274722.69688609,184354.954928815,3.0,50516.030189825135,10.830045994394855
20200.0,1261642.83946471,186513.906291038,4.0,654481.3989401028,13.391598443668645
20201.0,1276637.22060005,185616.197106108,4.0,2984498.14067248,14.908942163596002
20202.0,1276037.09810345,184339.349936813,5.0,2634527.328446928,14.78421434187315
20203.0,1263229.92522633,184827.03070530304,3.0,126846.27935976617,11.75073123357453
20204.0,1276998.96658443,183024.395247459,4.0,377567.6083581138,12.841504926624005
20205.0,1276977.91480841,182499.697134927,1.0,0.0,
20206.0,1270823.9028341,184463.426480934,3.0,103131.94016107636,11.543764419904187
20207.0,1268426.92894365,183266.223791704,4.0,423517.3206997787,12.956349691174811
20208.0,1268166.72734338,183269.661167711,3.0,363067.6113067504,12.802344352946688
20209.0,1276733.11052015,185726.40101023,4.0,2011813.99604642,14.514547358635221
20210.0,1276742.15903217,185621.483570114,4.0,3696961.012135676,15.123021692051875
20211.0,1265528.94225268,181196.366061583,4.0,2050338.1440626332,14.533515285835348
20212.0,1265430.68919659,181193.73943758,3.0,1107350.8977812745,13.91748114229519
20213.0,1261550.63754462,183858.456240311,4.0,365985.2080114923,12.810348196297637
20214.0,1261289.23127234,183596.603376046,3.0,442524.6007816407,13.000251336871536
20215.0,1265036.53316419,184467.538352937,1.0,0.0,
20216.0,1264877.70801201,184467.395632938,3.0,93182.0,11.442309848973883
20217.0,1266412.19575758,181196.845421582,3.0,63134.59870989362,11.05302421378849
20218.0,1266412.1954376,180938.616941318,1.0,0.0,
20219.0,1261326.35818438,187068.628595605,1.0,0.0,
20220.0,1261319.50256838,186523.750451043,3.0,61445.63028568668,11.02590800238741
20221.0,1267774.39844698,180513.045932889,3.0,125475.6405004316,11.739866919116055
20222.0,1267444.19467065,180518.361516893,3.0,74425.23791398431,11.217550382573316
20223.0,1264965.7547321,182517.972014949,3.0,93182.0,11.442309848973883
20224.0,1264959.6822841,182217.034286633,1.0,0.0,
20225.0,1267051.84113425,183839.002224296,3.0,129332.17507102224,11.770139374260772
20226.0,1266858.68567805,183844.2472803,3.0,118264.31456770768,11.680677352454508
20227.0,1267470.34129468,181849.82475026,3.0,3769618.2611612817,15.142484297310961
20228.0,1266808.96529399,181865.903470278,4.0,3191294.517867728,14.975937197418666
20229.0,1269851.89624111,184471.875632942,4.0,2243741.265192732,14.623655238260834
20230.0,1267496.6945747,183826.861488283,3.0,291866.1465379189,12.584050573884578
20231.0,1268695.04881592,183262.681519702,4.0,555109.9342338691,13.226921452814043
20232.0,1276693.06002411,184270.831088737,3.0,224080.2523069076,12.319759535901348
20233.0,1276668.76517609,183026.673135459,4.0,472856.26939426776,13.066546751093771
20234.0,1264266.49661939,185794.840178296,5.0,2187260.3330836743,14.598160329192659
20235.0,1264879.24606001,184865.068081349,3.0,1071321.807197777,13.884403777870764
20236.0,1265379.56298853,184467.890672937,3.0,956745.2550578924,13.771292443837858
20237.0,1264262.95729139,186457.850994974,4.0,1604896.6761044606,14.28856993621511
20238.0,1260668.53597571,186319.44408284096,3.0,157007.1239517165,11.96404645878965
20239.0,1266571.87556575,185137.210545629,3.0,250776.30347885573,12.432316599540414
20240.0,1266224.3972294,185136.58852961697,3.0,134498.61896161755,11.809309210027951
20241.0,1269008.08132824,184811.664305285,3.0,232228.7747057913,12.35547826264312
20242.0,1269491.69220874,183252.51223969497,3.0,1171641.7066261494,13.973916491310101
20243.0,1269230.85841648,183255.600175694,4.0,1069779.91130003,13.88296349490712
20244.0,1274690.27602206,183046.308911487,4.0,336710.7478162701,12.726979525685943
20245.0,1275389.47410278,183035.266927466,3.0,658217.5561006359,13.397290788032404
20246.0,1276976.23634441,182373.30500678704,3.0,59591.23586959789,10.995263793072832
20247.0,1276963.29772039,181726.948014125,3.0,43503.94944047706,10.680607004690561
20248.0,1269534.84600079,184815.038001299,3.0,523974.2253336008,13.169197773798741
20249.0,1269250.50769649,184813.70008128896,3.0,458509.5961959873,13.035736500003775
20250.0,1260655.27549569,185880.102450386,4.0,248934.78777816295,12.424946244672734
20251.0,1260339.36144736,185887.503346398,3.0,145645.8636895232,11.888933363010915
20252.0,1261103.42391215,185869.604466379,3.0,80446.90144096881,11.295352636339688
20253.0,1260835.25610387,185875.887218386,4.0,492696.9883112263,13.107649635891546
20254.0,1269513.18827276,184031.491952494,3.0,115889.26489983412,11.660390401222928
20255.0,1269251.6868325,184036.432880491,3.0,102786.63551773786,11.540410618860593
20256.0,1260998.99696805,186530.707763046,3.0,599312.9349613367,13.303539169662942
20257.0,1262891.34487398,184502.69342497,4.0,510379.42514365097,13.142909698961269
20258.0,1262585.85008967,184510.377840981,3.0,100050.18581514157,11.513427197232959
20259.0,1267440.05591865,180186.08298856,3.0,2160.48492850544,7.6780879794186765
20260.0,1266297.13002947,184470.194864944,3.0,66796.86617258805,11.10941144484025
20261.0,1266207.75031738,184469.981936947,3.0,17732.619925458926,9.783161156085033
20262.0,1266900.16299009,185469.110129967,3.0,573008.1165586885,13.258655160620442
20263.0,1266891.89527808,185137.78270562,4.0,506753.8373957867,13.135780636847562
20264.0,1268983.30776022,184041.265264496,3.0,177763.8969516418,12.088211527178402
20265.0,1268964.66571221,183259.119471699,4.0,874759.1439462444,13.681703863386211
20266.0,1274878.11090226,185342.840369835,3.0,351389.3967991011,12.769650280116826
20267.0,1275283.77643867,184347.646192819,4.0,882746.7192004767,13.690793597216722
20268.0,1278111.40696956,182690.821423113,4.0,286145.37504029047,12.564255264995781
20269.0,1278187.95109765,182463.194606885,3.0,73670.30477652769,11.207355076719038
20270.0,1261363.35383242,185863.515506372,3.0,195434.17086181272,12.182978879769536
20271.0,1266908.7370701,185804.177714303,4.0,5268868.693808011,15.477326228366195
20272.0,1265468.02506863,182349.044206768,3.0,1090119.5644573737,13.90179794035231
20273.0,1265455.56254061,181860.654766262,4.0,3319533.929788465,15.015334948444277
20274.0,1266886.14660607,184910.796977386,3.0,90967.53032210434,11.418257912180074
20275.0,1266875.02225406,184471.57016094,4.0,139548.1787381894,11.84616518791685
20276.0,1262289.88349737,185840.071666345,4.0,593018.8187510391,13.29298141230101
20277.0,1261623.25584869,185857.430578366,4.0,784927.0661170089,13.573346083043115
20278.0,1260870.76656792,186314.566130832,3.0,556611.0099765958,13.229621908648316
20279.0,1266643.93412583,181196.972077593,3.0,134783.49084086603,11.811424998453168
20280.0,1266604.56510179,181196.950381592,3.0,55829.33135456448,10.930054661778533
20281.0,1268124.11127934,181517.106221914,3.0,240401.7963580131,12.390066953986373
20282.0,1266802.79338999,181547.96612595,2.0,47518.65041035737,10.768877553177783
20283.0,1271996.42904331,185755.794930264,1.0,0.0,
20284.0,1272159.61112347,185751.016434252,4.0,1583183.976426267,14.274948552215148
20285.0,1266602.31153378,180529.31095691,3.0,66332.87059962354,11.102440839129116
20286.0,1266597.86794978,180349.712236717,1.0,0.0,
20287.0,1277712.76210517,188233.330996796,1.0,0.0,
20288.0,1277850.9110973,187377.074547917,4.0,3031062.4522499526,14.924423760331118
20289.0,1267058.26039825,184148.595760614,1.0,0.0,
20290.0,1265425.71383658,180779.606061161,3.0,123683.59390187776,11.725481921467294
20291.0,1265107.89322825,180784.761581168,1.0,0.0,
20292.0,1265472.41054063,182520.89265494,4.0,2090099.949717142,14.552722445628687
20293.0,1277024.05772045,184259.94622471897,3.0,477632.6452577284,13.076597191441776
20294.0,1265487.90794864,183179.022191614,4.0,1875656.1432049149,14.444469099213483
20295.0,1265193.13918035,183177.975663617,3.0,558862.0,13.233657852250307
20296.0,1262902.740842,184837.041201323,3.0,585884.0298239198,13.28087714764973
20297.0,1275990.7215274,182378.306286797,3.0,536280.2655933525,13.192412186966648
20298.0,1263497.1901226,184805.308657289,3.0,148252.35217525155,11.906671183008989
20299.0,1270501.55211377,184464.777840942,4.0,77200.0039580476,11.254154787282912
20300.0,1266771.01233396,179861.934060216,4.0,47229.17934426576,10.762767187009068
20301.0,1265791.74558096,179869.094124228,4.0,915067.0382660629,13.726752607438396
20302.0,1266777.44010997,180193.28279656204,3.0,12361.399408721138,9.422333945373012
20303.0,1266834.16766202,182853.826351285,3.0,403537.1969008717,12.908023948071241
20304.0,1266825.83435002,182518.137070939,4.0,1485643.468052525,14.211358548186363
20305.0,1266610.8151498,181530.838829935,1.0,0.0,
20306.0,1277548.137081,187383.992499918,3.0,2948262.9011177714,14.89672670779875
20307.0,1276317.08965573,182376.644526795,4.0,205396.31570388484,12.23269663913892
20308.0,1266241.23185341,185801.43691431,4.0,4549018.448550686,15.330422042061764
20309.0,1266789.49162997,180844.466861233,3.0,235905.1518760919,12.371185104394648
20310.0,1266783.68388598,180528.79620491,4.0,167163.65640324974,12.026728589996052
20311.0,1265509.53975667,184166.176112622,3.0,1034838.1351223724,13.849755581265116
20312.0,1263179.70909828,184495.496304974,1.0,0.0,
20313.0,1272775.9950601,184428.825520903,4.0,405099.0919756747,12.911886987706351
20314.0,1272738.91115607,183091.138543531,4.0,281954.8303692456,12.549502161095123
20315.0,1273101.19288445,184416.559088886,3.0,73597.71258514536,11.206369225227828
20316.0,1273425.37106077,184402.80555287,4.0,61133.592631922525,11.020816791652846
20317.0,1276005.95416741,183031.18718347,4.0,740812.9228655937,13.515503406634947
20318.0,1268947.89342418,182567.542446986,3.0,87946.62093067741,11.384485329082853
20319.0,1264804.20061994,181858.07339026,3.0,839662.3695691084,13.640755149030408
20320.0,1264741.10890788,181857.823406264,1.0,0.0,
20321.0,1263870.76317899,185801.918898299,3.0,722537.8604443035,13.490525099594823
20322.0,1270518.88145779,185094.372081578,3.0,48884.19576425856,10.797209428219265
20323.0,1265044.40292419,184801.097393274,1.0,0.0,
20324.0,1268308.09649552,180293.759276658,1.0,0.0,
20325.0,1271691.39121899,183113.036463544,2.0,46592.00000000001,10.749184131556358
20326.0,1266556.22858974,184470.771952942,4.0,183781.8108342622,12.121504522277974
20327.0,1270902.58443418,183357.280367807,1.0,0.0,
20328.0,1270892.94565018,182812.79787124705,3.0,52556.99811781115,10.869653538091598
20329.0,1264908.43825205,185794.944818303,4.0,1747510.71350448,14.373702883832099
20330.0,1264585.65053973,185794.69349029695,3.0,1449660.2454165611,14.186839773435238
20331.0,1265185.44164434,182519.26635094,2.0,232920.0,12.358450325951056
20332.0,1260592.53123963,187199.547955737,2.0,359965.7812143684,12.793764253732238
20333.0,1271624.09969893,185765.841522262,1.0,0.0,
20334.0,1266817.376366,182190.729262605,4.0,1025408.3486416072,13.840601480137492
20335.0,1266124.30660529,182194.856238604,1.0,0.0,
20336.0,1266796.09066999,181197.054701582,4.0,494253.9409569655,13.110804714611525
20337.0,1278526.184634,183257.650991693,1.0,0.0,
20338.0,1268033.20599926,185534.516850024,1.0,0.0,
20339.0,1268181.45271941,183808.429104269,3.0,324917.78292230243,12.691327453684458
20340.0,1267036.31134222,180839.903853223,1.0,0.0,
20341.0,1260628.88483967,185004.991345495,4.0,170140.631612503,12.044380618833452
20342.0,1260622.25296766,184785.802161261,1.0,0.0,
20343.0,1267025.09252621,183431.686383873,1.0,0.0,
20344.0,1267017.93143821,183166.76926361,4.0,114830.772272345,11.651214778101142
20345.0,1272124.62200344,184450.673520923,4.0,570337.8458003952,13.253984176156912
20346.0,1260312.97603935,185013.6691695,3.0,46603.99999999999,10.749441653339831
20347.0,1263114.04881021,186481.29253099897,3.0,448319.00371249625,13.01326031985961
20348.0,1262953.55933805,186484.407986999,4.0,1974022.4019607252,14.495583847422175
20349.0,1276649.34559207,182374.886382788,4.0,502519.1959190311,13.127389119019627
20350.0,1268486.99543971,185302.096369788,1.0,0.0,
20351.0,1268221.93687944,185298.69944179096,3.0,300480.0917256428,12.613136780265709
20352.0,1263590.76932269,185808.704946309,3.0,142666.86494758722,11.868267575714395
20353.0,1264886.85463603,185128.596721619,4.0,159161.5035225051,11.977674711106607
20354.0,1264767.17348391,185127.327729613,1.0,0.0,
20355.0,1277320.85900076,183022.064175457,3.0,465001.6853142743,13.049796308894699
20356.0,1270137.4235374,183130.765103564,3.0,1480604.0565776136,14.207960708807464
20357.0,1270454.65092973,182886.132079318,3.0,46507.52314379569,10.747369366527792
20358.0,1270177.35262544,184467.860528931,3.0,32622.340617012287,10.39275262764778
20359.0,1262249.22180133,184862.98276934,3.0,88684.6939022614,11.392842593117255
20360.0,1262237.61424932,184520.647472993,3.0,48730.47019359474,10.794059784746361
20361.0,1270862.56549014,183623.891056076,1.0,0.0,
20362.0,1266232.36113341,185468.623281956,4.0,398587.746978376,12.895682946143777
20363.0,1266230.1600454,185376.870193869,1.0,0.0,
20364.0,1267762.62283097,179850.736876205,4.0,120578.1000265404,11.7000529549657
20365.0,1266014.83665319,182852.130159289,1.0,0.0,
20366.0,1270769.51051405,182395.441454813,3.0,1799944.4945293474,14.403266386018357
20367.0,1267278.49425447,180520.975340903,3.0,50074.48863409246,10.821266948481725
20368.0,1262594.08298568,184841.672433317,1.0,0.0,
20369.0,1275529.55551092,183034.33547146604,3.0,687749.158936479,13.44117945586565
20370.0,1267616.14711882,183158.214511603,4.0,265503.71619701886,12.489384116541762
20371.0,1267264.01758246,183163.249967605,3.0,138535.7425145632,11.838883640012739
20372.0,1267643.62897485,184143.483568609,1.0,0.0,
20373.0,1267505.49675071,184149.281776607,3.0,93182.0,11.442309848973883
20374.0,1260822.81949587,184137.237168595,3.0,93182.0,11.442309848973883
20375.0,1260586.27664763,184369.001456842,1.0,0.0,
20376.0,1268188.00849541,184055.647088513,4.0,125055.70578506612,11.736514563294156
20377.0,1268029.71486324,184059.300656527,1.0,0.0,
20378.0,1265190.72644433,182971.653871402,1.0,0.0,
20379.0,1259659.76637468,184575.089649051,1.0,0.0,
20380.0,1276244.39723966,186542.442995057,1.0,0.0,
20381.0,1276582.890296,186532.642483056,3.0,72423.59643252684,11.190287442850549
20382.0,1268438.34065567,181612.850798011,2.0,156346.268053745,11.959828493421357
20383.0,1265688.48100485,180531.904172912,3.0,941076.6974094078,13.754779921525984
20384.0,1266215.57508539,184802.747953281,3.0,29298.05656454772,10.285276463950277
20385.0,1265848.20311701,184803.446769282,3.0,55042.58926989749,10.915862514921821
20386.0,1266291.55102147,184166.172144637,1.0,0.0,
20387.0,1267324.49214253,184157.044528618,1.0,0.0,
20388.0,1276364.34219979,184335.178352803,3.0,347824.0262709441,12.759451959226375
20389.0,1276334.75794375,183028.937519461,3.0,276384.20192117203,12.529547212661733
20390.0,1265716.68074888,182352.314862773,1.0,0.0,
20391.0,1270893.95192218,185782.253234282,3.0,2653039.4722384773,14.791216511350122
20392.0,1263152.70033026,181879.031726286,3.0,1024464.4524339646,13.839680548581292
20393.0,1263384.41937049,181652.961966053,3.0,46592.0,10.749184131556358
20394.0,1278500.73490597,185437.350385934,3.0,7160979.196553041,15.784157288881246
20395.0,1267763.48638298,183156.107567593,3.0,201340.74280429876,12.212753989579772
20396.0,1266816.70187001,181453.862253845,1.0,0.0,
20397.0,1269212.06321646,182562.931886986,2.0,66043.88289784698,11.098074692457168
20398.0,1268326.72702356,181164.315629557,3.0,437019.3724579097,12.987732803662455
20399.0,1260313.86410335,185102.782449588,1.0,0.0,
20400.0,1273108.29918845,184817.543537304,1.0,0.0,
20401.0,1264968.43812411,182649.133871078,2.0,139764.0,11.847710564890653
20402.0,1263708.50692283,184596.245745063,4.0,278567.3331019976,12.537415079691408
20403.0,1268199.72369543,184473.989104941,4.0,262530.36850134504,12.478122043851231
20404.0,1267897.49431911,184472.835248947,3.0,176250.20640351577,12.079659891757606
20405.0,1267572.02775878,185804.458546311,3.0,5404980.594851342,15.502831418827233
20406.0,1267558.78827076,185308.498929799,1.0,0.0,
20407.0,1267011.0206542,182911.08606334,1.0,0.0,
20408.0,1267103.7416143,184772.009521246,1.0,0.0,
20409.0,1262933.21489003,185824.799090326,4.0,1378632.9029752987,14.136602916097447
20410.0,1268881.54283212,185158.892593652,1.0,0.0,
20411.0,1268218.44343944,185165.690481648,3.0,209027.7367806305,12.250222234010552
20412.0,1265188.30583633,182649.017071083,2.0,186344.0,12.13534970691119
20413.0,1267894.6438871,184241.982064709,1.0,0.0,
20414.0,1265918.58193308,186129.122930646,1.0,0.0,
20415.0,1263832.92599495,184543.207153022,1.0,0.0,
20416.0,1264793.05693993,181194.98814158104,3.0,1518076.8022885104,14.232954830050817
20417.0,1264416.94218755,181195.615725592,3.0,1476315.074758135,14.205059726645372
20418.0,1268725.42046396,184045.658608511,4.0,320412.5092654684,12.677364536065472
20419.0,1266119.26462129,184164.974320635,1.0,0.0,
20420.0,1269525.46283278,184476.30929695105,3.0,184740.84826105175,12.12670930178406
20421.0,1264596.54455572,186457.868338972,4.0,530208.9137009599,13.181026384655304
20422.0,1263575.87793069,187134.348595664,3.0,123689.77007223618,11.72553185546391
20423.0,1263488.5851306,187135.763315678,3.0,60766.34477232176,11.014791374765554
20424.0,1265110.26954825,181194.367085591,3.0,905311.8022541336,13.716034696221737
20425.0,1265108.15934025,180879.095725268,1.0,0.0,
20426.0,1263484.08580258,186846.907571375,1.0,0.0,
20427.0,1263574.97213869,186790.216435313,1.0,0.0,
20428.0,1278480.31762595,182416.505070835,1.0,0.0,
20429.0,1270251.20120151,185098.143729582,1.0,0.0,
20430.0,1262236.26647331,183687.91230413303,3.0,123436.74774513564,11.723484139842386
20431.0,1262122.17872919,183574.40689602503,3.0,80185.87330038333,11.292102634952796
20432.0,1270482.72504176,183834.969712287,1.0,0.0,
20433.0,1262370.37968946,183821.484528273,3.0,185579.6726235457,12.131239570833761
20434.0,1266541.83364572,184278.18372874,1.0,0.0,
20435.0,1262034.19895311,186879.639475405,1.0,0.0,
20436.0,1267288.41975848,181062.384045452,1.0,0.0,
20437.0,1269488.49963275,183136.815279573,3.0,1233596.5810216526,14.025444510242009
20438.0,1261932.460329,182849.816495284,4.0,772169.0430956963,13.556958772777516
20439.0,1261739.7110168,182764.317359194,3.0,93182.0,11.442309848973883
20440.0,1269008.08068825,184642.577393115,1.0,0.0,
20441.0,1277883.09573734,187372.719539911,1.0,0.0,
20442.0,1273354.6703887,181746.713390157,4.0,383087.2407747941,12.856018024926055
20443.0,1260344.95658338,186015.604146525,3.0,85948.99658343046,11.361509336320864
20444.0,1268698.64036793,182384.877166808,1.0,0.0,
20445.0,1268685.48388791,181820.016110227,3.0,5740219.578169718,15.563008021600618
20446.0,1262321.57303341,183542.394863993,1.0,0.0,
20447.0,1260332.13443936,186836.072627366,1.0,0.0,
20448.0,1269218.78724846,185003.827953488,1.0,0.0,
20449.0,1265434.55370858,179871.249644235,2.0,28800.3818751342,10.268143925589401
20450.0,1268413.11595164,182576.978799,3.0,233329.55343781284,12.360207125673988
20451.0,1264582.39300372,184467.130864933,1.0,0.0,
20452.0,1262256.83204134,185087.437041566,4.0,228252.6939022619,12.338208600807116
20453.0,1264812.27735595,182517.235182941,1.0,0.0,
20454.0,1266841.99902204,183169.285039604,4.0,328157.01134448865,12.701247465952719
20455.0,1268209.14065543,184810.270897284,3.0,308049.81727806217,12.638016793285788
20456.0,1278211.86015368,182410.844974831,3.0,70944.83356443293,11.169657861958436
20457.0,1260378.05098341,186056.21662657,1.0,0.0,
20458.0,1277374.32408881,185561.38526605105,3.0,308648.3546309707,12.63995789695078
20459.0,1277704.54424915,185556.958706051,2.0,84939.27255358054,11.349691839592074
20460.0,1269245.97060849,184541.986033008,1.0,0.0,
20461.0,1260808.81751186,185000.048753485,3.0,358355.255615343,12.789280107465887
20462.0,1271445.00069074,183116.433775559,1.0,0.0,
20463.0,1275605.67608701,184998.171121478,3.0,50807.19533304383,10.835793263950766
20464.0,1276048.39595945,184989.614065468,1.0,0.0,
20465.0,1266642.28062183,180919.862381309,1.0,0.0,
20466.0,1276751.84863217,187170.131059706,3.0,210697.226402396,12.258177435977094
20467.0,1277233.36312868,187159.705843702,1.0,0.0,
20468.0,1277376.34348081,185664.939506158,3.0,3989440.1742981407,15.199161471828623
20469.0,1264416.80669954,180943.054253325,1.0,0.0,
20470.0,1264881.00036402,184932.46488142,1.0,0.0,
20471.0,1263607.02717872,184429.411440894,1.0,0.0,
20472.0,1268498.42878373,180024.570220381,1.0,0.0,
20473.0,1260299.65744732,184586.525937065,3.0,62797.368387496994,11.047668446920575
20474.0,1273056.86130039,182778.933423206,1.0,0.0,
20475.0,1260633.21258368,185148.01432164,1.0,0.0,
20476.0,1271837.23870714,184452.756528929,1.0,0.0,
20477.0,1263102.83101819,186216.46661073,1.0,0.0,
20478.0,1263519.20420262,181372.042541772,3.0,1143501.3972808162,13.949605514377604
20479.0,1264243.52785137,181163.39108555,2.0,1389593.330796312,14.144521694528137
20480.0,1264229.06461935,185416.386161909,1.0,0.0,
20481.0,1266382.13514955,183842.564528301,3.0,103417.376223771,11.546528275523677
20482.0,1261761.42391282,182709.562543139,1.0,0.0,
20483.0,1265710.84215687,184470.854256943,4.0,120878.61427262194,11.702542133219612
20484.0,1265566.07966073,184073.842928529,2.0,46592.0,10.749184131556358
20485.0,1265913.11313307,184072.612592533,1.0,0.0,
20486.0,1278662.87071413,183867.483760327,1.0,0.0,
20487.0,1278606.02405807,182672.557679102,3.0,93182.0,11.442309848973883
20488.0,1278384.53074585,182008.291630417,3.0,152397.72370085833,11.93424898577706
20489.0,1278038.7309375,182407.082478821,1.0,0.0,
20490.0,1268208.34142342,184780.37860925504,3.0,269058.9290870189,12.502685701830242
20491.0,1268074.41751929,184781.182705253,1.0,0.0,
20492.0,1278963.69887444,182232.700974643,1.0,0.0,
20493.0,1279187.39071468,181997.29361440204,3.0,93182.0,11.442309848973883
20494.0,1278646.02988212,182673.331631094,1.0,0.0,
20495.0,1267839.53739105,185155.750577644,1.0,0.0,
20496.0,1267513.37041472,185137.402801618,3.0,93182.0,11.442309848973883
20497.0,1278949.23929043,182001.655470416,1.0,0.0,
20498.0,1279255.16415474,182007.093806416,1.0,0.0,
20499.0,1268388.48580761,184491.571440965,1.0,0.0,
20500.0,1267782.37643099,184945.864497423,1.0,0.0,
20501.0,1276310.04997572,182172.321454585,1.0,0.0,
20502.0,1264714.91601186,183176.277807623,3.0,93182.0,11.442309848973883
20503.0,1264169.0758833,183174.339823619,1.0,0.0,
20504.0,1264839.61949998,183431.252655879,1.0,0.0,
20505.0,1264837.23895597,183176.771887615,4.0,232934.0,12.358510430619061
20506.0,1277435.81413688,188034.65720458297,3.0,946345.4697187388,13.760362971345911
20507.0,1278355.94290581,185576.847154081,3.0,4057028.034351663,15.215961252283433
20508.0,1278354.31295381,185534.832114026,1.0,0.0,
20509.0,1276834.14572026,184937.308081418,4.0,2223753.890443656,14.614707267457518
20510.0,1276950.76556037,185174.580209658,1.0,0.0,
20511.0,1277366.7296568,185159.143281654,3.0,47235.12698412697,10.762893110547816
20512.0,1276559.13183197,184950.403825432,1.0,0.0,
20513.0,1277688.58136913,184906.67819339,3.0,46919.06349206351,10.756179342893525
20514.0,1277360.6712248,184904.220529392,4.0,212093.25665286093,12.26478134680295
20515.0,1277370.32216881,185412.41246590004,3.0,131529.27255358052,11.78698471079734
20516.0,1260484.67741552,185476.129521966,2.0,46591.99999999999,10.749184131556358
20517.0,1260483.53437552,185448.70142594,1.0,0.0,
20518.0,1260333.73315936,185717.020402223,3.0,93182.0,11.442309848973883
20519.0,1260071.3895431,185744.486258239,1.0,0.0,
20520.0,1260330.49501537,185561.091570064,1.0,0.0,
20521.0,1277976.27928942,185516.643506005,1.0,0.0,
20522.0,1278024.11480948,185310.285041794,2.0,46591.99999999999,10.749184131556358
20523.0,1276216.63711163,185624.611186117,4.0,452675.2822614544,13.02293033122972
20524.0,1276942.77343237,188256.628532812,3.0,238440.91618875528,12.381876827755416
20525.0,1275696.9186471,185081.564977571,3.0,216451.6721165545,12.285122578026494
20526.0,1265760.74794893,183468.165359914,1.0,0.0,
20527.0,1265759.66884492,183179.986799613,3.0,129345.88745937226,11.770245393211345
20528.0,1265943.36042911,183180.623279616,3.0,71947.31225873125,11.183689355936483
20529.0,1276050.53669547,185635.511410132,3.0,179798.06984203376,12.099589665934415
20530.0,1265939.0188611,182877.044143304,1.0,0.0,
20531.0,1273209.69106054,175283.687975541,3.0,4287607.187340531,15.271239370106645
20532.0,1263314.90602642,185368.867249861,1.0,0.0,
20533.0,1262919.55313002,185381.586353868,3.0,568413.1485954997,13.25060380758267
20534.0,1263219.52989832,186045.020402551,1.0,0.0,
20535.0,1263211.26250631,185818.48088231697,3.0,132494.95972770656,11.79429988389399
20536.0,1263727.15031484,185805.583538309,3.0,204470.7552166402,12.228180237963024
20537.0,1263765.32605888,186067.654898584,1.0,0.0,
20539.0,1254519.69955342,216605.480657846,1.0,0.0,
20540.0,1254488.15792137,216606.262801841,3.0,341359.55170978524,12.740691604613378
20542.0,1254376.83728127,216621.815889865,2.0,378759.4031382194,12.844656462265112
20543.0,1279197.48185068,179770.740012124,1.0,0.0,
20544.0,1263134.22986624,166120.968414158,1.0,0.0,
20547.0,1264933.64490807,202297.469571203,1.0,0.0,
20550.0,1266140.3078853,212737.858445883,2.0,50292.93604507238,10.825619909746031
20551.0,1265143.9525563,212586.140237734,1.0,0.0,
20553.0,1266849.96951804,183491.686639935,1.0,0.0,
20554.0,1261414.63453647,200665.235905528,3.0,679914.3160457977,13.429722063397886
20555.0,1261404.71920846,200456.758017316,4.0,554523.5707738121,13.225864593027476
20558.0,1274661.72159004,191410.553656042,3.0,1293713.6790009462,14.073027461399562
20559.0,1289083.6300848,188073.923828632,3.0,80886.98217774088,11.300808177586301
20562.0,1261489.71383254,200005.014784843,3.0,239391.22475516764,12.385854416276164
20565.0,1261759.23428082,200467.339009315,2.0,9.466666666666669,2.247776856499051
20566.0,1261710.09527278,200660.427201524,2.0,44287.9917300402,10.698468852245934
20569.0,1261592.14538465,200446.650433302,3.0,2309.474936626531,7.7447754775175675
20571.0,1288643.08570035,191421.647800058,1.0,0.0,
20572.0,1285566.85331321,198070.332350865,1.0,0.0,
20579.0,1272445.59249976,175518.271783769,1.0,0.0,
20580.0,1284151.42867175,193440.200826123,1.0,0.0,
20586.0,1281499.27647704,219014.209748313,4.0,8320315.402082729,15.93421072098304
20589.0,1278964.54175444,212638.24545379,1.0,0.0,
20590.0,1284036.51519963,193490.587578177,2.0,52859.02978365265,10.875383833537558
20592.0,1278747.24658622,212820.649933979,1.0,0.0,
20593.0,1278848.62956232,212637.867149785,1.0,0.0,
20598.0,1283714.04275131,193821.366074517,3.0,143688.256922522,11.875401349330007
20599.0,1284157.75935976,193439.62508212,1.0,0.0,
20601.0,1288143.37472384,204452.879301399,3.0,381959.1210497029,12.853068868903524
20603.0,1264797.16292393,208447.63181749,1.0,0.0,
20604.0,1265274.20100443,207153.977544174,1.0,0.0,
20605.0,1281627.43666917,222237.680983618,2.0,93077.48571428574,11.441187604957344
20606.0,1265027.77694017,208385.894345433,1.0,0.0,
20607.0,1265043.06199619,208394.287049443,1.0,0.0,
20609.0,1283227.06335881,190638.296311259,4.0,7843322.758796123,15.875173123814738
20610.0,1283257.01145484,190637.862263262,3.0,19675451.228173897,16.794882286092378
20611.0,1283277.65548687,189770.334198371,2.0,232920.0,12.358450325951056
20612.0,1283192.34131077,190637.42821525,4.0,478175.41982095735,13.07773293122344
20614.0,1267844.04068705,168664.596832752,1.0,0.0,
20615.0,1267418.77348661,168685.863840774,2.0,46592.0,10.749184131556358
20618.0,1275057.32677445,180412.359468788,3.0,75078.39683030365,11.22628813765286
20619.0,1275255.61112665,180248.090412617,3.0,19375.583545428228,9.87176897224171
20620.0,1257650.58826062,214448.423567638,2.0,39309.0148180406,10.579209156235676
20621.0,1268852.06686409,197350.574270129,2.0,46591.99999999999,10.749184131556358
20623.0,1261027.62224807,187450.78629198705,3.0,75285.8825760165,11.229047913820745
20624.0,1260639.49571967,187460.530036002,1.0,0.0,
20630.0,1285884.44684952,179455.461099803,2.0,419184.0,12.946065243321623
20631.0,1285801.14515345,179235.846699581,2.0,465740.0,13.051382817487227
20635.0,1286724.49305838,191379.961528018,1.0,0.0,
20636.0,1286713.47603437,190832.381239459,1.0,0.0,
20637.0,1260198.69898322,212441.488653585,3.0,275508.4666563354,12.526373639067808
20638.0,1281640.15449318,190716.429687336,1.0,0.0,
20639.0,1282395.46630196,190644.806839257,3.0,93182.0,11.442309848973883
20640.0,1282517.63532609,189574.731190175,1.0,0.0,
20646.0,1289726.13504547,180805.270061195,2.0,46592.0,10.749184131556358
20647.0,1290145.9429179,180945.079853326,1.0,0.0,
20648.0,1264951.8266681,187315.935219854,3.0,200024.65508200004,12.206195913342386
20649.0,1264668.7137078,187316.990643859,1.0,0.0,
20650.0,1267996.74999921,197003.87481378,1.0,0.0,
20651.0,1264735.90513188,167274.256479338,2.0,4942.54019291849,8.505634687114588
20652.0,1264765.89329191,166947.714462996,3.0,370661.4739819997,12.823044455985059
20656.0,1280239.75180376,211737.803340867,1.0,0.0,
20657.0,1264470.2442676,166505.331486538,3.0,208189.67398198167,12.246204837304722
20658.0,1263233.28413834,165839.473565862,1.0,0.0,
20661.0,1264317.61041145,167348.448223412,3.0,1152836.107070936,13.957735644369643
20662.0,1264482.78001161,167422.640351489,3.0,3623623.259023613,15.102984983518015
20663.0,1264639.27479577,166038.443998069,2.0,115275.67398197835,11.655081703789355
20665.0,1260399.76387943,204736.307525694,1.0,0.0,
20666.0,1264643.28036378,166851.360350892,3.0,301103.6739819988,12.615209916261868
20667.0,1264745.83261989,167884.948127955,3.0,2388361.476272678,14.686118114012531
20671.0,1276756.83941618,203482.689284414,1.0,0.0,
20672.0,1271916.77758722,198540.973759353,1.0,0.0,
20673.0,1272846.07198818,187042.583091572,3.0,161903.78386166482,11.994757510990297
20674.0,1273493.90437284,187023.115571558,3.0,75410.50670054418,11.230701890449337
20675.0,1285272.2886409,203613.615236551,1.0,0.0,
20677.0,1273696.29304504,187017.20254755,2.0,38862.16132327096,10.567776339585285
20678.0,1260226.01488726,204472.748677418,3.0,250281.52377120493,12.430341658359728
20679.0,1279101.52965859,217520.040466785,1.0,0.0,
20680.0,1277410.89586486,187585.986804128,1.0,0.0,
20681.0,1272296.00024362,212063.1327492,3.0,362431.5418986889,12.800590885507821
20682.0,1272051.74289936,212054.90836519,3.0,337774.3960767444,12.730133484381167
20686.0,1260227.00471126,204498.024517447,1.0,0.0,
20687.0,1260393.73635943,204572.994821519,1.0,0.0,
20688.0,1271582.88094689,189664.27467826,1.0,0.0,
20693.0,1267428.66519862,193037.120633706,1.0,0.0,
20696.0,1265525.27562869,208651.052937701,3.0,82483.57958758097,11.32035451721057
20697.0,1265548.53079671,208647.398089692,1.0,0.0,
20698.0,1270452.11121772,209997.648395076,1.0,0.0,
20699.0,1280382.84005989,197104.879869878,1.0,0.0,
20700.0,1265822.76977299,211925.669133052,1.0,0.0,
20701.0,1281144.19026868,172724.310820907,3.0,49040.34357345782,10.800398576569602
20702.0,1281140.04031667,172460.087268636,1.0,0.0,
20703.0,1281033.52082856,172881.323301077,1.0,0.0,
20704.0,1281149.03212468,172878.556581065,3.0,142192.34357345777,11.864935952239668
20705.0,1281229.95942077,172928.357669115,3.0,200916.5454645176,12.210644904129257
20706.0,1281515.62489305,172906.223845094,3.0,49014.58558534285,10.799873197806322
20707.0,1265415.09572457,208406.051465452,1.0,0.0,
20708.0,1281286.67750081,172435.878372625,2.0,16.0,2.772588722239781
20709.0,1281566.80978911,172602.574180782,3.0,44156.32309320887,10.695491414196555
20710.0,1281646.35359719,172582.515556768,2.0,41721.0708411993,10.638761576119903
20711.0,1281229.95942077,173050.094309241,3.0,263568.7349668186,12.482069466711144
20712.0,1265658.50961281,208421.964873463,1.0,0.0,
20713.0,1265601.46673276,208390.021001428,4.0,169657.76576171588,12.04153854435904
20714.0,1270454.95211373,209393.025546461,1.0,0.0,
20716.0,1287847.13549154,184060.061168522,1.0,0.0,
20717.0,1252425.79689527,214323.944527507,4.0,61726.40947516106,11.030467148706192
20718.0,1252412.77590325,214009.708239183,4.0,1267084.4569640486,14.052229116090384
20719.0,1252854.10575971,214307.1315355,1.0,0.0,
20721.0,1263628.42314674,171351.937251508,3.0,328011.7030916473,12.70080456688722
20724.0,1268144.69195136,195667.791868404,2.0,46592.0,10.749184131556358
20725.0,1267949.09195116,195674.123900414,3.0,139768.0,11.84773918415428
20726.0,1268149.12702337,195879.448572621,1.0,0.0,
20727.0,1254259.04195315,213938.462351114,1.0,0.0,
20729.0,1267795.61163101,196115.39231686303,3.0,93182.0,11.442309848973883
20731.0,1279769.00402726,210627.077259719,1.0,0.0,
20735.0,1267806.93937501,196095.594492838,1.0,0.0,
20736.0,1291171.13575095,189623.724214211,3.0,1275533.6434812767,14.058875192916478
20737.0,1267949.12708716,195697.156988442,1.0,0.0,
20739.0,1291861.74131966,189598.765302196,4.0,624522.2338977979,13.34474221063266
20742.0,1265037.31498818,208426.469769478,1.0,0.0,
20743.0,1278596.60281007,211688.117772818,1.0,0.0,
20744.0,1274047.7667734,216472.279441714,1.0,0.0,
20745.0,1267768.99486297,187598.34373214803,3.0,6371.201679444451,8.759543377469235
20746.0,1268099.94897532,187600.139380142,3.0,24642.8283158265,10.112241196605007
20747.0,1268106.14052732,187814.77112436303,3.0,83578.98395831518,11.333547379411087
20748.0,1267765.16747098,187800.255092353,3.0,23205.225027845627,10.052132749014408
20749.0,1268185.3641434,188385.310708955,1.0,0.0,
20750.0,1268094.16977531,188384.205044955,3.0,69876.43571428572,11.154483757141282
20751.0,1268095.67729531,188136.356468692,4.0,345961.0008942818,12.754081333508765
20752.0,1267783.81342299,188372.737524942,2.0,6.871428571428571,1.9273720280564022
20753.0,1267817.35307103,188056.835316613,3.0,56295.02616252295,10.93836146497685
20754.0,1268268.02603149,188150.907636717,3.0,489172.54617380747,13.100470561379428
20755.0,1280767.99282829,171064.375843212,3.0,447713.2569574064,13.011908255042398
20756.0,1281054.87878059,171008.680419162,3.0,224089.96375514468,12.31980287411478
20757.0,1280789.33862031,171201.655779347,3.0,133910.64430346823,11.804928022944456
20758.0,1287161.32550684,177701.57943400703,3.0,1910121.2790541544,14.462677294893963
20759.0,1287025.68441869,177562.489833862,1.0,0.0,
20760.0,1275256.26501465,218556.236243844,1.0,0.0,
20761.0,1280811.38348433,171196.144611344,1.0,0.0,
20762.0,1267291.35051049,198920.002879739,1.0,0.0,
20763.0,1281031.10386856,192619.168697283,1.0,0.0,
20767.0,1272414.67160374,196224.754300982,1.0,0.0,
20771.0,1250814.62230162,215157.307344362,2.0,9819565.523578549,16.099887435317083
20774.0,1277921.68620138,218514.561107799,2.0,2860213.1676489017,14.866406714161476
20775.0,1263328.44503443,211988.217869118,3.0,357021.4505425917,12.78555114451019
20779.0,1266082.56420526,191983.041656628,3.0,39637.52936468388,10.587531659677206
20780.0,1281078.87442861,180308.708716676,1.0,0.0,
20781.0,1273209.90987656,194043.648122743,1.0,0.0,
20782.0,1251498.36175832,212731.058893874,3.0,983925.428653312,13.799305389273735
20783.0,1281128.04690866,179985.873068348,3.0,1922115.6902263605,14.46893705932645
20784.0,1281046.23538858,180034.750316396,1.0,0.0,
20785.0,1251353.68092617,212602.577229753,1.0,0.0,
20786.0,1280855.18297239,180534.52126091704,3.0,4732733.213288431,15.370013439940385
20787.0,1254179.63785706,192427.678905085,3.0,232928.0,12.358484671917985
20788.0,1251497.59273432,212718.147853866,1.0,0.0,
20789.0,1273680.60574903,194015.331578717,1.0,0.0,
20791.0,1290817.19354258,204831.887685791,2.0,2.0,0.6931471805599453
20792.0,1289653.86778139,204440.44064539703,2.0,2.0,0.6931471805599453
20793.0,1254006.10249689,215427.88520063495,3.0,93182.0,11.442309848973883
20794.0,1265650.90794881,166715.530206755,1.0,0.0,
20795.0,1281837.66687739,195291.612796023,3.0,753480.6267226984,13.532458585666657
20796.0,1274036.4918934,216459.540625691,1.0,0.0,
20799.0,1262257.85796134,178272.624234587,1.0,0.0,
20800.0,1283149.37983873,176305.37879258403,3.0,63918.82511229623,11.065369199675114
20801.0,1283143.63078272,176080.273960352,1.0,0.0,
20805.0,1284865.89472048,168500.520416588,3.0,102066.57390262428,11.533380564679826
20806.0,1280613.54630013,167986.330144063,1.0,0.0,
20807.0,1269867.43166512,208000.831497043,2.0,899476.6608204262,13.709568385199441
20809.0,1273152.97758849,214292.502991483,4.0,551138.7510811313,13.21974187327867
20810.0,1280491.42649201,211908.138317034,1.0,0.0,
20811.0,1274058.00331742,216681.882385924,3.0,1596376.323625252,14.283246820942532
20812.0,1274055.43115741,216672.763985917,1.0,0.0,
20814.0,1254121.80304101,215954.768337175,2.0,46591.99999999999,10.749184131556358
20815.0,1254045.70768093,215855.977873087,1.0,0.0,
20816.0,1282896.64607847,196234.532860994,3.0,187162.7361494593,12.139733764180084
20817.0,1282884.54502246,196231.76774098,1.0,0.0,
20818.0,1282865.86399844,196426.392701179,3.0,54130.82851848081,10.899159145760729
20819.0,1282849.42271842,196424.230973184,1.0,0.0,
20820.0,1296226.33332412,182169.791982591,1.0,0.0,
20821.0,1285707.57152134,167705.395039767,1.0,0.0,
20823.0,1260477.63056751,215840.462481067,5.0,19014239.27925593,16.760698692194286
20824.0,1277101.15237653,175474.925095722,3.0,553185.2347008536,13.223448187709476
20825.0,1277325.15884076,175476.678375736,1.0,0.0,
20826.0,1265144.1815483,188695.674229264,3.0,300435.2335280771,12.61298748070298
20827.0,1286219.64140987,198625.180287436,3.0,400463.6703440657,12.900378330624685
20828.0,1286859.78477053,198617.339775428,1.0,0.0,
20830.0,1280131.31103563,207617.782728642,3.0,89142.95322649305,11.39799657615697
20831.0,1296943.66785285,176507.402024791,3.0,5818492.746202095,15.576551807851155
20835.0,1271059.90955435,189732.038006335,3.0,93182.0,11.442309848973883
20836.0,1271223.02014652,189732.038006335,1.0,0.0,
20839.0,1282277.50297384,181998.642670408,1.0,0.0,
20840.0,1283917.52556752,174951.000615194,2.0,93180.0,11.442288385370787
20841.0,1284065.44230367,174946.139431193,2.0,46591.99999999999,10.749184131556358
20845.0,1263519.58276263,210736.835211843,2.0,135495.34054295992,11.816692531573814
20846.0,1279173.85100266,212063.177357197,4.0,40514396.06479841,17.517167927306485
20847.0,1260092.02269512,205671.034630656,1.0,0.0,
20850.0,1264539.62929167,203083.958468005,1.0,0.0,
20851.0,1280731.16550025,170053.140962183,1.0,0.0,
20852.0,1269912.23243317,210940.966348052,1.0,0.0,
20853.0,1278081.90047354,182880.751471311,3.0,366241.8309209845,12.811049134412059
20854.0,1280632.57382014,208709.691273764,3.0,89143.49270879412,11.398002628016922
20859.0,1280632.29561216,208725.574473783,1.0,0.0,
20861.0,1257643.37571661,203121.993156046,3.0,116005.47894365354,11.661392701245969
20862.0,1280557.99097207,176411.254888684,3.0,19658.25209281802,9.886252482974454
20863.0,1287279.80102696,164289.330012277,3.0,278525.54874423787,12.53726507110505
20867.0,1284865.94528049,168328.670688406,2.0,4057.972665956935,8.308438784522004
20869.0,1279959.67685947,168718.703072816,1.0,0.0,
20870.0,1279911.48370741,167887.765087962,2.0,46591.99999999999,10.749184131556358
20872.0,1276324.69727173,182759.595247194,1.0,0.0,
20873.0,1282800.64102237,167934.672800004,1.0,0.0,
20874.0,1264956.35614009,188695.99314126404,3.0,306163.0102538527,12.631872952341071
20878.0,1263099.0314662,212161.5764613,1.0,0.0,
20879.0,1271568.01713887,188880.307061464,1.0,0.0,
20880.0,1288880.4139566,204526.096005484,3.0,46592.99999999999,10.74920559423812
20882.0,1282886.04665446,196286.625277042,3.0,101541.56466791464,11.528223497757438
20883.0,1282873.95481445,196284.545533031,1.0,0.0,
20884.0,1281550.19762909,195055.436155781,1.0,0.0,
20886.0,1271002.53765029,189281.506421864,3.0,459565.5441312419,13.03803685289323
20889.0,1280226.87026773,176908.074473202,3.0,124214.46035704314,11.72976486969982
20890.0,1280138.88581964,207635.184584662,1.0,0.0,
20891.0,1269959.14993723,189113.32990969703,3.0,53845.316537818646,10.893870706431162
20892.0,1265024.75658818,189770.561526373,2.0,195628.17267096028,12.183971058271357
20894.0,1280264.20972377,167996.811424077,2.0,93180.0,11.442288385370787
20895.0,1270265.13950554,189105.734453693,4.0,327250.9815537925,12.698482683168084
20896.0,1281261.05420479,195521.811836258,1.0,0.0,
20897.0,1281256.26284479,195305.194492042,3.0,291880.78972772905,12.584100743534828
20898.0,1282758.34975833,191562.413240209,1.0,0.0,
20899.0,1286635.9144983,198860.89343968,1.0,0.0,
20900.0,1296112.89390001,182197.701678619,1.0,0.0,
20903.0,1259523.46973453,209133.19341819,3.0,16057661.768882504,16.5916966624138
20905.0,1282202.15174176,182107.607342526,1.0,0.0,
20906.0,1282545.47417411,168203.639776289,1.0,0.0,
20909.0,1282870.14444645,168348.464928433,1.0,0.0,
20912.0,1271677.40869097,183132.339567572,1.0,0.0,
20913.0,1275271.68690266,210424.605515525,1.0,0.0,
20914.0,1254014.11228889,215616.566288829,1.0,0.0,
20915.0,1265501.49841265,191747.406008393,1.0,0.0,
20916.0,1284326.68358393,174918.795623153,1.0,0.0,
20918.0,1254174.75830506,215680.201616898,1.0,0.0,
20920.0,1253734.44124861,215437.815632656,1.0,0.0,
20921.0,1278535.614778,167828.090655893,1.0,0.0,
20931.0,1252437.13052727,214678.386063874,3.0,45916.46795935522,10.734579110773735
20932.0,1252896.11849575,214522.005455717,2.0,1192.4606586117986,7.083774231536362
20933.0,1253075.79625593,214310.673231497,2.0,3188.702978943223,8.067369523425926
20935.0,1251736.23823856,213242.375502408,1.0,0.0,
20936.0,1280692.07372421,196624.481853381,1.0,0.0,
20940.0,1255892.47139482,188490.02898106,1.0,0.0,
20941.0,1251736.50499056,213246.111374408,1.0,0.0,
20944.0,1296645.23994854,183205.00606364,1.0,0.0,
20950.0,1274570.53637394,196228.474108979,3.0,98646.87738308671,11.499301857458514
20951.0,1274578.80901395,196210.556860968,1.0,0.0,
20955.0,1264830.12349997,207764.594440788,1.0,0.0,
20956.0,1251735.97148657,213238.906638399,1.0,0.0,
20958.0,1260374.89450341,211554.585228682,3.0,4620274.091969351,15.345964588564222
20959.0,1260363.9214474,211543.614412665,1.0,0.0,
20960.0,1260727.44170377,204696.654021651,2.0,204137.80939182785,12.22655058098891
20963.0,1264827.62449196,207752.238472775,1.0,0.0,
20966.0,1265003.54436415,205677.599238664,3.0,93182.0,11.442309848973883
20968.0,1290889.19405465,185079.748401567,3.0,111998.40456781464,11.626239905245544
20969.0,1291220.09466299,185224.77630572,1.0,0.0,
20972.0,1256418.80169936,193691.450682387,3.0,298562.7153121969,12.606735291294953
20975.0,1277348.96524079,184331.669488803,3.0,355654.0243644984,12.781713695617109
20976.0,1277293.52338473,184261.637808725,4.0,1909103.841952175,14.462144497222281
20977.0,1256953.87446791,207226.82976824,2.0,3960.5814954817215,8.284146135761617
20978.0,1255506.52009842,198071.595454872,3.0,10713.77620595901,9.27928568822191
20979.0,1260927.39408797,201088.946049958,3.0,2049272.707711071,14.532995511440133
20980.0,1260745.82128778,191428.75864806803,3.0,93182.0,11.442309848973883
20982.0,1260745.82128778,191592.923704237,1.0,0.0,
20983.0,1260738.98103178,191302.214647934,1.0,0.0,
20984.0,1277998.32645746,184249.561712712,3.0,140396.4071428571,11.852225180095823
20985.0,1277999.95410545,184314.516976789,3.0,215342.20008871373,12.279983670131456
20988.0,1265005.53290816,205395.202822372,1.0,0.0,
20989.0,1260872.92663191,201027.412673891,2.0,226877.14022349223,12.332163917448733
20991.0,1273720.27627708,195104.909435824,4.0,214193.7111942992,12.274636077061048
20992.0,1273736.3116691,195103.855355829,1.0,0.0,
20993.0,1256365.08528329,198276.375551075,3.0,65041.4656438094,11.082780278466709
20994.0,1277370.77554481,184186.495280653,3.0,1178502.759097858,13.9797553425502
20995.0,1255225.05078614,198080.305406883,3.0,1349988.2850961878,14.115606472670434
20996.0,1256080.775139,198044.486590847,1.0,0.0,
20997.0,1256363.67581131,198256.877887055,1.0,0.0,
20999.0,1262730.20868182,191260.004087895,1.0,0.0,
21000.0,1255777.64029069,198063.403518856,2.0,2893.571467496346,7.970246820033683
21001.0,1263376.91607448,210389.554059476,1.0,0.0,
21002.0,1273711.50040506,194818.66399553404,3.0,88011.14654149004,11.385218750683183
21008.0,1264932.16132407,197723.681790516,2.0,6003.761879351074,8.700141531632262
21009.0,1261051.6943761,189819.34655042,1.0,0.0,
21010.0,1277983.40690544,183665.645232111,3.0,93512.0,11.445845049287605
21013.0,1277910.53592937,184904.357041389,1.0,0.0,
21014.0,1273703.75960505,195104.723451823,1.0,0.0,
21015.0,1274930.66923831,190999.03576763,3.0,579756.8785821527,13.270364119785905
21016.0,1256405.11638734,198038.512830839,1.0,0.0,
21017.0,1253768.78633665,192517.819129184,2.0,46591.99999999999,10.749184131556358
21022.0,1274854.14047024,190183.31103079,1.0,0.0,
21024.0,1277660.35896911,184329.550768793,3.0,307865.1262792415,12.637417064357992
21026.0,1262357.52311344,188892.258165464,1.0,0.0,
21027.0,1273472.38930082,194953.922875673,1.0,0.0,
21028.0,1253758.15318464,192539.110457197,1.0,0.0,
21029.0,1279640.71493913,215049.165840253,1.0,0.0,
21030.0,1262663.90666576,190361.648246974,1.0,0.0,
21032.0,1260441.81725548,190317.520438924,2.0,147395.1744106543,11.900872520146208
21033.0,1285654.1139853,175243.9819915,2.0,320592.10752525565,12.677924901029412
21034.0,1270241.08177751,204359.580549315,1.0,0.0,
21035.0,1277668.51116112,184641.520625114,1.0,0.0,
21036.0,1270606.09387389,204591.526341543,1.0,0.0,
21037.0,1254548.11452945,193638.469498336,1.0,0.0,
21038.0,1265305.79806046,205673.278726652,1.0,0.0,
21039.0,1274222.52760559,195978.057980731,3.0,444951.6799913134,13.005720970963493
21040.0,1267169.67223836,192357.08325702,2.0,778441.332826564,13.565048908169993
21042.0,1286009.30681765,176213.86026448,3.0,114257.58356885638,11.646210683523893
21046.0,1286130.27475378,194185.362426892,3.0,806125.0846321831,13.599994201299099
21047.0,1286014.10502566,176354.502056628,1.0,0.0,
21050.0,1273743.19390909,202494.162371397,3.0,33400.612191969856,10.416329507897709
21052.0,1271961.28049926,206769.497351781,3.0,382507.84541582695,12.854504442929432
21053.0,1255161.15197007,201869.289602757,1.0,0.0,
21056.0,1285657.13068929,202850.968131766,4.0,95162.37365557883,11.463339907943325
21057.0,1285672.75564931,202686.905475602,1.0,0.0,
21058.0,1284975.35974459,202853.051459759,3.0,64765.56440347439,11.078529327563524
21059.0,1285258.17248088,202852.00979577,1.0,0.0,
21062.0,1271566.93214686,212018.033101156,4.0,6043345.766592438,15.614468351412011
21064.0,1285314.45817694,202852.204675764,1.0,0.0,
21065.0,1285978.42400162,202825.473411739,2.0,26215.982831511803,10.174124535492558
21066.0,1290093.57357384,181355.284397751,1.0,0.0,
21073.0,1262439.29034552,203098.69299601,2.0,50088.426698323965,10.821545256361947
21074.0,1285168.28422479,195430.766396165,3.0,1925.3123889473068,7.5628435135285415
21075.0,1258587.15562157,207837.183560863,2.0,9.0,2.1972245773362196
21076.0,1257652.38749263,207205.552904218,2.0,50.42490842490843,3.92048526777335
21077.0,1253809.31843269,214623.596495822,2.0,110889.33901812368,11.616288037230818
21078.0,1253747.75388862,214626.684687823,2.0,152447.99799116593,11.934578820097741
21079.0,1264251.72209138,211686.380556807,2.0,145976.99570633724,11.891204324620793
21080.0,1264191.78487532,211687.84481281,2.0,104212.464159809,11.5541870188043
21082.0,1285075.2782087,199675.914112508,2.0,39940.174707224985,10.595137981202226
21083.0,1285135.69472076,199674.351744503,2.0,1858.7027054378475,7.527634053167048
21084.0,1258605.1605496,205850.374214828,1.0,0.0,
21085.0,1257602.30691656,217373.868498638,2.0,15425.087836297247,9.643750543168867
21088.0,1257411.95427637,207212.876360223,2.0,43.99942823968265,3.784176639281164
21089.0,1258353.99274133,207840.23143287,2.0,2053.3537452666324,7.627229708686652
21090.0,1257456.11594042,217382.022738636,2.0,75.99957435847904,4.33072773972432
21091.0,1291442.62995923,187971.651060522,3.0,95420.94480833628,11.4660533805966
21092.0,1291573.14279136,188017.614260569,3.0,33324.58825279413,10.414050789465527
21097.0,1263885.76548301,166777.322718829,1.0,0.0,
21099.0,1278093.93714555,213229.33812639103,3.0,64307.94670498521,11.071438490536243
21100.0,1284651.22816026,205186.011334151,3.0,293864.3661457192,12.590873600230536
21104.0,1275093.98514248,206591.035079598,3.0,1020.7845200186216,6.928326747916982
21108.0,1278727.10028221,173108.368485302,3.0,233250.68229728748,12.35986904388125
21112.0,1291979.19840777,189097.407349676,3.0,45424.1556234834,10.723799304725803
21118.0,1288686.97997239,202025.061954916,1.0,0.0,
21119.0,1261868.06052093,199508.75302434,2.0,46592.0,10.749184131556358
21120.0,1261877.74455294,199484.646400318,1.0,0.0,
21121.0,1261734.5181208,199560.543232396,3.0,101495.69779849247,11.52777169034391
21126.0,1268752.69367999,192312.558712974,1.0,0.0,
21127.0,1268643.16311987,192315.606648982,3.0,161159.04113424936,11.990146989512512
21130.0,1274333.8964377,196250.982653007,3.0,47053.82359560515,10.759047408355675
21131.0,1273601.79979695,202279.579459175,3.0,99727.37347799096,11.51019547672093
21133.0,1273323.66091667,180610.265516981,3.0,15309.899848185434,9.636254947035653
21135.0,1272958.86117229,173830.757478043,2.0,8166432.998119908,15.915542773962388
21138.0,1269640.22110489,208938.130505994,1.0,0.0,
21139.0,1271568.40753888,212110.018829241,4.0,6265817.155869683,15.650619569709388
21140.0,1258346.33686933,207184.4154962,2.0,5214.671654508866,8.559231403709433
21142.0,1261595.81892066,210562.065867662,2.0,3608.775716990276,8.191123857239326
21143.0,1254943.80758585,210012.400651097,2.0,5390.928197137518,8.59247285633821
21144.0,1252436.43011127,214597.047631785,2.0,2056.555764257509,7.628787903401803
21145.0,1261481.03306454,203107.85606803,1.0,0.0,
21146.0,1251816.04777464,213869.011343047,1.0,0.0,
21147.0,1273050.43051639,195042.84754777,2.0,85601.87362602244,11.357462450044759
21149.0,1261887.96432896,172511.759460703,2.0,142433.53738429284,11.866630765569763
21150.0,1259462.00727047,184837.107185319,1.0,0.0,
21151.0,1259283.0450303,185130.309297621,4.0,139770.0,11.847753493478953
21152.0,1258699.8624377,185470.662001967,1.0,0.0,
21153.0,1273038.97253238,195120.759803846,1.0,0.0,
21154.0,1259171.38711017,184905.826161385,1.0,0.0,
21155.0,1285297.98803292,187333.476211876,4.0,481244.0685762676,13.08412983947185
21157.0,1264496.34756362,183692.207536146,1.0,0.0,
21158.0,1261988.20791306,175233.60176748,5.0,354166.2310250755,12.777521661064997
21159.0,1262378.00765745,175956.438888222,4.0,279972.8163004681,12.542447792797182
21160.0,1262050.31671312,175967.289576232,4.0,136975.3914241502,11.827556564034584
21161.0,1261673.79773673,175987.90570426,4.0,65296.07197711732,11.086687159965448
21162.0,1263108.64465021,174952.596071199,4.0,4565603.521614928,15.334061269541058
21163.0,1263544.92951465,174939.343847185,4.0,4907468.067819682,15.406268698299497
21164.0,1261969.92938504,175013.203879252,1.0,0.0,
21165.0,1261368.89316043,175972.714792237,1.0,0.0,
21166.0,1261517.94736858,175537.221223786,2.0,17802.145957559867,9.78707428842695
21167.0,1262329.5648414,174999.471015245,4.0,1018986.50219009,13.834319065983756
21170.0,1292013.0776398,184086.188720554,1.0,0.0,
21171.0,1291805.12231159,184840.960177317,3.0,490413.0574765097,13.10300328942526
21172.0,1295770.62164365,184496.025136963,3.0,54945.85838229095,10.914103586332311
21173.0,1275842.83077525,208782.539593831,1.0,0.0,
21174.0,1291793.68602358,184396.138544858,4.0,909096.2634581092,13.720206267946525
21175.0,1291787.26605557,183996.735792458,1.0,0.0,
21176.0,1268467.11684769,184051.25342451,4.0,203308.1111059384,12.222477896046037
21177.0,1268499.23492773,184335.975600809,1.0,0.0,
21178.0,1276166.89477558,217596.511122867,3.0,135538.36162755376,11.817009990875817
21179.0,1268861.46680009,184486.932016954,2.0,46592.0,10.749184131556358
21180.0,1268744.53393598,184488.40248096,3.0,139768.0,11.84773918415428
21182.0,1268875.67704011,184310.062960774,1.0,0.0,
21183.0,1268553.84401578,184490.287984967,1.0,0.0,
21184.0,1257919.34563689,199946.847296789,1.0,0.0,
21186.0,1274909.38251829,195692.86002843097,3.0,92343.36087918637,11.433269092184277
21187.0,1275168.38591056,195587.249340326,3.0,46070.57454884962,10.737929729066646
21188.0,1275383.90520677,195220.05913195,2.0,0.0,
21189.0,1274903.82085429,195231.791419953,4.0,140870.6602607774,11.855597445265285
21190.0,1274901.59608628,195128.89925985,1.0,0.0,
21191.0,1274908.27032629,195543.805244282,3.0,104339.37742641992,11.555404109780932
21192.0,1283294.34278287,194576.864251286,4.0,6880811.240103345,15.744247115764077
21193.0,1271682.85777898,214822.32308802,2.0,39784827.462361805,17.498996178033376
21194.0,1283295.82047887,189330.581429914,2.0,186344.0,12.13534970691119
21195.0,1283825.74719942,178597.408042923,3.0,508170.6713562225,13.138572637372922
21196.0,1284174.90335979,178000.44893831,3.0,206898.5797336448,12.239983999203766
21198.0,1266515.95178969,185468.67217797,2.0,268.9222222222224,5.594422201073396
21199.0,1266466.21207765,185468.874929965,2.0,3940.144167384387,8.278972592329254
21201.0,1273158.7541005,180423.593324795,2.0,191451.0462991022,12.162387422020316
21203.0,1272172.5162755,211963.895117089,3.0,39051541.54065103,17.48039290954382
21204.0,1273008.84267634,211889.522509024,3.0,40772901.28345637,17.523528234477318
21205.0,1273370.63134871,211744.687180877,3.0,4888620.346853119,15.40242068398489
21207.0,1264798.33386794,181510.077741906,3.0,748947.5758875842,13.526424267910386
21209.0,1272029.96011534,212090.117261216,3.0,17711186.355759814,16.689706995418295
21210.0,1270760.73989004,212069.573005199,3.0,44870676.89290383,17.619295063483662
21216.0,1268045.43006326,211796.960076928,3.0,257663.66874778652,12.459410403961007
21217.0,1270212.84203348,212101.763597235,3.0,17687922.1931512,16.68839260266031
21221.0,1277992.49445745,194822.485819548,1.0,0.0,
21222.0,1278135.3727936,194342.822395056,1.0,0.0,
21223.0,1277696.55442515,191612.884920254,1.0,0.0,
21224.0,1279121.0535626,192147.713592798,1.0,0.0,
21225.0,1277942.7871934,192379.854201034,1.0,0.0,
21226.0,1277596.92735304,193525.249530211,1.0,0.0,
21227.0,1276304.75999172,196818.086141586,1.0,0.0,
21228.0,1277401.49823284,195710.127740458,1.0,0.0,
21229.0,1277546.50975299,194689.812859401,1.0,0.0,
21233.0,1278099.95455356,213550.220686719,1.0,0.0,
21234.0,1272195.29905951,212008.706381142,3.0,202324.1058858853,12.217626175156735
21235.0,1272730.75397205,211946.604749084,3.0,5171813.528230431,15.45873396413081
21236.0,1274978.40434237,203928.721220866,3.0,62100346.49349117,17.944262126493474
21238.0,1269186.43627243,200521.833025381,3.0,31797137.283809666,17.274886821176427
21239.0,1257619.31536458,220906.259414256,2.0,9863696.82548507,16.10437158790031
21240.0,1267570.94148678,201029.286401898,2.0,6505096.365314481,15.688096483856599
21241.0,1264080.50820321,212135.285197273,3.0,409413.59412732586,12.922481156658849
21242.0,1293790.12692162,184579.197233051,4.0,2838570.190105061,14.858811029173419
21248.0,1280290.9147478,188445.583861008,3.0,6851731.388621867,15.740011935763668
21249.0,1269021.56619225,212100.265549228,3.0,45053750.508160844,17.623366790676794
21250.0,1269920.05425718,212039.84046116503,3.0,1971465.30910271,14.494287635950588
21252.0,1294574.74509843,183364.293487802,1.0,0.0,
21254.0,1275065.42616645,211383.90676450697,3.0,32318.84873659527,10.383405891226936
21260.0,1258064.32925305,216511.461777747,1.0,0.0,
21261.0,1258046.04323702,216512.830545753,3.0,49462.80120152211,10.808976175167626
21267.0,1261216.55357628,205114.062982082,2.0,290121.7088754181,12.578055799696518
21268.0,1281451.97081299,221040.259158388,1.0,0.0,
21269.0,1281453.83564499,221030.62402238,2.0,46592.0,10.749184131556358
21270.0,1278400.99986586,210732.241419837,1.0,0.0,
21272.0,1256066.044899,207109.071112126,3.0,94208.84718014578,11.453269375264158
21279.0,1274463.48414983,198412.802111223,2.0,46591.99999999999,10.749184131556358
21286.0,1277220.28997666,179471.675627828,3.0,66908.78637051894,11.111085573374714
21290.0,1258100.46960507,216304.387409538,1.0,0.0,
21291.0,1258059.51267704,216594.369425833,3.0,53850.29715030122,10.893963200680753
21302.0,1283657.27084725,193857.130106553,2.0,106242.16333605864,11.573476327229399
21303.0,1270933.78648221,191082.022135705,2.0,11605398.30364875,16.266980918829294
21309.0,1262546.80452164,186740.639411271,1.0,0.0,
21310.0,1262540.55095363,186494.05662702,3.0,454236.72246437054,13.026373756253616
21311.0,1262807.1016099,184091.178544551,3.0,274587.15351037594,12.523023988666592
21312.0,1262834.10448992,183816.254192278,1.0,0.0,
21313.0,1263171.39844227,186479.87160299704,3.0,505845.5608708604,13.133986686011584
21314.0,1262305.65245739,186790.299763322,1.0,0.0,
21315.0,1262283.06231336,186500.873523027,4.0,371322.7090160372,12.824826799124542
21316.0,1261071.34653611,184555.046705022,3.0,46688.66666666667,10.751256730407222
21317.0,1260964.43498401,184433.43115291,3.0,119261.97643355776,11.689077835016361
21318.0,1263182.66711429,186764.498675287,1.0,0.0,
21320.0,1262267.98455335,186171.667826682,4.0,140109.2666666667,11.850177873368757
21321.0,1262534.48042563,187163.842035696,4.0,153715.62274146904,11.942859568742959
21322.0,1262014.69732109,186506.67237103,3.0,112499.30837771489,11.630702352854069
21323.0,1261376.13399243,186285.779442802,2.0,23063.390899033075,10.046001829805144
21324.0,1261830.99888889,184873.114289358,1.0,0.0,
21327.0,1282602.00588617,184661.27153714,2.0,5541.120998644074,8.619952105597719
21328.0,1271025.51365031,191085.607479721,2.0,26485662.96904926,17.092114124516428
21332.0,1274522.6792219,196655.366013423,2.0,1418255.1337829966,14.164937894983423
21333.0,1258077.39088506,216593.096465841,1.0,0.0,
21335.0,1279172.09215465,177770.265002087,3.0,53651.44600965,10.890263700345209
21339.0,1285511.93804915,190420.020855039,1.0,0.0,
21342.0,1282528.9069421,188679.619829252,3.0,59369609.89941324,17.899293035556806
21344.0,1285756.9523214,173232.494181439,3.0,211266.34657275735,12.260874922451796
21345.0,1285842.79436949,173021.271205217,3.0,66935.03381930102,11.111477783475731
21346.0,1269634.62334488,201497.635202378,2.0,5880835.148315223,15.587209341815615
21347.0,1269553.06347281,201104.02969797,2.0,5847528.467513144,15.581529645750663
21348.0,1269737.08574499,201408.023810282,2.0,31439555.460994165,17.263577386143965
21349.0,1269586.58443284,199689.148992524,3.0,31414894.891779028,17.262792698016327
21350.0,1285213.16704084,184391.735344857,2.0,40740290.16376423,17.522728091068554
21351.0,1269790.82878505,203510.128516436,3.0,6504903.511125005,15.68806683678645
21352.0,1269695.72497696,201793.950210676,3.0,5926493.813696819,15.594943333663608
21353.0,1275273.27250266,203663.060996592,3.0,58449472.354978025,17.88367321855295
21354.0,1287887.79225957,172024.044836193,3.0,215558.6499526761,12.280988309050812
21356.0,1290224.47296597,172044.893220216,3.0,395322.4699837499,12.887457090532298
21357.0,1269518.00811277,199821.961344659,2.0,5819980.821501062,15.57680752442746
21358.0,1269542.37816079,196876.88031764296,3.0,5667435.839115636,15.550247340455565
21359.0,1290572.70253433,187911.081972465,4.0,101604.74596399062,11.528845525279538
21360.0,1290630.25101438,186820.976883352,1.0,0.0,
21363.0,1288479.68115619,171849.580644011,4.0,476029.9195607469,13.073235987458244
21364.0,1287122.4161308,172413.975204602,3.0,216342.6255155334,12.284618659172086
21365.0,1259734.60477476,204726.898117676,2.0,9456.793376277788,9.154488638016941
21366.0,1280890.48108442,173058.676965252,3.0,186445.05028886048,12.135891838131284
21367.0,1280888.94502041,173008.325349197,1.0,0.0,
21368.0,1281113.59679665,172221.856804401,3.0,3514949.842708374,15.072535813625342
21369.0,1281838.48313339,172313.820516497,3.0,18210646.89086934,16.717516975008543
21370.0,1286422.73120208,172285.483620465,3.0,201723.21041453292,12.214651791265943
21371.0,1291894.36071168,172710.954916894,1.0,0.0,
21372.0,1286504.72249816,172231.095972404,3.0,180856.93123291797,12.105461562512113
21373.0,1278377.90412185,171108.909859255,4.0,10072184.644069033,16.12528818695181
21374.0,1269592.66084884,197632.725246415,3.0,33376272.567114048,17.323355803309514
21375.0,1269791.67064105,201718.203010604,2.0,31470807.275019743,17.264570920920658
21376.0,1269799.52561706,201757.426690638,3.0,31524635.202501472,17.266279868059215
21377.0,1269869.47556913,203277.182148203,3.0,1338752.5643895518,14.107248816252664
21378.0,1260257.61981529,208892.107273951,1.0,0.0,
21379.0,1268835.09969607,197335.645182118,1.0,0.0,
21381.0,1295543.71853942,177619.311849922,1.0,0.0,
21394.0,1284358.54899196,185570.51185806104,3.0,41280057.53277319,17.53589007285689
21397.0,1261338.6537364,184917.545649394,1.0,0.0,
21398.0,1261414.69527248,184520.670768991,3.0,122584.29068105876,11.716554159535782
21399.0,1262715.34820181,187159.340723693,3.0,185986.86094204665,12.133431310103687
21400.0,1262561.48791365,186842.208819374,1.0,0.0,
21401.0,1261580.14672863,184545.410225019,4.0,418209.73788467614,12.943738350939137
21402.0,1261832.3167769,184541.070001006,1.0,0.0,
21403.0,1262642.57501774,185831.37291432903,3.0,655536.5124038943,13.393209282242386
21404.0,1261584.05316065,184717.71928119697,3.0,477242.79197958217,13.075780638235766
21405.0,1261751.95671281,184229.199280694,1.0,0.0,
21406.0,1261922.26903298,184200.553648666,2.0,46591.99999999999,10.749184131556358
21407.0,1261075.11197613,184683.865329161,1.0,0.0,
21408.0,1263302.51101841,186477.873586997,3.0,585445.1504313172,13.280127777753481
21409.0,1261907.15850498,186197.345266715,1.0,0.0,
21410.0,1262026.8121371,186769.459571302,1.0,0.0,
21411.0,1262215.2690973,184185.178672642,1.0,0.0,
21412.0,1262648.74365774,186004.81150651,1.0,0.0,
21413.0,1262702.44925779,186871.295987397,1.0,0.0,
21414.0,1261933.317929,184763.218545243,1.0,0.0,
21415.0,1261115.71716017,186286.647538796,2.0,26.33333333333333,3.2708355637989115
21416.0,1262660.63076174,186148.039602652,2.0,46592.0,10.749184131556358
21417.0,1261895.12439297,184523.604528993,1.0,0.0,
21418.0,1263311.82103442,186768.376243293,1.0,0.0,
21419.0,1284094.98291169,168516.133216605,3.0,47076.66666666666,10.759532757395
21421.0,1262665.75440976,186011.148786515,1.0,0.0,
21422.0,1284102.2719357,168833.708704934,1.0,0.0,
21423.0,1281753.8113893,171039.814883187,3.0,78310.49320158915,11.26843688579167
21424.0,1281691.75999723,170853.791650996,1.0,0.0,
21425.0,1281406.30585295,170674.907810807,3.0,112656.86552564356,11.632101889637045
21426.0,1281613.82284516,170686.612834826,1.0,0.0,
21427.0,1282070.59257363,170539.869986683,1.0,0.0,
21428.0,1282253.85862181,170535.624290675,3.0,1710112.1966214203,14.352069538385775
21429.0,1277803.59653725,174075.230054289,1.0,0.0,
21434.0,1271540.57067484,186938.419891462,3.0,7095752.501898339,15.775006923825844
21435.0,1271631.71646693,186952.743027478,3.0,7481031.034530794,15.827881179292776
21437.0,1271930.67486724,186956.157363489,3.0,7509985.259234253,15.83174406092005
21439.0,1260062.13923909,212362.516685501,1.0,0.0,
21440.0,1273603.84606895,185453.778161943,1.0,0.0,
21441.0,1274100.92318946,185441.020337939,4.0,107993.90336083544,11.58983005415034
21442.0,1274349.80421372,185432.489137933,1.0,0.0,
21443.0,1276196.53055161,189993.794678599,3.0,358942.6171058796,12.790917813763796
21444.0,1276504.30744793,189597.726582184,3.0,804250.3907088344,13.597665930906357
21445.0,1276155.99877557,189602.535926193,3.0,652663.9063276821,13.388817584071253
21446.0,1275405.9799588,189936.925366536,1.0,0.0,
21447.0,1276724.24767216,189057.117109641,3.0,754020.7017938886,13.53317510257325
21448.0,1275428.03634281,189632.65035823,1.0,0.0,
21449.0,1275532.11192693,189629.337718219,3.0,145252.57291091344,11.886229388229655
21450.0,1272704.53125203,189710.624630302,4.0,186067.00823688216,12.1338621471556
21451.0,1272733.44331606,190345.917686954,2.0,16919.66292715106,9.7362317113986
21452.0,1276128.18290354,188444.08453300604,3.0,150712.58533661714,11.923129893646635
21453.0,1275845.54437526,189613.7032222,3.0,457676.3739765309,13.033917606293763
21454.0,1276135.19403954,188296.848948866,2.0,185356.0936723762,12.13003408460914
21455.0,1276148.05458356,189086.78437367096,3.0,102074.28790663356,11.533456139985471
21456.0,1272485.52581181,189717.149238318,1.0,0.0,
21457.0,1271981.49694729,188049.348084599,1.0,0.0,
21458.0,1275514.62015091,188971.445685551,3.0,151777.54078343976,11.930171180319327
21461.0,1263716.43377084,192119.575544775,3.0,47407.05464463271,10.766526328774008
21462.0,1277389.82175283,188663.409525231,1.0,0.0,
21463.0,1276454.73771988,188573.585909143,1.0,0.0,
21464.0,1276861.53708029,188563.846069127,3.0,168200.40407208368,12.032911428849156
21468.0,1287988.07225968,172216.645220399,3.0,1974815.212317132,14.495985388556303
21469.0,1268011.57214323,197684.846526474,2.0,46591.99999999999,10.749184131556358
21470.0,1268012.43991923,197662.277054444,1.0,0.0,
21471.0,1267982.9261912,197035.541117802,1.0,0.0,
21472.0,1287849.87731554,171655.105635822,3.0,453748.7216876029,13.025298847339824
21475.0,1287930.91910763,181296.29700568304,3.0,5692463.084424433,15.55465359194941
21476.0,1288392.3726121,181021.145965412,3.0,1230202.8062911998,14.022689596920442
21480.0,1266202.54263738,191325.369783968,3.0,46453.816081023455,10.746213895464326
21481.0,1274102.88152547,185708.986674204,4.0,490334.8585587907,13.102843821499595
21482.0,1259316.92323832,169252.919137359,3.0,122744.61065653214,11.717861139654477
21483.0,1264349.34788348,172470.804132655,1.0,0.0,
21484.0,1276302.83480772,181724.684590131,4.0,347818.34686561784,12.759435630706015
21485.0,1269746.59627301,203130.072836041,2.0,94168.91731562206,11.452845441311778
21486.0,1261168.27255222,172916.439717114,3.0,933874.9703595577,13.747097843538905
21487.0,1261029.32330407,173091.237605289,1.0,0.0,
21488.0,1261982.97892106,183435.435119882,3.0,111717.1653746387,11.623725647150746
21489.0,1265025.30551617,181859.263406262,3.0,932007.795290675,13.745096457678539
21490.0,1262241.85303332,174021.432294235,3.0,254023.35678985377,12.445181497638558
21491.0,1261966.24567303,174020.514918238,4.0,327975.37487684714,12.700693807952915
21492.0,1275730.00555913,193550.895482242,1.0,0.0,
21493.0,1274431.6013338,192693.014009356,3.0,184190.07839210468,12.123723538117622
21494.0,1274637.85387801,192726.405369401,2.0,59267.28468168855,10.989812741039495
21495.0,1265291.84337245,185797.074418306,3.0,1753055.9270178413,14.37687106699848
21496.0,1259795.69655082,168286.119584367,3.0,164304.11042542662,12.009474321517816
21497.0,1260547.00144759,170478.570274606,3.0,751876.9558284059,13.530327966975735
21498.0,1260373.0431754,170542.112098679,2.0,278283.07779030345,12.53639414002494
21499.0,1260306.40611933,188491.145141065,1.0,0.0,
21500.0,1263033.95319413,173990.315174207,3.0,111281.41186030276,11.619817513974628
21501.0,1257067.79946002,188213.959348768,3.0,93886.85665357074,11.449845683658936
21502.0,1256731.86179568,188216.56363678,2.0,46591.99999999999,10.749184131556358
21503.0,1269639.5629929,188775.048437342,3.0,56300.76233146886,10.938463354559536
21504.0,1261103.92125615,170424.048034564,1.0,0.0,
21505.0,1260829.55338387,170627.268130764,3.0,842226.6752810254,13.643804467541342
21506.0,1269633.75787289,188462.993269026,4.0,76114.49607363359,11.239994012879356
21507.0,1270199.73016147,188426.882100999,3.0,106685.8570173104,11.577643879463304
21508.0,1280784.71852431,186177.148466691,3.0,1516012.2366134345,14.231593916796625
21509.0,1268479.8005597,182444.099502861,1.0,0.0,
21510.0,1260189.57962322,170029.264738157,3.0,386486.1996752271,12.864851440486573
21511.0,1270094.86884937,188370.63224493,3.0,36126.86835465738,10.49479214323741
21512.0,1274670.91090205,193305.649913982,3.0,54492.18922577869,10.90581265342229
21513.0,1275336.42891873,193289.413433969,1.0,0.0,
21514.0,1259386.3676544,169479.264865592,3.0,341951.62475332833,12.742424557950335
21515.0,1273465.84798881,185994.354546502,4.0,91924.70456580704,11.428725092303084
21516.0,1273454.5953808,185727.893746227,4.0,621231.774469754,13.33945951909303
21517.0,1272419.06238773,183102.211695537,3.0,58593.03540008825,10.978371118674058
21518.0,1273968.39518933,180901.86634928,4.0,56369.59526000273,10.939685200989576
21519.0,1273963.18686932,180601.085100979,3.0,32806.38305656157,10.398378380822038
21520.0,1268278.33508749,170931.21827507,1.0,0.0,
21521.0,1297889.70529382,178902.312299237,3.0,984527.9807760676,13.799917597963756
21522.0,1282727.5027183,183677.09374412903,3.0,65058.25898432822,11.083038439514475
21523.0,1267771.24094298,183411.084079862,1.0,0.0,
21524.0,1297033.76577294,177882.963562191,1.0,0.0,
21525.0,1264346.23172347,167827.552607894,1.0,0.0,
21526.0,1276445.75807187,186967.266291499,1.0,0.0,
21527.0,1276462.53522389,186948.660019472,3.0,60851.25309566416,11.016187691394501
21528.0,1272338.71313965,180136.317676499,1.0,0.0,
21531.0,1262341.55722542,173363.920101568,4.0,1271457.4922517266,14.055674432103194
21532.0,1264836.10935597,182914.673647344,1.0,0.0,
21533.0,1274790.22296616,185578.25003407904,3.0,350261.5572874517,12.766435460906681
21534.0,1257788.57424475,188539.550517112,5.0,1107386.4660115882,13.917513261887246
21535.0,1278612.56505008,183662.109168112,2.0,46592.0,10.749184131556358
21536.0,1276608.39026403,186642.27281916104,3.0,530946.3574312676,13.182416273334342
21537.0,1274323.19730169,192979.370425656,3.0,194972.27333639705,12.180612639417733
21538.0,1261104.09284015,174041.348262265,2.0,139764.0,11.847710564890653
21539.0,1261060.80650412,173734.495205954,2.0,93180.0,11.442288385370787
21540.0,1264895.46782003,171744.535907909,1.0,0.0,
21541.0,1276081.71051949,186959.474611491,2.0,7727.322937704481,8.952517760473553
21542.0,1268377.3027036,180065.222316429,1.0,0.0,
21543.0,1267430.78327863,169374.982241482,3.0,139768.0,11.84773918415428
21544.0,1269902.12875317,170821.99773097,1.0,0.0,
21545.0,1270094.50206536,170813.068962961,3.0,93182.0,11.442309848973883
21548.0,1265665.69002883,172888.887973085,2.0,6469.716892683606,8.774887629610785
21549.0,1265665.84983683,172851.800421044,2.0,3182.132149540922,8.065306738375071
21550.0,1262998.95293809,173334.200357541,3.0,52331.465612924025,10.865353106100452
21551.0,1273750.58725311,214145.336271331,2.0,39745764.1007186,17.498013829882385
21552.0,1259964.15747899,185049.369201541,1.0,0.0,
21553.0,1272637.71249996,197856.403326645,1.0,0.0,
21554.0,1270587.40523386,189732.90443833204,3.0,58099.93929651938,10.969919898029119
21555.0,1270271.79864155,189255.601909846,3.0,124302.90912413268,11.730476681280706
21556.0,1263452.27383456,169094.772193193,1.0,0.0,
21557.0,1283360.58540694,185039.322929516,3.0,129373.0481618682,11.770455356216415
21558.0,1283548.57977514,185048.304561526,1.0,0.0,
21559.0,1264794.58122793,168065.513376147,3.0,2297058.92984182,14.647140136475722
21560.0,1274748.65778212,185689.596914187,3.0,352861.2979814556,12.773830335135461
21562.0,1272786.19256411,185358.359089851,3.0,46919.51653296221,10.75618899864276
21563.0,1274235.3113496,193562.242234245,4.0,650769.4719460506,13.385910744723478
21564.0,1274328.37611769,193313.07180199,3.0,167795.53586884018,12.030501468780782
21565.0,1262537.50436161,182501.199726924,3.0,837123.4815420315,13.637726867314372
21566.0,1265673.57354884,173199.444389403,2.0,49875.58474314527,10.817286878296775
21567.0,1267615.67435083,183345.100975782,2.0,46592.0,10.749184131556358
21568.0,1272793.39429213,185480.78699398003,3.0,85040.03386020848,11.35087741118377
21569.0,1273450.9946768,185459.63217794904,3.0,56475.86978058993,10.941568742379005
21570.0,1262641.34436172,171255.690723404,3.0,426346.4913971437,12.963007654740634
21571.0,1262410.14506549,171268.821603417,1.0,0.0,
21572.0,1265278.95588443,185462.447793961,1.0,0.0,
21573.0,1271588.96625888,187452.92376399,3.0,628698.5156559963,13.351407113394922
21574.0,1263795.86013891,180840.653869227,3.0,1271324.2763028336,14.055569652408245
21575.0,1263804.70948292,180666.087917045,2.0,46592.0,10.749184131556358
21576.0,1267954.08638316,182185.275502607,1.0,0.0,
21577.0,1267478.23729467,182164.891694576,3.0,559126.1020238934,13.234130311712672
21578.0,1265429.17642859,180163.293996528,3.0,59315.9757770117,10.990633954722965
21579.0,1267258.62417446,182739.022127166,1.0,0.0,
21580.0,1267250.02481444,182509.53310293,3.0,634091.8908159076,13.359949161112276
21582.0,1267449.52638265,183350.776815787,1.0,0.0,
21583.0,1261565.25661662,174037.004390255,3.0,232928.0,12.358484671917985
21584.0,1259262.29047027,187094.038643628,2.0,23294.999999999996,10.055994024250897
21585.0,1270260.91704153,188820.361013398,4.0,109473.45892732828,11.603437414633577
21586.0,1261830.3869849,173718.599205926,1.0,0.0,
21587.0,1261874.45712894,173384.610021591,4.0,1167534.3433665042,13.970404684252289
21588.0,1264109.98615523,180881.84868526497,3.0,1350591.71623928,14.11605336271097
21590.0,1259057.65501405,185922.986546427,2.0,269.7067337827353,5.597335197511918
21591.0,1272805.09701213,185751.298930258,4.0,923302.7563877824,13.735712473121565
21592.0,1277739.85714519,182695.323055118,1.0,0.0,
21593.0,1278011.98130547,179142.895147488,1.0,0.0,
21594.0,1262565.53021765,185090.121713579,1.0,0.0,
21595.0,1263119.99466622,182120.13323053703,3.0,989524.0302674652,13.8049793289926
21596.0,1262702.19888979,181842.237806246,1.0,0.0,
21597.0,1262267.19453734,183009.30014345,3.0,166904.0190894729,12.025174190183673
21598.0,1274112.20824547,185970.585522473,3.0,94936.86672265892,11.460967388850142
21599.0,1260884.12579992,173965.36970219,2.0,46592.0,10.749184131556358
21600.0,1260804.09315984,173756.191013977,1.0,0.0,
21601.0,1274480.70520586,180414.056940794,4.0,556700.1711006295,13.229782081519549
21602.0,1265066.14500421,183177.75844761697,3.0,465758.0,13.051421464913206
21603.0,1263108.1708582,182303.880942717,3.0,912841.8308335504,13.724317903422959
21604.0,1263268.83722638,182383.620590806,1.0,0.0,
21605.0,1273953.54027732,180421.85681279,3.0,176338.6797249171,12.080161741513733
21606.0,1276688.86680812,186982.648499519,4.0,401925.89465564216,12.904023008955516
21607.0,1277075.42802452,186929.997299463,1.0,0.0,
21608.0,1264994.92202814,172320.982884496,1.0,0.0,
21609.0,1259231.28887023,186454.816178977,1.0,0.0,
21610.0,1271078.20216237,188881.048885465,3.0,457942.5545280853,13.03449902843515
21611.0,1260792.33955984,184526.853488997,3.0,167521.1795892232,12.028865067562519
21612.0,1272376.7012357,181760.822958171,3.0,804080.9821541837,13.597455267161143
21613.0,1278568.54713003,184159.438576624,1.0,0.0,
21614.0,1261346.1448724,170085.51625821,3.0,96325.53360514498,11.475488709111977
21615.0,1260107.96496713,169595.356449708,2.0,0.0,
21616.0,1258055.86045304,204734.860037684,3.0,2346.5905746785443,7.760718734395138
21617.0,1282645.47135821,184659.949681133,3.0,77180.88062936919,11.253907045098673
21618.0,1282633.8394862,185909.081394419,3.0,436690.0325992542,12.986978914846912
21619.0,1282643.67315021,185919.286450431,1.0,0.0,
21620.0,1256438.76297937,188634.619253203,1.0,0.0,
21621.0,1272485.46021181,197086.900221854,1.0,0.0,
21622.0,1297352.37729327,179015.560747355,4.0,139769.99999999997,11.847753493478953
21623.0,1297352.20538928,179000.749739334,1.0,0.0,
21624.0,1277047.87301648,180030.952748388,1.0,0.0,
21626.0,1263334.56349844,180886.678381264,1.0,0.0,
21627.0,1271351.02411465,171021.81065917,1.0,0.0,
21628.0,1283251.28742284,185064.940721557,3.0,193827.80625793716,12.174725447289777
21629.0,1270403.89675368,188535.21560511,3.0,203835.2317727684,12.225067259082763
21630.0,1260496.01994354,169732.953633845,3.0,4537.933727667279,8.420227061369614
21631.0,1261539.1730326,183030.708847463,1.0,0.0,
21632.0,1265062.81527621,182903.809519336,1.0,0.0,
21633.0,1264132.56381926,180604.442092985,1.0,0.0,
21634.0,1266549.06359772,183174.24203161904,3.0,99712.62385832448,11.510047566373052
21635.0,1267095.94475029,182512.57111893603,3.0,554616.5806922476,13.226032308385234
21636.0,1267714.52747092,169373.008161485,1.0,0.0,
21638.0,1267139.34750234,183166.433967605,3.0,60373.70418156199,11.008308927893273
21639.0,1267138.47940633,182893.647471324,1.0,0.0,
21640.0,1264104.33751522,172602.869156793,1.0,0.0,
21641.0,1274507.07461388,175788.689256057,1.0,0.0,
21642.0,1260516.65539955,168274.789216354,3.0,298743.3665306427,12.607340177899813
21643.0,1270970.56331426,188936.60453350804,3.0,392144.7170414947,12.879386226770123
21644.0,1262599.51671368,181022.241773412,1.0,0.0,
21645.0,1261761.03876083,173486.211877689,1.0,0.0,
21646.0,1257770.96598874,204430.141445383,3.0,2862.260582890297,7.959367005199583
21647.0,1262275.47472936,189458.200630054,1.0,0.0,
21648.0,1262269.49373735,174021.103206247,3.0,295536.1960488261,12.596546599185869
21649.0,1278145.6237376,179840.824172199,1.0,0.0,
21650.0,1259738.79837476,169624.880993739,1.0,0.0,
21651.0,1273960.58258133,181068.098925456,2.0,37953.10696970858,10.54410664955715
21652.0,1269888.32990515,171106.90531525,1.0,0.0,
21653.0,1262347.28624943,174016.524454236,3.0,826920.6273531213,13.625463992801377
21654.0,1269605.78782485,171287.536163434,3.0,4850321.661593287,15.394555582692458
21655.0,1267270.58641447,183432.790767878,1.0,0.0,
21656.0,1265123.34532426,171831.011107996,1.0,0.0,
21657.0,1266556.98583774,183447.9580639,1.0,0.0,
21658.0,1274255.72139762,180906.206573293,1.0,0.0,
21659.0,1264909.34769206,180074.768236443,1.0,0.0,
21661.0,1261488.17706455,173705.103205919,1.0,0.0,
21662.0,1271127.93009841,173896.658214107,3.0,706362.2523607506,13.467883490208695
21663.0,1278201.28146566,214364.086159557,2.0,39707309.08861679,17.49704583673723
21664.0,1262071.18935314,185080.660465568,1.0,0.0,
21665.0,1261828.7820569,168187.280864269,3.0,901684.0063535286,13.712019412116017
21666.0,1261821.76496889,167787.34332785,1.0,0.0,
21667.0,1263379.58634648,181984.878638402,1.0,0.0,
21668.0,1276305.41317572,181379.497261778,1.0,0.0,
21669.0,1272818.15013215,186259.015090778,3.0,47064.585001455336,10.759276086380677
21670.0,1273227.74379657,186241.911090761,1.0,0.0,
21671.0,1283058.59225464,185880.388530388,2.0,212020.44795633465,12.264438001627115
21672.0,1264306.39581944,181489.651245892,1.0,0.0,
21673.0,1272657.80203599,187048.233331576,3.0,514712.402927962,13.151363582743091
21674.0,1261991.47101706,172737.127396926,2.0,1071859.2482262512,13.884905313696102
21675.0,1262337.04087342,182873.9555673,1.0,0.0,
21676.0,1262998.95293809,173214.755429417,1.0,0.0,
21677.0,1265030.63127618,182129.414382547,1.0,0.0,
21678.0,1270678.54942596,189087.808949664,1.0,0.0,
21679.0,1263744.51146686,172619.093860805,1.0,0.0,
21680.0,1272811.39851615,186016.409586519,3.0,108723.54712713372,11.596563674554147
21681.0,1277679.21426512,183271.800239712,1.0,0.0,
21682.0,1271220.84267451,174725.490918964,1.0,0.0,
21683.0,1276313.25144772,181965.830446377,1.0,0.0,
21685.0,1282697.38105427,185803.092082307,3.0,358813.2640198502,12.790557376208824
21686.0,1263277.60490638,207612.087496638,1.0,0.0,
21688.0,1272592.84254792,185360.206833854,1.0,0.0,
21689.0,1263464.69047457,169261.704929367,1.0,0.0,
21690.0,1278619.16185009,183820.028464273,1.0,0.0,
21691.0,1267101.5897423,182767.597487196,1.0,0.0,
21711.0,1282675.94047825,180700.565549076,4.0,268343.5214317265,12.500023235080368
21712.0,1281399.11231694,177734.460906044,3.0,114783.15511630932,11.650800019665017
21713.0,1281735.57062128,177727.689962029,4.0,897327.1786625301,13.707175822209503
21714.0,1283207.74777479,178891.996011227,1.0,0.0,
21715.0,1283652.78956725,178872.263147205,2.0,46592.0,10.749184131556358
21716.0,1280127.55186763,177406.065897703,2.0,7226.215844179441,8.885470781754059
21717.0,1280278.89733979,177383.062377676,2.0,15110.236267197432,9.62312769162352
21718.0,1283394.14969498,177640.402409941,3.0,64702.5310609114,11.077555599676089
21719.0,1284156.24659176,179205.458347544,3.0,661892.2232408607,13.402858016892896
21720.0,1284141.83481574,178905.07601124,3.0,46592.0,10.749184131556358
21721.0,1282378.10540594,176981.591721267,3.0,118581.47379214432,11.683355545857966
21722.0,1282686.34073426,176975.530345261,3.0,54069.5236726226,10.898025972879555
21723.0,1280669.46745218,177749.253866062,3.0,225810.53289412928,12.327451576616534
21724.0,1280646.38514817,176912.195817202,2.0,9462.997958447866,9.155144520767733
21725.0,1284411.38880002,178120.539882436,1.0,0.0,
21726.0,1283038.45715061,178620.893546954,4.0,119345.63305972176,11.68977904173621
21727.0,1284408.95308802,178898.374955237,1.0,0.0,
21728.0,1282038.02374159,178037.934378356,3.0,125900.16589814506,11.743244537729307
21729.0,1282379.69004594,178021.267754331,3.0,80890.1677426108,11.300847559722431
21730.0,1281072.1953246,177051.67261734596,3.0,62013.17603130608,11.035102158082736
21731.0,1281779.23718132,177023.260265321,3.0,123800.07018722392,11.72642320617289
21732.0,1282706.23046227,177645.857449949,3.0,187573.9106268745,12.141928236730129
21733.0,1283036.33638261,177642.077225953,3.0,67887.84795481921,11.125612327792226
21734.0,1281088.41708462,177514.970217824,3.0,100047.0926562388,11.513396280681503
21735.0,1281778.79986933,177491.231785789,3.0,277487.6430285982,12.53353168155048
21736.0,1281097.05158062,177737.098730043,4.0,141073.7320248999,11.857037954846566
21737.0,1280724.52441224,177749.969130054,3.0,270459.4064618879,12.507877297474502
21738.0,1283897.3038715,178909.589803249,4.0,546136.6878534469,13.21062456745013
21739.0,1283841.05363144,178838.756651178,3.0,465124.41260832513,13.050060202779704
21740.0,1282640.52390221,181220.18359760905,3.0,312952.9175427933,12.653808035021624
21741.0,1282380.67500594,177679.981737986,4.0,426558.3760956459,12.96350450898766
21742.0,1284365.54239997,179447.440107793,1.0,0.0,
21743.0,1282380.21106994,177980.121834293,3.0,68071.228751653,11.128309917574109
21744.0,1282998.44012657,177982.205162302,2.0,51347.323149916585,10.846368084492882
21745.0,1282817.35750239,179039.796587378,2.0,125927.89275704004,11.743464742413051
21746.0,1282781.66988635,179818.013164178,3.0,197941.12900972285,12.195724937232146
21747.0,1281066.9194206,176892.42224918297,3.0,36635.90469229302,10.508784041042615
21748.0,1282066.15295762,178630.867946967,2.0,46592.0,10.749184131556358
21749.0,1281645.83622119,178056.16369037298,3.0,1078492.6011024294,13.891074884428456
21750.0,1283034.66156662,176985.62090528,3.0,48041.12735163157,10.77981274285512
21751.0,1281792.43174134,177351.732393652,3.0,125340.08075480888,11.738785968064471
21752.0,1283831.93913543,178922.089771256,3.0,71716.42706040305,11.18047510858078
21753.0,1282378.07065395,177344.304553643,3.0,132641.09153818715,11.795402199664174
21754.0,1280113.91570762,177787.098602101,1.0,0.0,
21755.0,1280137.26412365,177761.248298064,4.0,152713.05853813986,11.936316005154362
21756.0,1283068.95545465,176987.054953277,1.0,0.0,
21757.0,1282662.39884622,181495.009837896,3.0,865244.6501460436,13.670767578463213
21758.0,1274241.99902961,181851.147566259,1.0,0.0,
21759.0,1274239.51243761,181733.710830137,3.0,110124.76064319772,11.609369189735077
21760.0,1285582.84576122,210381.818891481,3.0,898013.8515962306,13.707940772105497
21762.0,1287251.02809893,207355.251784369,3.0,480316.3966926459,13.082200325510033
21763.0,1285915.39756957,210249.961163342,3.0,756280.9498169993,13.536168212867619
21764.0,1284029.59948763,211273.671756387,3.0,2072950.5122316787,14.544483518596387
21765.0,1284978.20326459,210764.539211869,3.0,1730577.378985276,14.363965655871656
21767.0,1285272.9083529,210393.445451483,3.0,1384981.6645716298,14.141197458939505
21768.0,1257913.67306089,218356.903635636,3.0,2693715.9991675066,14.806432210635744
21769.0,1281214.16646075,219025.947540328,4.0,9171242.570918148,16.03158333896974
21770.0,1281191.62681273,218606.339155897,3.0,3992320.713898747,15.199883252339468
21771.0,1281169.5727327,218187.135571465,3.0,3784206.40461397,15.146346754340172
21772.0,1257879.49923685,218809.76462809704,3.0,50628.52632005495,10.832270457687784
21774.0,1258064.19837303,218462.069075748,3.0,3526935.1863468643,15.075939832623728
21775.0,1287855.28179555,205646.224006623,3.0,445835.0532446446,13.007704326821745
21776.0,1287117.46048279,207785.904136822,3.0,528733.9334856595,13.178240623038242
21777.0,1258042.49693301,218168.214355454,1.0,0.0,
21778.0,1258017.46224499,218592.241747886,1.0,0.0,
21779.0,1258297.37635729,218334.929299623,3.0,754098.076424971,13.533277713365274
21780.0,1258497.60298148,218325.302995607,2.0,232920.0,12.358450325951056
21781.0,1275932.48645534,180094.070700467,3.0,51406.57454392469,10.847521352678422
21782.0,1275463.57663086,180080.327980444,4.0,6396.472072826949,8.763501878739108
21783.0,1275945.38079135,180649.070893034,3.0,124992.1598299634,11.736006292957079
21784.0,1275151.02571854,181114.389869511,3.0,57839.29743857807,10.96542371012295
21785.0,1274477.53496584,179284.817707628,4.0,208076.1989723344,12.245659632810042
21786.0,1274952.17739834,181422.032621816,3.0,200875.5313774037,12.210440748350086
21787.0,1274583.96158996,180413.661292791,4.0,233183.4892715476,12.359580930229633
21788.0,1274397.85042177,179337.069931686,3.0,83124.67770686082,11.328096900739942
21789.0,1274346.46136571,179156.8616115,3.0,225334.79522623704,12.325342554026347
21790.0,1274507.60901389,180097.360428467,3.0,65937.86003938796,11.096468062950608
21791.0,1274442.53272581,179753.67703610696,3.0,40734.198770456096,10.614823283236364
21792.0,1274594.15576597,179399.74173975,3.0,165019.25918798088,12.013817468422593
21793.0,1275263.12395865,180084.517932445,4.0,25302.83845118759,10.138671860169133
21794.0,1274932.55768631,179746.5940281,4.0,82563.32235127506,11.321320821563601
21795.0,1275510.92133491,179755.455596119,4.0,27893.070054363063,10.23613355180848
21796.0,1266508.26545368,211967.580429092,3.0,685768.6805600086,13.438295649493359
21797.0,1279746.43385124,205730.829446718,1.0,0.0,
21799.0,1265808.11953297,211927.681613058,1.0,0.0,
21801.0,1277506.61093695,199386.99078421303,3.0,151504.67494217362,11.928371761159587
21802.0,1278423.53228189,198102.68006290504,3.0,120931.4680029154,11.702979283983863
21804.0,1275426.66232683,202126.871491015,3.0,188505.7996747568,12.146884052902234
21805.0,1279745.58905125,194055.41746676,1.0,0.0,
21812.0,1291621.94125541,183579.358384028,1.0,0.0,
21813.0,1258650.48656563,217678.359698951,1.0,0.0,
21815.0,1286919.67577858,171468.507555634,2.0,1913.584126984127,7.556733268876659
21823.0,1259031.53501403,217658.853202924,3.0,279502.0,12.540764727186753
21824.0,1279666.95666716,205736.310790718,1.0,0.0,
21825.0,1279301.85369079,207611.781448632,1.0,0.0,
21836.0,1296865.28250878,183146.000623584,3.0,269363.24155894294,12.503816088062154
21837.0,1297034.97274895,183136.26903957097,3.0,139768.0,11.84773918415428
21841.0,1293364.80948119,181289.950893685,3.0,189285.73659237372,12.151012986193642
21842.0,1293510.93421733,180852.658093229,1.0,0.0,
21843.0,1297031.09876494,182793.564015225,1.0,0.0,
21844.0,1280911.42758043,180564.30897294,1.0,0.0,
21845.0,1280679.4103642,180787.661485165,3.0,4773197.823352213,15.378527041463165
21846.0,1280474.34975599,181029.787373424,3.0,5367542.642061818,15.495880753195705
21847.0,1252353.89807919,211987.304141119,2.0,175113.7332515314,12.073190946103777
21848.0,1280285.1739478,181003.312301397,2.0,89572.67712029163,11.402805609604608
21850.0,1286874.24902654,169783.542753905,3.0,1136320.035184575,13.943305559700475
21851.0,1285576.32998522,171574.659939736,3.0,1878548.9334973104,14.44601019289687
21854.0,1258942.80355795,201041.277185917,1.0,0.0,
21856.0,1267170.76574236,170021.325794145,3.0,5229830.153516198,15.469889360086654
21858.0,1267200.57803039,170062.00681819,3.0,5319714.054414195,15.486930110703025
21860.0,1283532.88102312,176290.792552561,3.0,134156.55993026093,11.806762754622879
21861.0,1251187.573662,212321.468557462,3.0,91046.58772266743,11.419126607492107
21862.0,1251189.556574,212333.994445473,1.0,0.0,
21863.0,1283523.35315111,175999.114024267,1.0,0.0,
21864.0,1267733.55140695,170003.959330127,1.0,0.0,
21870.0,1275004.29010239,204141.866437078,2.0,778126.0196450725,13.564643769021593
21872.0,1289377.00416511,180106.348908469,2.0,46592.00000000001,10.749184131556358
21873.0,1289386.49235712,180114.713388488,1.0,0.0,
21880.0,1279972.82514748,179744.221676096,1.0,0.0,
21886.0,1279675.48812318,172879.814117074,1.0,0.0,
21887.0,1280051.20229955,173990.47792621,1.0,0.0,
21888.0,1276985.07359241,185418.898673907,1.0,0.0,
21889.0,1278077.33484153,174846.341351092,1.0,0.0,
21890.0,1281584.17855713,180909.219693288,1.0,0.0,
21892.0,1285134.58912076,187219.126003757,1.0,0.0,
21893.0,1285293.84307292,187216.383923754,3.0,46592.0,10.749184131556358
21894.0,1255440.88272235,192399.33119306,2.0,163408.92973126844,12.004011109432975
21900.0,1284118.87455972,187251.686323792,1.0,0.0,
21914.0,1264775.61309992,216067.97320129,2.0,130073.68119282868,11.775856347285877
21915.0,1265600.67870076,216931.883538187,4.0,120227.34059863228,11.697139734441548
21916.0,1282540.3059181,194593.300923303,3.0,93182.0,11.442309848973883
21917.0,1282539.4574701,194580.35801129,1.0,0.0,
21918.0,1265074.67351621,216615.74472186,2.0,33147.86303402184,10.408733530007392
21925.0,1282448.53740601,194600.282491311,1.0,0.0,
21926.0,1265967.48766114,216971.318162218,1.0,0.0,
21928.0,1281497.48908503,219010.021076307,1.0,0.0,
21929.0,1281512.22956505,219314.550996616,1.0,0.0,
21931.0,1282707.58015828,194581.148347288,3.0,144487.86641386227,11.880950813554751
21944.0,1267797.843887,196252.342525005,1.0,0.0,
21945.0,1273682.87512504,193678.206266373,1.0,0.0,
21946.0,1293286.06784911,189036.85797362,1.0,0.0,
21947.0,1263554.78154667,192453.119481117,2.0,27768.179262665595,10.231646013249161
21948.0,1260268.8697993,187205.779251739,2.0,186344.0,12.13534970691119
21949.0,1272674.24491601,192771.614585444,1.0,0.0,
21950.0,1269718.86891298,191358.124279991,1.0,0.0,
21951.0,1263619.01994672,192121.558136776,1.0,0.0,
21952.0,1276452.29874387,189078.458613664,1.0,0.0,
21954.0,1260555.70090359,212400.496269539,2.0,469056.6323524355,13.058478791423077
21956.0,1255610.79907453,201308.373442188,3.0,93174.0,11.442223991797244
21957.0,1260318.76471135,212764.736013919,1.0,0.0,
21958.0,1260259.98595929,212434.42337358,4.0,413101.07914557966,12.931447585692215
21959.0,1260301.10762334,212361.104909495,3.0,468386.7855931353,13.057049698508283
21960.0,1279049.88377053,211016.637132123,1.0,0.0,
21961.0,1260318.02160735,212439.104461581,1.0,0.0,
21962.0,1289249.68352498,191330.941303968,1.0,0.0,
21963.0,1289093.88205281,191270.082807899,1.0,0.0,
21964.0,1278958.73202644,210670.902283773,1.0,0.0,
21965.0,1288642.76122035,191391.11372003,1.0,0.0,
21966.0,1288832.11091655,191204.31256783,1.0,0.0,
21967.0,1288648.61062837,191415.586808056,1.0,0.0,
21968.0,1254190.86326508,192426.854777083,1.0,0.0,
21972.0,1266345.98660553,212117.55162924496,3.0,180062.2619935367,12.10105797002684
21976.0,1284703.20710433,187137.81515567,3.0,182370.6333868559,12.113796342491735
21977.0,1284787.07865641,187132.81387566,1.0,0.0,
21981.0,1285011.50796863,187576.932724118,1.0,0.0,
21984.0,1285009.75865664,187518.628020063,1.0,0.0,
21986.0,1281350.67014089,173711.314469919,3.0,110827.84816925404,11.615733358983036
21987.0,1281345.28825288,173359.057637557,1.0,0.0,
21988.0,1295094.65908296,182796.199791223,2.0,46592.0,10.749184131556358
21991.0,1280692.78988421,182345.930030763,2.0,8793.152340804589,9.081728554465426
21992.0,1295308.54906718,182797.584687233,1.0,0.0,
21993.0,1278216.39263368,180684.342829064,1.0,0.0,
21997.0,1265538.74577269,190784.999159411,1.0,0.0,
21998.0,1281389.21862093,174614.236198843,1.0,0.0,
22000.0,1278398.11205786,180497.89079687,1.0,0.0,
22001.0,1251366.96867019,212414.53626956,1.0,0.0,
22004.0,1278185.84805764,174789.836263031,1.0,0.0,
22005.0,1271786.8241151,212114.164173245,3.0,343400.47588198824,12.746652613239508
22007.0,1272434.77361976,211994.957069129,3.0,220173.42980400735,12.302170832066567
22009.0,1265852.91505301,212225.48250936004,3.0,292439.1459539956,12.586011875988529
22011.0,1268599.41086383,212042.40410918,4.0,213128.74265843217,12.269651687726407
22012.0,1266677.87633386,195031.579195753,1.0,0.0,
22013.0,1283148.89196673,211541.998988658,1.0,0.0,
22015.0,1281114.96326065,211231.88474834,3.0,138444.18706173025,11.83822254188691
22018.0,1265099.49495624,198348.121791154,1.0,0.0,
22019.0,1283142.41753472,211542.372620657,1.0,0.0,
22023.0,1257986.42518896,218735.374356031,1.0,0.0,
22027.0,1263607.53501871,186471.730866984,3.0,667889.246628855,13.4118776403129
22028.0,1270473.56100975,190376.741430983,2.0,46592.0,10.749184131556358
22029.0,1263600.0662187,186214.226098731,1.0,0.0,
22034.0,1270168.61310543,190260.07499887,1.0,0.0,
22035.0,1270219.37387349,190403.052727014,1.0,0.0,
22036.0,1279408.0113229,177224.585961521,3.0,106952.0047644288,11.580135459210313
22037.0,1270097.37112136,191306.526327938,2.0,1732192.849749524,14.364898707027082
22039.0,1252263.18307111,211648.718860775,1.0,0.0,
22040.0,1283288.46316688,180267.889260635,1.0,0.0,
22042.0,1279584.41810708,174030.228518248,1.0,0.0,
22043.0,1283283.17023887,180512.754604891,1.0,0.0,
22046.0,1280693.82399622,182371.784302786,2.0,35310.24872391799,10.471928532905496
22048.0,1267251.35716645,185804.493042305,3.0,5324062.964491612,15.487747284965826
22053.0,1279233.50085872,177232.594793528,2.0,46592.0,10.749184131556358
22054.0,1279213.26757869,177190.021097481,1.0,0.0,
22055.0,1277299.78130473,175350.877415597,1.0,0.0,
22057.0,1277451.56933689,180652.070893034,1.0,0.0,
22058.0,1277632.59724107,175388.547943637,1.0,0.0,
22059.0,1282347.7580779,186453.723698974,1.0,0.0,
22060.0,1278738.26393022,173428.81994164,1.0,0.0,
22065.0,1265539.3855167,190758.421111375,1.0,0.0,
22066.0,1267233.93822244,185578.38321808,1.0,0.0,
22077.0,1266322.8127175,184053.40990451,1.0,0.0,
22080.0,1259112.03191012,216980.217106238,2.0,46592.0,10.749184131556358
22081.0,1268049.64292726,174591.226086825,4.0,886090.6641730842,13.694574554118345
22082.0,1268139.73591936,191694.563576341,2.0,3872372.718282636,15.169377982632964
22083.0,1273650.128437,202400.674371302,3.0,43909.79130071408,10.689892610657063
22084.0,1266451.78884563,169577.116321683,2.0,26728.64905321594,10.193491267384967
22085.0,1274826.7638942,202518.562307417,1.0,0.0,
22086.0,1273612.83294897,202312.979011208,2.0,3265.552238128505,8.091184166191796
22087.0,1273550.24549291,201943.46105884,1.0,0.0,
22088.0,1273885.25758924,202272.170371175,2.0,46592.0,10.749184131556358
22089.0,1273879.91275723,202252.229507148,1.0,0.0,
22090.0,1282683.49260625,180164.888492525,2.0,194997.0606082607,12.180739763628482
22091.0,1281653.4654692,182121.24779053,3.0,155144.785677668,11.952114061046645
22092.0,1294257.0393701,179939.450924307,4.0,2880776.4386828053,14.873570412542314
22093.0,1281864.87122941,181090.78065347704,3.0,595213.1038097033,13.296674778067988
22094.0,1281866.86892542,179258.369643599,2.0,242490.5860214786,12.398718168076153
22104.0,1286111.48608176,172901.147109091,3.0,486528.327737,13.095050406532767
22105.0,1285045.26579267,172264.96758844,3.0,21136408.523589503,16.866507633887768
22106.0,1284956.06912059,171137.193955287,2.0,46591.99999999999,10.749184131556358
22107.0,1285567.6387852,171026.280803174,3.0,1685653.0550351108,14.337663616436616
22108.0,1285298.78924893,172984.892325178,3.0,5359236.993742085,15.494332171000199
22109.0,1285600.87264124,172964.059045166,4.0,5566989.702589851,15.532365017440537
22110.0,1285492.89971313,174228.249446452,3.0,7750813.335720797,15.863308342367645
22111.0,1286739.7614104,172816.489445001,3.0,2847284.648726597,14.861876343252684
22112.0,1260766.78941581,213065.961102217,3.0,3826.914182028241,8.249814060828372
22113.0,1260584.73271163,213060.577614218,4.0,70643.20104709848,11.165397149187426
22114.0,1260298.65418333,213110.76846227,3.0,3322468.241634074,15.016218510948708
22115.0,1283351.50739093,186933.73585946896,3.0,22432968.37002964,16.926042237019395
22116.0,1286012.81862566,197934.986174732,1.0,0.0,
22117.0,1285582.39526522,198199.991166994,1.0,0.0,
22118.0,1285589.33324923,198458.363711268,1.0,0.0,
22119.0,1285583.03142522,198206.033151001,1.0,0.0,
22120.0,1276950.11992837,179469.917739823,1.0,0.0,
22121.0,1293531.15463336,180676.61681304904,3.0,8045874.360240946,15.90067001618737
22122.0,1298160.03483009,180039.586540401,3.0,3425957.9556833594,15.046891685661114
22123.0,1282762.26214233,182960.151919395,3.0,962436.5047746171,13.77722337390269
22124.0,1282762.57254234,182331.641710758,2.0,1000286.37627246,13.815796893238877
22125.0,1281890.31410944,186039.766514555,3.0,879852.2017205815,13.687509219758525
22126.0,1285611.33484925,181985.597742394,3.0,1664162.916122503,14.324832801894399
22127.0,1293725.75796156,181275.11332567,4.0,8006552.029022914,15.895770768071511
22128.0,1282285.13484584,180161.052524522,2.0,622862.3010091106,13.342080747672258
22129.0,1298196.63841413,178274.447082594,2.0,3640084.0030865343,15.107517317117662
22136.0,1280209.39621972,194165.128186867,2.0,28525147.555153448,17.166296626535264
22137.0,1282073.90233363,189396.354293987,3.0,28657523.75271846,17.1709265758192
22139.0,1279173.69618666,177872.082026184,1.0,0.0,
22141.0,1272862.4463242,212529.98714967104,3.0,181556.35835455512,12.109321398837606
22143.0,1263000.5936421,171387.04515554,1.0,0.0,
22144.0,1282185.97132574,198445.354239255,3.0,133672.7228431978,11.803149724648067
22145.0,1259861.83319089,217111.30472236904,3.0,52167.818270350734,10.862221075520559
22146.0,1260289.29757532,216342.648145571,3.0,93857.04417614844,11.449528097015202
22147.0,1259887.00771891,217122.397266373,1.0,0.0,
22148.0,1282034.04671758,198955.954239771,3.0,296453.6387747064,12.599646123557422
22149.0,1282031.82956558,198835.417407647,3.0,94438.80490843118,11.455707336613145
22150.0,1282027.22194958,198835.448255658,1.0,0.0,
22151.0,1261825.0422169,166959.032671005,3.0,433958.0697398608,12.980703194912532
22157.0,1261835.4588569,166935.421534985,1.0,0.0,
22158.0,1262039.97290511,166851.740894899,3.0,526000.3496199743,13.173057156396384
22164.0,1262346.37450543,166454.651806489,1.0,0.0,
22165.0,1262426.94813751,167104.770911157,1.0,0.0,
22166.0,1264307.48900343,206695.183879703,1.0,0.0,
22167.0,1264718.31165986,206563.171015561,2.0,459789.0514502171,13.038523079479692
22170.0,1272739.60997207,212649.6322698,1.0,0.0,
22174.0,1269386.15108864,215882.381649107,1.0,0.0,
22175.0,1286906.33030657,204791.149573743,1.0,0.0,
22178.0,1259012.84803802,217665.523474932,1.0,0.0,
22179.0,1255139.85347405,216602.582033843,1.0,0.0,
22189.0,1258191.95235717,217178.508370429,1.0,0.0,
22192.0,1278323.43800978,201768.082178652,4.0,387307.5620562651,12.866974390373594
22195.0,1278255.20882572,201743.082178622,4.0,459032.7308156571,13.036876795466892
22196.0,1278127.48037758,202378.78893128,4.0,1464755.741104494,14.19719905691087
22197.0,1282593.60531016,191317.786423951,3.0,248261.86038216803,12.422239356726578
22198.0,1282427.88620599,191180.093175814,2.0,146.37948717948714,4.986202476815989
22199.0,1290118.09293386,218383.191635668,1.0,0.0,
22201.0,1282577.15948614,191317.240183949,1.0,0.0,
22203.0,1259680.8454147,217409.053138673,1.0,0.0,
22207.0,1274436.77554181,198413.791615218,1.0,0.0,
22210.0,1286940.13536261,174018.463142231,2.0,220463.57991777532,12.30348778978597
22211.0,1290599.79239036,173712.271461919,1.0,0.0,
22212.0,1288339.46426004,172934.026661128,1.0,0.0,
22215.0,1285209.52364884,184260.726064727,2.0,8132086.553944758,15.91132809729704
22218.0,1285529.57779317,171867.143588036,3.0,286185.97440181824,12.564397138620686
22219.0,1284900.18342452,171658.461283818,1.0,0.0,
22223.0,1285591.91033722,172552.259044737,1.0,0.0,
22224.0,1286749.51731442,171114.545699269,3.0,164685.70164063023,12.011794097829007
22225.0,1286829.2304025,171805.772003978,3.0,121643.76243032396,11.708852072177173
22226.0,1259568.01917458,215123.706704333,3.0,2850446.743339598,14.862986292009497
22227.0,1259556.03459857,215123.505552337,1.0,0.0,
22229.0,1279694.81586719,184773.166001245,3.0,1388096.1713657668,14.1434437053761
22230.0,1280923.90988445,185534.949618027,4.0,621653.0039398997,13.340137344573863
22231.0,1275380.55250277,191421.112696052,2.0,4507883.734273826,15.3213383628318
22232.0,1278648.06073011,185575.577138066,4.0,4579342.2239176,15.337065926544174
22235.0,1278647.24837811,185076.36062556496,3.0,7275460.640884317,15.800017687351923
22236.0,1278447.72088991,186380.177906901,3.0,1318066.5156987095,14.09167645991738
22237.0,1279030.35980251,184962.86020945,4.0,5781317.293124906,15.570142120067006
22238.0,1281092.13887662,185168.804017663,3.0,486017.9930509499,13.094000924935886
22239.0,1278867.58226635,185485.553393975,3.0,392310.5352454162,12.879808986910762
22242.0,1287146.15398683,205131.483206093,1.0,0.0,
22246.0,1279769.43775527,203992.930372939,1.0,0.0,
22248.0,1280087.18188359,203974.77197291,1.0,0.0,
22249.0,1274875.50955826,192057.42706471696,3.0,3486543.256656304,15.06442133246608
22250.0,1273553.8147089,192751.131385416,2.0,1287102.5575720845,14.067904170716595
22251.0,1273954.95595731,192410.353849068,3.0,1267368.498362964,14.05245326023913
22252.0,1274603.10258198,192211.88536886903,3.0,1367575.0919220045,14.128549723596636
22253.0,1273703.56965305,193586.494522274,2.0,466946.7860983312,13.053970581760845
22254.0,1273984.30232534,193229.02604191,4.0,161576.27909314758,11.992732626504822
22255.0,1274019.29112537,193052.651769727,3.0,145425.58954231098,11.887419822697588
22256.0,1273858.84229322,193236.02181792297,3.0,62040.24426295354,11.035538554467662
22258.0,1273979.67211734,192879.40632955695,3.0,46543.94037282811,10.748152099641606
22259.0,1273766.26770112,192637.24741730103,3.0,27434.715580625663,10.219564482412753
22260.0,1262833.37943393,212169.489485309,3.0,1079449.4207405965,13.89196167349988
22261.0,1261550.77668062,212211.060621351,3.0,444559.1384379912,13.004838369941288
22262.0,1261658.77418472,212302.562701434,3.0,502136.6176238101,13.126627508309657
22267.0,1259734.67530276,214435.15195162603,3.0,2939112.194971539,14.893618119211908
22268.0,1259748.08016677,214435.904271632,1.0,0.0,
22269.0,1286022.78976168,172063.141860232,3.0,208331.50401416008,12.246885859279846
22270.0,1286384.19520204,170322.888802454,3.0,108391.87295993025,11.59350839248272
22271.0,1268135.03191936,191754.995256394,3.0,4027150.5197827695,15.208569616781642
22272.0,1272053.79339537,213524.616398692,1.0,0.0,
22273.0,1286095.44281775,172124.798244298,3.0,81599.6198497239,11.309579882236983
22275.0,1268647.53182387,192066.106168717,2.0,1071.4766638708102,6.976793035741152
22276.0,1268318.71230355,191778.25893642,3.0,71770.95886575055,11.181235200593342
22278.0,1268647.22507188,192186.730552837,3.0,69062.5177981203,11.142767428404515
22279.0,1278505.68831398,182817.339887246,1.0,0.0,
22280.0,1268257.60119948,191915.064760566,1.0,0.0,
22281.0,1268498.26571172,192188.921208844,1.0,0.0,
22282.0,1285754.9684494,173842.881446064,5.0,28726417.533836026,17.173327728917915
22283.0,1285035.17260866,162378.423706323,1.0,0.0,
22284.0,1285837.14476947,166653.629406691,2.0,46592.0,10.749184131556358
22285.0,1286670.26547433,170486.600418627,3.0,143297.23200366876,11.872676297535278
22286.0,1285406.37299304,175041.073959291,3.0,7759591.749705647,15.864440281201455
22287.0,1284841.95680046,177301.984745607,3.0,8476911.838516649,15.95285677145585
22288.0,1285689.20640133,166656.295390695,2.0,46591.99999999999,10.749184131556358
22289.0,1285035.64800066,163167.18722713,1.0,0.0,
22290.0,1284242.35135984,180035.642988399,2.0,1174582.2092225896,13.976423075712525
22291.0,1277607.06284106,173221.101221427,3.0,3270812.77123351,15.000549065883074
22292.0,1280210.02380373,172455.730980635,2.0,3278495.018821103,15.00289503933773
22293.0,1280226.69733973,172502.231908679,2.0,6652178.201127888,15.71045490804135
22294.0,1276510.89701593,174038.088102251,3.0,7228715.755017861,15.79357195111225
22295.0,1286307.26585796,168861.691936955,4.0,102182.25207480304,11.534513282912046
22301.0,1277235.10488868,204140.012101084,1.0,0.0,
22302.0,1287396.12358707,173554.83184576,1.0,0.0,
22305.0,1274515.72645389,203705.94112463304,3.0,75821835.60254362,18.143896877763936
22306.0,1273494.18654884,204991.548165947,3.0,13829613.726394592,16.442322773127575
22310.0,1261068.93808812,194115.707706824,1.0,0.0,
22312.0,1262971.13668206,166979.105503023,3.0,93182.0,11.442309848973883
22313.0,1263275.39562638,167392.876319453,1.0,0.0,
22315.0,1284781.34899239,183596.613232046,1.0,0.0,
22325.0,1265880.45111704,191952.675576597,2.0,1086.337076303914,6.990566835671875
22339.0,1270958.24177824,199391.670592219,1.0,0.0,
22340.0,1272984.21573232,194657.124283373,1.0,0.0,
22341.0,1260635.19747968,201776.322306663,1.0,0.0,
22342.0,1270245.26520151,204600.846469551,1.0,0.0,
22343.0,1280924.31897245,202633.731331542,1.0,0.0,
22345.0,1266167.23428534,198798.317439616,1.0,0.0,
22346.0,1280915.47647645,202631.081731543,1.0,0.0,
22347.0,1288872.62982859,192018.02751267,1.0,0.0,
22348.0,1288872.62982859,191990.369784638,2.0,46591.99999999999,10.749184131556358
22349.0,1289056.14886878,192155.084344804,2.0,489383.24594743474,13.10090119554169
22350.0,1258171.12893315,217840.133011118,1.0,0.0,
22351.0,1273550.0216849,201950.120194837,1.0,0.0,
22352.0,1276448.89285587,205531.079238504,1.0,0.0,
22353.0,1271418.23301071,174996.95427924403,3.0,5141635.5273616975,15.452881782802509
22354.0,1273061.8015884,175065.482343316,2.0,5075608.990977601,15.439957073915101
22355.0,1286577.74995424,162992.072410941,2.0,93180.0,11.442288385370787
22356.0,1286629.18291429,169777.057569891,3.0,1468714.7122912763,14.19989823091196
22357.0,1279318.7775948,172150.452772319,3.0,491718.99243148207,13.10566267870955
22358.0,1280183.7597397,172394.165476575,2.0,164787.23686968506,12.012410447279303
22359.0,1272327.94475564,165912.554141939,2.0,46592.0,10.749184131556358
22360.0,1272420.64011574,165464.911965474,1.0,0.0,
22361.0,1280237.40172374,172544.416548729,2.0,5530.689748186524,8.618067815162764
22362.0,1271780.49112308,188070.173876628,3.0,11753079.5247471,16.279625851428108
22363.0,1271842.34008315,188277.422132835,3.0,26853921.78045373,17.10592243083978
22364.0,1278274.00965774,170559.143586695,1.0,0.0,
22365.0,1277979.13848944,171016.86934717,3.0,53793.70216044079,10.892911679082939
22366.0,1277051.84741649,173132.00816533,4.0,9769411.608959273,16.09476679794331
22367.0,1271490.77745879,182823.863151252,3.0,9546949.591480834,16.07173224692861
22368.0,1271020.94245031,180635.27793301604,3.0,6941491.955603521,15.753027288571863
22369.0,1276766.19212019,173749.633253962,3.0,3362952.3060631347,15.02832980866024
22370.0,1271087.35243438,180698.874285072,3.0,14240596.439620243,16.471607347875754
22371.0,1277779.14840923,170762.782626897,1.0,0.0,
22372.0,1271549.11691485,182771.371439204,3.0,20381648.337737627,16.830145462652
22373.0,1277329.09714477,173127.295269325,3.0,262967.8733396117,12.479787149096184
22374.0,1278378.86111385,173112.122725308,3.0,286106.9450444981,12.56412095362822
22375.0,1278047.1187135,170925.674979076,1.0,0.0,
22376.0,1278441.37804191,171323.943907484,3.0,468744.8170067124,13.057813799153282
22377.0,1277986.62764144,171342.233251497,3.0,9661390.878709976,16.083648179127408
22378.0,1274416.39333379,175040.864615291,3.0,3275718.8420022023,15.002047896707394
22379.0,1291919.9374157,176111.340136379,1.0,0.0,
22380.0,1289222.05894895,182679.262703106,2.0,523884.0323314895,13.169025626465503
22381.0,1287846.89997154,177019.61789731696,3.0,1822639.5403893928,14.415796305305381
22383.0,1286117.89977777,164877.886236876,2.0,46592.0,10.749184131556358
22384.0,1279701.8804432,175775.02359204003,3.0,261494.9602824992,12.474170289959142
22386.0,1279707.42898721,176150.659624428,1.0,0.0,
22392.0,1254481.51619337,202710.137347624,1.0,0.0,
22393.0,1263153.57073025,208359.670025408,3.0,137858.03561467995,11.83397970720625
22394.0,1263422.97604252,207868.994504899,3.0,9422755.080259567,16.058638075156267
22397.0,1254475.73110537,206345.65863134,2.0,46591.99999999998,10.749184131556357
22398.0,1254467.65961736,206337.005447328,1.0,0.0,
22401.0,1255844.01379476,200427.187841281,1.0,0.0,
22402.0,1263109.37463421,208449.223945498,3.0,116937.9398388365,11.669398644324916
22404.0,1254517.71433741,206085.396999076,1.0,0.0,
22405.0,1263101.6557862,208988.099530041,1.0,0.0,
22408.0,1264050.95281117,209746.527498826,1.0,0.0,
22409.0,1261972.10788104,210798.367563903,1.0,0.0,
22410.0,1262882.66871397,193833.161338523,1.0,0.0,
22414.0,1284203.48729581,193775.369466469,2.0,124885.34759448572,11.73515137613736
22418.0,1291869.67699966,189808.029942408,1.0,0.0,
22419.0,1288573.49459629,176340.882344618,4.0,132578.7137454501,11.794931814024457
22420.0,1289328.25261305,176239.845480517,1.0,0.0,
22421.0,1288754.46080446,176051.669352323,4.0,94636.89517595942,11.45780269143575
22422.0,1288505.26150821,176314.06909659496,3.0,492314.006568275,13.106872016627921
22423.0,1289293.22579701,175975.194792241,1.0,0.0,
22426.0,1288270.74195597,176596.710248873,3.0,716940.6779131236,13.482748379636062
22427.0,1288351.06950806,176645.52215293,3.0,134701.9616967652,11.810819925742782
22428.0,1288642.65062836,176007.574952275,3.0,375437.8124160291,12.835848123730754
22431.0,1289508.69914123,176486.426024765,1.0,0.0,
22432.0,1289069.68787679,175240.985959485,1.0,0.0,
22434.0,1289067.84077279,175285.937959537,1.0,0.0,
22435.0,1284410.18899202,193535.00741823,2.0,79564.45998960912,11.284322789586867
22436.0,1284508.14905612,193421.19301810896,3.0,35508.923741502666,10.477539316874683
22438.0,1258685.46154168,216537.234065771,1.0,0.0,
22439.0,1266720.1869259,198790.045439601,1.0,0.0,
22440.0,1273035.32786037,194951.09215568,1.0,0.0,
22441.0,1279379.13733886,206716.894407719,1.0,0.0,
22442.0,1278448.45778592,200049.674816892,1.0,0.0,
22443.0,1273739.27365309,194795.379899517,1.0,0.0,
22444.0,1266902.03863809,198349.096895158,1.0,0.0,
22445.0,1280568.80882809,201338.115842208,1.0,0.0,
22446.0,1268437.31179166,194366.602235079,1.0,0.0,
22447.0,1277290.40760873,173544.322341755,3.0,661884.096284386,13.402845738449242
22448.0,1269597.77208085,173619.329381824,3.0,6022595.630631497,15.61102889223783
22449.0,1271749.62833905,168595.911648691,1.0,0.0,
22450.0,1278272.36594574,165580.431133598,1.0,0.0,
22451.0,1280578.10508409,172688.992356881,2.0,46592.0,10.749184131556358
22452.0,1277832.02956128,171116.906915262,2.0,46592.0,10.749184131556358
22453.0,1267487.23006269,197649.768190444,1.0,0.0,
22454.0,1277780.10021722,171105.45846726,1.0,0.0,
22459.0,1265841.02858901,191806.415416449,3.0,24163.377161352124,10.092593425448543
22461.0,1262637.71152973,167421.700703487,1.0,0.0,
22462.0,1282126.76735768,223345.77685675,3.0,103115.87810152104,11.543608664951499
22463.0,1282253.46034981,223350.264408752,1.0,0.0,
22484.0,1281308.79359685,221531.102678895,2.0,46592.0,10.749184131556358
22485.0,1281306.16665284,221669.27695103,1.0,0.0,
22486.0,1259866.48643889,212477.281549618,1.0,0.0,
22488.0,1270600.22219388,202164.916995063,1.0,0.0,
22489.0,1257981.78774896,217309.151442572,1.0,0.0,
22490.0,1269962.46718523,209777.201290861,1.0,0.0,
22491.0,1277337.66572078,202954.409475863,3.0,50362.74457874539,10.827006985854062
22493.0,1279132.48069862,203385.408324316,1.0,0.0,
22496.0,1259057.44573405,217744.917971015,1.0,0.0,
22500.0,1259541.68752655,210112.427659199,3.0,2579626.9655854856,14.763155359461726
22501.0,1277752.0910652,213580.582478747,1.0,0.0,
22505.0,1261519.95421658,211088.826956198,1.0,0.0,
22508.0,1284580.75654419,206350.681607351,1.0,0.0,
22509.0,1278404.70687386,216076.854737312,1.0,0.0,
22511.0,1278723.50905019,216671.134673908,1.0,0.0,
22512.0,1284405.31788802,206530.988615528,1.0,0.0,
22513.0,1284536.23827215,206529.502087533,1.0,0.0,
22514.0,1281033.50738856,217563.205778822,1.0,0.0,
22516.0,1273698.39378105,193351.367034033,2.0,3156444.288406526,14.96495672683413
22517.0,1274408.95173378,192620.84549728,3.0,343976.5023186781,12.748328626809347
22518.0,1273795.04811715,193083.505721763,3.0,109795.14631907608,11.60637160233621
22519.0,1273135.71480447,194013.864698708,3.0,3818405.754748676,15.15534355178265
22520.0,1272921.41502826,194183.036602885,3.0,5804663.363545925,15.574172180656703
22521.0,1273696.93611705,193242.932537928,2.0,4266669.966009991,15.266344213505029
22522.0,1273228.97054857,193717.961786404,3.0,1471468.8671723243,14.201771689226495
22523.0,1273384.15128472,193758.034170449,3.0,613069.7133877113,13.326233933391327
22525.0,1274855.87608624,191981.396984637,3.0,5081181.445973333,15.441054360619882
22550.0,1272886.76222822,174861.525415108,3.0,1543655.7917513847,14.24966405191014
22551.0,1269728.04971299,174244.591910467,3.0,1028330.2194244128,13.843446898536529
22552.0,1274522.8731419,175081.664423332,3.0,8100653.260083811,15.907455265783742
22553.0,1270260.47153753,174916.944231153,3.0,181181.65901096852,12.107255447881702
22554.0,1280294.7582038,172552.761956736,3.0,820254.5889582414,13.61737004539257
22555.0,1279937.14213943,173084.815013289,3.0,559928.48561269,13.235564350293394
22556.0,1284984.64025661,165231.437725246,1.0,0.0,
22557.0,1272472.6403078,165321.161949337,1.0,0.0,
22558.0,1291476.61120726,172595.453476787,1.0,0.0,
22559.0,1264757.8338999,212135.481037274,2.0,26174.612927205344,10.172545247748033
22560.0,1260541.40272757,211952.762893081,2.0,37807487.32693228,17.448017718407144
22561.0,1263955.76004307,212089.840397224,3.0,48124275.56371852,17.689297297237488
22562.0,1260518.36272755,211966.198925093,2.0,4619711.075395227,15.345842723309111
22563.0,1267654.71889487,212089.369933218,3.0,28702405.87152753,17.172491505492676
22564.0,1269694.44708896,212112.67431724104,3.0,17468823.550617486,16.675928338721803
22574.0,1265583.19940475,212123.091981262,2.0,32278.80300328178,10.382166040013622
22575.0,1279122.8724426,185216.75537771,3.0,4286454.578854935,15.270970510720284
22576.0,1280582.5033561,184904.576497391,3.0,7336171.346264602,15.808327649551968
22577.0,1279774.23071527,185756.690930262,1.0,0.0,
22578.0,1279664.91468316,183104.804847538,3.0,5486471.92189529,15.517795969728391
22579.0,1279149.67653863,184299.770608768,3.0,1536479.4096796548,14.245004259668647
22580.0,1275851.87967126,185831.456242338,1.0,0.0,
22581.0,1275845.09912725,185641.553714141,3.0,93182.0,11.442309848973883
22587.0,1275667.96594307,185646.763378143,1.0,0.0,
22593.0,1278374.07832983,214711.74919991204,3.0,93182.0,11.442309848973883
22594.0,1258244.24522123,214799.893007994,3.0,31165.153514423266,10.347055875090703
22595.0,1266823.25860602,194619.727355331,1.0,0.0,
22597.0,1297370.26113328,179097.798443437,1.0,0.0,
22598.0,1278138.5650496,214718.526735917,1.0,0.0,
22599.0,1258083.24784505,215159.541584373,2.0,279000.64084339514,12.538969357730597
22600.0,1278378.32965784,214869.048400074,1.0,0.0,
22602.0,1297362.76871729,178999.94429934,1.0,0.0,
22606.0,1288893.05798861,204541.700933501,1.0,0.0,
22610.0,1257655.49021262,187165.500467703,1.0,0.0,
22613.0,1267841.26116705,190999.521655634,3.0,1667369.7386993186,14.32675793599902
22614.0,1267848.71223906,190889.51928751203,3.0,96852.26631950976,11.480942068866055
22616.0,1285841.75993748,196800.379837573,1.0,0.0,
22618.0,1271642.27518694,174555.21239078,3.0,79853.65330852485,11.287950904738388
22619.0,1271643.71845095,174843.507751077,1.0,0.0,
22620.0,1297613.68878154,184666.34008114,2.0,3284179.258125936,15.004627333364956
22625.0,1281862.50866941,182136.739886552,1.0,0.0,
22626.0,1267555.94903876,191716.877816364,3.0,552.1772966613808,6.3138691843107075
22627.0,1267570.60094278,191489.104696125,3.0,43094.09049095804,10.671141155112487
22628.0,1267944.32951915,192195.452984855,2.0,18.5,2.917770732084279
22629.0,1267585.24721479,191261.420407891,3.0,489759.2153240557,13.101669152013745
22631.0,1267946.58903916,191967.948216617,3.0,40126.02156805553,10.59978031974824
22632.0,1267956.86558317,191740.76984839104,3.0,40729.71569749285,10.614713220443603
22633.0,1267967.47646318,191512.93861615696,3.0,86214.6944375033,11.364595911236144
22634.0,1267980.83403119,191289.562743917,2.0,132763.36110417114,11.796323582658445
22635.0,1280251.39052376,176141.327656418,3.0,160511.78224678317,11.98612262849513
22636.0,1280546.05298807,176133.331240401,2.0,11544.468003665765,9.353961640490036
22637.0,1280967.1059805,202942.728451863,1.0,0.0,
22638.0,1278019.39698547,210690.25197978303,3.0,296475.43151755247,12.599719632325831
22639.0,1278026.01176949,210706.914315805,1.0,0.0,
22642.0,1274097.58949345,218742.66306003896,3.0,92670.73669057104,11.436808024161431
22645.0,1274088.55934945,218153.476563439,1.0,0.0,
22651.0,1274026.74219738,218743.766036034,1.0,0.0,
22654.0,1254741.86742564,192508.298169166,1.0,0.0,
22655.0,1272494.16325182,198141.537214935,1.0,0.0,
22657.0,1260367.2626314,189829.799606428,1.0,0.0,
22661.0,1261426.71101649,205780.848390758,2.0,283660.5761987551,12.55553364814723
22662.0,1261074.93546413,205788.57575076804,3.0,244413.6296914142,12.406617272692746
22664.0,1275510.2808869,217627.828626901,1.0,0.0,
22665.0,1278085.87973754,211083.344332188,1.0,0.0,
22668.0,1278084.92536955,211112.60282822,1.0,0.0,
22669.0,1278714.87589818,212821.684749976,1.0,0.0,
22675.0,1272439.36254776,211745.587468877,1.0,0.0,
22680.0,1296859.82906877,179832.593900189,1.0,0.0,
22681.0,1269274.33995251,173436.016101643,3.0,67075.81322541324,11.113578799341285
22685.0,1268751.62417598,173440.577445641,1.0,0.0,
22686.0,1273119.95365246,212702.956941858,3.0,93182.0,11.442309848973883
22687.0,1273214.88786055,212690.620365843,1.0,0.0,
22688.0,1273049.11454839,212732.504461884,3.0,205950.7659372462,12.235392418901963
22690.0,1272251.28216358,198306.597631112,1.0,0.0,
22710.0,1278076.19013754,207913.20864895,3.0,739326.1238654006,13.513494406867599
22711.0,1278492.86290596,207853.382344887,2.0,88570.63972699281,11.391555701618154
22714.0,1286357.79859401,193550.430586234,2.0,176697.5284991904,12.0821946712218
22715.0,1277713.68824916,207736.108296767,4.0,633632.0512029061,13.359223704066103
22722.0,1276349.60927176,207995.437513024,3.0,497629.19764741615,13.117610495629846
22725.0,1265922.62852509,191371.95692001295,3.0,19749.29773053071,9.890873211749257
22726.0,1268045.36734326,190583.908983201,2.0,676.5498078491189,6.517006070693825
22727.0,1267870.59281509,190551.030775174,3.0,34540.91820315988,10.449899935109919
22728.0,1268032.10065524,190893.658039525,2.0,14576.80560425642,9.587186887199703
22745.0,1285977.79673763,202681.598019585,3.0,117731.894466826,11.6761652375662
22746.0,1286170.47449782,202675.58950758,1.0,0.0,
22748.0,1282074.67231762,178645.44759497,1.0,0.0,
22750.0,1285755.7223694,205611.987846583,3.0,48455.06147383453,10.788392079846714
22766.0,1283758.84313536,193807.025594503,1.0,0.0,
22767.0,1278246.12056971,187340.918451875,1.0,0.0,
22770.0,1295192.52897106,179898.111788258,3.0,1466467.381041493,14.198366924425706
22773.0,1295200.39770707,180306.36094068,1.0,0.0,
22811.0,1273117.08133246,212554.745613694,1.0,0.0,
22815.0,1268618.34359986,173440.108645648,3.0,12939.71299687622,9.468056388278491
22816.0,1267960.83076717,173443.175845653,3.0,31478.1535037202,10.357049044639467
22818.0,1282208.81375776,182111.891822532,1.0,0.0,
22819.0,1254205.71593709,206401.400647402,2.0,46591.99999999997,10.749184131556357
22820.0,1264783.23153192,211308.056524426,3.0,195185.85086074568,12.1817074649894
22823.0,1254200.65558508,206401.247111395,1.0,0.0,
22824.0,1262344.46602543,212303.278285444,2.0,1050499.0717653949,13.864775915654612
22825.0,1259130.13027813,217016.634002268,1.0,0.0,
22826.0,1260983.37495203,212375.289613515,2.0,1010045.6009450348,13.825506037248767
22827.0,1265016.75204416,208434.506505474,1.0,0.0,
22828.0,1280153.84383567,173080.394789279,3.0,159870.57748222488,11.98211987615123
22830.0,1280168.65151568,173749.30550997,3.0,119810.48185804632,11.693666455477508
22840.0,1263078.84285818,212700.239437848,3.0,79696.90704990279,11.285986056621299
22852.0,1259711.04151073,217444.826706707,4.0,18560639.674823515,16.736553749966752
22853.0,1259819.72439083,217540.507986799,1.0,0.0,
22854.0,1282842.77804641,188624.796405196,4.0,14824629.70868766,16.511800525044563
22857.0,1281988.18726154,188561.62955713304,3.0,8146907.179051285,15.913148925960572
22858.0,1281714.08082926,222190.745047569,1.0,0.0,
22859.0,1258254.99619724,193785.402938485,1.0,0.0,
22869.0,1279707.50937121,177729.215530038,3.0,47093.499880626194,10.759890263699937
22870.0,1279754.71730725,177766.711530074,3.0,54218.57902845257,10.900778915192681
22874.0,1279759.62738726,178355.440362677,1.0,0.0,
22878.0,1280738.25471626,218405.605011687,1.0,0.0,
22881.0,1287886.99629158,181526.03569392895,3.0,351660.9066902269,12.770422657010132
22882.0,1288169.98361987,181472.099117875,1.0,0.0,
22883.0,1262025.7602971,212290.942669436,3.0,393800.6068005355,12.883599986071033
22884.0,1262026.26327311,212310.231693447,1.0,0.0,
22888.0,1268163.51966338,183150.387119591,3.0,328915.9318753361,12.70355747088034
22889.0,1268154.01476738,182800.812015235,3.0,701480.936413204,13.460949002693104
22890.0,1267928.74852714,182803.714927241,3.0,289936.1728354438,12.577416084067607
22892.0,1289805.72838955,190450.045751065,2.0,7291.894379273387,8.894518651227578
22894.0,1289848.34771758,190891.54450351,2.0,378363.9996619329,12.843611973319794
22895.0,1289637.14272538,190881.322743505,1.0,0.0,
22896.0,1289639.69357337,190883.953655511,1.0,0.0,
22902.0,1293047.89972086,180780.65169316495,3.0,245119.24632157825,12.409500090797172
22903.0,1293044.46010487,180587.82231696,3.0,327326.5403297108,12.698713545896265
22904.0,1292635.59149644,180313.987244681,3.0,44303.92152098101,10.6988284740337
22905.0,1292660.96608847,180710.076717094,2.0,217.2676172019196,5.381129852696261
22906.0,1292647.83719246,180626.37937299896,3.0,30489.953061014865,10.325152500493246
22913.0,1276973.3502004,203623.721476555,3.0,93182.0,11.442309848973883
22914.0,1276954.77215238,203201.185604125,1.0,0.0,
22915.0,1269048.70884828,184040.0877285,3.0,52379.364737455166,10.866267990028158
22916.0,1276962.40005639,203621.602052554,1.0,0.0,
22917.0,1269053.0553443,184344.679344818,1.0,0.0,
22921.0,1267642.26481485,182845.067503273,3.0,197260.7781719892,12.19228187940535
22922.0,1267507.1434067,182771.436079204,1.0,0.0,
22923.0,1267963.39345518,182976.644335404,1.0,0.0,
22925.0,1277711.55800916,205892.412486881,3.0,54461.57503082433,10.905250686684033
22926.0,1277841.86680929,205969.691526949,1.0,0.0,
22927.0,1277990.04792945,205864.59629485,1.0,0.0,
22928.0,1277710.86149716,205897.78419888,1.0,0.0,
22944.0,1285693.83436933,197215.439997986,3.0,345152.5556375914,12.751741788530087
22945.0,1274088.88677345,208112.764361158,2.0,90916.58368023147,11.417697702252068
22946.0,1285519.92492916,196902.390461668,2.0,28300.50612875645,10.25063496787976
22947.0,1285694.17324933,197204.733693987,1.0,0.0,
22958.0,1274618.923446,192097.144824743,1.0,0.0,
22959.0,1279078.76197857,219704.98491701495,3.0,250423.87950553585,12.43091027909853
22961.0,1278951.13458642,219709.119765028,1.0,0.0,
22964.0,1286244.9776019,198145.125182942,1.0,0.0,
22965.0,1286277.06451394,198144.361022949,3.0,396121.0473488121,12.889475118650758
22977.0,1296970.72654088,178292.573354617,3.0,3463.27754878211,8.149970688110296
22979.0,1285968.51948962,197936.340798736,1.0,0.0,
22980.0,1297190.5115011,178220.96522654602,3.0,112519.85080719582,11.630884936680374
22981.0,1295774.63969165,176988.256041273,1.0,0.0,
22982.0,1285594.80435324,197940.398206741,1.0,0.0,
22984.0,1285570.2224012,198073.903166875,1.0,0.0,
22987.0,1280094.3222996,206645.605191648,1.0,0.0,
22988.0,1279256.15167475,218292.52840358,2.0,1056112.128317051,13.870104919729842
22989.0,1279546.42969105,206666.809543669,1.0,0.0,
22990.0,1279728.98181923,206657.695047662,3.0,198338.88377807155,12.197732380903727
22991.0,1277330.43538477,202798.764163703,3.0,4201615.052982636,15.250979545762851
23005.0,1272915.85726824,205401.111622378,4.0,1514756.4432765231,14.230765220487921
23006.0,1274348.24056572,196239.498748988,1.0,0.0,
23007.0,1273672.22354102,203988.794884935,1.0,0.0,
23009.0,1284805.12614442,208238.039049283,2.0,46591.99999999999,10.749184131556358
23010.0,1284796.87846442,208234.866761282,1.0,0.0,
23012.0,1284622.41331224,208191.257609233,2.0,62713.06645958193,11.046325101394041
23032.0,1255940.84432286,192740.636985406,2.0,18649.47107529205,9.83357306409564
23038.0,1255779.03165071,192474.25036113,5.0,139828.1666666666,11.848169566790157
23057.0,1284700.01420832,188290.959476858,1.0,0.0,
23058.0,1255957.94403489,192658.58002533004,3.0,54094.98635492489,10.898496786878827
23059.0,1256152.24189109,192653.140409321,2.0,56987.8688646037,10.950593697229044
23063.0,1255765.17833869,192458.276985124,1.0,0.0,
23064.0,1255778.0841307,192507.129849166,1.0,0.0,
23070.0,1285030.44332865,189190.386805773,2.0,12804885.629466796,16.365337345866916
23074.0,1284013.46073562,188252.220084816,2.0,13795979.701611798,16.43988778171362
23075.0,1286471.04768214,180078.487404451,3.0,279501.99999999994,12.540764727186751
23076.0,1286464.39942612,180067.594412431,1.0,0.0,
23084.0,1286607.28134628,179982.184428349,1.0,0.0,
23088.0,1255759.06224269,192506.615417168,1.0,0.0,
23100.0,1255754.22070667,192659.008825332,1.0,0.0,
23101.0,1259218.52938223,209803.027018875,4.0,15121875.87760976,16.531652986999596
23102.0,1259247.34851825,209679.63290675,3.0,132644.3068587532,11.79542644012811
23109.0,1286818.39021048,166959.883039013,3.0,509641.7035861349,13.141463215814271
23110.0,1289629.14080536,165443.00982146,3.0,46727.83333333333,10.75209526897293
23111.0,1290545.2816703,165420.934045434,1.0,0.0,
23133.0,1285314.36531295,187917.450100467,3.0,301963.3863631407,12.618061051799039
23135.0,1285973.01984163,187906.660404459,3.0,49696.22811472677,10.813684316140849
23139.0,1282082.78092563,186209.140146717,3.0,279501.99999999994,12.540764727186751
23140.0,1286656.27571432,188234.88120479896,3.0,9652873.061896576,16.0827661556248
23141.0,1282057.91154961,186215.436402723,1.0,0.0,
23143.0,1285969.19801761,187775.316148326,1.0,0.0,
23145.0,1264977.91153212,183177.378223613,3.0,372648.0,12.828389553329115
23146.0,1278094.87320955,176457.100968733,3.0,70634.13466391037,11.16526880045895
23147.0,1264984.77214013,183653.1662561,2.0,46592.0,10.749184131556358
23148.0,1264807.68849194,183658.374576107,1.0,0.0,
23149.0,1278092.26885755,176228.3481365,1.0,0.0,
23150.0,1274422.53240579,212048.540621176,1.0,0.0,
23151.0,1271673.78891498,177409.082345709,1.0,0.0,
23152.0,1278787.44332226,189708.31064631,2.0,178333.6821365165,12.091411693113821
23153.0,1284744.21715236,192851.088185519,2.0,16082.91697832014,9.685512930405606
23154.0,1284883.1303045,192659.440569326,3.0,365650.8195547658,12.809434112060638
23155.0,1284926.07539254,192905.544121578,2.0,23830.658170730792,10.078728189129372
23156.0,1260348.55466338,214436.531215623,1.0,0.0,
23157.0,1284336.13695994,193414.7750341,3.0,6450.5792131613525,8.771925206248127
23159.0,1283916.63513552,177606.909673914,1.0,0.0,
23169.0,1262808.23972189,197762.723390549,2.0,8440.9685234145,9.040852334965335
23170.0,1262581.52791366,197767.85785456,2.0,8980.715364638416,9.102834820109859
23186.0,1284962.41952059,174253.18275848,2.0,766312.7115887826,13.549345605087625
23187.0,1274902.45535028,190933.753079563,2.0,106584.02504338164,11.57668892060382
23191.0,1276301.19109571,173357.425381556,2.0,8203589.721946653,15.920082387409831
23193.0,1258476.67190947,217226.283858478,1.0,0.0,
23194.0,1258471.82582946,217227.891794488,1.0,0.0,
23199.0,1264022.82129115,185799.19870629895,3.0,895602.163589436,13.705251579502653
23200.0,1266904.1068621,186175.273458689,1.0,0.0,
23201.0,1263920.04657103,185801.03729830697,3.0,807895.4131216343,13.602187889919357
23202.0,1263922.73553105,186045.770418555,1.0,0.0,
23203.0,1264028.24874716,186042.524018556,1.0,0.0,
23204.0,1253701.45020857,216614.098065853,1.0,0.0,
23205.0,1253896.13289677,216355.275729597,1.0,0.0,
23206.0,1264668.5876918,191294.865911931,2.0,2753.2994794274287,7.920555282163851
23207.0,1262273.20106535,178272.0858666,1.0,0.0,
23208.0,1255952.99459487,207251.584968269,1.0,0.0,
23209.0,1262265.83562535,178272.927722588,1.0,0.0,
23210.0,1270115.91768138,191065.964151695,4.0,1705554.304592868,14.349400721197528
23211.0,1269608.97675286,191054.680055678,4.0,1489877.2517468724,14.214204293150171
23212.0,1286114.33580977,193492.684026182,2.0,93676.1908848202,11.447599336522849
23213.0,1270946.44881824,180466.307180837,2.0,10503.741223977882,9.259486779728846
23214.0,1266374.76471755,212026.24961315104,3.0,47383.078989458445,10.766020460604686
23215.0,1266363.83396554,211971.127373099,3.0,284712.44722001406,12.559234992788161
23216.0,1262293.38640937,174889.66346313097,3.0,499849.589162907,13.122062510474226
23217.0,1265762.11441292,191756.070712402,2.0,56696.109913704575,10.945460879138286
23218.0,1265702.42161286,191758.826232404,2.0,99151.3628253429,11.504402878940144
23219.0,1288593.41517231,192337.894969001,2.0,13102.037438409076,9.480523026745308
23220.0,1255213.53968212,202015.004866913,3.0,70920.13834294316,11.169309710876359
23221.0,1255618.50704254,201306.537474185,1.0,0.0,
23222.0,1259524.14064653,209164.255370229,2.0,16095435.496222,16.594046280206832
23223.0,1266596.28593378,211845.751308978,1.0,0.0,
23224.0,1266572.32766175,211845.230604976,1.0,0.0,
23227.0,1290714.98541448,181383.660333782,3.0,138532.31398932677,11.838858891398411
23228.0,1290714.27968648,181365.290925756,1.0,0.0,
23229.0,1259826.19939885,216629.215825871,1.0,0.0,
23230.0,1259891.19472691,216462.348689705,2.0,46592.0,10.749184131556358
23231.0,1260349.59895138,216241.761553481,2.0,134849.22590579774,11.81191258814204
23232.0,1260242.40131927,216167.255441397,1.0,0.0,
23237.0,1270825.1594101,189741.158390343,1.0,0.0,
23238.0,1255250.23811416,201300.758274168,2.0,4.0,1.3862943611198906
23239.0,1255180.68310609,201213.782082081,2.0,6.0,1.791759469228055
23240.0,1282921.9767025,199944.025792792,2.0,94072.26814688023,11.451818575942257
23241.0,1282896.37081447,199917.07238476,2.0,35439.13330159039,10.475571949047248
23242.0,1273887.87045324,216587.280849829,1.0,0.0,
23243.0,1289123.44301285,183306.038703755,2.0,4601.174718657731,8.43406692349614
23245.0,1259524.32106254,208832.259977892,1.0,0.0,
23248.0,1252709.95580755,210371.121675462,2.0,107465.10624660202,11.584921480803262
23250.0,1252715.40521556,210578.605515674,2.0,32308.89375339644,10.3830978197117
23254.0,1252714.44099157,210543.116747633,4.0,93200.0,11.442503000673682
23255.0,1252718.52105556,210533.119755626,1.0,0.0,
23257.0,1252560.9478714,210665.625035763,1.0,0.0,
23262.0,1265660.28190082,212123.180557251,2.0,60470.50562725103,11.009911014853783
23263.0,1265560.33201271,212266.812109411,1.0,0.0,
23264.0,1279763.97317927,217902.94619517,3.0,210141.80525701345,12.255537844940678
23265.0,1284646.29875226,204917.251077875,4.0,2519859.4867744907,14.739713698716532
23266.0,1281140.35334067,211893.813901022,4.0,88074.78606286627,11.385941574172895
23267.0,1277794.84063324,217414.730322674,3.0,213625.04763618053,12.271977643407595
23293.0,1289087.34989281,191264.676983893,1.0,0.0,
23294.0,1280496.12921201,212236.568781376,3.0,116786.54377750868,11.66810313535504
23297.0,1280451.77593197,212337.370061472,2.0,345.6404427002789,5.845399051785591
