Node ID,Longitude,Latitude,Degree Centrality,Betweenness Centrality
2.0,1272798.19742812,229164.418078706,3.0,3162099.6129348874
4.0,1281723.54604527,282410.519317225,3.0,82727.82026685282
5.0,1281884.72486143,282430.77122125,1.0,0.0
6.0,1276842.76677626,227487.097628996,3.0,26244.15301748242
7.0,1258877.97200587,249895.359603941,4.0,1098858.2180182778
8.0,1258234.31478922,249910.516403958,4.0,1355868.2318122473
12.0,1280456.64569198,212688.49274984,3.0,401795.4918110754
14.0,1271933.94097924,224815.773914248,4.0,51987.52635697723
18.0,1277381.21746482,215035.505424246,4.0,67816.15362124126
20.0,1283574.34284717,261045.015423357,1.0,0.0
21.0,1283809.09996741,261058.46521537,4.0,78039.88413772012
22.0,1262965.77060206,243687.401837572,3.0,71791.25040113757
23.0,1262421.63684151,243696.967469588,3.0,45371.11950247885
25.0,1267586.72785479,255298.186041474,4.0,1505759.3303519357
27.0,1285233.68665686,243221.913645104,3.0,28322.488114843087
30.0,1263108.5517862,234405.380708069,3.0,70016.95306020378
31.0,1262935.07281002,234409.333796084,3.0,72593.25941355308
34.0,1258800.58698179,246142.062000096,4.0,975447.6365021789
35.0,1258809.9760378,246596.084016562,4.0,627119.5844431502
36.0,1279401.98706689,212638.938061789,4.0,1973585.251641064
37.0,1279694.18789919,212782.37543793,4.0,2967661.683559469
38.0,1274815.57855019,214267.166415453,4.0,350037.1310984977
41.0,1278505.30936997,261207.579775527,3.0,6230.39130575923
42.0,1263738.66269885,193118.371449798,4.0,62743.61972411329
43.0,1263720.30877884,192449.732985109,4.0,962843.4629642202
44.0,1256988.76483594,256314.264378503,3.0,149709.04664762266
45.0,1256994.74377994,256567.370490775,3.0,92583.89376053616
46.0,1279509.896635,249937.870963976,4.0,198073.21001401937
48.0,1259622.40195863,247186.093681157,3.0,28605.312758124244
49.0,1259624.42359065,247281.280817255,3.0,5087.42583085861
51.0,1270458.83204973,249104.497331128,4.0,176411.9313772546
52.0,1263328.80791444,257652.461179882,4.0,91822.98614910296
57.0,1268277.31735949,172954.348773152,4.0,83823.53835059894
58.0,1267949.29604717,172956.300197154,4.0,31913.2793902888
59.0,1293112.80640893,186888.097779423,4.0,10138.662468728866
60.0,1292817.51437663,186607.558003128,4.0,94815.14943175064
61.0,1261062.79863212,189161.988277748,4.0,1018074.9577166148
64.0,1273788.08651714,287213.48905015,3.0,12649068.312435685
69.0,1291331.86477511,180568.431340948,3.0,347575.8843353265
70.0,1291975.29197577,180633.424301013,1.0,0.0
71.0,1282213.24518177,271972.505034536,3.0,530420.5859202005
73.0,1282715.23859029,233091.293474734,4.0,54791.56605346362
74.0,1282726.5535343,233531.437603176,4.0,749855.4549820537
76.0,1281551.9082851,226047.25077951,4.0,130696.23598291472
82.0,1280580.68646009,228267.878237784,4.0,617486.1929098892
83.0,1278378.23845784,237799.906727552,5.0,459617.3597808544
84.0,1278804.12933828,237789.334567547,3.0,47965.89629471496
85.0,1272824.73246816,230863.305760443,4.0,280971.6087059962
86.0,1273064.5368204,230856.854368433,4.0,298114.1211910755
87.0,1281381.10514891,275680.326734334,4.0,153006.34784418307
88.0,1281742.18412529,275669.226702332,3.0,20468.97378855236
90.0,1266257.47658943,170710.072738856,4.0,136510.87055876976
93.0,1264664.81015579,281906.94485271,3.0,63924.92795431092
94.0,1264668.0404918,282139.998484954,4.0,290712.7933293622
96.0,1264659.03127579,189769.788918361,4.0,453480.5645349065
98.0,1278429.63762589,278182.661904901,4.0,210113.1362557411
102.0,1267074.50084627,229257.475998804,3.0,396.2007952682044
104.0,1263233.93437834,233406.478499055,4.0,296235.9325824427
105.0,1284175.52505578,256967.10431517696,3.0,670624.3253098138
106.0,1284180.06182379,257310.038331524,3.0,686706.65030167
111.0,1274047.4515094,210438.22855553,1.0,0.0
112.0,1274103.81880547,210438.612683535,4.0,216581.10493126375
113.0,1276913.66789635,256953.11122717,4.0,303706.73673156626
114.0,1277566.93592902,256933.55941914,3.0,203942.80354597236
116.0,1257580.66192454,251728.783733815,4.0,108979.80213470652
128.0,1269429.16446468,275409.54510206,3.0,11497.40640798215
129.0,1293365.06900118,187098.91166763,4.0,9672.8748689488
130.0,1263899.44983502,239306.09303309,4.0,1099958.719410019
131.0,1263578.79197869,239310.656041101,4.0,515456.0374723163
132.0,1286124.69273777,250469.927988529,4.0,290747.6631561032
133.0,1286452.71635412,250462.30827651903,3.0,75306.04159280783
136.0,1281508.38476504,224727.104474157,3.0,42547.61408008333
140.0,1274287.39461365,263332.436417699,4.0,1401230.9181962842
142.0,1272089.89438741,224552.525785983,4.0,762246.4745137074
143.0,1277243.86668068,218532.477459818,3.0,78154.80086739195
144.0,1277236.76600868,218106.060627386,4.0,481001.1417247084
150.0,1266156.64676532,250609.36146067097,3.0,313110.87992124807
151.0,1280661.65382019,181065.626861453,4.0,260985.91026632112
153.0,1264359.95677949,190435.671095043,4.0,573464.8422208934
158.0,1270425.5919217,277388.989008084,4.0,981665.9048461842
161.0,1280407.09036392,275046.280397683,4.0,383166.9927902471
162.0,1280729.71046025,275034.756493673,4.0,89396.78985910518
164.0,1265288.06122844,256943.776891157,4.0,102201.26749299724
167.0,1267045.12235023,266826.329029277,4.0,56551.6104671421
168.0,1267048.67582224,267157.805381611,3.0,10530.691680448024
169.0,1268605.79934384,230121.900767684,4.0,169440.18131912115
170.0,1268928.17694417,230113.763999686,4.0,184684.73670582063
173.0,1266453.41284563,227664.082845166,4.0,111509.25609058209
174.0,1266226.6938694,227870.505373389,4.0,156979.22343408663
177.0,1268898.14552014,254213.515320361,4.0,3705480.947411525
178.0,1268902.42276815,254477.183736622,5.0,646623.842571007
181.0,1276301.07627971,265258.702851668,4.0,295111.48721672164
182.0,1276632.77048805,265247.812803656,3.0,223405.7780543189
185.0,1276780.9621042,267851.166214317,3.0,38318.19372460336
186.0,1277212.38085665,267460.401541919,3.0,104339.59794147949
187.0,1264704.14833184,249662.072947696,4.0,187530.6840556264
188.0,1264455.25706759,249709.06501174,4.0,166613.56240000503
189.0,1284829.67468844,196327.831229076,4.0,156092.36119719085
190.0,1284825.84198445,195963.298812702,1.0,0.0
193.0,1267566.30366278,254242.185528383,4.0,3563712.579923626
194.0,1267571.34635077,254506.137080655,4.0,443660.4607275118
197.0,1283089.70342267,271810.450250372,3.0,1682901.5331956972
198.0,1285276.7859849,187535.758260086,4.0,345769.9662351276
202.0,1258389.45718938,193259.14085793504,3.0,58493.1407904711
204.0,1272234.48792355,239077.257832855,4.0,107687.31303490292
208.0,1272767.9543561,247459.440881446,4.0,92479.25226839732
211.0,1284241.75916785,199241.687296063,4.0,956586.38484338
215.0,1280020.90937153,269028.75603953,4.0,786327.8456700324
216.0,1280024.75449152,269440.160391957,1.0,0.0
219.0,1275560.70565496,255996.255546182,4.0,273807.6214315158
220.0,1275569.99435897,256328.123322517,4.0,124501.81768956422
222.0,1278720.35884219,228743.301854283,4.0,57611.35170123558
226.0,1283111.4881267,210512.143755615,3.0,69861.52093800703
227.0,1275486.36498289,225729.493211195,4.0,348837.5904504152
228.0,1275808.3183912,225721.644507185,4.0,319532.61487522867
229.0,1268721.36894396,225187.020890638,5.0,13562004.962508528
230.0,1268504.63582373,225553.576923013,4.0,7386068.232410732
231.0,1271726.48536304,250747.195124805,3.0,43864.46883439737
232.0,1271871.00305918,250735.363508791,4.0,144035.0442348151
233.0,1269274.20971252,278213.279312938,3.0,43160.3511085793
234.0,1269769.50238502,278202.772432923,3.0,35516.33206090756
239.0,1268658.77854389,218394.933075681,1.0,0.0
240.0,1269023.34968026,218229.76315550497,3.0,242953.48962980468
244.0,1277708.74668115,234439.286820114,3.0,15150.54509360583
245.0,1279089.24946657,219611.869652927,3.0,257574.5376773813
250.0,1272495.44670781,230027.744479597,4.0,1202736.536522905
251.0,1272502.11633983,230448.031328022,4.0,662192.4354176623
252.0,1285134.09536076,248468.497586474,3.0,789.399550328995
253.0,1285043.06464067,248891.980338901,5.0,138187.29729180556
254.0,1276985.20280841,204502.511045456,4.0,190020.88893925052
255.0,1276982.64344841,204269.200517222,3.0,224786.37069770627
256.0,1277623.74751307,263231.847681597,3.0,12702.433950009843
257.0,1277624.75800908,263892.966786265,4.0,159770.73741674676
262.0,1280412.64773993,286682.726297602,3.0,46465.06930595332
263.0,1280774.4137563,286666.51144959,1.0,0.0
264.0,1274266.19845363,251901.893941984,3.0,18040.36046665722
265.0,1270620.42289791,190763.84069538105,3.0,696757.9454587726
268.0,1266570.15671775,170699.37987484,3.0,1017521.4654469262
270.0,1268779.37214401,181154.647981539,4.0,98603.50083248565
271.0,1265328.57719648,282120.576276928,3.0,161144.48375397013
272.0,1264958.0536761,282131.535956949,3.0,118924.0562737054
274.0,1280150.64466766,219085.027476385,4.0,311415.9608168653
277.0,1286694.78873836,184059.089008525,4.0,2940940.782281154
278.0,1287499.01971518,183045.515247479,3.0,5125890.39296622
279.0,1264549.93469968,169405.926049516,3.0,66040.01058653851
280.0,1264521.72810766,168731.543584824,3.0,8952.30008355556
281.0,1291730.76915951,187872.753652424,4.0,123846.84033279876
282.0,1291412.60768719,187395.802803934,3.0,279913.83811467735
283.0,1267292.28491049,172961.222757161,4.0,6145.008280113916
284.0,1266093.37226926,250037.735284075,3.0,17902.757913084413
285.0,1266208.31396538,250034.761524081,3.0,6732.233406499136
290.0,1266928.21111812,255582.142521754,4.0,139600.98515032203
291.0,1266931.30103812,255846.406394035,3.0,21643.33051380392
294.0,1278595.84197806,221615.352854982,4.0,2091672.365131053
298.0,1281584.93740512,258811.106877059,4.0,1229823.260682787
299.0,1282238.40102179,258789.689213037,3.0,888077.5082594916
300.0,1267564.49860677,189777.556278378,4.0,216669.6692842896
301.0,1267575.54942279,189001.198901579,4.0,212530.43905600192
303.0,1279806.76741931,179406.70788376,4.0,798022.4836167856
308.0,1277231.12396067,229510.68969506,4.0,174432.1248315323
309.0,1277402.08255285,229506.704799056,1.0,0.0
310.0,1282382.70316595,281526.143764332,3.0,5535838.94082015
311.0,1282382.88889395,282112.898516923,4.0,763239.0089070993
315.0,1284274.73350388,201536.872002423,4.0,80184.13206916128
316.0,1256378.51209931,191967.406904623,4.0,226442.35725162615
322.0,1256233.67869116,251223.321525291,3.0,22170.95280743917
323.0,1255563.68105848,251229.0350613,4.0,124244.1484206186
324.0,1277295.27832873,263903.880770281,4.0,211009.8592874673
327.0,1292385.86887218,186108.49073861504,3.0,1131978.136815516
328.0,1292367.65728816,185438.830385938,4.0,1459972.1865119685
329.0,1259633.64829464,247734.430513725,4.0,70082.29878158883
330.0,1259639.46717465,248017.00805001,4.0,1014765.106884082
331.0,1285362.333057,258416.643388659,4.0,277331.3992936792
332.0,1285257.01568088,244540.88273444804,3.0,229031.5178961311
335.0,1267070.45694226,233080.91587472,4.0,486131.2662648302
340.0,1262064.28253713,189803.961078405,3.0,21091.816368952037
341.0,1261695.93322477,189809.565046415,4.0,491514.02232911
342.0,1265299.62513246,280002.885650769,3.0,128630.15766718247
343.0,1265815.39742097,279988.021842748,3.0,48037.09568444749
350.0,1270424.67492969,274729.535949364,4.0,225837.4091513626
351.0,1270756.92101003,274724.504141361,4.0,132771.13417288923
352.0,1271075.48568237,248046.229746044,4.0,230760.6313014122
354.0,1274268.64037363,259352.550973624,4.0,2868922.884254961
355.0,1274270.37854964,259683.771133959,4.0,139395.9164606987
358.0,1276039.51608744,220853.143062204,3.0,148785.92238907146
359.0,1276350.46463177,220846.391766191,4.0,144966.90890861265
361.0,1277912.32402536,232775.428962409,4.0,326337.30159419705
363.0,1283068.69196665,253181.110583305,3.0,124707.48351671944
365.0,1263325.08906643,249002.108083025,4.0,373563.14815993846
374.0,1277866.49567331,236306.955302015,4.0,26059.08577411836
375.0,1270694.24363397,244460.160814375,4.0,162682.24312696702
376.0,1270708.24920198,244857.596718773,4.0,225557.19170326376
377.0,1265295.24785244,279597.910738349,3.0,210249.18213683343
380.0,1253983.31184086,251334.928885415,4.0,544665.8357105849
382.0,1269215.58187246,224984.423514426,4.0,3422380.992422402
388.0,1265701.59518087,234658.856292337,4.0,283561.62723237195
390.0,1264006.30391513,189239.119349822,4.0,188186.45415897845
391.0,1263993.59101911,188703.64568527,4.0,499961.62087321945
398.0,1270897.60376218,241414.757099256,4.0,935362.4365873314
402.0,1265401.32804455,246789.716208756,3.0,59111.53638969536
406.0,1273664.10021302,253277.453879401,3.0,50004.41903208444
408.0,1255185.96790609,196691.21503745,3.0,547069.4935945418
409.0,1286707.00787437,190644.988919258,4.0,2424084.117565509
411.0,1286481.12710615,208148.872841194,3.0,409079.5200715023
413.0,1266440.14225362,249498.323635533,4.0,99679.17807503184
414.0,1266446.57591763,249758.489139795,4.0,283858.275797367
416.0,1283484.21279907,170258.48899439,3.0,84778.0
417.0,1265791.09073295,233415.684899062,3.0,527381.5862822152
420.0,1269330.43435258,175897.508904159,4.0,1070442.71358719
421.0,1269314.81726456,175240.981991485,4.0,11556784.949980576
423.0,1275895.8339753,229116.870942652,4.0,737488.6906958211
424.0,1270424.7891057,274064.09966068,4.0,533365.801002788
425.0,1295065.35764293,181879.040238291,3.0,43182.67265972753
426.0,1295063.01409093,181766.504046172,1.0,0.0
427.0,1271597.3543549,276029.997902691,3.0,42988.35175540935
431.0,1263689.76682681,189779.23045437,3.0,8512.050740012217
436.0,1269341.94417658,270654.593993187,4.0,64334.95858850883
437.0,1269343.24568059,270760.100681305,4.0,57190.45220924607
439.0,1253507.26819238,251316.269493386,3.0,254290.0
444.0,1274158.20485352,235984.13379769,4.0,118330.61448292936
445.0,1274418.14136578,235977.720421687,4.0,129135.2790305226
446.0,1272906.37829223,218975.758996278,4.0,1115101.247876025
447.0,1272709.35442004,218127.068819404,4.0,938399.517887722
448.0,1286529.52659419,177929.980202243,3.0,75761.50223687348
452.0,1284128.65247974,179515.564331874,3.0,383073.65357386536
454.0,1275109.38770249,283198.371414036,5.0,636351.8414066911
455.0,1275121.70687051,284223.727639094,3.0,680239.1054632568
456.0,1295074.32839493,182562.836142987,4.0,361947.5576710025
459.0,1294962.68756282,186508.085107028,3.0,14680.593854392237
461.0,1283921.71654353,169768.209121883,4.0,154944.50374626106
464.0,1264656.87876379,281311.356436104,3.0,860633.3778552476
465.0,1277195.70501663,228634.615006164,5.0,940615.9235558194
466.0,1277218.07704866,229086.050782621,4.0,458462.5012177629
467.0,1267287.60676649,269144.023815647,3.0,3918485.219746468
468.0,1267733.78167894,269135.004487634,3.0,4243463.840698496
470.0,1279723.95423523,249274.821811303,4.0,561086.9460801164
472.0,1277089.34405652,213248.951246411,4.0,107126.411941507
473.0,1256780.54537973,189273.057269856,3.0,4047.17899762481
474.0,1256439.03888337,189284.340725869,4.0,317249.5391349588
478.0,1285007.17107263,176234.694888502,4.0,1120474.448044065
480.0,1277408.12946485,277475.041616172,4.0,160739.98574257872
482.0,1290000.39565374,171584.573283747,3.0,87201.1523096522
485.0,1265888.71089305,189775.082166374,4.0,156218.8241356868
486.0,1265721.55114888,189773.390262365,1.0,0.0
487.0,1276937.20850436,258610.386748865,4.0,64498.65340779371
488.0,1277347.38552879,258597.844476849,3.0,30163.88911347482
491.0,1285146.49030477,178860.411435202,1.0,0.0
496.0,1277763.52018522,216685.932561934,6.0,531923.4178424316
498.0,1274853.81765424,251630.758645713,4.0,100636.85625621896
499.0,1275298.70815068,251615.483125702,3.0,66170.17735109432
502.0,1268590.53822382,227026.243932515,4.0,804549.9154317843
503.0,1268807.25924805,227264.457372755,4.0,105520.96450180144
504.0,1271259.15096255,224060.90402548,5.0,4025543.448085911
505.0,1271535.74654683,224224.612377644,4.0,1250317.8687673465
506.0,1272508.91057983,238184.070375949,4.0,182565.25636983235
507.0,1272819.20523615,238177.726503938,4.0,247287.18637788357
509.0,1264679.54801181,247127.6282731,3.0,42784.974921257
512.0,1274868.03320625,228805.854878336,4.0,122369.97173688257
513.0,1275190.17823058,228803.149150342,4.0,126468.68507336202
514.0,1263795.43626691,235272.85539695603,5.0,330747.6035950054
516.0,1295062.20506693,181712.482798114,1.0,0.0
517.0,1295054.80647492,181218.71972560897,3.0,677667.8014671272
518.0,1287004.41344267,176864.766825154,3.0,163848.00820249232
519.0,1286923.83942659,173249.976805449,3.0,198446.61760981035
520.0,1287343.63616303,173240.263909444,1.0,0.0
523.0,1268606.11627184,187801.835508347,4.0,72985.3580322704
524.0,1268605.95351984,187635.203572184,1.0,0.0
526.0,1280956.54495649,214363.134031549,4.0,305164.4694229746
531.0,1267877.01931109,190436.520183057,4.0,602489.2410873688
532.0,1267904.10718311,189778.89714238,4.0,239457.25988585435
542.0,1281239.68511677,224737.516826168,4.0,102599.10627861018
543.0,1281252.54111679,225156.256474599,4.0,91464.34160973049
544.0,1258719.02838971,193250.571001932,4.0,141163.95245883655
545.0,1264828.29213996,199043.09119986,3.0,24707.10368512555
546.0,1264811.80855595,198383.639807194,4.0,1801184.3415459057
547.0,1260266.3645833002,245117.468207046,5.0,3220643.2551081413
548.0,1260213.23050325,245141.546607062,3.0,103914.19844477825
550.0,1267245.47755045,240493.965354308,4.0,4444159.653496968
551.0,1267896.38308711,240335.843946144,3.0,2316752.3809196968
553.0,1263269.02391437,170318.038434446,3.0,65371.12068534559
554.0,1263262.67025037,170056.866018176,4.0,393988.3839428355
557.0,1278275.63199374,221030.702102378,3.0,40670.887093574034
558.0,1278269.68351373,220700.624022037,4.0,1942424.811878824
560.0,1270691.65995397,179156.114923492,3.0,170874.08775297232
564.0,1295737.66010761,183058.505711496,4.0,142181.95168497434
566.0,1283687.82195129,207822.11533685,4.0,1115625.6027972675
571.0,1265938.5218371,255606.07551378,3.0,94385.21468925566
572.0,1265947.02020511,256271.109626472,4.0,111739.32947687994
574.0,1280769.86162829,180042.741420403,4.0,584924.9324231956
577.0,1271248.29765055,257452.468795672,3.0,403526.05506364646
581.0,1273747.03346109,209867.885194942,1.0,0.0
582.0,1273421.71026076,209504.543050572,3.0,84777.99999999997
583.0,1266641.30257383,237122.795878857,4.0,501800.9388727742
589.0,1286965.86233863,175227.366503477,4.0,83227.32485365946
590.0,1287392.12985907,175218.962023467,4.0,99223.34280752113
594.0,1286718.44781038,206202.124807194,4.0,44299.30424869255
596.0,1277868.27717732,214424.606735617,4.0,474617.6322124326
597.0,1281492.60358103,282971.8610138,3.0,391139.1979381273
598.0,1281725.54802927,282964.120853797,3.0,340844.12078960927
607.0,1264432.75517957,266894.063109338,4.0,226123.9084963703
609.0,1272160.22853148,235846.950693548,4.0,44701.10503097184
610.0,1272871.12837221,253435.45522356,4.0,173003.5844478242
611.0,1273010.55627635,253430.246199563,1.0,0.0
612.0,1272711.20581204,221514.629910871,4.0,60345.89685071122
613.0,1272873.47448421,221510.667030871,3.0,11339.021097067129
614.0,1275377.21362276,260313.907006606,3.0,131124.4394008746
615.0,1275375.74904677,260645.291198939,3.0,93692.08322296278
616.0,1273548.29074089,254859.931705013,3.0,30379.71867344394
619.0,1278522.01701799,246290.46782425,3.0,121806.13688141391
624.0,1284750.94880037,244032.86801393295,3.0,37944.60030852665
625.0,1285410.53702505,244018.709613919,3.0,4291.951523410808
626.0,1281762.71129331,192427.918073088,4.0,376844.4276340939
627.0,1282047.6392296,192421.466681078,4.0,557105.8997596065
629.0,1287655.83469135,205118.82970207895,3.0,271810.6679053695
630.0,1285231.73651285,207374.550280392,4.0,160641.98404985163
631.0,1285541.55155317,207371.084424391,4.0,178220.40042483585
632.0,1269706.14161696,247540.63825751803,3.0,69322.81112530794
633.0,1270104.52600136,247532.551345512,4.0,133217.64787236662
634.0,1289169.1262769,187102.230259642,1.0,0.0
635.0,1289324.94458105,187212.033203751,3.0,42391.0
636.0,1263746.34154686,265588.091332003,4.0,173938.49492115906
637.0,1263752.12100287,266252.07456468,4.0,205580.93032897796
638.0,1282572.55487813,251207.273973286,4.0,1479838.2338738448
639.0,1282531.2573421,251875.777845964,4.0,1400790.743458462
640.0,1263453.81521057,246582.64606455,4.0,312667.7101095041
643.0,1277712.62162516,271174.19565773,4.0,5374235.498516999
645.0,1284189.3688958,169761.48668988,3.0,44344.43903121772
646.0,1284181.11596778,169365.427169472,1.0,0.0
647.0,1278152.40389761,180077.18065243997,3.0,120844.61084113966
648.0,1278350.36056982,180073.398828432,4.0,229575.9172972113
649.0,1266618.9636938,285402.500824302,3.0,225682.46908194173
651.0,1268593.18615982,189782.072630376,4.0,836014.6972904584
652.0,1268262.18878348,189780.61925438,4.0,549574.994315615
655.0,1267516.23684672,285693.206616595,1.0,0.0
656.0,1267824.36548704,285716.033368617,4.0,432850.88005678233
657.0,1275640.79410304,218148.40174742,4.0,582800.4645928812
658.0,1277567.35423301,277137.206671834,4.0,217997.12127839995
663.0,1285346.42560098,200220.971073076,4.0,494310.0268013448
664.0,1285429.78764907,200221.019649073,1.0,0.0
665.0,1282369.93516593,270131.936584651,3.0,58191.782817364045
666.0,1282554.85113412,270128.281416655,3.0,87358.54242468109
667.0,1271340.65803464,210534.727691635,4.0,551701.0480748047
668.0,1271758.32158707,210225.575755313,4.0,415011.2660169707
669.0,1260832.25021587,280444.241747215,1.0,0.0
670.0,1260848.00643989,281416.374612212,3.0,254290.0
672.0,1294392.89306624,187654.499828205,3.0,42660.6541990524
675.0,1277240.30764067,180084.117676452,3.0,49355.598234080426
676.0,1277229.44120866,179751.671148106,3.0,30079.877314063662
681.0,1280641.68799616,169229.990433335,3.0,129583.22989295014
682.0,1280626.61913215,168590.222624674,4.0,91426.88992966422
686.0,1275186.57451858,228376.773341894,4.0,251380.90593344325
687.0,1262189.41943327,248760.33822678,4.0,88772.2458238151
691.0,1268781.77105601,225717.459099174,5.0,583455.4447777737
694.0,1262396.96036148,260995.117567301,3.0,79106.30000354451
695.0,1281390.39679693,221947.84923932,3.0,1550455.7361560992
696.0,1281312.99730885,221937.069399312,4.0,3226458.9224349307
698.0,1267610.81278282,256887.418747097,4.0,177789.11070494817
699.0,1267610.24683082,257151.780411363,4.0,92595.80767344208
700.0,1261883.11658496,255703.289913878,4.0,291476.9797676701
701.0,1261893.34391296,256223.160890415,3.0,16167.985674465835
702.0,1272121.95237143,238904.490152687,1.0,0.0
707.0,1284061.02035166,278787.269009516,3.0,396578.3659528385
709.0,1269571.68286483,186146.271218657,3.0,200250.2388264576
710.0,1268244.96145546,186142.112754658,4.0,362174.9313181452
711.0,1287362.97241904,190519.102327138,4.0,1990814.542501924
713.0,1292320.59079212,182247.275054663,4.0,162392.9263860105
714.0,1292660.47034447,182423.06705483803,3.0,1506482.6159025347
715.0,1271750.57419506,271577.314570144,3.0,45532.50162686972
716.0,1271750.32318705,271868.492810443,4.0,740453.9467169273
717.0,1280478.114492,216851.229458094,4.0,188773.11328542227
718.0,1280467.64236398,216296.429713532,4.0,140235.347849817
720.0,1284178.23865578,236472.720102191,4.0,105586.05466340884
721.0,1284192.4590718,237054.363622785,3.0,48990.97069455013
724.0,1268960.7963362,259167.991613433,3.0,129724.33683735156
731.0,1270941.67749023,204382.903685331,4.0,3211386.575586521
732.0,1265869.43799703,227481.57302098,4.0,5166530.689067297
733.0,1266009.84746918,227632.347037137,4.0,180711.0307301638
735.0,1258662.09482165,189865.245366469,3.0,6160.427730282658
736.0,1277818.68344927,281510.510932311,3.0,276617.68840985605
737.0,1278327.1089218,281279.943444073,1.0,0.0
739.0,1268997.22865623,244890.673710808,4.0,125512.32584196524
740.0,1269004.50059225,245160.535087094,4.0,159491.85330299343
741.0,1266619.2927818,285111.763543993,3.0,150552.2993900166
742.0,1291968.23751175,184819.075697303,4.0,1225820.4972455262
743.0,1292277.00621608,184760.061681241,4.0,359768.8535020198
755.0,1272898.62667623,227157.112092659,4.0,47754.56785070636
757.0,1279697.2616912,216987.514962241,4.0,160000.95460698655
759.0,1282494.03699006,276781.163087472,4.0,127163.99999999996
760.0,1282629.7023982,276703.634703383,4.0,667057.0736032338
766.0,1282299.23980586,274260.703564882,3.0,137185.01118378798
767.0,1290318.35827807,170361.277858496,3.0,18871.89362607126
768.0,1280716.89746824,253227.928695351,4.0,197685.85142982457
769.0,1280714.74822024,253891.970040023,3.0,272603.3312661328
770.0,1271005.79781029,187333.955187872,3.0,1440.1597532140129
771.0,1270986.61150627,187103.556019634,4.0,3512592.3993933774
772.0,1269903.3023211698,230515.122784093,4.0,309410.8984340275
775.0,1264351.50237948,189769.16255036,4.0,413676.3572599625
776.0,1264075.53341919,189773.360758364,3.0,45337.93742653386
778.0,1279987.27033149,212926.245518073,4.0,3744944.253618129
779.0,1286714.43334638,205942.156486928,3.0,48322.54953038899
780.0,1286710.41369838,205681.860102668,4.0,387004.646507726
785.0,1281985.81062153,281618.050708413,3.0,5450875.292672913
788.0,1258422.4030454,191575.782008216,4.0,26452.19597539301
789.0,1258441.84029342,191232.876535863,4.0,1107186.4111123877
790.0,1271510.85944282,249880.248371914,4.0,138195.22844648996
792.0,1262097.13354518,281419.435348213,3.0,339860.7370344152
793.0,1262086.16637716,282020.228436828,1.0,0.0
794.0,1292824.15572064,183118.202799559,3.0,62975.29139671765
795.0,1292562.79898436,182897.03166332803,3.0,1306497.6797712112
796.0,1282787.14431836,235723.494565427,4.0,476416.2581441748
797.0,1282790.52095836,235870.301029578,4.0,426927.9778706184
798.0,1265067.05015621,243130.16874900495,3.0,38840.31866885872
801.0,1282209.94662176,256466.796602666,4.0,111106.03749494231
802.0,1282219.40364577,256730.659898937,4.0,57057.07242811079
803.0,1275714.01899911,221448.628438801,4.0,1755881.6652136196
804.0,1275707.4380071,221142.690070495,3.0,48077.84218732198
805.0,1277925.41650538,236746.605350465,5.0,129832.8374411749
806.0,1277932.01394539,237012.517926738,4.0,140034.1610162122
807.0,1281644.54687719,243837.773613736,4.0,71373.86310117322
808.0,1281654.06194919,244087.396781996,4.0,66815.54570622617
813.0,1274530.8061979,252146.087030247,3.0,110259.16274091412
814.0,1286689.02169836,196379.124413133,1.0,0.0
815.0,1286689.02035436,196076.562684819,3.0,44319.86404708866
821.0,1263319.25476243,280190.243538961,3.0,169542.0
822.0,1263324.65597843,280497.480787277,1.0,0.0
823.0,1273029.14674036,194345.72300306,5.0,181802.17876600256
824.0,1273696.43352506,194329.89721103,4.0,109032.50937026036
825.0,1278504.65420197,207178.265864193,3.0,229406.86528140333
826.0,1278492.06629796,206736.903879747,4.0,159152.39166706585
828.0,1261023.60612006,258364.868924603,4.0,1252039.609555781
829.0,1254647.97910555,257051.33381927,3.0,65456.6963452064
830.0,1254483.27638537,256905.865275115,1.0,0.0
833.0,1281067.6005086,179370.11447571203,3.0,463209.9837968245
834.0,1281063.6060766,178776.62980310604,3.0,108918.44076988495
835.0,1293838.11303367,185779.690226287,4.0,73067.87136728714
837.0,1295429.4267633,182554.277102977,3.0,344192.1564057778
840.0,1269572.38200082,254853.197113007,4.0,6522006.453704679
841.0,1272955.57278828,224353.273881778,4.0,710692.2530096486
842.0,1272799.82110813,224616.738586053,4.0,1469123.872434255
843.0,1270549.05329783,223996.000921413,4.0,398773.6094794151
844.0,1270826.14923412,224160.04623358,4.0,533363.8514420347
846.0,1263439.52913055,234398.00310806895,3.0,86889.14122146876
847.0,1275940.43915935,213966.94721514,4.0,334000.93259404576
850.0,1254231.45308912,250710.786740765,4.0,1241783.409095575
852.0,1273067.6309644,243919.856109813,4.0,96528.47650039676
853.0,1289223.68883695,187355.14936389,3.0,149160.10673604155
854.0,1289469.5810612,187527.238900065,4.0,159765.0337322199
859.0,1271791.2407551,241815.48727566,4.0,70847.6984571155
860.0,1271803.53963511,242245.374252096,4.0,44739.72642790628
861.0,1274209.36946158,254578.205560729,4.0,64730.01732866591
862.0,1277322.03711276,233501.659427151,4.0,825871.8573871406
863.0,1277338.44063278,234117.568611786,3.0,809821.9409847844
868.0,1257791.34589276,190622.339703247,4.0,280520.3815348698
869.0,1257822.8799088,189892.353270486,4.0,89146.05998842933
870.0,1274938.40248632,258670.193724915,4.0,75888.32346965396
872.0,1260506.50122355,252369.943862468,4.0,131047.06813991614
873.0,1260518.55728756,253032.286071151,3.0,25451.376972653823
874.0,1270290.9661935605,230496.06704007095,5.0,111436.64892972136
875.0,1266640.67729382,241275.201323107,4.0,200380.49133646497
876.0,1266805.473518,241235.02685907495,3.0,48289.13731327858
878.0,1277104.04120854,216379.337681621,4.0,307253.48161161755
879.0,1274222.12011759,255700.761657879,4.0,28340.058934854955
880.0,1274886.81464627,255682.602937862,3.0,37831.73033032401
886.0,1266028.8323652,245223.755439147,4.0,186670.32142947763
887.0,1286787.35616246,207784.488456815,3.0,22114.620100312648
888.0,1271486.83749078,250623.743924677,3.0,11297.499051918436
893.0,1276390.5747758,222964.136216357,4.0,726193.196089838
899.0,1278703.22796218,249952.372595996,3.0,302680.29917009186
900.0,1278708.14917818,250625.829556689,4.0,251865.7095381895
901.0,1282885.17497446,257507.21215573,3.0,34903.14835545223
902.0,1282891.64019047,257769.252284005,4.0,906922.00135361
905.0,1265966.15370913,172654.015396848,4.0,526959.280511504
906.0,1265958.71210912,172006.872996181,4.0,694624.0686973959
908.0,1263665.18647477,188710.069237277,4.0,665356.3369169281
913.0,1278757.95455423,186882.893747404,3.0,139916.19571023207
914.0,1279608.4019791,186903.909811437,4.0,198417.25093085365
919.0,1280148.67679566,247938.044913933,1.0,0.0
920.0,1280294.39634781,247934.995057926,4.0,155216.30411594058
921.0,1262410.5652895,193144.121721819,4.0,168516.45834085037
922.0,1262078.38192916,193150.612153828,4.0,1202604.5141212083
923.0,1260258.56995928,253036.461879149,4.0,578273.2808683614
925.0,1266414.01860559,266841.081925288,4.0,196782.38066767785
926.0,1267638.48331085,242269.915820122,4.0,358893.2938888147
929.0,1276619.54348004,231258.776480854,4.0,317717.2836576254
930.0,1276467.92267989,216704.788177952,4.0,93806.28716742006
931.0,1276460.17733587,216394.97678563,4.0,73386.45889010547
932.0,1275859.40191126,227509.58876501,4.0,139699.84455742477
933.0,1275867.55839127,227850.608093366,3.0,71188.44521720138
934.0,1254160.14480105,248164.371890157,4.0,70897.184547288
935.0,1254169.42102505,248484.428338498,4.0,399404.8116373447
938.0,1269627.57156888,259483.02086176,3.0,78540.44623187066
942.0,1267371.65252657,245724.52145566,4.0,425341.996452733
947.0,1277588.85548103,259914.532478198,4.0,151501.11816669168
948.0,1278249.77119371,259893.569918171,4.0,78990.03449368109
949.0,1270467.84024175,194617.312635332,1.0,0.0
950.0,1270472.75947374,194303.642363012,4.0,159013.7432711606
951.0,1285525.88492917,206518.684551522,5.0,183547.09641074904
952.0,1285741.67648138,206516.327879518,3.0,31673.98906381899
953.0,1269388.25182463,245683.26763162,4.0,89630.06916638663
954.0,1269394.75672065,245943.249071896,4.0,106610.07092131209
958.0,1272245.37374756,228392.39964591,4.0,362994.2464860687
960.0,1260933.56695198,253690.89631182,4.0,543949.8168648289
962.0,1288859.49997258,189174.885557756,4.0,793015.277156009
964.0,1290153.31232589,186903.120755434,3.0,242764.12385364712
966.0,1267329.92324653,228173.007709697,4.0,237960.92765709615
967.0,1280437.59519595,254932.723513097,3.0,167928.47710470646
968.0,1280437.43807594,255192.750905365,3.0,489924.8267641403
969.0,1267698.1971029,232425.861090049,4.0,647675.2783870976
971.0,1278876.28076236,221117.867926463,4.0,1805973.7497927395
972.0,1278859.29554634,220678.624726012,3.0,120329.2805893051
973.0,1281483.07442902,192236.043832898,3.0,84778.00000000001
975.0,1272886.75070822,225735.291739196,4.0,575604.1565898763
977.0,1266955.07755014,257879.702524111,3.0,20288.601439320777
978.0,1266959.11134215,258224.718268469,4.0,64090.8101376767
981.0,1262364.79312944,190179.431094781,4.0,93108.04061825364
982.0,1262165.35652123,190182.502006784,1.0,0.0
983.0,1259830.98122285,260338.592638627,3.0,965943.098059488
986.0,1273244.67224458,228819.869278356,4.0,396505.3145331416
987.0,1272680.45458001,216577.198865816,3.0,84778.0
988.0,1273198.43320453,216566.881937802,3.0,154444.6860382601
991.0,1263591.4097707,267578.520774037,1.0,0.0
992.0,1263449.36900255,267582.420038044,4.0,70073.39578893693
993.0,1276907.93330434,260810.255103111,4.0,714799.6514350967
997.0,1266291.24951747,241331.728427172,5.0,415499.88743091474
998.0,1285947.29286559,187031.915443569,4.0,69922.17635169695
999.0,1286609.27411427,187010.819315538,3.0,233018.4811621309
1003.0,1266194.47242936,194391.616891101,4.0,232588.937132354
1004.0,1271848.43621115,215073.248464271,3.0,75326.3874806624
1005.0,1264710.17489184,262879.583297238,3.0,137398.4010602554
1006.0,1264381.02564351,262869.526529223,4.0,678514.2487498912
1010.0,1275443.51954284,213608.822606772,4.0,668569.8095534301
1011.0,1280719.01260424,252567.885430679,3.0,130991.21160441272
1018.0,1279798.12108329,179088.30141943702,3.0,8260.923092882853
1019.0,1279790.52101929,178814.896107152,3.0,44215.98994623649
1020.0,1288266.68128397,188702.694901273,1.0,0.0
1021.0,1288452.77536416,188498.908917069,4.0,107313.03955553228
1024.0,1279081.75538656,284365.242071226,5.0,13890219.535683062
1025.0,1279082.32626656,284566.48936744,3.0,1228361.2471745447
1029.0,1264279.18263541,255363.197433531,4.0,585877.8921408798
1030.0,1267750.25444695,243925.594925821,4.0,95977.6151222568
1033.0,1259824.43171884,189510.459382102,3.0,48362.09408848676
1036.0,1278751.51161022,229208.70966275,4.0,59673.62894334176
1037.0,1279073.36005856,229200.171614751,4.0,131193.75928114494
1038.0,1277766.02245721,217553.646354824,3.0,26850.33720581484
1044.0,1279678.11807518,220274.20789361,4.0,170771.7560591434
1045.0,1279937.87410744,220264.137685597,5.0,177336.82663365503
1046.0,1265221.47306837,228783.98876631295,3.0,78035.11633875946
1055.0,1277008.40031244,221726.93199108503,3.0,98675.31627994748
1056.0,1279390.77740288,198383.339263186,3.0,120400.82002777966
1057.0,1279191.71282667,196789.604221553,1.0,0.0
1058.0,1290691.64064646,185503.082225993,3.0,539253.4963310196
1059.0,1290570.92499833,185372.543729872,3.0,613662.5805614272
1060.0,1285078.9313927,197223.244798005,3.0,216729.0645451929
1062.0,1282826.54611039,255131.832697302,4.0,411341.80019538046
1064.0,1285468.6143371,250485.063476533,4.0,297493.825758092
1068.0,1276855.52229628,236031.41616573895,3.0,203398.75545999827
1069.0,1277058.58885649,236174.732837886,4.0,264643.9227727274
1070.0,1284508.23206411,236464.000294179,3.0,35874.434895182814
1072.0,1265727.26340489,235588.590949282,4.0,142315.15400539368
1076.0,1278420.90828189,228751.501598284,3.0,76108.9565401826
1078.0,1269209.61835246,264648.832067043,3.0,55435.48853440562
1079.0,1269197.34475245,264770.000131175,1.0,0.0
1080.0,1282556.31475012,273910.26004453,3.0,151107.48365978774
1081.0,1282570.04633413,274247.396812871,3.0,59747.24483394753
1082.0,1262911.98493801,233414.531299055,4.0,146510.7391026244
1084.0,1281637.60857318,210553.06983564803,3.0,1002516.8989448224
1086.0,1271621.78443493,204880.428293839,4.0,1897315.8748598464
1087.0,1272192.45227551,204626.83462958,4.0,2554530.1289449893
1091.0,1267576.39358278,254770.295352921,4.0,151847.72639303052
1092.0,1268242.51921546,254757.32524091,4.0,129327.23202955438
1093.0,1276859.13356028,227912.961629421,4.0,45140.15444876814
1094.0,1277169.81797661,227910.942237422,4.0,809497.2640712268
1097.0,1271643.65675494,263405.83123377,4.0,194782.8539091252
1098.0,1271645.60721895,263721.61504209,3.0,125448.93573351964
1100.0,1271841.92209914,243578.124525473,4.0,52323.520119826055
1102.0,1268627.63883185,230973.370528564,4.0,4389379.860950654
1105.0,1265118.42372426,235270.268452957,4.0,91928.26820247856
1108.0,1287905.3168036,186128.838514641,3.0,187191.0140511497
1110.0,1272361.91121969,205416.638534397,4.0,459273.74962024734
1111.0,1280673.6691802,213573.513294742,4.0,55329.839801750735
1115.0,1286390.69715405,251126.952949196,3.0,2760.1169235206225
1117.0,1279984.76050749,231725.85264132905,3.0,240402.54901287
1118.0,1279994.4947155,231998.426849604,3.0,95621.85789433992
1124.0,1278948.95052242,264510.9366429,4.0,244468.96119441168
1125.0,1266044.35761321,236201.929957911,4.0,86966.66189951914
1127.0,1263505.25111461,197093.292925864,3.0,518816.22368175606
1128.0,1263490.3974826,196439.091517195,4.0,621984.741995026
1129.0,1283319.2997749,276721.724559411,3.0,84777.99999999999
1131.0,1265300.61924446,172324.304420501,3.0,531210.6270950683
1133.0,1292722.44992854,188390.52133294896,6.0,117585.51578146564
1134.0,1293776.68365762,187818.393844366,3.0,32349.114651806907
1135.0,1273113.53240445,284402.810583279,4.0,87122.46695578948
1136.0,1273115.95269245,284584.235735461,3.0,728396.0247710607
1137.0,1281123.81926066,280597.748307377,3.0,84778.0
1138.0,1281289.24178882,280585.281811357,1.0,0.0
1139.0,1276287.04415171,283151.567701995,1.0,0.0
1140.0,1276687.22706412,283135.66613397,4.0,156108.9043190399
1141.0,1265884.45175704,190432.730807051,4.0,236549.6951893005
1142.0,1265547.0488767,190440.155639052,4.0,124488.84630467554
1143.0,1266940.57367814,256639.310330838,3.0,3888.7910676306014
1144.0,1266943.66123013,256903.430523112,4.0,156602.0155880782
1146.0,1266650.29438183,228791.152094319,4.0,89715.27270649919
1147.0,1266424.0107336,228996.977822542,4.0,64871.15403023227
1148.0,1279534.87423503,256265.78284245697,3.0,109187.8014191093
1149.0,1280225.95359573,256246.346554443,4.0,59145.3451658505
1154.0,1253587.65251246,249140.909683168,5.0,1568714.049882213
1155.0,1253358.55555223,249146.480179176,1.0,0.0
1157.0,1275362.68965475,217628.571410894,3.0,3608.663985668411
1158.0,1262803.79946589,235292.416036978,4.0,96964.78467636634
1159.0,1262816.58487391,235734.576229438,4.0,130179.07487258669
1162.0,1273762.54622911,267224.666821688,3.0,1019551.9876699238
1163.0,1274316.28722169,267301.797893763,4.0,91105.9765062954
1164.0,1271703.57432301,246551.706800506,3.0,587591.729048708
1165.0,1272007.12849931,246683.24792064697,5.0,598073.7358570349
1166.0,1282036.54348558,247899.243825898,4.0,126804.35909936724
1168.0,1270929.08536221,230892.159712479,4.0,161909.8052273403
1169.0,1271245.62213054,230887.318880469,4.0,154511.76369995292
1174.0,1256771.70915572,251732.598069817,4.0,93874.03970790777
1175.0,1256507.73987545,251734.890677825,4.0,143479.17064701105
1177.0,1277779.45746523,222442.761303827,4.0,698603.11647768
1178.0,1265461.55626862,236834.903398558,4.0,257180.6446078704
1179.0,1265761.49265292,236828.365734562,4.0,40686.714374594834
1180.0,1271695.632691,268049.309190527,4.0,432048.0398570945
1181.0,1271704.87217902,268441.698118925,3.0,123661.7155745012
1182.0,1266427.4920136,248978.48510699,4.0,228477.32671047564
1183.0,1266433.83287761,249238.650291264,4.0,74042.78699210254
1186.0,1263667.05425078,258302.658748552,4.0,201167.2779832239
1187.0,1263677.14909878,258966.675133228,4.0,235246.25909508552
1189.0,1278899.93721038,262802.886273161,3.0,186368.9250048122
1194.0,1263872.01156299,233390.008099034,4.0,688170.0600529462
1195.0,1266897.83422209,286491.637145415,1.0,0.0
1196.0,1267167.21655837,286487.6450174,3.0,43021.98730158728
1197.0,1270438.87633771,279376.068370119,3.0,23017761.201995827
1198.0,1270441.27204971,280040.629010811,4.0,2547899.3870883263
1199.0,1270424.5706097,276724.01787141,4.0,338793.6012463549
1200.0,1270664.67217794,276720.270159408,3.0,43751.33066175407
1201.0,1295080.59181894,183156.003247589,1.0,0.0
1203.0,1270423.73534569,275622.803534284,3.0,63073.98695561336
1204.0,1266197.94583736,252121.445686221,4.0,309164.976372067
1205.0,1266864.60625406,252107.697014198,4.0,395774.14506779663
1206.0,1271431.84024273,270051.769096583,3.0,8328.815050780851
1208.0,1280759.81074828,232296.356065914,3.0,42626.333333333336
1209.0,1281019.58386855,232285.464673907,3.0,2738.399435287819
1211.0,1275121.67704651,213617.190350786,4.0,1437593.3669728178
1214.0,1271728.73169903,194686.6209234,4.0,53295.75910752075
1215.0,1272388.64017971,194670.990715384,3.0,69479.9325815859
1216.0,1280410.21535592,245946.025647894,3.0,63005.71130171485
1220.0,1287379.74080306,191213.027831852,3.0,281385.0276133611
1221.0,1287681.06790736,191203.205623835,3.0,80894.11050450278
1223.0,1261484.55696854,235318.263077006,4.0,200543.9272833852
1224.0,1261159.14359221,235324.746021017,4.0,166956.66250417428
1225.0,1280605.79698813,248593.499634609,3.0,42095.2069685536
1226.0,1280752.77996427,248590.666994601,3.0,6934.7455379660105
1227.0,1267645.48855886,260058.240830347,4.0,163589.5651080118
1228.0,1268307.50135954,260042.312062323,3.0,188608.00583836
1230.0,1267613.32721482,257416.060731634,4.0,66694.26086478228
1231.0,1267616.39806283,257679.572027907,3.0,54995.66731979909
1232.0,1274242.27723761,203078.006724,3.0,8960.690018663989
1233.0,1274236.08133361,202838.197123751,4.0,117769.65382382138
1234.0,1282038.7763816,269708.664456218,4.0,407549.8980011752
1235.0,1282039.00799759,270373.441672906,4.0,61026.22587424193
1237.0,1280438.26284395,253897.064504027,4.0,724567.0734349994
1241.0,1258472.44259746,195491.63865222,4.0,84893.00000000001
1244.0,1262377.04964146,191136.857015774,4.0,242327.97126146336
1245.0,1262368.50506546,190469.406263083,3.0,155853.5188814895
1246.0,1265657.54308482,280914.028819695,1.0,0.0
1247.0,1274114.78238948,284537.957975417,4.0,914596.8497624284
1248.0,1274115.21874148,284870.758487746,3.0,46768.559611874574
1249.0,1266994.45310219,261391.301183701,3.0,11875.43637058303
1250.0,1267331.29105453,261388.447167709,4.0,51541.63571990573
1252.0,1269503.01963276,244493.533806399,3.0,64320.463962008565
1254.0,1261602.42781666,246132.02948808705,3.0,311549.1750331547
1257.0,1275417.5829668,222679.745048061,3.0,76450.90077769855
1258.0,1275740.34015115,222672.248344064,4.0,694001.1906307458
1259.0,1272928.01541226,232962.991906598,3.0,51215.66452501472
1263.0,1259747.83242276,205149.771270111,3.0,955534.492868432
1264.0,1259415.01322243,205158.583558127,4.0,15232281.211710228
1268.0,1273779.05534913,231691.099105299,3.0,51874.524431473736
1269.0,1273832.06904519,231649.674593255,3.0,10889.628349146584
1270.0,1265321.03262047,265561.960771978,4.0,193306.77673017213
1271.0,1265418.77847657,266203.527108639,3.0,826959.9249949178
1272.0,1278770.12249024,206278.350663275,3.0,61414.77950916706
1273.0,1279060.68524255,206261.899591252,3.0,70426.24887897912
1275.0,1282031.34892559,214435.360271618,4.0,20938.12490065188
1278.0,1281288.95078082,211891.212493017,3.0,39343.68087490555
1279.0,1281270.22873281,211227.96807633305,3.0,5334.103990924396
1280.0,1269559.41028881,253937.79935208,5.0,503649.43327923806
1281.0,1269563.09336081,254197.697784334,4.0,2532380.4875432625
1284.0,1259383.74429439,258528.731452778,3.0,71459.0342628327
1286.0,1279405.74783489,274417.152077049,4.0,202494.6668487145
1290.0,1286945.07923461,174173.583526403,3.0,186804.40947151772
1291.0,1286423.63181008,174226.696294457,1.0,0.0
1295.0,1259509.69744653,197180.370173961,4.0,11233327.522709737
1296.0,1259495.0248705,196518.842621282,4.0,9302216.86831341
1299.0,1258484.50064547,196034.476476789,3.0,25183.61243627774
1301.0,1275547.01343094,227945.231901452,4.0,159947.39426493607
1302.0,1275868.60895127,227935.63478145,3.0,59688.09808636204
1304.0,1283084.24083066,234126.226083785,4.0,11764.529308672782
1305.0,1283091.81395067,234401.46109207,4.0,1256473.480425234
1306.0,1278674.20274615,227891.983005404,4.0,132900.21150541885
1307.0,1278996.11020248,227883.778589398,4.0,216633.3205373739
1313.0,1284763.05145638,258435.802172676,4.0,183665.98482477336
1316.0,1277949.10476141,234101.129059762,4.0,189369.17519023796
1319.0,1268100.04574332,234704.680676386,3.0,4884045.155857751
1321.0,1283991.24620759,207388.423944414,4.0,131346.40379263787
1323.0,1271774.25131509,282338.213973165,4.0,93040.83437564773
1324.0,1280472.93996398,179062.175147399,3.0,23370.438150737788
1325.0,1280557.41094008,178791.252779126,4.0,126064.56566709082
1326.0,1265208.59351635,169380.465505496,3.0,245215.0097860588
1328.0,1269758.89476901,272745.494987339,4.0,423594.7612945644
1329.0,1269758.71435301,273177.106955782,3.0,246227.8382496542
1330.0,1265524.95313267,251864.592181951,3.0,81269.54493693574
1334.0,1274268.90315764,212036.76833316695,3.0,42390.0
1338.0,1266439.69962962,244514.620974422,4.0,194809.59299575
1339.0,1266449.97751763,244944.397678867,3.0,139801.75259374786
1340.0,1265383.41502054,246027.98999998,4.0,2515125.256935783
1342.0,1277015.40485644,233509.847715154,4.0,2315753.8617064017
1343.0,1280733.25273225,225173.172506616,4.0,185902.26194515452
1344.0,1280738.15135626,225355.379802808,3.0,35979.9098624071
1345.0,1282166.76959772,224132.160473555,4.0,761775.2564419948
1346.0,1282178.79609373,224454.065625891,3.0,166121.17899861038
1348.0,1275616.43327102,257987.411004215,4.0,2188809.0457635536
1350.0,1277086.13637652,225263.291098714,4.0,396439.1413660928
1351.0,1274225.9917976,246089.554224044,3.0,559463.0491213206
1352.0,1274244.97112562,246881.036208853,4.0,151409.8724498789
1353.0,1283987.39750358,207105.022600114,1.0,0.0
1354.0,1283985.43519959,206960.533063978,4.0,1430119.1222253167
1357.0,1260124.46947914,189177.516789764,3.0,1401520.4271746627
1358.0,1260102.23594312,188504.456117079,3.0,339021.99999999994
1359.0,1283864.28422347,234879.135012552,3.0,172481.66776194857
1360.0,1283867.22451146,235694.236773401,4.0,278910.32327731553
1362.0,1278481.43832995,231501.775009096,4.0,63493.063612613325
1363.0,1277278.76325671,231538.106593132,4.0,413617.4166700063
1365.0,1258540.20234153,198423.976319224,4.0,208536.909444463
1366.0,1258526.77059752,197896.022654682,4.0,107498.23046653824
1368.0,1280865.99922839,218414.7417797,3.0,4778.497503845082
1369.0,1271776.84216309,282850.280533686,4.0,118321.64616318604
1370.0,1271778.18897909,283106.373205945,3.0,55922.01790710218
1371.0,1274504.02014987,215464.409104675,4.0,162226.63684418192
1372.0,1270712.36600199,276051.230862722,3.0,56334.46537910375
1373.0,1270713.303602,276275.896398947,1.0,0.0
1374.0,1284701.00793631,253614.741559744,3.0,64086.92278966461
1375.0,1284757.64627238,254306.11026445,3.0,5776.258554671381
1378.0,1275556.06264696,255830.352954015,1.0,0.0
1380.0,1275085.53407048,220850.718230188,3.0,179637.8237378773
1388.0,1267568.61207877,252092.747254193,4.0,502203.6194015138
1389.0,1268157.60990338,252079.12325416497,3.0,623788.2770736647
1390.0,1271491.95793879,226826.833564311,4.0,596924.7048187986
1393.0,1284622.06124824,245871.451951817,4.0,26409.215961627862
1394.0,1269568.75307283,246744.670000717,4.0,643481.3019578832
1395.0,1270084.47256134,246733.874416694,4.0,1124823.4475473196
1398.0,1281770.97017331,252547.578678653,3.0,40426.69553180436
1399.0,1281768.78706932,253207.738807321,4.0,50278.96422959802
1400.0,1256242.29846717,251737.194165826,4.0,65261.29906538614
1401.0,1256242.72067517,252030.096438125,3.0,20412.32503449815
1402.0,1269747.729137,242785.218924657,4.0,341041.3796299437
1403.0,1269759.91185702,243211.079021096,4.0,277295.9227169706
1404.0,1277629.01880908,265876.440516308,4.0,610879.334436254
1405.0,1277641.81208909,266561.168453008,4.0,94065.4228771182
1406.0,1271425.92133072,270716.616201252,4.0,59753.656922745344
1407.0,1266292.95191747,234335.555107996,3.0,23170.029465378346
1408.0,1266301.45482947,234645.546276316,4.0,300015.4299124878
1409.0,1285237.33395287,207804.001864836,4.0,322201.82554586924
1411.0,1258926.37546192,257944.110524178,3.0,12235.659291387548
1412.0,1267166.93406236,286724.380441651,3.0,4983.338250611262
1414.0,1265265.67313242,170750.967010885,4.0,385559.0966366268
1415.0,1265236.00030039,170036.05571416,4.0,124668.80623044308
1416.0,1286707.44749038,282001.920404807,3.0,330299.4927892884
1417.0,1286686.68045035,282345.44232516,3.0,168977.95555555556
1418.0,1271215.07230651,226663.027740151,5.0,247422.1429602117
1419.0,1271148.29457843,226767.870748252,1.0,0.0
1424.0,1274356.26584573,194314.221051022,4.0,188741.2971194996
1427.0,1265267.35191642,252413.044214517,3.0,669969.0757384024
1428.0,1267841.84708706,226836.350236326,4.0,983172.8100655758
1429.0,1267526.47767873,227123.164316624,4.0,149626.15187293556
1432.0,1258610.28125361,190589.243959203,3.0,16848.344837133165
1436.0,1288237.00448394,182746.652655169,3.0,1944225.8487136024
1438.0,1286000.53158565,278549.473873273,3.0,1616214.8973988746
1440.0,1269641.2595049,275405.555918053,3.0,106515.4912394414
1442.0,1263369.83044247,283506.56923835,3.0,340878.6527657197
1443.0,1262872.42922597,283519.430486366,3.0,42773.66060606061
1444.0,1282271.81036583,226022.92700348803,3.0,12934.943487863162
1445.0,1268829.34942406,270769.898569316,4.0,58227.18687269748
1446.0,1268832.54033607,271028.275977582,4.0,37746.05854799909
1450.0,1267981.07415919,236954.160422683,3.0,53412.66934845984
1451.0,1267926.48209514,237228.047654971,3.0,42349.48508592766
1452.0,1268908.38532814,254871.683641031,3.0,1700023.1925264976
1453.0,1283885.21299148,233058.808610693,3.0,47646.025356051374
1454.0,1283896.2336635,233499.08822715297,3.0,194890.19640080197
1455.0,1262756.23421785,268211.764550686,3.0,249487.25144729644
1459.0,1282367.37644593,242877.504876748,3.0,74060.68827275423
1463.0,1283047.22681463,206545.42400755,4.0,1303360.046608672
1464.0,1283036.78585461,206108.674823105,3.0,117532.32972828632
1468.0,1286053.0961297,191828.328440472,5.0,1767618.2222476131
1469.0,1286063.67648171,191293.492535934,3.0,135901.22984015127
1471.0,1267736.50116694,284057.478614911,3.0,71457.76411345368
1475.0,1261500.28528856,169771.525409892,1.0,0.0
1476.0,1261626.29488869,169247.168161348,3.0,89894.45579923141
1477.0,1264337.79703547,189216.037685797,4.0,400411.7119860816
1480.0,1264305.26890743,187905.69451646495,3.0,715541.2785677725
1483.0,1283854.99878345,204123.840901062,4.0,865524.456159027
1488.0,1273306.25906065,190650.974455267,3.0,56960.14258254399
1490.0,1275273.45362267,265288.334403694,3.0,47001.72935595027
1491.0,1275440.14552684,265283.527299687,3.0,480761.9240377437
1494.0,1276146.08741556,216712.592977956,4.0,133490.53977559373
1495.0,1266913.42935811,254783.045048937,4.0,166705.63784897633
1496.0,1266918.31185411,255046.999545217,4.0,353224.4012401896
1498.0,1270986.89003427,263423.95520179,4.0,5019296.449962984
1499.0,1274890.07743028,231231.734816819,4.0,166978.50515149883
1500.0,1275149.07397453,231226.06947282,4.0,120649.36619672702
1501.0,1279859.81388336,213484.59380665404,5.0,1038409.5813792674
1502.0,1280157.60005966,213759.936142936,3.0,661990.5393334373
1504.0,1263011.10973811,258317.911612555,4.0,125880.5945369278
1505.0,1274337.26059771,230088.446751654,3.0,6986.332589012711
1506.0,1274347.03486972,230407.053727984,4.0,223676.0240624792
1508.0,1269191.90673643,243226.485101104,4.0,251950.2226151573
1510.0,1261938.89860101,261809.67008014,1.0,0.0
1511.0,1261842.94634491,261883.273280218,3.0,108305.15417423545
1514.0,1263477.29809058,235721.662565425,4.0,131041.3199261593
1518.0,1284921.59904054,207378.019784391,4.0,149461.1227152486
1520.0,1274872.23922226,232056.316833675,3.0,105442.21674946837
1521.0,1274922.6951583,232750.388962373,3.0,221375.90884644337
1522.0,1280166.56095567,214379.730127573,4.0,379350.4266766528
1523.0,1280157.66303566,213879.531983063,4.0,435490.86028085015
1524.0,1269351.4339686,271424.034377977,3.0,74269.06931750986
1525.0,1282059.93548562,229251.359838799,3.0,63336.95532067509
1526.0,1281957.72966151,229592.932703152,4.0,380468.7553253335
1527.0,1269112.17726435,242594.631724462,3.0,44119.17075824763
1535.0,1293179.71898501,185813.141938314,3.0,135404.94909127944
1540.0,1267815.71166302,284181.257239044,3.0,108469.7499287822
1541.0,1267816.39767903,284319.875735193,3.0,42646.6
1543.0,1273867.35410123,253525.533111647,3.0,68390.32662885559
1544.0,1274199.98597357,253516.564279646,4.0,178087.0230689618
1545.0,1278039.4648255,222437.436183825,4.0,882581.8622168866
1546.0,1264719.34711586,240653.807530478,4.0,370959.112968726
1547.0,1263929.73418705,240670.835690483,3.0,164261.28311947966
1549.0,1266679.47511786,227458.374940962,4.0,58395.07126592682
1550.0,1290037.15213378,189696.801526293,3.0,3400.7253706335127
1552.0,1267744.12126295,252911.809911028,4.0,1036697.5553463228
1553.0,1268212.54980743,252901.768247008,3.0,522117.67464880086
1554.0,1264419.11805955,242600.645484462,4.0,884782.0433197524
1555.0,1263981.4198191,242637.306860507,5.0,2196780.208368985
1556.0,1266813.270126,193704.361402392,3.0,424759.9946731833
1557.0,1266498.51287767,193713.661882401,4.0,108271.67743949904
1560.0,1285459.26265709,247453.210929438,3.0,1005547.2676102618
1561.0,1285331.02604896,247702.696945697,4.0,493692.1870277445
1562.0,1287503.22118719,187891.084980443,4.0,2594464.132071676
1564.0,1285416.86150505,244538.608174458,3.0,317499.21996545955
1565.0,1285671.59264131,244532.98385444295,3.0,270441.7770973611
1566.0,1261068.72349612,205121.005574092,4.0,123189.15372857272
1568.0,1269742.628401,245416.677615345,4.0,166555.60015258664
1569.0,1269748.66155301,245676.593775615,4.0,208648.50888315943
1570.0,1278264.26949772,261585.946431905,3.0,7420.928633103719
1571.0,1278269.06309773,262039.468800366,4.0,2657369.362493262
1572.0,1264350.15332347,282150.01224497,4.0,216719.1855400662
1573.0,1281051.18220457,275023.272909671,4.0,80489.4689678558
1575.0,1277753.8013372,284622.825879499,3.0,137983.02346827285
1579.0,1270472.23064175,285679.082008585,4.0,215843.3980557253
1581.0,1285064.24377669,178306.27965863,3.0,118386.22598210484
1582.0,1285275.0280969,178435.565482765,3.0,151826.6506079461
1584.0,1262385.64804147,191806.637496457,4.0,523929.75817965175
1587.0,1293200.98503302,186592.601011112,3.0,42424.05547948542
1588.0,1293473.13837729,186579.559027106,3.0,228.42741464719333
1589.0,1262102.67024918,258612.349052861,1.0,0.0
1590.0,1275629.28459902,265278.07360369,3.0,442058.164278332
1592.0,1275684.77893509,232449.529634073,3.0,10906.64318204835
1596.0,1258480.16470946,188562.481909126,3.0,44142.894413670285
1597.0,1262133.68234521,239854.097193658,3.0,49585.62408841136
1598.0,1262135.47760922,239963.499177769,4.0,87657.2214378469
1601.0,1275915.34475932,229539.591583088,3.0,164554.3732808381
1602.0,1281568.08012511,226491.612443969,4.0,117689.02911079272
1609.0,1256022.14800295,193793.207034484,4.0,1280042.050297254
1616.0,1265559.18238072,234351.846692026,3.0,37582.78415858081
1617.0,1271561.45253086,254787.508920953,4.0,235992.0772200192
1621.0,1255006.49187391,255818.656826004,5.0,8144458.801108326
1622.0,1254673.75664157,255820.322490007,3.0,12198146.951044194
1624.0,1277582.25151303,257596.83269982,3.0,3670920.329034088
1625.0,1277589.86207303,257928.357948169,3.0,3644805.5204993966
1628.0,1266343.19690952,245486.935983419,4.0,231875.22626652164
1630.0,1272098.57579541,210779.675339878,3.0,85.17857142857143
1631.0,1273769.89067712,226613.1561241,4.0,914421.0818471868
1632.0,1273775.26962113,226843.562524334,3.0,14429.881395679786
1633.0,1277796.40197724,206326.987079322,3.0,128051.89245985803
1634.0,1277892.57503335,206328.075015321,3.0,41733.6558586435
1635.0,1272663.35685199,215817.215441033,3.0,353629.5892931419
1637.0,1272049.04376335,227163.49494065304,5.0,408260.67693092825
1639.0,1272817.16658016,244387.570094302,4.0,150642.05868827843
1640.0,1273081.11352442,244379.698670283,4.0,149070.87565867038
1647.0,1266649.21694183,258232.099132478,4.0,435459.1333092018
1648.0,1266663.01482984,258892.524349153,4.0,729183.3474524781
1649.0,1271677.80069098,250154.408308208,3.0,3154.372176009085
1650.0,1270987.97989027,252696.43896681105,3.0,16652.000237653887
1651.0,1271146.43595444,252946.071991056,3.0,1377.7218148775708
1652.0,1282171.57337372,252050.04754214,3.0,43370.97071124036
1654.0,1276593.88536802,230400.135775968,4.0,99397.76513497022
1655.0,1267648.54238285,260322.436158612,4.0,1057591.0839180937
1656.0,1277229.63736866,244684.56817460095,3.0,46374.913125473606
1657.0,1277248.86636068,245338.345711276,4.0,62276.24104477654
1658.0,1282038.56409359,250555.251316607,4.0,143709.6127018294
1662.0,1283588.64403118,253170.509879291,4.0,144035.76192812543
1664.0,1263333.07985044,188716.777525291,4.0,815813.5879601667
1665.0,1263003.3314981,188723.2561813,4.0,2466034.2343639503
1666.0,1264368.4173875,191102.535543725,5.0,713307.393899524
1667.0,1266869.16631806,172961.58730115,3.0,3640.073788488088
1673.0,1275240.42840663,205866.347270846,3.0,15385.61713054371
1674.0,1275228.69451861,205386.790150359,4.0,95112.56978705028
1675.0,1263590.7588267,248996.239667013,4.0,325668.98289643973
1676.0,1263601.12164271,249662.176307693,4.0,263051.98706782085
1677.0,1266178.93143734,251273.617973343,4.0,175481.42119428227
1678.0,1266186.06302136,251611.141941696,4.0,201482.6334487229
1679.0,1261194.84893624,197800.062526584,4.0,97574.44827143602
1680.0,1261172.64260022,197142.339133918,4.0,670476.6976859493
1681.0,1278098.07071355,253278.899063393,3.0,139018.93432583465
1682.0,1278172.57970563,253710.297847837,3.0,874.3405852751197
1683.0,1259857.06487088,192258.04274492,3.0,46697.06348935875
1684.0,1259932.15786296,191194.543607831,3.0,38739.626129133925
1685.0,1255111.08681802,245853.584175795,1.0,0.0
1686.0,1255188.6273621,245964.24145591297,3.0,593148.7402724351
1688.0,1274553.34584592,229660.716319218,4.0,718002.3937554631
1689.0,1266172.00990134,250939.070773005,4.0,250082.1296694291
1690.0,1280476.654524,226080.418011546,4.0,189515.77498596604
1691.0,1280492.39628401,226525.37910001,4.0,312174.3915258903
1692.0,1263228.07453834,243838.857581735,4.0,420433.77264682745
1693.0,1263232.24445833,244114.135598019,4.0,258060.82798443272
1694.0,1274807.69311018,213944.638159126,4.0,623322.4254073184
1695.0,1265144.39646029,236221.52144593,3.0,4482.342073916695
1696.0,1265153.85380431,236551.006694272,4.0,52419.98758951521
1697.0,1274476.73016585,244754.345262676,3.0,237139.7837429209
1698.0,1274495.01624587,245418.204527348,4.0,127398.0808366513
1701.0,1262594.57181768,169105.869281203,3.0,13610.67560787253
1707.0,1269646.73425691,261474.781311795,4.0,183237.76716546444
1708.0,1270097.01316936,261456.576639771,4.0,205325.02809635564
1714.0,1276785.40664822,226122.781467587,4.0,850342.5370981339
1715.0,1277107.06578454,226114.679771587,3.0,780524.9664295181
1716.0,1276430.34667985,204525.698373482,3.0,80763.40181449242
1717.0,1274503.26392588,249745.468467787,4.0,140010.23949394902
1723.0,1267266.56247847,189001.200565577,3.0,80354.94123551136
1724.0,1264041.11453916,191481.16735212496,3.0,71045.42854992834
1725.0,1264036.57489115,191108.25503173505,3.0,28217.236418464578
1726.0,1295184.55949906,183340.483183786,1.0,0.0
1727.0,1295740.51738763,183318.784047768,4.0,72002.40895451144
1729.0,1277558.832569,218526.827475816,3.0,47435.05138271298
1730.0,1277552.988089,218097.387091368,4.0,377406.9300100573
1732.0,1284295.91161591,206957.100615963,4.0,1405253.4038257431
1733.0,1284605.87884822,206953.672199965,4.0,1118300.5386657575
1735.0,1281717.30982126,206873.356743887,4.0,1212540.69752712
1737.0,1256258.2934752,189290.251765877,3.0,51616.1632975547
1738.0,1278750.72191422,260350.874750644,3.0,18543.010039069733
1739.0,1254709.2952656,253766.092343897,4.0,180817.65617720693
1745.0,1260263.42954329,246400.609328359,6.0,2331613.722072922
1746.0,1259605.93245462,246414.937072366,4.0,132726.01635534002
1750.0,1278722.5352902,255572.144505754,3.0,23060.187253815875
1751.0,1271777.41995509,219665.846228987,3.0,11228540.9080315
1752.0,1271697.556595,217398.749714658,4.0,8498229.160133537
1753.0,1264481.26884361,245338.77943927,4.0,138619.67209447932
1755.0,1266343.97015752,236195.40733391,4.0,123224.87897646904
1756.0,1266643.83569382,236188.90474189803,3.0,118511.29954656334
1757.0,1279855.58981936,252584.106486693,4.0,261389.64217265905
1758.0,1279855.27679536,253245.91749537,3.0,81938.94097223798
1759.0,1285666.71174531,203608.13325253097,3.0,68917.73114511353
1760.0,1285665.4938893,203525.598660454,3.0,709.7801753555005
1761.0,1283710.4817273,261386.923903704,3.0,112238.3782742988
1764.0,1270093.64478536,272740.000267327,4.0,619567.0161316317
1766.0,1270548.74264182,172584.819684774,3.0,4759790.447632956
1771.0,1286787.02739446,283645.244182497,3.0,317936.30922911386
1772.0,1286692.14899436,283822.916054681,3.0,254290.0
1773.0,1268942.17233618,187804.383028358,4.0,117630.8874714513
1778.0,1265282.42999643,195091.22015582,4.0,3746064.436987096
1779.0,1265284.03626843,194416.996155128,4.0,3064826.0114182583
1782.0,1273412.84677276,246377.26494433,4.0,15317284.251819884
1783.0,1283810.9014394,203029.963459939,3.0,1240.7486245862926
1786.0,1276102.62616751,223640.579737052,4.0,698173.5788942033
1787.0,1276402.13247181,223634.331417039,4.0,890243.703951026
1788.0,1270360.59435363,243620.905581504,4.0,141644.0543968094
1789.0,1270666.18923394,243608.576877505,4.0,113134.77326682524
1790.0,1266709.5422539,265509.18925193,4.0,425724.9709601822
1791.0,1267031.59415822,265501.511747912,4.0,432152.32265176513
1797.0,1266368.71031755,264193.708610579,4.0,450583.4140555436
1801.0,1285796.61075343,250477.460788533,4.0,515319.8447354851
1804.0,1262050.31799312,204435.272325382,4.0,76867.93704195
1805.0,1262015.06679308,203094.183172017,4.0,92861.62468687682
1806.0,1262013.51952909,261006.523071319,4.0,72901.76895307329
1807.0,1261745.13783281,261011.243839324,4.0,234201.4111214583
1808.0,1264638.56055577,279994.581522763,4.0,164858.830876978
1809.0,1264642.25674778,280279.323091045,3.0,234964.27969250965
1821.0,1279334.91301882,231474.695649073,3.0,544675.7504813339
1822.0,1279620.93637912,231465.619873062,4.0,916337.0627378316
1823.0,1283325.18815891,254477.711992621,4.0,19148.781577027738
1824.0,1283563.10604715,254465.992824614,3.0,429308.6627400237
1832.0,1278026.86380148,227484.755484983,3.0,27838.983688083656
1833.0,1278341.1765058,227475.324060977,4.0,49567.63776657391
1834.0,1269492.70929675,225148.309018597,4.0,5717608.018276192
1835.0,1269770.02596903,225312.218138769,4.0,7346107.67944335
1837.0,1272204.33835553,231596.764641196,4.0,294553.6274734702
1840.0,1277216.24466465,212518.088525668,4.0,89298.5802446433
1841.0,1277295.74520874,212091.082189217,3.0,27808.34754943039
1843.0,1267062.56555025,232761.27869039803,5.0,1035459.8418115372
1844.0,1279680.44517918,216316.825681552,4.0,347409.9637371908
1846.0,1265139.81054029,233130.044706762,3.0,8904.314688511102
1847.0,1265144.13201229,233307.692002952,4.0,6865.991148901928
1852.0,1280211.32959571,180982.369133368,3.0,62402.37865629284
1859.0,1285314.39942494,196767.898941532,4.0,43808.28456648975
1860.0,1285517.54598515,196768.257533535,3.0,119200.4084914324
1866.0,1258857.00880586,197873.125694662,3.0,31159.69120981065
1867.0,1272526.39320385,243476.00401336,3.0,59536.159134661146
1869.0,1272704.41874003,221208.774550557,4.0,127964.289345023
1871.0,1267411.13835061,209574.363146648,1.0,0.0
1872.0,1268552.16196778,209552.779850632,4.0,4638431.182850641
1874.0,1258139.43901312,256769.210682973,3.0,10555.35511457847
1875.0,1257225.65872419,198781.079935595,4.0,292104.3431935222
1880.0,1275838.29829524,226573.948252052,4.0,221495.70364129503
1881.0,1275848.92722325,227071.635228559,4.0,327190.46260942094
1886.0,1283227.46463881,242561.13866843295,3.0,294519.5124924625
1888.0,1278956.18937044,201379.394306257,4.0,77342.00619976585
1889.0,1278950.16185042,201029.721409902,3.0,7803.368041717496
1890.0,1265123.91914827,232490.584354118,4.0,663466.9932046491
1891.0,1265132.06775628,232810.229730442,5.0,920031.6053656614
1892.0,1283922.56102352,198576.083967388,4.0,710046.6903581902
1893.0,1283931.65811153,197906.480638698,3.0,1186321.1705273602
1895.0,1268984.22897622,261491.262271807,4.0,132787.1532958199
1899.0,1283351.42502293,276311.303502992,4.0,181233.84565910653
1900.0,1284147.89977574,277399.268816099,3.0,179727.24596417154
1902.0,1278382.29548185,271814.482058376,3.0,1062133.975143261
1903.0,1278382.29816985,272471.177291051,3.0,2080912.2326375304
1904.0,1281631.53964518,212200.855885342,3.0,104603.08576703274
1912.0,1286638.7993623,204821.359493777,1.0,0.0
1913.0,1286906.47469057,204814.936645776,3.0,84777.99999999997
1918.0,1268258.42174348,245965.252271906,4.0,187959.25089160696
1923.0,1279530.18169102,256002.785018191,3.0,43098.60231925087
1924.0,1280213.81778772,255983.628602177,4.0,61799.15832770459
1925.0,1268019.22372724,244249.361710161,3.0,8920.687351591298
1926.0,1268023.04164724,244389.309230298,3.0,34231.82777580312
1928.0,1274158.84888552,224291.51548171,4.0,70347.80816493726
1930.0,1266361.83070154,236815.279782549,4.0,149163.92239453355
1931.0,1276464.47813588,214593.630991787,4.0,195235.4882921134
1932.0,1276458.30655187,214271.741199464,4.0,306260.1435923647
1937.0,1286775.59040244,206930.195527941,4.0,220530.2101031157
1940.0,1276708.81592813,250661.072948724,4.0,266019.9100933259
1941.0,1267358.50916655,245194.847023129,4.0,515996.6652407683
1942.0,1267665.62078287,245187.42641511603,7.0,1057135.9107664009
1943.0,1272426.58827575,195910.477756649,4.0,306509.0887952986
1944.0,1273076.59646842,195895.024316639,4.0,153809.3679139364
1948.0,1259842.23875886,197172.769469947,4.0,915385.2088618258
1951.0,1282815.03071839,248204.545394212,3.0,296304.2628822523
1952.0,1283476.35551906,248191.914802194,4.0,559110.2367039499
1956.0,1265465.42007662,238867.757608637,4.0,119710.20242004732
1957.0,1265472.68055663,239207.628648996,4.0,207331.7701677284
1958.0,1278727.2675782,217530.109714791,4.0,43692.72193955384
1959.0,1278971.78482646,217523.122514784,4.0,268174.45290424145
1960.0,1266904.07307009,188454.217397019,4.0,922817.4836278076
1961.0,1266246.63966142,188451.769205019,4.0,899758.356383401
1962.0,1274514.62872589,225754.06012322,4.0,175797.877572054
1965.0,1269919.23435318,275677.932366341,3.0,104839.65869109095
1969.0,1266514.28676569,191094.30527173,4.0,381401.40338367305
1970.0,1266532.12663771,190436.300983056,4.0,318028.62241990335
1974.0,1279368.68562686,280011.547026768,4.0,314709.10821603856
1975.0,1279226.95493871,280379.581075147,3.0,115847.1405066501
1976.0,1273314.68658066,235509.045541197,4.0,2796776.635741485
1977.0,1273607.98027696,235505.348645195,4.0,1722505.4466178317
1980.0,1277336.08005677,207023.463048041,4.0,213226.04257196496
1982.0,1281766.75103731,253871.344440013,4.0,91823.74902546806
1989.0,1281556.38694109,195941.521596685,4.0,443007.9473864981
1990.0,1278629.37081011,223885.560537308,4.0,378236.0770810886
1991.0,1278644.00165811,224561.320666,3.0,337091.1760133
1992.0,1257402.91261236,256421.680826619,3.0,221315.3408908267
1993.0,1257407.73546037,256636.626298845,1.0,0.0
1994.0,1279419.14053892,230591.61635217103,3.0,106039.0988940224
1995.0,1279328.42911482,231186.489824772,4.0,347184.87479755323
1997.0,1257170.12170012,196635.180669397,4.0,119776.54025546722
2000.0,1278287.66149776,264532.326402918,4.0,160268.3328673436
2003.0,1257538.3549165,195179.175739899,4.0,2424761.837487769
2004.0,1276200.10335161,228354.493853882,4.0,141130.01775709633
2009.0,1286542.98848221,175235.68311148896,3.0,44151.44140213659
2013.0,1269384.19179264,227898.66012540503,4.0,12897.272128678056
2014.0,1279600.5365071,226529.11695601,4.0,341914.1880693939
2020.0,1267604.67793481,256359.218682557,4.0,78400.49852919423
2021.0,1268264.53751948,256343.313530535,3.0,120410.72019414789
2026.0,1264704.57745184,240010.015209809,4.0,1665385.746797523
2029.0,1275177.93509457,253490.023991615,4.0,652597.7379019005
2030.0,1275484.04901488,253513.60498364296,6.0,13574169.049919404
2033.0,1273013.40306035,218739.330708027,3.0,42414.0
2034.0,1273175.93618052,218735.244436026,1.0,0.0
2037.0,1273537.47218089,253800.537143931,3.0,8967.44033063818
2038.0,1274202.35211757,253782.566711918,4.0,39418.64140463413
2039.0,1287359.46585904,206923.716871932,3.0,265324.17385424074
2040.0,1263047.38295415,248475.790898487,4.0,1125745.9066578466
2041.0,1263065.64932217,249007.405683026,4.0,1348294.5284693146
2043.0,1271186.41457848,201919.11693081295,3.0,151682.08814313472
2044.0,1278797.31929027,237523.467367262,4.0,164012.6810325676
2047.0,1277956.72421741,264543.198082939,4.0,143016.1747718776
2048.0,1277959.33279341,265204.481539607,3.0,43384.15532117733
2050.0,1265931.90014111,197715.312062502,4.0,207892.3026937547
2052.0,1276443.34501587,218479.572691768,1.0,0.0
2053.0,1276438.21739985,218127.247955412,4.0,137689.38032554966
2056.0,1281193.32466872,280941.846675724,4.0,190491.9609730405
2058.0,1264972.89975612,246572.673968539,4.0,219476.9444658032
2060.0,1263840.31671496,232714.748962343,4.0,1041714.9426103856
2061.0,1263500.55818661,232723.950370356,3.0,140856.17811750472
2062.0,1278015.37170547,221035.307734385,4.0,1338234.291682309
2065.0,1278008.50098546,269942.619336471,3.0,73257.3811193595
2066.0,1278121.44959357,270166.80660069,3.0,65303.15722289887
2069.0,1266876.88542207,235252.983716935,3.0,289240.00297604786
2072.0,1264395.95799552,264243.028098628,4.0,659994.466322212
2073.0,1264228.25821935,264247.365314633,3.0,53932.61693722889
2074.0,1273860.65298122,253030.03013514,3.0,69720.18821306423
2075.0,1263243.09713034,244788.092590705,3.0,48339.8972287518
2076.0,1262711.84656981,244799.726382717,3.0,15698.36699490631
2077.0,1279976.89925948,201359.60493023705,3.0,1945.6029399955728
2080.0,1279493.97964299,221578.361750945,4.0,207039.6364832488
2082.0,1282937.81036651,201742.896194622,3.0,9386.86861413115
2083.0,1282936.4081265,201486.530562371,3.0,20551.451384139888
2087.0,1282044.9335016,233409.235427052,3.0,87420.7388944709
2088.0,1265869.78641303,169355.626977459,4.0,444817.0497371998
2089.0,1265537.73790069,169368.127265483,4.0,337394.499412506
2095.0,1263838.30231495,197086.529533863,4.0,180423.03288866836
2096.0,1284502.97881612,248636.654130653,4.0,217605.81998080376
2102.0,1261268.80285633,239076.187624857,4.0,392287.8208258905
2106.0,1257911.77968489,199694.97145652803,3.0,285120.31124639994
2107.0,1257900.26301287,199255.554688081,4.0,113184.22462851164
2109.0,1274832.52607021,225319.881498769,4.0,576055.3090345638
2110.0,1274842.70712622,225745.798619211,4.0,155930.6754044906
2115.0,1264151.19044328,236151.361125857,3.0,158399.82442909328
2116.0,1264163.84004329,236593.919974312,4.0,245577.57128952965
2118.0,1269190.42577644,277409.027024105,3.0,182152.0691605668
2119.0,1269191.02353643,277656.292240366,1.0,0.0
2122.0,1277066.1633205,173803.713894024,3.0,931559.13160795
2124.0,1282238.81177379,225200.412250653,3.0,21594.236374200427
2125.0,1282252.57945381,225584.054555044,3.0,22109.22576260321
2127.0,1268777.81144001,245434.910831362,4.0,488319.9915825859
2128.0,1269011.62955225,245430.441007361,4.0,151676.38052538544
2129.0,1281319.66630085,212685.576397836,3.0,187264.5671457036
2132.0,1266335.46820551,235885.445029587,4.0,244181.04139245892
2133.0,1283245.76639883,199927.153088763,3.0,637369.5966223897
2134.0,1283582.03481518,199921.767616764,4.0,598510.9704466186
2136.0,1285559.12332919,208657.125129715,4.0,75293.77943965643
2139.0,1286208.79430586,196460.104253218,3.0,42390.000000000015
2140.0,1286412.84704207,196225.423932984,3.0,379451.1706984302
2141.0,1280579.1838681,247268.957361251,3.0,166913.437392539
2142.0,1280592.55193211,247928.748337924,4.0,156652.8316890596
2143.0,1285023.55910465,205448.40909442297,3.0,4542.078123009517
2144.0,1285452.67110509,205437.222790405,3.0,251296.82233133996
2147.0,1279193.00946668,248620.809330627,4.0,170001.5662259637
2148.0,1261026.42666407,252361.49080646,4.0,168703.70762396808
2149.0,1260766.45904781,252365.710646465,4.0,147551.89239841458
2150.0,1273615.98251696,250085.904180124,5.0,4213388.367114392
2151.0,1273901.41304526,249588.391667619,3.0,7650195.454412041
2152.0,1279684.63250718,269116.439879611,4.0,853146.8015855071
2153.0,1272434.49144375,210776.721611872,4.0,99761.83164720058
2155.0,1284145.14489575,235254.782244951,3.0,160.4033264980634
2158.0,1271577.55915488,256112.460346296,3.0,46483.78646620853
2159.0,1271578.29534689,256172.89657037,3.0,81809.57719001731
2161.0,1262152.07696922,208438.048137486,3.0,482510.60161602095
2162.0,1279661.84313115,219854.39406918,4.0,388692.0934022663
2163.0,1280171.46943568,223810.10268122,4.0,317310.705918388
2164.0,1280182.7811157,224170.02357760104,3.0,62231.07934911724
2166.0,1267267.43319847,171996.970788166,3.0,41780.78234234337
2172.0,1265515.46590067,191764.35743241,4.0,294886.7936438861
2173.0,1265229.04785238,191761.166136414,4.0,454767.9731229895
2179.0,1264444.16260357,234817.667620495,4.0,305758.0339146207
2181.0,1281177.71743672,250571.040308625,4.0,140275.8667854392
2182.0,1281511.28633305,250564.991476625,4.0,334923.3630442732
2186.0,1264260.12721139,252429.462134525,4.0,766427.6872798711
2188.0,1275642.33707905,266599.549253047,4.0,2911412.258451772
2192.0,1282448.63711801,211539.99335666,3.0,5511.189125243383
2193.0,1277040.29919247,270532.854089066,4.0,1070714.180680145
2194.0,1277372.16927281,270521.306505054,4.0,1309154.5076401196
2202.0,1271828.99333113,227522.071965024,5.0,590877.7430161401
2203.0,1271612.31659491,227887.78153340504,3.0,64568.74277434574
2205.0,1277778.84792922,235094.321956784,3.0,76772.39522521301
2206.0,1273112.38315645,202640.982979551,4.0,3405342.57648064
2207.0,1272979.84043631,202086.167810977,4.0,3126356.6782009024
2209.0,1270339.0409456,190778.508983403,3.0,43107.3613201415
2218.0,1262762.82871385,189793.333110392,3.0,139697.23022899727
2219.0,1262753.57284184,189265.991989851,4.0,1210789.3811709324
2225.0,1274150.00773351,214282.951503471,3.0,96298.76966644695
2226.0,1274486.24325386,214274.976783454,4.0,159016.4585848486
2230.0,1265692.14174086,199682.345856518,3.0,1594193.4775183229
2234.0,1263445.44708255,205717.314758703,4.0,4602932.8541979175
2235.0,1277772.29804122,217336.707858592,4.0,149915.7921764196
2236.0,1278094.29247355,217328.419154584,4.0,237554.92501155185
2237.0,1265377.47306854,263555.321409926,4.0,262847.6838855571
2238.0,1265707.17975686,263547.155137911,4.0,697006.5913366745
2239.0,1264493.90858762,236587.30711031,4.0,167100.5371738425
2242.0,1286173.06668982,208220.565321267,3.0,665.8125162009143
2243.0,1286175.69331382,207792.38343282,4.0,84148.92929300998
2244.0,1267935.01982315,241749.868331596,4.0,431763.0915717351
2245.0,1267941.85771115,242000.12471585,4.0,269797.715646398
2248.0,1275746.92184715,222978.108312368,4.0,357911.1680940778
2249.0,1275754.73515916,223341.362520739,3.0,48716.91491747031
2253.0,1266213.65316539,189775.097590372,4.0,163612.0991467189
2254.0,1266255.90935743,189112.14878968903,3.0,66873.61272036462
2255.0,1265457.71306862,233873.845347524,3.0,214666.70224581036
2256.0,1295874.09716375,183052.207215488,1.0,0.0
2259.0,1287817.43117151,183395.91582384697,3.0,168815.75042345258
2260.0,1287801.6175395,182905.885615334,3.0,2109647.012152791
2264.0,1279923.52505143,216050.001105279,4.0,83239.6652127436
2265.0,1284997.91251262,204094.502341032,4.0,1138929.738750503
2266.0,1285673.75532931,204077.40493302,4.0,523472.7801046828
2267.0,1284086.23884769,233494.304483145,3.0,127246.87294372292
2270.0,1281244.87737277,253217.995639339,4.0,89987.44455633374
2271.0,1281508.96479705,253213.008439332,4.0,107550.4935664122
2272.0,1280709.66226824,215323.429072529,4.0,54743.5936802559
2277.0,1280349.63346787,205296.267014265,4.0,516150.7856294751
2278.0,1280343.22892386,204947.482949913,4.0,361649.15408240806
2279.0,1270303.23326558,206931.616775945,4.0,69695.69318994998
2280.0,1270290.26251356,206290.107527286,4.0,110934.41082972546
2283.0,1278991.88421847,236130.958629847,4.0,62705.85556403037
2284.0,1279009.32933849,236719.115238443,3.0,6599.607066881536
2289.0,1269925.77368119,225049.091674492,4.0,2521309.475387912
2290.0,1270283.21752155,206020.89907901,4.0,34471.85400191924
2292.0,1270518.2840178,260124.747262418,4.0,8527229.7944938
2295.0,1291248.44103102,186111.70699462303,3.0,229023.33270483487
2299.0,1274821.89189421,214894.9637281,4.0,145518.37415022185
2302.0,1266318.4567495,235265.320932955,4.0,46118.30311109786
2303.0,1266326.9617095,235575.362661272,4.0,314067.0595669992
2304.0,1263053.73495415,260978.846591279,3.0,431673.6203451282
2307.0,1266999.02103819,261937.38764827,3.0,453275.8705386771
2308.0,1267336.03217454,261934.50707227,4.0,879594.4089801087
2312.0,1264534.69559567,245782.968175724,3.0,235868.36177610536
2313.0,1264052.36881118,245801.614831746,4.0,359394.2159529986
2315.0,1259650.41827866,248548.645426556,4.0,243275.34681490925
2316.0,1268384.7547996,240216.41796203,6.0,14256088.663746497
2319.0,1277955.69004141,234431.332132101,4.0,38826.568456780464
2320.0,1265313.37284446,258925.254909188,4.0,20241.71724398697
2321.0,1265643.27377281,258916.903229177,3.0,12896.980610732771
2324.0,1280857.82860439,281009.7255238,4.0,160048.21118596802
2326.0,1294519.13722637,186529.407603055,4.0,28208.857455703463
2327.0,1294510.56999436,186262.808370769,4.0,41590.25925309715
2331.0,1256940.50934789,259611.92710188,3.0,1605642.2345497853
2332.0,1256562.58685151,259534.16838181004,3.0,1085878.591482853
2333.0,1267729.96612693,268803.482183293,4.0,4335003.750095999
2334.0,1278903.00409038,234075.955171734,3.0,49222.58681944852
2336.0,1273207.74187654,253849.20504798004,3.0,128971.32752097106
2337.0,1273200.83870853,254082.10546422,4.0,542671.8743649428
2338.0,1276693.66994412,249275.018291295,3.0,1485859.130289839
2341.0,1268229.68753545,244905.496878833,4.0,59962.55797107324
2342.0,1269876.73873714,253725.908343852,4.0,6034075.751039919
2344.0,1272904.00069223,256404.555258602,4.0,47676.5695655504
2347.0,1263845.10410696,248456.027506456,4.0,569907.5108960582
2348.0,1281166.6508127,212690.378253832,4.0,316696.8763454626
2349.0,1276904.70264833,256621.686330825,4.0,619482.8630175496
2352.0,1266154.64900532,234013.672547668,3.0,503986.48455032246
2353.0,1290743.22093451,189838.26219843296,3.0,522940.7892003938
2354.0,1270444.01483372,226701.19010818,4.0,1418994.2883049983
2355.0,1270227.0148975,227068.099484563,4.0,874921.3005611813
2358.0,1269426.51192068,180487.129004866,3.0,414810.55185168114
2359.0,1269414.10219267,179832.849772185,3.0,382288.29940404167
2365.0,1271078.13528237,181778.576174185,4.0,11024485.32983191
2366.0,1281727.84460527,283787.397462636,3.0,54487.93759385803
2367.0,1281729.28223728,284300.72847116,4.0,418670.30928313074
2369.0,1271509.46315481,242253.979500115,4.0,25901.56609407165
2371.0,1266323.9711815,260354.354750648,4.0,670523.4767696828
2376.0,1267277.00113447,244927.220590845,3.0,5552.6745314312975
2377.0,1266509.10468569,194382.127419084,5.0,668683.7333427325
2381.0,1270606.69528188,204617.660741568,4.0,129956.0484777406
2382.0,1278190.14104965,218065.474131346,4.0,399930.43897049234
2384.0,1272084.8084354,227986.983453497,4.0,133317.62251150486
2386.0,1284103.9507197,245224.879407153,4.0,79295.54417877414
2387.0,1284111.52582371,245882.603503823,4.0,50695.38277221728
2390.0,1264949.78398009,256297.929466486,4.0,406804.40303415374
2391.0,1277997.19224945,267845.485126317,3.0,186537.11256728004
2392.0,1278009.03704946,268505.852230996,3.0,10310.62531027627
2393.0,1266966.95518216,258885.258621141,4.0,167437.22361451865
2395.0,1279765.72319527,201990.841858879,4.0,140136.03408535713
2396.0,1279760.68089126,201363.459586233,4.0,39631.43476264663
2397.0,1272862.0335882,239064.40784885,4.0,118978.80290346246
2398.0,1273148.10718849,239558.556137353,4.0,84778.0
2399.0,1273039.87966837,221813.514519185,4.0,146505.49825653917
2400.0,1273033.12939636,221507.620118871,4.0,135271.69211610293
2403.0,1283069.60959865,254484.056120634,3.0,32380.575624865927
2404.0,1283068.47705464,255126.034489289,3.0,57320.19899816454
2405.0,1277355.05938479,262580.541888922,4.0,293431.7337732789
2406.0,1277814.75500126,262565.287360907,4.0,373231.48569030105
2407.0,1264817.05425195,234367.548452035,4.0,709833.5600097788
2408.0,1264543.66967568,234373.429028034,3.0,65839.61429440163
2411.0,1286417.22630608,197203.771389976,4.0,328374.6513766552
2413.0,1274294.02219766,205947.172550932,4.0,198427.717910192
2414.0,1274680.78123805,205881.890886873,3.0,25307.05093046409
2415.0,1275826.61656722,237065.023014799,5.0,299799.911868189
2416.0,1276228.27551164,237054.965350792,4.0,575180.782669451
2420.0,1265141.67338829,236122.655525833,3.0,5583.127045963506
2421.0,1266260.39652543,255324.224377498,4.0,1527783.4399683285
2422.0,1266265.93854144,255598.158905774,4.0,212574.642775336
2430.0,1277027.88876046,247343.600561321,3.0,44956.9676148794
2431.0,1269035.61080028,267067.260933518,4.0,887936.5700954192
2432.0,1269040.81252828,267445.871045902,4.0,7503989.712811526
2446.0,1277146.78783259,217561.984274819,4.0,833246.0445946009
2448.0,1269269.86526452,173273.656549469,3.0,41436.60847910584
2449.0,1268614.48004785,173277.361253485,4.0,48792.9037678497
2452.0,1284378.82323198,276660.581647336,3.0,2726.1161390595407
2453.0,1285200.26086482,277487.409040198,3.0,42.0
2455.0,1264904.80279605,170035.831010163,4.0,434828.9476388819
2456.0,1284231.74214384,198572.046847388,3.0,95231.80987166717
2457.0,1284228.84025583,198379.94918318104,3.0,43285.8599177911
2460.0,1283653.40966325,195741.510204479,3.0,44966.187637428506
2461.0,1284026.61100763,195735.403260469,1.0,0.0
2463.0,1281512.27513306,255426.990585595,4.0,1350507.4021581465
2464.0,1277744.0635452,220349.513493687,3.0,29837.320778780155
2465.0,1277733.07205719,219793.734101117,3.0,38501.71710014577
2466.0,1276388.7201198,201754.200962633,4.0,127164.0
2469.0,1274207.08011757,254314.130296454,4.0,89201.89737034595
2471.0,1283554.25465514,269961.858824492,3.0,56294.54118530373
2473.0,1276881.10431232,261261.414271578,4.0,245918.3008198751
2475.0,1279084.29445857,207145.41984815904,3.0,116172.06510547816
2476.0,1279072.40242656,206703.722247705,4.0,98620.78794530056
2479.0,1269277.05156852,187806.969332352,3.0,112193.79422235284
2480.0,1264770.90577191,245333.813615263,4.0,64103.296218083975
2481.0,1281521.14521307,225146.939290598,4.0,68355.0344930676
2485.0,1264028.72151515,244560.124846473,3.0,39718.529584283126
2486.0,1278612.46469808,222042.600023419,4.0,1489208.4841585949
2487.0,1270154.39428942,270744.614153281,4.0,208490.2922979588
2488.0,1270414.23172969,270739.656457275,4.0,342635.04151242133
2492.0,1278247.7954497,259562.800893828,3.0,43130.01803567938
2497.0,1277589.62386504,258414.809084654,3.0,924559.6430562095
2498.0,1277589.53791304,258590.438972846,4.0,820277.3201845791
2499.0,1282396.60473396,226898.972188383,3.0,9730.729482799785
2502.0,1273345.72261269,181416.646509811,4.0,86953.36433442752
2503.0,1273336.72158869,181089.028013483,4.0,43896.13851318643
2507.0,1285874.02169752,185912.411442414,3.0,259337.0921000596
2509.0,1259048.54154205,193242.165497929,4.0,601263.0469735478
2510.0,1265435.87159659,235905.175653607,4.0,107282.24069991636
2511.0,1283596.19910319,244316.674542218,3.0,127439.91831330194
2512.0,1283601.68831919,244572.203566492,3.0,1426436.294547808
2514.0,1272067.31729938,221528.671254888,4.0,109177.24602980672
2516.0,1254594.64227349,252828.935734943,3.0,98314.085918208
2517.0,1254344.98403323,252835.484278947,3.0,60541.68245383791
2518.0,1283494.83974308,250527.997748584,4.0,241695.59413520808
2520.0,1268215.47467144,244385.4582223,4.0,220580.82251785384
2522.0,1262326.1891614,257015.04940322,4.0,514484.0329477455
2524.0,1258384.66883737,189874.16370247296,3.0,11523.20788079325
2526.0,1261676.19114473,188200.607668757,3.0,473776.3096983687
2527.0,1261675.65175274,188162.95518872104,3.0,357957.8057021809
2531.0,1270018.69054528,259473.89292573897,3.0,24568.81804369966
2533.0,1269949.79403321,226904.232988387,4.0,894417.4217507684
2534.0,1281801.21977335,169203.374305308,3.0,271187.1813329368
2535.0,1281786.89010933,168565.038304657,4.0,128231.17530090317
2536.0,1281472.86610901,229324.381726876,3.0,64237.5753697261
2538.0,1288011.68736371,190166.159158766,3.0,27118.78189028413
2540.0,1279844.67250735,253907.97029604,4.0,596954.492611555
2541.0,1280844.38047637,228260.729949787,4.0,632419.5376682834
2542.0,1280859.56780438,228695.674270228,4.0,827123.9000386881
2544.0,1280918.67494044,213221.629134387,4.0,2463396.248659419
2547.0,1284358.87673597,245219.182895154,4.0,61275.31872647595
2548.0,1273734.54366909,195568.953148305,4.0,618126.2491405245
2549.0,1273724.99218108,195259.430139989,4.0,453906.31357577135
2550.0,1265658.40330882,260106.055038393,3.0,100481.56916969753
2551.0,1266320.68119749,260090.120062381,4.0,146741.68362896325
2554.0,1275938.43525535,261294.120575607,4.0,257509.19997124487
2557.0,1263634.89028275,256189.897530377,4.0,104883.80350928272
2558.0,1263638.97725876,256458.298554659,4.0,58617.061339471096
2560.0,1266416.79223759,237898.710695654,3.0,241876.96995304825
2561.0,1266986.43217418,229736.11907129,4.0,8952692.537459204
2562.0,1267308.0837585,229728.076447278,4.0,9170465.17692888
2565.0,1263953.12586707,171982.877924159,3.0,126398.93858065052
2566.0,1264951.8600761,249578.911731616,4.0,109265.15744344491
2567.0,1265206.74474835,249580.480307609,4.0,174001.77590652462
2568.0,1280367.78757988,218421.349395707,4.0,433421.4710193318
2569.0,1263355.23370646,172803.052516997,1.0,0.0
2570.0,1280306.18207581,228701.303518236,4.0,135756.49051304563
2571.0,1280321.73189983,229167.058206707,4.0,135323.51450293956
2574.0,1278933.66117841,225591.016475052,4.0,902686.9983839114
2575.0,1279255.57561074,225584.055835038,4.0,415440.7575647588
2577.0,1288038.00288373,191193.347383827,4.0,606069.6293370187
2579.0,1274816.24031019,224643.12169008,4.0,305597.6890222955
2580.0,1279584.96601108,207073.442248091,1.0,0.0
2581.0,1279739.14681123,207065.80288808,4.0,333246.9933873086
2582.0,1258508.1203575,197095.796221867,4.0,1734174.2851684568
2583.0,1257845.50819682,197136.097021908,4.0,1636396.9632112435
2584.0,1258765.60016575,247092.360945061,3.0,31963.00678665365
2585.0,1258554.12355754,246930.963312894,4.0,72128.85991816138
2588.0,1266601.34628579,234638.889764309,4.0,628685.7758037846
2589.0,1266609.83479778,234948.752996624,4.0,226417.6739900148
2590.0,1278943.49189842,225957.016731426,4.0,575103.8095168313
2594.0,1278712.32505019,251278.347957358,4.0,168408.20053719834
2595.0,1266896.35198209,227696.541469201,4.0,152513.9159315683
2596.0,1270635.75326592,225114.057434559,4.0,808769.4460043359
2597.0,1270479.87166576,225377.276058823,4.0,5730000.114011934
2598.0,1263993.75409111,281162.327571958,3.0,122295.91825956549
2600.0,1271518.06481881,283334.956118181,4.0,99836.60995474298
2602.0,1276522.07250394,228346.79017387296,3.0,32141.70766969879
2603.0,1263250.19716235,169410.256801516,3.0,3502.7395943848205
2604.0,1262601.06922568,169431.229153544,3.0,7736.443035275359
2605.0,1272253.33829157,192180.112824842,4.0,1123229.1900167295
2606.0,1257497.42128447,194195.761018902,3.0,9949.366095107189
2607.0,1257487.34941246,193912.890490606,3.0,21834.040917781986
2609.0,1275967.25963937,264607.259267002,4.0,90935.05273811606
2610.0,1258479.10992546,190593.096631214,3.0,131578.55208284504
2612.0,1290442.45907819,187649.373492196,3.0,182351.89420792885
2613.0,1266903.65374209,254254.656312406,4.0,3483472.888508946
2615.0,1272409.83531573,204136.741125077,3.0,789653.9614083337
2616.0,1272619.22072394,203757.031940684,1.0,0.0
2617.0,1287953.19142765,192183.204344839,3.0,79502.6163529727
2618.0,1288234.04025994,192421.387577087,3.0,42877.113543243
2626.0,1265559.83658871,253481.723831609,4.0,219879.75219779348
2627.0,1266270.62750144,253469.667063594,4.0,254534.42206922697
2632.0,1268792.80811203,256197.168186396,4.0,807593.8035849896
2633.0,1268800.47544004,256856.759355068,3.0,157501.42892075834
2634.0,1286140.56051379,205954.337222934,4.0,73366.15683025804
2638.0,1278165.79756163,204085.089029029,3.0,453112.62720027607
2639.0,1269091.42859234,271428.835529983,4.0,241089.74372761857
2649.0,1261689.34922475,189288.426037878,3.0,462485.9394482045
2650.0,1261687.59959275,189151.369205728,4.0,1681938.9909854308
2651.0,1266814.359662,260610.073086902,4.0,1273160.333941113
2652.0,1266812.601134,260869.738879174,3.0,40949.749258062766
2653.0,1281351.24102089,231807.192353413,3.0,154687.66925470138
2654.0,1281368.13433291,232471.425634101,4.0,4328660.283262974
2655.0,1263074.63549817,193131.147321805,4.0,127933.43367341884
2658.0,1280255.49945177,227424.008220926,4.0,130950.53222664115
2659.0,1280541.77580406,227416.873052925,4.0,412291.5796745776
2661.0,1260505.77418354,242363.021612227,3.0,85561.90249945599
2662.0,1267113.10379031,227934.797853455,4.0,204236.50425654356
2664.0,1268073.00676729,246228.95153617897,3.0,6607422.738811788
2665.0,1276885.72204031,255958.279226139,4.0,1414135.0284006111
2666.0,1277544.15941699,255938.711354122,4.0,1050140.0234262948
2668.0,1275299.81119069,251867.540341958,4.0,54709.305562047775
2669.0,1277502.23064895,249616.655091643,4.0,191527.1500806857
2671.0,1271225.37873852,229627.305951178,4.0,390645.1739454839
2672.0,1271541.90334684,229638.150431186,6.0,4807459.194079808
2674.0,1277748.20165719,216363.970641598,4.0,270192.6007827372
2678.0,1262312.8106014,202459.227395356,3.0,93641.93857079424
2681.0,1270008.32241727,202187.531779081,4.0,8844443.528946472
2682.0,1270040.1399533,201799.360002682,5.0,1627045.086124875
2686.0,1286893.89101057,199156.404287979,3.0,166677.32224456806
2690.0,1274354.50469372,191024.591799647,1.0,0.0
2691.0,1274352.80094972,190947.78520757,3.0,44992.64250321429
2692.0,1266569.37623775,189112.906037688,3.0,65930.9916304585
2698.0,1266940.46699013,236182.471973896,3.0,84500.71009871183
2702.0,1275323.75275871,212556.155725703,4.0,1080348.9247301945
2707.0,1279843.01010734,261210.274303526,3.0,64427.25191717189
2711.0,1263241.26250634,233722.64649938,4.0,276294.1721910606
2712.0,1263248.60202634,234039.033059701,4.0,239676.60798490312
2713.0,1269465.93246472,243219.0461891,4.0,334790.86671808374
2714.0,1289514.39168525,190793.716983423,4.0,16754.48024254672
2715.0,1289631.67296536,190893.098999515,4.0,102106.32996345503
2716.0,1260680.21245572,257709.199931934,4.0,1804047.9958206727
2717.0,1260348.57437538,257716.301947951,3.0,1739192.3695691838
2720.0,1274356.22315772,208416.658121467,4.0,360183.64382931823
2722.0,1263471.20721057,247380.574257359,4.0,382034.0486886749
2723.0,1262757.74538584,247395.194993377,4.0,425526.0845789516
2724.0,1268673.5901919,246229.345584184,3.0,6796193.580239699
2727.0,1274536.31666191,216751.845842004,4.0,45183.547422973104
2728.0,1274528.4252699,216441.672529683,4.0,149464.70207340547
2733.0,1272716.93970005,200982.259585842,4.0,2981042.765094771
2734.0,1272989.24856432,200917.261377782,4.0,163121.976595819
2735.0,1279304.4613068,263939.331202313,4.0,104010.37519955578
2736.0,1274856.42591023,252134.895158231,4.0,466242.2998723177
2737.0,1275116.2843425,252125.96402221904,3.0,54451.15945007989
2741.0,1273524.69893287,201956.246786848,5.0,195265.11088748276
2742.0,1256750.02608369,191279.865591913,4.0,270582.14159555046
2745.0,1260950.00292,248255.043314263,4.0,110857.06053832796
2751.0,1279337.45701882,268882.384263381,3.0,62571.41743025884
2754.0,1269562.01688081,223767.338649184,4.0,51472.289021427656
2755.0,1269406.24260865,224030.398873448,4.0,47123.56554456814
2757.0,1266957.06641415,236802.317542523,4.0,81831.14305888303
2758.0,1266966.22187015,237121.268646851,4.0,108001.49069310432
2759.0,1278260.72524172,269627.875208139,3.0,24521.42742732414
2760.0,1268464.1467357,226254.061403722,4.0,276735.75668030325
2761.0,1268156.84747137,226549.587356031,4.0,506891.2982287299
2764.0,1270524.8588018,260787.106495082,3.0,38633.36960842036
2768.0,1279082.18156256,275093.427981734,3.0,349035.14899140404
2769.0,1279412.2915149,275081.681229725,4.0,122165.681363771
2772.0,1270423.5073137,275391.903054044,4.0,165016.8108110285
2773.0,1262989.04477808,187938.604916498,4.0,1179120.7707402236
2774.0,1262730.05188182,187944.991988495,3.0,272753.33274681016
2776.0,1279350.59052284,222610.422040001,4.0,2028927.427912637
2777.0,1279619.90258712,222605.118231997,4.0,915802.741685462
2778.0,1269881.95064114,229663.269151226,4.0,286752.1326687409
2779.0,1284590.3411842,206187.529031172,3.0,36687.469966630975
2780.0,1285040.82809666,206174.752775162,3.0,8221.307423015707
2781.0,1267685.57508689,245977.554735929,4.0,239580.66469425216
2784.0,1268058.88766328,245709.074991643,4.0,122363.0421630096
2787.0,1291576.50829536,189176.703157753,3.0,206942.77382109468
2788.0,1291855.57632764,189406.329653993,4.0,170577.78387553443
2789.0,1278617.51749809,214410.7786396,3.0,294145.52713956696
2790.0,1278612.23929009,214110.636559293,3.0,44214.44940514234
2791.0,1284920.99276854,199900.323072746,4.0,106032.16796201728
2792.0,1285072.54099269,199897.89561674,1.0,0.0
2794.0,1272208.96171552,253459.929911584,4.0,128817.1975096117
2797.0,1257893.08515687,257063.552251279,3.0,306220.76249937154
2798.0,1257681.06230865,257067.12773928,4.0,499909.7082136841
2800.0,1277853.57509731,253283.43941541,4.0,389577.7127796467
2803.0,1263975.47325909,256977.717115194,3.0,43913.0598116298
2804.0,1263985.2495151,257636.257467866,4.0,104488.2812893236
2807.0,1280246.93023576,257848.897148088,4.0,717317.7051298888
2809.0,1274852.97483823,226171.829275638,4.0,320795.7466513333
2810.0,1270870.07761815,240248.509098053,3.0,1235.9144802125732
2811.0,1270874.29643416,240399.872682214,4.0,47617.36301250988
2816.0,1264601.81943573,243655.916333541,4.0,834191.0020979755
2817.0,1264305.78756343,243664.356653556,4.0,496649.62261652655
2818.0,1280401.95551592,283001.049941838,3.0,11141457.653407712
2821.0,1266876.69943807,228585.211230114,4.0,208780.6867140212
2822.0,1265019.97220416,195097.149947822,3.0,1062209.376685608
2823.0,1264946.58257209,195099.410427824,3.0,443705.2854568163
2824.0,1274164.18712553,249454.305011481,4.0,1415073.8101226883
2825.0,1274497.06315787,249445.50123547,4.0,1251719.8530946667
2830.0,1261853.93226492,197783.624574572,3.0,1132156.075258057
2831.0,1261520.75639258,197791.845054582,3.0,1049667.1947865514
2833.0,1260441.00919147,194519.393211231,4.0,786656.5441802192
2834.0,1260419.09847145,193859.400442556,4.0,292106.3484422443
2835.0,1260437.23658347,189172.631285757,4.0,1693217.131189186
2836.0,1260470.6315275,188829.017781407,3.0,191263.26563862577
2838.0,1280636.76870015,212707.00878185,3.0,364035.50795747736
2839.0,1282891.71756646,258102.260476336,3.0,182541.68188117415
2840.0,1282737.0256623,226426.259547904,3.0,248236.4920997325
2842.0,1284891.82380851,191859.586552501,4.0,182362.76124681928
2843.0,1284880.01580851,191516.639736161,1.0,0.0
2844.0,1274470.75576584,213632.910478801,4.0,220437.0117995345
2845.0,1274447.08882181,213307.481998473,4.0,508739.0534331443
2846.0,1261713.39351279,259680.452541962,4.0,702108.5176106779
2847.0,1261726.87511279,260345.953854635,4.0,318022.0210859836
2848.0,1258922.20842192,252365.443894461,4.0,51319.211503436665
2849.0,1258932.43088593,253049.557047173,4.0,98799.61774745448
2852.0,1274108.39525346,234453.962020129,3.0,537712.2584706702
2853.0,1274138.6783255,235174.185956866,4.0,461525.50852006447
2854.0,1278523.42873,220334.650645673,4.0,1973683.04864347
2858.0,1269419.49944067,269431.150919944,3.0,184999.11257229876
2859.0,1269427.81048068,270094.671880618,3.0,101477.68963138526
2860.0,1273267.11909261,223826.489177242,3.0,69392.15846805346
2861.0,1273502.01259685,223965.498713389,3.0,34965.07001873796
2868.0,1282839.59174241,255659.615417838,4.0,375530.55800254055
2869.0,1280569.39154808,227841.96930936,4.0,496742.3932838069
2871.0,1277536.72696897,255615.78712979,5.0,808961.1277995985
2872.0,1273924.06949328,245435.131631374,3.0,57350.00395541293
2873.0,1274210.11192557,245426.648047358,4.0,198759.07539318243
2874.0,1272696.30590802,226689.518556178,4.0,656141.9694484422
2876.0,1259857.46704687,197833.420094624,4.0,555072.1556371023
2879.0,1277932.62879339,233485.352035135,4.0,252785.12248878623
2880.0,1274261.67774963,258027.08543627,4.0,3806607.887286368
2881.0,1274939.06059831,258007.546428248,4.0,2965372.720148337
2884.0,1273289.31589264,252761.206518874,4.0,60639.106985637176
2889.0,1265779.92996494,239986.427305788,3.0,1935572.607024419
2891.0,1284400.565952,196316.01631707,3.0,1249304.366584622
2893.0,1258839.97008583,259078.912445337,4.0,205861.9488182751
2894.0,1258846.32214984,259348.84070161,4.0,220843.37331426208
2895.0,1266001.57258917,234652.19978033,3.0,159171.5457947891
2896.0,1275572.72767097,249422.430387452,4.0,421436.6990148985
2897.0,1275874.32773528,249533.979763567,3.0,178782.75937571854
2898.0,1284337.12383994,209962.746891052,3.0,130984.07850483316
2899.0,1284647.40243226,209958.398795038,4.0,73934.13860657607
2902.0,1284301.58745591,207384.95380041,4.0,265254.60923502734
2903.0,1286144.6037778,206214.22874321,4.0,20765.441580015136
2904.0,1280685.5307482,182134.224750549,4.0,152710.2559512136
2905.0,1281103.68639663,182128.756910548,3.0,19131.51784724755
2906.0,1281558.3820131,220271.767573595,4.0,348947.6199010007
2907.0,1281678.34438123,220270.8718936,1.0,0.0
2909.0,1260915.75203995,246625.281136587,4.0,650652.7362689701
2911.0,1277871.38476132,244872.249198794,3.0,102906.51302825748
2914.0,1264703.45770784,193766.680506453,4.0,1771597.9995171411
2915.0,1264421.77354755,193774.995450467,4.0,969554.9901761794
2916.0,1284611.44940822,207381.486920401,4.0,162314.28389510847
2919.0,1258196.26269318,248049.066994041,4.0,1117180.8267558387
2920.0,1257495.54493245,248064.528946057,4.0,1263590.412779804
2921.0,1285062.81958468,258426.218492672,4.0,157556.93953796898
2922.0,1265438.03825259,229022.408862561,4.0,65878.61312884201
2923.0,1265655.26026881,229261.34505480496,3.0,6309.044206843517
2926.0,1256765.99881971,251072.717813149,4.0,121855.10584118526
2927.0,1256502.03971544,251074.96715714,4.0,146003.78259571837
2928.0,1271597.09483489,204589.100805536,5.0,3257180.081834112
2929.0,1273475.97163682,249533.265523568,4.0,1580722.732386591
2930.0,1273491.10418084,250089.55934813604,3.0,1280002.5337564987
2931.0,1262751.29399385,232565.857826188,3.0,2254216.4330667024
2932.0,1262911.67556201,232837.737506464,3.0,248262.86788793543
2933.0,1277382.96844083,224216.697049648,4.0,47663.64253638952
2934.0,1277390.78898484,224581.942042008,4.0,139814.0890916141
2935.0,1276922.99954435,257284.538363501,3.0,156399.78280018666
2936.0,1277574.64031301,257265.242171481,4.0,243552.6382528745
2937.0,1271741.77169904,270706.814985245,4.0,109373.44157836217
2938.0,1260262.4269193,190294.53983090803,3.0,140402.1645740591
2941.0,1263264.55146636,191121.560823753,3.0,66713.97269210519
2942.0,1263256.09905036,190453.615287066,4.0,122371.94563246418
2944.0,1271266.83825856,205717.108038694,4.0,54645.38646474264
2947.0,1260279.7057033,247170.951345146,4.0,235496.9339361111
2950.0,1261806.09770487,252348.484598443,4.0,260479.2312595296
2956.0,1269364.60945661,228063.76578958303,4.0,23656.124265823542
2958.0,1255545.05213046,250191.897716239,4.0,1188079.9956787832
2960.0,1265091.73418824,198535.752319351,4.0,2003760.1087505813
2961.0,1265081.34801222,197721.662078515,5.0,600466.0483513192
2962.0,1262522.25930561,198433.291903242,4.0,1742078.933456544
2963.0,1262503.72752959,197769.52947056305,3.0,1322590.7612426346
2967.0,1280247.86917976,257517.499835745,4.0,214671.02117316535
2969.0,1262486.12260157,235741.034853444,4.0,155556.83161864875
2970.0,1280589.8206041,209932.486731008,3.0,117707.84354751432
2971.0,1280612.60242812,209652.56442672,3.0,45357.27268614064
2974.0,1272935.08267626,268009.274118483,4.0,90694.09821204028
2975.0,1272681.73605201,268199.304902673,3.0,42773.19266045314
2976.0,1269839.1259371,223931.45122535495,5.0,276863.48904064886
2977.0,1270116.02072138,224095.413145512,4.0,296979.7219936972
2978.0,1283877.34028748,193146.00460182095,3.0,43075.76045712739
2979.0,1283872.44460747,192894.577913567,3.0,121278.6794688044
2981.0,1280735.04146826,230899.09276849,4.0,2734704.4130833214
2985.0,1271779.45733109,283325.305494174,4.0,258430.35812394152
2986.0,1271782.20043509,283818.742230669,4.0,342283.4030676237
2988.0,1266677.69886187,244189.30929409,3.0,42577.0275684081
2990.0,1276968.9820724,245346.372271284,4.0,160581.67129658596
2991.0,1281857.4024294,226942.428764433,4.0,159995.2584030007
2997.0,1280301.52825181,230911.159008503,4.0,120883.31684564432
3004.0,1256505.21161945,196671.960765436,4.0,148887.0526158017
3005.0,1256501.53021143,196539.53190130004,3.0,44046.05351825729
3007.0,1281855.5710694,255154.867129326,3.0,170498.29223690572
3009.0,1254785.93289769,256976.940539181,4.0,52238.53919605072
3010.0,1254298.22230518,257593.81663581697,3.0,3858491.5990405055
3012.0,1268527.91857575,256205.352186397,4.0,539930.2396023124
3013.0,1275208.5663266,204586.364933535,4.0,96925.60733052234
3015.0,1281929.62175748,245086.420719013,4.0,76371.36229265705
3017.0,1266464.80132565,250298.124852344,3.0,33281.50021535558
3019.0,1267012.1473102,263517.27756989,4.0,95166.75943920178
3020.0,1284000.0529916,201214.83129808295,3.0,398633.3745713046
3021.0,1284270.09804788,201211.734850079,4.0,366342.5860511675
3022.0,1285065.18112069,177956.930602267,3.0,51323.57537416266
3023.0,1272236.73854755,190997.52562362,3.0,573994.5592829577
3026.0,1270153.60952142,271409.267657965,4.0,124625.32232077268
3027.0,1270139.53048141,271622.051722184,1.0,0.0
3028.0,1280048.20293956,271753.218442321,3.0,72458.06464684661
3029.0,1278135.8892096,238063.851431817,4.0,541426.6712325345
3030.0,1278384.33228184,238057.62077581897,3.0,11692.028255744375
3034.0,1260477.40906352,195838.976252586,4.0,641151.9332551559
3035.0,1262424.31626551,266290.860228732,3.0,60355.5627936479
3036.0,1262441.70992953,266950.636485398,4.0,680107.8924417674
3038.0,1282578.92723015,259785.78566207,1.0,0.0
3039.0,1282892.02399847,259763.047230035,4.0,529999.1713691305
3041.0,1272831.22526816,231283.203552872,4.0,236098.37599543345
3043.0,1284343.12185594,210393.125899479,3.0,59820.73760971655
3044.0,1284653.48409627,210388.597387478,4.0,28461.182090967868
3045.0,1277340.81170478,261246.256511554,4.0,222505.16959896672
3047.0,1270261.07947353,256815.89593102,4.0,872455.7356054501
3049.0,1263077.48983417,264941.98662734,4.0,444137.89831728063
3052.0,1271625.79429093,205167.839430138,3.0,521301.02233669977
3053.0,1279718.06220321,205331.706246302,3.0,246471.3093704544
3054.0,1279795.78713129,204978.307717934,3.0,169541.99999999994
3055.0,1262838.33053793,197106.795197874,3.0,734306.3180759865
3056.0,1262822.81514591,196451.783421203,4.0,102166.6477957151
3061.0,1268934.14219217,256853.019579068,3.0,350779.0826551251
3064.0,1270911.03160219,255709.766265884,3.0,301202.6229920648
3066.0,1262177.76855326,248228.28158623,4.0,67506.99059688573
3067.0,1262926.50327402,234046.497571707,4.0,169600.6776753203
3071.0,1269976.74475324,189778.71704638,4.0,256662.1826222084
3076.0,1283906.35795151,276391.685199067,3.0,18528.516707118026
3077.0,1283771.58918336,234382.897828057,4.0,450167.1494440817
3078.0,1284111.44479971,234373.880100042,4.0,199683.12255416147
3079.0,1280983.31327651,251237.359541312,3.0,25795.09940542712
3080.0,1281177.71410871,251233.809653312,3.0,4790.561928973624
3081.0,1262957.58519405,241159.768810987,4.0,652292.6993818249
3082.0,1262164.44215325,241447.729515284,4.0,364291.77732099046
3083.0,1266203.81726138,252395.1105185,4.0,1053971.8147455913
3084.0,1266870.36414206,252381.631158486,4.0,1184995.692665537
3085.0,1284617.61964823,196330.470333084,3.0,189054.5350680944
3092.0,1258055.75056504,190605.529655218,3.0,20861.69235915976
3095.0,1267661.31499086,261385.651263699,4.0,129780.54399535648
3097.0,1271391.81669068,282503.75432533,3.0,109783.59422374053
3098.0,1271497.3601148,282565.401173383,1.0,0.0
3099.0,1283585.45670317,243796.756973684,3.0,43045.25454545454
3100.0,1284080.45305568,243791.659181684,1.0,0.0
3106.0,1278201.96319366,206753.491463766,4.0,33926.20470234985
3107.0,1270270.63851354,240416.313898236,4.0,86984.93095466842
3108.0,1270283.70641756,240892.457642719,4.0,574419.3075220506
3109.0,1281044.88927658,192601.291129261,3.0,84778.00000000001
3110.0,1281098.86194862,192419.553593084,1.0,0.0
3111.0,1286140.8620178,243851.183021754,4.0,238076.0635470246
3113.0,1278984.98130646,227458.628572956,4.0,218257.872429668
3114.0,1275620.33189502,260636.68684694203,3.0,120397.12424710934
3115.0,1275887.1548073,260630.355518922,3.0,42390.0
3117.0,1267018.70142221,264178.680130556,4.0,539788.7781393254
3119.0,1262588.94717768,261255.361791566,3.0,114648.50739840836
3120.0,1262550.94493763,261576.890367895,3.0,52826.07095416404
3121.0,1262172.10154524,247962.272881955,4.0,866775.56416641
3122.0,1286383.99181004,248612.786674619,1.0,0.0
3123.0,1286386.24409804,248942.657778963,3.0,44062.69791601471
3127.0,1275595.69579899,212550.522509694,4.0,775366.9609337833
3128.0,1275578.07800698,212124.934477255,3.0,622065.9656698956
3131.0,1270217.48081748,190591.386999205,1.0,0.0
3133.0,1271829.43429114,228511.303582042,5.0,1941883.3125396569
3135.0,1277262.4362167,205306.993414283,3.0,68597.35547349244
3136.0,1264017.62705114,252433.370934531,3.0,89334.51968214451
3137.0,1263767.65777089,252437.435510546,3.0,34355.816300241655
3138.0,1279921.95218742,219844.548629165,4.0,272733.7322472457
3139.0,1258403.01757339,191918.061176568,4.0,554787.1484092918
3140.0,1257736.0628847,191934.363640577,4.0,487540.56809032353
3141.0,1280184.24268369,215334.67444855,4.0,110301.21513164788
3142.0,1280449.18706797,215329.189200535,4.0,115222.05450009104
3143.0,1275893.65906329,254655.670904815,3.0,86081.54703326599
3145.0,1288893.69408461,190504.521015123,4.0,296601.67804015434
3147.0,1277433.81906487,216681.316113919,4.0,135210.84878380195
3150.0,1284061.50169566,205201.366278172,3.0,340123.203405255
3152.0,1255225.86377813,257130.649275348,3.0,376661.316199844
3153.0,1284283.90540789,202187.480579078,3.0,486591.87828714494
3154.0,1284364.18022397,202255.803587154,3.0,425130.6863613204
3156.0,1280244.73893975,257186.418811396,4.0,304121.8442354338
3158.0,1279457.51845895,190404.646903023,3.0,2018493.5026337968
3159.0,1279604.4643151,190048.10955865696,3.0,1504619.8479855396
3161.0,1255856.97641878,257266.45145148,1.0,0.0
3162.0,1255684.31005061,257269.871739492,3.0,84778.0
3164.0,1265680.70903684,238863.180520639,4.0,1311663.6552075949
3165.0,1265940.60126111,238857.655272633,4.0,721155.429443111
3166.0,1280238.76293975,256523.649786726,4.0,261580.55998305508
3167.0,1280241.70847575,256854.982779056,4.0,743282.6599819346
3168.0,1282980.89030255,203874.908676818,4.0,584251.0244034019
3169.0,1282973.82835054,203598.107396528,3.0,74683.87905142373
3174.0,1272087.6030594,222446.526999831,4.0,464866.8420691573
3175.0,1281680.09830122,214874.476240069,3.0,51.772802227012775
3178.0,1263852.84458697,197740.263102531,4.0,156780.63626856188
3179.0,1281013.13900454,232128.687137738,4.0,6399273.560981441
3181.0,1266923.83710212,255310.941625476,4.0,1489164.15950787
3183.0,1280019.60850753,205984.869958967,3.0,71120.43243496984
3186.0,1282026.97817358,203908.378372848,3.0,5648.11752015754
3187.0,1282335.5224939,203897.52275683,4.0,835905.6288539105
3191.0,1280003.3601875,253905.11109603904,3.0,523509.3796838533
3192.0,1279848.15410735,246490.108208448,3.0,12861.563309615243
3193.0,1280127.10143563,246484.60068844297,3.0,6882.264655175133
3194.0,1281313.76831685,245014.774190933,3.0,11770.810505558717
3198.0,1267321.14507052,243198.469421074,4.0,991265.3977462698
3199.0,1267660.09777486,243190.684333071,4.0,271677.2206017422
3200.0,1276406.41887182,268044.033606514,3.0,56727.112170343134
3201.0,1275889.3641513,251339.145717412,3.0,52895.69526430944
3202.0,1276184.43768759,251326.469557405,4.0,432044.6855481301
3203.0,1276270.74987969,261281.616639599,4.0,252642.25601271007
3205.0,1263521.40823463,237279.38282302,4.0,76981.85508432782
3206.0,1263204.36061831,237718.98659946,5.0,403347.98190616793
3207.0,1290695.92314246,180590.108076975,3.0,125293.42383978765
3208.0,1290672.08160643,180558.98481293,1.0,0.0
3210.0,1277065.85132051,236477.36906220004,3.0,496025.9207642524
3212.0,1264703.01021984,262250.327360585,4.0,220437.0170359893
3213.0,1269280.52497652,242311.707436174,3.0,50713.66330603436
3214.0,1269439.81636868,242307.355756164,4.0,185317.27184877143
3215.0,1285651.86067329,184966.513393447,1.0,0.0
3216.0,1285848.86489749,184894.555889368,3.0,731643.2085590295
3217.0,1266666.65162985,261537.308735862,4.0,328124.22299022914
3218.0,1266995.65361419,261529.44787184903,3.0,122547.15513374336
3219.0,1266255.61207743,252937.436151057,4.0,1468635.1358351617
3223.0,1282308.82015787,251212.327413291,4.0,227196.1002638112
3224.0,1282309.48716587,251881.563957974,3.0,166450.026738203
3225.0,1277261.36728869,254620.236600772,4.0,3868659.265524606
3226.0,1277264.0293687,255283.504953459,3.0,959424.3669447796
3227.0,1254968.35548986,253752.869943887,4.0,1238114.973917412
3228.0,1273980.31352533,264002.629250377,3.0,47631.94020879258
3229.0,1273982.22654934,264450.981378838,1.0,0.0
3238.0,1276493.39019991,227056.831772551,4.0,316051.7964241124
3239.0,1263576.50391468,253249.174391374,4.0,256864.33603663303
3240.0,1263582.0652587,253516.27589564,4.0,67581.00442036586
3241.0,1272366.59429169,268691.812487185,4.0,94690.51935856444
3242.0,1273022.42302836,268669.616967157,3.0,162827.42473825015
3243.0,1256247.53104319,197389.848446175,3.0,1398646.7627446463
3244.0,1256227.19152316,196679.855101436,3.0,1125488.202708238
3247.0,1263501.49290662,244669.50059057804,3.0,24857.923497599688
3248.0,1263381.27069849,244671.861166582,3.0,10651.359911553447
3249.0,1262156.14391322,235747.644773453,4.0,224699.2847327578
3250.0,1261826.26628089,235754.25238946095,5.0,408806.5214861638
3251.0,1264228.26084335,263989.22707437,1.0,0.0
3256.0,1282436.720126,224397.255385831,3.0,89385.44718387874
3257.0,1282673.33907025,224390.629401818,3.0,1092806.2480994312
3258.0,1278730.93426621,236429.335334152,3.0,16009.108294618767
3259.0,1278740.25477821,236726.582118452,3.0,29484.955566822697
3260.0,1278210.07141767,219118.832212418,3.0,335623.87957652786
3262.0,1277852.6407613,257256.897339478,3.0,778054.291634596
3263.0,1277934.40402539,257254.454779476,4.0,1105085.3100420556
3264.0,1277652.3402811,234109.117859766,3.0,342497.1833761722
3265.0,1273542.91870889,254331.979000479,4.0,79203.81662119384
3271.0,1278789.80549826,220681.75919002303,3.0,137504.0542898631
3272.0,1278782.88428226,220328.272405654,4.0,126363.85168926037
3273.0,1279691.84671518,269779.916616291,4.0,316936.9639470651
3275.0,1266165.97412534,238750.444200531,4.0,297552.44887571386
3276.0,1270718.719602,253004.13061511505,3.0,111279.10788715076
3280.0,1279363.07570685,228726.470174253,4.0,213837.5810991868
3282.0,1258207.00682119,248580.807730585,4.0,285089.1684003791
3283.0,1258212.56682119,248846.150066867,4.0,240271.6377674462
3287.0,1282086.40198164,194613.926523328,3.0,354342.28919245355
3290.0,1268131.22219135,271778.582538351,3.0,50314.9207455827
3291.0,1268133.24484736,272429.309259012,5.0,127750.02035716931
3294.0,1271750.30878706,275893.50311856,3.0,82329.37235093758
3295.0,1282327.84735788,186455.850610971,3.0,84778.0
3296.0,1282317.06911787,186215.899378732,3.0,169542.0
3297.0,1263359.95185046,189784.248182386,3.0,12940.132779702504
3301.0,1284316.48671992,179777.958508134,1.0,0.0
3302.0,1279749.92530724,284350.263127223,3.0,1036549.16838534
3303.0,1270754.45777804,275384.714446038,4.0,98633.67267114652
3307.0,1286647.69958632,192611.00466527,4.0,152657.081870962
3308.0,1263880.903595,233707.778147355,4.0,455874.365149612
3309.0,1263563.93207467,233715.145891368,4.0,349758.4392517959
3310.0,1280296.2959318,201970.587650865,4.0,154906.00922762768
3312.0,1283910.7132795,203582.908932507,4.0,58152.96153656278
3313.0,1284310.72953592,203576.599876508,1.0,0.0
3314.0,1281211.61234875,193580.482042268,3.0,14426.081928697216
3315.0,1281197.77510072,192977.818873659,3.0,42584.32380952381
3324.0,1281075.5358686,207944.288008973,4.0,2354867.954846096
3325.0,1281062.02770859,207181.7930962,4.0,4227344.240651729
3326.0,1274335.16318971,207588.59053660897,3.0,62609.41786347942
3328.0,1277121.63858455,266751.1310132,3.0,2418617.2914078147
3333.0,1273463.6783888,248505.108402506,3.0,580662.9984820801
3334.0,1273469.76958881,248765.363506779,4.0,726669.765922495
3338.0,1276701.02655213,217872.293075144,4.0,269757.0859957344
3339.0,1276780.32101621,217570.784786835,3.0,246004.4969986194
3342.0,1277111.94994454,214883.23995208705,3.0,18540.1876218316
3343.0,1277120.24754456,214740.578191936,3.0,26004.39907455629
3348.0,1269800.73227306,204640.897605598,4.0,154959.0777411812
3349.0,1282833.50547041,250540.403252602,4.0,255730.98882928863
3350.0,1283164.20787074,250534.170292586,4.0,192530.4663984139
3351.0,1277032.61285646,269867.588360384,3.0,357037.1376783849
3352.0,1277364.0111288,269856.405320376,4.0,197554.3923792668
3353.0,1267325.54532653,264832.987523228,3.0,42442.42786511734
3355.0,1260572.03421561,199812.521408647,4.0,946201.7462326213
3356.0,1260235.15696727,199821.340992659,4.0,206809.40919407803
3357.0,1270832.98315412,249145.917171165,3.0,44164.8949937626
3358.0,1279351.36249083,216064.75995329,3.0,95747.00574652612
3360.0,1283066.21689464,207725.092872754,3.0,8203.305982359994
3362.0,1258490.43242148,196298.40870104695,3.0,62235.00295372806
3363.0,1275829.96370323,223339.795224741,3.0,12931.197622357811
3364.0,1275836.55288725,223646.133529052,4.0,485964.9723202181
3365.0,1265377.11121254,245768.318639711,4.0,374410.615383682
3370.0,1282375.72191794,271032.154249579,4.0,165722.03680098068
3371.0,1282367.89382192,271688.008906245,3.0,133398.4850114815
3372.0,1292027.54055183,188493.83838905403,3.0,2627.5670060788825
3373.0,1292123.44026391,188200.317940757,3.0,33866.25513755724
3374.0,1262150.22301723,234862.35190855,4.0,120906.29416940958
3375.0,1269055.33419229,178520.579754844,4.0,161380.27625575053
3376.0,1268726.80331196,178523.465258852,3.0,58333.89578789817
3377.0,1259168.09539817,190553.002231166,4.0,1097743.7733795252
3379.0,1282079.97151764,224730.650394171,3.0,67777.85545319307
3380.0,1282063.55161361,225128.124698579,3.0,52789.785641242685
3381.0,1271823.35454713,250149.188148201,3.0,19507.303193708216
3382.0,1277024.92812046,269202.457095712,4.0,248836.3817547163
3383.0,1277355.8563128,269191.723207697,3.0,69113.48176396637
3384.0,1257539.2669805,250190.91544424,4.0,2499900.6225721138
3385.0,1256910.70493186,250195.968564242,4.0,2104763.520122956
3386.0,1283002.60223858,204691.816453651,4.0,1164888.3748906073
3387.0,1283667.63110326,204674.728261635,4.0,1104721.947546373
3388.0,1266832.72049402,250591.734836653,4.0,482527.12934100913
3390.0,1255443.18525036,195349.144188076,3.0,46203.68313244851
3392.0,1277512.83500096,237289.114471033,4.0,7914.18857979102
3393.0,1277938.61298539,237278.521639019,4.0,108739.12487198622
3394.0,1280197.82405971,216043.301649272,3.0,14162.60127781356
3395.0,1284155.73215976,250515.680820569,4.0,335332.35714127513
3396.0,1262560.53648965,193141.192889825,3.0,9500.540568751469
3397.0,1273950.68984531,263341.948481709,3.0,65989.05632809823
3403.0,1278873.37394635,256894.665147096,4.0,1352193.4574049076
3404.0,1279557.56057104,256874.852539077,4.0,1088288.4831384015
3405.0,1280445.29631595,230907.70921649,4.0,122789.56316231108
3406.0,1280003.67020351,253574.143223703,1.0,0.0
3407.0,1266370.43831755,242471.499116331,3.0,61597.89623532166
3415.0,1282176.88076574,213551.945742726,3.0,6986.609747442332
3416.0,1256442.34992339,194458.174203172,5.0,2206210.9110794608
3419.0,1278300.92786576,254331.089208484,3.0,23980.454438471126
3421.0,1273261.45304461,200852.289345711,4.0,105595.52076952784
3423.0,1267622.56734283,258208.915772453,4.0,104813.53189371496
3424.0,1279247.47026673,202688.402819589,3.0,828004.4746451608
3425.0,1279241.07333873,202338.594819233,4.0,185424.2911733584
3426.0,1281499.42278104,192973.922233641,5.0,210322.57064359548
3427.0,1281486.95730902,192434.161529094,3.0,207150.7198533791
3429.0,1269312.60401656,260813.304255113,4.0,1790076.2309171278
3430.0,1269318.35467257,261488.049663812,4.0,109997.24334650014
3431.0,1275194.63032658,232742.357474372,4.0,177130.2166813643
3432.0,1275692.68703109,232727.63574636,3.0,71901.98808676898
3433.0,1283594.94943918,201219.477250099,4.0,214937.94355321617
3434.0,1283591.74604718,200894.94348976,3.0,85507.08893690696
3435.0,1268533.40836777,208718.422601774,4.0,9188512.973895548
3437.0,1283103.91795067,234841.374244526,4.0,724760.0947200552
3438.0,1279983.84249149,249270.663347289,4.0,627722.7467598344
3439.0,1280243.80095576,249266.484851286,4.0,378129.2755675576
3446.0,1263108.61380221,194467.896315172,4.0,281558.5952718039
3448.0,1266183.60695736,193722.966330409,4.0,149119.19716582933
3449.0,1276130.40664755,225713.401691169,4.0,262605.4284016281
3450.0,1276452.33810388,225705.164187163,4.0,542613.0393848283
3451.0,1285880.88844952,209510.378378585,4.0,57022.368873090905
3452.0,1286257.36473791,209506.797002584,3.0,318927.793937526
3458.0,1273820.89976518,223383.014616787,4.0,68476.0005000448
3459.0,1273823.52805318,223532.632792935,1.0,0.0
3460.0,1265421.58391657,231531.389729127,4.0,4925476.6754206605
3461.0,1265429.61898859,231849.317281455,4.0,1490982.1069039162
3462.0,1268029.66366325,244629.673582539,4.0,80601.2556579623
3463.0,1264892.08759603,243133.15166100895,3.0,76187.30906729575
3464.0,1263156.18129025,196445.444861203,4.0,225302.56157885765
3465.0,1263749.05969086,251623.746549711,4.0,45100.8028429862
3466.0,1263758.84938687,252049.849398136,4.0,40307.858785409895
3467.0,1267024.07415822,243932.198637828,4.0,360077.7205685955
3469.0,1279239.80722673,250605.977908671,4.0,309453.4602416852
3473.0,1271191.60222648,225443.078426898,4.0,625808.1673473751
3474.0,1263519.69239463,197747.489470541,3.0,503792.0156544542
3475.0,1260206.11895123,198490.48998329,4.0,236479.658671094
3476.0,1260189.33418322,197825.142526612,4.0,166620.26108595624
3478.0,1266916.4966221,235251.971876934,1.0,0.0
3479.0,1263647.13175476,187922.269300476,4.0,1036054.092921111
3480.0,1270207.11832148,286706.395225629,3.0,169536.0
3481.0,1270478.78507376,286667.293593585,4.0,309014.04837783927
3482.0,1292626.67386444,187287.355891824,4.0,424896.5454807214
3483.0,1283561.79270315,255268.04338543105,3.0,579157.9860106187
3484.0,1283650.79974324,255524.32927370103,3.0,71423.4028270887
3485.0,1271009.2577783,213110.462990269,4.0,53130.05872955049
3486.0,1271239.26385853,213105.740878269,4.0,58842.72407807128
3487.0,1263078.30378617,249672.608051702,4.0,1477352.4998089897
3493.0,1271686.98245099,236396.674342111,3.0,42400.0
3494.0,1271864.44830717,236393.157286108,4.0,93996.93388911938
3495.0,1264996.87377214,259595.272253871,4.0,249583.6222376151
3497.0,1265869.21950103,193732.255674422,4.0,120076.70628146456
3498.0,1277787.15461724,255931.430202112,4.0,1384790.1835570044
3499.0,1277243.78533669,251979.005366072,4.0,233290.167463126
3500.0,1277247.14591269,252633.549622744,4.0,533687.1968267618
3501.0,1264348.22289148,246318.266992271,4.0,991730.5952030652
3502.0,1264062.04330719,246311.148592263,4.0,297497.4962225693
3503.0,1279908.9443794,219424.253844738,4.0,348097.4533458058
3506.0,1266010.12606117,234962.005924642,4.0,100050.5653999263
3507.0,1274559.83435793,252520.836278617,3.0,385208.563017128
3508.0,1274590.39794196,252712.949430823,4.0,118421.62268307646
3509.0,1265101.71940425,234672.166628346,3.0,84289.23122217906
3510.0,1265105.09764425,234804.705060482,3.0,29879.05583690975
3513.0,1269815.37003307,286910.384281844,1.0,0.0
3514.0,1270013.17611328,286860.744345784,3.0,42390.0
3515.0,1276456.77835988,285928.25436084,4.0,2558690.4584030006
3516.0,1276222.87429564,286166.312281072,3.0,84778.0
3517.0,1283002.64684658,180527.199788898,3.0,821055.7671527284
3518.0,1273545.18514089,254596.707128748,4.0,63259.052497262725
3520.0,1259430.11690244,251037.119797111,3.0,80768.53606476261
3522.0,1285571.48326521,209515.406858593,4.0,130689.19947541536
3523.0,1266004.89111717,242307.13950017103,3.0,45504.523735815936
3524.0,1266007.75070117,242480.597164348,4.0,177233.54479562445
3526.0,1258028.503525,187924.266036481,3.0,272641.6980046815
3527.0,1283162.09990273,259670.134653941,3.0,368251.41960721504
3529.0,1278190.75423364,255256.146745428,3.0,2048762.072201052
3532.0,1271485.67448278,241398.093099236,4.0,66159.82112010395
3533.0,1271614.78315492,241394.434347227,3.0,8821.915131675116
3536.0,1284952.63769658,260619.444734916,4.0,49106.72590196598
3539.0,1270399.93547367,180473.775660843,4.0,809449.6775571536
3540.0,1270722.989298,180469.400044844,4.0,874541.640550653
3543.0,1281748.25830129,276337.718095019,3.0,19039.69907480444
3544.0,1282023.42271757,275826.998670489,3.0,79751.89767160214
3547.0,1284609.09996822,201860.399874747,4.0,680741.9700143242
3548.0,1284694.30944031,201859.951362744,3.0,700137.3522881832
3550.0,1274468.18949383,223368.697112769,4.0,1275626.2877608195
3551.0,1281722.71794927,207167.584776178,3.0,192629.89172793177
3554.0,1282465.08358203,224735.306202173,4.0,138733.17820799458
3555.0,1283888.36780749,236480.379558206,4.0,153491.77715097184
3556.0,1283902.59257551,237062.173990801,3.0,42855.39659072453
3557.0,1264374.7343155,262259.440192595,4.0,656217.9235981954
3558.0,1274220.41310959,228385.005277917,4.0,403508.439426442
3559.0,1274542.38750991,228382.364573911,4.0,359061.6281365796
3565.0,1266073.89790124,249247.424499273,4.0,46308.82958905176
3566.0,1277524.42290497,253951.901688084,4.0,1651262.1894624515
3567.0,1277526.44882497,254613.757944763,4.0,3964124.055150469
3568.0,1265454.00081261,238340.653032109,4.0,1479816.672800474
3569.0,1280723.86662024,210555.522571653,3.0,223825.74066678845
3570.0,1280852.70854038,210202.421899289,4.0,157571.8998338953
3571.0,1278755.39615422,285720.48776862,3.0,53360.58449549167
3572.0,1279085.57625057,285711.834200606,4.0,1145518.147174704
3573.0,1264963.29380411,282326.273045152,1.0,0.0
3574.0,1292154.41952795,181741.212462142,3.0,4872.933759097151
3575.0,1292790.85069661,181700.352622107,3.0,52227.30674451219
3576.0,1269260.9115365,172948.786149144,3.0,141089.82499299943
3577.0,1269251.5981925,172610.854372799,4.0,4667834.200343686
3579.0,1267300.06308649,173285.975397483,4.0,51309.38664498831
3580.0,1262245.42263332,238530.035560295,3.0,62282.24964063551
3581.0,1261915.04528898,238535.540776297,3.0,58764.67441734623
3582.0,1263460.79812257,195130.72434786,4.0,2515813.4541571294
3584.0,1270058.59102532,245670.446127608,4.0,268873.95315425005
3585.0,1279366.06943485,269251.691591755,3.0,22468.38281609253
3586.0,1279688.83423519,269500.994888008,3.0,7353.763433947463
3587.0,1266819.00075001,241775.055915624,4.0,71009.93034521429
3588.0,1266982.13521418,241771.47261962295,7.0,719021.6276251135
3589.0,1269478.13323273,243644.99050954,3.0,108917.92754169067
3592.0,1273896.93310925,226842.522460327,4.0,3651.602715736153
3593.0,1274153.44504552,226839.424412325,3.0,667.2556700075814
3594.0,1271680.91486698,267385.530949846,3.0,10091326.719686124
3596.0,1281025.12978855,269738.468168259,4.0,614565.2602211384
3597.0,1281023.70034856,270404.786760941,4.0,412413.4724397803
3598.0,1268199.81585541,286047.786968961,3.0,1431373.3726427264
3599.0,1268202.66135943,286377.8158333,3.0,602191.7113781769
3602.0,1273896.36126925,190958.284855589,4.0,482882.60368936986
3605.0,1279714.14917921,271763.913290337,4.0,15623.669226594517
3609.0,1267601.60382281,256094.570938289,4.0,84557.24595239434
3615.0,1263770.30865088,234391.032356054,3.0,113291.834873752
3617.0,1283480.29715107,248538.847858548,4.0,463781.5616708478
3620.0,1284307.29747191,207815.343368843,4.0,940878.1589720758
3621.0,1284617.04550423,207811.210184842,4.0,599505.9789790304
3624.0,1283571.76415916,204945.21062991,4.0,2838698.8893330004
3625.0,1284338.95385595,204925.498437881,4.0,2557918.2159696687
3627.0,1280609.59686013,204409.346245363,4.0,405200.3540219218
3628.0,1280587.2868441,204187.328325137,3.0,42514.82597402596
3629.0,1279149.35173863,223856.700697273,4.0,129420.75170554731
3630.0,1279163.92159465,224551.050009981,4.0,86431.42709787421
3631.0,1273374.49157272,241398.162987232,3.0,200247.63229402195
3632.0,1260427.48035946,261043.751679346,4.0,46967.96260498118
3641.0,1274282.77022965,198853.514495671,4.0,1347591.210108487
3642.0,1274386.08760576,198854.055167675,3.0,1275212.926644208
3643.0,1278188.59775364,200760.781697616,3.0,337850.1905946654
3644.0,1278472.98168994,200753.336129621,3.0,185058.9800533153
3645.0,1257865.48419684,197942.569470733,4.0,52612.66724661322
3653.0,1273805.13733315,232861.470434487,4.0,448734.4542654177
3654.0,1280325.12165983,203961.174532905,4.0,179476.6266880938
3655.0,1280312.86578782,203293.627332211,4.0,165483.87792843336
3656.0,1285641.69107328,205966.741382957,3.0,12018.5926784476
3659.0,1265256.73284441,209880.104970962,3.0,258039.5938316304
3660.0,1275518.78059891,217391.475474656,4.0,246016.35081148936
3661.0,1275512.50239091,217088.75003434703,3.0,57149.55747078405
3662.0,1262780.85360987,248481.005490482,4.0,227974.37399315147
3663.0,1262183.75242525,248494.289202496,4.0,197796.6025055901
3664.0,1273515.99486886,224767.272730201,3.0,3110.8743224325417
3668.0,1273008.21931635,226162.662939638,3.0,744296.9229895729
3669.0,1272852.24357219,226426.131291911,4.0,525018.4271895521
3670.0,1274646.89746203,265157.464579567,1.0,0.0
3671.0,1271762.11121906,211201.896268308,3.0,154750.9566591914
3672.0,1271763.90584306,211102.134028211,3.0,71198.02701969424
3674.0,1295087.53242695,183864.764912322,4.0,104025.54654681016
3675.0,1259764.61751078,255050.756729215,4.0,152350.2075370211
3676.0,1259776.5121668,255733.015865907,4.0,101630.01519505844
3681.0,1266994.59319818,242285.041772142,4.0,564420.5284446868
3682.0,1276194.70866361,253315.287159443,4.0,509793.0622162323
3686.0,1272553.31307589,244395.259694308,4.0,129781.09293744472
3687.0,1272565.3888519,244807.912750721,4.0,230580.9228097818
3692.0,1275658.12677506,213276.874126434,3.0,23851.232989351494
3694.0,1274178.66053355,236823.604582548,4.0,177483.00169723725
3695.0,1274438.7135258,236819.713510543,4.0,147669.24496772522
3703.0,1263220.00298633,198856.72447967497,3.0,54834.28426966969
3705.0,1267249.32369445,240829.056554645,4.0,448711.8545832103
3707.0,1272577.3422599,256747.17823495,4.0,134384.69994436062
3710.0,1270981.96190627,223896.843033314,4.0,607699.5906693732
3713.0,1270589.45476986,240884.222122714,4.0,863425.3400603948
3714.0,1270604.25297788,241423.07076326,4.0,698856.5721370061
3718.0,1272920.54853225,227975.519581497,4.0,205168.8502611485
3719.0,1273237.52856457,227967.536669478,4.0,191221.7093692537
3720.0,1271479.27390678,202728.438531637,4.0,23989020.634240225
3721.0,1271463.73784277,201965.40064285704,3.0,172687.86793700524
3722.0,1282733.91641431,233789.732707441,4.0,84632.08482973085
3723.0,1272199.60939552,231292.909600884,4.0,145038.8554990558
3725.0,1275686.16472709,220147.799637482,4.0,62483.50760041409
3726.0,1275992.03979939,220300.452885628,3.0,19495.1749735488
3729.0,1263140.83652224,195790.820476532,4.0,1674760.448141294
3731.0,1262604.73092169,234053.778403714,4.0,75194.51870947746
3732.0,1262613.12528969,234416.47158809,3.0,4768.860879165851
3733.0,1272060.55621137,221222.745686576,3.0,25266.286982324276
3734.0,1272382.49745971,221215.802134573,4.0,31800.504463904294
3735.0,1273594.12696494,231259.813536853,4.0,154034.19840817736
3736.0,1273853.82789321,231254.174112841,4.0,121996.27421118008
3739.0,1284876.10534449,197611.169214398,4.0,898849.670711548
3740.0,1268974.33105621,244084.76394999,4.0,77069.78665833235
3741.0,1268982.46161622,244370.927406281,3.0,55979.8752316684
3749.0,1280446.05253996,222875.580632269,4.0,436523.7231655673
3750.0,1280439.74450795,223439.057176843,4.0,379287.1649947915
3753.0,1281440.84646098,229960.198367521,1.0,0.0
3754.0,1281464.256189,230029.063007593,3.0,163754.27691219922
3755.0,1284715.31008033,252487.325174585,3.0,77642.6258415813
3756.0,1257893.91786087,198998.004031822,4.0,354372.0879703085
3757.0,1257741.92765272,199008.735935822,3.0,152588.87581952888
3759.0,1283795.89593539,241767.28298761,3.0,176256.5690204767
3760.0,1284020.44633561,241952.691755801,3.0,115375.43995364572
3767.0,1280712.75999624,251242.359861314,3.0,43194.08059016102
3768.0,1280844.75846037,251239.921205312,3.0,48016.19881001483
3773.0,1282318.57145388,201243.842370123,3.0,410982.2822231996
3774.0,1282476.45823804,201239.498562112,3.0,342234.38984648744
3778.0,1280634.14406015,199787.313152626,3.0,747369.7342133736
3779.0,1280630.66303615,199303.025408134,4.0,309421.2043729862
3780.0,1282294.24799785,246572.223536536,4.0,36098.02654193834
3781.0,1282303.02681386,247234.004017204,4.0,366167.0198837481
3782.0,1274765.90642214,260663.100542963,3.0,42610.453264412674
3783.0,1262053.61360912,251653.86098173296,3.0,135752.5825791652
3784.0,1262066.23332115,252344.04331845,4.0,308431.9661606522
3790.0,1276128.60088754,267760.224134237,3.0,84778.0
3794.0,1263313.38468242,187930.559284478,4.0,761218.6110718022
3798.0,1266852.98916604,251579.056373656,4.0,267811.46855538205
3799.0,1276988.27071242,248057.062770054,4.0,24849.00448664371
3801.0,1280391.6726999,197606.897534385,4.0,80304.37687704575
3802.0,1280890.79871641,197593.263102382,4.0,311002.5468082992
3803.0,1272186.64485151,230452.890912026,4.0,496549.7372292313
3804.0,1269575.38692883,247008.427376986,4.0,1088306.0608616555
3805.0,1276745.71576817,255630.697529808,3.0,30058.92281855932
3807.0,1272402.78616372,222133.47976750092,4.0,98879.11700577658
3810.0,1274149.38110951,248744.582706764,4.0,328474.52154503315
3811.0,1274465.21310984,248780.188594788,4.0,2249174.8441973976
3818.0,1265368.51742052,262893.711873248,4.0,248738.57810318327
3821.0,1266370.60791755,237119.932710856,4.0,108950.61750197524
3822.0,1284256.26047987,200236.425409079,4.0,1526644.246408842
3824.0,1272290.6679556095,266037.460804462,5.0,286468.7241567121
3828.0,1266975.48663817,229310.134046853,5.0,189731.75753032023
3829.0,1278188.55116165,206311.30439131,4.0,48610.120249253785
3831.0,1256198.62627514,248358.584114358,4.0,117771.66345309342
3832.0,1256204.80509114,248624.551730633,4.0,285216.5074222206
3837.0,1266111.81412528,233350.091170996,3.0,26808.259044848
3841.0,1277159.36389659,285507.853656396,1.0,0.0
3842.0,1277461.96140091,285376.112088263,3.0,691010.6115347815
3843.0,1273282.25451663,269048.128007546,3.0,45711.98458235466
3844.0,1276635.59890406,263925.690434307,4.0,378350.35743989854
3847.0,1270747.42597003,246720.610672683,4.0,1434261.5660168328
3850.0,1275107.6793505,218724.134228021,4.0,539603.9524042677
3853.0,1282202.84857376,245406.273071334,4.0,5425.785365315707
3854.0,1282345.78630191,245387.464751318,3.0,19892.001950108064
3859.0,1267376.43467058,232433.920738056,4.0,692489.4516196625
3860.0,1266974.79895817,259545.797949821,4.0,4526174.602379727
3861.0,1266979.51780617,259809.973310083,4.0,3480784.3572476497
3865.0,1277284.00146472,205496.39162246895,3.0,64094.8962779983
3866.0,1284852.55321647,197224.355005994,4.0,965422.4030027104
3867.0,1266811.38097399,241470.872491315,1.0,0.0
3870.0,1277825.78904928,254332.827064484,3.0,34908.487467711304
3871.0,1277806.52536926,254612.761272773,4.0,2825378.8724905206
3874.0,1281888.75929344,227793.596701309,4.0,173129.18717557058
3878.0,1283789.71974339,192672.038009346,3.0,664251.1392413579
3879.0,1283870.65331146,192677.093753338,3.0,302393.52787152474
3880.0,1262744.02167383,188728.322485298,4.0,2611623.662562878
3881.0,1262055.73693714,189095.54974967203,3.0,2577767.5113629973
3882.0,1265002.51946814,194426.323515132,4.0,2277613.164307371
3883.0,1264720.66237986,194435.662779152,4.0,1103163.8991649055
3884.0,1284645.41420826,257295.350395516,3.0,2084940.365414532
3887.0,1275652.08869505,218713.803540006,4.0,774638.7047525948
3888.0,1275918.32965532,218708.320276007,4.0,93682.76782192456
3889.0,1274223.43045358,251395.940917477,5.0,1359609.373501963
3890.0,1274264.15250163,251649.890869737,3.0,28747.71773738459
3891.0,1266883.67876607,252926.621239036,4.0,1303840.0593932504
3893.0,1271870.56939518,230457.781664029,3.0,326827.09108163964
3897.0,1279180.95794666,247832.228529826,4.0,129559.04008081816
3898.0,1277849.3195453,251959.040822044,3.0,76109.21893601248
3899.0,1277851.2391613,252622.10936673,4.0,730068.00124397
3900.0,1276160.26155958,226566.406876042,4.0,119882.06522283032
3901.0,1276171.04370359,227064.236316562,3.0,246207.65296424815
3902.0,1277705.72204116,224941.252698377,3.0,14559.68752989607
3903.0,1277726.71839318,225248.947610691,4.0,171465.80211889098
3907.0,1279202.85881069,236714.199910432,3.0,51263.39935865105
3915.0,1274503.73010187,245740.08574368095,3.0,72899.6581261851
3917.0,1268326.02398355,261926.06220825,3.0,1385061.9440123185
3918.0,1282474.33951804,213044.79483020297,3.0,73506.89912220305
3919.0,1268322.36484754,261497.626431823,3.0,189369.0124245716
3920.0,1268658.1630559,261494.391807809,4.0,206193.667052958
3924.0,1258808.31171781,195213.787835941,4.0,547506.0847148227
3925.0,1275366.91634277,230079.475999638,3.0,53857.450477744496
3926.0,1275611.36536701,230077.342815638,3.0,7289.615442541194
3927.0,1257360.57475632,255198.714809373,4.0,1037361.9856922335
3928.0,1257096.56938004,255203.801401377,4.0,1221368.597024992
3929.0,1274486.06546186,224284.27004170403,3.0,11853.449995558523
3930.0,1275599.65279099,260307.395838603,4.0,998012.9104570964
3931.0,1276262.56120768,260287.990078583,3.0,814457.8727730971
3938.0,1286097.20889774,248483.068466485,4.0,703088.9734761986
3939.0,1286279.54252994,248478.924786478,1.0,0.0
3940.0,1277686.83333713,269180.989639685,4.0,134900.80091768227
3941.0,1277695.39692114,269845.222216368,4.0,210773.86860347976
3942.0,1278731.59372221,217010.19272226104,3.0,3546.899823986482
3944.0,1285669.99417731,203830.564548761,4.0,374848.5615946014
3945.0,1286323.43347397,203816.86054875,5.0,372800.0432669732
3946.0,1277551.329017,212086.072653219,3.0,23136.7118722034
3947.0,1277962.80652142,212078.94503721604,3.0,113216.94350734528
3951.0,1279412.4535629,230083.556703642,4.0,223342.28955389652
3952.0,1271991.9428353,205157.058630124,4.0,378550.6313658751
3953.0,1272357.78526768,205146.286982119,4.0,832051.7280578553
3954.0,1259508.09706251,188533.0440211,3.0,42389.99999999999
3955.0,1283848.36499144,253822.764791951,4.0,247822.30804641283
3956.0,1277506.48165695,237023.166502759,4.0,238759.17473678163
3958.0,1266673.02628586,262199.374016538,4.0,964921.0013604418
3962.0,1277046.98418447,223620.778265029,4.0,140621.46137864943
3964.0,1256001.61424293,255797.858297974,4.0,1268596.1794010038
3965.0,1261777.26410484,266861.370629311,3.0,34998.54699000688
3966.0,1261780.06986484,266969.720133424,3.0,104447.55360558546
3968.0,1266937.48542213,256375.299066573,3.0,26802.52831164857
3969.0,1271393.08869068,253490.063991621,4.0,130261.25666409556
3970.0,1271398.4210427,254148.050232291,3.0,72132.87582923446
3971.0,1268004.15454322,172733.842660919,1.0,0.0
3975.0,1268056.75614327,233055.761698693,3.0,876094.5013155033
3976.0,1280407.25996391,221541.359510899,4.0,39580.19535914632
3979.0,1275967.83218338,231275.823008865,4.0,79061.54952292773
3980.0,1275976.10904738,231573.25776118,4.0,246811.6796585002
3981.0,1263796.93162692,268234.459718719,4.0,117019.31333712222
3982.0,1263464.67146657,268243.251398727,4.0,107523.37314369998
3984.0,1260893.95056795,251673.789429754,3.0,19155.64823301538
3985.0,1260757.0502798,251674.54366976,3.0,24261.370422570097
3993.0,1281584.19033313,197565.80281435,4.0,111088.55691522024
3994.0,1275624.66194302,260808.100223109,3.0,6711.265078948411
3995.0,1279086.63532257,232026.79561764,4.0,24357.23308474546
3996.0,1279095.17529057,232298.967969924,4.0,18366.838121117005
3997.0,1258967.48227796,255060.877113223,4.0,308192.9341452431
3998.0,1258979.30282198,255745.372473925,3.0,91574.9975986663
4001.0,1277120.99621655,217049.190674305,4.0,491454.815521916
4002.0,1277111.83448854,216689.148753926,4.0,389701.4329959488
4003.0,1260028.77482305,255047.563193217,4.0,179852.07600350762
4005.0,1283337.58348691,253834.678455964,3.0,19741.054548585493
4006.0,1262975.58154607,172661.358564854,3.0,208857.04742783977
4008.0,1280277.46495579,168598.599904686,3.0,109141.81163149962
4009.0,1264958.74986809,171347.1984355,3.0,923748.3728906816
4013.0,1270261.23659353,188068.336884618,4.0,82424.32101582036
4014.0,1270566.83998585,188232.135156795,3.0,102916.49424181128
4015.0,1262468.02845755,208429.114441469,3.0,289636.150721282
4018.0,1273742.60267709,209084.672842145,4.0,200485.84397984404
4019.0,1274058.63717341,209079.233546138,4.0,337499.0321153779
4020.0,1280441.76249196,224161.813273579,4.0,227080.61346086493
4021.0,1280701.12812422,224153.591833577,4.0,121825.03444640125
4022.0,1272183.35710751,236926.823206663,4.0,187773.8236642957
4023.0,1272483.2633478,236920.920614645,4.0,212121.8284811593
4024.0,1266636.49713382,257571.596859798,4.0,262896.2946416621
4025.0,1266951.38596614,257564.074875787,3.0,24599.22248837024
4028.0,1274926.64856631,223358.675800756,3.0,43539.76973771046
4029.0,1275105.69842249,223354.730904758,4.0,339417.1259397773
4032.0,1273042.44856438,203770.14477270804,3.0,127864.43708017598
4033.0,1273989.46309336,203994.431684926,3.0,46485.65566968433
4034.0,1265690.95870085,248753.019378766,4.0,379588.1238958971
4037.0,1280607.53222013,229159.477854699,4.0,845413.7083887446
4039.0,1259609.24675862,246570.123440534,3.0,947.0746029622186
4040.0,1259611.04631062,246654.399536625,3.0,51394.800389084085
4041.0,1277346.42092079,258928.961277187,4.0,2930337.720202667
4042.0,1277345.98789679,259077.416381344,1.0,0.0
4043.0,1280020.67346753,230493.293408066,4.0,1426526.5564827942
4044.0,1280285.6542678,230485.935136065,4.0,81683.44299993581
4045.0,1277728.25944918,247672.51198566,3.0,7497.378742294144
4046.0,1279031.60031451,270463.089800999,4.0,1186929.3173035707
4048.0,1263973.96375509,242347.973420203,4.0,2261088.4297950766
4049.0,1270621.7476979,205204.840390176,4.0,90843.37774797875
4050.0,1270613.51544189,204909.006021872,4.0,144452.09148519873
4051.0,1286750.63046642,196075.404540822,3.0,3021.218469984284
4052.0,1286757.28141043,195829.05337257695,3.0,25019.801285333266
4053.0,1268401.70327963,234899.736356586,3.0,75908.33794896473
4054.0,1268693.44254392,234894.070692569,3.0,77056.62140747995
4055.0,1267118.46142231,279428.348754182,4.0,1114115.3612855754
4057.0,1281883.12678143,182118.162478536,4.0,254298.0
4059.0,1264650.07428378,189220.30046980095,3.0,113135.14608809524
4060.0,1264641.51133978,188694.99314126404,3.0,238366.33495240044
4061.0,1265346.6821565,244538.594734445,3.0,46971.94579443296
4062.0,1265609.03562877,244532.691502452,4.0,400456.4963575986
4063.0,1280890.48242842,247922.509873912,4.0,89432.99160687487
4064.0,1281188.39391673,247916.250353903,4.0,83447.99107579388
4065.0,1270962.36613025,205195.530694157,4.0,203599.16762966907
4066.0,1266025.6151492,251614.702901691,3.0,52298.98479493335
4069.0,1266793.63268597,249229.398323253,4.0,45771.45771563674
4070.0,1267819.78084703,285003.611863881,4.0,174478.68828117443
4071.0,1267821.68017504,285387.491352275,4.0,550815.1871422548
4075.0,1280439.42393196,179387.624299735,4.0,864355.7251608872
4077.0,1262209.57328929,279315.40507406,3.0,160279.62514330389
4079.0,1257069.59664403,191950.520760596,4.0,156227.78201838135
4080.0,1287893.26566759,182750.365295187,3.0,1984929.2044264723
4081.0,1274311.90174969,231642.250721246,4.0,135913.09021546043
4082.0,1274616.83614999,231633.079201236,4.0,144425.639617066
4083.0,1263778.8962349,230243.290591806,4.0,5545277.248645908
4084.0,1263624.37949874,230248.396575823,3.0,108029.795561827
4085.0,1258560.99133354,199218.539328039,3.0,86188.84577165225
4086.0,1282123.16959767,212186.078733325,4.0,27745.429625168428
4087.0,1282394.90758196,212177.911053315,4.0,8349.030490762083
4088.0,1280964.25951649,209178.977738246,4.0,167605.39745641928
4089.0,1281244.56703678,209225.74209028497,3.0,10431.315056959056
4090.0,1270587.00728187,229218.243486762,4.0,365517.9084006071
4096.0,1274300.27838966,206204.336071193,4.0,406706.9819510868
4099.0,1265101.54942025,210657.10605976,4.0,13933266.937596032
4100.0,1274478.46667784,213952.567631125,4.0,186960.6647261463
4102.0,1278440.23109791,249957.889651999,4.0,197001.4240439344
4105.0,1279295.27890678,227015.669148505,4.0,295673.1479160241
4106.0,1279306.8629068,227449.85097295,4.0,231245.19280833832
4109.0,1272811.65016414,230022.85769558,4.0,842587.2772976953
4110.0,1262771.54064986,266941.123397395,4.0,758474.5306220037
4111.0,1262766.24637786,267602.682438076,4.0,781545.5868825137
4119.0,1263638.85553075,172479.227364659,4.0,95510.103949617
4120.0,1263311.16913041,172497.608868673,3.0,7465.166750286183
4123.0,1277567.83884101,212511.115789652,4.0,165005.8978528996
4124.0,1263024.43479413,259149.532349408,3.0,57192.474503934
4128.0,1275459.14751086,214251.010959432,4.0,577409.8891790832
4129.0,1269754.68644901,245936.570927888,4.0,235094.7002492943
4130.0,1270064.73438533,245930.472495869,4.0,423817.9381002375
4131.0,1267230.42769442,264835.268675238,3.0,115853.71548162316
4132.0,1280110.96037962,218427.438611716,4.0,582696.798615559
4133.0,1272097.78315541,247208.61400118505,3.0,33091.09364969435
4135.0,1281634.25420518,228269.394973785,3.0,202353.2650143144
4137.0,1265008.56900415,252029.051190123,4.0,302133.9077902056
4138.0,1255559.32899448,250969.098933041,4.0,194513.2681599601
4141.0,1282020.28166157,246576.428208545,4.0,16887.791853057035
4144.0,1285509.00601715,242534.412716404,1.0,0.0
4145.0,1285511.86227314,242673.05450853697,3.0,42496.023809523824
4146.0,1278959.89637844,226521.796123996,4.0,358551.9263089258
4147.0,1261652.91594471,248505.843634516,4.0,187237.3428991778
4148.0,1264332.52471545,258950.084285215,4.0,455060.3800860541
4149.0,1264004.83773912,258958.37919721,4.0,301908.7865671875
4151.0,1284153.58252776,251960.009014055,3.0,119365.29180914108
4156.0,1275030.87864642,284495.973143369,4.0,794983.8591939611
4158.0,1282281.93337384,171684.096739843,4.0,3260131.468138704
4160.0,1257450.03094842,244415.207470328,4.0,94528.51608036678
4161.0,1280178.23813969,253901.971000046,4.0,1198603.4578430569
4162.0,1279626.97349912,214390.276751578,4.0,197513.00378958977
4168.0,1262779.24240987,207760.061640784,3.0,655582.6374144852
4169.0,1262449.31165753,207769.38087280103,3.0,265891.91004618525
4172.0,1279639.16505113,223829.16533725,3.0,323057.0090047642
4176.0,1265116.29514827,232148.584737763,4.0,244057.6693579571
4180.0,1272868.4328842,253172.946551293,3.0,48323.40307113892
4183.0,1278155.90060161,248823.93688283896,3.0,664620.516461213
4184.0,1278160.68472962,249088.424819112,3.0,107615.19606851682
4186.0,1264931.85815607,255086.335417256,4.0,371794.5096910864
4188.0,1283598.04588719,201543.905410424,4.0,120848.93464294769
4189.0,1286485.76358615,243581.589741468,3.0,124219.8914482546
4190.0,1286617.96243428,243820.441261709,3.0,81284.08309946055
4191.0,1274425.58098179,211713.859148845,4.0,377822.166420064
4192.0,1266035.6604612,245493.708591431,4.0,233751.88395646669
4195.0,1280411.41938792,286340.719449252,4.0,128188.46736562232
4196.0,1280911.36786844,286325.094169244,1.0,0.0
4206.0,1267991.3376472,261382.855295703,4.0,130869.08244233252
4208.0,1288233.02611594,188446.608117014,3.0,88796.38006560178
4212.0,1264786.18621993,267892.079494372,3.0,50427.85126958652
4215.0,1268090.54411131,252635.823926747,3.0,78354.31186916275
4216.0,1268393.46577562,268789.80935128,4.0,7413487.248250286
4222.0,1268686.71844792,270772.605257317,4.0,195677.4684047688
4223.0,1268691.09508793,271132.036617681,4.0,86255.06664251442
4224.0,1287891.83193958,185709.012594208,3.0,247605.86719423803
4225.0,1287858.95238756,184684.960177153,3.0,802943.2589185914
4229.0,1265211.48887636,238872.848168656,3.0,20641.34898748703
4232.0,1282966.36735854,203321.264388248,3.0,12681.609701552874
4233.0,1279046.69509853,271787.109450355,4.0,140869.64017779226
4234.0,1269584.15428884,277763.448208466,1.0,0.0
4235.0,1278274.46143374,262550.1827209,4.0,452292.7570271751
4236.0,1269675.15710492,264919.799363315,3.0,58089.9986860626
4237.0,1271751.70705906,221841.520663202,3.0,87390.50564008184
4239.0,1270627.98065791,242279.767852142,4.0,404745.35551761865
4240.0,1270921.75697821,242271.190764129,4.0,406705.3270388334
4244.0,1269846.4385771,206941.042311952,4.0,708856.4035031853
4246.0,1263538.19985065,237935.115111694,4.0,208384.9506762803
4247.0,1263548.44068266,238374.876072139,4.0,418349.8080974638
4248.0,1259729.65207075,245374.206575304,3.0,24104.73295284565
4249.0,1262659.25904974,256480.566586673,4.0,296489.8381061029
4250.0,1262668.23312975,257008.936571226,4.0,232272.62838552837
4251.0,1285922.82732956,186205.233714715,4.0,49607.09138090577
4252.0,1286556.05574621,185667.82168217,3.0,40473.157887766974
4253.0,1258833.61808583,258808.97990106,4.0,695004.0110827317
4255.0,1274461.18885383,223006.72111240003,4.0,1526752.0078054478
4261.0,1257310.91050027,252392.752886489,4.0,89910.69259899922
4265.0,1271487.06392279,202897.845955804,1.0,0.0
4270.0,1266613.0011338,172015.164644182,4.0,1652601.444480567
4271.0,1266290.46961346,172010.104612187,4.0,740848.2523463736
4272.0,1272072.56862739,270696.356681243,4.0,134221.41579839442
4273.0,1272403.35864373,270685.930889219,3.0,194105.3849336557
4274.0,1276967.01682439,217865.317651138,4.0,340309.4970904733
4275.0,1277208.46911265,217862.934163138,5.0,1755465.7368899663
4278.0,1283582.57580717,206539.74253554604,3.0,157967.84191306346
4279.0,1283670.13401526,206538.813767537,3.0,57909.816878796846
4280.0,1278177.43730564,205770.284102753,1.0,0.0
4281.0,1278161.59448962,205419.04039038703,3.0,69525.07742684304
4282.0,1267769.37022299,244615.477422535,4.0,75184.73115293354
4286.0,1264507.04733963,233061.1343707,4.0,204745.5622662036
4289.0,1263867.08177099,249656.183859691,4.0,249773.1512968937
4290.0,1263880.17066699,250321.199924365,3.0,38717.84347913627
4291.0,1266394.99204557,266178.524548605,4.0,1089278.431843474
4292.0,1256419.81123535,190673.309367299,4.0,379463.89916973154
4294.0,1280867.9654364,228970.289246514,3.0,1206527.5504559511
4295.0,1281203.84562874,228962.370590508,4.0,486698.0047520136
4296.0,1270378.02283365,193643.363514334,1.0,0.0
4297.0,1270479.68369776,193633.374010324,3.0,127729.62699210164
4300.0,1276533.21554396,228772.733214304,4.0,52680.34313504532
4301.0,1261819.36637689,233122.180514753,3.0,636455.761874028
4302.0,1261780.02948084,233589.45091523204,6.0,1241788.6052614036
4305.0,1257863.58160484,252383.337526485,4.0,50539.02022990757
4306.0,1270909.5962102,241840.369771689,4.0,635102.0140984291
4307.0,1271203.2596985,241832.081451684,4.0,712092.6996787748
4308.0,1278158.40556161,231216.887072816,4.0,119135.7715149146
4309.0,1274938.90539832,205394.094598368,4.0,910631.3155798066
4310.0,1274918.52523831,204593.03942954505,3.0,968083.3891034988
4311.0,1274136.02680551,248480.155698493,4.0,248409.51062141889
4312.0,1274808.56152619,248459.931058466,3.0,52006.24314362022
4313.0,1282336.6317419,204169.062277108,4.0,350160.83701752085
4316.0,1276806.42008823,217359.872850627,4.0,270353.1733972381
4317.0,1270648.39825793,213115.000078276,3.0,39714.81086674727
4319.0,1262352.00669743,253671.373367801,4.0,827567.1661354232
4320.0,1262366.05623345,254339.242744491,4.0,2250055.18984908
4323.0,1258943.96106194,253711.185591847,4.0,147782.12912996297
4324.0,1258678.56886967,253713.374903843,3.0,140281.669506474
4325.0,1258573.47261356,257169.544187382,4.0,313161.04619095195
4326.0,1258312.00688529,257089.741819307,4.0,291258.5077294485
4327.0,1263969.61898708,250319.59134836504,3.0,18837.183513471653
4328.0,1263984.3433391,250969.441781029,4.0,49395.0920501446
4330.0,1268914.44369616,255265.76652143904,3.0,1597486.2291567368
4332.0,1267443.30686265,277432.560720131,3.0,129545.71471743323
4333.0,1267444.84267065,278094.650320813,3.0,216009.1039662206
4334.0,1285142.07724877,199895.146944731,1.0,0.0
4335.0,1285393.63846503,199892.751616731,4.0,454440.2086524992
4336.0,1270309.37726559,241857.162091702,4.0,492145.66662176006
4337.0,1270616.0187379,241848.987563699,4.0,573100.0753058636
4338.0,1275949.88075936,261957.520512283,4.0,3484137.7419546265
4339.0,1266329.03550151,242300.672684163,3.0,246240.8438522808
4340.0,1277442.68716088,217041.366546288,4.0,131321.96164790966
4342.0,1279242.47161072,252111.70655021103,3.0,28603.28587404027
4343.0,1279243.34789872,252595.738678709,4.0,343879.0786697667
4344.0,1263845.83050697,237043.142182782,5.0,583445.0702055723
4345.0,1276520.98917595,269218.806535721,3.0,75293.63367104424
4346.0,1276772.8659762,269210.63098371,3.0,34487.93587099675
4348.0,1282377.11231793,206858.31149587,4.0,899318.9215840432
4353.0,1255073.88118598,194319.408379033,3.0,105275.93864967104
4354.0,1254822.55785772,193483.836922169,4.0,119347.9407936105
4356.0,1279878.84537138,214385.354511574,4.0,261015.3010378556
4357.0,1279865.50681137,213661.064590827,3.0,187096.7144108517
4362.0,1293033.63072886,179992.632236362,4.0,6054922.475657125
4363.0,1293030.26196085,179773.600236133,1.0,0.0
4367.0,1267717.21975893,233366.760099009,4.0,981306.6026699072
4368.0,1268064.50673528,233357.848035008,4.0,4748852.361357081
4369.0,1272712.22776404,263709.092098087,3.0,1863594.54723118
4370.0,1279885.78892338,224536.139993966,4.0,969215.2440790536
4372.0,1276084.6659115,203665.4730286,4.0,913957.1540082012
4377.0,1273700.47582905,240567.755882382,3.0,9688.809464897637
4378.0,1255777.5963227,194850.230843574,4.0,37739.999624540265
4379.0,1255156.57949007,194875.180283591,3.0,8611.249036336847
4383.0,1271234.14577852,212855.737806007,4.0,105416.44550270015
4384.0,1255539.62205045,249922.351027966,4.0,2757885.8670100598
4385.0,1275535.44197494,261440.90246376404,3.0,212145.44691968075
4386.0,1266635.43742181,235878.889253587,4.0,319833.13565041195
4387.0,1264498.84164363,251610.471989691,4.0,54456.64316927807
4388.0,1264248.86673138,251615.101877704,4.0,505120.3170724919
4390.0,1270078.75697735,244054.707245961,4.0,181760.79590113432
4393.0,1265965.93418913,258248.373052493,4.0,348350.3531087885
4394.0,1269375.38404863,177864.263146177,4.0,332884.1781486637
4395.0,1269042.72036828,177867.486890182,3.0,69449.99011428186
4398.0,1284487.1324161,235677.935589373,3.0,21516.498663480128
4399.0,1273284.74104463,226326.386075795,4.0,984086.568547449
4400.0,1273129.06258047,226589.96034807,4.0,360786.93647785374
4404.0,1266162.86327733,234338.44349201,3.0,348817.9553116005
4405.0,1280304.87436381,219409.114772722,3.0,33006.59868520527
4406.0,1280366.38111588,219406.739476711,4.0,83859.92173664189
4407.0,1275471.35615087,215440.780560657,4.0,109024.70088976948
4408.0,1275456.41848685,214879.888592079,4.0,87866.26814894391
4409.0,1256937.60937989,194689.065467402,3.0,662580.7123000196
4414.0,1274857.33080624,236340.431334049,3.0,41345.6035390325
4422.0,1277847.2877373,251295.883061364,4.0,255746.94560408656
4423.0,1277848.2880573,251627.279669717,1.0,0.0
4424.0,1266618.32689381,235258.695972949,4.0,69948.46420601154
4425.0,1266729.19313392,235256.246820942,1.0,0.0
4429.0,1282944.07212652,171861.510436028,3.0,296652.0
4431.0,1264186.74813931,279638.162322387,1.0,0.0
4432.0,1263970.35876308,279642.945426404,3.0,458647.0615876721
4433.0,1270218.83972949,283695.318870544,3.0,43558.49467485917
4440.0,1269001.17483224,200286.303937137,3.0,22040.44551613331
4442.0,1289249.89382897,191741.214392379,3.0,609818.4425277296
4443.0,1296910.58657283,184563.148401037,4.0,843692.1562263296
4444.0,1297204.44129312,184552.353777021,1.0,0.0
4445.0,1296257.74401215,184597.107953072,4.0,426233.8333055739
4446.0,1277301.63493674,232791.621154428,4.0,710169.7965332648
4448.0,1284592.9287682,205854.32301484,4.0,145172.1754729833
4449.0,1285032.88851266,205842.058886826,3.0,25483.97699199224
4450.0,1288465.52141218,186999.34859553,3.0,129786.07207803812
4451.0,1288459.18707617,186745.918323278,3.0,84777.99999999999
4452.0,1277150.99384859,212868.630798027,4.0,72446.5385375297
4455.0,1269524.64030477,268924.113223419,1.0,0.0
4456.0,1269725.75281699,268920.053831413,3.0,275998.3358175163
4457.0,1265451.92900461,237598.087911338,4.0,915724.692575112
4458.0,1265453.96804461,237835.554279581,4.0,1725727.445425403
4459.0,1268971.80971222,260159.504062444,4.0,5849362.208005117
4460.0,1269305.60894455,260152.000830442,4.0,9216471.698249536
4463.0,1280979.10726051,251900.135733992,3.0,36725.97669507095
4467.0,1259177.50122218,251701.581045792,3.0,56352.015566535774
4468.0,1259180.27779819,251861.526581943,3.0,18963.792887350985
4469.0,1280437.88159595,254622.401656777,3.0,26055.650963762266
4470.0,1281330.69510086,254232.69868037096,3.0,4573.7887212659125
4471.0,1254586.11344148,252308.943350405,4.0,75419.43795385923
4472.0,1254590.38544148,252568.997622669,4.0,103257.11347000864
4473.0,1274521.8081819,216181.610065416,4.0,504014.3520618071
4474.0,1274843.72056623,216174.04776141,4.0,320066.69489426067
4478.0,1282763.45439833,234850.544868529,4.0,1122179.1777511323
4480.0,1282337.7285739,204441.568581387,4.0,598176.3489887766
4481.0,1286131.95129779,205422.209350392,4.0,441536.052820742
4482.0,1286107.52249776,205143.760134116,5.0,738532.5892938025
4484.0,1258520.43760552,197627.21907042,4.0,226359.34078756388
4485.0,1258514.1062775,197358.466622144,4.0,106580.27842367667
4486.0,1267431.54148664,193016.371001691,4.0,171159.20085963912
4487.0,1267421.00900662,192349.965497017,3.0,1064214.080795138
4488.0,1258849.06979784,195740.348156482,4.0,3021895.2552352743
4493.0,1278176.40056963,249963.205556005,4.0,77784.5783788551
4494.0,1271854.23870715,244004.049197897,4.0,60842.582660958855
4506.0,1263889.75786701,234024.177443683,4.0,293053.04681619094
4507.0,1263899.93309902,234387.803684056,3.0,152519.93009411008
4508.0,1266309.95447749,234955.378340632,4.0,142803.44239090933
4509.0,1277405.26764084,225256.145434707,4.0,239669.88950347324
4512.0,1261681.77706474,258024.047740266,4.0,2352688.9295422486
4516.0,1268694.79915193,271436.161673993,3.0,40143.85528407163
4517.0,1293218.01882504,187820.638260365,3.0,17204.71650045962
4518.0,1292859.67143267,187666.28459622,4.0,72609.73891636939
4523.0,1268146.68868737,285199.296216086,1.0,0.0
4524.0,1268150.21163137,285382.589144275,3.0,242651.5063585205
4525.0,1281042.05433257,271064.479625612,4.0,1445494.852178119
4526.0,1281057.44306859,271716.715850279,3.0,67290.74319450767
4529.0,1271497.4284028,241823.803883672,4.0,59457.593175943024
4532.0,1279165.93177065,255228.452921391,1.0,0.0
4533.0,1279531.00645903,255217.650105387,3.0,65377.56984991478
4534.0,1260990.57834403,250116.136692166,4.0,1529887.923931342
4535.0,1260340.57571937,250131.267892182,4.0,2375496.83871483
4537.0,1284704.20838432,202509.323779419,4.0,693042.5078415335
4539.0,1271765.40453108,222453.518167838,4.0,790326.1850383552
4542.0,1282082.37273364,225607.544347063,4.0,75085.53174988746
4545.0,1260491.89360753,196498.28198126,4.0,739600.488144326
4547.0,1279235.22521073,202018.77158691,4.0,359923.0061166185
4548.0,1279223.10911471,201374.585922256,4.0,135934.50049998614
4549.0,1269083.27377632,270765.043209299,4.0,296423.44248477457
4550.0,1272400.94757172,227167.564828664,4.0,72398.73581298755
4554.0,1262971.87229806,244118.638830021,4.0,53537.903875738746
4555.0,1262972.42410606,244246.971950158,3.0,57099.7964536364
4556.0,1269652.35627291,262130.463040471,3.0,55724.08757973959
4558.0,1261534.9971606,239071.586600855,3.0,28050.073259721947
4561.0,1275004.70744638,176467.20560874,3.0,801192.6255979153
4564.0,1263315.13079442,205720.716294706,1.0,0.0
4565.0,1265764.20593293,266856.176709309,4.0,736318.6136674337
4566.0,1282918.28447849,200903.736129776,3.0,76121.54480978967
4569.0,1266654.14935784,241778.676971629,4.0,131557.78016589832
4571.0,1287054.11577873,187901.801140457,4.0,3781583.589690189
4572.0,1280029.57074754,217494.338770762,3.0,19545.075650906136
4575.0,1284149.17535976,249190.499443218,4.0,291541.3268256088
4578.0,1263406.1397545,193124.770041808,4.0,652926.4175356484
4579.0,1263388.3310505,192456.63653712,4.0,1432174.3317565916
4583.0,1262225.5896093,237957.181351706,4.0,103593.91222882012
4585.0,1277541.55672899,207676.258632705,3.0,481557.4833384755
4587.0,1273765.87954111,206764.72013576297,3.0,60150.38229018064
4588.0,1285736.97209738,206222.826503217,3.0,1168.1233924688088
4590.0,1265453.56318061,282116.878164932,3.0,145017.5383588369
4593.0,1270423.53777769,276055.278414726,4.0,208398.72879114916
4596.0,1280492.90412401,248595.682738602,3.0,9344.672258623094
4598.0,1264017.34852314,244100.246830001,4.0,146839.08680363695
4601.0,1275782.04152718,224618.600410059,4.0,475946.2034974948
4603.0,1270635.93995391,205734.606022716,4.0,74231.02382063249
4605.0,1278799.93413827,254595.33938475,4.0,2973908.440813471
4606.0,1279651.46847515,254562.509368718,3.0,1750004.7097227916
4607.0,1265655.04439682,259841.799678117,4.0,5849581.36023112
4611.0,1263657.03594677,257644.358203873,4.0,119090.42285413566
4612.0,1274501.95288587,225097.759898543,3.0,20335.74743134333
4615.0,1279605.08569109,223587.21570499204,3.0,346193.13035239896
4616.0,1282251.80089381,199272.739392102,3.0,188532.2740038746
4617.0,1282252.56530981,198958.090367779,4.0,123539.10202176277
4618.0,1278289.20056975,221538.237526894,3.0,309731.38480132585
4619.0,1280329.71909983,170765.284578905,3.0,292167.49267977616
4620.0,1263195.3675303,232670.009186298,4.0,234595.1661650204
4621.0,1263196.92989829,232772.858402401,3.0,187179.34291530825
4627.0,1280095.7687636,279972.863058731,3.0,369856.5626585479
4630.0,1269902.70520116,190428.911927044,3.0,284198.22152552515
4631.0,1269793.01412906,283359.472470209,3.0,244972.5442424749
4635.0,1273384.55486873,202576.088771477,4.0,394475.9530497159
4638.0,1281866.42470141,212193.795853332,4.0,62111.87181285282
4640.0,1267526.49867073,235859.415845558,4.0,172531.85791294996
4641.0,1267651.34910285,235702.213413402,3.0,84778.0
4642.0,1278208.38578567,256250.847546443,3.0,755062.6098805303
4643.0,1278557.49855402,256240.67205843297,3.0,732858.4327101829
4645.0,1270946.99870624,243146.004333019,4.0,156750.88325011768
4649.0,1283772.56915137,208254.205001295,1.0,0.0
4650.0,1284313.25311992,208244.209609285,4.0,292569.4171844752
4652.0,1285863.09254551,208224.383881271,4.0,27078.97492710993
4653.0,1255870.7516508,255800.38879399,3.0,1337473.530718081
4654.0,1255850.92656277,256004.565562189,1.0,0.0
4655.0,1274250.82347761,203412.111684337,4.0,83849.84523826007
4656.0,1262459.96944955,234856.094052538,4.0,20449.392780238624
4659.0,1269561.30526482,208703.76576975,3.0,116116.71296579232
4661.0,1277669.75429712,246009.70167996,4.0,90257.27400184463
4666.0,1286764.94278643,180281.39415665003,3.0,84778.0
4667.0,1287161.89869083,180268.131372631,1.0,0.0
4669.0,1279864.72268337,223581.501784995,4.0,764187.1935008853
4670.0,1283848.48371145,194575.954171285,4.0,1082606.0963929691
4671.0,1284029.35180762,194572.329467282,3.0,380699.254596233
4675.0,1272508.82200383,230868.075104445,4.0,193828.6195704397
4677.0,1269381.74891263,245423.36657536,4.0,83296.70460980097
4680.0,1266300.14647748,241059.323754892,4.0,566295.304147778
4685.0,1262792.21085788,195141.635771871,4.0,2780747.596189302
4688.0,1263122.68433022,172655.060964838,3.0,84845.27122192294
4689.0,1268598.97943982,172623.779876813,3.0,4258409.401864044
4690.0,1281536.39519708,211226.977932334,4.0,456238.2785151489
4691.0,1289352.46253309,186638.440499157,1.0,0.0
4692.0,1290057.3610938,186671.844979197,3.0,280648.48876819765
4693.0,1274227.72344559,256033.019898221,4.0,78060.76912783715
4694.0,1274894.07019827,256014.666234195,4.0,150525.86934147685
4698.0,1279832.80082734,200877.203713745,4.0,108226.34000719046
4699.0,1280400.1287639102,200866.10694572303,6.0,422340.3073092626
4700.0,1259525.59402254,197841.697598636,4.0,11405007.420356467
4701.0,1259187.86672619,197849.629374638,4.0,360904.76672395016
4703.0,1262337.88765742,257674.228859901,4.0,1450832.1551880147
4704.0,1280910.82719643,259161.841725424,3.0,110940.41751048031
4705.0,1281580.69266912,259145.436221406,4.0,208095.5743510888
4708.0,1266420.8669896,248718.629682735,4.0,2958325.3096622974
4711.0,1277097.18258452,215137.139728338,3.0,78085.01363439776
4713.0,1265585.53566074,254809.880568966,4.0,156394.27022846867
4715.0,1267147.23268634,248960.608178973,4.0,103478.50448026675
4716.0,1280433.84716395,222588.462103978,4.0,351634.069696026
4717.0,1285815.97651346,248488.662578493,4.0,474994.7305626156
4721.0,1279041.34668252,228734.891742274,4.0,140783.04598618858
4723.0,1277627.69106507,265215.293507621,3.0,90548.80614876882
4726.0,1286586.06752224,177266.790633559,3.0,16021.674182047587
4730.0,1277939.32037739,219790.876181111,4.0,5720222.218979158
4735.0,1271324.00907461,248308.666226313,3.0,13196.32047091591
4742.0,1263808.33316292,195779.029500514,4.0,3269332.325327696
4743.0,1275960.64645536,262621.228800967,4.0,198772.34832904465
4744.0,1267973.50238319,230563.677792147,4.0,3490464.689093315
4747.0,1270884.41515417,201987.508226871,4.0,87129.86742652472
4748.0,1270858.69048214,201925.88173081,3.0,81877.46838183815
4749.0,1261800.80733687,239066.992104843,4.0,89875.726237452
4750.0,1261810.46090488,239367.128361151,4.0,119052.96443145275
4751.0,1265758.94474892,228731.106974259,4.0,20454744.01387559
4752.0,1280992.54354852,169221.635105327,3.0,49736.33325414336
4756.0,1264938.89425208,186678.274099201,3.0,9707.054795188627
4757.0,1265621.99198078,171359.234851509,4.0,809107.0471362649
4765.0,1277307.98693675,247337.713137314,4.0,60540.36096264814
4766.0,1277468.0191289,247334.35025730697,3.0,34789.83519166131
4769.0,1259465.12471047,253041.151223153,4.0,139673.1084173286
4770.0,1259476.87235849,253706.380151838,4.0,169490.5081996214
4771.0,1268608.56343985,212910.03131006696,3.0,130690.53370921587
4773.0,1266700.37694189,245479.353967413,4.0,164252.6112886976
4776.0,1259682.8184707,250144.771508187,4.0,2525871.922109495
4780.0,1276217.66533563,201975.877314866,1.0,0.0
4783.0,1260956.09316,248521.012274534,4.0,191925.2111426256
4784.0,1266895.59998208,253725.957879856,4.0,297372.8979610874
4786.0,1282159.07698971,227787.709277302,4.0,77198.67799499068
4787.0,1282175.40012573,228248.128925771,3.0,53821.07616836382
4791.0,1268943.52241617,243659.88618955,4.0,106064.08607461271
4793.0,1279855.58489135,254910.95813706503,3.0,771650.1883928126
4794.0,1281746.02335729,276816.2489755,3.0,62844.74005839348
4798.0,1271097.15096238,225743.010267198,4.0,1287178.5782493462
4799.0,1282171.64223772,251882.444533974,3.0,116208.17174819345
4802.0,1278178.17650564,250636.382708699,4.0,200300.3088090069
4803.0,1278179.88940164,251289.050677359,4.0,196926.5023060587
4806.0,1261613.03082468,255016.820473179,4.0,448470.6411955771
4807.0,1261289.02884035,255021.93925719,4.0,527236.6334945855
4812.0,1262868.68445796,250989.53784506,4.0,889029.6876794324
4813.0,1262729.87767382,250986.177973047,4.0,41178.12774463648
4814.0,1264044.19031517,245280.401967213,3.0,198152.0455825029
4815.0,1263252.25719436,245298.150255233,4.0,192779.79124035136
4818.0,1271254.01419455,243593.330541477,4.0,107017.89383014968
4819.0,1269673.81291293,264779.740227178,4.0,124021.7816966865
4820.0,1263269.80247436,246097.25041604,4.0,894747.3953385496
4821.0,1288234.65805194,187883.201460436,4.0,1383602.7433188336
4823.0,1280723.66028425,271721.333642289,4.0,43116.12333340158
4824.0,1271097.15589039,278221.657936946,3.0,1901258.6954875216
4825.0,1271587.37899488,278204.954192922,4.0,85142.46939045162
4827.0,1268788.45739202,252707.176822811,4.0,27729.11021255934
4829.0,1282200.48966175,256202.933562398,4.0,52529.8327649915
4831.0,1278233.46348169,212495.593485638,4.0,84778.0
4836.0,1284182.20415978,257472.0419157,3.0,1531759.86396292
4837.0,1261330.02551238,257033.77605924,4.0,851147.2187500764
4838.0,1260997.83293605,257040.055931255,4.0,294928.146816538
4839.0,1264425.32209155,242860.54686074,4.0,1583928.9675840186
4840.0,1272301.48945962,244814.983918726,4.0,153333.4280145808
4841.0,1272314.83128363,245270.449903205,3.0,12413.07279285885
4844.0,1268251.41188747,245705.288879648,4.0,47147.33582338698
4846.0,1293774.05671361,187532.291380078,4.0,18265.323376195887
4847.0,1279041.05996253,269136.590151638,4.0,1162339.4993543492
4848.0,1264900.31658804,279981.788242742,1.0,0.0
4857.0,1265598.09764476,244073.375469968,4.0,481769.0700735948
4858.0,1265858.10404502,244067.545133963,4.0,80272.91689087925
4859.0,1269488.90744074,270757.309001297,4.0,69029.50015021786
4860.0,1265997.74122916,239196.406888977,4.0,1030387.6102488986
4861.0,1279628.54041113,227441.079004943,4.0,270110.6161736862
4862.0,1279950.47775546,227432.320540935,4.0,528320.6415325927
4864.0,1280118.94789962,245952.146031901,3.0,150387.46227597172
4870.0,1273700.56901306,206492.198343486,4.0,136981.6165388237
4871.0,1267447.93649465,241079.183978915,3.0,96961.86423524392
4872.0,1267608.18321481,241039.34052287004,3.0,82558.4829751185
4874.0,1275604.44709501,259644.541501924,4.0,151066.74445103167
4876.0,1263457.85028256,204421.55846937,4.0,4443558.793688074
4877.0,1263470.90148258,203095.978116021,5.0,4163653.645210949
4880.0,1266298.23172547,172656.184996843,4.0,940557.3529880984
4881.0,1268764.74648,274758.315789402,4.0,73164.33816029002
4882.0,1269098.29374434,274752.482765391,4.0,27638.98413175668
4883.0,1268727.00414395,178532.886506855,3.0,63665.4314289282
4886.0,1257909.83811688,255074.522425234,4.0,605609.9341335082
4887.0,1257633.7739886,255076.003065243,3.0,309916.8990817969
4888.0,1262597.45668168,233738.245923385,4.0,53670.98862350024
4889.0,1275388.67160678,230799.624160379,4.0,87819.29262195945
4890.0,1275635.17074303,230794.74755238,3.0,33766.07289704605
4891.0,1289692.23219743,187582.72171612096,3.0,103402.81383074204
4893.0,1258333.98979732,246752.895088717,3.0,83524.7335787106
4895.0,1269673.95499294,228217.458717734,4.0,446610.1912354589
4896.0,1269890.61304115,228455.546845987,4.0,69015.85002836226
4898.0,1285403.24473703,243483.012205377,4.0,861778.6738614233
4899.0,1285406.99667305,243758.653997645,3.0,24413.566713762848
4900.0,1268385.67902361,235639.493413344,3.0,51771.27311751202
4901.0,1273599.53835694,259372.270781636,4.0,3717876.665248793
4905.0,1267187.00587039,234315.704035982,3.0,129283.042522975
4906.0,1267194.59447838,234625.610276297,4.0,1682401.9327922214
4908.0,1256210.39299515,248890.531890914,4.0,150766.13873132432
4912.0,1282383.49714994,282443.122901261,3.0,631611.8645160996
4915.0,1269369.56126462,189137.358069718,4.0,285001.8004339836
4916.0,1269346.53764859,188466.198005036,3.0,103831.2283339636
4918.0,1286932.6055066,192603.505337268,3.0,109918.85947670444
4919.0,1287217.5101469,192596.006969258,4.0,106665.04457429056
4920.0,1278160.24901763,236072.618213788,3.0,96970.15854743207
4922.0,1263484.51101859,250978.52472505,4.0,123682.9110191303
4923.0,1263238.54858634,250982.921077043,4.0,654785.2389784805
4927.0,1262400.56733748,233114.476450756,3.0,315315.1734706728
4928.0,1262407.48560949,233427.339683071,4.0,286435.0150366335
4930.0,1267029.01246223,244701.476910621,4.0,349117.5129487594
4932.0,1278862.29420234,269726.066312239,4.0,889209.2395561594
4934.0,1286482.88723414,199167.41708798695,3.0,299767.7258617325
4935.0,1284707.87667233,248789.660658807,4.0,178804.2264952944
4936.0,1275336.96863073,268591.959687084,3.0,172488.7629944136
4937.0,1275686.75039108,268580.276295066,3.0,146493.0311114098
4938.0,1259812.18339883,189183.006261766,4.0,1036528.5061837122
4939.0,1259499.55639051,189187.611893773,4.0,1485203.395058755
4940.0,1277862.33004132,214125.846159309,4.0,129925.5385604972
4941.0,1268248.66059147,245604.553199545,4.0,994944.4637038736
4942.0,1271374.99486667,180460.27633284,4.0,533637.6687267139
4944.0,1277830.49016929,181723.846318126,3.0,351125.4459887509
4945.0,1277910.64946537,180885.567469269,3.0,48596.10762979994
4949.0,1263244.32445835,169084.586849183,4.0,178960.07950204692
4950.0,1263235.85175434,168743.460896835,4.0,345033.08213440306
4954.0,1264111.59114723,230660.644448236,4.0,351580.05024625425
4957.0,1279834.12268333,222600.900375992,4.0,625310.2575378004
4958.0,1287986.60179569,189186.992821768,3.0,1158756.189687187
4959.0,1288154.36717185,189185.579765767,4.0,1145302.9288282285
4961.0,1258667.33558966,253053.71058316497,3.0,79529.4676686187
4964.0,1274736.01739812,210430.593675524,4.0,3275319.613234133
4968.0,1267546.45169476,228411.091229931,4.0,216051.16764855295
4969.0,1267763.17009497,228649.283294186,4.0,329374.8605829587
4970.0,1273451.1961488,247975.305713966,3.0,24065.486240795908
4971.0,1273457.5153168,248245.252018243,3.0,124168.8590685502
4972.0,1282559.59750213,212172.960269302,4.0,64509.55862870405
4973.0,1282613.04787017,211536.963852659,4.0,177046.36589682504
4974.0,1276448.34501587,251322.365621403,4.0,513400.48260104365
4975.0,1276451.83973587,251982.30456607,4.0,329205.5274771179
4977.0,1258783.70115778,199206.06329603505,3.0,142928.0520978152
4984.0,1271091.84817839,277369.086160064,4.0,1233782.5489867849
4988.0,1262392.30224948,205744.803846732,4.0,430714.2106600138
4990.0,1271049.16779433,188506.654261068,4.0,99464.6728828277
4992.0,1258104.60906108,251060.187317133,4.0,62066.035847538486
4994.0,1279678.86277917,253249.228535369,1.0,0.0
4996.0,1272955.5685003,262404.477952749,3.0,141076.58397983393
4997.0,1283440.51635103,258732.39967697897,3.0,106310.06303733854
5000.0,1269270.90891251,230957.205216542,4.0,2277633.296858551
5001.0,1269592.36260885,230949.227552533,4.0,1823034.2291842147
5002.0,1264960.2669241,246035.53924799,4.0,2120116.80617541
5005.0,1263484.03953059,201771.553282663,4.0,3102589.2405909314
5006.0,1278706.11705019,269147.714439645,4.0,776151.2038287418
5008.0,1282556.08083013,254495.451128647,4.0,89084.39881080225
5009.0,1256296.79113923,255219.246905386,3.0,9192.780201200614
5011.0,1269250.35281649,255519.3056577,3.0,525894.1575759833
5012.0,1279244.02117872,252924.806967035,1.0,0.0
5013.0,1270434.70609771,254177.026872322,3.0,4414.118182345516
5015.0,1266661.65822184,236808.727270529,4.0,244066.2546706112
5016.0,1265721.37758088,245230.622191161,4.0,393455.6600283446
5017.0,1262988.58743408,250987.390517056,4.0,451048.4354579327
5018.0,1263002.9358501,251637.079221725,4.0,258918.13281098165
5019.0,1272223.95544355,189721.87365432095,3.0,410059.0570446024
5020.0,1281891.52274944,212667.884493813,4.0,38537.9359326989
5021.0,1278437.8331459,277435.536144137,4.0,267363.175403456
5022.0,1278893.17900237,277420.036496118,3.0,259561.0089603024
5023.0,1289708.31712544,180273.00503663704,3.0,84777.99999999999
5024.0,1289927.89152567,180268.414508641,1.0,0.0
5026.0,1286326.74355398,204060.858052999,4.0,240695.79960466185
5028.0,1281367.2931809,274345.654860973,4.0,206682.0355973562
5034.0,1268220.22033544,190436.585783049,4.0,921119.8001492028
5035.0,1263055.05745015,192265.685176924,1.0,0.0
5036.0,1263049.46525815,191794.259256437,4.0,3436653.7201751303
5037.0,1290292.21299805,187654.152692199,1.0,0.0
5040.0,1280232.77509974,248600.709938616,3.0,233308.12279623008
5041.0,1274742.92088611,212007.48097313903,3.0,3755400.1758114137
5042.0,1274805.59205419,212029.862477168,4.0,1057855.1030635538
5046.0,1282997.92377457,198589.42348739496,3.0,160873.09155357367
5048.0,1290114.17786185,186530.644147053,3.0,355966.06928973645
5049.0,1290419.91712618,186537.927603051,1.0,0.0
5050.0,1262006.59076108,257681.061563909,4.0,1617285.5664214669
5051.0,1273794.62456515,203089.21171601105,3.0,18793.773861220747
5052.0,1273657.02674101,202511.184323415,4.0,114874.98816768853
5054.0,1273613.86770096,264013.038402393,4.0,116325.5347206461
5055.0,1265545.1135167,242492.20151636,3.0,1153431.1724169585
5056.0,1265552.14762871,242781.831788659,4.0,984205.8213094856
5057.0,1262140.32042521,240232.157482043,3.0,120318.67243052994
5059.0,1266314.43018949,279004.911953747,3.0,67596.79597180896
5060.0,1275795.3023272,284942.247191831,3.0,44298.42084191693
5061.0,1275793.79839119,285131.468248025,3.0,82004.51588755717
5062.0,1279763.28159526,201065.30041793,3.0,3053.3434562335037
5063.0,1279088.74194656,286718.97916165,3.0,44903.602639286655
5064.0,1279090.48140258,287048.682265982,3.0,3893170.3343941607
5066.0,1264945.95198008,278238.795344964,4.0,1102339.3733746104
5067.0,1277250.93330468,180411.46212478,4.0,221010.5120073488
5068.0,1265942.35614111,189111.349237695,4.0,145525.37771085894
5069.0,1257647.63619661,187178.072307721,3.0,254289.99999999997
5070.0,1285456.62291309,278213.860048935,4.0,4065101.846012103
5071.0,1266573.22103776,279436.80379419,3.0,507124.7996580759
5074.0,1275924.47007133,229839.582751393,4.0,149047.2749708472
5078.0,1254445.70787333,257111.248699322,3.0,4000515.058993303
5079.0,1275038.35173443,210427.013323516,4.0,335058.28198244097
5080.0,1261260.20669632,238565.738216341,3.0,134148.7946488448
5081.0,1261264.35274431,238811.935528591,3.0,308699.3137702904
5082.0,1272747.61221208,246661.238768622,4.0,561855.8649902502
5083.0,1273419.27883677,246641.164336607,3.0,623718.1812388002
5087.0,1282619.10035019,171367.521251529,1.0,0.0
5088.0,1282617.80441418,171019.69513917,3.0,441805.5111465088
5092.0,1267480.71857469,250573.194548637,5.0,790779.7038562957
5093.0,1267486.87211069,250903.111476973,4.0,422079.6301326809
5094.0,1272200.37841952,237766.982951522,3.0,50336.72653262031
5095.0,1272208.99224353,238190.200935945,4.0,135333.20110681694
5096.0,1282342.89158191,228244.499037772,4.0,179824.88633634822
5097.0,1285040.74150467,247447.043313429,4.0,1961734.5475591584
5099.0,1279519.36607501,207329.76461635495,3.0,89580.70541025256
5100.0,1279509.595771,207116.314888135,1.0,0.0
5103.0,1279956.09285946,220744.09935008,3.0,63089.390368805296
5104.0,1280059.37253956,220740.26370208,3.0,10753.655920083054
5105.0,1263776.58749889,198988.517503813,1.0,0.0
5106.0,1263770.00285888,198725.763135538,3.0,1183908.3210743307
5107.0,1264100.95825122,234383.290532053,3.0,36714.99458350461
5109.0,1265563.31134072,243241.538605124,3.0,817916.3425196679
5110.0,1275031.48197442,246617.72049658,4.0,70854.73924595282
5111.0,1275301.60549469,246614.183728576,4.0,70746.79692694549
5113.0,1268645.00164787,260166.847550452,3.0,1760932.250707262
5114.0,1284096.37267169,244566.920110479,3.0,1218217.0969722387
5115.0,1277594.22687304,213238.265934393,4.0,92726.25877626512
5116.0,1274591.10558997,236123.753253832,3.0,957.576345646988
5119.0,1259069.59165408,191901.744248554,3.0,343562.28745979647
5120.0,1269284.09195253,210581.805323675,3.0,7228574.1883748
5125.0,1268575.89713581,254749.799992904,4.0,97720.0887082691
5126.0,1270267.15652953,228983.091678515,4.0,15299.963560784256
5127.0,1270270.96004954,229225.914078772,4.0,84507.00556200556
5128.0,1286119.74560177,249807.063155845,4.0,466089.8320730623
5129.0,1284872.9498245,247994.255793989,4.0,294865.7990109896
5132.0,1279087.70585057,286379.75381729,3.0,215426.9144498655
5136.0,1272528.99883585,252789.425654903,4.0,79515.14056963006
5137.0,1272864.4095882,252780.983414888,4.0,42786.50362374751
5138.0,1264533.37405966,234006.014051661,4.0,125108.42092959298
5139.0,1264211.66865134,234014.975971669,4.0,181544.8101596192
5140.0,1264347.52439548,246980.253232956,3.0,440884.2280487535
5141.0,1264075.54724319,247007.03070497504,5.0,1072194.4123513915
5143.0,1262469.72631355,245048.721326977,4.0,162915.11237154726
5144.0,1263485.48343459,243678.420909569,3.0,184842.5644344912
5145.0,1263327.42762643,243681.141997576,5.0,725447.2552666173
5147.0,1279569.95916307,230505.52694408604,3.0,98075.51177608638
5148.0,1279681.24012318,230612.92803219,4.0,351594.44881167216
5153.0,1259688.1318147,250405.222068459,4.0,498343.34301275946
5154.0,1255674.62864259,256928.180475131,3.0,129798.289849852
5155.0,1263782.8312749,234830.528164506,4.0,206224.62433586485
5157.0,1257814.50525278,243741.291821629,4.0,369197.3742863184
5158.0,1277095.60159253,225658.304411113,4.0,405139.3378092557
5159.0,1277103.47231254,225997.826971471,3.0,166082.0012995705
5162.0,1277565.40901701,179421.283691764,3.0,118376.4992830457
5167.0,1270922.95806621,203504.690884426,4.0,2352104.700261964
5168.0,1271218.89713851,203498.635460421,3.0,54502.9690768417
5169.0,1258217.7646452,249112.640051141,4.0,604221.44449728
5173.0,1264548.00561169,238676.060200453,3.0,19607.789402629223
5179.0,1277697.99800915,224575.284570009,4.0,90463.791144713
5181.0,1289992.48915774,187943.937588498,3.0,82358.80898678194
5182.0,1290283.76122203,187936.57899649403,3.0,24554.632357051323
5183.0,1268074.11076729,240292.61207410705,3.0,2472979.054574074
5184.0,1275715.95768711,220859.435030207,4.0,203226.2990729336
5185.0,1256191.16829112,247797.985521793,4.0,1299053.2666421316
5186.0,1256192.73225912,248092.609906092,4.0,538034.5224283307
5187.0,1273826.18194118,223685.009113103,4.0,140997.77496497988
5188.0,1273831.52408519,223991.838873416,4.0,59380.04544924967
5191.0,1270247.45284952,239571.492137358,3.0,14289993.6093389
5192.0,1270259.11947353,239996.572969794,4.0,159027.9353132926
5193.0,1285337.25536098,248915.58795493803,3.0,1117.6029973164116
5194.0,1285312.26489694,249495.317107528,3.0,37053.79318321312
5195.0,1269346.19742459,176556.128936842,3.0,740733.2167717477
5198.0,1268651.84811188,174916.779239163,1.0,0.0
5199.0,1268643.14801587,174587.900646821,3.0,43350.37611847888
5204.0,1285754.4034574,179115.10679546,4.0,2839695.099277519
5205.0,1285570.52915321,178900.129195243,3.0,931108.3020761352
5208.0,1266336.42884551,245217.010671139,4.0,202631.3752598236
5209.0,1277512.42162496,250653.86558871,4.0,250114.54654608012
5210.0,1277514.46917696,251309.837749392,4.0,411593.8124198835
5212.0,1264128.73149925,268225.680518702,4.0,247446.20967544115
5216.0,1263596.05111471,240180.307497993,4.0,120581.4410001391
5217.0,1287968.91641967,188453.596661016,3.0,65251.36944940552
5218.0,1277421.11896886,225990.374619454,4.0,349083.02442386776
5219.0,1261175.51428023,235767.28682147,4.0,203471.97867772044
5221.0,1268590.17335983,225720.072987184,3.0,22110.723450362228
5222.0,1268423.76555166,226000.901467472,4.0,48850.75687098152
5224.0,1266105.25905327,233107.652706742,4.0,241723.70022039564
5225.0,1266426.99364561,233097.325282738,4.0,449335.3128188552
5227.0,1281021.35385256,226064.695323527,4.0,256329.00182179987
5228.0,1268594.96075183,229695.527967244,3.0,569317.2068467563
5231.0,1264156.34692328,196426.431421191,4.0,260938.29323648976
5234.0,1271478.81617878,247086.345841065,4.0,544308.3706033117
5236.0,1269097.18091235,274087.411276713,3.0,95270.6678251858
5237.0,1269211.99460846,190436.773111045,4.0,1354587.9784127623
5238.0,1269255.20222451,189784.978166386,3.0,163264.07596978778
5239.0,1264956.3046201,278901.662801638,3.0,42390.0
5242.0,1272695.09592402,181426.552301824,3.0,128625.1310740035
5245.0,1275912.91826332,261133.981823444,3.0,84778.0
5248.0,1288586.93190829,189896.971382499,4.0,121083.8582892766
5249.0,1279265.40101875,225949.961947411,4.0,387923.2711026958
5250.0,1284957.76761658,209954.049035043,4.0,19596.297444478
5251.0,1285267.79257689,209949.703563035,4.0,142785.36025361033
5253.0,1275776.76101518,213920.935503095,4.0,719549.1747668992
5258.0,1263081.02954617,201413.952962294,3.0,46021.07311649993
5259.0,1262777.98423387,201358.395330235,4.0,111508.548320584
5260.0,1273898.05842125,207316.272200331,3.0,55726.76239083328
5262.0,1281518.55961306,207933.752904966,4.0,3409167.21626779
5263.0,1270914.0348662,255951.447866142,3.0,126718.49836193342
5264.0,1270917.0387702,256193.127802387,4.0,279154.9077707163
5265.0,1269556.12913682,253677.633847803,3.0,241751.4195561895
5266.0,1261255.8369683,238318.586792082,4.0,141784.04853779208
5267.0,1261257.67850432,238415.621416181,3.0,51781.859597760485
5269.0,1265444.43198059,236214.989989921,4.0,86233.13329363834
5272.0,1274478.90898184,223917.14447332904,3.0,67892.46556008872
5281.0,1273614.27518897,262384.206976727,3.0,103498.74759947346
5282.0,1277031.79000847,234125.824227795,5.0,4167535.909707529
5285.0,1278507.38188198,232317.743137941,3.0,25373.76372999652
5288.0,1282868.15430243,256817.304379031,1.0,0.0
5289.0,1282872.11366245,256977.787707195,4.0,203389.8640795897
5291.0,1263478.02775459,231103.122592688,4.0,645694.6616696505
5294.0,1256945.6441319,244422.665134326,3.0,41133.14858132302
5295.0,1256828.50825977,244568.466350481,3.0,49123.86345437826
5298.0,1264765.9028279,231070.543904662,4.0,442900.72137746366
5299.0,1265087.67742023,231062.245984644,4.0,524064.21781182295
5301.0,1269733.828209,242299.323244154,4.0,303431.5151447265
5302.0,1262974.92081007,250337.47717239,3.0,566142.9465051885
5305.0,1287842.48953953,184189.713136658,4.0,902108.4654366776
5306.0,1277294.69336873,263242.76921761,3.0,4376.178947646433
5309.0,1275174.41509457,253003.433079123,3.0,91288.08762883456
5312.0,1271151.84472245,187779.299764335,3.0,82576.47421975271
5317.0,1269964.7313132302,212881.00020603795,6.0,2109043.089278662
5324.0,1265398.13316455,264879.424451277,4.0,451953.632834942
5325.0,1265729.64497289,264870.491715267,4.0,920888.9699625658
5327.0,1256268.7396832,259341.687485605,3.0,561735.3274255351
5329.0,1284298.27187191,202512.555715412,4.0,773140.6507082185
5330.0,1284295.65702391,202335.680131242,3.0,233568.90982861756
5331.0,1272360.00408368,204864.555589825,4.0,666185.6283370265
5332.0,1266652.74974184,236498.826022223,4.0,130697.78893409186
5333.0,1292482.63834429,188139.807220697,4.0,110629.83588829452
5339.0,1266687.00196587,244939.296686858,4.0,102160.7489386226
5340.0,1261061.73207211,191425.556920066,3.0,1696650.4305231732
5342.0,1272173.50181149,249856.512883902,4.0,148259.79490927726
5344.0,1266035.6174532,243619.706157506,3.0,104034.22304596388
5345.0,1271033.47493032,214329.046223521,3.0,59790.76517532932
5346.0,1271263.31992255,214324.558671504,4.0,71631.32132807658
5347.0,1263146.88273025,235728.120549425,4.0,143153.03653395732
5348.0,1280016.76306751,269770.038664281,4.0,422938.2402480471
5350.0,1280186.4034517,225929.88425140097,3.0,40165.00911812009
5352.0,1268275.38199949,227312.909020811,4.0,572250.0792814001
5354.0,1272643.95333198,224880.331866324,4.0,608677.2186328272
5355.0,1272488.13899581,225143.691866592,4.0,67394.16830559267
5357.0,1266245.01630142,254532.227640688,4.0,333118.1521160847
5360.0,1282560.44332613,197921.782462716,3.0,2141.4270064995803
5361.0,1282562.29926212,197642.761982426,3.0,16631.64469973332
5362.0,1263465.74071458,243055.204972938,4.0,455626.0231237485
5363.0,1263447.96151455,243055.584876925,4.0,42690.78956908309
5366.0,1271411.86949071,187087.903859615,1.0,0.0
5368.0,1270542.40139382,187118.709555656,4.0,3433072.121349084
5369.0,1266311.76714949,173289.432101488,4.0,203338.96474313107
5373.0,1267384.30507058,232753.097634375,4.0,17101.661719277963
5374.0,1279240.15833072,262582.107840925,5.0,2193232.317175477
5376.0,1275793.20159119,215432.51150465,4.0,141676.37146274652
5377.0,1276043.16274345,215426.513168633,3.0,24688.89554492598
5379.0,1267598.5339348,255830.290618017,4.0,44109.0886848335
5380.0,1268258.39351948,255814.350073993,3.0,29579.02959608473
5381.0,1278442.15199392,250631.093044683,4.0,194523.44308056083
5383.0,1268734.16619197,269444.85754396,3.0,645805.1299716554
5387.0,1262379.18020146,240349.168362156,3.0,146735.487309759
5388.0,1257123.08144408,189262.049781844,3.0,44446.44851040011
5392.0,1268208.76369543,252708.81067881,4.0,128388.61245098592
5393.0,1270372.95787364,244046.648493946,4.0,136770.70673985852
5394.0,1270385.24132966,244469.576494381,4.0,155733.1916798438
5398.0,1258496.36746149,196562.423293322,4.0,354424.22625780123
5399.0,1274808.05528618,207440.946440458,3.0,26252.59913755329
5400.0,1264014.64938714,259621.86572589,3.0,173302.655292082
5402.0,1266434.76004562,233399.454243049,3.0,1125703.6000210238
5404.0,1265615.70455678,187127.014323667,4.0,1365252.2597169557
5405.0,1265595.83287676,186459.632754982,4.0,1624657.8953534537
5407.0,1273216.10213256,254751.221624911,4.0,113980.57320354902
5408.0,1265393.05937254,234355.535652027,3.0,4809.96326502067
5409.0,1276638.05100006,263264.561217621,3.0,79616.85096611154
5411.0,1270602.61880188,225805.666651264,5.0,11480716.613381725
5412.0,1262062.40522514,192483.148601145,4.0,399431.7385930509
5413.0,1261730.0552088,192489.632505149,4.0,276187.81895555503
5414.0,1264878.72836402,242592.731116459,4.0,111114.7469728898
5416.0,1278263.17893772,220339.741205677,4.0,2659530.743790487
5417.0,1284982.7111046,245205.916527137,4.0,111166.33542268816
5418.0,1266081.15735725,232146.002337754,4.0,760577.0234050973
5419.0,1266403.03767759,232137.854753748,4.0,90594.5293628703
5420.0,1284137.60057575,248179.232114181,4.0,536435.0263144632
5421.0,1284141.57830374,248526.321330532,4.0,447177.1087026133
5423.0,1277742.68229719,225982.763035446,4.0,539041.8578603974
5424.0,1272053.47448337,215829.286673054,3.0,184202.50756036365
5425.0,1256304.16643524,194829.087483555,3.0,65294.404040022666
5426.0,1256059.38441899,194838.916539565,3.0,9540.48198259712
5428.0,1274287.52677365,205680.202310666,3.0,43560.87339395937
5430.0,1271016.9171703,223205.607512608,4.0,146757.08445339257
5432.0,1267285.05918248,172646.332964838,3.0,5774.515031173313
5435.0,1275508.69234291,204579.457733527,4.0,43910.70548146968
5436.0,1275496.11032689,204105.325829044,4.0,75307.5263078632
5437.0,1271586.24907489,278051.931536764,1.0,0.0
5438.0,1280206.51103571,226535.41942001897,4.0,175823.59197122304
5439.0,1278315.04005778,222431.742615819,3.0,41242.36300080681
5440.0,1264378.32253951,262607.43718496,3.0,598885.8599496814
5448.0,1269717.91358498,223504.089560911,4.0,85817.6948536313
5449.0,1269847.83454511,223580.991640985,4.0,138329.2185601642
5451.0,1280838.92543636,217778.76635505297,3.0,67860.62047322455
5452.0,1276949.69599238,244690.299758613,3.0,158593.3683388067
5453.0,1282028.71046159,253202.397239327,4.0,42478.86402680507
5454.0,1259616.72016662,246920.092592895,3.0,30447.588655307667
5455.0,1259618.86160663,247020.372528985,3.0,3707.156759872174
5456.0,1284281.49107189,260460.165566757,3.0,67781.66271106403
5457.0,1284047.13657565,260822.721919119,1.0,0.0
5458.0,1268535.57406376,256864.170811072,3.0,236559.53965849595
5463.0,1262925.42781802,253662.412087798,3.0,49805.81760472859
5464.0,1262612.0228897,253667.751991794,4.0,1798632.548795354
5467.0,1272581.28056391,257079.724155292,4.0,204985.51215030788
5468.0,1264733.97796386,229792.950943351,4.0,169639.8361226408
5469.0,1264412.03044353,229801.544479355,4.0,100386.8578866092
5472.0,1267679.11479889,245717.574959651,4.0,234295.73670455551
5474.0,1281716.85215726,213216.917198375,4.0,1030855.8525781444
5475.0,1265296.49393244,257603.891067833,4.0,117204.71728221075
5476.0,1265626.42468478,257595.748411819,4.0,164566.67474384297
5477.0,1269185.95172843,247213.944369197,3.0,1162979.286696062
5478.0,1281738.27833328,211886.42183701703,3.0,47086.00114714062
5480.0,1282927.2142705,201227.135746107,4.0,313753.36534540646
5483.0,1267190.60855839,190436.391543046,3.0,440059.1550737093
5484.0,1266847.40747003,190436.327287048,4.0,590766.2845438917
5488.0,1279075.40569055,274429.360717058,3.0,407018.815347394
5493.0,1284358.37183997,205860.86106284,4.0,227556.97806150344
5494.0,1272664.25054799,228387.928541914,4.0,290077.5640048504
5495.0,1272669.658676,228897.869086429,3.0,63249.819936156106
5499.0,1267309.8862545,229061.751966596,4.0,208682.3922071599
5501.0,1284152.35091175,255215.314169377,3.0,84777.99999999999
5502.0,1284302.20588791,255211.788601384,1.0,0.0
5503.0,1282185.18815774,223658.676505074,4.0,109211.90260174568
5504.0,1282468.22764604,223559.970328972,3.0,980844.6674618132
5507.0,1263318.52842642,256994.702971205,3.0,31832.22540422405
5508.0,1262990.04970609,257003.19673121,4.0,57120.60288462566
5509.0,1280941.72972447,220296.479509622,4.0,121186.16100355017
5510.0,1280924.89574045,219875.844501197,4.0,152610.41138612473
5511.0,1259481.38384649,261243.627583563,1.0,0.0
5512.0,1259579.28688659,261394.067903712,3.0,84777.99999999999
5514.0,1268929.72843216,171679.761123836,3.0,52587.68998808363
5517.0,1284972.2583686,248211.678578213,3.0,148375.5392029615
5519.0,1276219.87954363,285113.612951994,3.0,249604.09504563987
5520.0,1269749.928561,180482.773676857,4.0,704521.9956492418
5521.0,1278889.29682636,223871.215129286,4.0,1038798.7609977244
5522.0,1278903.96178637,224556.185177982,4.0,920317.7709848292
5523.0,1276765.34732018,220837.335382178,3.0,43604.199525942575
5526.0,1271572.58699487,244437.450862348,4.0,154766.5999210452
5527.0,1271866.51160318,244429.823278338,4.0,65934.35898825245
5529.0,1276277.43851969,212536.722061679,4.0,386453.4994672457
5531.0,1264066.86813919,246558.19268852504,3.0,199820.88102897056
5532.0,1276275.95160769,259293.396541566,4.0,748501.4928120195
5533.0,1257917.54742889,199912.424128756,3.0,178326.73160808522
5534.0,1257478.06666043,199936.771200776,3.0,96780.1288340102
5537.0,1270960.33265825,243600.969261497,4.0,106216.46591512456
5538.0,1270972.45931426,244026.767341927,4.0,102340.4727042206
5539.0,1264792.75741993,268207.913542688,3.0,43933.935369935774
5543.0,1268667.42647991,225649.776859105,3.0,456154.1126707592
5545.0,1278594.63730606,286509.621977434,3.0,42826.333333333336
5546.0,1278182.23980165,285896.058264807,3.0,339022.0
5547.0,1278336.2345538,285896.057240799,1.0,0.0
5548.0,1269424.60216068,200857.296577722,3.0,58085.604397851006
5549.0,1269014.18731226,200868.464833736,4.0,100798.64802232642
5550.0,1272684.38827601,220290.860693619,4.0,4795.79950554029
5551.0,1272807.45592414,219852.61128516504,3.0,8367.744606790891
5553.0,1276704.23589613,218120.2112194,4.0,233844.5110264158
5554.0,1286734.7141784,191809.840248451,3.0,128085.38014432444
5555.0,1286892.99603456,191805.60140045,4.0,108150.00427191556
5556.0,1278977.39077845,251273.330613345,4.0,601354.834469037
5557.0,1260912.91050395,199803.597568646,4.0,180603.9298711996
5560.0,1269841.9983211,218183.959443465,4.0,370381.42212626274
5561.0,1269826.55083309,217409.079058677,3.0,247644.71854493264
5562.0,1265302.50833245,280292.504147068,4.0,204659.9399049632
5563.0,1265308.79146846,280667.172051445,4.0,320468.223285927
5566.0,1264977.30167612,191100.394487724,4.0,337829.64432388067
5567.0,1254362.26678525,257918.59154814496,3.0,3797390.298567072
5568.0,1262608.6741537,240782.122538611,4.0,12777.438875909462
5569.0,1262290.49962537,240615.254762426,4.0,3869.975200069076
5570.0,1282366.20358193,232660.568610281,4.0,106181.94498033047
5571.0,1282704.07852627,232651.305826277,3.0,76341.05399060209
5572.0,1272964.2154763,203441.683780372,3.0,132224.35904536597
5573.0,1273956.62456532,203678.577668607,3.0,44117.04395355275
5577.0,1280012.28997952,230918.754144505,4.0,1840198.878235838
5579.0,1273586.97310893,230427.779743999,4.0,465257.2228240718
5581.0,1267326.72017452,260858.75071916,3.0,50729.37304618273
5582.0,1280822.42713234,208705.142729759,3.0,16105.31316433036
5583.0,1281069.3088606,208698.509897754,4.0,617520.2118366841
5585.0,1260883.40727192,245083.111983001,5.0,2969601.524244978
5586.0,1264895.22276403,253226.704311341,4.0,767087.1937441461
5587.0,1264900.60100403,253493.095479622,4.0,181166.74846869084
5588.0,1281462.909757,245923.557167873,4.0,721672.0952956806
5589.0,1284327.59430394,204384.733765334,4.0,889490.4550611756
5590.0,1284321.85811193,204111.861573055,4.0,1199036.141758516
5594.0,1279103.70578659,232570.813218191,4.0,38353.01963242544
5595.0,1263827.39319494,247642.13476963303,3.0,13594.002962147028
5596.0,1255535.31235445,249652.946035683,4.0,345349.66128885554
5597.0,1291845.85063164,189102.73048567804,3.0,78879.7537626504
5600.0,1281043.29311657,274357.990796983,4.0,222254.85863017145
5601.0,1281663.36306921,244336.999982238,4.0,198503.95428868747
5602.0,1281913.01318146,244327.65060623,4.0,64645.90084831849
5603.0,1270368.70161764,245664.436271608,4.0,59226.70284908936
5608.0,1272171.88965149,236387.106406108,4.0,176572.96291392975
5609.0,1282172.83679773,213975.35105516,3.0,10111.640765173132
5610.0,1282335.7636459,213625.302862793,4.0,141725.38861014057
5611.0,1275342.37867874,248364.29016237,3.0,2245.9256898798744
5612.0,1275593.22725499,248362.329842359,5.0,594547.4224081133
5614.0,1262301.01828139,245318.484527245,4.0,79876.47612020178
5615.0,1278939.20485842,263188.190273553,4.0,204346.515830757
5619.0,1277350.27429679,213535.332238704,4.0,20915.4977054184
5621.0,1275720.59973513,221754.526743114,4.0,503203.2224830597
5622.0,1266255.08158143,255060.277049229,4.0,379981.3551734719
5623.0,1257070.68592402,253727.712823868,4.0,386133.572929649
5625.0,1280979.08198051,252562.949046671,4.0,138166.98631030408
5626.0,1280980.88582051,253222.96248734,4.0,151990.8394444058
5627.0,1278955.81535444,217314.53595458,4.0,184315.97780156552
5628.0,1279259.08741875,217306.984466568,3.0,754416.9026466758
5630.0,1262207.56471328,237480.34967123,4.0,63086.14164405767
5635.0,1263567.61284268,247931.08824192,3.0,454862.0730885504
5640.0,1276970.2559924,218113.245011389,3.0,437256.3477712402
5641.0,1277070.54815251,218110.618387386,4.0,2761256.0798847224
5643.0,1284933.16659255,208236.279177278,4.0,117190.81342129892
5644.0,1288020.94585972,190527.567223147,4.0,1606370.3884638683
5645.0,1277682.47570513,268848.620551348,3.0,61318.75890430436
5648.0,1271294.12401859,223369.603608772,4.0,127028.30562622688
5649.0,1269730.14123298,244876.85783879497,3.0,46660.713020559866
5652.0,1260021.07664704,189835.101750433,3.0,17897.424919551548
5653.0,1279127.29273061,222904.594328299,4.0,83312.53119950621
5655.0,1265091.43134023,233881.946403533,3.0,20338.121996344045
5656.0,1265093.18103623,234362.194468036,4.0,62692.630602843055
5664.0,1270673.03076996,280036.895762801,3.0,109939.6563922684
5666.0,1265110.25054026,234981.896612659,3.0,23369.746686897757
5669.0,1269018.86872026,245690.361775637,4.0,195240.6189492362
5670.0,1269011.81720026,245949.975087896,5.0,854779.9817514145
5671.0,1283661.79609525,198580.07443139,3.0,87524.67491253463
5672.0,1285492.22521713,243006.32478088103,3.0,56646.04026913452
5674.0,1259585.6467586,200504.396673366,4.0,8702157.971254485
5675.0,1258701.9428217,255064.30264923,4.0,332075.10453275184
5678.0,1269336.03115258,226045.463067517,4.0,1005736.3575238488
5679.0,1257825.6082928,196334.61305308304,3.0,37351.59217711003
5682.0,1276328.04472774,267238.822277695,3.0,2732436.776919753
5683.0,1256568.62454751,255213.960505381,4.0,436282.014956525
5684.0,1266272.75050944,253738.154423878,4.0,275879.983214857
5685.0,1261273.79626432,251667.399669752,3.0,130752.8504965074
5686.0,1261162.04586421,251669.27992574903,3.0,30757.91454395889
5688.0,1280653.14758018,245649.760111585,3.0,192.31422366631227
5689.0,1264273.82570741,255099.252089262,4.0,334243.7848070809
5693.0,1273005.68914033,239636.85386543,1.0,0.0
5694.0,1257522.56426048,249393.801523417,4.0,161292.15000905754
5696.0,1273338.85714068,250740.445492804,4.0,391464.1972404316
5697.0,1273733.82546109,250081.821812123,4.0,564776.5234345602
5698.0,1276337.74251975,232817.36189045,4.0,622358.6248013545
5702.0,1263315.19837841,243378.527789265,4.0,23697.479023202668
5703.0,1259487.90058249,189843.231350437,3.0,1116692.0152572235
5707.0,1273886.06731725,227120.968156621,4.0,141028.09771093843
5711.0,1283576.34092717,235702.004453406,4.0,541460.2063057855
5714.0,1272354.71045168,238187.22256794604,3.0,128928.20414185416
5715.0,1274822.1107102,207993.877129033,4.0,123280.10111278716
5716.0,1275002.12050238,207989.491273031,5.0,1296250.085648517
5721.0,1265595.75089276,255337.845433503,4.0,1365779.7317636134
5723.0,1267658.50334287,244917.800942838,3.0,30555.856984131333
5727.0,1262132.02877721,235317.242405012,4.0,184385.0038420529
5728.0,1261836.73802491,235311.395941004,3.0,160458.06417543205
5729.0,1279888.73669939,214859.637008056,3.0,127445.2753107467
5733.0,1270966.48945825,260777.561919078,4.0,356127.4396107568
5735.0,1273008.79250035,220588.618325919,4.0,115268.73978823856
5738.0,1271751.27237105,275358.794574007,4.0,264375.27247122896
5739.0,1293830.27642566,185519.309234008,4.0,156390.2938198218
5740.0,1294486.77677834,185485.029105976,3.0,109407.54198347485
5745.0,1265164.53156431,280295.709523067,1.0,0.0
5746.0,1284290.2748159,206532.232711539,3.0,96053.21896296478
5747.0,1284373.27302398,206531.35245552697,3.0,114656.9236039234
5748.0,1276534.79032795,264589.937794983,4.0,160277.1235489202
5749.0,1276633.30751206,264586.655682981,3.0,126368.7603059578
5758.0,1253772.69872065,251341.020725414,3.0,423738.0
5759.0,1284891.65881652,198370.609919176,4.0,173021.43256556446
5762.0,1256111.39024304,258926.787389189,3.0,19970.39043851041
5763.0,1255631.73341055,258936.588221192,3.0,217821.69623440743
5764.0,1276886.94188032,228765.099358305,3.0,29589.00873099644
5767.0,1269711.36401697,178514.561066836,3.0,129426.07125753368
5768.0,1280189.54386769,255458.142777637,4.0,1964001.2439124463
5769.0,1280201.68325971,255720.949945897,3.0,262915.25583413866
5770.0,1275602.050423,259975.966718256,4.0,1185203.100889809
5771.0,1270954.82513824,204899.331141859,4.0,319606.76860513544
5772.0,1271255.92984255,204890.798021853,3.0,341613.2462538981
5774.0,1259655.89431067,248814.484786823,4.0,227241.35183342727
5775.0,1277519.18898496,237555.090983301,4.0,21232.9410179124
5776.0,1277945.2130494,237544.549671292,4.0,165857.44439638508
5777.0,1284456.70035207,203365.629828289,1.0,0.0
5778.0,1284701.17984031,203303.267716229,3.0,93323.8204246636
5780.0,1280860.17113239,255963.400570154,4.0,110157.53182500476
5781.0,1281531.19570906,255954.695866138,4.0,171254.3034048061
5785.0,1289168.6801329,189881.639414489,4.0,221020.59407020247
5787.0,1284927.02585655,207807.494600832,4.0,475328.97004147375
5791.0,1278984.29330647,202703.903107613,4.0,894057.6002108961
5794.0,1277380.32575282,271186.141449735,3.0,6062571.679564478
5798.0,1268373.66135959,226787.902876273,4.0,722894.6954124469
5800.0,1279069.57497054,231483.115233079,4.0,337535.83387262723
5802.0,1294387.48788224,181246.779373646,4.0,1025350.1188536668
5803.0,1273350.58936469,209091.423498154,3.0,127167.99999999996
5804.0,1263022.68023412,191125.953527763,4.0,2926484.152480986
5806.0,1261597.71754466,238806.898472577,4.0,105211.23951239209
5808.0,1262614.24669769,170076.847330198,4.0,214586.43108472964
5809.0,1281143.62169267,217767.24865903,4.0,1334524.1609667966
5810.0,1282117.66175768,273166.087627769,3.0,1068965.0855314245
5811.0,1282320.03897388,273159.547339752,3.0,296581.62770185014
5812.0,1265847.91671701,192394.525753051,3.0,348980.29412777256
5813.0,1265852.81796502,192135.367160797,1.0,0.0
5814.0,1269081.27012832,179836.475116193,4.0,372077.76001176616
5815.0,1292156.61018395,187877.433780432,3.0,141922.92678721852
5816.0,1269068.26232031,179176.572843522,4.0,296818.72255817376
5817.0,1263498.6694186,244500.304110408,3.0,80444.35079172472
5818.0,1285309.93030494,196322.936893076,3.0,140844.70870608167
5820.0,1259224.53923823,254374.691192523,4.0,256787.11063789445
5822.0,1285472.7692171,251809.852149904,3.0,26124.9785820637
5824.0,1255568.03107448,251488.954485565,4.0,34104.27209299507
5825.0,1254905.5153618,251494.865269572,4.0,51268.7932477948
5826.0,1282325.65804589,249226.856307253,4.0,418981.0694764052
5827.0,1282599.56236617,249220.356019244,4.0,2331052.142390292
5831.0,1270318.07998559,201876.109506771,3.0,74898.39010737247
5832.0,1270595.56734587,201931.472898826,3.0,72011.85848921063
5833.0,1265456.88695662,248993.72459501,4.0,195737.45325416667
5834.0,1265697.66014086,249005.751475021,4.0,156022.84919825988
5836.0,1260285.32675931,247436.891761422,4.0,136333.6382361148
5837.0,1259627.88816664,247451.450417429,3.0,21083.691779858444
5841.0,1281600.57286115,221495.833046854,4.0,166335.9224830804
5842.0,1281768.66604531,221489.626070842,3.0,71507.77994641896
5846.0,1264089.4704432,193781.315322474,4.0,352970.44468322804
5849.0,1274165.21669354,224658.766682088,4.0,575951.0408734501
5850.0,1274493.24818186,224651.381850094,4.0,439468.9834998335
5851.0,1259572.39939858,199838.689984679,4.0,10239925.29407376
5853.0,1273731.75070909,221800.260951161,4.0,1152526.5477948969
5854.0,1268239.47691146,242715.88343659,4.0,473519.5397830335
5855.0,1281635.95468518,209907.173514992,3.0,66964.44048297788
5856.0,1281785.95244533,209906.202698991,4.0,102622.20727684171
5858.0,1286164.33766581,204879.28557384,5.0,217777.5032414464
5862.0,1283614.44550321,202785.566979691,4.0,82208.17064354022
5867.0,1269425.87281668,241881.122027725,4.0,116405.30834807764
5869.0,1268286.0230235,258193.11366044,3.0,84342.6352574271
5875.0,1277445.68421689,281448.812884241,1.0,0.0
5876.0,1277836.23167329,281453.63010025,3.0,206630.28690097397
5878.0,1293270.8720091,188916.898229495,3.0,112698.778013513
5879.0,1293267.02656908,188788.51198937,3.0,279531.0377035119
5881.0,1268613.42891185,235607.074533299,1.0,0.0
5882.0,1268623.31799985,235869.597925574,4.0,68029.63851628054
5883.0,1265186.34686033,237840.161575586,3.0,550682.3184037432
5884.0,1265198.66474834,238346.112360105,4.0,1337471.636409386
5885.0,1282339.90502191,204981.580293939,4.0,3880023.361452127
5886.0,1283009.72262259,204959.665029928,4.0,3277062.916101585
5887.0,1273334.00114068,243912.146477804,3.0,91813.36040298684
5888.0,1273347.28920469,244372.131118283,3.0,147758.02603348112
5893.0,1284235.49510384,198822.943999633,3.0,81785.84721703586
5897.0,1267986.7096792,260842.80095914,3.0,191469.5585391892
5898.0,1284463.39225608,234804.404836476,3.0,80425.81028629278
5899.0,1276293.80786371,257967.268988207,4.0,1451079.079621446
5900.0,1276941.83250438,257947.874620184,4.0,733841.1475400305
5901.0,1282939.07743852,202003.632514894,3.0,81334.25249583858
5902.0,1282938.53407851,201875.147906765,3.0,35047.31967847798
5904.0,1265266.88670042,193750.04665044,4.0,2051028.3610680683
5906.0,1275423.88408682,242801.026348665,4.0,64808.947321888816
5907.0,1275708.71557511,242791.050284654,4.0,226476.13157062387
5908.0,1285577.67417721,209945.360075027,4.0,53792.62914566038
5910.0,1259175.88771819,197311.430654094,3.0,116626.61291542386
5911.0,1262777.87792987,234412.812452078,3.0,39973.60090960743
5912.0,1274267.18661363,211395.740364507,1.0,0.0
5913.0,1274424.20926979,211393.822092503,4.0,166300.3664200638
5914.0,1264338.99089147,245019.279086947,3.0,317705.04817861976
5918.0,1261358.76592842,188169.130996734,3.0,182338.94518480744
5923.0,1280395.9059799,273715.614092335,3.0,1164395.392552493
5924.0,1280401.50245991,274381.458253011,4.0,478215.0925792924
5926.0,1283194.48275077,201872.645570755,3.0,1491.987289139139
5929.0,1264882.62468402,238981.071400762,4.0,53190.076835212014
5930.0,1281569.03551711,257010.10681122504,3.0,240899.1930743658
5931.0,1282228.86098978,256994.5222352,3.0,225667.7587992002
5932.0,1267509.45572671,244620.952814534,4.0,481906.2838859236
5933.0,1267517.87825473,244921.937774837,4.0,522266.7961167018
5936.0,1256618.39478756,196150.535292909,1.0,0.0
5937.0,1256618.46109156,195550.273404285,3.0,397869.1884232135
5938.0,1264743.60196388,265560.137667984,4.0,275835.2028739613
5939.0,1264752.11543588,266222.946052656,4.0,446573.6264193588
5940.0,1272447.92024377,284119.368534982,4.0,686838.8374298337
5941.0,1273111.42091645,284092.039894953,4.0,767338.6798264293
5942.0,1282818.56486239,275419.095310077,3.0,11956.942811826142
5943.0,1283170.67539075,276394.661263078,4.0,247936.46971017527
5944.0,1270517.57764979,287111.195930049,3.0,43943.387878787886
5948.0,1287338.33203502,189521.127670109,3.0,72824.73102752393
5951.0,1278943.67199442,234681.48746036,4.0,631166.916921646
5952.0,1277489.66213693,227908.863517419,4.0,253120.2311611644
5953.0,1277512.75199296,228573.995742097,3.0,120419.79405032968
5959.0,1276003.72511141,267764.288774237,1.0,0.0
5963.0,1274604.46974997,252143.648694232,3.0,654879.6411974116
5964.0,1258659.26013365,259082.524285346,1.0,0.0
5968.0,1272904.05022824,242051.627563909,4.0,97605.99765741968
5969.0,1272914.75461225,242422.428332284,1.0,0.0
5970.0,1266885.39134207,235563.081829265,4.0,678462.5840340469
5974.0,1265331.38327648,233876.639011532,3.0,178807.72682907764
5975.0,1277001.93477644,221420.801046774,4.0,1434714.8177509415
5976.0,1266026.27300519,168707.474080801,3.0,3287102.542280605
5977.0,1265834.127021,168573.952992663,3.0,3204823.09031879
5978.0,1271502.4782588,249600.307379633,4.0,440446.8087326785
5979.0,1286037.95475368,279377.855762124,3.0,780474.1643866234
5980.0,1282662.14751823,178717.903851047,3.0,44264.41882251109
5983.0,1283567.87993516,205879.785222858,3.0,214713.07608046147
5985.0,1273852.2747412,243385.611437276,5.0,46460038.89143923
5986.0,1274112.25618148,243379.973677263,4.0,1739861.565357793
5987.0,1261792.84573686,267463.210245922,3.0,78.06666666666666
5988.0,1261797.14167286,267629.149574101,4.0,58989.47641291723
5991.0,1262175.66551325,236405.855078116,4.0,160914.23803294616
5992.0,1274519.02238989,246873.105776846,4.0,116867.29958100084
5993.0,1263995.02506712,258294.793916538,4.0,192396.5501902838
5994.0,1258823.26211782,258257.96460449704,3.0,19837.07681030817
5995.0,1258827.26506183,258539.046716794,4.0,126627.93863155416
5997.0,1276979.95186441,251980.072950065,4.0,291641.82274082943
5999.0,1281472.11186901,246583.501360551,3.0,677436.9940553021
6000.0,1275196.32056658,203965.58035691097,3.0,1171205.0247341974
6001.0,1275485.26623088,203721.020484656,3.0,1488740.3401446494
6005.0,1288907.25184463,191029.51141566,3.0,206114.9189757557
6008.0,1292850.67732066,187397.803507939,3.0,9957.049270679516
6009.0,1281757.1076453,215049.140240252,3.0,3144.287183492224
6011.0,1268252.60971147,186471.60126699496,3.0,50316.80677184209
6012.0,1285494.94470513,178434.776426762,3.0,150849.71538737457
6014.0,1267786.569647,275737.659918398,3.0,426880.6307162504
6016.0,1277128.36428057,217352.040146619,4.0,812336.1064818164
6017.0,1277447.84460089,217344.43355460503,5.0,689677.0669383543
6020.0,1280880.7406684,209682.091914758,4.0,121097.11808083724
6021.0,1281161.06815669,209728.859530807,3.0,11402.36962762088
6022.0,1285935.55929758,186635.094387159,4.0,44057.04354841411
6023.0,1286598.10912226,186609.924467131,3.0,89321.04656643189
6024.0,1264230.28215535,252971.089655086,4.0,1475942.4899281452
6025.0,1263477.15409058,247650.385713637,3.0,69699.26709253316
6026.0,1286556.64333022,202661.748995572,3.0,235463.92440753305
6027.0,1286549.84646621,202481.778883383,3.0,199298.40529276404
6028.0,1264176.35281131,237036.400742769,5.0,692583.1511819557
6029.0,1264192.00535531,237704.927271456,4.0,536109.2014992564
6030.0,1283723.59878331,232621.76029025004,3.0,64245.77732151828
6031.0,1283735.20607933,233062.973282695,4.0,92213.6024553116
6032.0,1279432.70092292,247293.025521278,4.0,1417045.0716586437
6033.0,1279440.88031493,247827.250225812,3.0,43461.00000260913
6035.0,1265751.68561292,231841.191649452,4.0,1854667.1416111272
6036.0,1274099.24766946,242774.870572641,3.0,814420.3125975733
6040.0,1284762.48684838,252921.153719038,4.0,143576.75369132357
6041.0,1281635.71058919,170428.064482555,3.0,101603.9939971281
6042.0,1282230.79238179,169806.025697932,5.0,1806337.6589648752
6043.0,1292368.97095217,186981.625523508,4.0,536967.1600240443
6044.0,1291646.68627943,188705.659445271,4.0,187649.4510676972
6049.0,1269926.45150518,248471.354866475,3.0,7355.595010662692
6050.0,1274956.78463034,262857.382849216,3.0,955.4670208259922
6051.0,1258955.57520595,254377.584888533,4.0,316763.18725141103
6052.0,1275082.57343046,212026.298189163,4.0,753842.8056266118
6054.0,1282860.22879843,212497.269005641,4.0,225586.66382446708
6055.0,1283023.03852659,212510.263117656,3.0,162441.90578484075
6059.0,1267025.41732621,264840.08889924,4.0,130108.46029305123
6060.0,1282308.70726186,250550.173236609,4.0,318275.2362985308
6062.0,1275487.52043888,216158.838481396,4.0,139223.92345473566
6063.0,1270106.84030537,226006.944795474,4.0,3657880.480765563
6064.0,1270383.78097765,226170.978203639,4.0,2136180.722758268
6065.0,1279500.59116299,202004.801154897,4.0,252827.49457767932
6066.0,1274593.71742997,243141.475757018,3.0,68226.17011235279
6067.0,1274752.02091813,243135.612909019,4.0,42611.452354121015
6070.0,1265570.19057272,254016.852344155,4.0,153316.94494347964
6071.0,1266256.67441343,254004.526264146,4.0,167512.98307898742
6072.0,1278433.4555459,277769.735248476,4.0,293171.0104365845
6076.0,1286091.28864174,282364.23560518,3.0,128137.69999999998
6079.0,1275693.09355909,206574.50496757,4.0,216043.55190669675
6083.0,1284248.25619185,199690.938688532,3.0,43408.844807395646
6085.0,1271940.90059525,252811.254006922,3.0,13291.709819634663
6086.0,1272198.20024352,252801.796662912,4.0,17304.50163241839
6089.0,1278730.6275142,233714.217059374,4.0,130339.89329462512
6091.0,1258524.67414951,189527.511798114,3.0,68570.62207432088
6092.0,1257817.60272479,189550.703030139,3.0,34703.639686009934
6094.0,1261712.97220078,191148.302199781,4.0,180610.2610973128
6096.0,1264968.98212411,190437.833143055,3.0,154118.81423579474
6097.0,1269349.3001446,283421.86210227,3.0,68093.56544703298
6098.0,1269351.3293286,283707.180758566,3.0,29179.32570655624
6100.0,1277961.31474541,286412.632665336,1.0,0.0
6101.0,1277959.14808941,287085.282906026,3.0,4290573.394943768
6102.0,1282318.10687788,248560.768114567,4.0,426014.3563642351
6106.0,1291070.13203885,181657.80875006304,3.0,29230.541613102283
6109.0,1278684.98354615,248614.525554627,4.0,757421.7476921659
6115.0,1262506.41418558,189271.234741852,3.0,238814.37344254693
6116.0,1262380.44202547,189109.140277684,1.0,0.0
6117.0,1279942.25599544,184155.07211262,1.0,0.0
6118.0,1281174.8092767,184235.357360706,3.0,300318.06606586697
6126.0,1284221.63321583,197902.597118691,3.0,516638.3862874483
6128.0,1272168.16555548,246942.640432909,3.0,3847.546359018115
6129.0,1258426.05558941,254382.563896537,4.0,503633.8277786661
6130.0,1258437.92298143,255067.709177226,4.0,282919.5782254733
6134.0,1277937.72914539,200767.349889636,3.0,379453.5186260807
6138.0,1261106.01085615,195169.002491891,3.0,1073477.280176161
6139.0,1273235.39403658,258058.22514829,3.0,4730880.7125625
6140.0,1273584.30117293,258046.622140288,4.0,4681087.039781755
6141.0,1271995.74494731,205426.708998397,4.0,222122.3752926521
6142.0,1273216.59064455,269482.062855989,3.0,79490.71887557114
6143.0,1265737.89988489,239201.92132099,4.0,770592.0003709233
6148.0,1294502.74093835,186005.914226517,3.0,47287.591498105074
6149.0,1271166.67902645,240877.595498696,8.0,17540101.32384231
6153.0,1280739.16351625,277185.235791877,3.0,279773.6232664879
6154.0,1281052.89746858,277331.500880033,3.0,194937.125953712
6156.0,1258782.50659777,246108.658480063,4.0,3532008.338909434
6159.0,1277954.8911934,263882.06784226,4.0,97924.0770565196
6160.0,1284527.91411214,249064.502643079,3.0,94008.44542680882
6161.0,1279005.90943448,228309.574365839,4.0,172075.36487647414
6162.0,1272783.99768412,247995.257393986,4.0,35627.58241295756
6163.0,1276338.73528776,267753.420358226,3.0,276391.9837274876
6165.0,1264111.63639523,198731.992127538,3.0,2187650.7627780694
6167.0,1263057.39505015,192462.740857124,3.0,74249.27296829643
6168.0,1257465.63658042,189250.40018183,3.0,112175.62562354132
6170.0,1261472.53636053,234875.662564561,4.0,269597.9694029572
6172.0,1277364.5872568,223308.086296707,4.0,74870.67768280815
6173.0,1277369.0626488,223613.962649018,4.0,79433.23496406674
6174.0,1277199.72370464,282810.274389639,4.0,50163.18823210948
6175.0,1277427.96997687,282801.969941631,1.0,0.0
6176.0,1269759.96004902,274075.785612702,4.0,424209.6567338739
6178.0,1265820.96727699,280293.795859069,3.0,45545.17662337665
6179.0,1260100.14147912,237512.47690326,4.0,165136.1020647433
6182.0,1275496.5969189,226155.528155625,4.0,379036.0611389163
6183.0,1272680.43486801,250827.553588897,4.0,390107.03131781967
6184.0,1272525.15435585,251086.389045149,3.0,267787.94905172265
6188.0,1281407.41804494,196603.100989372,4.0,115875.22695056198
6191.0,1272305.82801962,264712.602947116,4.0,665020.0762829974
6198.0,1259705.42211872,251692.31595777,4.0,252390.2977787552
6199.0,1259441.46167046,251696.948533773,4.0,117948.4450634323
6211.0,1277218.64984865,179421.498923764,3.0,191185.6026254245
6212.0,1277207.84415264,179093.602539435,3.0,323358.1811742439
6216.0,1265896.10327706,170036.465186164,3.0,44564.49748050436
6218.0,1263999.58967511,243368.820781246,3.0,165953.69137223106
6224.0,1276970.25893641,202419.644483328,3.0,1778513.4038805554
6225.0,1277193.99903263,202410.682563305,3.0,1694083.8539956063
6228.0,1262551.59978564,237962.182311714,4.0,26146.292040742406
6229.0,1262558.90064964,238209.019431964,3.0,44964.75143755251
6230.0,1282589.54367815,249882.735923916,4.0,1890278.0564724277
6231.0,1280438.24876395,254157.152888298,3.0,264494.33390758693
6233.0,1289719.16128546,188602.398197174,4.0,59460.74161677079
6235.0,1277631.49157707,202393.157315299,4.0,1662707.382401852
6236.0,1277626.13068107,202002.3143069,3.0,43745.917420968784
6237.0,1260588.49776763,253031.16267915105,3.0,29937.7143563826
6239.0,1261249.7681043,237972.121639729,3.0,23275.21832711804
6244.0,1272283.6429956,260074.656830356,4.0,21140390.92733539
6248.0,1276308.29016772,263275.505089641,4.0,193093.48238963244
6249.0,1260925.12304798,200468.76128132603,3.0,209745.2530090419
6251.0,1285326.85971296,243009.594476879,3.0,271.0215007215008
6252.0,1259661.21027867,191201.567863837,4.0,146897.78201331996
6253.0,1264114.82897124,262266.655360609,3.0,390333.0239897887
6256.0,1258731.07926972,196549.170365304,3.0,3413122.8026227257
6258.0,1270362.62161763,245404.508975342,4.0,46997.92241883705
6259.0,1260553.15299959,198481.688447282,4.0,813531.9159640496
6260.0,1260533.56778356,197817.428990602,4.0,608880.9875822826
6261.0,1256859.6745318,247789.395953774,4.0,993523.9218930145
6262.0,1256865.61181182,248078.106354073,4.0,872840.7384177182
6263.0,1285804.59596945,249776.460851818,4.0,483967.6035206712
6266.0,1269801.07185706,284695.514711574,4.0,175520.14755971625
6267.0,1261068.78749612,190655.92523928,3.0,1565205.863147039
6268.0,1261076.45808813,189818.985974416,4.0,620112.0422393781
6269.0,1278094.60773756,283152.005973995,3.0,313726.5652888785
6270.0,1269615.05220887,187899.171892449,3.0,16064.580704718208
6271.0,1269944.35505721,187849.415796399,3.0,38556.33184812477
6274.0,1277490.87896894,234957.609252647,3.0,19957.32127744734
6275.0,1256238.03862718,251483.24286955604,3.0,7271.911163773412
6276.0,1288296.05818,189904.637366503,3.0,6263.975944567936
6280.0,1264484.18122761,250960.642869025,4.0,64120.270710533725
6281.0,1269904.41681716,254844.133176997,4.0,4393164.9867704045
6283.0,1277268.37285671,230802.516512379,4.0,156204.6477433217
6284.0,1283411.320895,197587.354942366,4.0,56105.76766818021
6285.0,1283643.90111923,197585.365758374,1.0,0.0
6286.0,1272872.8570762,253645.635575771,1.0,0.0
6287.0,1260270.3586313,245362.539567292,4.0,337564.41035388206
6288.0,1260272.8523913,245627.874991566,4.0,372727.7273800588
6289.0,1287042.59347472,187451.074995995,4.0,213444.5538205593
6290.0,1266158.04074933,243616.714349508,3.0,71897.60832578309
6293.0,1266897.73681408,188662.096885234,3.0,45643.64238624503
6294.0,1257464.14774843,199401.665280238,3.0,2952.393522926059
6295.0,1257461.01290043,199280.195712104,3.0,71603.72508310524
6296.0,1263808.04087493,235715.197989419,4.0,76825.86532233813
6297.0,1278903.40831438,219252.061268553,3.0,279989.0026505982
6306.0,1281786.03410934,210548.948427647,4.0,884908.5003650114
6307.0,1282055.6890856,210541.462923631,4.0,821013.4390159944
6308.0,1268395.10583963,234546.079268217,3.0,79832.84763813262
6309.0,1268686.84638391,234540.633764207,3.0,125294.06772852287
6310.0,1263579.17482668,248462.709234476,4.0,397370.76711161126
6311.0,1260358.78333539,236063.380709767,4.0,339345.52141213213
6312.0,1260075.8019591,236068.22710977503,3.0,59040.98863063602
6314.0,1262576.18244167,193808.929466501,3.0,29874.51955677882
6316.0,1273553.5968529,255386.299385563,4.0,61181.67745394647
6317.0,1274216.43768558,255368.342393547,4.0,79143.88810460414
6319.0,1280072.48108357,221069.933014423,4.0,360729.5753354263
6320.0,1278246.8952257,256911.87180312,1.0,0.0
6321.0,1269230.60548848,254205.454648346,5.0,4427542.059799383
6322.0,1282611.61676618,198661.42335946896,3.0,10481.146850715268
6323.0,1282613.61811018,198224.310015023,3.0,264.60368368960053
6325.0,1265066.60625221,264888.362435296,4.0,417743.8120801283
6326.0,1264735.08625187,264897.299395293,4.0,410297.8005590662
6327.0,1277855.6955453,253891.494008034,4.0,473336.2348807034
6328.0,1263241.29591434,244674.004846588,3.0,102710.13686478882
6329.0,1287942.17664364,187430.18923597,3.0,206309.60884072183
6330.0,1278253.72684172,260555.668286845,4.0,85482.10031377629
6331.0,1278260.31576972,261215.666367531,4.0,69352.51651156429
6335.0,1272396.01086771,221827.565655202,4.0,52636.78601170293
6338.0,1277594.28492104,230794.910560384,4.0,379894.3383579448
6341.0,1277483.99583292,206263.186695263,5.0,762639.153803528
6343.0,1273057.65163639,195275.223100007,4.0,414632.0003525137
6345.0,1273716.79006907,208426.77255347403,3.0,92941.35472234875
6346.0,1274032.5374614,208421.555081472,3.0,84336.07462989933
6347.0,1280628.72838014,219887.609877214,5.0,115397.11136446612
6348.0,1274273.85394163,260346.205502644,4.0,302832.2692940009
6349.0,1274936.75384632,260326.801022619,4.0,313804.0851667855
6351.0,1259615.36490263,246856.612720817,3.0,12630.66134916487
6352.0,1259537.61795855,246958.351024926,4.0,24586.87890747196
6356.0,1264795.31479594,197723.798270509,4.0,580517.0620575718
6357.0,1269599.39934485,187151.10021168,4.0,506915.8306989174
6358.0,1279980.41106749,170469.386210606,3.0,42395.33333333333
6360.0,1265825.31338899,280443.730259225,1.0,0.0
6361.0,1279375.22527486,271116.069449663,4.0,2753562.861875924
6364.0,1273565.87832491,227964.55471748096,4.0,527964.1903656588
6365.0,1273758.87429312,227962.847645476,3.0,141215.97223500974
6366.0,1261844.57303292,253678.209335804,4.0,600366.0570515036
6367.0,1273238.49643658,250710.627636775,3.0,1132371.654735194
6368.0,1278351.94744982,227900.486941412,4.0,137455.81080242794
6371.0,1284128.55110373,247385.752369359,4.0,2320756.139559084
6373.0,1279680.51205918,268743.028935239,3.0,65308.82300418301
6376.0,1269023.91723226,227502.639965013,4.0,197550.56937430735
6380.0,1275555.80971895,246608.601392567,4.0,75226.57670007163
6381.0,1275578.71909498,247378.854449362,4.0,94635.80571317072
6382.0,1282127.06886168,226909.321564391,4.0,79662.82605415494
6383.0,1282143.1846377,227349.349212855,4.0,70271.42273381184
6384.0,1269691.95460895,223844.29064926496,3.0,56110.75287366572
6385.0,1283701.5633913,242036.97994789496,3.0,218437.748032115
6386.0,1283708.8675193,242320.660140187,3.0,157537.83713245043
6387.0,1271772.24081908,222759.573656142,4.0,956463.6423715006
6394.0,1261944.08100101,251655.79570174203,3.0,53047.52311339411
6395.0,1261793.57968886,251658.444341734,3.0,81317.26200573686
6396.0,1255471.00272238,196652.24300541,3.0,501910.68430241634
6398.0,1281112.19916464,244864.576686785,4.0,64131.10669635393
6399.0,1268244.30891147,245445.245423377,4.0,85690.26967483333
6400.0,1268651.65387188,245437.323567376,4.0,63860.5562705051
6401.0,1283264.05446285,234836.913316518,3.0,628186.7817932364
6405.0,1276989.76844043,212522.579661667,4.0,99569.2879854644
6411.0,1263559.49380267,252440.821686536,4.0,967855.457867211
6412.0,1272482.36011581,229172.092638716,4.0,3264666.740878267
6415.0,1270358.49329764,224949.804826394,4.0,519241.60459836415
6416.0,1284352.62054396,205586.17395857,3.0,318017.30464228214
6418.0,1265281.85450843,191099.119223729,4.0,238677.16991904733
6420.0,1285009.58937663,253068.33221519,3.0,31912.595136653777
6421.0,1281217.85740475,281469.703252271,1.0,0.0
6422.0,1281217.85350075,281648.484756455,3.0,50593.01684740546
6424.0,1275838.25989524,219835.972885162,3.0,103344.79974210708
6425.0,1276146.27704756,219987.21173331104,3.0,310667.39765136567
6427.0,1266989.32683018,260602.610814899,4.0,1243256.752005653
6428.0,1266992.59716618,260866.82451117,4.0,67254.26875630586
6429.0,1276666.19461609,262603.378432944,4.0,103978.7511571792
6430.0,1276895.31884032,262595.798400939,4.0,37884.88908776629
6431.0,1267732.37092695,252364.570550472,5.0,1474173.84642217
6432.0,1268200.78961542,252351.437686458,4.0,2067288.6593657855
6433.0,1278598.21669807,238052.256935805,3.0,1213.046233401226
6434.0,1278828.2244423,238046.859687805,4.0,9557.03524518138
6439.0,1261576.92919263,199662.859968498,3.0,57960.15337537445
6442.0,1284594.0872322,206353.623815343,3.0,49747.72940180588
6443.0,1265979.90462115,199021.630975842,3.0,47642.95763623809
6447.0,1267022.13943821,244441.52075035905,3.0,318482.5033025451
6448.0,1278479.45740195,206294.821127295,4.0,166183.87434162927
6452.0,1282798.45727837,267094.915397555,3.0,134965.7151291855
6453.0,1282805.43692638,268350.617926836,3.0,138341.90854811764
6455.0,1275196.45445459,204111.545285046,3.0,126866.93610478494
6456.0,1270861.00152214,223468.961624876,4.0,232398.37736518387
6457.0,1264506.35639563,237029.661222756,4.0,342631.0657991524
6458.0,1264520.32945165,237604.095783353,4.0,310059.46251069143
6459.0,1268703.70001593,177367.842921674,4.0,167601.71066016526
6461.0,1268502.20631973,172301.344804481,3.0,131169.80420814204
6462.0,1282388.03980595,283422.565526262,3.0,338357.33118276886
6464.0,1283079.70604666,233961.422627613,4.0,75922.8625769071
6465.0,1283419.714559,233952.246819615,4.0,134345.98802865404
6466.0,1257506.26608448,248596.4104186,4.0,349289.27847054176
6467.0,1261612.42026468,246609.974448577,4.0,656956.5072068401
6469.0,1273576.81630893,229242.803422794,4.0,2144433.936235872
6473.0,1271047.19569834,253502.64632763,3.0,175402.0369919908
6474.0,1275882.01343128,212893.722958043,4.0,440581.5337128972
6475.0,1276052.01016746,212890.362382039,3.0,134902.28689653223
6478.0,1270069.86296134,218179.472915456,4.0,432894.0400628745
6480.0,1256196.70537913,249108.50155513,4.0,824867.0833505021
6481.0,1255526.80445044,249121.084211141,4.0,946394.8931915716
6485.0,1278366.89656983,270640.54413718,4.0,2470959.505912401
6486.0,1278314.17029777,271152.557257697,3.0,3874872.913236118
6487.0,1275228.63352662,262889.074113235,3.0,5724.837078097332
6488.0,1275622.35813501,262878.609217227,3.0,86815.94706530694
6490.0,1274491.23077387,214903.367248103,4.0,115485.44487026273
6492.0,1266713.31492589,245999.302767947,4.0,1077013.1073621977
6493.0,1281705.55366126,268388.520134866,4.0,271816.59167661256
6496.0,1288568.53370027,189178.920949757,3.0,966605.7188303778
6498.0,1274497.91416587,246081.934128031,4.0,441989.8547950026
6499.0,1264202.73399533,233699.039587349,4.0,313478.9240121453
6500.0,1280160.34937167,219412.577044725,4.0,201868.4155341776
6501.0,1269453.73361671,242793.206444666,4.0,410628.3230394578
6502.0,1272693.82296403,217352.319698617,6.0,8380160.109854982
6503.0,1264827.72650796,262907.912961259,3.0,24949.76220584879
6506.0,1285857.43641751,207796.330952823,5.0,154975.40311733322
6507.0,1285851.5377935,207368.008968383,4.0,110388.0713369684
6509.0,1274233.41765361,256365.364026561,4.0,31757.85585919159
6510.0,1274239.1532056,256697.749882907,4.0,64119.84921446166
6514.0,1265366.70641252,227832.26818934095,3.0,9517672.651796969
6515.0,1279647.64569114,264023.689922407,4.0,149042.2299852519
6516.0,1279354.99404284,264490.196546882,3.0,84778.0
6519.0,1285939.89196959,178520.48657085,3.0,115478.05879678349
6523.0,1270659.43268993,264758.035267159,3.0,269801.25563730847
6524.0,1270998.62526628,264750.571651146,4.0,449878.98648706666
6525.0,1270321.8759536,242283.258988142,4.0,392921.52446582704
6526.0,1276686.01016811,245353.705263287,4.0,314656.2950657349
6528.0,1277709.14527316,206781.66989578295,3.0,70272.15264858582
6529.0,1264524.52663566,233690.302755341,4.0,167734.3729861867
6532.0,1269400.47192065,240916.249258742,4.0,226856.50574647656
6533.0,1269694.66526495,240908.324714735,4.0,310666.1175753534
6534.0,1262537.15268162,237473.765351221,3.0,32171.63224980136
6537.0,1277607.73048906,231232.092448831,4.0,386344.96041943936
6539.0,1280460.10335597,215895.085713118,4.0,71464.10116601046
6541.0,1269892.60024115,230089.385759652,4.0,271343.0118602727
6542.0,1271833.90405114,228667.506014198,3.0,201283.67592740417
6543.0,1272094.13784342,228664.884958193,5.0,1586613.1923607693
6544.0,1257029.95830798,251070.46814914,4.0,40406.22759058616
6545.0,1257035.67875598,251730.306677818,4.0,43971.374582151126
6548.0,1255369.92784229,256934.263163149,3.0,4806.346594653497
6550.0,1270600.06667387,230057.274271622,4.0,169740.7188398352
6551.0,1287836.16672353,176175.967976451,4.0,292879.6687159334
6553.0,1276463.17138389,253972.731704116,4.0,5527614.582072427
6556.0,1281576.18412511,220696.766102031,4.0,398088.0619138684
6557.0,1261445.96388051,197793.799422577,3.0,94359.41936048616
6558.0,1260320.23747934,256388.638266578,4.0,189684.6482205953
6559.0,1260052.86691907,256392.95289059,4.0,263645.10606363806
6560.0,1277017.55154444,220331.233365655,4.0,67538.69797253121
6562.0,1277362.10597681,263240.532033607,3.0,41637.17660292631
6563.0,1270916.3442422,230052.402527615,4.0,205745.6105965072
6564.0,1271232.06571452,230047.38614361,4.0,235297.99916541675
6568.0,1267609.50737481,249497.643507525,4.0,1460426.7735852886
6569.0,1268493.59057572,235874.484389573,3.0,18916.542792163265
6570.0,1285311.68358494,206521.03655152,3.0,6499.546806936726
6572.0,1275435.33061484,243110.256044984,4.0,29451.01295295672
6573.0,1275455.31019884,243649.989549547,4.0,145720.47036694063
6574.0,1271103.3389304,224324.150553748,5.0,825198.1393028427
6575.0,1283588.54361518,200570.514689431,4.0,1715063.638925341
6576.0,1283585.28934318,200246.195457101,4.0,1370686.3060854771
6577.0,1279656.39762715,215358.62619257,3.0,25404.18082285148
6579.0,1283057.09126264,227582.660445094,1.0,0.0
6580.0,1283098.42220667,227780.841501296,3.0,44059.77212365832
6581.0,1286358.07552202,195279.443580016,4.0,122856.7392608189
6583.0,1256806.67792375,253730.416567862,4.0,422871.8882898096
6584.0,1274197.68312556,253257.609079376,3.0,14670.292438234032
6587.0,1276217.69023164,229109.368990645,4.0,543505.6649037001
6593.0,1271891.3281792,254777.374072939,4.0,87911.81322645658
6594.0,1271974.36638728,254774.823224932,1.0,0.0
6598.0,1286094.59769775,192926.686457604,4.0,1172140.809207948
6600.0,1280440.98892395,214849.176400051,4.0,156369.75122146285
6601.0,1280431.67199595,214374.606799558,4.0,273392.7697698933
6607.0,1277355.9409208,234449.204772115,3.0,145939.2698366202
6613.0,1282096.37042965,212661.726733804,4.0,9238.602875109573
6614.0,1279594.53420308,231177.770400763,3.0,191610.79408618365
6617.0,1283979.66361558,206535.529287532,3.0,19768.7793205333
6618.0,1284088.82380769,206534.370823532,3.0,5425.674515547148
6619.0,1284111.60588771,261149.28127946,4.0,82227.9611739656
6621.0,1261792.36874487,195157.952315882,3.0,1146326.676164739
6622.0,1282348.0536299,211541.845068663,3.0,39566.250522480885
6623.0,1282422.47705398,225578.13429904,3.0,46681.74463632341
6628.0,1269795.33598505,283701.200470552,4.0,166786.35235269915
6629.0,1281926.38617347,284707.639063582,1.0,0.0
6630.0,1282073.49222162,284705.441239581,3.0,169541.99999999997
6631.0,1288269.27379598,183806.040304258,3.0,55415.52447667832
6633.0,1294478.44244233,185211.048369706,4.0,224355.8773179313
6637.0,1271089.04926638,275379.642254025,4.0,96323.9733946818
6642.0,1262775.65252186,194473.640059188,3.0,762675.4923280118
6643.0,1262442.69028153,194479.384763196,4.0,1915529.2898976435
6644.0,1270374.78168164,245924.37476787,4.0,64115.76876408304
6649.0,1263467.59140258,230677.730400264,4.0,1012753.0594951753
6650.0,1272409.07941173,228900.564638436,3.0,230676.10849459344
6651.0,1263758.22404288,266522.069124967,3.0,42414.0
6652.0,1256213.39267515,249033.286195055,3.0,21533.89420070063
6654.0,1284913.80774453,199438.216384262,4.0,81502.48073385793
6655.0,1284907.33235253,199187.935744017,4.0,747460.619222152
6659.0,1279051.56684253,244840.052142754,3.0,181550.4028586365
6660.0,1279055.66687454,245039.649134964,3.0,28916.813141492225
6661.0,1292812.97664863,186476.892914996,1.0,0.0
6662.0,1271830.41982713,280004.746194765,3.0,165095.2609801588
6663.0,1272156.26430747,279992.647506759,3.0,82748.60225599552
6665.0,1270421.6224497,174571.501350805,4.0,111586.26855774336
6666.0,1270711.20094599,174568.071270794,3.0,42420.0
6667.0,1270787.54398607,271728.136778295,1.0,0.0
6668.0,1270807.03409809,271996.911818564,3.0,76373.75708004033
6669.0,1275324.04114272,284482.37371935,1.0,0.0
6671.0,1280200.45887572,225563.27605901696,3.0,50428.46300165561
6673.0,1262474.95888956,251646.43646973404,3.0,294814.42534958967
6675.0,1277635.86623308,233493.277539134,4.0,454355.87058903486
6681.0,1281329.28402886,254653.336632803,3.0,4925.190793336831
6682.0,1281329.41266887,254851.76895301,3.0,76891.87059370024
6683.0,1259439.02762245,194540.802299246,4.0,5033795.930947177
6684.0,1259412.41085443,193886.138618588,4.0,4349306.033277665
6688.0,1282612.73945418,198953.414911777,3.0,15705.318838406214
6689.0,1282631.54323019,272353.918986931,3.0,86516.20414464196
6690.0,1282754.84153433,272544.444555134,1.0,0.0
6692.0,1262044.50141712,188189.773684755,4.0,1130043.0215479354
6697.0,1273811.76722117,240172.321257979,3.0,22579.412251214468
6698.0,1274322.56184569,240161.84656997,3.0,2622.75683384047
6701.0,1273981.85189334,247425.375025406,3.0,96587.10493258722
6702.0,1274113.24235748,247421.447217405,3.0,34818.65327387414
6704.0,1275878.25887129,228361.544733882,4.0,172453.8736607361
6705.0,1277769.18226522,238945.962536722,4.0,669328.2965762952
6708.0,1276721.81983215,246574.013552532,4.0,129399.28655780488
6710.0,1265717.07281289,249765.434675798,4.0,116311.88149307706
6711.0,1266086.66916525,249767.806067809,4.0,203167.697757552
6712.0,1274302.08581367,266704.269509152,5.0,5848925.281814064
6713.0,1274309.87717368,267031.10842149,3.0,44702.0259052616
6715.0,1287349.99801902,189996.729718596,4.0,150078.93055770037
6716.0,1277688.13189714,246569.558832526,4.0,76421.6722825348
6717.0,1277712.01336916,247133.989425108,4.0,25897.56402341094
6719.0,1273831.92696519,242482.669036344,4.0,409713.2832566481
6721.0,1282608.59219018,227026.999836519,3.0,38182.54497783684
6726.0,1279068.63077855,273765.390924379,3.0,693541.8461220245
6727.0,1279399.41388288,273753.487692371,4.0,810503.5182612865
6731.0,1285199.97574483,200548.28307341,4.0,1101280.1068685586
6735.0,1260946.33629599,254355.968760505,4.0,716716.1590166022
6741.0,1265548.34314871,265635.547908053,3.0,474.92585633609065
6742.0,1265740.87786891,265532.159043953,4.0,643404.8165405939
6743.0,1257858.50813283,197673.655294463,4.0,159155.45424009484
6744.0,1257197.53667615,197718.201150507,4.0,82360.80490412025
6746.0,1262143.24829721,255699.740665883,4.0,297072.17409748764
6748.0,1281071.6017886,227389.331740886,4.0,281575.8479711846
6753.0,1277226.04620066,249618.254515648,4.0,16189.562615481944
6754.0,1277233.14655267,249982.513588026,4.0,44970.21661920839
6755.0,1266670.25758186,227902.275933415,4.0,169255.15954270473
6761.0,1279999.7834195,229175.597854719,4.0,804687.0251674978
6764.0,1285264.77222489,186233.073522747,4.0,203566.5421302964
6765.0,1264760.9375799,211024.056076139,3.0,31424.92626472136
6766.0,1264915.70730805,210664.42490775895,3.0,77307.92218053699
6769.0,1281227.45842876,194258.357370958,4.0,259668.4015451829
6771.0,1285685.93478532,204890.869189858,4.0,1282851.1280820295
6772.0,1280733.98764426,222582.010647967,4.0,1613015.7335267812
6774.0,1275798.3114792,225295.321498752,4.0,579335.5383634152
6778.0,1267964.75204718,173607.248357818,4.0,566101.0210128367
6779.0,1271248.40952255,282018.089620829,3.0,96984.49802172396
6781.0,1280812.16076434,227403.812700897,4.0,456095.0984974607
6782.0,1280828.48748435,227834.997213349,4.0,515940.0794317668
6783.0,1265410.18103656,234975.267044663,4.0,100315.99682784158
6786.0,1280576.74847609,203952.969860896,3.0,47915.479206949305
6787.0,1279773.27077927,221081.695126429,4.0,435589.0371463944
6789.0,1267550.18103875,237939.00880768904,3.0,21295.351277493835
6790.0,1275438.69311084,265944.660804376,3.0,1700634.2323913705
6792.0,1280710.91654024,230049.100063607,3.0,1202449.1020681255
6793.0,1280722.97030024,230473.789856046,4.0,1714942.1878643609
6794.0,1257173.28413212,258439.222716689,4.0,1104686.556171295
6796.0,1274246.05413361,218174.333779454,4.0,378886.91369138943
6797.0,1274234.9567256,217627.939218894,3.0,195857.258430964
6799.0,1260778.32579982,253028.11384715105,3.0,28431.209121330063
6800.0,1256282.45814721,254405.763640553,5.0,3908635.613123621
6801.0,1255954.86531489,254720.208888873,4.0,3953234.054994082
6802.0,1272300.84837162,265147.782467559,3.0,188363.45587097335
6805.0,1273112.61413245,245457.017071396,4.0,71878.93318877184
6806.0,1265919.20164509,276454.103375137,3.0,242673.6809930702
6807.0,1266491.36983767,276260.97646293,4.0,264109.2453940948
6808.0,1265482.73598064,239670.633641466,4.0,298917.89030136034
6809.0,1260738.83312778,205129.579398096,4.0,542771.8433089111
6813.0,1269581.79275283,230523.28643210203,4.0,432120.71042226936
6814.0,1280856.46969238,204178.536005124,1.0,0.0
6815.0,1284331.15142395,209532.791050598,4.0,306765.8296978864
6817.0,1255584.6908505,252555.124918655,4.0,179445.9737489706
6819.0,1274399.33630978,209736.292938814,4.0,614017.4972066181
6825.0,1266679.48100586,262862.043329209,4.0,170979.16881058793
6826.0,1273008.27378035,203626.65914055696,3.0,52262.70330681454
6832.0,1277256.25381669,253294.764855415,4.0,696516.0279943778
6833.0,1261150.5317522,251037.075509101,3.0,58864.07728042294
6834.0,1260882.45616792,251042.512821108,3.0,45413.913351421535
6837.0,1279961.80153146,227858.068701372,4.0,556080.1713436594
6838.0,1279973.11058748,228283.987485811,4.0,597778.0107183055
6840.0,1267035.43825422,243600.818669483,4.0,459909.1573972844
6841.0,1264771.81585191,263570.321409941,3.0,51238.114684613625
6842.0,1264388.35268351,263579.812545955,3.0,583875.8775850727
6845.0,1280678.7870042,213711.010382891,4.0,67897.74055109396
6846.0,1264162.41809128,232706.560290337,4.0,1235283.8959358206
6847.0,1264185.42564331,233069.141282707,4.0,848010.5177758724
6848.0,1272320.89521964,245478.312943414,3.0,4679.556931136262
6852.0,1276677.6968881,285667.692888573,3.0,163254.18546874938
6856.0,1262053.77072912,191812.825144455,4.0,281862.6154505714
6860.0,1291052.57562283,181372.163309768,3.0,63879.58242067992
6861.0,1291044.55597481,181061.209837452,1.0,0.0
6862.0,1273005.27410033,220280.746581614,4.0,72720.57076912434
6865.0,1270064.77771333,269418.396999925,4.0,475180.922769937
6866.0,1270397.52638566,269411.714567915,4.0,360218.2701101981
6867.0,1273147.98744449,239058.41277684303,3.0,204801.8337763054
6868.0,1260921.68343197,253025.81099914,3.0,41353.18309198552
6869.0,1270112.98494537,262120.04147245,1.0,0.0
6870.0,1268917.47812815,229687.683167249,4.0,684766.1123960672
6872.0,1256876.78109182,256569.738298774,3.0,45025.73533737314
6874.0,1282565.00499013,233973.581731632,3.0,16199.933558823022
6875.0,1276724.10463215,223627.611609042,4.0,491655.85952176806
6876.0,1270680.21476996,244034.334893927,4.0,107506.27278771358
6877.0,1267269.85054247,249218.28446725,4.0,15693.812365012527
6878.0,1285724.26444936,205430.10010241004,3.0,98363.73096873374
6881.0,1271222.12184252,175125.359527364,1.0,0.0
6882.0,1271890.90526719,175125.887719378,3.0,97155.21845086115
6883.0,1279619.66674711,170478.518754616,3.0,42085.82323232327
6884.0,1279605.37113109,169863.58396998,3.0,45755.93179786168
6885.0,1281247.08767678,251232.506165311,3.0,21908.39255951316
6886.0,1265554.68862072,253215.660343334,4.0,1086169.065248142
6888.0,1272981.25413232,232585.80854621495,3.0,36668.56963805258
6889.0,1270643.06494592,206010.810886994,4.0,91128.52289115636
6896.0,1263032.42007414,259648.459837928,4.0,827597.2424584592
6897.0,1278992.87826647,208306.192137346,4.0,1777853.9089599166
6898.0,1279324.50425081,207627.264648646,4.0,710706.9449288571
6899.0,1268658.85303989,245697.275439635,4.0,41588.385865442055
6900.0,1265057.18570819,264225.927042603,4.0,292711.6594040192
6901.0,1275375.97867876,230379.755551949,4.0,86006.68664486877
6902.0,1282587.57715015,210526.693259627,4.0,557530.7083567529
6906.0,1260397.18154342,259797.06553407,3.0,676797.0177497794
6907.0,1260411.29469545,260377.738238677,4.0,157132.86758112215
6908.0,1268900.37777613,282054.97275686305,6.0,1234387.4515210525
6909.0,1268901.53592014,282311.519509137,3.0,45472.60524442789
6912.0,1281105.83794864,228280.678429797,4.0,390470.0609364523
6916.0,1278062.93164152,257914.444284141,4.0,2651528.390999739
6918.0,1279907.0890834,217498.51457876,3.0,29139.507304548824
6919.0,1277021.17490445,222338.677463725,4.0,390857.3246394876
6920.0,1277015.60172045,222067.945111439,4.0,235600.31590596997
6921.0,1262757.43536985,193137.345785812,3.0,27518.04423483852
6923.0,1262634.87197772,264503.897602901,3.0,42397.99999999999
6924.0,1262637.56746572,264953.888195351,3.0,42585.99999999999
6925.0,1274372.08568574,231242.92150484,4.0,142491.35941414745
6926.0,1274631.00152601,231237.312288836,4.0,170435.78497318155
6927.0,1280712.75999624,251568.749301642,1.0,0.0
6929.0,1267625.03223883,226598.168348074,5.0,1252034.3070761417
6930.0,1257829.5921648,250428.756468475,3.0,81441.44635574344
6933.0,1261301.80247235,255711.223609895,4.0,746332.9568159711
6934.0,1272369.15173168,220603.722645938,4.0,102173.3059877896
6936.0,1269709.00446497,241447.102507278,4.0,228878.919606356
6938.0,1271989.7866753,267375.830853835,3.0,10119819.87697279
6939.0,1271996.72920331,267647.228294119,1.0,0.0
6941.0,1289757.0004535,190999.300855622,3.0,519137.4591718461
6945.0,1269401.60478465,179173.955755517,4.0,320332.3659539516
6947.0,1277577.49068102,260577.987198874,4.0,340135.77513649367
6948.0,1276357.93016778,221434.601238787,4.0,1565272.7157489783
6949.0,1264921.96023606,254558.39288871,4.0,208959.68462156807
6950.0,1264263.11146739,254571.361400723,4.0,130694.12091450737
6951.0,1266388.97732556,243221.158061102,4.0,272125.7627056488
6952.0,1266675.42884585,243213.299757093,4.0,389951.8536730023
6954.0,1284926.91200055,200226.91827307604,3.0,521664.31099057145
6956.0,1256771.89059572,189926.305014521,4.0,67626.76023309302
6957.0,1284970.0316806,249835.107379869,3.0,22841.97408849033
6958.0,1285060.93900868,249832.59294787,4.0,10264.387301120874
6959.0,1274607.23941398,285183.876952067,1.0,0.0
6961.0,1267408.63339061,234310.783139974,3.0,169158.96663353228
6962.0,1267484.72350268,234309.093539983,4.0,2633662.9215664803
6965.0,1267346.92292655,244624.378030539,4.0,126371.72980016704
6968.0,1280086.65561159,217899.965907171,4.0,96877.31967115504
6969.0,1280346.51372387,217892.503315166,4.0,103325.32468915536
6971.0,1280402.46796392,207197.252040207,3.0,4086627.624182897
6973.0,1265469.27242862,233423.763235062,5.0,636776.6020157639
6975.0,1271717.13925102,269096.983239591,3.0,49175.9640553391
6976.0,1272065.40299538,269083.580039591,1.0,0.0
6977.0,1279639.90418713,227866.856093377,4.0,291752.6972164362
6978.0,1259201.45853421,189505.370486096,3.0,1335019.5068655943
6979.0,1260390.06768742,192034.860792682,4.0,389876.7445332531
6987.0,1263418.78903453,266261.7835567,4.0,209238.5682244068
6988.0,1263434.08164254,266922.226757377,4.0,85083.94933561738
6989.0,1271228.94430652,242727.173164591,4.0,256627.2758730084
6990.0,1270447.25924972,248687.251442701,3.0,112617.76735171412
6991.0,1274629.79909401,232062.951009676,4.0,194062.2983860084
6993.0,1267642.43447885,259794.045502067,4.0,2339938.0046936115
6994.0,1271641.77029094,263074.835201427,3.0,45642.11000296768
6995.0,1279932.88594744,216310.548497543,4.0,228751.59444851108
7000.0,1277821.75564127,263225.277505592,3.0,45228.38650113038
7002.0,1270862.45752215,286660.28047359,3.0,371442.2105269004
7004.0,1276248.71218367,204087.540101022,1.0,0.0
7011.0,1259644.94352666,248282.851314291,4.0,157492.32897550604
7014.0,1277396.70860083,237824.272807568,4.0,80307.56604763262
7015.0,1272102.12760341,247479.527793467,4.0,27950.182330933298
7016.0,1272110.00920342,247741.32945773,4.0,16812.35713158311
7021.0,1265312.69105247,240319.389226124,3.0,205671.5665808058
7022.0,1269142.54564838,228265.883165792,4.0,215821.65844604705
7023.0,1268827.04529606,228552.689374074,4.0,148694.42613244994
7024.0,1281536.51129308,225626.562011078,4.0,100041.78305015278
7026.0,1283495.56678309,195263.101051986,4.0,1084384.0249034788
7027.0,1277356.4245048,213835.248655006,4.0,34265.76010734065
7028.0,1283115.4297587,235281.11978097295,3.0,36094.3310199684
7031.0,1270467.74737774,284867.365399748,3.0,47635.83593679599
7032.0,1294380.02369022,180864.640365243,1.0,0.0
7033.0,1294374.63751422,180590.043820962,4.0,423896.4197971543
7034.0,1280758.76415628,179378.67319572,4.0,583367.1319135096
7035.0,1293040.37645686,180356.622380733,4.0,5142788.1366670765
7038.0,1282895.68249446,236132.035749838,3.0,60735.71393664378
7039.0,1283068.27135864,236113.001957819,3.0,21192.63333333333
7043.0,1286625.29773028,191812.815672457,3.0,173001.44502728517
7044.0,1276452.74424787,212533.228301674,4.0,225569.92705167012
7045.0,1276715.81458414,212528.012045667,4.0,150064.49229864267
7046.0,1280885.49164441,256836.234171048,4.0,559112.6175441948
7047.0,1281562.41087711,256818.146939024,3.0,378828.9121556646
7049.0,1258182.26966916,247389.600817367,4.0,46827.63460713296
7050.0,1265437.84273259,232141.490209758,4.0,176575.19019678776
7052.0,1276780.18981621,268543.976519033,4.0,18469.487481444725
7053.0,1257831.4577008,244720.52510263,3.0,141773.17774909345
7054.0,1264575.80964372,170035.640994161,4.0,524413.9924749263
7058.0,1294380.17889023,179158.079467505,3.0,125285.65828052883
7059.0,1294258.1148261,178792.166827127,3.0,146216.44804422307
7065.0,1266288.91415747,257579.906875804,4.0,278845.53445210506
7067.0,1259397.10711041,259067.775293335,3.0,171903.56420388428
7068.0,1268463.85732768,241734.694507584,4.0,676654.422921856
7069.0,1268766.24388801,241725.690859571,4.0,238008.06163224688
7071.0,1261923.343209,238799.917864576,4.0,107128.52620829224
7073.0,1267046.57374224,232121.674017742,4.0,727352.7195486057
7074.0,1264235.77361137,253238.153783366,4.0,510961.0369347673
7076.0,1288052.86374775,191773.425976425,4.0,274455.07341098256
7077.0,1288329.58534804,191740.55826439,5.0,179666.28951057675
7078.0,1270261.92036954,205214.675014183,4.0,77851.98200780434
7079.0,1270253.77105752,204919.203781888,4.0,115098.23176317968
7080.0,1281755.0581093,247244.695281222,4.0,202459.1586977884
7081.0,1281762.5187173,247904.630001903,4.0,169884.6468202597
7082.0,1276462.57099988,226131.064283594,4.0,421767.7736337488
7083.0,1255350.53251426,255810.155833989,4.0,1760714.2531291118
7084.0,1255356.11421026,256465.34220266304,3.0,82507.42717488723
7085.0,1265862.62142102,243624.459053516,4.0,172961.48461725234
7086.0,1267544.53009474,253182.386487305,4.0,2428551.855901039
7087.0,1267497.8858707,251563.665973648,4.0,306966.6660164938
7089.0,1284401.81235202,252493.954486594,3.0,70376.04632366792
7092.0,1257450.83178042,258433.550844684,4.0,939772.8589066776
7094.0,1270449.97969772,282031.609300837,4.0,816037.6426253588
7099.0,1271088.04273838,272224.889418796,4.0,260430.9558132513
7100.0,1271750.61752306,272201.962954774,4.0,1168481.6227097437
7101.0,1264660.80785179,191761.740600407,4.0,1288234.141065092
7102.0,1264376.5817395,191769.052280411,4.0,2033178.6795819576
7103.0,1268881.42276812,190436.710775048,4.0,1120056.9206272317
7104.0,1268924.20388816,189783.525110379,3.0,83899.49510193638
7106.0,1256196.30902714,198281.022847086,3.0,45815.9086323796
7107.0,1268577.03953581,208026.374089062,3.0,109038.85446162944
7108.0,1268910.73700815,208019.781577051,3.0,23654.583732468534
7110.0,1258632.51382962,251051.011125118,4.0,46048.61795024531
7111.0,1274192.01515755,237481.730855227,4.0,264486.981561185
7112.0,1274452.23838982,237476.60880722097,3.0,204272.51135064688
7113.0,1271647.74040295,264067.397506446,4.0,753732.6551997978
7114.0,1255604.64189053,253742.088759869,4.0,85255.22509053272
7115.0,1255616.71049854,254413.707512558,4.0,118082.86174792044
7117.0,1270509.57041779,212149.435405284,3.0,147333.8956161428
7118.0,1281333.03500487,208692.674249738,4.0,391199.1509075565
7119.0,1278923.7655624,225222.574618667,4.0,852924.1498982301
7122.0,1281911.51775746,230389.527519956,3.0,420824.6084723276
7123.0,1268004.30839922,231784.232097387,4.0,11656132.626592316
7124.0,1268326.07876755,231776.213409379,4.0,6037941.201593419
7125.0,1276979.10572042,202818.139779732,3.0,3211861.1235498264
7126.0,1281461.904829,209631.419146702,3.0,26846.128626170943
7127.0,1281784.23295733,209629.208522707,3.0,12708.57955798218
7130.0,1263279.47037838,170721.269922867,3.0,46988.923608951125
7131.0,1263103.5140902,170726.445410863,1.0,0.0
7140.0,1280872.70066839,256505.580282703,4.0,260261.7676228681
7141.0,1279863.30629936,255208.566137373,3.0,668973.0925579636
7143.0,1275401.3821988,231219.369056806,4.0,71599.03894212912
7144.0,1275649.16383106,231212.997664809,3.0,5500.652333750072
7145.0,1278719.10911418,254070.586168215,3.0,18193.897687002544
7146.0,1278813.32844229,254296.654584438,3.0,398771.4665816156
7147.0,1263598.71089071,193790.270650491,4.0,174582.34372310055
7148.0,1263424.24010652,193793.453434482,4.0,798073.1122409744
7151.0,1264964.9837881,246306.804400265,4.0,349009.35486441525
7152.0,1265389.96126054,246292.969840243,4.0,476185.5966756049
7153.0,1262109.72797719,194485.130491197,3.0,1330065.892206711
7154.0,1262093.77853717,193817.728634506,4.0,2128125.420932519
7155.0,1274957.97855034,265006.915331408,3.0,256542.74029663036
7156.0,1288227.64691593,187236.110259771,3.0,288883.9227035547
7159.0,1286060.38905771,185418.560369909,1.0,0.0
7160.0,1286162.43449782,185416.481009915,3.0,84777.99999999999
7162.0,1270393.30360167,224259.310105681,4.0,242339.24958461255
7164.0,1284635.24524824,209098.485770166,4.0,800418.1630762008
7165.0,1284629.18163225,208669.552905723,3.0,54261.03240580018
7166.0,1270422.65131369,271404.247689962,4.0,279984.9253129274
7167.0,1270423.89214569,272003.970250577,3.0,189205.78351303635
7168.0,1269007.70404825,264267.91878666,3.0,2133040.2523856843
7169.0,1269221.89188847,264310.969538704,3.0,195339.91040215667
7170.0,1262359.92829745,189799.462710395,3.0,68545.39476111207
7172.0,1271408.27045071,246436.604016393,6.0,13640246.37348138
7174.0,1270947.40421024,204607.838277563,4.0,272047.1892633121
7175.0,1281559.90169311,223852.410329267,3.0,937673.984976956
7176.0,1281979.39788553,223660.626649067,4.0,927126.755418808
7182.0,1276914.23250434,260704.322239012,3.0,193366.1198585404
7184.0,1278073.62911353,270531.039433062,4.0,2090525.972133656
7185.0,1269275.70942453,225514.870938972,4.0,10351011.687375126
7186.0,1279333.22668283,268064.267462537,3.0,35742.79933183153
7189.0,1257812.75952478,189238.90968582,4.0,873571.5257490444
7190.0,1286361.88550602,195492.429052234,3.0,20347.14317757776
7193.0,1277869.85528933,230783.735072359,4.0,208764.3571018997
7195.0,1259488.6036225,254371.850936517,4.0,229487.5538298629
7198.0,1280278.64441179,199309.835776135,4.0,220178.67626486783
7199.0,1280246.65791576,198890.652543709,3.0,6645.929792108938
7200.0,1283406.39206299,181227.014637619,3.0,104524.55481557777
7201.0,1283769.57836737,180895.156077281,3.0,46227.23506728203
7202.0,1287019.74086669,186593.43301111495,3.0,34868.67638720064
7204.0,1257060.14493202,192290.66079294696,3.0,107297.61960861358
7205.0,1258398.38800539,260549.000382841,3.0,585069.07011983
7206.0,1257215.32541217,259806.594366089,4.0,1587634.3864795335
7207.0,1279394.87909888,205349.838790327,3.0,38326.999392836646
7208.0,1260959.06820001,255027.152441189,4.0,443984.20734515047
7212.0,1275164.59359056,225737.656603202,4.0,205933.1013357386
7213.0,1266408.13246159,243610.806509495,4.0,352343.597840664
7214.0,1281839.03564538,195934.655484676,3.0,493522.2849876101
7215.0,1282121.68569368,195927.78905268,4.0,671058.8815310573
7218.0,1277172.3084086,201930.696962819,3.0,459507.4821845213
7219.0,1277083.86239251,201866.131842747,3.0,5092077.018956386
7220.0,1266693.77719788,264186.125314564,4.0,485643.5179994937
7222.0,1274068.60402143,207314.91130434,3.0,57425.98340257402
7223.0,1264292.51991542,256171.340474367,3.0,42734.1387429772
7224.0,1277588.68492104,260245.55577454,4.0,195905.69770669568
7227.0,1272568.64805189,204362.09466131,4.0,2969658.733704911
7228.0,1265575.98878074,195080.023355812,4.0,1920957.1728328948
7229.0,1267913.57169513,240964.892202795,4.0,334395.10802673106
7233.0,1279242.11039473,251835.938741922,3.0,48097.03566180902
7234.0,1279512.19218701,251730.304437816,4.0,124951.14770922622
7237.0,1282724.94924629,211534.90318065896,3.0,43219.57466553624
7241.0,1269023.89988826,240923.525482744,4.0,119216.20296563325
7242.0,1269239.45419249,240920.587178752,4.0,138861.59745142443
7243.0,1261857.15466492,254344.916600496,4.0,1303304.60396129
7244.0,1276351.38091977,221128.772118479,4.0,90527.59113223554
7246.0,1257511.66698048,248862.274354875,4.0,264147.6489949824
7247.0,1256882.54979584,248876.295346886,4.0,152586.10870224683
7248.0,1280196.2790997,225669.363739133,3.0,19867.86149200372
7249.0,1261276.58858433,253019.20306313,4.0,236590.0838728052
7250.0,1261038.21309608,253023.939319134,3.0,51119.687177794665
7251.0,1261238.5194643,237330.044135064,3.0,22165.337145817048
7252.0,1271215.53816251,242262.589420125,4.0,416693.8609366813
7254.0,1262395.17853747,255696.303673878,4.0,412546.5278779914
7256.0,1279408.0959309,223841.85167326,4.0,638512.1626787537
7259.0,1288311.82586001,190519.900919139,4.0,906386.3648595124
7260.0,1277500.12440895,236757.045286477,4.0,107098.33133948172
7261.0,1282803.92447838,194598.456059307,4.0,847895.9589010838
7263.0,1283254.61644684,196159.074684903,1.0,0.0
7264.0,1283253.05875084,195904.616508648,3.0,50043.17502013258
7266.0,1280979.8539485,224745.409242183,4.0,205502.4603739441
7267.0,1280992.69087651,225165.270938605,4.0,272554.0297824769
7269.0,1265446.4995646,267527.597637996,3.0,551560.758169096
7270.0,1279588.01817109,212261.593293399,4.0,5157769.675399183
7273.0,1260725.04931976,259703.692349985,4.0,929813.9787441422
7274.0,1282891.86361447,258768.271613017,3.0,496532.6081055517
7275.0,1275740.08031113,243639.48036553,4.0,110909.85272233657
7276.0,1276019.86981542,243629.215597525,4.0,47213.79895874013
7277.0,1271751.11390705,275145.990157798,4.0,375267.26476816245
7280.0,1262017.45488909,258266.1000925,3.0,3153421.568109064
7281.0,1278200.00357766,202399.557571307,4.0,645345.6650022331
7282.0,1278976.89567445,202353.350019246,4.0,384511.9203190165
7283.0,1283848.79609545,253165.194551289,4.0,95034.40279980798
7284.0,1262141.00087322,195808.484156549,4.0,94450.5245135478
7285.0,1261807.75876087,195814.37094055105,3.0,45409.48556628382
7287.0,1260961.67517601,248786.942834795,4.0,165162.17372460937
7288.0,1260313.63447134,248800.51038681,4.0,199158.3521253896
7290.0,1287393.21222708,189952.819702551,3.0,49659.95189973384
7291.0,1287779.84006748,189945.281974554,1.0,0.0
7294.0,1266377.55870156,264855.258115262,4.0,285209.74278634886
7296.0,1262835.93156193,236392.544742107,4.0,149856.66343320196
7297.0,1278776.69497025,236725.050278455,3.0,41775.13020287059
7298.0,1273108.04651645,211089.740364194,3.0,25752.734988176573
7299.0,1273104.94878845,210451.01197955,3.0,14506.095292609476
7302.0,1282853.52639842,210519.308107615,4.0,360428.82985846815
7305.0,1283488.99430308,245891.489007831,3.0,151611.03981658397
7309.0,1281959.75327751,284955.932183832,1.0,0.0
7310.0,1282090.21823764,284949.673367828,3.0,84777.99999999999
7311.0,1279189.96287468,173771.751653984,3.0,271481.2740342872
7312.0,1292277.08500007,187399.986227944,3.0,36220.60776555445
7313.0,1291854.22919165,186742.16766727003,3.0,5357.629926405388
7316.0,1266377.73879756,242761.721324638,4.0,85200.09005555007
7317.0,1271999.1448833,205696.492294669,4.0,28250.039921915224
7318.0,1276378.69253579,246023.936559975,4.0,62287.94154838739
7319.0,1276395.37989581,246583.860976547,4.0,43506.42119959858
7320.0,1270024.02974528,215869.726545095,4.0,95077.37841523172
7321.0,1270254.21464153,215865.798737094,3.0,54001.94827560515
7322.0,1276364.48427978,221740.640663102,4.0,359001.72111126385
7324.0,1256832.59715578,255208.878457382,4.0,824472.4509728265
7327.0,1277368.17516081,214435.620111629,4.0,112746.54099893838
7328.0,1277362.58591281,214135.733583316,4.0,47515.315564989054
7330.0,1286705.89728238,205410.427910388,3.0,274815.7112354762
7332.0,1261514.24196057,249041.062067062,3.0,218312.52038604103
7333.0,1261519.78000858,249306.92440334,4.0,98234.8550542102
7334.0,1266214.89002939,250304.655028358,3.0,10351.694623883868
7335.0,1269548.6143848,208007.155337036,3.0,42456.518106747055
7336.0,1281855.1730534,284296.601495162,3.0,375706.8545981693
7337.0,1282108.93766166,284287.348247156,3.0,149672.86514963463
7338.0,1279384.25381887,272433.167499021,4.0,823830.9373499787
7339.0,1279392.69573888,273093.841739684,4.0,994554.093985682
7340.0,1268650.13451189,252982.22975109503,3.0,161837.43132849468
7345.0,1260636.48093568,251678.123061761,3.0,27725.405772724564
7346.0,1282026.83974157,207454.665608481,3.0,41175.83366479454
7347.0,1282387.39314994,207446.296840474,4.0,86304.21331335645
7348.0,1274918.32805429,222996.75592839695,3.0,178912.52800762956
7349.0,1266313.10801348,259561.671613827,4.0,1659274.074766404
7350.0,1266676.81201386,259552.94655782,4.0,3363346.804310915
7351.0,1262365.24260144,267612.963270083,3.0,89557.39974134248
7356.0,1281511.09996505,251890.283061981,3.0,133063.75927798983
7357.0,1258844.29686984,248300.870962307,4.0,232448.46245618712
7358.0,1258201.63376518,248314.922162324,4.0,177430.7807397931
7362.0,1277862.12268132,281369.707732171,3.0,137830.39032420586
7363.0,1277577.74328902,281275.576660067,1.0,0.0
7366.0,1281617.74834916,208695.062729746,3.0,209394.92544551837
7367.0,1260233.98698327,251683.673909768,4.0,637086.9914921167
7368.0,1259969.38256699,251687.684405774,4.0,91791.89759758452
7369.0,1272682.55262801,269550.605064064,3.0,22591.71352637857
7370.0,1272811.84702814,269689.886280209,3.0,40905.53355372535
7371.0,1275197.02136658,217399.415058658,4.0,46651.970336469225
7372.0,1273944.6669333,246292.103344247,3.0,354498.3278804527
7374.0,1255186.52598609,196710.696957469,3.0,604409.3430400507
7377.0,1264577.25092371,246582.304880545,3.0,92406.68549463549
7378.0,1256564.20329951,198799.25606361,4.0,123547.85498221531
7379.0,1277678.17029713,268516.253127009,4.0,55943.660667859454
7384.0,1281048.36038058,269038.36589554,4.0,425708.8909710156
7387.0,1262790.68560988,234849.831588537,4.0,52029.032333386895
7388.0,1270984.78014627,244452.651950359,4.0,180069.0806248369
7391.0,1261406.55684046,251031.855029106,4.0,413529.7705593871
7393.0,1284756.57836838,193861.749562562,4.0,75766.72874359094
7394.0,1285112.87257674,193851.75909854504,3.0,12358.497610490607
7395.0,1281599.96722914,227377.302236885,4.0,22752.008985222477
7401.0,1264874.72017202,238671.185192436,4.0,57365.21217109801
7402.0,1272165.24792348,263707.261762083,1.0,0.0
7406.0,1265531.07121269,252134.569334224,3.0,91324.73695848836
7407.0,1272540.13067587,253447.68875958,4.0,444043.2648844048
7409.0,1282158.84735772,249890.736243933,3.0,70145.01310286846
7410.0,1273597.09246895,243391.016301274,3.0,272352.84402734006
7411.0,1273598.88018095,243608.010285497,1.0,0.0
7412.0,1260388.02832742,198485.875775293,3.0,145323.35797554575
7413.0,1260363.2229514,197820.805246606,3.0,26468.801946373547
7414.0,1260754.6608398,193850.489082545,4.0,353265.99390281085
7420.0,1280375.39519589,271085.117385641,4.0,2574711.8050549924
7421.0,1281067.19826859,272222.532426804,3.0,908244.8094796976
7422.0,1269404.33182466,201208.900866076,1.0,0.0
7423.0,1264810.05201195,232818.088290453,3.0,745378.9224313294
7424.0,1280903.70124443,248587.760178596,3.0,30634.703152163805
7425.0,1253446.86966431,251310.637621388,3.0,169542.0
7427.0,1257617.81834058,196610.415613368,3.0,133471.25565035027
7428.0,1277249.78892069,204490.553733438,3.0,89936.08477952116
7429.0,1274071.91762143,231647.448225245,4.0,113280.31425731172
7431.0,1284009.1221756,260392.264766678,3.0,120663.4027914278
7432.0,1275424.23845482,222985.622040376,4.0,209107.6047027858
7433.0,1256805.51389176,199869.413376704,3.0,22991.01259745693
7436.0,1283377.13983896,207825.51194486,4.0,1208300.6085884406
7437.0,1283373.09363095,207396.469192415,3.0,63438.08457041531
7438.0,1279505.14495499,252590.542838693,4.0,348383.472499264
7439.0,1279497.15449099,252919.407351032,1.0,0.0
7449.0,1278124.72024958,217544.365586802,4.0,393174.8111585061
7450.0,1278436.8413379,217535.101458803,4.0,156162.14931882135
7451.0,1274710.11423008,209731.241738811,4.0,2144310.032219434
7452.0,1275017.8767264,209726.240138799,4.0,269314.4210432758
7455.0,1266411.51038159,238745.147944525,4.0,46233.18125142157
7456.0,1266681.78974186,238739.318568513,3.0,1123130.5282655149
7457.0,1285102.02252872,259744.280510023,4.0,129655.42911750924
7459.0,1283328.58547091,253175.8241833,3.0,83611.73482751682
7462.0,1283465.84966305,234831.436324507,3.0,365952.1890696109
7463.0,1257258.41782822,199949.205184788,3.0,47796.17332616456
7464.0,1257253.63402021,199770.629440606,1.0,0.0
7465.0,1295389.58663526,181699.024494097,1.0,0.0
7466.0,1295720.97639561,181686.750894085,3.0,552759.5589444378
7468.0,1273196.53291653,216474.425105706,3.0,177363.33377681344
7469.0,1273446.27486879,216468.220433712,1.0,0.0
7473.0,1294038.46893787,187322.783283859,3.0,40156.88602095387
7474.0,1294210.62477806,186871.187763393,4.0,45033.95613517795
7476.0,1281013.07801254,212220.308301359,1.0,0.0
7477.0,1281153.56754868,212215.889357358,4.0,97869.37227007626
7480.0,1254851.50825775,248132.353586137,4.0,47403.33486298597
7483.0,1277884.49464934,231519.792353123,4.0,357142.7105175641
7486.0,1264456.54845959,235259.94461295,4.0,225711.11038906893
7487.0,1279040.83161052,233339.997666985,3.0,191405.97860078848
7488.0,1268046.83127926,226430.677851915,3.0,14866.467114131556
7491.0,1281310.20799685,214009.623311192,3.0,840330.9354923766
7493.0,1270003.21681726,241439.093035281,4.0,346615.424738162
7494.0,1270297.64273757,241431.381099269,4.0,505165.1697763288
7495.0,1276358.39435977,233526.746339172,4.0,498336.4008181191
7499.0,1273599.74731696,248761.392690778,3.0,296908.28637379303
7500.0,1273617.82802097,249528.944947556,4.0,1188010.0015564845
7504.0,1267905.49329512,240669.234986484,4.0,504914.7158507127
7506.0,1280477.13055599,181705.840430111,1.0,0.0
7507.0,1280672.81094019,181711.711854115,4.0,103502.21737583396
7509.0,1284156.77151977,249854.616883889,4.0,279580.012298571
7510.0,1259559.13795857,199172.958719999,4.0,11766307.84048687
7511.0,1259542.36663055,198507.32422331,4.0,11685854.24460866
7513.0,1280440.95250796,259173.47590144,3.0,127798.08824230036
7514.0,1280448.89868397,259490.996221766,1.0,0.0
7515.0,1265124.56414028,268198.939782679,3.0,101123.13302763892
7516.0,1275536.99147893,227516.962397024,4.0,161437.7538534598
7517.0,1275614.03531902,258318.83782056,4.0,642626.5672453581
7518.0,1276289.3400237,258298.802108541,4.0,812164.1408527067
7521.0,1287524.13779521,188660.748469234,4.0,1280383.468613349
7522.0,1273514.35870886,224673.74793011,4.0,686011.6035336604
7524.0,1259772.8977028,194533.66847524,4.0,1144804.7181137044
7526.0,1283482.32793507,194584.258939296,4.0,1676827.8180583166
7527.0,1272332.36139566,225406.963994861,4.0,294028.6674153767
7528.0,1272609.62072393,225571.210715026,4.0,387378.70011617406
7529.0,1281840.12556539,226482.75420396,4.0,237691.8358440456
7530.0,1286340.401986,191820.53906446704,3.0,406454.4953140165
7531.0,1278793.75794627,207161.883400172,3.0,337610.45866053173
7532.0,1280702.99398023,195317.66233204296,3.0,84778.0
7533.0,1280699.55890822,195144.272571877,1.0,0.0
7534.0,1286968.64185864,204317.456645265,4.0,903332.634808562
7535.0,1286962.05197063,203929.086660862,3.0,290650.823188545
7536.0,1255338.77699424,255336.397241503,4.0,4224598.539559165
7539.0,1287838.71718752,184055.475504518,5.0,2320082.5140625983
7540.0,1266756.49591795,173288.105637491,4.0,13762.392111620376
7541.0,1264630.02743576,171341.231587499,3.0,726971.2567837813
7542.0,1264606.35652374,170778.033890918,4.0,356349.2087608076
7543.0,1282597.77529417,191474.97740010903,3.0,296213.7943220221
7545.0,1275942.01759134,230416.452319995,4.0,130001.89610584753
7549.0,1256545.01206748,258721.938364968,3.0,44893.12546430413
7550.0,1256550.88381149,258991.959485248,3.0,42735.93333333332
7552.0,1265271.72132443,195756.280508503,4.0,8584199.788806291
7554.0,1280117.87372363,245882.723567829,3.0,448810.05376244825
7555.0,1280603.77759612,245290.748399228,3.0,217905.2857422716
7556.0,1289303.61030903,190615.104119226,3.0,33783.45767139415
7557.0,1273223.84517257,255396.532985568,4.0,87370.82453345062
7559.0,1263452.04484256,234837.037028521,4.0,134849.73541820102
7560.0,1277920.90207337,251643.323637724,1.0,0.0
7561.0,1277921.83186537,251957.618614048,3.0,47974.37853839772
7562.0,1268040.39595126,232416.966370031,4.0,3627671.34272181
7563.0,1268342.28638357,232408.913570032,4.0,10014178.302576073
7564.0,1268356.01374358,226130.948123604,4.0,45478.00104262415
7565.0,1279561.16191505,257206.350523427,4.0,376578.6019654968
7566.0,1279564.58450706,257537.63692376,4.0,195292.77714943505
7568.0,1264686.28093982,193098.471865773,4.0,2214891.5457916823
7569.0,1278338.62136981,223287.530584693,4.0,325199.53487693274
7570.0,1278343.94386581,223593.940376997,4.0,182734.5449811793
7573.0,1265776.53495693,232827.241186455,4.0,181498.90073225083
7575.0,1262057.93213713,189280.746229872,4.0,164577.90158214368
7578.0,1265811.92631698,281370.36194016,3.0,543796.6823106086
7580.0,1280344.29714786,220318.917397648,3.0,6677.434991917152
7586.0,1262339.02608941,261261.679039568,1.0,0.0
7589.0,1260623.77821566,255032.45004119,4.0,388040.255843004
7590.0,1260293.92451933,255037.424761206,4.0,292535.1662064554
7593.0,1287002.20281868,205480.432006449,4.0,304528.82987469254
7594.0,1265387.80375654,264217.377218604,4.0,410285.5332065385
7595.0,1281653.2814052,204994.63936595604,3.0,18561.430840989888
7599.0,1260666.38506371,257045.724859253,3.0,103757.73729770193
7600.0,1260669.96938372,257217.725499436,4.0,118971.99272448232
7601.0,1274513.08472589,215838.775825068,4.0,290181.49886062066
7602.0,1281681.19769323,223570.613656983,4.0,127164.0
7603.0,1264969.40926011,250301.616628349,4.0,124151.51081013224
7606.0,1256845.19945979,259525.949565798,3.0,668702.8545859985
7607.0,1264206.01514733,238363.46269612,3.0,386560.79945702816
7608.0,1263878.383275,238369.188392133,4.0,300010.6804266263
7609.0,1282247.77465381,257522.247547746,3.0,31724.07687781439
7610.0,1288328.88717203,191185.68107982,4.0,554083.4027149725
7611.0,1288619.85965233,191177.989815816,3.0,583102.8176847171
7612.0,1274525.18904589,251385.828085467,3.0,146118.05250735467
7613.0,1256915.91555586,250436.971380487,3.0,200185.58635164943
7614.0,1283545.64703913,242567.190508425,4.0,700563.4256317712
7615.0,1283579.62438317,243526.787693411,4.0,2291599.503858008
7616.0,1282327.18758188,202545.85817945,4.0,3224441.8529002755
7617.0,1282324.33714989,202284.609027177,4.0,59626.212351418544
7618.0,1258039.41987702,195390.586044118,1.0,0.0
7619.0,1258132.62371711,195239.64082796904,3.0,113344.56109863138
7620.0,1285002.81670463,204367.397829309,4.0,867371.4508123941
7621.0,1280691.61798021,214369.312527552,4.0,164496.5042153928
7623.0,1279936.18348344,217290.482514545,4.0,321965.7304632962
7624.0,1276890.13381632,261928.502208263,4.0,3118359.3206645525
7628.0,1271384.84165068,181774.283246174,4.0,7149306.489842722
7631.0,1255697.89597061,193643.306746334,4.0,923966.3294116596
7634.0,1269978.28113724,213565.004430741,4.0,120201.96951239707
7635.0,1282817.24396639,253847.163703978,4.0,316943.3975644571
7636.0,1274997.31800638,245403.85969533,4.0,222953.7366773075
7638.0,1262110.83364119,245056.502126977,3.0,351513.3335774823
7641.0,1264552.26513168,199048.207679868,4.0,1284575.647368686
7642.0,1277961.59685741,265865.605508283,3.0,328293.2594370911
7643.0,1277973.92165743,266550.372868985,1.0,0.0
7647.0,1258547.24138154,198687.754623502,4.0,708401.1314866086
7650.0,1271985.1616513,179138.124779478,4.0,802089.6169463692
7651.0,1272633.78961997,179128.171755478,4.0,707340.5013393759
7652.0,1278187.80210565,285469.547288358,3.0,508438.0
7653.0,1278305.81503376,285468.752024367,1.0,0.0
7658.0,1261670.93520874,187833.574260384,3.0,187380.8068568021
7661.0,1275190.44792658,244200.233518109,4.0,262474.22954769287
7663.0,1278315.97541778,226540.150364026,4.0,49062.180114799725
7664.0,1279311.3950028,259201.44857347,4.0,3433493.5684690056
7667.0,1265783.62750095,233117.97648274904,5.0,299650.5299593573
7669.0,1258884.07664588,250161.878708214,4.0,2522386.137944181
7671.0,1266875.79652606,252657.638518766,4.0,565445.4644463847
7675.0,1280777.35666829,180491.75562886905,3.0,1877068.0047159048
7676.0,1254896.61974579,250974.863669038,3.0,40902.720120859296
7678.0,1274602.27845398,243369.302445248,3.0,518758.07856969535
7679.0,1276972.8649524,250659.902324721,4.0,209802.17864564847
7681.0,1262874.90692197,237724.384615466,4.0,267791.55476507894
7682.0,1259390.0100224,191208.598007843,4.0,3603462.757462448
7683.0,1259118.92227812,191214.072439849,4.0,1723698.7315050028
7684.0,1274788.11506216,247401.795697376,4.0,27979.96393516137
7685.0,1275053.43339844,247394.146097377,4.0,97184.28365382372
7688.0,1276567.97074398,229524.29699108,4.0,92654.46801772986
7690.0,1258888.40304588,250418.009460464,4.0,392812.5898928306
7691.0,1258899.33251789,251046.426165119,4.0,161992.73553993503
7692.0,1274082.48914145,207871.456072897,4.0,167112.16952421487
7693.0,1269677.55601694,265181.964483589,3.0,49457.21951978799
7694.0,1280622.99513215,229624.912287176,4.0,917074.62251846
7695.0,1272865.7228682,252908.970359027,3.0,3657.925829703781
7696.0,1273412.27333276,252888.666295007,3.0,19246.48819852995
7700.0,1265206.45111635,238665.940776438,3.0,26259.113733450817
7701.0,1265304.92862046,258264.015420511,4.0,98610.96866092844
7704.0,1271581.24318688,256414.645754606,3.0,144007.26703750505
7713.0,1275568.32440697,249122.302387148,4.0,1465537.6020857072
7714.0,1271238.85739453,230467.384032041,4.0,109801.27587858091
7715.0,1270670.33752196,224423.093273848,4.0,229965.06258502093
7717.0,1286629.7751063,283555.705302402,3.0,340308.02061908983
7718.0,1272039.43646735,181258.237037659,3.0,52303.09845536084
7719.0,1272018.78590733,180451.335404828,4.0,1402329.2921725488
7720.0,1291080.85114285,182026.750894442,3.0,91652.9926468762
7722.0,1270423.4836977,272733.059019327,4.0,1154396.4139323118
7727.0,1268113.04177533,241742.154411584,4.0,480874.6669212079
7728.0,1285411.67059304,244101.99089400505,3.0,430541.12536576175
7729.0,1285665.61785731,244097.735982001,4.0,439357.6225257117
7730.0,1276234.82667965,237321.401447058,3.0,347579.0691014447
7731.0,1276660.67852008,237310.561255053,3.0,1936593.0464898304
7732.0,1275705.02821511,269912.120712429,1.0,0.0
7733.0,1276369.86808778,269889.957064405,3.0,280130.62437416846
7735.0,1283847.84524745,245886.038895831,4.0,73374.83238708225
7737.0,1257533.6019565,249925.286387965,4.0,1672024.4454987417
7738.0,1256905.20496385,249930.516659975,4.0,1991541.460720036
7741.0,1283052.01420663,206842.83904784903,3.0,794851.5658889967
7744.0,1280178.02617168,254550.975288704,3.0,1300089.2243734335
7745.0,1282382.91974194,207152.388616174,4.0,199860.0762186793
7748.0,1271714.34430702,268914.275975406,4.0,1063502.111600806
7751.0,1286381.14829004,282821.107029647,3.0,578.0444444444445
7752.0,1281039.51097257,274006.325452626,3.0,578773.9442363005
7753.0,1264245.41994737,170035.487458155,4.0,486242.45726492687
7755.0,1279185.82937066,221104.79119046,4.0,1018033.900267609
7756.0,1268387.86142361,245702.605167642,4.0,1039692.504135682
7757.0,1263658.33450677,201765.888898656,1.0,0.0
7758.0,1271612.12075491,212110.093325242,4.0,10399920.29766683
7759.0,1271612.57413091,212017.166989148,3.0,10307806.858298045
7760.0,1283246.67814283,258738.546620995,3.0,165689.5257054782
7761.0,1268708.79582395,227789.187293306,4.0,247467.68044525356
7762.0,1278226.73119369,247134.706993103,3.0,254376.7469148147
7764.0,1271751.94129905,271371.438345924,4.0,509661.8044216174
7765.0,1285845.64179349,206939.91104795,4.0,478000.6743438251
7766.0,1257731.13206869,259371.947901636,4.0,297794.4552296008
7767.0,1257736.72099671,259629.780733898,3.0,37857.46670724741
7772.0,1281903.84095745,244077.845293984,4.0,13653.765318848358
7773.0,1279204.13439469,249283.32830731603,3.0,21033.904834635137
7774.0,1284451.30041607,234364.862116039,3.0,73965.52616176165
7775.0,1256258.89129919,253066.034999177,4.0,120215.5162880956
7776.0,1256270.6736992,253735.888951868,4.0,382006.3814717709
7778.0,1292352.90733615,182152.276590571,3.0,6070.18669401041
7779.0,1275394.84907879,284479.076823354,1.0,0.0
7780.0,1275460.79973486,284476.005975351,3.0,62488.58910154537
7781.0,1281795.37170935,224254.995161682,3.0,571911.7785300129
7782.0,1281793.03308535,225137.508826584,4.0,498285.0385454032
7783.0,1284563.98918417,259747.155518025,1.0,0.0
7784.0,1284802.92275243,259753.77260603,4.0,151194.67780650462
7785.0,1277808.89311326,255267.413817436,3.0,2085688.1677402395
7787.0,1262125.6495772,195152.51372388,3.0,1687683.0192528327
7789.0,1256860.96784382,245293.279535219,3.0,111437.95094083383
7791.0,1282336.9907179,191782.98303243503,3.0,514498.8059030831
7792.0,1281569.37542111,196599.285053357,4.0,233096.77334099365
7793.0,1280016.62034751,268591.789063081,1.0,0.0
7794.0,1279512.333627,219408.975380719,4.0,508670.2300690826
7795.0,1273323.48971666,230850.492192432,4.0,272875.4905528633
7797.0,1276934.89157636,258941.663997203,4.0,3090026.0252328445
7799.0,1267555.45431876,253714.13707985,4.0,320375.3110409977
7801.0,1278607.59724207,222916.085784316,4.0,581573.804342912
7802.0,1278616.07097009,223281.204504684,4.0,505127.9771566997
7803.0,1281730.38066928,274611.546701252,3.0,106530.58415593451
7804.0,1269782.23755305,181796.843566209,4.0,7628362.022348808
7805.0,1270103.39051338,181792.475118205,4.0,7701262.673268981
7806.0,1264787.07793193,235253.331812948,4.0,351978.4699472289
7808.0,1278861.22796233,214105.57550329,3.0,43141.71575853141
7813.0,1278382.57599385,201412.393538296,4.0,62262.58005356503
7814.0,1278286.28850575,201936.75405082095,3.0,20544.87777963297
7818.0,1276548.99960797,259284.890685558,1.0,0.0
7819.0,1284393.36089601,195897.692348644,4.0,1324238.4175771284
7821.0,1281641.11020519,204457.393733412,4.0,421507.5091623844
7822.0,1281628.90482917,203918.662148863,4.0,59197.13841995903
7823.0,1275282.34962267,251359.889461443,4.0,157364.4857330917
7825.0,1278453.45644192,229669.41449523,6.0,598358.5922135167
7826.0,1278446.26092191,230109.204959676,4.0,191424.12229124387
7828.0,1270661.21316995,248176.60645017,4.0,235740.99210704307
7829.0,1262525.17271361,237068.736614808,4.0,156949.34653467903
7833.0,1279336.54751483,205753.44685474,3.0,60288.568760284106
7835.0,1260971.70762402,255715.7272259,4.0,489778.7413675567
7841.0,1270592.81336187,256806.61413902,4.0,648140.2394540374
7842.0,1270924.54929821,256797.350395009,3.0,282961.4131966717
7844.0,1275510.63954291,226581.624092057,4.0,328192.0361541248
7847.0,1254919.30211382,252300.695350394,4.0,245462.1058670432
7848.0,1290256.87085401,189488.549942076,4.0,321346.0598630769
7849.0,1290468.66272622,189668.020726264,3.0,53874.97027980924
7850.0,1258109.19792509,194582.859003291,4.0,588213.3419679754
7851.0,1256876.91990782,248610.454706624,4.0,300153.51293019805
7852.0,1276983.80095242,203999.67642094204,3.0,458958.6488673118
7853.0,1276981.43346441,203936.626052871,3.0,169542.0
7854.0,1261286.39696833,252357.452406451,4.0,273688.0161064867
7855.0,1277979.52959344,212503.300493643,3.0,299545.2938343998
7857.0,1271864.02347517,230037.665695608,3.0,974079.7389572612
7859.0,1270092.72875336,274735.71412538,3.0,78125.89913629333
7864.0,1254245.67779313,251768.02315785,4.0,197221.2330945829
7865.0,1265580.42775674,254545.898168698,4.0,260986.27512532403
7866.0,1281550.11532509,256482.401530683,4.0,169666.96997359095
7873.0,1276932.38604036,257616.453371838,4.0,3534140.648121723
7874.0,1260611.69066365,254360.158712506,4.0,650272.4701252888
7876.0,1265321.81969248,259586.474045858,3.0,48227.17639952036
7878.0,1274535.1398299,227533.018781036,4.0,398136.0270771124
7879.0,1273331.82072468,180908.456237286,3.0,911.9256940514384
7881.0,1276681.9232561,282830.007637665,3.0,35056.27112176623
7888.0,1264612.20657174,244090.214701995,4.0,794240.2730401324
7892.0,1268409.65111963,270114.712840647,3.0,1666797.2803044606
7895.0,1258851.88867785,248566.644082576,4.0,301560.12499768543
7896.0,1266359.75588554,263532.217793897,4.0,140935.36174954404
7897.0,1281774.89439732,250560.088884622,4.0,103276.52805006148
7899.0,1275610.11538301,212899.098254055,4.0,350330.2666398059
7900.0,1279611.26777111,222391.92015177,3.0,5050.986076718555
7901.0,1279304.4166988,212122.21364525,3.0,5196217.909965608
7902.0,1261891.51485696,237963.854887724,4.0,87484.75334477889
7903.0,1277490.26117693,248825.697330847,4.0,1411294.4257836768
7906.0,1269772.35934503,227692.635293201,4.0,115350.93835320776
7907.0,1269457.3901287,227979.276125491,4.0,72259.187093655
7908.0,1262407.47805749,256477.796858683,3.0,290876.71629126073
7909.0,1282916.57612649,200580.015937433,4.0,2026829.8121137863
7911.0,1271387.74520269,252884.660023004,3.0,39425.40049266168
7912.0,1271064.09457836,269398.702151909,6.0,1081198.3740497888
7913.0,1271721.43582703,269377.752071887,4.0,117310.22568850516
7915.0,1258716.78595771,255929.518458113,4.0,1731981.770704321
7923.0,1271384.87909068,252594.034294695,3.0,47499.22631800437
7928.0,1265066.39172421,197076.536445856,3.0,117398.33493397602
7929.0,1265051.0918842,196416.561021179,3.0,97277.6696495327
7930.0,1283469.05663906,247558.020401537,4.0,17018.425793984432
7931.0,1272981.58520432,251150.94040522,5.0,930547.1846475138
7932.0,1276513.36619994,268552.961351037,3.0,18506.794686522404
7933.0,1283810.9857914,248532.590002537,3.0,146106.67936315696
7934.0,1263981.1668271,280280.390035048,4.0,304749.4356195421
7935.0,1268278.3944795,225914.28617137705,3.0,449270.2704449871
7936.0,1283032.12479861,205891.627718881,3.0,205235.8877049415
7938.0,1271266.31793857,244019.240749925,4.0,101401.43522916683
7939.0,1271278.70046657,244445.040430352,4.0,174229.1641818149
7940.0,1281184.87129271,213220.057614386,4.0,2054500.3131715555
7941.0,1262718.17559381,245575.314735517,4.0,322473.4854596154
7942.0,1262125.3149212,245592.631343529,6.0,538850.3980462583
7944.0,1260836.46941587,261944.86764827403,3.0,143628.102840228
7945.0,1258663.82282166,260783.450367078,1.0,0.0
7946.0,1258297.25270928,256216.572026402,3.0,57592.79007382823
7947.0,1258304.25430928,256630.883194834,3.0,6194.210450023807
7949.0,1263496.2268586,236379.484070092,4.0,167122.51256742928
7950.0,1271083.72318637,194701.941755414,3.0,25564.061380992487
7955.0,1268310.56926353,260306.484414592,3.0,1205221.7556057456
7956.0,1269401.53099266,246213.986352161,3.0,69896.61214669043
7957.0,1253318.95984018,249777.48907581,4.0,127164.0
7959.0,1278621.31436209,223587.620185003,3.0,236514.9142941416
7961.0,1279281.85669877,226512.619291991,4.0,312518.6157479327
7962.0,1264877.89406002,252419.479862526,3.0,111663.06034487144
7963.0,1265017.41342016,252417.16786252,3.0,198728.24133337117
7964.0,1265284.01527643,268194.627142668,3.0,92623.93478030313
7965.0,1265788.39812495,268180.984134659,3.0,695380.4894291622
7966.0,1277450.0417849,246565.877424523,4.0,80046.65305509433
7968.0,1264911.17418805,254025.970104173,4.0,134642.46864703594
7969.0,1264916.70500405,254294.424632445,4.0,3310901.106764113
7972.0,1278651.48786612,227028.507676527,4.0,189810.14406348573
7973.0,1279567.88601106,258532.151036784,4.0,199922.44884060745
7974.0,1279742.28556325,258527.50342077,1.0,0.0
7976.0,1263974.8847151,187914.008180469,4.0,904712.1025268388
7978.0,1268633.82878387,274760.099853396,1.0,0.0
7979.0,1271588.9679229,278505.190481231,3.0,104169.59296418716
7982.0,1278044.9550015,271162.23930572,4.0,4816204.500359258
7986.0,1275701.5551271,207419.432072446,3.0,187697.22672581847
7991.0,1266884.58231807,189113.712117702,3.0,132207.8655723292
7992.0,1270181.12753744,276060.412878722,3.0,14743.195879948342
8001.0,1262945.60036203,240322.403370127,4.0,241220.90189924708
8002.0,1262958.62986605,240831.456810653,3.0,37208.40253003039
8004.0,1278124.30194558,214664.940879866,1.0,0.0
8005.0,1278118.23832957,214420.114255607,4.0,592969.4876776369
8010.0,1280282.69228379,199974.458112821,3.0,1072330.817240184
8012.0,1278990.57413846,267814.907398283,4.0,449370.5265121365
8013.0,1279329.49311481,267804.333638281,3.0,284458.1757934565
8016.0,1273202.72382854,216784.463570029,3.0,106444.91606268613
8017.0,1273422.01246877,216779.100050032,1.0,0.0
8020.0,1293973.38733782,188086.828020647,4.0,412707.4263686726
8023.0,1269354.24632061,176916.882857203,3.0,479367.2916634564
8026.0,1272637.02385996,242449.51390031,6.0,18393853.29368927
8028.0,1259335.53667834,247222.789489195,3.0,8422.605740187135
8029.0,1281840.75052539,249896.46129994103,3.0,44752.3366971389
8031.0,1276895.09932032,256289.880890489,4.0,659897.3642963718
8032.0,1272061.34296337,270031.30682455,3.0,39905.640685454695
8033.0,1276241.63019966,229531.945887089,4.0,186123.2517446093
8034.0,1273886.97771725,240908.48913073505,3.0,113003.25525981006
8037.0,1263338.15402645,249667.422387704,4.0,351485.28643706103
8040.0,1282371.95385394,206564.290055558,4.0,1382723.6380887665
8041.0,1276887.65413631,247492.192817479,1.0,0.0
8042.0,1279698.64460319,230075.405471638,4.0,552732.692898249
8045.0,1256232.95696317,258602.49439685,3.0,3183075.7761327773
8046.0,1255629.74326655,258838.53561309,3.0,3466129.6540649747
8047.0,1267452.46334265,248953.086514965,4.0,166410.62022460977
8048.0,1278425.6035139,204965.160709932,3.0,61529.35829814651
8050.0,1271166.10392246,249892.531507939,4.0,86280.50480953477
8051.0,1271394.45912269,250164.500788212,4.0,14784.172713543405
8052.0,1281914.53810947,230462.771488041,4.0,405813.2404408206
8053.0,1282317.09996587,230453.159648031,4.0,3278825.578608558
8054.0,1271688.49528299,253479.320567608,4.0,75410.24174352073
8056.0,1279792.85369129,221566.221334934,4.0,120252.41847195652
8057.0,1276628.38271205,231555.917601153,4.0,409545.2701365411
8058.0,1276644.80524006,232145.846177757,4.0,493329.39477050334
8061.0,1273725.60434107,221494.483670861,3.0,2626516.1657326343
8062.0,1273836.8945172,224298.727705732,4.0,86107.62676483417
8063.0,1268664.41892789,232400.921122015,4.0,8117354.326586827
8064.0,1267518.13841473,235549.166501239,4.0,186206.83552752156
8066.0,1257886.45558886,253719.909367859,4.0,283073.849088049
8068.0,1256530.99869147,253064.048439175,4.0,276386.9820434452
8069.0,1256542.67024349,253733.119927868,4.0,478804.9205616572
8071.0,1275188.19000657,208964.27610603,4.0,229477.93473898197
8075.0,1281092.02137262,181656.249006063,3.0,52199.00550182382
8077.0,1282489.51923005,227794.784349307,4.0,46425.97800711111
8079.0,1272519.13957185,238659.095976427,4.0,284644.52533148375
8081.0,1268091.8935513,240953.280362785,4.0,438705.907351853
8083.0,1263134.53764224,231150.946912736,1.0,0.0
8087.0,1265642.5329088,246784.232944757,3.0,140157.61671459107
8088.0,1284123.42675173,234813.675812498,4.0,196530.59430023932
8089.0,1259326.11216633,246796.890416756,4.0,73334.86574615315
8097.0,1277217.40511265,283743.829270601,3.0,96882.5770674222
8098.0,1277882.74501733,179421.165547773,3.0,182038.98861882303
8100.0,1272068.54731539,216589.274961829,4.0,160523.64537568056
8101.0,1272339.25707565,216583.942929819,1.0,0.0
8102.0,1274113.04517348,231248.552736849,4.0,130983.2489713629
8103.0,1280074.03653958,205311.731590286,3.0,325199.7164608389
8104.0,1286099.94873776,195793.83526054,4.0,652465.0297189903
8105.0,1254937.17475384,258250.771708488,3.0,3741313.0942385984
8108.0,1282420.04793398,225255.587354705,3.0,52929.181850985166
8109.0,1282416.00921398,225398.99189885,3.0,30605.56651822886
8110.0,1284134.02841574,247862.342001855,4.0,378532.7852930903
8111.0,1269229.67633647,208013.480777055,3.0,60916.14329563046
8112.0,1260247.40528728,200486.451521337,3.0,70728.27534635764
8113.0,1258288.68317327,259360.393789634,4.0,236176.63986614408
8114.0,1281639.57606119,222553.415895939,3.0,1433426.3695654883
8115.0,1289150.46394087,189170.850101754,4.0,620757.0210272123
8116.0,1289441.42957318,189166.813749745,4.0,486805.5518324725
8118.0,1259526.79485454,189842.555126444,3.0,621243.5192138426
8119.0,1262489.55664957,196458.11833322,4.0,803128.8015795829
8121.0,1283466.37625505,237073.927910805,3.0,48889.22499269356
8124.0,1280911.30489244,257497.88012372,4.0,254788.87213833464
8125.0,1275193.70411858,229229.117150769,4.0,835709.678220438
8128.0,1266053.64727722,264862.881155267,4.0,370146.3819470556
8133.0,1262563.24349765,238351.898408115,3.0,215927.8101333941
8134.0,1269554.43422481,253543.283063665,4.0,5872406.298451718
8135.0,1281814.91302136,254905.931257069,3.0,99317.79254847288
8136.0,1278231.8981697,257577.399355799,3.0,72398.20792071926
8140.0,1272782.53406811,252234.885430336,4.0,171812.01672883585
8141.0,1271088.74513838,274600.87841323,3.0,106168.53260094304
8142.0,1271751.59979506,274582.893901214,4.0,748549.2059769336
8143.0,1269806.76971306,285687.993688583,3.0,120753.43893526544
8144.0,1282032.06150158,191792.174584433,3.0,134406.193594183
8147.0,1282935.49113451,242866.689900741,3.0,88.72878787878787
8148.0,1282942.86284652,243240.134701118,3.0,21838.46796770599
8149.0,1282555.93875012,255138.182457298,3.0,43155.49840119315
8152.0,1281774.35468532,192967.781497642,4.0,167604.00229759127
8153.0,1259729.20816675,253039.59051916,4.0,212311.02491482568
8154.0,1259741.06243876,253703.997943833,4.0,237427.54774195823
8155.0,1263054.80548215,261143.204223454,3.0,254290.0
8157.0,1286329.90361798,202486.80185939404,3.0,87919.08485811083
8158.0,1274474.08184585,223670.75752908,4.0,1133494.8935741675
8161.0,1283659.04678325,178602.34762693904,3.0,102107.91543392914
8162.0,1277094.03493653,175132.227623373,3.0,381066.2526890789
8163.0,1277080.12357651,174466.904806703,3.0,665125.2996695992
8165.0,1278371.47698584,237534.003431275,4.0,364488.2266708413
8167.0,1266000.28714916,228076.5840296,4.0,37865.64553128036
8168.0,1258116.09066109,251719.682037801,4.0,41683.97561510248
8173.0,1276142.54181555,214600.086671799,4.0,266784.0925924876
8175.0,1275843.66309525,223945.748441368,3.0,95623.351289383
8178.0,1262639.66096972,232998.561378628,3.0,330683.8563522498
8180.0,1279984.40645948,228709.83631824,4.0,683300.7639863697
8181.0,1275673.69695108,254662.540344819,3.0,6164.784451600759
8183.0,1257114.34787607,189915.222326517,4.0,105011.30461631827
8186.0,1285674.61625731,178656.085098982,3.0,425523.4669413873
8187.0,1285842.60147348,178740.64657107004,3.0,118993.35344817003
8188.0,1285981.86003363,278974.271889716,3.0,149541.60870321468
8189.0,1286213.58560187,279182.260689929,4.0,107247.17742992744
8190.0,1283636.17574322,170386.765986517,3.0,169542.0
8191.0,1293667.4899935,187237.311347768,4.0,22860.077631389355
8192.0,1281051.03692459,223449.332440853,3.0,1105831.6568574558
8194.0,1261612.57348068,237969.961511731,4.0,41221.31595435021
8195.0,1272596.59121992,260065.15948635305,3.0,3099490.565423252
8196.0,1272944.37886828,260054.605374336,4.0,1932026.1053813847
8198.0,1278713.47103418,251942.012342036,3.0,60080.20423286879
8199.0,1275143.97426254,214887.565072089,4.0,223605.52337205652
8201.0,1282859.12742244,256451.443258643,3.0,52531.62525743839
8204.0,1277436.72031288,245992.741423935,4.0,86182.52159168656
8207.0,1277993.04005745,212851.98055800804,3.0,618256.1142044765
8208.0,1278247.16620171,212845.596430004,4.0,716067.5084697029
8209.0,1262717.5410978,191800.448888451,4.0,565327.0935818051
8210.0,1281845.5914214,196592.56786935,1.0,0.0
8211.0,1282134.6994537,196585.536445349,3.0,45921.4979135436
8212.0,1280140.43340364,218811.258388102,3.0,47919.68574611882
8214.0,1269250.4236645,224293.64008972,4.0,111787.82956293072
8216.0,1282291.99993385,253858.727991998,4.0,58027.511000522085
8217.0,1272063.74616338,245276.967279211,4.0,174523.44322430916
8221.0,1271347.06091464,200868.64857773497,3.0,106031.09747189362
8224.0,1270807.32638609,222780.497496173,3.0,22356.0397935074
8225.0,1270895.34693018,222778.506008163,4.0,79659.36490687038
8226.0,1272176.66686749,225670.412635133,4.0,617880.6349892984
8228.0,1260222.59824724,251041.416373104,4.0,816505.1835021712
8229.0,1263570.93898667,252981.8330791,4.0,1266549.085776785
8230.0,1273580.48165293,257714.588347942,4.0,708765.1971584017
8231.0,1274256.29918963,257694.868283927,4.0,1262051.0093979433
8234.0,1272263.21131559,226788.73551628,4.0,431386.6244634502
8236.0,1272584.74968392,252425.967414528,4.0,70295.99695084113
8241.0,1279089.82130657,207350.714376375,3.0,188203.9722692085
8242.0,1285802.23705745,251802.656309888,4.0,52714.60381333888
8243.0,1285783.07040143,252465.832822561,4.0,1114855.5612350695
8244.0,1279464.04959495,249278.928051308,4.0,19966.965317597897
8245.0,1261617.97341669,246875.62872085,4.0,436263.8569006601
8247.0,1268952.72350419,258441.043260694,3.0,81017.20539123293
8248.0,1267789.518447,276764.330127448,4.0,1762410.3306615397
8249.0,1267772.73470299,277426.433808133,4.0,189281.59898668737
8250.0,1280138.05055565,218755.723028049,3.0,77885.30449606877
8251.0,1280395.74623591,218748.002900034,4.0,110106.28109472932
8254.0,1282038.40172559,254506.815608665,4.0,56346.62797368956
8255.0,1282295.96550186,254501.557368651,4.0,68315.58530494363
8256.0,1281864.87878141,213831.274895012,4.0,180617.52010811848
8257.0,1281938.51775749,213580.276046753,4.0,195784.3398214844
8258.0,1284165.97324777,194569.598523289,1.0,0.0
8260.0,1282238.31833379,257258.385211483,3.0,23193.296166709628
8261.0,1268251.04311948,255285.046009451,4.0,1582235.100747255
8262.0,1276995.47314443,221114.848598465,3.0,28897.986215246103
8263.0,1277035.17055246,220840.693270177,3.0,14581.757040146793
8266.0,1256587.60976353,245113.687407047,3.0,435292.2299058262
8267.0,1264099.99831522,266903.446981356,4.0,183818.9962852448
8268.0,1271121.55640242,210520.234955609,3.0,739920.5613510228
8269.0,1270576.01259385,210080.54778716,1.0,0.0
8271.0,1281447.09254098,244723.719022647,3.0,398821.3410497213
8272.0,1281672.89490922,244697.849006608,4.0,1410602.3283661122
8273.0,1263604.29815471,254583.552312732,4.0,70625.24752458345
8274.0,1276193.0377516,252985.86059910097,3.0,419276.6640603308
8275.0,1276841.66015227,252967.781943083,3.0,378284.8731300459
8276.0,1255763.11337869,194337.582907051,3.0,57928.53855403355
8277.0,1255581.53597049,194425.796283141,1.0,0.0
8278.0,1268841.99928008,189157.091637745,4.0,146633.47066493102
8280.0,1268904.13137615,282886.141077712,4.0,31231.35325640937
8281.0,1269345.50289659,282862.288405702,4.0,167838.50454825297
8289.0,1274874.20050226,254687.39167285,3.0,430013.3531325684
8290.0,1275199.35928659,254677.28472884,3.0,466022.8299396735
8292.0,1265565.04260473,253750.788215891,4.0,238171.34804078544
8296.0,1258818.76938182,247022.716720998,4.0,467049.6721930884
8299.0,1282322.96313389,202028.057346925,4.0,138766.8678870852
8301.0,1274006.60216537,181737.588718146,4.0,74736.59150018117
8302.0,1273997.74814935,181406.6136778,3.0,29969.97751457744
8303.0,1273077.02136442,231271.064160869,4.0,245317.33627015573
8304.0,1275129.46674252,213936.889487118,4.0,941655.316998183
8305.0,1264411.17514753,265569.44569999,4.0,501694.8334579542
8306.0,1264078.7503152,265578.769475996,4.0,343461.82843907655
8312.0,1276469.74981588,255306.879289478,4.0,149684.00703993192
8313.0,1281587.16114913,198075.67974287304,3.0,23675.15407644109
8314.0,1274575.34706195,235494.10096518704,3.0,782367.8078134917
8315.0,1274587.43205397,235973.614437684,4.0,109060.23305424787
8316.0,1268183.5711834,237435.133223176,3.0,44803.588050672384
8317.0,1268086.7485273,237673.737063423,1.0,0.0
8319.0,1263313.61041042,243275.850157157,4.0,99037.80725608276
8323.0,1265300.72388445,280113.271250874,3.0,64025.35796664973
8327.0,1280322.10169183,170460.736290589,4.0,166996.57240003807
8328.0,1269435.01028869,180933.14711731704,3.0,114499.68522791997
8333.0,1266249.95102142,254796.327800959,4.0,187672.6831096097
8334.0,1273100.07966843,204012.104900956,5.0,4045058.992224001
8340.0,1280866.1393244,256225.969978422,4.0,76931.56035490402
8341.0,1285318.94534495,197220.576509997,3.0,146560.1271187379
8342.0,1285525.52825716,197218.154557988,4.0,463036.0698586312
8343.0,1276303.48568772,264597.641538993,4.0,138656.4882399286
8344.0,1266934.39121412,256110.66738629303,3.0,37387.88431696715
8346.0,1265370.79396452,245508.135407448,3.0,42963.16185084564
8349.0,1285915.73190556,244094.292461991,3.0,334733.4492605458
8352.0,1267634.42923084,259199.635901466,4.0,62655.20040142674
8353.0,1280163.61119567,223574.923032984,3.0,84516.55802304142
8355.0,1276301.99589571,231564.594721168,4.0,149967.64360557747
8356.0,1276318.82853574,232154.523681775,4.0,154094.35151823785
8357.0,1260584.26288763,200477.834433332,4.0,950182.5085860807
8358.0,1254437.84764932,253112.47915923604,3.0,74052.846330276
8359.0,1285216.58598484,251409.099637493,3.0,84777.99999999999
8360.0,1285216.95641685,251499.098165572,1.0,0.0
8364.0,1274055.23166941,232181.350753799,4.0,312116.93411346554
8365.0,1260136.17520717,261679.26944001,3.0,130189.75198715832
8366.0,1268079.15998329,286892.663193822,3.0,40238.18064898577
8370.0,1264475.19044361,232332.845153958,4.0,2490543.3983262246
8371.0,1272336.06053166,179789.581484154,1.0,0.0
8372.0,1272651.34533198,179784.830828145,4.0,87398.852412541
8373.0,1281736.00140528,274998.810701638,3.0,10091.403634753631
8379.0,1267752.85611096,270792.45754534,4.0,2059510.044116752
8380.0,1268417.74487965,270777.734153315,4.0,981748.0387275276
8381.0,1272958.36805229,264031.804098412,4.0,227984.65146639623
8382.0,1261230.68119228,199129.888639957,4.0,178875.10393354238
8383.0,1259538.57629456,246518.294832483,4.0,48650.18742925684
8384.0,1270641.62923393,242752.782316625,4.0,262854.1941585431
8385.0,1274078.23717344,230090.696799651,3.0,7621.159523493978
8387.0,1276455.23864788,252648.61099875,3.0,289124.0691816739
8388.0,1262626.08196171,254336.34316048,4.0,4111143.16372513
8394.0,1280672.16166019,221047.676822394,4.0,52974.701216165085
8401.0,1295743.35885963,183577.631664023,4.0,132501.6959235852
8404.0,1268267.60446349,256607.30482681104,3.0,29168.49722569985
8408.0,1263447.49994655,246325.403824285,3.0,124563.85610694913
8409.0,1272949.05208428,231582.03401719,3.0,79411.75354230498
8410.0,1272969.36082031,232215.079649836,3.0,28264.785440649863
8411.0,1277920.38303338,207212.369480222,3.0,25058.752044399396
8412.0,1281774.85170932,228682.97219021604,3.0,65384.51997377637
8413.0,1281781.39993332,228948.650142491,3.0,33812.15040563631
8414.0,1283157.37715073,249208.869811237,4.0,312590.9127718305
8415.0,1283488.01068707,249202.677235231,4.0,520299.756961174
8419.0,1279850.08882736,222888.612440288,4.0,791205.6631611274
8423.0,1265248.7787964,251596.606837675,4.0,352699.1276879969
8424.0,1259790.00560682,256397.194362596,4.0,68277.13913352259
8425.0,1259527.13898253,256401.437114596,4.0,66138.01529841872
8426.0,1277845.39077729,250643.022452697,3.0,175303.79180389747
8427.0,1287092.58848277,207353.309832379,3.0,10594.09082837552
8428.0,1279705.2780752,270835.554569378,3.0,46052.96291257488
8435.0,1279362.43461885,269126.545223624,4.0,949434.8674794995
8436.0,1279513.00421901,222007.253271386,4.0,212697.91560135596
8437.0,1274280.96382965,205410.37997438,4.0,191212.42918309613
8443.0,1253624.0510405,250460.428660512,4.0,935898.1841283686
8444.0,1253624.04777649,250684.165428743,1.0,0.0
8445.0,1267140.48107034,276110.481998786,3.0,248779.25922643248
8446.0,1267128.22974232,276774.004623458,4.0,1460173.1636029764
8452.0,1272055.20318736,225242.998810694,4.0,242527.05454944333
8454.0,1273757.69650111,209487.38887456097,3.0,63833.29592243011
8455.0,1273538.25502889,209088.157706156,3.0,163052.6022763491
8458.0,1278011.73324147,249091.348403111,3.0,32644.6074526333
8459.0,1258093.57098107,250426.075700477,3.0,81612.9335285023
8461.0,1275338.16709472,212904.474894062,3.0,192561.06087422057
8463.0,1272147.66264346,220581.278805912,4.0,251554.9231752637
8464.0,1272129.44382745,219658.817044973,4.0,451549.6905674408
8466.0,1278376.26335384,271391.403849944,1.0,0.0
8470.0,1284668.43910429,190269.871542886,3.0,160470.38279169626
8471.0,1260319.12951136,249066.432755083,4.0,381788.1763675048
8473.0,1276817.02335225,265241.773123652,4.0,228912.90694316456
8474.0,1261013.91191207,251671.772021756,3.0,34332.250334895936
8475.0,1256052.56259498,194594.389179304,3.0,151374.64325013928
8477.0,1276181.30808759,227502.226205006,3.0,81012.97349452326
8478.0,1277017.24050444,268537.08179903,3.0,21079.49964255121
8481.0,1268648.11812788,231768.052641377,3.0,1436013.1495915412
8482.0,1268968.7375842,231759.927713364,4.0,469479.47137442086
8484.0,1277027.46392846,222644.192280024,4.0,338238.2964096172
8485.0,1256099.71408303,190992.057143614,3.0,29917.34808858084
8486.0,1256103.91158703,190683.590839297,4.0,111403.45029150772
8490.0,1280943.40358047,213915.071311086,4.0,259517.32485678757
8491.0,1281097.65689263,213932.658191115,3.0,33305.50880203155
8492.0,1264801.64548394,232498.381282121,4.0,581425.6049836876
8493.0,1264479.5700276,232506.171938136,3.0,160173.99510335492
8496.0,1274286.74533366,263993.925570369,4.0,186700.54678921623
8497.0,1257346.45110831,254393.006776541,4.0,1734357.1530400857
8498.0,1275123.76690251,230385.878623962,4.0,133943.9060348108
8499.0,1265957.66647713,257587.825531811,4.0,220098.93185215467
8503.0,1283282.36742286,257048.726203263,3.0,148151.73829395857
8506.0,1281341.44575688,207175.78394419,3.0,1810560.6212158788
8507.0,1269046.10718429,241717.358251557,4.0,116427.47023373692
8508.0,1255925.79645085,253068.48088719,3.0,10863.203635899952
8509.0,1277122.43941656,203080.616259992,3.0,540731.4382393021
8523.0,1264835.46929197,233366.090787008,4.0,1011361.3612474644
8524.0,1264515.77041164,233374.044515014,4.0,216583.56203390512
8526.0,1269988.67288125,240900.405162722,4.0,407879.763302443
8527.0,1274083.35691744,209741.428746819,4.0,364084.51807407785
8528.0,1267140.76356633,248700.376754716,3.0,3231962.1159050013
8529.0,1274585.67845395,219300.726548612,3.0,120469.75687422746
8530.0,1274574.89400595,218734.18242003,4.0,199568.6491307519
8534.0,1271387.22449869,228834.716318369,4.0,280956.6489173552
8535.0,1271071.96894637,229121.460190669,4.0,241196.582996173
8538.0,1274931.59410231,257675.407675907,4.0,1845942.4933002812
8541.0,1277347.93439279,261913.32601624695,5.0,3131349.606365316
8548.0,1269119.03812836,226412.067611888,4.0,344673.67555668275
8551.0,1281692.79807724,205267.253638238,5.0,5069714.677844106
8552.0,1286789.66189046,195000.075003728,4.0,460947.7068964799
8553.0,1261647.5373207,256226.497210413,3.0,70358.92788857096
8554.0,1279245.24492273,217516.13499477497,3.0,1158628.420410203
8557.0,1283242.52070282,199256.588160083,4.0,1835333.4717933869
8558.0,1278912.21996239,222030.7384554,4.0,1837543.9387060532
8559.0,1262540.78884162,199097.076351926,3.0,1226377.9534849783
8561.0,1275977.72024739,266589.431813031,3.0,45725.70830267847
8564.0,1294381.39834623,180934.716013327,3.0,36083.15071347689
8565.0,1295008.39188287,180561.489708945,4.0,482947.1779448147
8566.0,1274864.81439024,230392.924191967,4.0,192074.21064314432
8567.0,1270347.01534562,197666.723198459,3.0,49615.66355610267
8568.0,1270346.36702561,197146.532669917,1.0,0.0
8569.0,1276260.47787967,256972.525883183,4.0,228994.54605909792
8570.0,1283106.97670269,245897.696623847,3.0,1599443.3205183612
8571.0,1283268.78111885,245894.833135843,4.0,2339146.60686009
8573.0,1274494.00146186,214596.603087783,4.0,129269.5359826876
8574.0,1269780.92856103,215114.222480327,4.0,248211.23618707247
8575.0,1269765.59851302,214354.41262354,3.0,18668.629722072063
8577.0,1264443.86141957,231078.586528674,4.0,408705.90082673344
8579.0,1265373.81630053,245633.731631577,3.0,36166.972969076494
8581.0,1272488.66885181,229596.247647151,4.0,450161.61180716974
8582.0,1264432.18397956,243140.908845022,5.0,1472676.3254599369
8583.0,1266022.09943719,251407.317493483,1.0,0.0
8584.0,1269789.31633705,282842.336661667,3.0,360445.3269407271
8585.0,1286170.11558582,177935.966762245,1.0,0.0
8586.0,1286322.44499397,177933.25021824203,3.0,43742.86270683596
8589.0,1267904.34564711,189001.338357583,3.0,89420.26775111812
8590.0,1269390.56676865,189785.572342381,3.0,142118.038992285
8592.0,1266626.83217381,235568.768165261,4.0,467719.8414392807
8595.0,1281385.16844492,269726.341256246,4.0,786310.1414513728
8597.0,1274869.55743025,219295.958868608,3.0,62790.37064230036
8599.0,1275727.63711113,222081.659607455,4.0,868591.048000633
8602.0,1259500.55703051,255054.109113216,4.0,176433.97179345033
8603.0,1259512.44778253,255737.107385918,4.0,104629.14086988868
8605.0,1262911.025258,252992.585015103,4.0,1154154.1277635884
8611.0,1265531.27070069,193742.241274431,4.0,815365.2178865429
8612.0,1284298.80601591,203016.35949192903,3.0,84778.00000000003
8615.0,1265958.37745312,250040.74117209003,3.0,4886.739006019337
8616.0,1262758.23127384,202971.42950788105,3.0,142809.59403412553
8619.0,1259609.62045462,201168.195202038,3.0,6995786.05442785
8621.0,1282832.5044464,251739.045173824,3.0,24532.750306114
8622.0,1283100.02489468,251733.724341825,3.0,6837.707037849754
8624.0,1265632.26718079,172651.389412835,4.0,1440186.444546647
8625.0,1282417.48492599,273677.039372295,4.0,1087323.8423794606
8628.0,1265279.05988443,241713.000939563,3.0,65266.5020777569
8629.0,1265292.60452445,242325.029612184,4.0,93582.82366102522
8630.0,1258195.90934917,197919.33395071296,3.0,45991.90493368331
8633.0,1263767.05738688,266912.836037368,4.0,136320.4390995155
8634.0,1264933.97860408,234592.82262826,1.0,0.0
8635.0,1264937.02910008,234807.815972492,3.0,49349.24941314832
8639.0,1285940.86963359,243334.39927721,3.0,40893.76502170991
8640.0,1286129.25478578,243330.257261217,3.0,239044.3082427122
8644.0,1261525.54282458,249572.589875609,4.0,160039.63638206813
8645.0,1279078.10418656,231754.910305366,4.0,103834.06460868336
8647.0,1277395.02911283,215403.976464614,4.0,100642.96041167444
8648.0,1283608.1023352,202517.599043414,4.0,2045894.680092832
8654.0,1277624.65330507,214729.973903924,4.0,120845.7949243868
8655.0,1277874.24434532,214724.378767923,1.0,0.0
8656.0,1269238.7347044798,229679.56931123097,5.0,738301.2634401898
8657.0,1269249.5453925,230105.706271678,4.0,155309.70393434944
8658.0,1287040.89465871,191171.775287807,1.0,0.0
8659.0,1289428.45485316,188610.395189181,4.0,50775.01870851715
8660.0,1273520.7760528603,225040.597274482,5.0,694689.3062547927
8664.0,1268422.92503965,240942.712106764,4.0,727155.1786751653
8665.0,1268744.48375998,240932.444778755,4.0,125176.98123563998
8666.0,1274871.32683825,254294.508600444,3.0,77519.07705385707
8667.0,1254487.82198538,251489.628725573,1.0,0.0
8668.0,1264804.49885994,245333.131823272,4.0,374685.3155554168
8669.0,1256543.12361948,198035.528894827,4.0,60310.228846780745
8671.0,1263902.31594703,169434.326625541,4.0,66325.88842692487
8673.0,1282047.16153359,233127.005986765,4.0,3913293.502861554
8676.0,1281808.53766136,225617.084635079,4.0,374895.2216774572
8680.0,1288826.97472455,187895.065908447,3.0,516059.0406823001
8682.0,1264636.63537177,257620.179771841,4.0,47340.810493975245
8685.0,1277525.54328898,237821.074343577,4.0,38534.82739807611
8686.0,1272773.61643611,211414.068428531,4.0,181528.98776433905
8687.0,1263349.46007445,258974.96902123105,3.0,100657.8566507241
8688.0,1266212.94186938,252669.653238773,4.0,903484.362563496
8691.0,1291366.21280715,183586.195952028,3.0,43566.71730178641
8692.0,1291293.48525506,183229.346287668,1.0,0.0
8693.0,1280120.38751562,246046.181935996,3.0,36999.98812455132
8694.0,1281776.97836532,223020.70236042104,3.0,195098.6587179241
8695.0,1281904.12998146,223020.17384842,3.0,405306.95457419584
8696.0,1272289.41566761,244402.860078305,4.0,110109.26402265954
8698.0,1285118.25644875,193370.193082049,4.0,88644.58754365666
8699.0,1256783.02377973,252401.5586465,4.0,132366.3368449269
8700.0,1256519.08035547,252405.961526513,4.0,156621.02889565253
8703.0,1274349.24651772,208142.631113186,3.0,150674.39418591073
8706.0,1258161.99242114,254385.047160536,4.0,776862.8314358547
8710.0,1260646.82608768,236756.538406476,4.0,103573.00691532213
8711.0,1260370.87191141,236761.385510489,4.0,72395.98717788424
8719.0,1261439.7135765,237974.570407733,3.0,46047.960958867465
8721.0,1273613.98482096,263351.459969714,4.0,29655.99996726944
8724.0,1256442.22787538,188957.889589533,3.0,479649.8108277891
8729.0,1262154.20234522,247130.708273098,3.0,146641.17961538248
8736.0,1267610.82199882,284320.893399194,1.0,0.0
8738.0,1282740.01747032,233970.590243623,4.0,7606.76400947271
8744.0,1274890.68306227,243670.831661567,4.0,360014.77032532974
8746.0,1274054.79858142,206761.605639771,3.0,78703.13913571442
8747.0,1279818.53343531,263954.70713833,4.0,915673.820963355
8748.0,1282190.31679775,228668.902686194,3.0,63438.621360167264
8751.0,1263987.23082711,242867.899884745,3.0,917536.4221323852
8753.0,1261590.80151266,238561.03613632903,3.0,53175.85645754146
8756.0,1285447.99628909,205165.263366133,3.0,285082.6023910252
8758.0,1287492.33273917,187440.633139983,4.0,207435.625529416
8763.0,1269780.58865704,280713.329747498,4.0,1053786.6997290638
8764.0,1265537.28017269,252408.588790506,4.0,901047.674507178
8766.0,1274958.20325434,263018.362241372,3.0,1417.5458889614476
8767.0,1275345.16248673,263009.831041366,3.0,9043.246853322116
8770.0,1277597.05887304,232118.621217728,4.0,487595.49949432816
8772.0,1256444.65437138,194822.174139544,1.0,0.0
8775.0,1278943.00991443,200403.213825256,3.0,184683.92398419435
8778.0,1282131.95698969,196446.879869208,3.0,81700.5672939712
8783.0,1268576.78558381,189166.881973743,4.0,845532.9599273254
8784.0,1268263.74846348,189178.37931776,3.0,419646.5570783595
8785.0,1285018.73958464,278706.046737432,3.0,3820821.081624678
8786.0,1275410.53080681,282969.828245804,1.0,0.0
8787.0,1271103.7181944,280027.441362798,4.0,1561034.5901294353
8789.0,1275695.69330309,232834.564642459,3.0,63418.15585963554
8790.0,1277518.54693696,222328.088919714,3.0,56309.95078803234
8793.0,1268946.65560019,257911.615548149,3.0,339641.29405238293
8794.0,1268949.78552018,258176.480508417,3.0,378176.1647842527
8795.0,1282107.53478166,226253.83964373203,3.0,779.5933955467949
8796.0,1284966.83091259,251504.663797587,1.0,0.0
8798.0,1262680.34263377,258325.68326057505,3.0,58675.3871150777
8799.0,1263593.18596271,254050.488440186,4.0,45619.84046181052
8801.0,1266668.93866985,238218.81373597705,7.0,3260962.031189745
8807.0,1271880.26129919,174551.925606787,3.0,251472.1845523024
8808.0,1271867.71403518,173883.922342107,4.0,603905.7382556485
8809.0,1273086.34648442,231579.326305181,3.0,49002.62092216475
8810.0,1273807.82437316,247695.282289684,1.0,0.0
8811.0,1274118.94251747,247686.113649681,4.0,55632.98934763183
8815.0,1278415.82168987,236437.02199015,3.0,82317.29358341293
8816.0,1268887.02219212,245692.894255638,4.0,555899.5920935152
8817.0,1281380.58284491,228692.212062225,4.0,261455.1926945209
8818.0,1285082.9553287,259085.248381346,4.0,169835.86802624902
8820.0,1273406.07742876,226753.959644243,3.0,69726.82614554626
8821.0,1274157.85976551,249160.35089919,6.0,3217693.887120642
8829.0,1282269.41145383,171027.557027176,4.0,2507991.975772337
8830.0,1277666.22968911,244675.615790591,4.0,480874.20316050405
8832.0,1264778.98378792,267545.921414003,4.0,403198.32453967485
8833.0,1264446.88605958,267555.828550026,4.0,436088.1082449436
8835.0,1277939.9958974,205440.850374416,3.0,21509.537811184317
8836.0,1277295.57656874,264564.910658956,3.0,167455.20545869903
8837.0,1273111.32210045,224089.967001513,4.0,106048.55131761948
8840.0,1258466.65258145,195227.62015596,4.0,285011.71465381666
8843.0,1285821.16710547,197213.386237994,3.0,236392.7241565876
8844.0,1285818.36921746,197034.758973807,1.0,0.0
8845.0,1275663.95384707,241617.788203463,1.0,0.0
8846.0,1275674.20843907,241847.44324369705,5.0,35999457.49785664
8847.0,1263475.59799458,195784.906812534,4.0,2760926.8482140657
8850.0,1257839.00816481,196867.318013638,4.0,331487.1924901883
8851.0,1275833.18674323,217080.417362332,3.0,337424.7452678437
8853.0,1262430.60138552,207109.849672124,4.0,389671.2697414673
8854.0,1262114.89104919,207118.662344128,4.0,453854.1781516274
8855.0,1275323.35871072,247386.322929367,4.0,82905.65790524792
8856.0,1262104.51933718,253674.820855811,4.0,693637.3568268111
8859.0,1273905.80677326,229240.007838786,3.0,1117505.5608709443
8860.0,1273909.41272527,229666.026015222,4.0,899801.6306589905
8862.0,1267626.52075084,258539.100476786,4.0,92500.78967205404
8864.0,1262912.999338,192466.210681126,3.0,59344.96236633139
8865.0,1256593.70390753,245451.04171139,4.0,541762.0755885757
8866.0,1256625.27504356,245794.25854373,1.0,0.0
8867.0,1281207.03103673,281179.144787967,1.0,0.0
8868.0,1263628.96279474,187133.48837167,3.0,507779.0755806791
8871.0,1282234.79238179,260457.455614746,3.0,630732.3786388051
8873.0,1276435.48805586,249622.594035655,3.0,53829.56409325258
8874.0,1279760.92434725,198373.45478317104,3.0,82003.27302925696
8875.0,1277816.84652127,229044.785822585,3.0,552794.640025406
8876.0,1277836.88255329,229698.507295251,4.0,188590.347360648
8877.0,1280619.17817214,204941.674565896,4.0,409708.67616928334
8881.0,1265516.70474868,251606.838133693,4.0,80702.52375178649
8883.0,1263781.9861549,267573.289094031,3.0,82116.76698104898
8884.0,1263465.34698658,247114.689969093,4.0,90809.3418185294
8886.0,1282940.56031851,202259.94598715,3.0,29557.783082113787
8887.0,1282939.90188651,202198.432003096,3.0,2191.21029142102
8888.0,1290010.05702975,188594.53861317,4.0,37225.55917876795
8889.0,1280895.71730842,204935.852421895,4.0,233974.44076249457
8891.0,1269455.2946407,227106.849372596,6.0,1470194.2483145583
8893.0,1276842.58994427,281840.904596642,3.0,153566.44229099207
8894.0,1277732.50808918,281797.49922061,4.0,355998.0795783664
8895.0,1268864.99499211,189783.265270382,3.0,47014.40071624324
8897.0,1285007.02668864,254163.050168306,3.0,13.766666666666664
8899.0,1280915.94566044,230043.650911614,3.0,1358490.6815235568
8900.0,1265476.29770863,249761.107251793,3.0,29923.5332008388
8901.0,1265482.46698864,250008.48075605897,3.0,14037.656803844568
8902.0,1279651.27129115,228292.743005812,4.0,296834.9730022175
8903.0,1268391.56484762,236316.78307803,4.0,214839.5008310208
8904.0,1268518.33559975,236367.180262089,4.0,312411.693938568
8905.0,1281506.73842904,253877.384760007,4.0,154257.37795853062
8906.0,1287936.82989164,187226.78443576404,3.0,165965.4213966755
8908.0,1271972.04357128,263396.769601762,3.0,84778.0
8909.0,1272240.47608356,263389.363137752,1.0,0.0
8911.0,1273561.7109649,242294.385644153,3.0,265.54071810542405
8916.0,1271040.74392232,254160.209016308,4.0,456144.7768584716
8917.0,1271039.05169833,254797.815032959,4.0,1080064.243316369
8919.0,1270606.63620989,230480.317408055,4.0,45430.567129043055
8920.0,1292287.13812009,184475.27652894,4.0,765531.3260600242
8921.0,1292061.42893586,184249.24056071,4.0,1238751.138441637
8923.0,1285093.48518471,178941.958187282,1.0,0.0
8926.0,1266427.9421256,269825.245256349,3.0,1596175.799708051
8931.0,1274624.089782,263322.924609691,3.0,1119097.2730111636
8932.0,1274623.242998,263984.366850361,4.0,70476.10212988222
8933.0,1285084.07539271,248425.62923443303,3.0,42020.35711224622
8936.0,1272589.80907592,200053.028800905,3.0,114493.547857623
8937.0,1272582.14801991,199798.011264637,5.0,255047.92459864527
8938.0,1280913.15660444,258828.711485088,4.0,1751318.3220015017
8939.0,1258185.63939716,255757.667769939,4.0,1851572.7125707732
8940.0,1258188.69315717,255938.406586125,4.0,1757495.1365777948
8942.0,1280160.24140367,209570.251274645,3.0,3777.278045376545
8943.0,1265595.76138875,170737.162594885,4.0,267406.9455763963
8944.0,1267236.62654243,265496.571523905,4.0,466386.7503291351
8945.0,1273165.9358605,242106.007083952,3.0,143479.89050842394
8946.0,1281512.36242905,193573.937466264,4.0,57836.97125190271
8947.0,1281787.29823734,193567.95519425,4.0,102194.04886449232
8952.0,1264138.68650725,235708.689445406,4.0,157148.27557758824
8954.0,1257437.2534124,257767.920315996,3.0,64851.446901884425
8955.0,1257178.31133214,257773.123004004,3.0,125658.91748625856
8957.0,1263745.58167486,243674.249645561,3.0,64506.18456238922
8959.0,1283966.95820756,203026.782723948,4.0,158641.05838861686
8960.0,1278458.75532192,207519.124104545,3.0,42390.0
8961.0,1278659.45177013,207506.176328525,1.0,0.0
8964.0,1256445.65597138,188693.811061263,3.0,89994.14533628499
8965.0,1280070.58085957,270703.318281248,1.0,0.0
8966.0,1280364.48645988,270694.35636124,3.0,79920.85895226878
8969.0,1264252.22237937,254038.29388018,4.0,93064.198804405
8974.0,1282826.5356144,249214.984627232,4.0,576927.9085171566
8975.0,1277687.87269713,218525.336339816,1.0,0.0
8976.0,1273524.16709287,232197.812961817,4.0,36151.19449836391
8979.0,1270937.68177822,249620.36241965,4.0,325575.25094221253
8983.0,1284099.5297917,233934.072291598,3.0,8582.621813944634
8984.0,1281416.33407696,197054.642749831,1.0,0.0
8985.0,1258511.9986295,258951.53964521,1.0,0.0
8986.0,1271697.046771,180456.208108827,3.0,1631091.9697665237
8987.0,1278479.29106595,236143.731237859,3.0,21603.04615928246
8993.0,1279941.33439544,221560.503510922,3.0,10727.714328348
8994.0,1280091.7534036,221554.591766909,4.0,152223.89158053484
8995.0,1256893.81155585,249408.039027438,3.0,63335.747351709535
8997.0,1273887.03582925,260357.528638646,1.0,0.0
8998.0,1262786.70468187,248747.01803475604,3.0,34867.200853927934
9000.0,1267340.31761454,244264.046382174,3.0,51904.19208563599
9002.0,1265785.79345295,281887.187028691,3.0,1924704.0993098384
9004.0,1278009.93829747,220704.893334046,4.0,2073309.4071426624
9011.0,1274224.01381359,228811.22723034,3.0,74115.58274502344
9016.0,1274285.56286965,265316.820227727,4.0,294662.99672662624
9017.0,1274284.95262966,265978.195524409,4.0,415950.6139752753
9019.0,1279428.38629892,247101.619121075,3.0,927384.4096293708
9020.0,1269527.55044878,224457.810393885,4.0,195690.4052742053
9022.0,1267254.81809445,236795.856934518,3.0,62167.16250680101
9024.0,1281698.56908524,212673.685005814,4.0,92509.86849386607
9025.0,1274133.93720549,213641.045262814,3.0,209287.85535751304
9028.0,1277793.71928924,260570.875646874,3.0,112372.49760362996
9029.0,1280938.99481246,213781.985614955,4.0,367845.6686174428
9030.0,1281120.84089266,213819.490126997,3.0,35314.86002109886
9033.0,1266428.7032776,244054.75281395,4.0,259849.24976412047
9034.0,1259752.66711077,254369.01042451,4.0,244698.93387672323
9035.0,1282559.24518213,225064.644186512,3.0,68260.24881857664
9040.0,1272798.62821212,202715.345347628,3.0,83823.22656466455
9044.0,1265213.78250836,238975.952936754,3.0,21836.89686329385
9045.0,1265219.76542036,239212.810088992,3.0,60212.2170794891
9046.0,1273310.98872465,230435.265312016,4.0,518976.82313593646
9049.0,1271106.95051439,195964.531068712,4.0,562554.0524532415
9050.0,1271714.31313902,195927.249020666,1.0,0.0
9051.0,1259173.34736618,197187.229757965,3.0,1996472.469111576
9052.0,1263020.24682611,252449.455542549,3.0,61414.62873403516
9055.0,1264431.57277957,234376.262692049,3.0,32739.82053662892
9056.0,1264221.75594735,234380.578916043,3.0,84282.97453852928
9057.0,1260087.91018312,236766.214566499,3.0,67561.46263741478
9059.0,1278020.29490547,223899.25736931,4.0,329395.396729479
9060.0,1278351.88447382,223891.884057313,3.0,143020.75303330785
9061.0,1286696.45408235,184725.081137195,3.0,506326.98980347696
9062.0,1287237.94253092,184719.120817199,3.0,425859.3244247507
9063.0,1274047.9724694,206487.991367489,3.0,110880.5658781023
9064.0,1284904.00032052,201204.061954081,4.0,545950.3407889523
9065.0,1260903.40496795,203725.959812656,3.0,693.0832129972771
9066.0,1261148.45661619,203471.465540394,4.0,233379.50413100305
9067.0,1270244.85118552,255488.577081665,4.0,14321678.648161624
9068.0,1267150.30718234,249087.175859109,4.0,25257.44455185617
9069.0,1267153.55684635,249220.985587239,4.0,6491.528717646959
9071.0,1265651.67959681,259577.545277849,4.0,145697.0443071435
9072.0,1265824.53521299,259573.39340584,3.0,52983.24481155512
9075.0,1284696.37702431,249841.593587875,3.0,21729.593062740947
9077.0,1263246.51409034,245032.213166952,4.0,69181.66749236237
9078.0,1271761.52363507,210462.870539561,3.0,84301.62346628153
9079.0,1271760.24869107,210346.332683444,4.0,495930.9291431293
9081.0,1263681.3449388,279508.011986256,3.0,432967.0830142581
9082.0,1262592.20471367,279459.515346214,3.0,315765.08535804733
9084.0,1268713.64753595,177870.631914183,3.0,59599.69344194472
9085.0,1273270.47109261,220277.511701614,1.0,0.0
9087.0,1263540.51153065,191116.80459974697,3.0,67965.9922968166
9088.0,1263532.06308264,190449.129079059,4.0,178523.01022431778
9090.0,1280075.86527558,275058.067469701,4.0,139604.96913856443
9091.0,1256393.55305932,192644.89829731,4.0,453502.8832572675
9092.0,1281772.16409332,207460.576648489,3.0,107298.9665276026
9095.0,1287530.78246722,205652.500230625,4.0,227073.29985058823
9096.0,1276731.54060015,254633.203448787,4.0,1970284.4951688407
9098.0,1262916.77623402,253260.102199376,3.0,88649.39456514595
9099.0,1269376.37124862,240020.827817827,4.0,164977.8365771373
9105.0,1285865.14009751,185553.031282052,4.0,661620.4745526852
9106.0,1284812.06086443,250500.433204561,4.0,37253.35017601892
9107.0,1284812.44275244,251162.07032524,3.0,11767.259588455378
9109.0,1274857.22251824,227530.145757034,4.0,221546.07623525208
9110.0,1276453.68747987,216135.316561371,4.0,61500.80110367653
9111.0,1276436.76530385,215417.068304628,3.0,16389.39119272281
9117.0,1260910.79696795,246386.385968342,4.0,1352016.7960203364
9118.0,1277764.65471321,217033.904658288,4.0,88924.56429618092
9124.0,1278251.32658571,219763.496981084,4.0,2125059.580130741
9125.0,1261397.96336846,260353.900670648,4.0,197238.6414436974
9127.0,1277881.58719334,216100.537105337,3.0,113333.14841448252
9128.0,1278047.7633855,215386.693008602,3.0,111447.91688094789
9129.0,1272957.20926829,263369.583937734,4.0,125438.73095567206
9130.0,1272957.7994763,263700.467138067,3.0,360761.2668407033
9132.0,1269724.19371298,179169.346155509,4.0,339194.374533276
9135.0,1262887.56861798,238197.950247958,3.0,59360.1092172128
9136.0,1262891.52432999,238345.896808103,3.0,340886.09295060777
9137.0,1277690.43864913,224210.13634564,3.0,25174.31296139626
9138.0,1265409.54487656,231054.133472636,3.0,391085.46681066166
9141.0,1268906.29086414,254741.39090490303,3.0,43910.80145230648
9152.0,1261289.85495235,280289.483859062,3.0,606153.9711614848
9154.0,1270475.34148975,286240.964057148,3.0,73230.86790215514
9155.0,1275828.53682323,205371.669446349,4.0,807984.100340741
9156.0,1275808.51947922,204571.541445524,4.0,865213.9774481882
9161.0,1270619.6056819,231317.423968911,4.0,197160.7800005151
9162.0,1269298.61483255,259490.69798176,3.0,3462628.3796583856
9163.0,1276786.34034421,214586.844559774,4.0,142357.61790812106
9165.0,1280712.46668424,224513.451993942,3.0,46497.19401844742
9167.0,1264628.21866776,256960.839547172,4.0,85911.09736607279
9168.0,1262745.89533783,282400.376917228,3.0,1279649.7993020508
9169.0,1269339.66008058,282048.255572855,3.0,164175.0799376267
9170.0,1273257.8270606,269609.76109612,3.0,160395.88255807408
9173.0,1286660.81965032,249378.913139403,3.0,155984.9271093589
9174.0,1273255.3284366,230097.914271668,4.0,390438.5984585291
9175.0,1274870.73919025,243131.238573015,4.0,28527.30769954832
9176.0,1275150.47749454,243120.850476995,4.0,35132.5027188226
9177.0,1259165.63875817,196789.935613558,3.0,268639.76615555363
9178.0,1278070.21509753,216356.43976159405,3.0,75504.45439353783
9179.0,1275795.93752719,204097.409541041,4.0,992959.6224818282
9181.0,1265619.51198077,197717.644414499,4.0,9430392.141201992
9182.0,1265347.35409249,197719.676862508,4.0,3904757.846690702
9184.0,1280919.45087644,190763.547383383,3.0,2131462.892712192
9190.0,1264008.66877913,252045.742070138,4.0,93372.11926221986
9193.0,1265843.281901,188881.684021458,1.0,0.0
9194.0,1282329.17049389,227798.427421302,4.0,124117.62190932932
9197.0,1280778.0958683,226515.265627995,4.0,345266.2770563932
9201.0,1283730.87833533,194235.209722936,3.0,2282627.7650627005
9202.0,1283725.06796731,193975.185338676,3.0,683925.5181307103
9205.0,1271128.86808242,222773.459736168,4.0,282576.3124995049
9206.0,1271450.89041875,222766.58741615704,5.0,765010.701914398
9207.0,1276268.02808768,230408.292575985,4.0,130831.5436967756
9212.0,1280854.26988438,255700.758393884,4.0,312431.8718560596
9213.0,1278226.01989768,257245.734011456,4.0,307663.9662156253
9214.0,1278877.56716235,257226.281275436,4.0,417122.7650434939
9216.0,1294382.36391424,187367.0273159,4.0,119000.07030223582
9217.0,1295020.55393088,186946.864755481,4.0,318807.8273179229
9219.0,1259828.71715885,190469.120503083,3.0,102490.29693525212
9220.0,1259710.11203873,190520.39205513903,3.0,117937.95706700672
9221.0,1284294.8223999,200560.959233418,3.0,1091465.0700675198
9222.0,1268225.48119944,253702.473719835,4.0,336291.4524405055
9223.0,1287014.52857868,195435.579068169,4.0,146452.57894814512
9224.0,1284804.03264043,195890.98137264,3.0,35878.23621419008
9225.0,1264085.4527152,266242.364932671,4.0,281924.52460714977
9226.0,1284222.92723183,260776.72659108,1.0,0.0
9228.0,1284462.96313608,190928.599927559,4.0,290219.31223326
9229.0,1263081.47639418,265607.408196032,3.0,258799.4370754106
9233.0,1268566.07070379,243669.782125562,4.0,109300.48612850062
9236.0,1278881.75839436,257557.898363784,4.0,148869.43844207033
9238.0,1270277.62801754,229644.437151194,4.0,309632.42892013374
9240.0,1272736.15947607,204599.775301561,3.0,134383.05981293597
9243.0,1269371.48772863,224721.158298165,4.0,644370.3669615148
9247.0,1282700.38956627,268354.237702832,3.0,43028.73102742857
9249.0,1263853.98333897,248990.668147013,4.0,344813.37159973255
9252.0,1272419.05413175,226525.348251998,4.0,839699.4483564869
9253.0,1265815.42199698,227422.447196931,3.0,10626645.301075708
9258.0,1257293.91875625,251068.219765142,4.0,46238.90058600779
9259.0,1272768.9596041,210453.826571554,4.0,10815.173922374628
9262.0,1268989.84350424,244630.728686541,3.0,77005.80675980588
9263.0,1277952.70450541,263220.932033584,3.0,15466.423214125234
9264.0,1263238.62929034,244505.042286411,4.0,243810.7040507256
9265.0,1282369.49126193,269036.353479534,4.0,112258.233521784
9266.0,1281616.77228516,227799.519901305,4.0,32434.06404918113
9267.0,1270284.28708956,230072.786719635,4.0,164486.5308829316
9269.0,1266802.36561398,193035.985145718,4.0,467736.64795292506
9272.0,1269795.79857706,215874.255057096,3.0,207473.11990513952
9273.0,1264324.86199546,188693.987253264,4.0,505783.67350279976
9274.0,1268265.88593549,246224.553584173,3.0,6686062.327239779
9275.0,1277638.94821708,202782.48269169,4.0,2753830.719883968
9276.0,1284746.18105637,193504.571130186,1.0,0.0
9277.0,1284883.95148851,169744.040545866,4.0,321300.98884724674
9278.0,1285407.99571304,169632.959713742,3.0,84778.0
9280.0,1271087.81598638,276480.761167154,3.0,259155.45215803868
9285.0,1281584.44953312,230471.329568043,3.0,375288.0446060026
9286.0,1265693.03678085,234348.875236019,3.0,231350.87605030276
9287.0,1259166.15773417,251041.820533112,3.0,63592.63527767629
9288.0,1264623.67735575,244549.994606465,4.0,645812.3915798301
9289.0,1278400.82501787,216657.333521903,3.0,77948.94689796279
9290.0,1275594.05176699,248435.333298445,4.0,485551.5879938303
9291.0,1275597.64459899,248691.508018702,3.0,59993.52732187666
9293.0,1287504.24902719,184838.245297313,3.0,1214.3563371982457
9294.0,1286411.56256206,249799.971635833,3.0,69370.8256064543
9295.0,1276962.7336884,249620.314227656,3.0,35367.566236359016
9296.0,1276969.20223241,249987.935220033,4.0,65429.59568021558
9303.0,1263712.46788283,191781.665464431,4.0,2291085.31025521
9304.0,1275432.11371882,223347.596056744,4.0,224518.7568850643
9306.0,1277073.32140051,236767.522342488,4.0,649010.9061088128
9307.0,1277245.38437669,236763.298278496,3.0,79894.54119887383
9315.0,1260247.49712728,261048.14470335803,3.0,151078.55332941742
9316.0,1287782.40070747,192385.113721043,3.0,5366.317549536105
9318.0,1257831.80842081,196598.519357353,4.0,223293.17151181967
9319.0,1262266.88484134,239359.78384915003,3.0,324026.52327947546
9327.0,1262968.08260207,243832.001325727,4.0,126181.61648993664
9328.0,1275329.41023073,247704.340977699,4.0,174827.80813076984
9329.0,1275583.48152699,247700.719601691,4.0,216267.4654469648
9334.0,1270236.5913455,254835.065272987,4.0,8194928.836354302
9335.0,1257088.12355605,191270.474871904,4.0,397650.6197069023
9336.0,1257105.21238805,190652.992823273,4.0,237617.4385240768
9337.0,1282285.47404584,245910.783535853,4.0,53957.98143862928
9339.0,1279248.16121073,218030.249427304,4.0,2401793.884953552
9341.0,1274250.54392561,257362.467387587,4.0,757221.6476213685
9342.0,1271046.59857833,255463.804153636,4.0,15522583.970308008
9343.0,1286465.61203413,206933.636103943,4.0,264721.77839176526
9344.0,1260666.56483971,278417.597841144,3.0,499236.64368895406
9345.0,1261115.79332016,278568.282257304,3.0,8150.757612291107
9346.0,1269364.12164861,177359.51024965904,3.0,399632.4932463907
9347.0,1269429.83870468,274746.898765385,4.0,47085.76780235103
9348.0,1269761.28356902,274741.255757377,3.0,176548.7512251625
9349.0,1267263.26526245,241123.42538695,3.0,204792.3525741285
9351.0,1282324.42873389,242984.739244863,3.0,162043.190105438
9352.0,1282945.62527852,243380.107501268,3.0,70151.58595807721
9353.0,1278544.38969001,220693.087254032,4.0,3728044.972766363
9360.0,1279652.22930714,219434.323092744,4.0,703092.6593564565
9361.0,1274818.5421342,207853.482376888,3.0,44248.147935193054
9362.0,1284613.80435222,245213.485743135,4.0,52504.29347643432
9363.0,1270660.66430594,226334.980827808,4.0,519499.7110417786
9364.0,1282832.2357744,252022.111222118,3.0,334507.92114029825
9366.0,1262723.96957782,245841.258799791,4.0,288579.3010150602
9367.0,1281573.95711711,257147.36639536903,3.0,97669.0094255531
9368.0,1286326.23929799,243325.925549209,3.0,197311.5165915061
9369.0,1266710.23454189,239216.504617006,4.0,1277796.581117831
9370.0,1270150.94814542,223404.780376807,3.0,333984.1654328797
9373.0,1272574.4833159,199523.11385636,4.0,127164.0
9374.0,1273165.3807245,199511.020096347,1.0,0.0
9375.0,1279017.9093705,238042.4088718,4.0,97982.51721411884
9376.0,1256254.48841919,252810.000438914,3.0,46481.500328580245
9378.0,1270935.52926622,231312.499424905,4.0,151152.83001802745
9383.0,1274916.66040629,257011.081275225,4.0,114354.29729482542
9384.0,1275588.56882298,256991.803707197,4.0,101595.9556980385
9385.0,1257569.19837253,251069.493365139,4.0,221005.15075017384
9387.0,1275240.20927063,210421.271243513,3.0,141121.63893017138
9388.0,1257875.26301284,253066.121975183,4.0,157637.99122350826
9389.0,1282808.76863837,253186.447159305,4.0,326832.5918791389
9390.0,1272886.29010022,254753.679288909,4.0,110713.81836445526
9392.0,1280591.98303612,228693.767134219,4.0,803413.665628611
9395.0,1266716.8519499,231816.807457417,4.0,195631.1078701505
9397.0,1269926.02340919,187140.078259677,4.0,575397.123488047
9398.0,1269888.64190514,185804.845042303,4.0,7201776.447341423
9400.0,1273101.83659644,281970.991636783,4.0,192020.51032994373
9403.0,1278846.90546632,254939.500729099,3.0,1127113.717129998
9405.0,1264052.82122718,192442.817337111,4.0,1826392.990275926
9406.0,1284951.61145657,209524.094218597,4.0,61204.65894607423
9407.0,1263274.80541837,246330.530736282,3.0,238153.8170427277
9409.0,1259452.91799046,252356.871734455,4.0,143984.54191205505
9410.0,1259201.0832382,253045.045559168,4.0,98060.56471486764
9411.0,1280924.06796445,257828.750844061,4.0,780989.8843406279
9412.0,1280927.77465245,258161.943420395,3.0,94828.72402632024
9415.0,1289977.91206972,170354.343778491,4.0,3598.704569908972
9418.0,1281348.16492489,227805.370653316,4.0,97719.53692950842
9421.0,1282014.43654157,213900.997839078,4.0,49273.91266985106
9422.0,1280269.73561178,230060.806431621,3.0,38467.476076867904
9423.0,1280351.15871586,230058.645983621,3.0,98643.29393787084
9424.0,1278928.9928904,261231.32710354,3.0,113186.95269158349
9425.0,1279953.86751546,216872.200210124,3.0,3417.2435107689344
9426.0,1280213.27839573,216861.903698117,4.0,229329.1942142572
9428.0,1276368.07679178,221912.428375289,4.0,538869.9955415414
9431.0,1263487.41911459,198411.349375218,4.0,2046015.074138212
9432.0,1262460.94416954,250344.915764391,3.0,140469.23714306895
9433.0,1262467.87325755,250988.633973062,4.0,289007.58239840314
9434.0,1283639.86143923,203864.138628796,3.0,249342.6218931522
9435.0,1283633.27123122,203587.284228519,4.0,53754.728444168846
9436.0,1281797.48780534,195686.475196421,1.0,0.0
9437.0,1275777.99787918,203416.850180343,3.0,261469.49302277705
9438.0,1287695.30611539,191783.09196043,3.0,42315.80285544173
9440.0,1264941.29054008,255632.844857812,4.0,680031.0291494927
9441.0,1270912.49809819,225277.85602672404,5.0,2011022.7246822151
9444.0,1286746.83456241,195426.664060161,4.0,235326.834050968
9445.0,1271147.01995444,233005.681442648,4.0,85218.269619858
9446.0,1271099.7729784,233186.291938826,1.0,0.0
9449.0,1281190.72230072,245929.39441587,3.0,6536.192047616941
9453.0,1285457.35846509,205709.835078686,4.0,225339.07690576723
9455.0,1266258.96644543,239654.013929442,5.0,3899937.020909791
9456.0,1280015.23679551,229641.119583189,4.0,1006072.5661203522
9457.0,1269022.70827226,266118.59750855,4.0,2278878.578785902
9459.0,1277305.43941675,205982.690822974,3.0,15225.246368825849
9461.0,1256118.21539505,259266.011453524,3.0,24230.79028027988
9465.0,1265740.12490889,250951.57662901297,3.0,134415.84705020627
9466.0,1265741.7991489,251283.965045363,4.0,79445.30559777602
9467.0,1276839.98661627,252641.304886743,3.0,327253.3019981632
9470.0,1268374.51633559,233666.19619531895,3.0,3248382.400297774
9472.0,1266042.07838121,245753.62903969,4.0,362091.80229817535
9473.0,1282309.94188587,178805.818347141,3.0,610040.9777125006
9474.0,1267818.39671902,284723.801751599,4.0,104842.0573826967
9475.0,1279175.92876266,173101.072869301,4.0,378945.8746849702
9476.0,1279167.54527465,172660.680740848,1.0,0.0
9477.0,1293139.03866495,184314.69976078,3.0,132860.50090862217
9480.0,1264269.8713394,199055.067903876,3.0,942716.3646268748
9481.0,1274170.42238954,249754.298163787,3.0,94151.1740813017
9484.0,1277581.39519303,212860.120654017,3.0,41912.12215263414
9485.0,1281706.44633324,269052.497095555,4.0,80212.79536062924
9486.0,1282037.97062159,269044.425287545,4.0,129369.74993420843
9488.0,1274685.56639007,209068.439242125,4.0,1674659.5633922075
9489.0,1274999.99979839,209063.572490126,4.0,1196919.1973762074
9490.0,1278596.70585006,247104.823473081,3.0,21974.427406505587
9491.0,1278909.64549838,247104.343217075,4.0,3489094.7262250963
9492.0,1274266.90181363,259021.337725282,4.0,1369761.477503964
9495.0,1263741.59217085,265042.441795453,3.0,510228.2387816871
9496.0,1273781.94085313,227124.061596617,3.0,50244.46812934888
9498.0,1272000.73477131,205865.528006852,3.0,11194.632292294596
9500.0,1281722.71762927,273967.696908593,4.0,620127.4360157618
9501.0,1281727.12345327,274332.311372966,3.0,182814.5875454415
9502.0,1277893.89292134,179736.173484087,1.0,0.0
9503.0,1284095.4205437,170377.50678651,1.0,0.0
9504.0,1265081.13841222,283601.00117445,3.0,111457.41319695444
9507.0,1287502.72576319,192588.499449253,4.0,42997.66217731343
9508.0,1273481.40869282,240179.113257989,5.0,131297.5649171497
9509.0,1287537.75750722,185722.85310623,3.0,3776.8253352601214
9510.0,1259958.02922298,251027.921973094,4.0,64006.27446771047
9511.0,1285759.2561294,242672.67390054505,5.0,169628.43177226314
9516.0,1281976.00812553,226476.887387961,3.0,51981.52030254275
9518.0,1287588.54675527,204301.660421252,5.0,876715.1239287399
9519.0,1271768.54693107,224362.36540179,3.0,860928.4170788996
9520.0,1293861.2284897,186557.580083072,4.0,48910.2668811255
9521.0,1289517.99008524,186792.796147317,3.0,205062.44887244568
9524.0,1276480.8911919,255638.542969823,3.0,35063.17808907523
9525.0,1262259.88580133,239059.05642484096,3.0,146983.1587132299
9526.0,1284406.70502402,193871.52639456105,3.0,99849.1067109744
9529.0,1267594.18027081,255566.038521737,4.0,160967.29475726697
9530.0,1274020.33176538,266377.502468809,1.0,0.0
9531.0,1274294.20920566,266369.28531681,3.0,60265.88113171678
9533.0,1267874.48190309,249571.778227597,3.0,2399147.3976825224
9535.0,1274743.70597412,212221.03630136,5.0,9048787.971737038
9536.0,1269898.39940916,254188.560952336,3.0,46847.46055185956
9537.0,1279061.93394655,273105.955531701,3.0,1222171.557816082
9539.0,1263615.31588273,255111.436729282,4.0,335056.6702305209
9541.0,1282751.50623833,234410.288164079,4.0,2438352.9113694816
9545.0,1264460.82039559,268216.892486691,4.0,468501.6753827827
9546.0,1261545.50538461,239372.079785153,4.0,67921.71999131178
9547.0,1261554.79767261,239732.255593523,4.0,147797.80366707296
9549.0,1278005.84972146,213230.911566392,3.0,271134.24016967707
9550.0,1274565.49867794,218168.302291453,4.0,257784.1376754463
9551.0,1271494.6518268,228953.39164649,3.0,127732.07814958954
9552.0,1271293.65880258,229138.247582674,1.0,0.0
9553.0,1272403.59096372,201057.053057924,3.0,82285.3159490707
9554.0,1272326.45496364,200727.430721581,3.0,92449.1190746746
9559.0,1266674.11684586,240632.765930444,4.0,8647780.96830113
9562.0,1272421.97477174,250726.889396787,4.0,333924.4604459914
9566.0,1273054.24088439,243461.137197345,3.0,52493.729298652455
9569.0,1279654.62009116,224541.03234598003,3.0,194897.89347666828
9570.0,1279669.21618716,225206.404698655,3.0,54235.8607577225
9573.0,1281683.96607722,245450.48983939,3.0,308511.9412941689
9574.0,1281704.61894125,245920.004335865,4.0,256264.30090799968
9577.0,1266209.25687738,237433.354663178,1.0,0.0
9578.0,1266379.04919755,237429.465895176,4.0,78891.82716409334
9582.0,1274605.91525398,230399.971103966,4.0,226785.2809841225
9585.0,1264758.51569189,252033.245750129,4.0,112724.6811532637
9586.0,1275114.6032545,230081.678431645,3.0,35823.44504830093
9587.0,1275200.83864659,230080.95107165,3.0,93122.0150249225
9588.0,1256451.26851539,194724.746171445,1.0,0.0
9589.0,1281777.72703733,249239.947507262,4.0,89551.20671093668
9590.0,1282051.56441361,249233.396979257,4.0,143035.21799253995
9591.0,1269254.34136049,241459.658923298,3.0,18812.37068905909
9592.0,1269414.66417666,241455.340075299,4.0,111743.79548221592
9593.0,1270290.67518556,259467.545149744,3.0,93172.21436038658
9594.0,1258276.40362126,258819.714109078,4.0,743474.2727174143
9595.0,1258282.54403727,259090.054461345,4.0,67074.16560105367
9599.0,1285779.93689743,279344.558546096,3.0,838003.5634242616
9603.0,1275519.66968691,245389.373871326,4.0,173270.92175050869
9605.0,1281242.53420478,253882.298104018,3.0,94315.4556005739
9607.0,1276453.94635987,205351.528390318,4.0,654958.1519034052
9610.0,1257500.90813246,248330.546098337,4.0,235077.32657108823
9612.0,1271548.05560285,243585.718317479,4.0,49681.81430743787
9613.0,1266452.92042963,239186.747496977,3.0,34225.2171936956
9614.0,1282059.40626961,229209.272350758,3.0,28118.693485354022
9615.0,1276096.03762351,223334.252632737,4.0,572187.0013024787
9616.0,1278716.87948219,253928.529016063,4.0,39641.61001234558
9617.0,1264307.34532343,280291.146899059,1.0,0.0
9621.0,1281934.75724548,245446.422639385,4.0,38788.12811257593
9622.0,1282787.54982236,245903.350831851,4.0,1174332.8739139445
9630.0,1278220.24434568,268499.084870979,3.0,17561.156431010586
9631.0,1278066.37228152,268964.94970347,3.0,55534.04133593692
9632.0,1274194.09784555,244762.54046267303,3.0,192665.37431481996
9633.0,1282321.17119788,201767.116290659,4.0,48586.245337477085
9636.0,1285753.7453454,178470.55818679897,3.0,230752.02396927844
9637.0,1274052.83173342,285745.790808648,3.0,82894.54400576848
9638.0,1274835.29112622,285713.150808617,1.0,0.0
9645.0,1276279.8181037,251983.080502078,3.0,294481.9178292625
9647.0,1273875.23922123,253011.445559129,3.0,114084.03835265482
9649.0,1283192.22649477,201548.141314432,3.0,36376.212903741965
9650.0,1261315.92509638,237507.862055257,3.0,1535.3289319237767
9651.0,1262420.6660255,234057.941155717,3.0,3675.2924898765946
9654.0,1281920.01023747,213215.718030378,4.0,633376.2791664355
9657.0,1271128.65880242,285336.516376227,3.0,30854.734882210378
9658.0,1276478.36786389,260851.180863157,1.0,0.0
9659.0,1284060.32057565,279268.732242018,3.0,2231510.4325259384
9663.0,1275132.66687052,224402.952217832,3.0,107555.2884033901
9666.0,1264484.42993161,232698.46025832,3.0,94773.1059840153
9667.0,1280195.1160277,215899.927249119,3.0,28274.10117670957
9669.0,1277258.78168869,253957.085048094,4.0,2877027.920639221
9672.0,1269659.24305691,239587.202409387,3.0,14152843.277327666
9673.0,1269670.40248093,240012.747817814,4.0,170356.43898599054
9674.0,1279325.61253881,264533.876546919,1.0,0.0
9677.0,1270806.27915409,272253.899210826,3.0,145786.73959906475
9680.0,1264144.22161126,231975.700897589,4.0,1618314.276950252
9681.0,1263822.14487493,232008.721505627,4.0,1536506.6354628282
9684.0,1271747.84619506,195306.369980037,4.0,246425.47243313547
9685.0,1272071.04728338,195302.981884032,1.0,0.0
9687.0,1276359.21291977,245364.39063929,4.0,36767.77490942215
9688.0,1278812.05714628,245803.349039748,4.0,197359.77146475887
9692.0,1280159.26405966,223444.20712885296,3.0,86154.26383574997
9693.0,1274128.22200549,244088.473901987,4.0,874650.5358636194
9694.0,1274143.45362151,244763.989934683,3.0,289503.525911156
9695.0,1279117.4534986,222615.217943996,4.0,99560.7205869161
9696.0,1272616.86545995,263378.976961747,1.0,0.0
9697.0,1276191.2923436,227928.236829445,3.0,26464.389019465183
9698.0,1274204.68216556,254046.739704192,4.0,131940.8206868185
9699.0,1277510.01119295,249976.833204016,4.0,138628.39578461225
9702.0,1257106.61136407,255776.496121958,3.0,791914.7448023837
9706.0,1291516.5966793,183471.384495914,3.0,43541.27290043289
9711.0,1283646.18623924,186917.860531449,1.0,0.0
9712.0,1284393.690624,186104.126962617,3.0,76406.3983705815
9713.0,1281855.15666941,191797.506296441,3.0,42800.20567797793
9714.0,1274359.55358973,230825.087712407,4.0,185756.2070353807
9719.0,1278970.12831445,202032.728578925,4.0,310377.8127493433
9720.0,1265667.93150082,199027.444287851,4.0,1673940.2370042123
9722.0,1277107.70655254,214140.901903316,3.0,47843.17106398013
9727.0,1267730.15735894,234303.689315975,4.0,2773115.907526961
9728.0,1282329.63014188,275700.490062356,4.0,110020.44096191177
9730.0,1272680.94802001,180895.851245284,3.0,46585.49256389481
9731.0,1272879.28946021,180891.500205278,1.0,0.0
9732.0,1261313.11472836,281666.878036469,4.0,654632.0386786999
9733.0,1280307.18009181,169847.67452997,4.0,64973.72646451465
9734.0,1271248.53713854,270725.519049272,1.0,0.0
9735.0,1283349.00607893,197914.256510705,5.0,1988954.7689166423
9736.0,1254258.58979315,252577.786294684,3.0,50625.99519604931
9738.0,1260230.76554327,260601.744318902,4.0,339433.59186826024
9740.0,1259539.71440655,256971.236155182,3.0,27585.76958752086
9741.0,1258773.28912577,194559.246203274,4.0,735750.663555822
9742.0,1283125.5163507,228168.125149682,3.0,83017.68045009252
9744.0,1268393.41687962,228076.074781597,4.0,178797.7362289233
9745.0,1263561.45572267,247647.99697764203,3.0,40648.18203564957
9749.0,1270887.20715417,240876.133546695,4.0,1423894.792679601
9750.0,1264133.97393125,231562.963809162,4.0,2057879.6851234897
9751.0,1287477.22125116,182337.680366755,3.0,6095683.36436969
9753.0,1274477.27870984,181399.478509799,3.0,62637.20461968298
9754.0,1269988.70865725,174576.752998814,1.0,0.0
9755.0,1281354.43097289,207937.75712896895,3.0,3380908.062776896
9756.0,1270793.46424207,232611.77078624105,3.0,80307.01000252382
9757.0,1270860.3892981398,232581.01853020492,4.0,427474.58584228536
9758.0,1277951.8104894,237810.492007568,4.0,236772.69948515776
9759.0,1279009.10399449,261858.95046418897,3.0,74782.98319052652
9760.0,1269168.06065641,198349.694975153,4.0,74189.87980688734
9761.0,1269424.66116868,197701.763198495,3.0,7746515.180498667
9762.0,1274545.36914192,217111.910738364,4.0,55944.95977561963
9763.0,1274506.43186188,225328.160026774,4.0,846724.520380372
9764.0,1269422.60740867,227575.070237085,4.0,81942.11003802413
9767.0,1265495.34526065,240189.226410002,3.0,225729.04792090144
9772.0,1284379.05875199,246936.0443369,3.0,8174.601501893343
9773.0,1284634.06188825,246933.772976905,4.0,403805.97455139767
9774.0,1269010.67512025,240450.780714259,3.0,15483.28506848782
9778.0,1276208.92255162,236788.74109451505,5.0,326543.3642933989
9779.0,1265744.3762369,236208.460453928,4.0,62177.78390661485
9780.0,1271135.63941042,223079.43912847296,6.0,616540.2156887015
9781.0,1264852.6195,237693.114663437,4.0,1094823.2622116362
9782.0,1264868.70346801,238351.880360112,4.0,1280500.8210142618
9785.0,1260235.37706326,191186.682039812,3.0,44369.27979397768
9788.0,1264931.46378808,186459.550770983,4.0,698999.0205536411
9789.0,1272651.05765198,227161.990364656,3.0,26227.82301448668
9792.0,1276295.95845571,262615.626816958,4.0,132393.15600922235
9793.0,1278625.4026181,259551.809405819,1.0,0.0
9794.0,1278827.69490631,259544.571581811,4.0,781552.5679061784
9795.0,1278056.75973751,228336.473245859,3.0,41874.786201296345
9797.0,1270389.22129767,253510.427511632,3.0,201599.97768637235
9798.0,1271050.96401834,253827.57515996703,3.0,321509.1451606069
9801.0,1265678.28350084,237135.823782876,3.0,839.2647907663768
9805.0,1282002.40242955,273943.148108557,3.0,203749.17849291163
9807.0,1271784.21387509,284147.583063006,4.0,253724.210999129
9812.0,1273990.56907734,258698.253372952,3.0,180451.14264500813
9813.0,1265315.08868447,281114.772563905,4.0,386108.0571243356
9815.0,1265303.93322845,242787.873132661,3.0,54983.1351761679
9816.0,1271977.87921929,207772.102984801,1.0,0.0
9817.0,1272565.04862788,207762.253896788,3.0,156322.91323202266
9821.0,1274266.78206964,219306.081876606,4.0,912655.9833967042
9822.0,1273569.01771691,256717.087418929,4.0,89840.38340523811
9825.0,1269683.39627294,224194.549465612,4.0,172706.52977991497
9829.0,1269115.72708836,281384.315988183,4.0,166847.5415586941
9830.0,1269783.11224104,281375.748372167,4.0,882619.7687012597
9834.0,1274109.04850148,283899.559638754,1.0,0.0
9835.0,1288242.29088394,182920.182511359,1.0,0.0
9836.0,1263587.6259627,253783.387255922,4.0,93684.88912971818
9837.0,1262928.28145002,253795.100791931,3.0,55371.11374612883
9838.0,1274922.94085431,212028.351629153,3.0,792985.4366624204
9839.0,1262032.11856911,187168.185843706,4.0,885672.8252437875
9840.0,1262780.07575387,170313.108002439,1.0,0.0
9841.0,1262620.0383137,170380.49040252,3.0,69748.87427051272
9842.0,1271936.64433925,278193.373520911,1.0,0.0
9848.0,1271892.87576321,237773.023591518,3.0,12755.705134993854
9849.0,1270468.57348974,194943.409147665,3.0,140716.9664120228
9850.0,1270725.01816201,194948.763131678,3.0,246971.09193795905
9851.0,1276747.18559217,247683.181617677,4.0,85978.54209539066
9852.0,1277163.8937526,247754.35601773896,3.0,34007.89407071509
9853.0,1273735.02891709,249525.270131558,1.0,0.0
9856.0,1265788.68586895,241531.373355374,3.0,51646.04097312761
9857.0,1265806.76292497,242313.22839617697,3.0,24043.90897750436
9861.0,1267070.72657426,245991.285679936,4.0,105116.21382817748
9868.0,1270180.87755345,248345.163890347,3.0,136272.95409185495
9869.0,1273932.3749653,237486.812199235,4.0,357745.1564225744
9870.0,1276551.80210397,229281.416222826,3.0,18803.8729446136
9871.0,1276902.31288832,229274.009118825,3.0,17399.925628214114
9872.0,1261574.27005664,240328.925290138,4.0,175072.2377395445
9874.0,1287469.58310716,186575.89137910295,3.0,49305.705701749226
9877.0,1262457.16330554,267610.343814075,3.0,357265.2493789272
9879.0,1264726.57181986,264234.477250621,4.0,165862.50363973438
9881.0,1270423.9091697,275825.142350495,3.0,61809.00270692993
9882.0,1278973.23922645,227020.12578851,4.0,315093.0376201708
9885.0,1273408.07678875,246114.456688061,4.0,1099583.144493916
9888.0,1272211.12677152,224979.812954426,4.0,63499.12425840775
9890.0,1285838.19628948,258400.974140644,4.0,490479.352926887
9892.0,1267533.80996674,190436.457207054,4.0,611425.0978798853
9893.0,1277204.39269663,283115.979477957,4.0,101586.88853952845
9896.0,1284301.41228791,203183.133444101,1.0,0.0
9898.0,1268893.89752012,253950.07820008704,3.0,195603.97262402883
9901.0,1257592.14518856,252388.217142493,4.0,98669.989247681
9904.0,1277627.96863307,265354.233859763,3.0,150061.35267980667
9908.0,1285799.42995344,251140.050037205,4.0,183377.2607898732
9909.0,1259336.37296635,192277.877048939,3.0,3814638.252352217
9910.0,1280406.48108391,198189.564734995,1.0,0.0
9911.0,1280404.42367592,198106.62815889705,3.0,47081.43551687438
9913.0,1275885.72863129,241688.877995536,5.0,34859790.62336451
9914.0,1281175.1560927,247256.474097237,3.0,68403.29538560807
9916.0,1284654.56908827,195893.423932642,3.0,49702.23734884904
9917.0,1283752.29459135,257503.376187727,3.0,84778.0
9918.0,1283754.53676735,257672.873915896,1.0,0.0
9919.0,1260234.07063127,246161.67051211,3.0,22849.38983112432
9920.0,1259600.83011861,246176.06123213505,3.0,752.179164528246
9921.0,1280799.23001233,280682.775059462,1.0,0.0
9922.0,1273492.00773284,240681.829802498,3.0,5812.1229706652775
9926.0,1254892.1705938,250714.81528477403,3.0,273261.59328186075
9927.0,1263064.50333816,243684.021293581,4.0,139155.08047915544
9928.0,1263036.86129013,243684.226349577,4.0,2683519.843932295
9930.0,1256879.41430783,193424.769466117,1.0,0.0
9931.0,1256857.5003238,192635.0751293,3.0,69058.99113243681
9932.0,1260130.55447115,195184.743291914,4.0,162271.3751817195
9934.0,1266443.47652562,228108.600669622,4.0,186255.29156295775
9935.0,1277541.49240899,229078.512094617,3.0,329257.5938859069
9936.0,1277560.789625,229705.87503926497,5.0,315976.883125859
9937.0,1260415.90167145,191181.781175807,3.0,240331.58238887324
9940.0,1283606.2683512,195911.099452659,3.0,3517.8898286815597
9941.0,1276280.41387969,258961.864765227,4.0,3145271.509658468
9943.0,1287462.87085114,181869.604910284,3.0,11251770.52074362
9946.0,1269451.5528807,181801.342254207,4.0,6121885.70518271
9947.0,1265799.22455697,278754.042001486,3.0,57732.505842781335
9948.0,1265811.75441298,279449.818194196,3.0,391401.00482019066
9949.0,1274092.09118946,234175.115747839,4.0,738736.498688906
9950.0,1283066.06598264,233521.729635164,4.0,668289.2186670987
9954.0,1262445.53770553,233113.333410755,3.0,290588.5165686085
9955.0,1277919.33682537,266552.145476997,1.0,0.0
9956.0,1261680.23671274,251660.444981739,3.0,75879.26648281864
9957.0,1277773.52607322,222060.683287427,4.0,1191381.0033388722
9958.0,1278738.04677822,217313.510354578,4.0,34084.041291172696
9959.0,1281816.24370937,211552.398220673,3.0,245802.1459507018
9960.0,1284900.14764853,198813.261631623,4.0,144131.31119181894
9963.0,1263074.79133818,264491.994754881,3.0,126957.99999999996
9964.0,1259585.6930306,192269.642808929,3.0,148988.05295641435
9965.0,1265515.65098867,193073.692089751,4.0,527560.1331201216
9966.0,1265499.90327665,192404.371577069,4.0,639698.9705671961
9967.0,1278277.06341773,221143.241878495,3.0,2813.832586140901
9969.0,1262093.01872917,268284.274886772,3.0,87822.8017221235
9970.0,1262081.65719315,268414.145030901,1.0,0.0
9973.0,1270512.99960178,227872.748765379,4.0,67680.26203353803
9974.0,1270205.58251348,228168.873821691,4.0,71496.80079843922
9975.0,1256238.28137918,198543.868159354,3.0,90798.23704253048
9976.0,1255548.67715447,250448.596020505,4.0,503456.4141223456
9977.0,1274553.85733393,217619.494674891,4.0,191192.22084410075
9978.0,1282461.68895802,205252.534150228,1.0,0.0
9979.0,1283017.03788659,205228.561094195,4.0,49975.10714186711
9980.0,1282439.704382,226534.94799602,3.0,23007.892055290475
9982.0,1270801.20107408,222486.212631866,4.0,71471.14358511222
9983.0,1270800.96389009,222474.822551861,4.0,124844.11503891616
9985.0,1281884.69074944,243563.736749455,3.0,424147.2325205373
9987.0,1277103.77311254,213944.073551118,3.0,107977.0691282358
9991.0,1265324.85937248,281902.952404708,3.0,681865.072625464
9992.0,1271458.74833876,178677.049899012,3.0,84778.0
9993.0,1271522.85253082,178622.086122945,1.0,0.0
9994.0,1265095.24830024,245397.756079331,4.0,110078.11778258852
9998.0,1268293.69361551,258853.54214111,4.0,364591.98171341146
9999.0,1269331.77784058,213143.782478303,4.0,299547.8067151147
10000.0,1275121.97887051,223963.050201386,3.0,394280.3066791111
10001.0,1263808.02807492,190444.642551064,4.0,227874.50219147824
10009.0,1283767.25983936,255631.740473807,1.0,0.0
10012.0,1280122.47116363,286688.469401613,1.0,0.0
10016.0,1258414.46634141,253715.553399846,4.0,196328.787485407
10017.0,1263991.70353112,243048.919852927,3.0,95615.07442224809
10018.0,1263721.43997884,243052.64823693,4.0,937027.7748468916
10019.0,1258357.54717334,250423.397556484,3.0,293739.87080103724
10020.0,1277518.93240896,252628.43615073,4.0,727336.948722468
10021.0,1277521.43634497,253289.645111412,4.0,784937.1386846316
10022.0,1282322.13932589,249887.573811933,4.0,391396.0969795321
10024.0,1282913.97247849,211864.33230099097,3.0,103194.73875563036
10025.0,1282902.86783847,211528.168268651,4.0,221590.76923974705
10027.0,1264126.12388325,235266.286180958,3.0,185838.4876254912
10029.0,1263431.98519453,194077.110010773,4.0,656673.6972756239
10030.0,1283677.79801527,207105.020296112,1.0,0.0
10031.0,1283675.75212727,206963.957895979,4.0,1502777.951954479
10033.0,1280214.98245972,225194.677018642,4.0,262011.35320605015
10034.0,1280208.00709972,225371.715418831,3.0,36884.58901320117
10035.0,1267166.36881436,249740.471091777,4.0,478892.6988306205
10036.0,1267190.92023839,250009.78488405,4.0,63323.05576946523
10037.0,1271976.98680329,212059.662605196,4.0,371615.6668900174
10039.0,1264019.12311514,189774.218998373,3.0,8872.387475085414
10040.0,1290424.30291818,182311.489838734,1.0,0.0
10041.0,1290395.68487015,181393.00970979,3.0,403901.9106765713
10044.0,1273398.73758875,242298.08375616404,3.0,209422.54061183773
10045.0,1263936.75025105,240988.851818815,4.0,1241746.8490155055
10046.0,1263940.34506705,241139.046698973,4.0,334300.159020879
10048.0,1257528.17219649,249659.572019696,4.0,323796.5983736639
10049.0,1264885.20503603,242852.690284729,4.0,165923.9563475549
10050.0,1279487.86745098,263169.991169527,4.0,1563199.1579138483
10053.0,1254782.23478568,254424.843320578,3.0,125601.64094916804
10054.0,1254783.83516969,254590.388280749,1.0,0.0
10055.0,1260921.27171996,246891.383280858,4.0,369852.107761236
10056.0,1280894.64447641,229619.108127177,3.0,1323672.707373233
10057.0,1278742.03429821,234080.375139743,4.0,142654.8785739038
10058.0,1278429.9909699,234569.092644244,4.0,390273.7124039166
10062.0,1270584.62673786,256142.472762331,4.0,633280.5191333785
10063.0,1263254.89105035,169720.313569844,4.0,83089.31592631285
10064.0,1262778.30602586,169750.569057867,1.0,0.0
10066.0,1284969.17536059,202507.348419413,3.0,412817.4877615004
10067.0,1275987.49157539,242781.20452465105,3.0,99660.84514712356
10068.0,1276289.25343171,214903.046352103,3.0,36417.126152457306
10069.0,1276469.94040789,214898.641168103,3.0,35784.93201033939
10070.0,1269560.46737681,229671.398751229,4.0,289602.4956379582
10071.0,1256460.6447714,195062.639227793,3.0,319970.61964865786
10074.0,1281725.19564527,282827.824213654,3.0,75638.58951815445
10075.0,1282018.15468557,282825.106389657,1.0,0.0
10077.0,1272717.88030805,221820.579095185,4.0,22271.400378033264
10078.0,1272879.92594022,221816.608983189,3.0,13810.763334276058
10081.0,1279671.93004316,268053.829190537,3.0,22979.71779735277
10082.0,1269575.48766483,228742.184670269,4.0,74295.39934136366
10084.0,1254557.75689745,251318.313781396,3.0,108534.84809760156
10085.0,1272386.55256371,252220.69157432,3.0,186389.0875545246
10088.0,1271103.95640239,279812.343378574,3.0,1618024.0953527277
10090.0,1275272.49823067,265698.55667612,1.0,0.0
10091.0,1260383.25770341,237507.513319254,4.0,32490.63514656689
10092.0,1263965.18263508,247103.979313076,1.0,0.0
10094.0,1269421.28196867,241706.752299547,3.0,31088.059492771023
10095.0,1285677.91251332,204350.292229295,4.0,1080927.517139002
10098.0,1268078.3233113,228362.431517884,4.0,242184.76926961183
10099.0,1270052.54808132,245410.497839347,4.0,163627.84810812908
10101.0,1278012.95276147,223600.33736901,4.0,399037.55678570736
10104.0,1274272.11608563,260014.984062299,4.0,1601770.65864594
10105.0,1272159.63243547,279780.85365054,1.0,0.0
10107.0,1268264.40990348,189001.492533579,3.0,394421.3295759893
10109.0,1259124.03517413,247061.417073041,3.0,51955.45992466725
10111.0,1278795.91314627,231200.096096799,4.0,387551.4329792768
10114.0,1276267.02514368,259956.459198236,4.0,148393.99704354265
10117.0,1274161.93650152,208419.604937464,3.0,176266.41146665535
10119.0,1266575.58782175,255590.670393765,3.0,62857.701538563306
10120.0,1266598.45886178,255989.25714618,3.0,39893.38040849571
10122.0,1261627.5383447,255706.773817882,4.0,388370.289859505
10123.0,1271290.15813059,244842.039342761,4.0,372427.0919995039
10132.0,1282680.25606225,242871.549164742,3.0,7836.972922725617
10133.0,1271958.62955527,200341.065985188,3.0,26723.591740966185
10134.0,1282363.74982193,206261.598727256,3.0,42907.50935796911
10135.0,1272074.04862739,221834.512151197,4.0,73041.68096408674
10138.0,1277589.69996104,258259.415996507,3.0,74188.54360462373
10139.0,1277945.8022974,258248.486268491,1.0,0.0
10140.0,1274767.22763814,246621.241776586,3.0,36190.79026771612
10141.0,1265974.76881315,250298.546100348,4.0,177171.58884141062
10144.0,1264803.99127594,210390.108555481,1.0,0.0
10146.0,1274270.49336563,192132.237560794,5.0,2293265.590406185
10147.0,1274380.43640575,191844.9464885,3.0,1183754.5885150696
10150.0,1271783.37989108,256106.157882303,1.0,0.0
10153.0,1269228.12126447,229252.479262799,4.0,74270.72073523456
10154.0,1256535.53865948,197762.816510558,3.0,23596.542246125893
10156.0,1283395.11750299,233072.416226715,4.0,206161.6678750122
10157.0,1285054.18278468,177450.089449748,1.0,0.0
10158.0,1274827.45650221,249436.740403473,4.0,930582.8795856572
10159.0,1254577.08067347,251759.090741843,3.0,14111.56866340099
10161.0,1274090.25880545,218177.331795454,3.0,42655.30731500311
10164.0,1271880.33541119,241812.947627664,1.0,0.0
10167.0,1279741.23967524,207148.401416168,3.0,54995.10792442457
10169.0,1275597.858487,257323.715771541,4.0,324087.0564569204
10172.0,1264540.82186767,246042.923375994,6.0,2362877.966423963
10173.0,1264544.87895568,246314.298864275,4.0,171944.39057402834
10174.0,1267038.01764622,266163.230916589,4.0,1417597.219373774
10175.0,1260395.11498342,259711.944957986,4.0,896944.2399088254
10179.0,1282554.88691013,275568.880398229,4.0,71705.2895690825
10180.0,1267365.18731056,245464.635183394,4.0,376341.6582406993
10181.0,1278251.74853772,260224.338302508,4.0,95194.97654945418
10184.0,1271807.79486711,266945.724421397,3.0,622507.6189158144
10185.0,1272316.18885164,266929.725445375,3.0,961682.0694099946
10190.0,1274858.29208624,216743.970193982,4.0,28940.680747219634
10191.0,1260493.93335153,251680.522997767,3.0,16350.773673760536
10193.0,1263551.13655466,252053.27851814,3.0,165920.1062354409
10195.0,1256722.70205167,192637.961337298,3.0,29386.370780289824
10196.0,1270304.39038557,231322.353760913,3.0,103492.64702743477
10197.0,1270420.0394737,231320.545056909,3.0,172449.5061028295
10198.0,1260512.50807154,242789.317036659,3.0,908593.2100919056
10199.0,1277079.90866451,237033.840678766,4.0,680075.5982651574
10200.0,1281120.68076465,228697.613278225,4.0,450226.77395063854
10201.0,1281057.20025259,206888.293063894,4.0,1370101.4595044295
10203.0,1263820.64157894,236157.768933862,3.0,22653.45450865037
10208.0,1280474.26047599,225183.918554634,4.0,359324.8110835214
10210.0,1277721.78962517,174458.70928669,3.0,266800.0274419062
10211.0,1278154.98885761,174454.115814686,3.0,183453.85641297
10216.0,1285269.9736969003,252630.83211873495,6.0,437510.1678545582
10217.0,1285724.04198536,252622.585462734,3.0,777905.9506577655
10218.0,1267907.17047912,271781.705546349,1.0,0.0
10223.0,1260506.55991155,197157.582845926,4.0,1012947.2110980118
10224.0,1282386.21042995,233455.054563105,4.0,3687553.200991623
10225.0,1264727.46717986,246971.527536944,4.0,94735.42299546774
10226.0,1264587.46250772,246974.743024945,3.0,69451.67625457645
10229.0,1280215.81413972,220734.37922208,3.0,72771.66712410327
10230.0,1271661.54257897,179142.750123486,3.0,60281.27966661679
10231.0,1274149.04184552,287018.670809954,3.0,246970.8193498976
10232.0,1283825.01919942,250657.762292713,3.0,27813.069946121133
10233.0,1283994.8275836,251179.812085256,3.0,686.2003379919017
10237.0,1263380.52042648,191787.970872432,4.0,3462171.365986902
10238.0,1275840.85995924,217383.73761864,4.0,704234.4348445667
10241.0,1270844.97886613,249623.77483566097,3.0,79709.95236359516
10242.0,1279209.51596269,236980.116390705,3.0,92011.14845946932
10246.0,1263570.19223468,239000.311464787,4.0,490910.84474506654
10247.0,1284641.32435225,209528.442634597,4.0,166589.46067885918
10248.0,1276136.33835955,260623.077950925,1.0,0.0
10249.0,1278728.5569862,218044.800275326,4.0,39464.65180336035
10254.0,1293160.75380097,185127.199729607,3.0,42390.0
10255.0,1293147.62720896,184632.246321112,3.0,79222.1398380424
10256.0,1287633.44563532,192561.207225233,4.0,9713.074283901378
10257.0,1272923.00523625,228388.608605906,4.0,190747.19627238467
10259.0,1280173.04524368,212549.112397701,3.0,1483868.3910102851
10261.0,1263533.02141865,237712.071591467,4.0,315461.36942243046
10270.0,1278450.05720991,253272.311159387,3.0,79130.56808252865
10273.0,1281770.09580532,248571.113202587,4.0,123308.51317923942
10274.0,1271878.00113919,244826.348078743,4.0,89408.56620484988
10275.0,1259798.19127081,195190.101883918,4.0,680582.9496016322
10279.0,1285140.61862476,250492.66648455,4.0,133204.81633250066
10284.0,1261278.20311233,239376.62602517,3.0,7235.296695584051
10285.0,1263166.23146626,236386.2658941,4.0,178016.39908902728
10287.0,1269829.86936109,225842.953307301,4.0,5480587.158911025
10290.0,1281425.74316496,229605.878495157,4.0,123198.82450080168
10291.0,1281432.36716497,229761.281759322,1.0,0.0
10292.0,1274490.65170187,249145.658995166,4.0,892097.8394823403
10294.0,1272484.61406781,229321.029342875,4.0,72383.95311652588
10295.0,1284185.62118378,257730.205115959,4.0,1772085.9723401528
10296.0,1284195.12934379,258449.094140694,3.0,541666.8370521831
10297.0,1295392.50036326,181868.662958279,3.0,152164.65588343877
10300.0,1282888.95481446,277234.459791929,3.0,706570.2543332014
10301.0,1273774.87102912,284064.176726922,3.0,1209800.0288213475
10302.0,1272625.38872395,262052.74009639,3.0,6299529.642005817
10305.0,1292765.77562457,187514.04901206505,3.0,151797.40510488194
10307.0,1272359.27998768,238662.463080436,4.0,161172.12542629035
10308.0,1272367.92037168,239074.720808849,3.0,74265.83949619769
10309.0,1281851.13503739,211881.493709013,3.0,2500.764679525883
10310.0,1282092.56825365,211877.535373002,5.0,83302.41090747241
10313.0,1279873.12223537,204973.895301938,3.0,84777.99999999997
10314.0,1271040.17272232,267813.587526292,3.0,86817.5327812752
10317.0,1283506.21932709,255904.39020209,3.0,535674.1919427131
10318.0,1284077.97241569,255889.894202068,1.0,0.0
10319.0,1257252.90992421,195449.256508186,3.0,842513.1123668542
10320.0,1271310.37989061,225869.082523331,5.0,2035899.24727261
10322.0,1263559.42487466,238690.701864466,4.0,460455.3147594495
10323.0,1275799.13304721,284460.253079325,4.0,1097667.799277508
10324.0,1279461.87045895,280471.979859248,1.0,0.0
10326.0,1282343.25350191,274987.017741635,3.0,60083.73618768882
10328.0,1278102.01848955,286107.024665013,3.0,169542.0
10330.0,1279566.14783506,257869.420412108,4.0,755687.9719258243
10332.0,1283069.88915065,253840.92319198,3.0,92558.57938136616
10335.0,1288807.26874052,187254.609523788,3.0,429695.9574106424
10336.0,1255514.58864243,248374.550962374,4.0,35368.12675353417
10337.0,1254856.19817775,248388.475442395,4.0,55119.298248807616
10338.0,1274877.43999025,230812.399712399,4.0,156032.17266828145
10339.0,1281711.90566126,206579.257543579,4.0,2463065.34376117
10341.0,1262117.1498652,254342.018360496,4.0,1710511.245552007
10346.0,1273545.00894889,223998.186329424,3.0,50124.957034258754
10347.0,1268421.61892764,244901.790510818,3.0,28162.157659527868
10352.0,1258239.82659721,250176.259636223,4.0,2555757.429498034
10353.0,1258245.05757323,250424.53899647304,3.0,417722.67992001865
10354.0,1272818.21675615,230443.180640012,4.0,640663.3055534221
10363.0,1256899.44310784,249673.926323712,4.0,296573.4797196214
10364.0,1285030.00403266,205720.33210270095,3.0,73129.49631264019
10367.0,1272772.2175241,212344.355597481,3.0,162102.85967970922
10368.0,1272575.0407559,226262.022363737,4.0,728475.597663865
10369.0,1266948.23339014,236492.394278213,4.0,101463.60124581865
10370.0,1281582.53778912,197282.097662061,4.0,337107.53941103216
10371.0,1274100.53342946,230831.454816416,4.0,206785.7571466753
10372.0,1278692.40940216,270635.329609171,5.0,1565281.6594997342
10377.0,1263816.47165893,191112.048375741,3.0,4856.924889456132
10378.0,1263704.62801082,191113.975479737,3.0,105436.19778750488
10380.0,1270070.94110534,246201.116656154,4.0,604264.7748228179
10381.0,1270077.56542534,246470.14500843,4.0,10158307.096172355
10383.0,1262734.98231383,246346.732848302,4.0,524343.0679263878
10385.0,1284077.68998368,190942.473207563,1.0,0.0
10387.0,1283164.73510274,249872.621107906,3.0,214333.41532651335
10391.0,1269180.10360043,246966.692208931,3.0,524564.9045097796
10392.0,1281012.76498854,248585.65125060096,3.0,6055.067487021242
10398.0,1256982.44163594,256046.636986241,3.0,232658.0095820889
10399.0,1260375.2826634,192539.417849198,4.0,938945.427337411
10400.0,1278598.58316207,222625.892824009,4.0,667970.8543892974
10405.0,1262112.02884118,266960.145349413,4.0,601239.6356308435
10407.0,1264774.79121192,234810.988836497,4.0,646666.5688895461
10409.0,1283575.59974316,199251.621312082,3.0,1070765.1226079585
10410.0,1267962.76843117,230137.883999705,4.0,1735711.8436993428
10411.0,1268283.9938395,230129.839391693,4.0,360675.0675549882
10413.0,1263565.21489067,252711.263734818,4.0,1629650.998410094
10414.0,1283598.69651119,236488.174118206,4.0,278286.3835478717
10419.0,1277856.3884093,254109.86956025695,3.0,95972.43479597406
10420.0,1287779.09267546,189563.77189415705,3.0,28655.65003231101
10421.0,1258697.75939769,259622.0920939,3.0,55089.491976637895
10422.0,1258294.57226127,259619.667261899,4.0,58908.07471031099
10423.0,1276271.48773569,259624.928061903,4.0,95678.6273890743
10424.0,1276750.05893618,259609.883773878,1.0,0.0
10425.0,1276162.86130357,217375.700242639,4.0,193234.92463533583
10426.0,1282691.41190226,212542.845069692,3.0,28507.85027208457
10427.0,1264720.98948386,240738.68529056,4.0,1900809.855090168
10429.0,1284149.12876776,193420.849530101,5.0,108073.09847146344
10430.0,1284403.42944001,193062.934201732,3.0,2790.902498125135
10431.0,1272238.33829156,228902.77065444,5.0,1308125.1770341443
10435.0,1271088.73893037,272737.070795327,4.0,1469388.2295979706
10436.0,1282391.94892596,284071.298774928,3.0,254898.6645160968
10438.0,1273960.91915733,203854.235140786,3.0,13827.296268558111
10439.0,1274064.45669343,203878.96832481,3.0,16236.777768208209
10440.0,1283043.99225461,232641.98793827,3.0,81747.4763235355
10441.0,1275300.93618269,252119.616950214,3.0,750.9026376228541
10442.0,1254254.44419314,252317.770102412,4.0,45107.39104098128
10445.0,1269301.29924855,174583.37866281,4.0,962456.3204153996
10449.0,1260435.48131947,190535.189239144,3.0,1069544.5546326204
10450.0,1262138.29520921,246359.414896309,4.0,757341.93398698
10451.0,1286048.5495697,244555.770862475,4.0,104449.05335351598
10452.0,1286104.16851376,244629.055150539,3.0,31057.513951670408
10453.0,1258189.83587717,247766.170609757,5.0,84234.77065192274
10454.0,1263983.71012311,280455.309651226,3.0,100657.57919069976
10455.0,1263722.29495484,280467.231827244,1.0,0.0
10456.0,1267571.73150277,188662.804533228,3.0,61867.18283964641
10457.0,1269423.23761667,279572.318290323,1.0,0.0
10458.0,1269775.47614503,279566.874386325,3.0,63143.7783765839
10460.0,1267167.57777436,285653.340568557,3.0,222260.20610752323
10464.0,1257443.4912364,195943.930428684,3.0,53740.88573807901
10465.0,1257437.1503724,195706.51622045,1.0,0.0
10466.0,1272027.28030734,243975.878957868,4.0,97896.5264853158
10467.0,1267318.98167852,264171.76345855,4.0,640846.4129409968
10471.0,1262985.42737009,204408.808837354,4.0,657592.4338328047
10472.0,1262684.47325777,204417.325189367,4.0,489329.3146118753
10473.0,1280654.98060417,218739.101012036,4.0,52039.26070091175
10474.0,1280631.96492416,218413.402835697,4.0,306080.8932727532
10475.0,1295209.86157908,182849.661679283,1.0,0.0
10476.0,1295734.82049161,182799.831727237,4.0,328608.35432157386
10479.0,1263706.98660281,245022.124590948,3.0,43072.488650977866
10480.0,1278875.76300235,223275.284568682,4.0,1094837.6182598933
10482.0,1279868.03404337,204655.078021616,1.0,0.0
10483.0,1268929.62705617,208984.247178048,3.0,421933.4466786818
10484.0,1268591.66155182,208757.335561812,4.0,5132173.176206014
10485.0,1262089.71882516,233983.848739639,3.0,313553.5809615957
10486.0,1261777.41764085,233989.799843654,4.0,981109.0706517496
10488.0,1277528.97375298,255275.659193441,4.0,2236059.260489808
10489.0,1278448.82034591,252610.72715871,4.0,473414.62243364734
10492.0,1272585.21982791,257412.270395637,3.0,1310859.7035781636
10495.0,1270039.10974531,216629.62491387097,3.0,58247.49054025123
10496.0,1270269.18443353,216626.230929866,3.0,87270.33541781742
10497.0,1256888.18070784,249142.16689916,4.0,733974.2980718149
10498.0,1261505.59140056,197134.717373908,3.0,893551.0646335867
10499.0,1261490.42807256,196477.65900524,3.0,209959.3524876281
10501.0,1279502.83692299,219110.623572409,4.0,1052593.0950055209
10504.0,1281746.28025329,246579.971888542,4.0,205992.2495076665
10505.0,1278368.90808983,238270.397608027,3.0,111074.61316723912
10508.0,1256095.51625903,191300.524343938,4.0,137745.7245144851
10510.0,1284993.37779261,203842.173124775,4.0,500967.22204690153
10511.0,1285398.80838503,243218.306349099,3.0,134396.1909030729
10512.0,1276212.14994362,212887.196430042,4.0,227335.57192537963
10514.0,1276808.13759224,214890.001424089,4.0,68051.04183719693
10515.0,1261447.48292051,233996.231907651,4.0,114760.08689735938
10516.0,1261450.13648851,234122.783523783,3.0,4849.273016527832
10518.0,1283110.95929469,265713.612420127,3.0,42390.0
10519.0,1286125.57664178,243589.405677482,3.0,12008.39576329276
10520.0,1276715.88741614,251981.190390065,4.0,259867.2585094045
10521.0,1276719.23423214,252643.61951075503,3.0,88032.02427399272
10524.0,1274958.86341435,266066.34694849,4.0,5645673.997634804
10525.0,1273940.0091413,246097.733680055,4.0,1194880.2281001792
10526.0,1262141.97463322,234419.470564082,4.0,187433.9820854129
10527.0,1262096.19850516,234420.374820083,4.0,300059.8984985326
10530.0,1270709.14878599,194387.955195099,3.0,64493.61563323899
10532.0,1256040.20931497,190161.99346277103,3.0,63417.17706043377
10533.0,1264764.9448119,196418.269373178,3.0,38549.28224216845
10534.0,1264489.21207562,196420.102717176,4.0,148850.39197029776
10536.0,1272564.08568388,255416.918777585,4.0,180407.2035001173
10537.0,1272893.96856423,255406.725881577,4.0,90972.968325723
10538.0,1269208.36830445,206953.177415967,4.0,108188.14611525464
10539.0,1269527.31128077,206947.111815959,3.0,298012.6065646408
10540.0,1262203.59722528,251006.566709071,4.0,643585.3646355228
10541.0,1262210.55127329,251651.098229736,3.0,498115.45566640166
10542.0,1277130.89055257,203345.558660269,3.0,486712.82027528994
10547.0,1273827.77643718,242289.019180149,3.0,78117.06791852518
10549.0,1258441.24419743,194571.051579282,4.0,658415.3572828199
10552.0,1283884.95020749,203860.11635679,4.0,184742.25812244831
10553.0,1284316.42572792,203853.032388791,3.0,140121.21674480365
10554.0,1277573.89816903,230132.074335694,3.0,291197.128098906
10555.0,1270008.95659328,215109.685712323,4.0,251516.8388477315
10556.0,1268016.98948723,251812.296373904,3.0,400698.3576175101
10557.0,1275509.4961189,254001.74079214,4.0,583522.5454043235
10558.0,1275527.18904692,254667.069176823,3.0,184669.46686837825
10559.0,1268440.30558367,278081.037456796,3.0,461399.8462667526
10561.0,1280665.12556419,282728.974037558,3.0,5984295.480123005
10563.0,1268334.09611155,232089.149793699,4.0,7591193.339634402
10564.0,1268656.10436788,232081.019553691,3.0,2906391.09751104
10565.0,1285165.24064079,193246.895801932,3.0,132160.99034370764
10566.0,1271168.95563446,232928.262626559,4.0,301357.083777398
10567.0,1270923.04664221,256676.489722878,3.0,202339.71290749536
10570.0,1263413.89828251,265597.416132018,3.0,75739.10775644425
10571.0,1277612.39679305,214130.25134331,4.0,83305.82036824532
10572.0,1277885.99794534,256260.422970459,3.0,999203.7056620148
10575.0,1268203.63051142,252482.685750589,3.0,17016.444345435102
10576.0,1254233.07120112,251327.704501405,4.0,596668.2391188884
10577.0,1264469.5169076,250310.615988359,4.0,92514.45733804617
10579.0,1276855.29464829,281410.855252206,3.0,71012.28572961078
10582.0,1285884.15910552,205427.201798394,4.0,1443.6131250317055
10585.0,1274291.64062966,249150.97297917295,3.0,359418.0058961367
10586.0,1275172.40101457,216426.517393664,4.0,42113.04551310924
10587.0,1280620.72473215,205289.343174264,4.0,731499.1900624032
10588.0,1284418.84153603,194220.758650929,4.0,2390620.0518024573
10589.0,1257442.69104441,258007.470652238,1.0,0.0
10592.0,1276387.4576558,212883.729870036,4.0,143791.4060071039
10593.0,1265718.70468488,235278.585700974,4.0,68995.52551208065
10597.0,1282548.74847811,253191.760503307,4.0,458718.1441029261
10599.0,1268044.51761526,245178.839471102,4.0,177649.23542879295
10602.0,1276036.22149545,215162.625872374,4.0,59201.16250683739
10603.0,1276029.38616744,214909.228432104,3.0,41077.66296640841
10604.0,1275435.56095083,213281.77076643697,3.0,31008.024937813705
10609.0,1270674.94443396,272513.90657109,1.0,0.0
10610.0,1264563.28215569,239295.74660107505,3.0,80441.56771799785
10611.0,1264574.38282771,239690.584361494,3.0,121440.78236650502
10612.0,1270047.86366531,179164.754667506,4.0,197572.5951396372
10615.0,1280112.45311561,221984.208407357,4.0,62948.57681065887
10618.0,1260397.19107942,193199.408377886,3.0,137430.91828806236
10619.0,1280363.40933987,205965.997318953,4.0,258944.24285933815
10624.0,1274741.59775011,211710.00455683505,3.0,3722131.595676514
10625.0,1282910.41241449,229978.413855538,5.0,2081630.5389155908
10628.0,1266168.73662134,244060.580909967,4.0,120630.38273061856
10631.0,1272232.58833955,232270.672417894,4.0,208452.4178342358
10632.0,1272219.52734753,232584.205538213,3.0,652646.211765766
10633.0,1283045.35244662,282587.033685416,1.0,0.0
10634.0,1260408.78224744,205138.1748541,3.0,84777.99999999999
10635.0,1281416.44921295,182991.090863422,3.0,225694.3621620348
10636.0,1270918.9941622,280032.47547479,3.0,66176.25682571877
10638.0,1266473.65822165,241782.644523636,1.0,0.0
10639.0,1269298.08798455,242591.631724462,1.0,0.0
10643.0,1280965.99833249,224145.245721564,4.0,261134.9728534456
10644.0,1264664.3554358,192428.009273097,4.0,2254914.402329492
10645.0,1258908.0241019,251546.218805626,3.0,44140.81240839694
10650.0,1279569.89125906,258863.574269116,3.0,2005339.68559815
10651.0,1274821.66322219,249136.940147161,4.0,1055566.808610859
10652.0,1275241.79557464,249128.648819149,4.0,1235595.4808795168
10655.0,1265572.76996472,243631.016493514,4.0,763195.8802907284
10656.0,1280337.09605984,229632.536927193,4.0,155765.72894634932
10657.0,1270470.55902575,285183.848408073,3.0,42578.66330891331
10658.0,1270470.69489774,285349.885784239,3.0,80671.05039448563
10660.0,1269757.23435302,271911.231242478,3.0,55477.498189567785
10661.0,1269939.3015532,271908.201034471,1.0,0.0
10663.0,1266601.86302179,256255.264186442,4.0,90322.81022511989
10664.0,1264974.99063613,258271.768380508,4.0,144867.69253426496
10665.0,1278215.42021768,207195.395144209,3.0,31249.34015044319
10666.0,1269497.23192075,271421.341129974,3.0,26674.85428693831
10667.0,1258106.06275709,195506.284988239,1.0,0.0
10668.0,1273948.84606931,203360.401156291,3.0,27352.59406272909
10669.0,1274957.49394234,265297.445251703,4.0,382164.8022949316
10672.0,1274130.3059735,248215.536178216,3.0,123459.66753662778
10673.0,1274803.47621419,248195.333490193,3.0,28477.53672132164
10675.0,1270054.45163332,217404.566290662,4.0,229231.77150811997
10676.0,1275840.27794324,205850.733126834,3.0,86931.96583971304
10678.0,1287930.41453162,186982.756083518,3.0,123318.10797947962
10680.0,1276313.34687173,266579.301253021,3.0,25528.874124593684
10682.0,1270754.10110603,246984.698096961,4.0,981000.1771783406
10684.0,1280283.58994779,227849.585437357,4.0,128926.88780534404
10685.0,1285199.90291283,188268.786676824,4.0,582854.1899065495
10686.0,1285325.48569696,188263.295540825,4.0,7287716.0296365395
10692.0,1281008.09305254,225644.292635098,4.0,238751.4373846035
10693.0,1284223.13062383,198001.791102797,3.0,174145.47673825122
10697.0,1285226.16108885,206946.812935963,4.0,722555.1400143721
10699.0,1276758.43589619,215409.381648615,3.0,10988.132078583863
10700.0,1276837.24511227,215407.498448625,3.0,31598.208254515324
10702.0,1286501.85670616,204058.618564993,1.0,0.0
10705.0,1265076.02686022,265550.82861197,4.0,256522.95303270945
10706.0,1265085.44740424,266213.237060651,4.0,619780.2999095775
10707.0,1278630.20281009,225228.875802681,4.0,365121.092587078
10709.0,1281928.12473348,199274.771200106,4.0,412358.0286125908
10710.0,1281924.51385348,198954.88371177003,3.0,149409.9251297612
10711.0,1259155.36119016,250413.873972461,3.0,92020.21001359726
10713.0,1269741.661553,213135.524622291,4.0,224987.2211699571
10714.0,1272058.66117138,210135.76519522103,3.0,147484.3609455575
10716.0,1257666.90909263,256416.52633062,3.0,449773.92497740913
10720.0,1270204.71313748,194942.155835658,3.0,86655.4069780271
10721.0,1272552.03947587,194998.026171714,3.0,172680.12323741306
10722.0,1272897.29598823,194964.70796369,1.0,0.0
10723.0,1275308.6277667,212142.924621284,3.0,42430.56845268991
10724.0,1262736.86717783,251641.821941718,3.0,57124.26485342929
10725.0,1271482.59838678,211044.940236151,1.0,0.0
10730.0,1273540.20773289,226122.090523586,4.0,415234.0533294474
10731.0,1266462.81706963,227220.091932714,3.0,82131.26207224138
10732.0,1275102.7613984903,222380.54914376096,4.0,1343233.2733137603
10735.0,1263270.21649037,252445.450294554,3.0,699200.237649201
10736.0,1268058.56811127,227074.571548566,4.0,704670.6245710128
10737.0,1257886.53693286,198734.032447547,4.0,598668.661286131
10740.0,1264257.60919538,266899.002437353,3.0,18101.09698810967
10741.0,1263587.3903787,239620.868009418,4.0,382015.9442238085
10743.0,1262904.82973799,233101.648738742,3.0,101395.71124585254
10744.0,1277719.84639317,247393.796657369,3.0,35888.082957796774
10745.0,1272367.12645169,224716.54383415,4.0,684912.4141797132
10746.0,1263353.43217045,259229.460029498,4.0,6378824.363931743
10747.0,1281775.16537333,251222.585269302,4.0,68612.67124941488
10748.0,1281775.19686133,251569.609205648,1.0,0.0
10751.0,1267167.33073436,286391.560537308,3.0,512096.4609885124
10755.0,1256248.45955518,252410.475638509,3.0,38830.61764908368
10756.0,1267334.27499053,243934.424301833,4.0,406971.099435435
10757.0,1267490.3189587,243931.112301826,4.0,502590.6829046205
10760.0,1278187.66367365,232080.075681686,4.0,106224.92335711948
10761.0,1278498.67845796,232044.882465661,4.0,24952.50619308766
10763.0,1275668.91282307,267921.232646391,1.0,0.0
10764.0,1275103.1137825,217913.92910718903,3.0,185437.76135425185
10765.0,1275369.88683876,217907.066579178,3.0,60837.57573685374
10766.0,1282008.34367757,254867.342393026,1.0,0.0
10768.0,1277192.96684062,266559.650372997,3.0,142151.2306680142
10769.0,1266787.32983798,248969.477938995,4.0,189959.5677437373
10770.0,1279096.40729058,207595.355912626,1.0,0.0
10772.0,1265759.58058892,232154.150945768,5.0,1256991.8990411316
10773.0,1283160.83353475,249520.616243556,1.0,0.0
10776.0,1279420.02245891,275744.397134408,4.0,47617.77434504412
10777.0,1263523.59556264,189781.758326381,3.0,38408.197815945925
10779.0,1277077.52120851,206889.0492879,3.0,84347.44837157326
10780.0,1282605.62956618,235294.811364979,4.0,42487.21111111109
10781.0,1277021.08562446,268869.925319359,3.0,148536.73219485025
10782.0,1275142.01163852,242892.369644761,4.0,70158.96620368167
10784.0,1273565.19422892,256384.399418578,4.0,32157.71524246414
10787.0,1282576.99545415,247228.608369201,4.0,4661711.308706212
10789.0,1271813.80209912,227999.639581516,4.0,191603.62293136065
10790.0,1256810.92297976,188619.107765183,3.0,46446.93285879072
10794.0,1280131.40357964,246765.568304732,3.0,5760.925543550215
10795.0,1275889.19058329,228787.433630317,4.0,119108.78093641395
10799.0,1274823.4387742,214588.642767787,4.0,215805.77677399453
10802.0,1289137.51610085,188618.211829185,4.0,15669.218312423927
10804.0,1268731.10647996,240459.635050267,3.0,79988.33599400957
10806.0,1285012.43513663,204908.184133872,4.0,1629783.676763395
10807.0,1269531.54123278,226656.524828136,3.0,18801.292274857948
10809.0,1273045.22578038,194244.598522946,1.0,0.0
10810.0,1292498.19277631,184362.861744836,3.0,23673.886360938573
10811.0,1273152.40798849,240212.100714013,4.0,60806.36001936072
10812.0,1280612.31897213,203282.820612207,4.0,100410.39549633082
10813.0,1286009.14112166,199526.096832365,3.0,11511.41513321078
10814.0,1286242.10790589,199525.03942436,3.0,148140.61832579953
10815.0,1273004.83909234,268007.002502486,4.0,239866.1730003898
10818.0,1254871.16995378,249733.91237177,3.0,3216526.4928648663
10819.0,1254204.90947309,249753.104947791,4.0,4420465.431698752
10820.0,1270091.17361736,244477.562670395,4.0,153340.61400761106
10821.0,1272817.68325216,227117.055708617,3.0,100797.0969312316
10826.0,1277516.68735296,251971.603126064,4.0,270838.1383846628
10827.0,1275575.47301497,221145.92399050304,3.0,69380.97302290448
10830.0,1276503.49906392,227494.857501,4.0,76188.25683137761
10832.0,1258190.35786118,257819.10290804497,3.0,18224.84922197708
10834.0,1268255.30097547,226024.44207549104,3.0,12815.16840030133
10835.0,1267940.17534316,226311.38805978,3.0,24027.776313788057
10836.0,1267721.70724693,233679.092835337,3.0,104846.8718553991
10843.0,1271088.39998637,272468.723915055,3.0,44896.13521860592
10844.0,1271438.37630674,272457.43226704,1.0,0.0
10845.0,1268255.51556748,225900.589659363,1.0,0.0
10848.0,1286368.34547402,282355.205077171,3.0,21951.177777777782
10852.0,1263101.16759419,266931.61453338,4.0,775371.276079953
10853.0,1264234.21687536,250965.089397028,4.0,463291.5467058648
10857.0,1257040.750948,195349.811836079,4.0,1694341.0988417403
10859.0,1272847.22360417,200322.93152117697,3.0,34302.99447729137
10861.0,1276442.09861585,225279.036442727,4.0,782724.9419345811
10862.0,1266411.02814159,232457.863970086,4.0,98683.21488482418
10863.0,1266732.66033392,232449.88726607,4.0,182678.54901761696
10864.0,1265880.60132505,277656.047824368,1.0,0.0
10872.0,1284195.05683179,180506.377964884,3.0,271047.7373110713
10875.0,1258646.78186163,251870.24734996297,3.0,35493.54798155264
10877.0,1283537.44300713,193152.582969829,1.0,0.0
10880.0,1270056.26987332,268755.549575254,3.0,342628.0185379027
10882.0,1275896.97765531,255323.09215349,3.0,50949.14911928307
10883.0,1266221.47236539,237123.174822852,3.0,8414.181849188328
10884.0,1270403.44529767,269875.909832403,4.0,549130.5366148072
10887.0,1291096.34195887,180576.429356948,3.0,554716.8328464455
10889.0,1269969.65944123,213131.021390289,4.0,282818.9259613612
10893.0,1281764.65522932,203914.41907684496,3.0,40791.6315610624
10895.0,1265629.69534078,246283.27691224203,3.0,83693.45480499903
10896.0,1265632.71569279,246402.388912365,3.0,229810.7649895509
10898.0,1264018.71370713,282161.298324972,4.0,93502.6267145162
10899.0,1264030.26551515,282368.045653194,1.0,0.0
10900.0,1266813.15691,250019.114292055,4.0,65773.53843417685
10902.0,1276996.50168842,254626.689016774,4.0,2970441.9536089944
10904.0,1258084.54147707,193925.285818622,3.0,55966.12112499737
10905.0,1282852.61497442,256187.500858381,3.0,24811.04405191536
10907.0,1280433.08108395,230481.840352058,4.0,144737.00831643678
10910.0,1268390.34897561,234291.143715963,4.0,743372.3967443871
10912.0,1273705.98763706,194639.76831536004,3.0,54597.35299523919
10915.0,1281090.28089263,181713.39031811096,3.0,6318.471163590652
10916.0,1274211.39832558,192133.106680781,4.0,1554084.4116495545
10919.0,1270475.69784175,247526.047089517,3.0,27758.028457788987
10920.0,1279508.059323,218023.683475301,4.0,1201186.2145067698
10923.0,1285071.1912327,251156.28882122,3.0,28563.01982563036
10924.0,1280474.20735599,225363.512346819,4.0,194834.7341449577
10925.0,1278252.73637772,260389.718526676,3.0,28163.341340612733
10926.0,1271560.83576286,230882.564256474,3.0,520271.4144664699
10927.0,1264000.44074713,281608.925780416,3.0,44511.00516743797
10928.0,1263649.84234676,281618.913620427,1.0,0.0
10929.0,1259731.64611875,261707.958336025,1.0,0.0
10932.0,1265321.79473247,281642.071380451,4.0,1131415.0354043727
10937.0,1277629.56344907,205462.087558433,4.0,220716.66164219857
10938.0,1277873.83621733,205448.38125442,3.0,126793.70774161528
10939.0,1265191.41834834,248966.415922984,3.0,132354.1758565522
10946.0,1276423.15768784,247686.815793678,4.0,130827.06176871258
10947.0,1266048.26538922,246013.594415963,4.0,2010862.3803979475
10950.0,1259727.07888675,204486.299845442,4.0,1457496.730441977
10952.0,1265549.54065271,252949.59627907,4.0,1545206.0730456966
10954.0,1265161.4719163,236841.44407056304,3.0,29578.70010389846
10956.0,1260839.50941588,197149.961789921,4.0,544974.9182514175
10958.0,1278364.71122582,237267.919975013,4.0,278244.5230526924
10960.0,1259716.87946273,252352.294326454,4.0,217769.21251725263
10962.0,1271957.03473927,268433.404550925,1.0,0.0
10965.0,1269493.59640074,258162.851900399,3.0,260819.3791330729
10966.0,1269501.01700875,258824.326333076,4.0,1145923.8630854278
10967.0,1274124.73285349,247955.838833943,3.0,66116.28393492753
10968.0,1261423.79172048,261763.853888094,3.0,40635.537161036285
10969.0,1266619.9174858,284740.207191616,3.0,339326.62412648706
10976.0,1284985.01427262,203380.910276309,3.0,231591.1287821164
10977.0,1285663.2648973,203374.507716298,3.0,83281.22141420984
10979.0,1266079.66135725,266186.008132622,4.0,995309.9740239969
10982.0,1278415.63468188,234089.338723749,5.0,198932.0079243648
10984.0,1268216.88734344,253170.42162329,4.0,2971594.169273172
10988.0,1262403.96759349,256216.232122406,4.0,263645.18895212456
10989.0,1277349.38552879,222637.010200024,3.0,40019.21465189627
10990.0,1265418.74404457,235285.220196977,4.0,93118.7940784863
10991.0,1274214.08568558,255106.154297277,4.0,103692.56470807148
10997.0,1258655.42160565,252369.712246463,4.0,63397.98546460447
11000.0,1276795.89778422,212100.87674923203,3.0,100120.75850179908
11002.0,1256527.95670746,197490.101886272,3.0,13562.370653303298
11005.0,1272921.33861226,225044.454234496,4.0,553321.880825313
11007.0,1264472.9043636,245016.94545494,3.0,142776.78835808948
11008.0,1265528.30711669,241624.473899469,4.0,1474302.891860752
11009.0,1265544.2595007,242319.539116174,4.0,1275911.6193615976
11011.0,1272297.95365162,226097.990811571,4.0,822358.2920661998
11013.0,1271089.82289837,277044.153359741,3.0,503054.2579081528
11014.0,1271379.41317068,277034.277391732,1.0,0.0
11015.0,1264237.29265136,266237.942404673,3.0,187334.27118402213
11017.0,1271099.03185838,278523.092369244,3.0,2083918.836407641
11022.0,1286477.34854613,204603.211013556,3.0,236843.05095896157
11023.0,1260302.63741533,248268.409778267,4.0,137187.39353391668
11024.0,1280459.76773998,258175.383356422,1.0,0.0
11025.0,1267654.65060686,260850.825535148,4.0,198290.1752675831
11027.0,1269062.5854563,242236.4021561,3.0,37870.01213831258
11028.0,1269064.57169631,242316.576812178,3.0,38932.90451229838
11029.0,1277293.92991273,181727.193454131,4.0,478809.8763319282
11031.0,1284249.94451186,235250.063076943,4.0,46640.044047124655
11034.0,1284373.27929598,189435.07890202096,3.0,563015.5942587492
11037.0,1274552.99147792,217415.050834671,3.0,61641.7571825508
11038.0,1274545.15192592,205673.935878649,1.0,0.0
11039.0,1285120.68524875,194207.296762913,3.0,1649108.0835299045
11041.0,1280996.33030052,200704.273281559,3.0,46210.71132406775
11043.0,1274883.43736626,231625.060833231,3.0,84036.03979068737
11044.0,1254721.35171361,254425.980792582,3.0,42523.81904761904
11045.0,1265752.93201292,236518.306598231,4.0,41293.82587276446
11046.0,1263690.79044281,282172.835732982,3.0,83990.31125780939
11049.0,1278772.41874625,219732.205973044,4.0,112766.4804182871
11050.0,1278766.79705024,219412.050772727,3.0,83418.56453134574
11052.0,1279718.98085922,272421.775499001,4.0,320765.98607685906
11055.0,1269514.37720077,244880.823022798,3.0,49935.08136489824
11056.0,1270290.50820956,287130.047578067,1.0,0.0
11058.0,1271816.72139512,242709.637740582,4.0,253330.5145766124
11059.0,1263918.21815504,240175.373097986,3.0,352008.4598457474
11060.0,1266780.32561396,260078.508542359,4.0,120648.75414594752
11061.0,1281540.65599708,256218.548026413,4.0,67552.62497810806
11065.0,1287606.06777929,203183.368068099,4.0,54556.49148558042
11066.0,1288027.72013173,203539.663940474,3.0,28432.274272960167
11067.0,1266888.79063807,237400.344551146,3.0,115652.25770003974
11069.0,1279485.44223498,201368.930050239,4.0,64563.89812725898
11070.0,1259380.50480638,258397.983996645,1.0,0.0
11071.0,1263015.76490611,172659.638372853,3.0,125949.52033004545
11072.0,1261983.09175305,260682.545342982,1.0,0.0
11073.0,1263311.32106641,172646.985892832,3.0,6269.198247263823
11074.0,1270798.84613009,272726.985867321,3.0,1073250.4261931886
11080.0,1266089.18065326,232466.141474083,4.0,338607.3791673544
11081.0,1278167.51672962,231511.486881107,4.0,126615.6659247298
11082.0,1262159.88240923,247397.246449381,4.0,300995.9700567893
11083.0,1262165.91031325,247680.161585674,4.0,202494.5749551016
11084.0,1263905.80836302,239615.93917740896,3.0,243778.7126449872
11085.0,1274017.16446938,249395.188339427,3.0,3472661.681035658
11086.0,1271137.31397043,286655.306073576,3.0,932968.54487757
11089.0,1273382.81893273,284390.930007264,1.0,0.0
11092.0,1262751.96848984,247128.984881103,4.0,183102.37514334984
11094.0,1282472.83852604,200592.489345446,3.0,1858311.493341659
11095.0,1264090.14199521,229810.048031375,4.0,63987.15604461108
11102.0,1281852.8528614,186474.289906994,1.0,0.0
11103.0,1265974.16183715,258908.988861173,4.0,190376.32956917043
11104.0,1278243.31647371,285248.369560137,4.0,14390632.658197772
11105.0,1270935.40984222,240398.22634621,3.0,78534.79677842694
11108.0,1269808.11780907,244875.356526792,3.0,20400.970352457047
11109.0,1269315.70961656,252952.16645506,3.0,2134675.4458823
11110.0,1273364.06341271,236835.789926559,3.0,202453.62248523088
11111.0,1262364.29930544,259166.429949433,4.0,496921.0534312917
11112.0,1262372.15920946,259664.706173941,4.0,296217.64720249764
11113.0,1276147.98501556,214906.489936113,3.0,70842.27908974017
11114.0,1280415.84786794,207961.22164098904,3.0,97597.65270353189
11115.0,1277748.6586812,248830.143218845,3.0,794521.3459965789
11116.0,1278855.39596233,213805.763150975,1.0,0.0
11117.0,1283495.45785508,249866.609331906,4.0,336291.1180972449
11118.0,1266716.62788591,266170.872644603,4.0,1230864.1589548131
11121.0,1264474.0864436,195774.508860514,4.0,4874305.905191792
11122.0,1267967.21758318,251552.218165636,3.0,302806.4044818313
11125.0,1267093.23243029,228823.361374363,4.0,209060.85290077107
11126.0,1269982.52459325,248192.996210188,3.0,23361.08281488988
11127.0,1266626.49719781,172657.450404838,4.0,2661976.942366344
11128.0,1265798.11498897,281631.99163644,3.0,1166747.0156982627
11132.0,1277715.92216916,174124.381862342,1.0,0.0
11133.0,1293893.81959373,187984.11531654,3.0,43530.07240284546
11135.0,1276254.90411967,201651.108930528,1.0,0.0
11139.0,1281704.04543725,268121.605958596,3.0,111267.49199158132
11140.0,1281994.04908554,268114.226054594,1.0,0.0
11143.0,1273230.80875657,227059.110940546,4.0,395187.585582364
11144.0,1279741.05657125,247286.624625266,3.0,1336398.0204097172
11145.0,1270014.71384127,241864.921899706,4.0,390156.5705507337
11149.0,1271751.49285106,274867.413965508,4.0,533222.369051095
11150.0,1271936.96261124,274870.943821505,1.0,0.0
11154.0,1273584.11909293,230095.033375666,4.0,254117.20527109707
11155.0,1262792.99959388,249013.130035028,4.0,314411.34499051207
11156.0,1271390.09067468,268059.211718529,3.0,196371.0262521052
11157.0,1271400.49912269,268572.41837506,1.0,0.0
11161.0,1265469.64778863,249500.154355526,4.0,79470.5729682974
11163.0,1276990.99186443,257949.076732188,1.0,0.0
11164.0,1264519.67396365,197726.020990521,4.0,530575.1808773921
11165.0,1268297.52894352,259183.756349444,4.0,113116.39446859836
11166.0,1268527.01534376,242908.458540782,3.0,16938.227175595315
11167.0,1268913.16548815,242962.531884834,3.0,22633.63186470675
11168.0,1279017.0724425,237784.33821553,1.0,0.0
11169.0,1268652.69751988,260827.566079125,4.0,1216748.7065668858
11171.0,1271112.0961144,201125.922049999,4.0,113459.18906016264
11177.0,1277932.77279338,216359.654673591,4.0,206241.9564930029
11178.0,1255504.93769842,247807.647217795,3.0,29986.039644214456
11179.0,1261662.38634473,257027.03826724,4.0,503229.5324075817
11182.0,1264431.25386757,242014.36682786,4.0,27793.4793324069
11184.0,1267400.32631861,233374.684963018,4.0,974845.7238893432
11187.0,1272086.0889474,242023.71818786897,3.0,364782.6576490002
11188.0,1272105.70206742,242701.012396574,4.0,432935.43983256223
11197.0,1272033.55691534,204401.397125348,3.0,1729895.649655127
11201.0,1290314.32282206,189154.707765743,4.0,307102.9806671299
11202.0,1290374.99923813,188584.67941315504,3.0,49470.6325614737
11203.0,1259825.62755884,257221.011259437,3.0,1983121.687077712
11206.0,1261195.19735225,199796.207488641,4.0,325485.6322433097
11208.0,1276993.65029642,253962.309432104,4.0,4474761.377621369
11209.0,1280618.05484414,200923.12550579,3.0,38561.28867593224
11211.0,1271656.72696295,224651.654170081,3.0,40222.38195364577
11217.0,1265098.28599624,266875.124485329,4.0,146426.76221115692
11219.0,1285663.62771331,281926.492052734,3.0,1155316.9588584532
11225.0,1264536.90653966,238357.678952128,4.0,760980.6385045781
11227.0,1277235.59666467,268530.200583011,3.0,52011.03736744713
11228.0,1274232.4878616,202699.068163604,4.0,44296.57268615286
11229.0,1274775.04978216,202707.648515612,4.0,343503.35450356954
11230.0,1271087.56241837,271889.987530455,3.0,105767.9387490114
11235.0,1265824.86263698,281109.086867899,3.0,252527.57799233735
11238.0,1277688.98552914,228925.478942469,4.0,889725.737774529
11242.0,1280357.86540388,205696.506374672,3.0,140910.2839297977
11243.0,1276964.6435124,265046.348291457,3.0,104412.25854033323
11244.0,1263767.30077888,167082.842463136,3.0,719644.0949019565
11245.0,1267925.91844714,171977.732644156,3.0,1442179.584098611
11246.0,1267597.0093268,171985.676196158,3.0,93076.486096935
11248.0,1269127.80747236,189784.418806389,3.0,126584.57304531458
11252.0,1286820.30880249,190530.82277514003,3.0,2196184.928815048
11253.0,1271770.78443508,203487.342852414,3.0,204848.7521256965
11256.0,1282958.90579054,203044.412931964,3.0,45883.51158416108
11257.0,1262116.61642519,245322.540655255,4.0,377260.948282316
11258.0,1281362.83282889,273994.17786862,3.0,537795.4943660897
11262.0,1277992.65490545,226549.36623603097,3.0,29664.90960298602
11264.0,1260246.50531928,252359.460982457,4.0,629847.8513823779
11265.0,1261697.79543276,258848.37580511,3.0,401317.15405668976
11266.0,1261704.08343276,259181.247869447,3.0,639217.976467638
11267.0,1284142.74527974,202513.690563411,4.0,1268831.9397414934
11269.0,1281496.14655703,248576.24478659,4.0,469230.0023230868
11271.0,1272101.01867542,223058.426392451,4.0,3306914.012228444
11273.0,1268492.22244772,242249.8620601,4.0,427999.707523669
11274.0,1268782.66411202,242243.046508104,4.0,238531.60687301285
11275.0,1278187.48652165,285643.098456547,3.0,423738.0
11276.0,1268276.8078555,257399.649019614,4.0,76973.2738280721
11277.0,1254902.21680181,251308.350517377,3.0,72250.5922138956
11278.0,1262584.72439367,239843.172969639,1.0,0.0
11279.0,1257232.75056419,199045.051199868,3.0,85939.54180090813
11280.0,1275466.98309486,214572.997135773,4.0,57347.34697650782
11281.0,1267284.27671848,268864.622471362,1.0,0.0
11284.0,1264057.83697118,246064.575280011,4.0,1166796.1829339657
11286.0,1278760.45157823,229674.580127224,4.0,125315.73237884077
11287.0,1263829.33514695,282167.961364985,3.0,45530.3212721184
11288.0,1273026.34622836,221201.785750553,4.0,276245.73641872924
11289.0,1270421.2881137,282987.068309829,3.0,44699.01806252715
11292.0,1287425.5388831,176184.487656459,4.0,208881.74465250908
11293.0,1276296.04575171,215156.454672366,4.0,50107.17525491477
11294.0,1283687.76819128,205541.611014515,1.0,0.0
11296.0,1266063.59902123,265524.496003941,4.0,314897.2779441931
11298.0,1271251.42168255,231307.573920906,4.0,172652.12633504035
11300.0,1284952.63443257,251821.011893913,1.0,0.0
11301.0,1284938.46316856,252220.038966313,3.0,84778.0
11302.0,1266963.03294216,258554.985340804,3.0,27982.91298782837
11303.0,1256343.51120327,256327.391994521,4.0,658750.1613004146
11304.0,1256143.82000308,256331.309306532,3.0,708331.8424531124
11305.0,1264619.87620376,256307.2542665,3.0,128733.76168264708
11306.0,1264294.60945143,256316.447802514,3.0,56694.57984179672
11307.0,1263609.80701873,254847.494713008,4.0,43085.28750528549
11311.0,1274266.54258163,258690.082812935,4.0,59036.64329075871
11314.0,1282495.73279805,228133.249565646,3.0,44529.44244372465
11315.0,1284589.8559362,205579.95347856,4.0,274545.8767688894
11316.0,1284583.5200002,205187.77383016,3.0,158244.822227092
11317.0,1270560.39742583,213548.877838716,3.0,1809879.20011288
11319.0,1258403.31056538,253057.847031176,4.0,133718.0081806671
11320.0,1256818.36227576,254398.531000555,4.0,2775390.668641843
11321.0,1267675.90059088,231540.250657141,1.0,0.0
11322.0,1267682.23063889,231792.453537405,4.0,855688.0320341752
11324.0,1273300.77285264,179775.248812139,3.0,65014.92334309592
11326.0,1271095.99678639,278035.435856745,3.0,1800391.738912221
11330.0,1283928.09875153,170100.001762226,1.0,0.0
11336.0,1266053.65156522,229333.859678879,3.0,120057.7669343254
11337.0,1257356.18038832,255771.65164195,4.0,1324904.132408026
11339.0,1271263.89502656,205446.898630425,4.0,85447.76684267586
11342.0,1281272.65682881,248580.60696259103,3.0,39437.18060165009
11344.0,1277863.79231332,259243.931773514,3.0,241656.36900077763
11345.0,1277864.51141731,259574.84876585,3.0,83582.3223267654
11347.0,1274622.385078,264645.749059036,3.0,48340.690893618535
11348.0,1259271.90429428,247742.49150572703,3.0,16971.172941805013
11349.0,1266440.18654162,234332.286052004,3.0,1941.1619244532997
11351.0,1265636.13662079,246535.720624492,3.0,205311.02689185904
11352.0,1263209.4794023,237940.86019969,3.0,77727.3412725505
11353.0,1255626.74358654,254985.891385153,4.0,4079353.199235714
11356.0,1279750.97516325,275733.1632144,3.0,23445.8071793849
11357.0,1258923.14480592,246447.63550441,3.0,57368.17316573176
11362.0,1263992.46993111,281068.693587855,3.0,50948.03457895632
11363.0,1269765.54993702,277400.898704097,4.0,625657.6239127527
11364.0,1266108.55300528,280566.336659342,1.0,0.0
11365.0,1266287.23409346,280562.936019346,4.0,99991.31616377617
11369.0,1282771.71551834,271961.086154535,3.0,549181.7031389632
11372.0,1265377.17489253,229776.693471327,4.0,263691.069470122
11373.0,1276830.82680826,215143.058000356,4.0,50533.35044876804
11375.0,1267435.36139064,237941.908071697,3.0,64557.07862597538
11378.0,1262217.58506529,199105.148159921,1.0,0.0
11380.0,1263908.55972302,169692.742113814,3.0,71535.91393548131
11381.0,1269425.92990467,271422.657417983,3.0,109674.91257124471
11382.0,1263315.71671441,280000.368594766,3.0,84778.0
11383.0,1282517.71411008,276512.148879185,3.0,231494.722793931
11384.0,1277192.69848862,207784.295176819,3.0,275110.9972137765
11385.0,1278063.64389752,208100.342793137,1.0,0.0
11386.0,1266386.41527757,265516.831299931,4.0,384727.9335355573
11389.0,1256839.09353979,196520.823293284,3.0,2084.1263587346125
11390.0,1257321.89802028,195949.8562527,3.0,24349.45594203033
11391.0,1280877.1615964,247262.708657235,3.0,50480.243753843606
11392.0,1268377.5054556,240079.18890588,3.0,23139.451559396715
11395.0,1282428.30150199,245920.448239863,4.0,136612.0640696302
11396.0,1280398.39020391,281683.581460491,4.0,1360622.5361509006
11397.0,1280401.29740392,282759.750229582,3.0,1443021.7213774284
11399.0,1262711.1300258,283523.601046368,3.0,43179.66060606061
11409.0,1254910.18627381,251767.880757853,4.0,49416.50336840134
11412.0,1269215.50974447,244078.248493984,3.0,54352.21698301803
11417.0,1286245.2676499,204608.98195757004,3.0,270153.2252377575
11419.0,1278659.49017014,267824.5025343,3.0,426282.308583784
11420.0,1258059.88502903,193267.711033955,1.0,0.0
11421.0,1275001.96895039,267941.73031041,3.0,284655.7373007818
11423.0,1286683.37145835,185204.313137695,3.0,123354.36090604778
11424.0,1257459.16150843,244940.372142866,3.0,123693.55631047396
11425.0,1264635.03133976,245014.118702933,3.0,567326.3291878032
11426.0,1269871.20888112,229236.128286779,3.0,24386.39535517398
11427.0,1278714.36869818,252605.716726705,4.0,421290.3744739741
11431.0,1283345.44108693,206544.193671539,4.0,1117427.4646473427
11432.0,1280318.02719583,277546.811472252,3.0,598622.8258955528
11433.0,1279900.21305141,278632.374289364,3.0,246117.80927676425
11436.0,1265000.32094014,259859.977470145,3.0,5680693.242279852
11437.0,1264345.86692347,259878.148030162,3.0,5403375.464062728
11439.0,1263831.23012295,232349.055777967,4.0,3430220.4483675966
11440.0,1255147.95913805,195360.585788086,4.0,326191.7596341699
11446.0,1281331.58617286,227383.41250889,4.0,53944.76277057875
11448.0,1277665.91935311,267856.080198333,3.0,249140.7262853069
11449.0,1268918.49880016,255529.55960971105,3.0,500451.66179108754
11450.0,1276138.24914356,216402.741521642,4.0,83195.06728769279
11452.0,1275285.88799068,246057.030640006,4.0,242366.8886784861
11453.0,1274962.95160635,266244.05690068,3.0,3571320.4195513963
11454.0,1275403.0642468,266231.05626066,1.0,0.0
11456.0,1274231.3540376,229663.453215212,4.0,819179.7979911861
11459.0,1277033.76242447,222950.17301634,4.0,192772.3811283816
11463.0,1274874.89573425,217407.23656266896,3.0,35764.14679375809
11465.0,1267741.43524694,269800.043528318,3.0,2449348.5559525136
11466.0,1280591.75762811,198637.958847448,3.0,336951.0446964275
11467.0,1280978.3431645,198630.39814344,3.0,250630.32414998548
11469.0,1261395.54768845,189156.332789734,3.0,1015430.5794244824
11470.0,1282059.06015761,249892.541043937,3.0,75030.39458725929
11472.0,1266193.41898936,169692.962273806,1.0,0.0
11473.0,1295724.4353396,181853.771566257,3.0,469439.40212562686
11481.0,1262782.95594588,240806.692394629,3.0,23163.012826289083
11482.0,1268537.44247976,281391.321556181,3.0,45772.66125735109
11483.0,1270759.91313805,174942.096103176,1.0,0.0
11485.0,1272303.12920362,264049.277826428,4.0,1502621.9085495905
11490.0,1271548.04312284,230042.568223611,3.0,713886.6909012365
11491.0,1265305.45092446,242845.44030071804,3.0,52494.06504875768
11493.0,1268885.75313613,253420.963127553,3.0,323704.86717519053
11495.0,1288602.74586031,190512.211639121,4.0,537537.6859036877
11496.0,1277195.16959263,265038.76102744,1.0,0.0
11498.0,1283873.51321547,242445.473900303,3.0,708848.8133345874
11501.0,1273425.58987677,246905.04043287,3.0,289092.1306316983
11502.0,1255519.11485043,248640.411314651,4.0,285850.11394674133
11504.0,1270208.23640148,213560.40603072903,3.0,80656.21467445906
11505.0,1254923.75318582,252560.803702667,4.0,451407.4262603741
11506.0,1278768.62738624,230100.647199661,4.0,331486.1228006319
11508.0,1277992.79954545,214122.378959298,1.0,0.0
11510.0,1263230.42487434,243379.308333263,4.0,2790134.479336062
11513.0,1284766.84608038,194214.469626918,3.0,1740719.8961001446
11514.0,1293476.54746531,188873.980661452,1.0,0.0
11515.0,1269247.24849649,283423.037590265,1.0,0.0
11516.0,1293175.89914499,185671.675378174,3.0,84777.99999999999
11519.0,1274924.12888631,257343.304315567,4.0,515085.4169269804
11520.0,1272836.04907617,231584.248929188,4.0,161377.13819641905
11521.0,1269480.58660874,270093.632840618,3.0,43469.59415604288
11522.0,1269513.83716877,270092.521288618,1.0,0.0
11523.0,1280972.2247005,221035.848406389,4.0,85797.19908650174
11524.0,1280959.16665249,220721.120022058,4.0,97625.39562802047
11526.0,1273629.64850098,266660.279493108,3.0,5736552.350742646
11527.0,1262066.00004114,239363.015849158,3.0,70568.72374524335
11528.0,1285474.69504111,252472.292406574,3.0,239466.31945193777
11535.0,1265960.55134113,198494.9882873,4.0,15601692.040135786
11536.0,1277893.82994534,232109.824609727,4.0,371043.34986716433
11537.0,1279587.97157907,225942.893083408,4.0,350971.8141782302
11538.0,1262597.73847368,252998.888503119,4.0,2119683.4289061083
11539.0,1284938.48780856,252483.138230592,3.0,192441.81081210024
11542.0,1270335.9428336,242769.23831664,4.0,271260.43549826887
11543.0,1268637.56798387,206964.690183982,3.0,64611.35801700928
11544.0,1268889.43160012,206959.609799966,4.0,47697.59183099886
11547.0,1278184.83167365,286106.35701701,3.0,254290.0
11548.0,1278321.94162579,286105.970905021,1.0,0.0
11553.0,1262881.10244197,237956.112487704,4.0,73213.28864153143
11554.0,1265858.60010903,193065.410553738,3.0,49646.14061705151
11555.0,1276115.02251953,246592.32254456,4.0,63187.88412959092
11556.0,1279422.84101892,255493.903161675,3.0,50360.94432543239
11558.0,1272246.69822757,238664.834472433,3.0,66987.05685035598
11559.0,1257426.59133239,191261.094327897,4.0,574539.0407896684
11562.0,1270776.98885006,283347.579094186,3.0,110987.78121076782
11563.0,1271118.47211441,283350.147990197,4.0,78337.49962405993
11564.0,1266489.37540567,278517.196689248,3.0,45597.4111427617
11569.0,1273775.97272512,210206.454027295,1.0,0.0
11570.0,1273898.98002125,209744.425482824,3.0,145051.8383483176
11571.0,1277885.32076134,221037.609558389,1.0,0.0
11572.0,1276250.40440767,229831.893151388,4.0,119873.11689827513
11573.0,1288840.88122055,188423.061620995,4.0,45435.87842698824
11579.0,1274857.62309423,252383.21157448,4.0,99751.82875397618
11582.0,1280398.22258791,197856.580798656,4.0,286637.4936771011
11583.0,1260652.70531969,256383.251450583,3.0,127225.20358093946
11585.0,1269426.53092867,280056.662098825,3.0,68135.80519783054
11586.0,1269777.53809704,280051.178898811,4.0,128682.38876553366
11588.0,1269100.94532834,277246.027343944,3.0,42437.83333333335
11591.0,1264836.60049197,240973.661226794,3.0,14573256.02323778
11592.0,1264410.82084355,246317.003888279,1.0,0.0
11593.0,1278348.95500182,269159.42867966,4.0,82286.52572984902
11596.0,1275714.26475911,234817.450788498,3.0,383224.9179960572
11598.0,1286457.14323412,251125.561525196,3.0,34278.381270894984
11599.0,1265047.7654202,263563.486785933,4.0,109990.91469100075
11601.0,1272354.30622767,242303.644780159,3.0,830953.754044916
11602.0,1272365.71537969,242693.377900556,4.0,392260.0878566677
11603.0,1268906.45688014,252472.022070572,3.0,2077381.5918279896
11604.0,1269094.48696034,224557.035929993,4.0,128450.91756621776
11605.0,1282013.45887756,245915.465007856,4.0,36509.294646544455
11606.0,1269359.2591206098,228504.168414026,6.0,485861.0900214927
11614.0,1275235.32408662,248797.169202805,4.0,59919.39422926385
11615.0,1278243.84498571,258901.261501163,3.0,3126489.37884023
11616.0,1256512.79363546,196944.67513372,3.0,182287.9124461024
11620.0,1278409.18552987,217017.235410273,4.0,98611.91514868342
11622.0,1275136.45554252,230807.131680384,4.0,111831.35080319578
11623.0,1264367.92490749,261599.057663918,4.0,1087741.280189418
11626.0,1270791.77688207,224850.68559429,4.0,112297.41958556834
11627.0,1278458.41349792,205575.525318548,3.0,179036.3337972439
11629.0,1272528.01752385,239071.390120849,4.0,144897.0935007774
11632.0,1274735.39634211,208117.347657159,1.0,0.0
11634.0,1280933.56537245,230464.151712045,4.0,1673620.8896135946
11635.0,1262663.17277776,256212.713402405,4.0,460675.01297542127
11637.0,1262750.94685784,264950.82157135,3.0,162781.88352647566
11638.0,1262752.91767384,265616.039108038,4.0,604787.9494070425
11639.0,1270380.93720165,246195.24395214,3.0,47267.16451651965
11640.0,1269514.04452877,226376.433179855,3.0,15061.901616572566
11642.0,1269243.68452848,172287.031844467,3.0,250423.24535606877
11643.0,1275922.45003933,252663.613878772,3.0,671574.53657823
11644.0,1270992.74366628,264085.507394463,3.0,458934.9122852319
11645.0,1277589.02610503,259583.50950186,4.0,233034.0977177706
11646.0,1265767.65604493,232474.23824209,4.0,695299.9532036367
11647.0,1280194.0812757,224529.615705967,4.0,304943.65734237
11648.0,1256502.21558744,196474.229245231,1.0,0.0
11649.0,1279689.62623519,204696.441477656,1.0,0.0
11653.0,1280127.77791564,206910.25459991404,3.0,533376.937065432
11654.0,1280121.82745163,206643.960839644,3.0,128276.17726693288
11656.0,1268841.74142408,226247.981339723,4.0,254079.877838923
11659.0,1281511.67769305,228938.11638248,4.0,229654.38480064552
11660.0,1284980.3000326,203120.845828041,3.0,79210.0579542428
11661.0,1272924.73131625,242763.789868638,4.0,263338.85389700206
11662.0,1272945.14040428,243464.22974135,3.0,71413.50320920482
11664.0,1269641.59710489,260806.194751114,4.0,2316103.0310571254
11665.0,1287212.86445089,186585.879603103,3.0,28285.30182034616
11666.0,1282652.40998222,283789.146454647,1.0,0.0
11667.0,1287996.1804837,184054.892848521,4.0,1282721.5242587249
11668.0,1268145.47115137,284718.918871596,3.0,99717.73995842632
11673.0,1270842.41822612,249535.047987565,4.0,172789.45467170168
11675.0,1272659.81125198,227978.331549495,4.0,210829.16930218312
11677.0,1273890.38226125,244511.497966424,3.0,1681562.8362005707
11678.0,1273908.20869327,244770.817326695,4.0,451550.27173161134
11680.0,1264316.20522745,244095.426605999,4.0,419440.53220744064
11683.0,1269764.20779303,276735.32065542,3.0,429672.08422517584
11686.0,1290207.06842196,171707.842403874,3.0,59432.10629621966
11688.0,1283287.14854287,205221.527046189,4.0,411268.425452545
11689.0,1278602.74124207,212294.48206143096,3.0,2615497.027018768
11690.0,1268048.42212726,232736.149474367,3.0,998300.265916442
11693.0,1264671.80849181,191101.58117573,4.0,663916.1929825984
11694.0,1282555.18412612,269696.959752217,3.0,123093.78824338272
11699.0,1274473.37848584,266634.819205076,1.0,0.0
11700.0,1274971.59007035,266619.78778106,4.0,3502370.3764268826
11702.0,1264686.66577183,248975.37752299,3.0,163560.6007615667
11703.0,1263996.04637912,281329.457492128,4.0,280945.21693638107
11704.0,1267392.1082066,233072.712098703,4.0,274638.35436457675
11706.0,1276705.21388014,249993.356468037,4.0,142741.93545998115
11715.0,1277458.10348091,227045.484700531,4.0,466687.2029859495
11716.0,1261264.32484032,253686.161719814,4.0,584029.5603176468
11717.0,1259122.11651812,259343.125821605,1.0,0.0
11720.0,1277551.478265,217850.85083513,3.0,349845.099333044
11721.0,1277375.01932082,214735.570319936,4.0,67652.16382118751
11722.0,1262252.65258533,238794.486120567,3.0,91116.81090845268
11723.0,1267672.63979088,245457.675567389,4.0,294195.60940111405
11724.0,1262373.01751345,205086.403590053,4.0,128039.26123026849
11729.0,1278570.74098603,246332.334896281,3.0,162973.97425801354
11730.0,1286287.71308994,184860.589041337,1.0,0.0
11731.0,1282220.00172578,276244.931918919,1.0,0.0
11732.0,1282011.18098956,274252.298060879,1.0,0.0
11737.0,1283089.52262266,196399.72543714903,3.0,106666.53304720044
11738.0,1283507.4037111,196393.935421154,3.0,199319.6752764092
11739.0,1279241.07692273,251268.652085349,4.0,170952.02772830197
11740.0,1279511.52421901,251263.868661344,3.0,101151.90782393212
11741.0,1276227.15250364,255977.850682169,4.0,2485857.939641032
11742.0,1276138.40991154,247362.295409337,4.0,86994.52314520763
11745.0,1278707.83065018,232982.510178611,3.0,44065.796891904654
11746.0,1280734.21138826,272234.49402681,3.0,909300.4512795592
11749.0,1284917.57280053,199680.39968051,4.0,76519.18771721168
11758.0,1276595.67967202,220347.387541682,4.0,184635.77235711156
11759.0,1273819.20914118,230092.932319656,3.0,100289.8502544073
11760.0,1265685.54206085,248518.779314533,3.0,10186.937903291822
11761.0,1279160.66533865,246517.91390447304,3.0,1302672.7599939555
11762.0,1279171.41273065,247105.469809085,4.0,1654423.2644479794
11765.0,1268907.72523214,283527.032790378,3.0,29597.290437353797
11773.0,1277101.49855253,213840.98484700904,3.0,49594.20764799297
11774.0,1281571.76159711,259848.804222122,3.0,54621.63330247213
11776.0,1262573.45936966,251644.702197731,3.0,397825.301535302
11778.0,1263630.99204274,255933.905914113,4.0,122006.89053810168
11779.0,1294368.96071422,187446.30993999503,3.0,53874.78284852429
11782.0,1271757.28549106,195616.216508359,4.0,698638.6602427029
11783.0,1263991.86365911,193113.498105794,4.0,104848.1287663132
11789.0,1267529.15678273,264167.009858549,3.0,1304646.2206871728
11790.0,1280645.12134017,219400.982612714,4.0,113701.94718150535
11791.0,1280907.78489244,219456.385044768,4.0,186693.85038823856
11792.0,1283855.85215946,257500.236795723,1.0,0.0
11793.0,1268015.36350323,244111.198254019,3.0,18200.20297548693
11796.0,1284782.9746564,259094.401853353,3.0,134038.550984457
11797.0,1280735.91910025,259166.172733426,3.0,52388.600240579945
11798.0,1263029.58378613,247659.720049649,3.0,144454.92304995414
11800.0,1271349.72824265,210629.336395726,4.0,1084150.6554551057
11803.0,1284975.4680326,244547.63934245697,3.0,216464.5196495325
11805.0,1272181.8941955,250136.522164181,3.0,8042.580367318932
11808.0,1282791.70335837,265723.645828143,3.0,102557.79621958366
11809.0,1282794.31622237,266349.82867679,3.0,56886.710349430505
11811.0,1283227.87897481,235797.622693494,3.0,131810.48148944648
11819.0,1276143.30821556,247692.729457676,4.0,164091.91378849317
11821.0,1273215.95154056,217447.512082711,3.0,42435.0
11822.0,1273382.75333273,217443.091794699,1.0,0.0
11823.0,1274255.48587762,210756.749195859,1.0,0.0
11824.0,1274421.47832578,210754.592715859,4.0,88331.83357993602
11825.0,1275711.78507911,242874.075372741,4.0,138788.79307935733
11826.0,1258270.26390925,258549.371836796,4.0,180323.07672824716
11827.0,1257713.52387668,258559.691964805,3.0,136435.88332553385
11828.0,1268544.74564777,243244.051373124,3.0,21965.998637934037
11830.0,1288793.19565251,192118.490552768,1.0,0.0
11831.0,1285119.20787275,260338.24518263305,3.0,37254.57061666868
11832.0,1276172.68543158,218134.141971409,4.0,725122.6978820956
11834.0,1283244.79564683,243533.673517421,4.0,3198140.3061107653
11835.0,1280659.10655618,218860.43086816405,3.0,1315.2471899558766
11836.0,1271877.28721918,252589.404726699,3.0,150266.30969069744
11838.0,1267167.22347036,287392.433562338,3.0,4871431.834540627
11839.0,1278290.97381775,265193.670851603,3.0,48972.25607504039
11840.0,1275579.27979897,256659.901498869,4.0,110042.19620936044
11843.0,1281765.85401331,213704.891918883,3.0,268175.90541782166
11845.0,1281946.59052549,230786.036576375,3.0,2365831.986537216
11850.0,1264767.28695591,252421.255094528,3.0,23759.48378192486
11851.0,1291807.63149559,185459.85227395603,3.0,543441.9717717771
11854.0,1264962.2363961,196099.368124843,3.0,28646.602206427822
11857.0,1270386.93387365,232056.078305662,4.0,367738.594214979
11858.0,1256496.55907543,250440.53995649505,3.0,224711.51682898492
11862.0,1275270.02648667,221764.531991124,4.0,572157.4100124557
11863.0,1266866.85694206,229029.233310565,4.0,75326.03338689699
11865.0,1273906.71160527,248487.18264249,1.0,0.0
11866.0,1256250.56649919,252550.029174656,3.0,53400.26771683474
11867.0,1271738.25169905,194996.688187718,4.0,201621.6877834029
11868.0,1281419.38783696,212207.529101342,3.0,7109.809827125038
11869.0,1264955.7741241,245775.568943724,4.0,252817.32777171352
11874.0,1273233.14245257,224517.642969951,4.0,807640.6548664737
11875.0,1266639.52177382,173287.891749486,4.0,327103.767667024
11876.0,1262391.65098548,283531.861846372,3.0,127552.0
11877.0,1262218.8311453,283535.634518385,3.0,5704252.668389569
11880.0,1274746.78309412,212990.70177415,3.0,2338905.074666188
11881.0,1270621.2539379,232407.309922025,3.0,65144.34745167793
11882.0,1270691.80299397,232393.25123401004,5.0,734792.0627788056
11883.0,1280281.2385878,247275.245745257,3.0,374497.6598035374
11884.0,1276356.31237577,268557.91085504,4.0,149273.44588617003
11885.0,1271223.87217851,224750.878682181,3.0,26962.84528971628
11886.0,1280124.51679564,222376.24040775,3.0,9372.772388580024
11887.0,1284142.14124775,235146.16566883,4.0,131400.73290620116
11888.0,1278803.14770629,231491.567649096,3.0,119282.9824678286
11889.0,1268373.4920156,281178.368851975,4.0,9960596.706325904
11890.0,1273458.00978081,239051.967208833,4.0,2196323.018807749
11893.0,1273407.89074075,208946.316809997,3.0,48863.39772365054
11895.0,1277915.71045737,219364.997396678,4.0,5982803.443977969
11897.0,1265955.40369312,256927.149307132,4.0,173532.52048605029
11900.0,1271102.7109624,195321.716412053,3.0,523766.82032733824
11902.0,1279064.88799454,278157.78241688,3.0,1084602.7691744268
11903.0,1269469.64209671,264562.885698959,3.0,3642.54017035859
11906.0,1276995.25957642,232799.744482428,4.0,990087.353280768
11908.0,1274109.02450147,249456.027123481,4.0,1400544.3540387996
11911.0,1281488.59442903,247909.981681898,4.0,560058.4612895105
11912.0,1271979.13182729,212117.835085258,4.0,330496.3193564439
11915.0,1282948.78310253,243540.076333433,3.0,79345.15163358985
11919.0,1275438.33522283,253341.425847471,3.0,186777.9722259367
11920.0,1274957.98443834,263068.815169424,3.0,62904.28071417281
11921.0,1273239.20050058,258389.368188635,1.0,0.0
11923.0,1270088.86622536,261118.162303433,1.0,0.0
11924.0,1259249.44432625,255741.182841927,4.0,156043.46229238182
11925.0,1259264.27338228,256405.6782666,4.0,101099.44624031642
11926.0,1275855.98725526,213272.99483043,3.0,278596.3770013861
11927.0,1271213.27966651,248572.108594581,4.0,62422.60422951452
11928.0,1271102.56337839,248835.565426856,3.0,36776.8020169848
11934.0,1262127.8804892,245854.396207795,4.0,195144.5706189309
11935.0,1272375.7960197,220909.834902257,4.0,78105.26055680211
11936.0,1270709.732466,194304.605627015,3.0,162327.85136485135
11939.0,1276734.55506416,255299.126329467,4.0,81302.31504451158
11941.0,1282115.43500566,195589.340924323,4.0,45758.13294310134
11942.0,1282108.94687766,195285.484540015,4.0,1014650.719763664
11944.0,1277026.53868046,220591.097685933,3.0,8032.900043602212
11945.0,1263935.40612306,170805.365858942,3.0,117649.34483288706
11950.0,1277926.83941738,277123.908815816,3.0,13274.644959479823
11952.0,1281514.89030105,191806.777912453,1.0,0.0
11953.0,1283590.77785519,244056.731181964,3.0,43339.1728587565
11954.0,1284085.82873569,244046.601581946,1.0,0.0
11956.0,1275166.14904656,208400.419593439,3.0,97297.73561803876
11959.0,1272433.16209975,280321.023827091,3.0,1023115.0317798085
11963.0,1282593.92294216,186140.041202649,1.0,0.0
11964.0,1282565.92460613,185934.00984244,3.0,118378.96933299006
11965.0,1262586.22967367,252335.394742429,4.0,1299359.910753881
11969.0,1270127.7362414,280044.80488281,3.0,186346.20362629867
11970.0,1282546.36921412,245918.671663865,4.0,86621.758479738
11974.0,1269993.86148925,214349.810575545,4.0,90548.821737542
11975.0,1270223.67140949,214345.167247534,3.0,45561.21329137365
11976.0,1282037.15730959,268377.089350864,3.0,140839.66699133223
11977.0,1282255.45081381,268369.571014851,3.0,141230.2998934738
11979.0,1263224.86391433,250332.98078838,3.0,572059.4590847093
11980.0,1280400.19602792,197936.141630724,1.0,0.0
11981.0,1266073.31518124,231833.070881441,4.0,1682294.793086248
11982.0,1263515.22353062,237049.556518778,4.0,423242.03949812776
11983.0,1256930.80886789,258984.274493247,1.0,0.0
11985.0,1282725.2894703,178873.232939214,1.0,0.0
11987.0,1284265.27852787,200886.701057747,3.0,42886.75994250392
11988.0,1284546.65459216,200882.88742575,1.0,0.0
11995.0,1273759.73259711,238611.638056383,3.0,185304.0572112859
11996.0,1273760.12498112,238650.967400417,3.0,20530.27112477314
12000.0,1258139.28675711,253061.985463172,4.0,148560.12819059944
12002.0,1282195.26066975,191953.562744603,3.0,690214.2808682154
12003.0,1281951.48492551,202560.847939461,3.0,3302356.244818265
12004.0,1281949.9009255,202298.8586272,3.0,62200.95823139283
12006.0,1271280.13355458,246704.969648674,3.0,1310833.1370766168
12007.0,1268574.1989598,243822.158125713,3.0,46021.25282091726
12017.0,1273614.41528496,237492.294183239,4.0,126585.3020756464
12018.0,1294422.92877828,183110.087983549,3.0,463912.96665912005
12020.0,1262959.77156205,189790.33675839,1.0,0.0
12021.0,1259020.23415002,192589.281913251,4.0,802352.9799859939
12023.0,1283031.69401461,268342.820422828,3.0,304771.4642726964
12028.0,1275993.0020394,232163.19753778,4.0,477263.59067919175
12029.0,1280803.32678032,207951.386376992,3.0,55372.63874124719
12030.0,1278330.18437779,222922.22191231,4.0,321689.69859465363
12032.0,1264143.15306726,268886.578823388,1.0,0.0
12035.0,1280145.41241165,180157.078764528,4.0,831824.2593404646
12036.0,1269682.07275294,284953.940375835,1.0,0.0
12037.0,1269801.92356905,284952.897111833,3.0,45648.055193250446
12049.0,1280761.03974028,260182.957118466,3.0,25952.177718581966
12050.0,1281567.77106911,260163.038526446,3.0,36445.78281376772
12051.0,1273246.92190859,203206.428996131,4.0,28442182.872665115
12052.0,1275663.66546306,252673.168310776,3.0,6186.172479630062
12054.0,1263225.40388232,243682.828397572,3.0,24441.0953726888
12055.0,1270778.86616206,247518.338097498,4.0,139612.87873352808
12058.0,1265703.80119686,249256.181427285,4.0,40810.71298349
12059.0,1283686.39839928,246646.027184606,3.0,84778.0
12061.0,1287242.23712292,202871.123267785,4.0,108500.67324131742
12062.0,1264482.04279561,196114.186300859,3.0,33151.199707991866
12064.0,1271170.43166646,228596.627934128,4.0,194909.89190770476
12065.0,1270855.40011413,228883.342878416,4.0,235981.40114373
12066.0,1273234.02597257,227544.440349042,4.0,390291.8395663768
12067.0,1287493.81632318,203616.712324545,4.0,142820.26721798276
12068.0,1268289.05911951,171326.070179477,3.0,2016214.8163351784
12069.0,1268182.24337541,171329.286435485,3.0,1937180.2839717416
12071.0,1265099.74532424,231538.747681141,4.0,4264677.135973024
12072.0,1269371.03595261,215122.431760326,3.0,184090.32111245944
12073.0,1262934.03345002,254062.616312206,3.0,8471.266830106908
12075.0,1285243.41305687,208232.311049268,4.0,102561.29571761168
12076.0,1274497.75410187,224882.842330322,3.0,20640.78667002211
12079.0,1270220.84139349,283947.139926806,1.0,0.0
12081.0,1285975.53753762,197210.895741984,3.0,158553.3770370626
12083.0,1267740.79710294,243584.363053471,3.0,73819.91899356506
12084.0,1278145.1834816,230772.57072036,3.0,34411.61574381956
12085.0,1262067.65456913,205095.043974057,4.0,145722.41834424148
12088.0,1283056.75135863,207137.094408154,3.0,37688.14773696733
12089.0,1283493.93555108,251189.41963726297,3.0,58213.612942192914
12090.0,1267620.29636683,229293.584862843,4.0,293609.8903756687
12091.0,1267628.44235083,229720.056735277,4.0,5239940.125682292
12093.0,1267737.59665495,269466.516295969,3.0,2306047.0004151245
12094.0,1268401.56939162,269452.970055968,4.0,4412731.586278939
12096.0,1266778.00439796,226933.238812417,4.0,1835183.7329063
12099.0,1272391.10475571,270021.391816542,4.0,173285.65149832368
12100.0,1260329.84080736,249598.285363629,4.0,314435.1436645412
12101.0,1259671.96419869,249612.812915653,4.0,339832.5660964886
12102.0,1260836.6596878802,242909.98609277603,6.0,4463681.488387521
12103.0,1260856.9910159,243134.516781017,4.0,14218423.585886933
12104.0,1270374.48868965,244863.841134787,4.0,157722.13626953406
12111.0,1262985.82365808,256739.239290938,3.0,29529.163271221987
12114.0,1279296.91903478,200669.782529533,1.0,0.0
12115.0,1279829.06233133,200659.363585517,4.0,134543.30974345308
12116.0,1275720.12498312,243099.681580976,4.0,71912.31926272373
12118.0,1261629.09968869,247407.806513384,4.0,296256.180933762
12121.0,1256760.50966771,250438.294516489,3.0,142150.3764593912
12122.0,1289701.55898143,187952.029428512,4.0,179056.34253779778
12126.0,1269049.56254429,255525.509433702,3.0,562116.7801063429
12128.0,1282021.04972558,223092.944024488,4.0,176015.2963213296
12129.0,1282401.11820596,223329.145304739,3.0,967558.1880953718
12130.0,1274377.16146174,179759.214764118,3.0,503146.8288854595
12132.0,1269266.91384052,187147.310899675,3.0,341738.98221875826
12133.0,1287434.45427512,176857.131945148,4.0,770956.4414174878
12135.0,1264940.88209209,263162.928513527,3.0,4159.011952923349
12136.0,1283441.79526302,236492.312870204,1.0,0.0
12138.0,1278163.02168962,249228.22443525505,3.0,52629.76305208503
12139.0,1278282.04306574,249226.034803256,1.0,0.0
12143.0,1257135.65328409,244182.37655808,3.0,112801.34252726268
12144.0,1270682.59505796,271399.447177961,3.0,94201.04954919088
12148.0,1279032.14853851,233061.715426698,3.0,113554.65768652232
12150.0,1280689.7872602,223793.671961203,3.0,147301.8962530746
12151.0,1281669.80012521,244560.899758473,4.0,582718.382641195
12156.0,1267775.74423899,278090.258256808,3.0,244184.36217329017
12157.0,1264696.18737184,283329.581462175,3.0,342531.4567406119
12158.0,1264026.44727515,283349.298582196,1.0,0.0
12163.0,1277356.32120879,222943.171352342,4.0,86512.16062638788
12164.0,1286101.50220975,197208.86393398,3.0,49775.595356680125
12165.0,1281432.55058897,212682.032781824,4.0,92716.16164875074
12167.0,1270981.78737827,262762.230849117,3.0,4917987.759884895
12168.0,1271639.88312294,262743.854913086,3.0,152459.24497825874
12169.0,1279477.05842696,230415.864735991,3.0,68715.09629447303
12170.0,1271291.72965059,254151.944248289,3.0,113787.06094410967
12171.0,1258380.05405337,251715.195189804,4.0,212200.19156343705
12174.0,1265335.01028448,244079.272813976,3.0,48980.96634420898
12176.0,1285238.33196887,247999.991665989,4.0,177076.30350796226
12180.0,1281243.65458877,282534.172565356,1.0,0.0
12181.0,1281204.89158073,282980.297365814,4.0,515151.98399366223
12183.0,1269174.00260842,246719.26750467703,3.0,217003.063203188
12185.0,1259255.78851826,200513.178497374,4.0,6948537.520899935
12186.0,1269740.43025699,258851.58841310404,3.0,1141901.0746976566
12187.0,1269746.70616101,259480.240381747,3.0,4746.413927435965
12194.0,1280147.79429966,213324.59969449,3.0,43076.48488891663
12197.0,1280678.4539482,223433.944024846,3.0,71584.95116304478
12206.0,1272375.9663237,269200.39411971,3.0,53516.56871608715
12207.0,1272676.680308,269238.011207744,3.0,8527.732372272574
12209.0,1270760.76907404,247248.483313233,4.0,445902.3027966172
12211.0,1282454.32934202,213213.092430368,3.0,261877.53883801828
12212.0,1271711.26981102,268713.417415202,4.0,114771.71216611918
12213.0,1264153.13764328,232340.952097967,4.0,3351237.5751610016
12218.0,1270775.81957006,282981.897749811,3.0,133927.66756328032
12223.0,1267348.20702255,244694.39723061,4.0,357086.75514303066
12227.0,1255749.58883467,193858.838138551,4.0,140337.57771369335
12228.0,1272582.8671239,252028.167990118,3.0,223025.6454606163
12229.0,1280707.59366024,195609.915644348,1.0,0.0
12232.0,1263188.99127428,232365.496353984,3.0,2569397.580191073
12233.0,1278494.28050596,200406.359809265,3.0,100217.2669291208
12235.0,1270284.45278555,217399.901970655,4.0,666967.2855818182
12237.0,1265439.0251326,232185.229665801,4.0,593729.5818091531
12240.0,1281122.62892465,258135.031100377,1.0,0.0
12241.0,1281593.58502114,258132.960572377,4.0,293177.8054368191
12243.0,1274875.19199026,254822.42124098504,3.0,357452.2667746286
12244.0,1280127.50201163,180156.667052522,1.0,0.0
12245.0,1281382.72326092,270393.660424933,3.0,347698.4067948775
12246.0,1277796.75928925,284575.949335456,3.0,148109.49003621453
12247.0,1264304.01297143,256969.221435174,4.0,153121.26768055875
12255.0,1276205.22309561,283153.774677992,3.0,48798.36503970426
12257.0,1295150.11597902,185180.228849664,3.0,448262.6441978408
12263.0,1272437.05214776,281987.873172805,4.0,494300.02525148325
12264.0,1272440.33758776,282615.015573442,3.0,235189.40246983804
12266.0,1275638.19435903,230853.619808435,3.0,13402.087224606688
12267.0,1279648.28773914,219105.152788401,3.0,728537.6540507108
12268.0,1261831.95920891,253011.188983127,4.0,345365.36083221406
12271.0,1264440.00548357,194444.962299153,4.0,478522.7877008029
12273.0,1264436.72823557,248979.487091005,3.0,90964.16156895131
12285.0,1265996.25694117,250627.90994069,1.0,0.0
12286.0,1266297.00471747,258240.487932488,4.0,456967.24144175526
12287.0,1279535.07961103,204006.323396951,3.0,44873.03546223337
12288.0,1262131.52944921,239722.895977512,3.0,183466.27587167968
12289.0,1261820.05405688,239728.03344953095,3.0,121681.68129494449
12290.0,1262501.32298559,258329.889660567,1.0,0.0
12291.0,1276711.90316014,222957.159192353,4.0,234466.429861934
12292.0,1285992.76716964,197929.039614722,3.0,84777.99999999997
12293.0,1265464.00407661,249266.121651292,3.0,28904.96257352894
12294.0,1264522.64509965,237699.277351454,4.0,380848.6895609308
12299.0,1267929.63070314,251222.15122129,3.0,320011.31848252274
12303.0,1282487.42086205,246259.595888212,3.0,14051.713521428472
12304.0,1282793.20467037,246359.73444831403,3.0,349973.4686764001
12309.0,1263367.42001048,283378.518358216,3.0,424501.315969062
12312.0,1280915.07782044,282990.135893822,4.0,5108702.421194865
12314.0,1264361.11261949,260938.839167237,4.0,1185560.2380515616
12315.0,1275906.77029531,218141.27643542,4.0,149778.47151047725
12316.0,1265445.5716926,232482.74384211,4.0,726648.1909134488
12319.0,1255300.52739421,194144.303738847,3.0,42320.21644351287
12323.0,1270865.37585814,286837.41564177,1.0,0.0
12328.0,1281307.78969285,192240.672376901,1.0,0.0
12332.0,1259903.27869493,199830.028608665,4.0,380402.2301309749
12333.0,1257288.40925224,250433.802420482,3.0,47069.10837849438
12334.0,1278867.47436234,222910.33941631,4.0,871353.3008760455
12338.0,1273449.1649808,238639.798120409,3.0,116096.80279669758
12339.0,1264465.72330759,231967.151329577,4.0,1271175.3572982822
12340.0,1277606.28754506,213830.391055003,4.0,65761.67544821416
12341.0,1277753.70853721,213827.151183009,1.0,0.0
12342.0,1272815.28434014,270078.184712604,3.0,203771.2185297355
12343.0,1286539.8697622,196079.365500823,3.0,89217.04298533882
12345.0,1279677.32869917,268453.046854943,4.0,54344.26932297838
12346.0,1262805.3148579,249278.8683393,3.0,29608.3459727774
12348.0,1292267.33076006,185162.161969647,4.0,1540383.66978645
12349.0,1268764.169392,275421.074958071,3.0,170041.33675750284
12353.0,1288642.66016436,188692.84779726,3.0,103699.20746396529
12354.0,1283772.04985537,246585.955440551,4.0,2118330.448278944
12357.0,1262414.0767775,233742.6881634,3.0,21154.54678719684
12360.0,1279767.68876326,218016.961043298,3.0,103189.45158666608
12361.0,1282581.59353414,234414.695012078,3.0,2496920.287981849
12362.0,1274321.97029369,221479.370518833,4.0,3693853.6674070014
12363.0,1270094.16049735,275398.119246051,3.0,94391.36621735424
12366.0,1281681.83417323,214349.600271538,3.0,56027.283530414046
12367.0,1281456.22175699,194431.992827147,4.0,330470.5193354209
12368.0,1283112.16403069,251197.003957272,4.0,68899.27134539803
12369.0,1267883.8368471,237441.997991189,3.0,66516.69132200965
12370.0,1281221.05164476,283241.121622086,1.0,0.0
12371.0,1272351.20753968,283490.966614336,1.0,0.0
12372.0,1272445.23288377,283490.73627834,3.0,132619.54219090735
12373.0,1267495.2427987,285391.092376277,3.0,301994.07907472126
12374.0,1290863.87162262,181949.282862365,3.0,143971.41061385916
12375.0,1272557.39473988,221823.982679188,4.0,17248.770522475883
12379.0,1253604.47728047,249769.92318780703,5.0,6880138.309730228
12380.0,1282351.58156592,212654.570253804,3.0,30637.1780768637
12381.0,1278634.1201221,271141.051337689,3.0,3358576.4771960364
12384.0,1281783.27526133,223260.421400666,3.0,45685.84158979558
12385.0,1273383.39704473,242664.32350052905,3.0,354799.4568756524
12386.0,1265918.27550109,188450.653109014,4.0,539968.6316017888
12390.0,1266899.78897409,287131.067930073,1.0,0.0
12391.0,1267167.09092636,287129.068890065,3.0,104885.66916516202
12396.0,1287881.59641957,181357.335597754,4.0,5798743.649873907
12398.0,1269046.49099229,267794.224070266,3.0,4788789.745760977
12399.0,1271757.36254707,202831.432067737,4.0,24218911.44446509
12400.0,1271741.19953905,202041.56288293,4.0,237690.75478020223
12404.0,1277813.80485727,227907.28054142,4.0,649416.4661304364
12407.0,1273913.08427727,230092.152799651,3.0,42366.33400270568
12408.0,1260603.86423165,261039.393407345,1.0,0.0
12412.0,1278487.49151395,205573.955462545,1.0,0.0
12413.0,1259144.57578215,195728.913788468,3.0,12083.362310023464
12414.0,1282532.7871981,245810.779503748,1.0,0.0
12415.0,1276271.58712769,257304.126907527,4.0,215467.46004122667
12416.0,1281688.08025323,251903.999285996,1.0,0.0
12421.0,1279447.56703494,260523.339326814,3.0,719630.4940098914
12422.0,1282826.91391839,227787.117725298,3.0,52034.78518138344
12423.0,1282968.15737455,227783.909085289,3.0,56493.27425176442
12424.0,1274592.06622997,211391.743692502,1.0,0.0
12426.0,1272099.59288341,218139.208851412,4.0,109820.81544053416
12428.0,1273424.56005277,250091.975028142,3.0,432572.4984029791
12432.0,1284152.85382375,252498.980662599,4.0,223471.29367958245
12433.0,1284152.17798376,253158.994807273,3.0,92019.95064387275
12434.0,1276131.67698354,216142.964497373,4.0,83003.5333802651
12438.0,1271105.93867439,222472.483351856,4.0,395465.3635766649
12439.0,1277097.88799253,216119.971089348,4.0,255693.9593679899
12443.0,1278393.00056987,233357.272930995,3.0,53824.34308321108
12444.0,1278719.2360902,233348.574114993,3.0,83170.1046244383
12447.0,1270197.56977746,264768.207107171,3.0,190908.51322274265
12448.0,1276253.27154367,236403.778662115,1.0,0.0
12449.0,1276321.93253574,236707.075622424,3.0,125602.24806153851
12450.0,1273607.15154095,260034.492862314,4.0,1751883.0546158222
12451.0,1277252.46181668,230308.362975881,1.0,0.0
12453.0,1265648.33342081,198497.296383306,4.0,15084430.186653752
12454.0,1267133.05259033,235557.634341255,4.0,1187247.86467335
12455.0,1269261.28452851,241711.012139559,4.0,42289.42935485359
12457.0,1257137.77827609,244418.897134334,3.0,42445.80829512599
12459.0,1267005.51281419,242745.350892618,3.0,626332.605823077
12460.0,1267313.12964651,242738.213164613,4.0,1317018.5072669475
12461.0,1261371.84004043,258366.247484609,4.0,1387224.3026386967
12463.0,1262118.33098519,232940.699298576,4.0,1904806.569206628
12464.0,1291731.39085552,181349.016365752,3.0,85980.67779725727
12465.0,1291714.9709515,180732.995309114,1.0,0.0
12466.0,1286332.31174599,279050.038481787,1.0,0.0
12469.0,1274572.37662995,208137.65044117,1.0,0.0
12470.0,1281056.02738859,198162.208126962,1.0,0.0
12471.0,1281054.14514859,198089.626942888,4.0,135780.8404843188
12472.0,1275119.2416545,252693.352374807,3.0,7085.093717570511
12474.0,1273063.93182839,223037.39823243,4.0,3081058.3603261565
12475.0,1273145.73381248,223399.357784808,3.0,412269.08632719074
12478.0,1294393.38260224,179367.11351572,1.0,0.0
12479.0,1294494.71309835,179252.369003594,3.0,83965.6825228411
12480.0,1283522.39942311,257510.346299738,3.0,185708.4570260848
12481.0,1275415.35032681,242570.489388436,4.0,156636.12806009324
12484.0,1272588.70571591,200328.122113183,4.0,214911.11672168004
12486.0,1274198.91410156,225762.030875221,3.0,118244.08231327498
12488.0,1263684.7740588,259468.386685744,3.0,6428097.038381512
12490.0,1286096.44147375,196846.401405618,1.0,0.0
12491.0,1258209.88739718,198447.148863256,3.0,40790.58462939791
12493.0,1265122.29348427,229308.908958852,3.0,43629.44019517358
12494.0,1265044.49674819,229359.511198908,4.0,126925.449614511
12497.0,1276747.53631218,220342.95675768,3.0,106746.28959000712
12507.0,1274860.83992624,227090.498716578,4.0,289477.74842422624
12509.0,1285720.22508936,205703.024774686,5.0,94095.05081326888
12511.0,1256578.68784352,255786.69720996905,3.0,208138.28476164225
12512.0,1266706.84279789,245739.208431676,4.0,289785.09676519746
12514.0,1260559.7855756,199147.198911965,4.0,784989.6811861588
12515.0,1283989.50150359,207259.957320273,1.0,0.0
12516.0,1263956.08388308,187126.291891664,3.0,969241.8609523994
12518.0,1261296.19421636,169109.417185217,3.0,11820.389316373285
12522.0,1269918.61393718,210550.481611654,4.0,800099.9969275306
12523.0,1270467.88779375,210541.760139644,3.0,257338.2919604074
12525.0,1261212.76458426,198464.957183272,4.0,293553.7810033698
12527.0,1276706.37464812,247925.945201918,5.0,65035.67140464296
12528.0,1276712.26015213,248359.956786364,4.0,84702.91893996325
12529.0,1253681.20054455,251332.488629401,3.0,339022.0
12530.0,1273968.56875733,248750.059378758,1.0,0.0
12534.0,1280485.427772,217131.989074379,1.0,0.0
12535.0,1277193.95506462,282379.678805202,4.0,470249.2207228029
12536.0,1271247.81336254,213539.617998704,4.0,84737.65324053707
12538.0,1273550.9469329,255123.970873296,3.0,25607.82768606783
12541.0,1269073.45195231,193760.59749844705,3.0,4485406.978274168
12542.0,1268978.88324822,193151.064313829,1.0,0.0
12543.0,1276785.90303221,229819.258335382,3.0,44557.98313742079
12546.0,1274213.23230958,227535.82159704,4.0,515046.5139456156
12550.0,1276204.93637562,255314.756857485,4.0,2609710.6587262405
12552.0,1267744.34103896,201041.329025909,1.0,0.0
12553.0,1267515.49079873,201024.251649886,3.0,232475.38897573823
12557.0,1280658.13906817,281050.127315834,3.0,1176359.464008979
12559.0,1277920.33221738,283330.187094167,3.0,382345.6504049615
12561.0,1275423.78699882,221455.258966818,4.0,2105008.193406707
12565.0,1268494.71191972,287371.305626318,3.0,8485036.034252418
12566.0,1270596.84292987,287325.023258269,3.0,8602489.387758765
12570.0,1264811.61924395,236138.253541842,4.0,199890.4370730089
12571.0,1272436.10168375,211096.727564201,3.0,194497.2822811845
12572.0,1282918.0942065,233965.784163624,4.0,22572.807122325
12573.0,1276962.47781639,231249.806624845,4.0,415306.2460110639
12574.0,1273467.81714082,239526.792745322,3.0,463926.53080596594
12575.0,1273777.81125313,239520.405289307,3.0,51871.17722925315
12578.0,1265020.74385217,242329.530860186,3.0,925.1912697360513
12579.0,1283851.00147144,252505.11915861105,3.0,57689.18972309808
12580.0,1276019.97874343,212116.165133253,3.0,560621.1001850165
12582.0,1264703.07517985,283609.852182463,3.0,258651.50118504607
12584.0,1280175.11673169,281131.972947925,3.0,959826.8072621044
12586.0,1267493.09713469,272785.76852338,3.0,49435.06538230288
12589.0,1271875.88133119,236932.874662668,4.0,104446.03627444112
12591.0,1263954.89655507,240025.98826582695,3.0,1245853.1926658007
12599.0,1273139.13278848,238646.273832411,4.0,1652446.5491242858
12601.0,1261051.6342801,192514.659065172,3.0,1909812.2307697623
12604.0,1264288.83287542,255915.348218098,3.0,126779.22144105312
12609.0,1281681.27084522,271700.33959426,3.0,737378.946082654
12610.0,1274952.42213434,181726.641902134,5.0,560853.1820698396
12611.0,1270109.79665737,282036.795988843,3.0,92986.51707899274
12613.0,1274321.08184569,207034.610632047,4.0,94395.36573922074
12615.0,1274314.03954168,206757.571527764,3.0,77743.96688677765
12616.0,1274971.76031035,206743.453447744,4.0,149699.55622300252
12617.0,1263799.84631492,231094.590752691,4.0,746577.586114823
12618.0,1265819.46270098,259170.848573431,3.0,14854.44582688843
12624.0,1283534.44467112,256133.753914326,3.0,495358.6299167634
12625.0,1283525.70483111,256411.345914602,3.0,510045.34888926806
12627.0,1271906.36421122,211481.049292594,3.0,760747.0244935718
12630.0,1268882.85816012,277251.844559953,1.0,0.0
12631.0,1281431.34354897,283794.834454656,1.0,0.0
12635.0,1274879.19915827,255350.523897529,3.0,91485.16795968282
12637.0,1287027.6889627,186891.702771425,3.0,89233.83904156483
12638.0,1268010.22276722,243919.335469812,3.0,15076.628268324905
12639.0,1257872.41725284,198206.219519004,3.0,83705.79220625244
12640.0,1257211.45795617,198252.92614305,4.0,123948.60203468573
12641.0,1280412.86559592,221972.650967345,3.0,47213.36871329021
12642.0,1280411.66450793,221955.961751327,3.0,20973.12132166211
12644.0,1257310.38915627,188396.966836959,3.0,41157.85326581987
12645.0,1269428.44593668,274081.293516695,3.0,165107.8038223856
12647.0,1286658.42886633,282812.647765636,4.0,95356.8777777778
12648.0,1276269.81682369,180411.647148788,1.0,0.0
12649.0,1276588.42866401,180411.201004788,4.0,345805.1931324644
12650.0,1269485.86283274,257500.326971725,3.0,74578.90502685109
12651.0,1282807.85292637,247570.951153561,3.0,21550.14127437477
12652.0,1269450.54334471,227338.707868844,5.0,51830.47697487736
12655.0,1274960.80267835,263313.412481681,4.0,1102070.1572557413
12658.0,1278563.52709803,200576.45529744,3.0,40307.651354613066
12659.0,1274422.83691779,211073.676044181,3.0,42728.2
12660.0,1261750.82973681,261364.816319674,3.0,138863.68837245795
12664.0,1284810.80460843,249838.881331876,3.0,1689.376233103132
12670.0,1255621.15958653,255805.236537993,4.0,1624048.1033028532
12671.0,1255624.56675455,256741.660218954,3.0,175843.53293252978
12672.0,1282052.29606161,209154.65530622,4.0,113929.04634611886
12676.0,1272048.30686736,215569.373456791,3.0,46418.416003580205
12678.0,1282995.35123058,204418.971205369,4.0,768291.8535426345
12679.0,1273817.95851718,222721.647512108,4.0,1861582.4165462917
12680.0,1255415.30467433,258474.560252726,4.0,3712820.660602591
12681.0,1287195.07974687,191796.976120442,3.0,43422.5545915727
12686.0,1274723.2201501,252388.005878493,1.0,0.0
12688.0,1273191.37150854,216214.56078544297,3.0,249669.0857049676
12689.0,1273474.31646882,216207.553297445,1.0,0.0
12691.0,1274347.23339772,194019.158650726,4.0,425673.6277445908
12695.0,1286506.15654616,279446.333266199,1.0,0.0
12699.0,1275189.28581458,217096.38254635,4.0,18151.489800188832
12702.0,1285133.83417676,257713.140859947,1.0,0.0
12705.0,1273356.0585487,250094.395956144,3.0,178973.97281856628
12706.0,1280768.81401229,260497.598910794,3.0,2946183.5117952027
12707.0,1281563.71858911,260482.11238277,4.0,2957679.653236649
12708.0,1266069.24535725,285903.454872802,1.0,0.0
12709.0,1267662.43537487,232745.999522373,3.0,16246.27550230336
12710.0,1281589.17260513,258477.545532718,4.0,357285.6521191718
12711.0,1272275.9464836,243943.083117843,4.0,121656.04730070944
12712.0,1279781.76121128,218503.758995786,1.0,0.0
12713.0,1279780.71564327,218436.276819721,4.0,652797.9916633496
12714.0,1266946.75147013,257167.68293938003,3.0,26015.755293515853
12718.0,1274158.07531752,214603.7188638,3.0,63268.00568904077
12719.0,1270260.46334553,253635.747127771,3.0,130258.48700581932
12720.0,1270681.73611397,254171.26540032,3.0,36891.16069931349
12721.0,1291291.98458306,185480.106865972,3.0,423889.7854811059
12724.0,1283064.15033464,183658.16036811503,3.0,31854.611735071005
12725.0,1276614.50770403,219685.612245008,5.0,498497.2663550499
12726.0,1280372.36633189,221058.803414404,4.0,138909.24362910975
12728.0,1286301.89152196,195968.769276708,4.0,555989.9133198907
12729.0,1280796.00198032,226980.073692471,4.0,446973.2659013501
12731.0,1270147.03838542,248390.575858399,4.0,190407.3897397282
12732.0,1273132.03403647,246120.704048067,3.0,32243.24433040246
12735.0,1255150.66973005,195115.486523837,3.0,77487.84477614757
12736.0,1253347.59459221,249476.170163512,1.0,0.0
12737.0,1263252.89597836,251632.563125715,4.0,664240.7948404743
12738.0,1278977.42719446,253923.952568054,4.0,368142.7473337794
12740.0,1286875.29721855,187454.95889999,1.0,0.0
12741.0,1281234.88396476,230480.104096055,3.0,535666.7186999908
12743.0,1273891.14507724,227538.65724504,4.0,734131.762191977
12748.0,1277661.87436111,251962.794102058,3.0,46845.31514153576
12749.0,1284422.79264003,249848.287859887,3.0,49242.89246834801
12754.0,1276406.32146382,268556.334407046,3.0,25092.80590769947
12755.0,1275779.94475918,283180.337942019,3.0,1006732.3813740212
12758.0,1256554.32669149,254401.272184551,4.0,3482384.7845747937
12759.0,1279899.6658514,215340.282064557,4.0,108600.39136520964
12762.0,1264322.99191545,258287.085884526,4.0,264479.18496692687
12763.0,1280356.97132386,270425.448456958,4.0,535377.2318566855
12764.0,1278793.62930627,168730.877856821,3.0,658713.468295035
12770.0,1280069.19570757,274393.031053022,3.0,47527.3839808326
12771.0,1283310.45689489,255120.286137283,3.0,21449.201808416507
12773.0,1275108.7288865,218171.867283449,3.0,268227.8057812533
12777.0,1274488.72389387,224419.522393852,3.0,20202.06180118058
12780.0,1279424.94994691,276116.288142785,3.0,35705.51593494687
12781.0,1282763.52595033,282083.735828891,1.0,0.0
12782.0,1283471.94348706,197242.235582024,4.0,204238.4370312669
12784.0,1261635.0196247,247691.011633679,4.0,179065.56893718947
12786.0,1270801.44881809,232286.7005779,3.0,279177.0548154398
12787.0,1279069.34956256,238211.546983972,1.0,0.0
12790.0,1261324.12260038,282228.686677039,1.0,0.0
12794.0,1285332.62412897,173905.973158121,3.0,847237.8046440701
12795.0,1285461.79545709,173902.233382121,1.0,0.0
12797.0,1278963.90393044,259210.727421477,1.0,0.0
12799.0,1282075.66610962,211215.933964327,4.0,106388.98413464418
12804.0,1261157.70596021,196484.530685246,3.0,148440.89154112493
12805.0,1260215.42800725,245363.67051129,4.0,57344.593241148286
12806.0,1260223.17731926,245629.725743562,4.0,151146.1626010551
12807.0,1265182.62212433,237687.178919435,4.0,704661.222416321
12808.0,1280458.85695598,231380.570144981,3.0,233519.0014510829
12809.0,1264814.91453995,233052.627554685,4.0,1046139.3268077822
12810.0,1284401.39961602,193692.831226379,1.0,0.0
12811.0,1273365.83570071,268872.947271362,1.0,0.0
12812.0,1272228.81438754,227570.756957069,4.0,344309.4518077969
12813.0,1282167.86834972,244317.404206231,3.0,41443.48856987997
12815.0,1277993.36127345,265503.436611921,1.0,0.0
12816.0,1277833.93900129,265869.7642923,3.0,396081.6971526565
12819.0,1274267.73547763,204866.54118982,1.0,0.0
12820.0,1280736.12313226,275700.354574367,3.0,245770.94954581268
12825.0,1273507.6294288505,224314.24866573507,4.0,86363.86704482885
12826.0,1274961.63435835,232057.005153671,3.0,128757.46408612531
12828.0,1265319.89937247,281436.416596234,3.0,44627.333333333336
12829.0,1264918.78570805,281448.385364249,1.0,0.0
12830.0,1281989.50649354,281835.24878864,1.0,0.0
12833.0,1277867.62136932,256924.634875134,3.0,711651.1303259577
12837.0,1278610.30623408,263199.107905552,3.0,95802.64914127068
12839.0,1270239.3052655,223098.986008495,3.0,81756.48334819781
12840.0,1270583.69464186,223305.234648705,4.0,298711.0223661482
12846.0,1283797.5057914,169771.329249889,3.0,237758.06471504451
12848.0,1271534.56120284,283117.709141955,1.0,0.0
12852.0,1268938.54929617,224820.363482267,4.0,132957.62019359594
12853.0,1272377.2999557,232331.617505953,4.0,487734.3485704261
12854.0,1272471.11275579,232371.118369997,3.0,326250.61294565845
12855.0,1278261.02309772,203573.61363650896,3.0,45886.554145271824
12856.0,1278843.51737031,213214.02676637503,3.0,137888.44022378794
12857.0,1259947.22967097,250401.013748452,3.0,43636.8340126074
12860.0,1268588.76427183,244095.180909991,4.0,107887.08831426516
12861.0,1278229.14783369,257389.750779614,1.0,0.0
12862.0,1269724.70884898,268762.378631249,3.0,698008.1088020495
12863.0,1273038.70942837,194655.567483366,3.0,51233.329309992536
12864.0,1254223.8149451,250443.48843649,4.0,2099160.018904496
12868.0,1286409.92019407,196062.177532807,4.0,535226.905214519
12869.0,1268697.64036793,235119.030244812,1.0,0.0
12871.0,1281356.61535689,231094.675744683,3.0,1972339.6782345525
12872.0,1282027.32729357,231081.281376675,3.0,991716.6707212328
12874.0,1269555.01464081,246211.303664163,3.0,73735.37017890571
12878.0,1267629.17662284,241765.125547618,6.0,902147.1773858306
12879.0,1265542.3179327,228492.659614027,4.0,20407183.87066365
12881.0,1273452.2489488,210065.990091145,1.0,0.0
12883.0,1285874.63027352,209079.967434138,4.0,230460.52959599072
12884.0,1273614.76402096,260696.717246994,3.0,66469.03168492591
12886.0,1268273.1733595,229703.638495266,4.0,797891.0950845832
12888.0,1279583.30489108,173766.020069987,3.0,42600.8
12889.0,1266858.10302204,171369.160995528,3.0,45325.79597070593
12891.0,1265055.33233219,210660.024651766,4.0,430484.1201181408
12893.0,1256294.73469123,255103.671353266,3.0,38604.09322161871
12894.0,1281245.23564477,252558.066550657,4.0,62238.561941429325
12895.0,1270483.39793776,197640.940478429,3.0,39767.91398039176
12896.0,1256179.18672311,189945.46731855,3.0,67660.86311436989
12898.0,1269653.4655209,199977.413184822,3.0,1980625.5139981643
12905.0,1266014.84484518,242770.570028633,4.0,208699.8291365164
12907.0,1282132.62201369,213214.67406237096,5.0,470612.0522058944
12908.0,1259937.11095096,258387.870460629,1.0,0.0
12909.0,1259947.43543097,258787.524861038,4.0,887194.0799341501
12910.0,1276371.45272779,222074.546455443,4.0,477948.9120301169
12912.0,1276216.04395963,255646.288697824,4.0,2502614.861376782
12913.0,1262882.37706597,251637.319349721,4.0,1042086.2796812624
12914.0,1272363.36331569,237763.719463512,1.0,0.0
12915.0,1272500.31973182,237760.977383509,4.0,83796.3718839899
12917.0,1278904.45196238,219407.234836712,3.0,255521.78002237112
12918.0,1261343.51005641,257694.998523921,4.0,2128930.4251187327
12919.0,1264913.33655606,246785.273584753,3.0,122363.82007300056
12924.0,1260905.66576795,235772.556453481,4.0,335772.3114243888
12925.0,1264824.01194796,236580.520742297,4.0,329155.6307678494
12926.0,1265665.12964483,260634.566462934,3.0,1344168.2314033825
12927.0,1266327.26026951,260618.58879891,4.0,1379956.5979173451
12928.0,1274901.75755829,256346.824378535,4.0,68614.4300285376
12930.0,1264485.13988362,269373.950535879,3.0,1655248.760766697
12931.0,1279021.3496905,269798.086856321,3.0,85967.49513373712
12934.0,1281781.29990132,209156.292746216,4.0,82716.16672580119
12935.0,1282817.11967839,195270.156476006,4.0,1131528.8212492303
12936.0,1271093.21265838,195011.78105174,3.0,421744.2560871805
12937.0,1273561.37074091,256051.713402241,4.0,62183.90714531838
12939.0,1285149.25606477,192651.793657318,3.0,200056.5530861556
12941.0,1281198.12812473,230035.682143599,3.0,84778.0
12944.0,1267493.5830227,276104.676942781,3.0,186964.62807096037
12946.0,1277977.62834543,225978.162651449,4.0,294098.10938738706
12948.0,1282411.47673397,227338.929948837,3.0,45688.428765273056
12953.0,1282139.81817369,243557.57367745004,3.0,357568.1445356772
12954.0,1282144.8440937,243693.723693579,1.0,0.0
12957.0,1276925.62520835,260266.772542551,3.0,48778.13748342553
12961.0,1266409.20958158,278288.463569015,3.0,95289.7967613887
12962.0,1267115.10379031,278276.529552996,3.0,149180.8188882678
12963.0,1279411.2298189,198520.560767323,3.0,161433.83727469834
12964.0,1284548.71692815,247475.758769453,3.0,2078452.819750164
12967.0,1277565.038265,285953.637848854,4.0,15095792.860517172
12969.0,1282546.88627011,224972.501274422,4.0,67493.04794946127
12970.0,1257072.65046802,194121.954042822,3.0,230342.10810474708
12971.0,1281418.56959696,243845.860525742,1.0,0.0
12977.0,1278370.60063383,215470.556368679,3.0,45732.98634471215
12978.0,1280583.2976601,210194.54529129,3.0,4909.566811854503
12980.0,1282710.64543828,224724.883994162,4.0,1235835.238005787
12985.0,1267089.13963029,237950.649895698,3.0,42390.0
12986.0,1258307.28810129,257385.206139609,3.0,66149.87407169075
12987.0,1273950.80242132,263731.556354105,1.0,0.0
12988.0,1259677.3913347,249878.807475924,4.0,937927.4342938452
12989.0,1268052.50807928,284999.111575887,1.0,0.0
12991.0,1267167.05643037,287060.066777989,3.0,81189.9381350945
12994.0,1276120.18687153,225287.052826732,3.0,374597.1054820615
12996.0,1273244.47640459,231576.19478517803,3.0,15215.764649678056
12997.0,1274855.42431024,217627.47368289495,3.0,71012.44200532934
12999.0,1266208.97994938,277271.728719965,3.0,1080044.8076014682
13000.0,1267111.6467663,277134.757199824,3.0,1102318.149245302
13005.0,1258119.3737971,243736.238381624,4.0,397305.47797602863
13008.0,1267338.66993454,244174.201710075,3.0,96566.05169074454
13010.0,1273899.16440526,226689.432924166,3.0,47979.99074706332
13012.0,1275849.77599126,212119.543053254,3.0,589195.9319041191
13015.0,1273610.95762096,260365.609982654,3.0,126588.5542459498
13016.0,1273743.7467411,260361.722814649,1.0,0.0
13017.0,1278944.24191442,263849.404482231,4.0,169900.14573839982
13018.0,1274798.55627818,247940.835249931,3.0,2374.1555192548467
13019.0,1274056.10827741,240618.62090644205,3.0,10593.244070657074
13021.0,1274837.10379821,217919.9970112,3.0,43656.5423947055
13025.0,1284756.81228837,179993.078764349,3.0,1969042.6257920184
13028.0,1266658.61194985,240940.004138768,5.0,701566.1921105518
13034.0,1282035.32793359,191953.249400601,3.0,56942.833822008666
13037.0,1282425.51481399,224088.436121508,4.0,130122.6877560978
13040.0,1274091.28210145,242422.475564286,4.0,159667.49738845066
13041.0,1282891.79007846,258435.266364679,3.0,84778.0
13042.0,1272262.50987558,243483.470509365,3.0,70375.66901318502
13043.0,1289410.62912513,187960.119924515,3.0,286855.23131161585
13046.0,1262805.39588189,244512.813614428,4.0,140304.96212880712
13047.0,1274664.90987805,222387.956567764,4.0,572198.9974954228
13049.0,1282044.0273896,248565.90161857,4.0,133794.59044262997
13050.0,1270648.95435393,264776.151683167,1.0,0.0
13051.0,1270652.56395394,265194.401475608,3.0,57026.759420900926
13056.0,1265682.25630084,237259.630951002,4.0,141174.32370192706
13057.0,1265769.90404493,237132.989094868,4.0,43947.24975310976
13058.0,1271555.45841886,247757.955697745,4.0,33159.87928796597
13059.0,1268661.98193589,261948.428352281,1.0,0.0
13060.0,1277770.72031322,221880.008791253,1.0,0.0
13061.0,1275105.2781345,236336.596006051,4.0,38768.323126067626
13066.0,1285010.58278464,187546.900596097,3.0,84777.99999999999
13068.0,1262153.14000922,256219.635322407,3.0,44589.99445529244
13069.0,1285420.07276906,187048.710323587,1.0,0.0
13070.0,1260055.28131908,204477.386117429,4.0,813861.2046639329
13071.0,1285416.73484905,191845.798200488,4.0,2064440.8850771915
13072.0,1279887.35813938,218806.748884097,3.0,5461019.043708396
13073.0,1279887.28722739,218801.094676092,1.0,0.0
13074.0,1280254.84261976,249924.707315966,3.0,40412.04570371563
13075.0,1277438.49196088,219798.566421121,4.0,63090.45151508258
13076.0,1277257.7852727,219374.955732688,3.0,107400.17671928764
13077.0,1287499.90163518,184723.44561719903,3.0,62920.7038295251
13079.0,1265869.36087704,244526.764014438,4.0,67103.7431220378
13082.0,1282682.27807824,212644.050253794,3.0,24713.94310141557
13083.0,1282436.313022,226436.386139914,3.0,119944.44398637472
13084.0,1262358.36695343,258833.602877095,4.0,990990.8350021824
13085.0,1265138.10910028,233047.753186688,3.0,390875.88257153775
13086.0,1273878.60338123,235179.201380864,4.0,1897340.7897517723
13087.0,1277116.72850455,204261.882629201,1.0,0.0
13088.0,1260905.84029596,246147.4284641,3.0,20505.18457819089
13089.0,1260281.82775131,246161.308976114,3.0,14211.8664336718
13091.0,1285303.08646493,187486.910580024,3.0,122564.9156221213
13093.0,1271087.75365038,276712.990031391,4.0,420504.48898311774
13094.0,1293164.50938499,185267.149297759,1.0,0.0
13096.0,1271080.19070637,270727.696521267,4.0,75529.01228991407
13097.0,1278476.00991394,207630.876872659,4.0,409552.9308127987
13099.0,1283525.57260711,257750.214907974,4.0,959904.8799091746
13100.0,1265221.40945236,239285.899817079,3.0,23314.88793002742
13103.0,1275484.27147888,235483.430053174,4.0,476244.37646459485
13104.0,1275698.5472551,235478.703077167,1.0,0.0
13105.0,1266949.84132615,257431.934395656,3.0,30154.33453470082
13106.0,1279632.09945112,263512.269377872,3.0,1026489.0014020008
13107.0,1284556.14342417,249844.902003884,3.0,14024.61580900742
13108.0,1283647.97759923,170996.451747149,3.0,357962.5778131771
13109.0,1272446.83461177,283794.395478651,3.0,358062.2684984628
13114.0,1275174.87839057,226163.725595638,4.0,318210.8970805732
13115.0,1271678.85515498,252620.93387872,3.0,100725.1612757852
13118.0,1270076.43480134,260134.677694425,4.0,8490470.316854227
13119.0,1272743.70936407,229563.607903123,3.0,66238.52156386476
13126.0,1286055.0764177,184061.64446452295,3.0,895713.9169424688
13128.0,1261276.35236032,254351.8369205,4.0,887306.8584996153
13129.0,1260362.7400074,258380.13855662904,3.0,867132.172676164
13130.0,1278007.16536947,223294.311768696,4.0,609079.3767265221
13132.0,1274936.42149432,260658.119550958,4.0,173829.78050446018
13133.0,1286559.75949022,191814.543352455,3.0,233816.78495724584
13134.0,1286536.0131222,190817.320567444,3.0,163893.78221005076
13136.0,1276925.32895236,181727.185198128,3.0,65535.35335720949
13138.0,1280637.84415616,277861.456208572,3.0,16038.383213718638
13140.0,1285747.45990539,243596.44369348895,3.0,58797.67303830373
13141.0,1265792.37809296,237756.678503513,1.0,0.0
13144.0,1278102.90040956,284568.48347944,3.0,84778.0
13145.0,1278251.45720971,284564.80827944,1.0,0.0
13146.0,1268603.96235183,244378.098286286,4.0,167618.6915572557
13149.0,1286032.99212968,184940.084337428,1.0,0.0
13150.0,1272359.41617969,268441.07315892,4.0,1281575.1797430357
13152.0,1271658.39953896,215076.950544283,4.0,16411167.1209848
13154.0,1276302.60677572,262971.400065333,3.0,65789.45948803078
13156.0,1272768.59448411,281979.453524783,3.0,65629.43504682428
13159.0,1270422.17726569,228406.991133928,4.0,142725.37175659623
13161.0,1273315.50578065,248769.404466778,3.0,139653.00155938824
13162.0,1278805.07845828,255238.091385409,3.0,1981943.4482330307
13164.0,1264900.37431604,239683.369513482,3.0,88820.69400580188
13165.0,1272347.61662766,268028.527366504,4.0,1758282.6634403444
13166.0,1275179.35179856,227527.31542103,4.0,156462.6997833147
13167.0,1275310.2498467,227522.062493026,4.0,182800.94239601644
13168.0,1263972.2370351,242176.864556029,4.0,6268519.371071491
13169.0,1271894.67595521,251026.571573094,3.0,151750.73813749943
13170.0,1276043.59941545,220195.738837525,3.0,139915.720509017
13171.0,1274958.59698234,264636.127043024,4.0,212973.72579612653
13172.0,1271897.18315521,199812.434176654,1.0,0.0
13173.0,1266653.96727784,229318.328862861,4.0,95167.05874593584
13174.0,1266678.69393386,229743.841823295,4.0,20832606.810281742
13176.0,1258108.78454909,243156.136493042,3.0,3838719.6458326513
13179.0,1254697.67587359,253106.292791218,3.0,77849.15390110003
13180.0,1284624.31910424,203847.914308786,3.0,116122.11022832528
13181.0,1261339.9851284,242612.513260484,3.0,1168600.6823929187
13182.0,1276988.27071242,246006.064239949,4.0,130252.7115988236
13184.0,1268775.58673601,171311.420963466,3.0,2056594.7400113032
13189.0,1263247.57316235,169267.202273369,3.0,47599.90788106125
13191.0,1274876.26053426,229657.991903216,4.0,499668.0081268016
13192.0,1274525.9101979,176467.997928753,3.0,1923076.154890564
13193.0,1284745.42451236,243772.927597672,3.0,72962.90232800152
13194.0,1273898.28050126,235990.481253698,4.0,106492.17427134264
13195.0,1260967.25162402,249052.674291074,4.0,293748.3049897248
13198.0,1260628.89335167,192030.307320684,1.0,0.0
13200.0,1263516.78129062,169428.02972953,1.0,0.0
13201.0,1282392.50271796,284277.009303138,3.0,248754.9715749628
13202.0,1256539.13974749,258451.91762869095,3.0,1177885.4738509418
13203.0,1256295.58544323,258456.825404704,3.0,1312461.1754870217
13204.0,1279856.29157935,199291.760320112,4.0,297700.52525123616
13211.0,1273614.23845297,262535.246080875,3.0,59365.56203142076
13212.0,1273964.72952533,262528.472128868,1.0,0.0
13213.0,1265279.69079643,256288.605626479,4.0,58661.94728830509
13215.0,1273557.5446929,255718.877497897,3.0,9209.968921890686
13216.0,1265454.42602861,232834.304802462,4.0,194573.2412278452
13220.0,1273856.75666121,203350.217412278,3.0,84438.73714472498
13221.0,1283330.89555092,252515.796278626,3.0,45410.54355113757
13224.0,1277958.20748141,238068.307431832,4.0,466524.68876500666
13225.0,1271409.7471227,271586.934282154,1.0,0.0
13226.0,1276896.80440833,229093.539614633,4.0,318094.2872478237
13227.0,1273046.69790839,222119.31931948703,3.0,67190.63030512155
13230.0,1265503.63460466,250941.262709007,3.0,29580.19536850339
13234.0,1275181.72152656,254013.049528152,4.0,613575.0362258658
13235.0,1258746.15894973,193904.907578602,4.0,294236.94686160167
13236.0,1284063.94623967,192675.850041345,3.0,98907.0187223848
13238.0,1265982.39114915,259569.605629846,3.0,147435.4447436642
13239.0,1275145.10021453,214580.46830377,4.0,256783.165345416
13242.0,1281521.73542106,255690.842425868,4.0,323916.9332812141
13243.0,1261786.59837686,234426.50275608903,5.0,857280.8806708371
13244.0,1258265.01290125,258287.82246053204,3.0,49167.07355931366
13245.0,1263312.97066641,279853.004754618,1.0,0.0
13246.0,1267378.13118258,245984.449071929,4.0,534366.5796350269
13247.0,1271063.21009836,215848.726545066,3.0,17707.77750102666
13248.0,1271048.45189033,215088.928528294,4.0,236141.712008221
13249.0,1255364.40713827,256746.854714945,3.0,42549.66931574367
13250.0,1260038.62288706,190712.06488733,3.0,30039.736235497672
13251.0,1262829.91453792,261148.814463466,1.0,0.0
13253.0,1270320.71384159,207796.949064821,3.0,104301.34903527936
13257.0,1275495.85803889,236845.410598576,3.0,314852.48107974057
13260.0,1272703.76254803,181755.823598161,4.0,412447.895200196
13261.0,1283141.32211073,211525.219148651,4.0,85841.57931071524
13266.0,1282989.27123056,227121.45929262004,3.0,128568.84047006424
13268.0,1255206.35235411,256468.32511466704,3.0,416136.6175843401
13269.0,1275840.02405524,204571.989957526,1.0,0.0
13270.0,1282992.99558257,232162.42556977304,3.0,250643.2961944664
13272.0,1280887.37810841,204435.421637386,3.0,189747.76312257457
13274.0,1262754.88714585,266281.176196709,4.0,438386.2573500968
13276.0,1280877.5080284,218728.466196015,3.0,17426.639077044707
13277.0,1261587.06103265,238411.39370417604,3.0,15594.65748417151
13278.0,1262418.9809695,233977.294627637,3.0,3676.853500613327
13279.0,1262127.3378972,233983.100067645,3.0,191861.75188343195
13285.0,1267309.8507985,226884.860956371,4.0,25120.196199863592
13286.0,1276773.6435762,213950.183119133,4.0,159615.127590548
13287.0,1263826.77047494,236373.041190088,3.0,15863.69816819179
13290.0,1266892.93329409,285398.60879229,1.0,0.0
13292.0,1265366.41310053,229351.305502892,4.0,111594.35387623808
13295.0,1271554.06801885,254142.369784281,3.0,26414.70867877559
13296.0,1281744.02470128,277242.531279936,1.0,0.0
13299.0,1286381.55545804,185468.370993957,3.0,121346.41866674752
13300.0,1275858.48754327,247370.332145348,4.0,96742.96692097906
13303.0,1282353.04607791,271969.894474536,3.0,523436.6547515907
13304.0,1257603.63267657,253070.199351192,4.0,200938.1553720481
13305.0,1279577.21113107,225576.983323038,4.0,385923.0372483044
13306.0,1263620.52580273,199897.780416742,3.0,2602137.829003065
13308.0,1271259.94129856,205187.397190154,4.0,132051.90557228084
13311.0,1260552.35447159,257048.031291261,3.0,67932.5935639517
13312.0,1260334.40509537,257052.471611261,3.0,47611.203055407495
13314.0,1267304.6585425,242277.749484137,4.0,1497276.270908366
13315.0,1267478.48823868,242273.668140128,3.0,8464.651503493034
13318.0,1262596.24637768,240319.73994612705,3.0,199052.74584504543
13321.0,1266828.31268601,191098.160887733,4.0,649608.8396216418
13328.0,1293186.79412101,186071.631282583,4.0,529661.329020076
13330.0,1275940.70264734,227893.78153340504,3.0,79697.8862981962
13333.0,1268397.97163162,234699.65181237497,3.0,83009.1042628419
13335.0,1284309.61107191,250512.146420568,4.0,115168.3233777892
13336.0,1284308.67475192,251173.375093251,3.0,28730.261173157465
13341.0,1278151.05349761,174158.796838388,1.0,0.0
13344.0,1274044.40587741,202704.407043606,3.0,33392.51491895405
13345.0,1282514.44307008,235297.260196984,1.0,0.0
13346.0,1268613.45713584,258845.803325102,3.0,416593.5677608243
13347.0,1281511.22297305,251227.5967253,4.0,222200.217372992
13348.0,1279754.69337125,198123.367358923,3.0,42414.0
13352.0,1266217.10135739,228314.644189835,4.0,71022.30892453316
13353.0,1266433.75934161,228552.982622087,4.0,83882.16607442578
13356.0,1268429.68452765,273201.826763809,3.0,165549.52658945706
13357.0,1269093.11230433,273189.487179786,3.0,85959.33215053487
13358.0,1272135.72171545,282613.275477439,1.0,0.0
13359.0,1264133.88305126,249664.581171706,4.0,661627.3340671494
13362.0,1276998.45804043,255079.561785251,3.0,932102.7608687222
13363.0,1292091.73133588,188980.491573557,3.0,72356.6596732561
13367.0,1276809.75237624,226551.191068038,3.0,62949.1924698333
13368.0,1284154.72198376,251176.782901242,4.0,194557.2378852253
13369.0,1279155.72210664,278534.283601269,3.0,1025459.09890257
13370.0,1265343.0712765,234356.645924032,3.0,48573.75728981872
13371.0,1265673.29137284,248023.953202024,3.0,43739.98641806184
13373.0,1260281.21392731,238335.577576101,1.0,0.0
13374.0,1260114.23037514,238338.435880095,4.0,511407.83863401366
13377.0,1280684.80108421,219065.18075636,4.0,35313.09826185881
13379.0,1279708.69215521,271105.748297662,4.0,2654574.363069081
13380.0,1271571.32817887,223533.751576945,4.0,1252073.549310541
13381.0,1271848.69605115,223696.615705103,3.0,818129.33613303
13382.0,1270511.70955379,259462.38706973204,3.0,4380705.529711593
13383.0,1294466.97793032,184839.943793327,3.0,56082.820526688985
13385.0,1262734.13520983,192469.693625137,4.0,55795.43543117784
13387.0,1268616.17854385,210016.458379105,3.0,9814751.606815351
13389.0,1268190.51140741,235665.717413366,1.0,0.0
13390.0,1277894.16428135,221548.172822908,1.0,0.0
13391.0,1278024.15020148,221546.175446913,4.0,1248714.5515040744
13392.0,1270271.92331354,223832.000281245,4.0,373621.643579667
13393.0,1273932.19550928,245772.93111971,3.0,884465.0693304933
13394.0,1277406.27845685,244680.948782593,4.0,248857.888599775
13404.0,1283021.4525426,205409.897734389,4.0,663073.4835356555
13405.0,1283855.81113546,257740.201851964,3.0,1228071.5606318836
13407.0,1263076.12599418,201784.80915467403,3.0,88309.13892948943
13408.0,1286542.0593942,175125.139687374,1.0,0.0
13409.0,1274255.56523763,211075.719372183,1.0,0.0
13410.0,1271556.53688286,213099.572302252,1.0,0.0
13413.0,1275180.25336657,216736.351761982,4.0,12644.401249723487
13415.0,1262523.19402561,201311.684802189,3.0,76769.4504580227
13416.0,1262075.46231315,233544.8164832,3.0,711.8891609592465
13419.0,1265586.41527675,195746.545660481,4.0,4027454.817021722
13420.0,1281692.66649324,212475.967245623,1.0,0.0
13421.0,1260523.92637555,260365.361278653,1.0,0.0
13427.0,1265274.90110043,190439.109751046,3.0,98145.60220411292
13428.0,1271695.904691,254137.192952275,3.0,3597.887982644096
13429.0,1259105.15754211,194547.934523255,4.0,976838.0564727976
13433.0,1265543.4671807,252681.587958783,4.0,1334094.8528869192
13434.0,1262897.024298,252330.254006431,3.0,1050540.7144945394
13435.0,1254865.40982577,249398.502323434,4.0,61656.14254317976
13437.0,1286155.6300178,206937.075783953,4.0,342454.8413468144
13438.0,1282201.13170975,198681.577471495,3.0,74069.0496060769
13439.0,1273504.46174885,231570.988129169,3.0,4880.716987395048
13443.0,1282230.15033379,196445.462525204,1.0,0.0
13445.0,1267188.17681438,237392.876391128,1.0,0.0
13447.0,1259174.75159018,251541.645365626,3.0,69434.12970725654
13450.0,1283626.73779121,203310.361860231,3.0,860.4882193630813
13452.0,1270435.07422571,282834.172949672,3.0,105686.16070967194
13453.0,1274620.61342999,190620.258295238,3.0,9313.589969357936
13454.0,1274856.26322223,190195.841526806,3.0,82745.057836987
13455.0,1254846.03612974,247814.105905801,4.0,113799.81749291335
13456.0,1254150.24848104,247822.930673808,4.0,210184.9926459456
13457.0,1283055.02892663,233081.859106719,3.0,39869.56774311044
13458.0,1272777.23947611,231691.58499330297,3.0,5091.428260651028
13459.0,1270107.11518538,228693.592286229,4.0,104701.5770002436
13460.0,1270265.39736153,228867.555870399,3.0,5742.375629495318
13461.0,1259874.24266289,198498.907583311,4.0,564417.5193255271
13463.0,1262703.14378579,205077.059782043,4.0,127247.35477867926
13467.0,1276715.53836013,248601.728306606,1.0,0.0
13473.0,1271762.54168306,210782.693707883,3.0,19755.47332232122
13474.0,1260035.08419906,203813.530820742,4.0,1497247.6634611425
13476.0,1260434.23888747,203802.40979673,4.0,234210.85918179003
13477.0,1273171.73278852,242310.812396169,1.0,0.0
13478.0,1277660.93637711,251646.026037723,1.0,0.0
13479.0,1272441.72638777,282872.164693698,3.0,159035.89995425488
13481.0,1271786.0410111,275371.006798029,1.0,0.0
13482.0,1262701.01648979,244685.3880786,4.0,87441.5026195349
13483.0,1274327.5552537,221785.000791147,4.0,1994567.7536979043
13487.0,1265617.97918078,256935.247099146,4.0,124493.57957648396
13489.0,1279204.67116269,221590.115350947,4.0,1233349.1302310054
13490.0,1270317.69745758,202237.676355138,1.0,0.0
13492.0,1284154.43225576,251406.72926949,3.0,152531.54450478638
13496.0,1281856.6307814,222118.148439497,3.0,42442.61666666667
13497.0,1281932.69919749,222116.097239494,3.0,74780.22738396598
13498.0,1278666.57810614,260211.063998505,1.0,0.0
13499.0,1277245.48248868,180243.572396606,3.0,57248.40820550959
13502.0,1286161.52371381,207364.933192387,5.0,104434.36965434218
13503.0,1270979.23685026,262431.365696773,3.0,4986992.918249217
13506.0,1270485.44811375,222787.619160175,4.0,72367.77378974958
13508.0,1255167.85245007,196058.318332806,3.0,447646.58246961486
13509.0,1270492.15544176,223093.639256492,3.0,80268.67453212567
13510.0,1268432.89380766,276090.480398759,3.0,1219564.49156705
13513.0,1294498.43226635,185865.719602376,3.0,43685.480396001054
13514.0,1285681.95936131,204622.988485575,4.0,502497.9445700553
13515.0,1263116.78769022,200409.740033269,4.0,2315881.639942713
13516.0,1262951.09111404,200414.17478527097,3.0,102610.91913853122
13521.0,1273652.375541,267593.538758054,3.0,277104.29801993456
13523.0,1274061.75890142,207040.566984057,4.0,80992.91100055639
13524.0,1255738.77712266,193077.509625748,3.0,39798.4422568221
13525.0,1255883.46813081,192929.75928960703,3.0,48615.85149146205
13526.0,1274342.20421371,207865.590600893,4.0,106218.82717453327
13531.0,1271842.86699516,218144.263635427,1.0,0.0
13532.0,1282367.11231793,169177.08105728,4.0,1139363.126943108
13533.0,1282530.7678701,168548.08694464,4.0,493343.5799336179
13536.0,1274307.01758967,206481.383431479,3.0,122271.7094517409
13537.0,1274965.01202235,206466.475975469,4.0,226176.4743010382
13538.0,1262344.24260142,261540.046271861,1.0,0.0
13540.0,1259208.03856622,198641.510655448,3.0,466894.7896246093
13541.0,1268289.85739151,258523.220924765,3.0,62525.45924617816
13544.0,1278412.96344988,238792.032680571,1.0,0.0
13545.0,1278417.01887389,238930.32708071204,3.0,42856.029904513394
13548.0,1268079.4152153,287193.338458136,3.0,184138.85773470384
13550.0,1273104.70565245,282259.738069072,1.0,0.0
13551.0,1280181.82636368,219834.134293154,5.0,227585.8054079564
13552.0,1280325.77983584,219828.575573146,3.0,80146.15495194562
13553.0,1285457.49984109,199430.364416257,4.0,67426.22685205315
13554.0,1276441.25874385,249998.777012035,4.0,101967.50744532463
13557.0,1266218.9504454,169947.273122072,1.0,0.0
13558.0,1275929.34373534,218736.040980026,1.0,0.0
13561.0,1260106.76778314,194526.534651235,4.0,644526.7239204869
13564.0,1261383.97450444,259688.381693959,4.0,656857.0859389112
13569.0,1268791.41508803,181817.433070228,3.0,5580284.305974321
13574.0,1285425.44742505,199662.438400492,4.0,96348.2263029042
13579.0,1283770.29785536,277379.734416083,1.0,0.0
13580.0,1272310.08913963,262549.121664897,3.0,1837476.8578676968
13581.0,1274069.39307743,267879.801606357,1.0,0.0
13582.0,1264224.66634735,252700.538358808,4.0,2080677.361908848
13584.0,1279658.13580315,232008.937697619,4.0,29000.890987116603
13585.0,1263874.33668299,205706.120518684,4.0,85027.72754039479
13588.0,1282589.81958215,191175.070199803,3.0,127164.0
13589.0,1282764.32710233,191169.657463804,3.0,84778.0
13590.0,1263994.03396311,243148.146029025,3.0,71024.72963324867
13592.0,1261600.16900066,254347.7821365,4.0,1059176.8836029554
13593.0,1282516.00966208,256718.887290925,1.0,0.0
13595.0,1273318.69048466,180431.69111681,4.0,365181.6104844455
13596.0,1269490.31332874,174582.108966812,1.0,0.0
13598.0,1275451.21183084,283677.928150535,3.0,201360.0240135909
13605.0,1288695.53472441,188630.371573195,3.0,48894.49762399652
13606.0,1275182.96856657,227950.398237467,4.0,158209.13230685823
13607.0,1262352.66781743,258507.818748757,4.0,5565691.263707958
13608.0,1291388.87648717,181360.78833375903,3.0,110103.6211419332
13615.0,1267328.03383853,243593.992237478,4.0,741141.9967621973
13618.0,1273207.64082055,254345.941880494,4.0,397441.5528166033
13619.0,1268617.91377585,244637.811694548,4.0,284078.8953338011
13620.0,1273526.20517288,225352.442138806,4.0,470994.9654013937
13625.0,1293853.45159368,186296.200050816,4.0,131147.23288401522
13629.0,1278067.35090552,228561.094814092,3.0,133668.98512449226
13633.0,1273894.70571725,227961.786013469,3.0,85887.53989117587
13636.0,1259147.25424615,195863.43154861,3.0,78697.77389102257
13637.0,1274375.46360575,216755.779858008,3.0,10665.237084241084
13638.0,1259182.28861418,197580.321854368,3.0,251415.87332370225
13640.0,1278982.87762646,271071.503945619,1.0,0.0
13641.0,1268555.49988778,213159.701774314,3.0,66542.11988855281
13644.0,1257719.39293268,258830.443069085,4.0,803839.3684657975
13646.0,1271115.30872241,282573.850005403,3.0,268743.5706544773
13652.0,1275096.09176648,222088.509719461,5.0,1973678.873664597
13656.0,1275376.18245476,252117.03032621703,3.0,13247.182544033063
13657.0,1284596.98092821,201534.305090412,1.0,0.0
13659.0,1273583.35627693,242795.678892672,3.0,457408.21464159817
13662.0,1265294.27972445,233126.11689876,3.0,25256.227497585693
13664.0,1284761.99833637,244552.762670472,3.0,937587.6598363124
13665.0,1261319.47466438,279872.308818638,3.0,23888.152862331404
13666.0,1261196.10154425,279987.669458747,3.0,572328.7199998236
13669.0,1282059.28454161,192961.417657629,3.0,104683.82477611557
13670.0,1272254.73790757,257422.207419649,4.0,1918502.435425385
13671.0,1273048.22648439,194965.435643688,4.0,124323.12089421514
13674.0,1265911.38935708,196403.63289316,3.0,58094.43788581372
13676.0,1276554.50520797,254637.54431279,4.0,1969222.4773706656
13677.0,1267480.86750269,243590.42730948297,3.0,256594.9482755976
13680.0,1282698.64415827,206116.964231104,1.0,0.0
13686.0,1279688.33753118,216627.466833875,4.0,88027.39874688264
13687.0,1261583.29629664,238261.348392025,3.0,15815.10878597976
13689.0,1270298.01643357,230920.089120507,4.0,340879.6025164845
13692.0,1279893.2446034,284347.049879208,3.0,952919.7017186738
13693.0,1270706.69636999,272255.231882825,1.0,0.0
13694.0,1268324.56401555,172628.546276808,4.0,4262070.688726507
13698.0,1267518.30116673,280086.44027485,3.0,83065.04341943344
13699.0,1285952.9496336,178865.330411196,1.0,0.0
13701.0,1263351.28458646,250330.707828388,3.0,62782.650926011214
13702.0,1260083.5364871,193868.314170569,4.0,369142.6596899108
13703.0,1281202.90866874,213854.615695029,3.0,419554.7980690256
13705.0,1291367.21773514,182836.655151263,3.0,87683.33110429713
13710.0,1275675.20351107,205855.030982837,3.0,24329.486620134205
13712.0,1286338.52006599,204796.438277751,3.0,31976.47234424266
13714.0,1270127.09156939,279853.409874618,1.0,0.0
13715.0,1281892.20153344,205257.394758224,1.0,0.0
13716.0,1282341.0901099,205245.891462222,3.0,49897.14764815392
13718.0,1273790.36178115,232189.67318581,4.0,177749.26112730213
13719.0,1263867.59453899,237929.418279678,3.0,78041.4434340068
13722.0,1267256.88734245,189496.261878088,1.0,0.0
13724.0,1271893.8882432,254985.489529148,1.0,0.0
13725.0,1281543.91186908,195298.71353203096,3.0,308480.8652494489
13727.0,1268163.15716739,236236.536485955,4.0,272399.717154043
13728.0,1292536.24589634,185151.638001636,3.0,15378.21514031659
13731.0,1258297.65520528,259755.425854027,3.0,61122.78780621496
13733.0,1281436.31993297,244345.541294247,1.0,0.0
13734.0,1274182.29406954,225336.064218789,4.0,1032533.1359432556
13735.0,1275792.4581672,214884.18945609,4.0,238409.60797165125
13737.0,1274263.42610162,258358.910588607,3.0,259798.43181051424
13739.0,1277296.78360873,175130.601959378,3.0,267484.6737192462
13742.0,1278497.56690596,238942.309992716,5.0,4492931.719827948
13743.0,1282984.28927857,266344.183620781,1.0,0.0
13747.0,1268382.13310361,233966.854691625,3.0,131527.74625755256
13751.0,1280988.57439652,221368.125270724,1.0,0.0
13752.0,1261280.08695233,239735.921577528,3.0,59012.31403512983
13753.0,1262090.76906517,206262.811335251,3.0,334940.7155736372
13754.0,1261907.84093697,206267.95930326,1.0,0.0
13756.0,1283509.4433911,196519.311165273,3.0,160197.61567582452
13757.0,1273209.87870856,217144.6806584,3.0,176306.4780962722
13760.0,1276965.08146439,264575.85581097,4.0,193626.62653310163
13761.0,1254928.20297784,252820.913142934,4.0,831801.3817272163
13763.0,1267991.08305521,243578.36958146104,3.0,67344.77743722445
13764.0,1278978.87276246,252227.31192632,3.0,406892.68087214895
13765.0,1289698.63802144,180468.991212845,3.0,159378.90069519225
13768.0,1279510.669563,180058.302764416,4.0,621167.0693220332
13770.0,1266068.24106924,284748.46018362,4.0,292632.62848270446
13773.0,1256842.67881979,196653.293181419,3.0,28665.04462033192
13774.0,1260222.90333526,199155.855423972,4.0,184968.44645560303
13775.0,1271293.41797058,215844.290577069,3.0,35542.05058444123
13776.0,1274937.41330232,259664.156349942,4.0,166115.5357043079
13777.0,1280307.80741982,248599.273266613,3.0,56144.89083857938
13778.0,1269725.29412898,257493.97759571704,3.0,108976.45229867456
13779.0,1265111.07076426,267536.805574,4.0,491943.4498732996
13780.0,1278858.53932233,222620.544408008,4.0,796422.4538653414
13781.0,1255937.60285087,253738.983479872,4.0,37709.04981173718
13782.0,1286954.56941062,174696.736998931,3.0,103010.17570635346
13786.0,1273573.17982893,228816.65667034703,5.0,725194.0399776115
13787.0,1273766.20466112,228815.097630352,3.0,380336.90052415896
13794.0,1254877.10531378,250079.440564126,3.0,803960.9897640418
13796.0,1270593.52664188,203226.971972153,1.0,0.0
13798.0,1280406.78885992,219076.633172378,4.0,203088.96051335536
13799.0,1279117.3478346,219399.285076708,4.0,556522.6715081298
13801.0,1255472.43286639,196702.223869473,4.0,1042793.7949823226
13804.0,1260824.61571987,196491.409981251,3.0,164120.8580052753
13805.0,1258870.88374987,198399.845119208,3.0,10194.207319008425
13806.0,1263719.68573883,250324.084788382,3.0,15318.1689288553
13809.0,1269495.90315275,204279.407813221,4.0,9391296.429222152
13810.0,1269532.36177678,204282.916677222,3.0,5510554.116151498
13811.0,1285251.54323289,185773.287346274,3.0,298626.58184124227
13813.0,1267746.24983895,193006.560313687,3.0,136152.8070862462
13814.0,1267735.78692694,192341.048824996,3.0,1186450.0412535083
13817.0,1266799.93681398,249489.330547526,4.0,97853.71008163146
13821.0,1268282.95351951,257928.794620156,3.0,138571.893347817
13824.0,1272246.08990756,224288.762521714,3.0,2051828.6686720687
13825.0,1273185.62578052,242780.265196651,3.0,446833.1097176033
13826.0,1273205.26059654,243456.922669336,3.0,171130.27706094115
13827.0,1276768.23672819,267269.543685734,3.0,2447493.9962972747
13829.0,1277696.96357715,204111.415045053,3.0,1365310.0064382134
13830.0,1277674.40095313,203622.019076556,3.0,1439930.0968269438
13831.0,1272730.48626006,182784.627311215,3.0,42687.61411367321
13832.0,1280809.43762833,245459.161455393,4.0,138510.7938905603
13834.0,1273216.72120456,221197.518038556,1.0,0.0
13838.0,1269644.0538089,189112.991989702,4.0,207440.26694838487
13841.0,1265596.84599675,196413.30150117,4.0,5706332.655132751
13842.0,1283552.39116713,255114.537785277,4.0,529683.4313990452
13844.0,1277951.1707454,238264.993384033,4.0,1149125.7285693714
13846.0,1282078.03878163,230669.48201625,3.0,3277539.8262577304
13848.0,1262544.79965763,237732.283175483,3.0,79273.6769471468
13849.0,1273832.03589319,234177.298147842,3.0,1123401.3356554385
13850.0,1279238.59365873,238037.229095787,3.0,16899021.629789263
13851.0,1264118.25252324,248985.057586998,4.0,777964.9342277878
13853.0,1276376.64600779,270555.974089086,4.0,520998.9993475869
13854.0,1275209.1391266,235486.66038918504,3.0,631993.3020206016
13855.0,1275232.53541462,236334.784998044,4.0,108926.80627728852
13856.0,1271088.26680237,274719.020237356,3.0,74501.33958390862
13860.0,1272080.81400339,222140.45346351,4.0,168289.55641500338
13861.0,1286656.11558633,192910.915833578,3.0,519818.2669910014
13863.0,1257922.07562089,255761.75141795,3.0,1462366.804740351
13864.0,1274460.85746183,237920.440615669,3.0,4387146.237639647
13865.0,1266362.64503753,246266.913072214,3.0,2475967.3322773864
13867.0,1268767.104112,180496.878636867,4.0,164359.33940460408
13872.0,1272414.96491574,272181.07911475,3.0,2224889.0394318053
13873.0,1263732.84484285,244664.60657458,4.0,62487.50341519781
13876.0,1266733.00778992,234946.031524628,1.0,0.0
13880.0,1267786.562415,275437.231758088,3.0,928711.9502899636
13881.0,1275999.92267941,243088.966060966,3.0,25314.26129726049
13882.0,1286463.14387412,195789.537980527,3.0,175083.5203359845
13883.0,1271783.83921909,247214.491889194,4.0,74410.36876132087
13885.0,1265489.48996465,250292.299060345,4.0,119242.00931762
13886.0,1279192.94578667,269795.660040319,3.0,32315.15390946424
13887.0,1282082.00364563,211547.033420667,4.0,195214.09318364636
13892.0,1284303.54873592,170067.352546185,1.0,0.0
13893.0,1284299.4864639,169758.720993876,3.0,59108.60195162357
13895.0,1273109.57573245,211409.924748525,3.0,62190.37782932309
13896.0,1276568.64427999,179752.260012105,4.0,200990.7508802757
13897.0,1272621.14629194,178799.421419129,3.0,381382.0
13898.0,1254874.52988978,249929.453043967,3.0,2783176.0915063224
13901.0,1278041.6479295,227905.935389414,4.0,197754.47423025
13903.0,1265609.59863676,256279.279866472,4.0,52566.12732473689
13910.0,1269964.46424122,240004.668713808,4.0,166570.7329555307
13911.0,1272414.43736373,271833.868874401,4.0,3067582.058559356
13912.0,1284151.50444776,253815.693943948,3.0,149620.3142525752
13915.0,1266697.73354988,193039.247225717,1.0,0.0
13916.0,1272394.93317172,227568.834013075,4.0,316663.37584797194
13918.0,1271584.07979488,244834.173870757,4.0,374248.0147206516
13920.0,1270779.82123406,190285.706166893,3.0,632576.949424559
13921.0,1267343.44030254,244434.410542339,3.0,69590.04426580152
13923.0,1262086.09648916,233912.75344356903,3.0,346646.3076878959
13925.0,1284627.45196824,196797.31750156,1.0,0.0
13927.0,1268269.26225549,187800.790516347,3.0,85451.1273678996
13929.0,1275050.77035843,215451.926160663,3.0,47562.23917880104
13931.0,1274628.363702,244077.20420597505,3.0,497004.42258858925
13932.0,1276339.76287176,244702.803054616,3.0,20584.719337433075
13937.0,1281751.5672933,191962.906872615,3.0,43244.06522106008
13941.0,1274428.40088581,236397.844262108,4.0,181606.1594259608
13942.0,1261691.39191276,258519.521788761,3.0,45281.42368147066
13946.0,1279524.24338701,216630.860817879,1.0,0.0
13947.0,1262272.05610535,193848.035002545,4.0,1073631.2603260567
13949.0,1259044.92867805,192245.508344904,3.0,718485.44046697
13951.0,1269588.97515284,247542.993201524,3.0,702147.1858484647
13955.0,1280873.47161239,218618.436883911,3.0,25012.186413557443
13957.0,1261305.14660037,278598.886161327,3.0,2281.6699706333548
13958.0,1286015.49478567,173570.067045778,3.0,512503.9440227796
13959.0,1286930.0244506,173543.338405758,4.0,271171.6908568123
13960.0,1269012.95992026,201006.964609876,1.0,0.0
13961.0,1265511.90391667,251288.717365369,3.0,23969.285161621647
13962.0,1285546.60467318,198344.859647155,3.0,90347.40074295804
13963.0,1263570.79626667,234031.838179693,4.0,268032.9204383049
13965.0,1281943.7362535,201254.242306128,4.0,171609.5639673394
13967.0,1284782.3814404,252643.03749474895,3.0,42390.0
13970.0,1280861.11078039,193980.294906676,3.0,84777.99999999999
13971.0,1280791.22866832,193677.987770364,1.0,0.0
13974.0,1281229.56050876,224407.662873834,1.0,0.0
13975.0,1271634.44747494,262553.579648897,1.0,0.0
13976.0,1281823.88146937,226037.946651503,4.0,306660.2974082644
13981.0,1282368.76358193,268365.665478855,3.0,52162.36337522154
13982.0,1268313.63748753,260570.655806869,3.0,956482.674528964
13984.0,1268245.31908746,242243.599596098,4.0,354067.93924383115
13987.0,1282821.44838239,252526.22738263,4.0,384612.3095663863
13988.0,1268545.24433577,193207.447033882,3.0,4408970.473592456
13990.0,1258706.2433017,195482.099644214,1.0,0.0
13993.0,1279336.43404283,215405.916752622,3.0,30903.96073348092
13994.0,1257750.31088471,191594.31807223,3.0,5649.927457366212
13995.0,1257764.66781273,191251.684855878,4.0,902526.5275904222
13997.0,1254926.05763383,256472.062650666,3.0,495981.7107653376
13999.0,1272772.0698761,211093.846284211,4.0,97599.68157695672
14005.0,1265990.78878115,228520.579166055,4.0,85327.77223424138
14006.0,1264719.46391585,250306.113332361,4.0,121497.4239861894
14007.0,1284351.42495996,244561.494574472,3.0,1060752.1705764872
14009.0,1260972.86807202,249318.544435352,4.0,141607.42393577233
14010.0,1276282.69535169,257635.688251868,4.0,3025204.6515414026
14011.0,1282680.86470225,223926.22191333803,3.0,1005152.8262069992
14012.0,1273334.38859668,220581.97070992,1.0,0.0
14014.0,1269278.84984052,173599.650277808,3.0,120665.97314734028
14015.0,1268622.21924785,173603.367845818,4.0,49391.33602032031
14017.0,1266337.25335751,261544.873663872,4.0,459135.4331791128
14021.0,1260274.09155931,246905.228080869,4.0,433783.8060398013
14022.0,1257879.59306085,198470.343359277,4.0,238041.5690543037
14024.0,1265747.81847692,239664.81412145504,3.0,393857.9557376842
14025.0,1270828.34014611,271396.75424996,3.0,148368.1795861522
14029.0,1268221.12913544,233966.855651632,1.0,0.0
14030.0,1274160.24261352,214712.277711913,1.0,0.0
14032.0,1262760.99997786,238205.323879972,1.0,0.0
14034.0,1273975.43557334,194633.374011353,1.0,0.0
14036.0,1287713.92909141,204082.573893026,3.0,243457.2139292818
14037.0,1287513.0285472,203900.92928484097,3.0,66279.60348424074
14044.0,1266299.60350147,277968.69940868,3.0,48474.2725921739
14048.0,1263290.02154639,171132.426211283,3.0,109331.33251518304
14049.0,1263100.9625382,171142.509859294,1.0,0.0
14051.0,1262745.92458583,246850.812528819,4.0,468259.1377638148
14053.0,1268062.47166328,175228.291751474,4.0,10229864.400616644
14055.0,1289977.38451771,190247.554678857,4.0,70918.02338459974
14056.0,1269704.54449695,267432.545285895,3.0,10093241.540552163
14058.0,1282250.55942181,277305.269648001,1.0,0.0
14060.0,1269997.37131326,223104.222872496,3.0,41676.92247779699
14061.0,1269889.86795315,226373.271131843,4.0,1142064.225803419
14062.0,1254901.0675538,251234.862133309,3.0,2532.755364014836
14065.0,1283551.15494314,269853.403976366,1.0,0.0
14067.0,1260889.28426394,245349.222383276,4.0,52410.07655513835
14068.0,1272930.27166827,203265.831428185,4.0,24700073.2036904
14071.0,1269101.56081635,277410.389840111,3.0,251284.8256818157
14076.0,1277181.28940062,237563.451815307,3.0,10089.13173471285
14077.0,1275549.23979895,220840.53352618203,3.0,217957.4923776412
14078.0,1285328.83244896,179489.100779846,3.0,2953511.8288913285
14081.0,1270016.99403328,271411.740105972,3.0,76673.82078548217
14082.0,1258415.3505654,193915.095226616,4.0,228507.81436722935
14083.0,1284142.58713575,188238.878260806,3.0,11444723.15007737
14084.0,1272655.43429199,227565.957405075,4.0,290437.9082371749
14086.0,1278913.0998984,220323.554581657,1.0,0.0
14087.0,1275113.7078945,213289.310094446,4.0,1097689.2089567462
14089.0,1290296.48135005,189871.133494467,1.0,0.0
14090.0,1255488.7546584,192857.517305523,3.0,171646.27717565448
14092.0,1267669.37860687,243586.028013483,3.0,99269.95963362497
14093.0,1269272.28024052,257506.419835731,1.0,0.0
14099.0,1272417.12702774,195600.589564338,4.0,1144379.0993662584
14100.0,1265140.82890829,269025.901383519,3.0,294757.71698459185
14101.0,1261949.79984902,283609.464726463,1.0,0.0
14102.0,1261874.24784894,283744.152150601,3.0,84778.0
14104.0,1280475.578044,217889.261523157,1.0,0.0
14108.0,1279293.06700277,180354.403180733,1.0,0.0
14109.0,1279293.06565878,180058.40868441798,3.0,507571.5484069276
14110.0,1271148.25061044,210657.111307755,3.0,838474.9741381649
14112.0,1283947.50188754,170989.705699131,3.0,113200.6031739256
14117.0,1280082.12249158,205711.880710691,3.0,84777.99999999999
14118.0,1282360.94111793,206149.098311141,3.0,403793.9839029842
14120.0,1261585.75069664,245334.216495261,4.0,619691.1541631853
14121.0,1266271.03722945,255997.169530183,3.0,95578.8521740775
14122.0,1271466.93829076,179145.456107482,3.0,156263.20789272911
14125.0,1284074.65779167,243516.691245407,3.0,1506142.1102046953
14134.0,1279361.73516285,230536.112864107,3.0,72216.75437687321
14136.0,1272297.36216362,178807.721899137,1.0,0.0
14139.0,1285527.34585716,186220.474162728,3.0,34612.35091372784
14142.0,1264403.56657153,264906.236419305,4.0,973783.7932081324
14144.0,1283164.89977475,180384.173484758,3.0,84777.99999999999
14152.0,1265998.47447717,260890.849087194,3.0,393556.8244610871
14156.0,1285871.02496152,242548.357548416,1.0,0.0
14160.0,1254864.88259377,249109.910707131,4.0,1083161.0985839693
14161.0,1268938.63755217,230539.386784121,4.0,278051.7394429175
14164.0,1273755.17483711,258485.126204729,4.0,127164.0
14165.0,1284444.67283206,251170.296309248,3.0,19960.732529384943
14166.0,1263000.5812261,257660.558971882,4.0,88569.63283493761
14167.0,1267242.98020644,266158.350660592,4.0,1732284.9287611963
14170.0,1280856.22623637,218198.338963479,3.0,4498.013444877419
14173.0,1271857.25150716,173331.076709539,4.0,207555.33698310883
14174.0,1271844.91685115,173302.329381511,1.0,0.0
14179.0,1283590.98815918,252510.47474262104,3.0,42349.81073364913
14183.0,1284392.60569601,192673.735161334,4.0,42949.10940480777
14184.0,1285921.80211356,244527.367342442,3.0,146768.3866868493
14188.0,1280658.93599617,220307.681237638,4.0,28074.109318932973
14189.0,1259758.76253478,189839.001334444,3.0,93218.02119243042
14191.0,1272902.05483623,256238.683834434,1.0,0.0
14194.0,1281910.66380545,197600.676094383,1.0,0.0
14196.0,1270520.0405618,171318.959331468,1.0,0.0
14199.0,1260277.15715931,245894.88363184,4.0,72459.9089426843
14203.0,1276293.59269571,231267.30236886404,3.0,90837.15609624478
14204.0,1267777.41380699,244914.698286831,3.0,29663.835071293932
14206.0,1272276.6591236,259412.171901688,4.0,17861268.734474536
14208.0,1274793.68952617,247693.422385678,4.0,26490.04602945356
14209.0,1275059.46360645,247708.222257704,4.0,378534.5175659328
14210.0,1271165.53009845,210744.884427845,3.0,939242.2844366052
14211.0,1267743.29022296,227361.435804859,4.0,242237.22896767137
14213.0,1272072.79403539,227574.944605082,4.0,378081.7757722118
14214.0,1265042.88254018,263171.659777537,3.0,18608.14747600146
14217.0,1270837.96382612,249343.863667369,3.0,54445.58303957648
14218.0,1268266.59070349,188460.982773021,4.0,1225807.1809619763
14222.0,1277380.75583282,259590.056701869,1.0,0.0
14224.0,1285938.16428958,185534.593266025,1.0,0.0
14226.0,1273067.12504441,195585.101052329,4.0,624765.8352099719
14227.0,1264684.84817182,282801.590997636,4.0,8549000.804883745
14231.0,1273345.2219407,231574.150177181,3.0,24988.3604490202
14232.0,1262088.88292116,233122.686114758,4.0,513021.6791975448
14233.0,1270564.23832184,227762.233885273,4.0,321528.60994779505
14237.0,1285382.42092901,259076.109629333,4.0,256510.96607554925
14239.0,1272343.78757167,180446.414828822,3.0,548682.169199809
14240.0,1273618.75909297,235184.212516874,4.0,1675450.720095497
14245.0,1270144.42155342,270066.787720591,3.0,149288.61237771105
14246.0,1279509.12530699,198129.208830923,1.0,0.0
14250.0,1266520.9366857,278607.249041334,3.0,63774.30916821053
14251.0,1277107.78232855,175794.14756006,4.0,1012799.673300653
14253.0,1281678.94182122,172900.6707571,3.0,154294.3802028492
14257.0,1262729.77271383,246107.215280056,4.0,637749.9095080603
14258.0,1275210.18539859,244733.13630265,4.0,232364.7039292986
14259.0,1268883.17278412,242798.558508664,4.0,325417.9428123051
14260.0,1277986.74085744,269171.393863678,4.0,172160.34252939507
14261.0,1265634.00375679,243239.746285126,1.0,0.0
14262.0,1265823.34622099,243234.945389122,3.0,84778.0
14263.0,1289184.70010091,190496.82776711896,3.0,37566.16466052882
14264.0,1267531.56228673,229296.014302835,3.0,207833.5024020973
14265.0,1273230.13195658,221503.144726858,1.0,0.0
14268.0,1276936.31615236,230391.565919966,3.0,288113.69135155977
14273.0,1284310.22655992,249850.919411898,3.0,49534.76523759458
14274.0,1267162.66014236,284338.341207206,3.0,75292.16430357557
14276.0,1274148.77381352,287202.670170143,3.0,12823881.803598829
14277.0,1281183.23410872,278124.222096846,3.0,218928.07007167625
14278.0,1281193.99263673,279637.247954398,4.0,937608.9589317698
14280.0,1273961.63902932,286210.159001127,3.0,121538.33173283108
14284.0,1257517.06589249,249128.049139157,4.0,702414.4677773049
14288.0,1263774.04945089,230097.552415669,3.0,19078.62765278234
14289.0,1270632.3933939,257469.921851695,4.0,611784.0863443933
14290.0,1283656.96147124,198249.988159046,1.0,0.0
14292.0,1269508.43659276,259485.80166176,3.0,77055.08750026536
14294.0,1263147.23114625,264397.55430679,1.0,0.0
14308.0,1272194.85969952,187062.384499595,4.0,1969131.0823718936
14312.0,1265290.89847644,171353.226019502,4.0,1196020.9028016927
14313.0,1284954.83091258,173916.90915814,3.0,1118638.3505667252
14319.0,1274388.56696576,244756.881646678,3.0,272336.6269900871
14320.0,1275443.15864684,212141.169037282,1.0,0.0
14323.0,1261721.51389679,191819.02066446803,3.0,210095.2676838528
14328.0,1270052.34564932,202414.883331314,1.0,0.0
14329.0,1276785.34200822,219769.747925088,3.0,160456.63707338157
14330.0,1276794.50015222,219752.608213067,1.0,0.0
14331.0,1275510.57554291,287160.330970094,4.0,12403724.491937056
14335.0,1269976.26212923,202607.716931507,3.0,5012291.411755909
14336.0,1270475.28964975,202357.04454726,6.0,27151825.671140928
14337.0,1280312.86777182,219542.17979686,3.0,1457.684067742293
14342.0,1264344.53489147,282395.763413221,1.0,0.0
14343.0,1271395.11851469,271382.46784994,3.0,339638.2928990922
14345.0,1283199.91775878,278782.163345516,3.0,148994.48159431943
14347.0,1280492.17055601,208713.848137766,3.0,107027.03630236966
14348.0,1280556.81836407,208711.444553763,3.0,118672.78044640509
14351.0,1266938.99492612,172006.586212173,3.0,27940.84726920504
14352.0,1279177.72665066,225217.05724266203,3.0,50602.59470036267
14355.0,1273769.73029312,229241.186334789,3.0,1275266.0577526116
14358.0,1273776.91038913,284553.759127423,4.0,2895867.529766311
14363.0,1281315.61510085,226959.964828447,4.0,33753.45060882371
14367.0,1290534.12947829,181389.83422178,3.0,322620.790586604
14369.0,1261591.30973665,245600.136879534,4.0,408567.5286497056
14373.0,1270932.80875422,257461.955643684,3.0,391416.2541049476
14380.0,1272775.75749211,247721.526321709,4.0,33281.877111089365
14384.0,1265559.05444472,189941.496246547,1.0,0.0
14386.0,1282067.65036562,223252.87810465705,3.0,84072.92906202863
14388.0,1261561.66775262,279744.117138505,3.0,22686.90407040985
14389.0,1264778.33450791,281905.097748712,1.0,0.0
14390.0,1281502.56620504,255163.330361336,4.0,315020.2165973752
14393.0,1269111.80030435,280061.540754825,4.0,63225.64714933433
14396.0,1270426.5528817,181787.6955982,3.0,7988699.665875363
14400.0,1264953.34007609,278744.458385482,1.0,0.0
14401.0,1282766.12563033,274276.398412898,3.0,185832.5461514788
14404.0,1271308.6042746,216604.328721851,4.0,91861.26714298256
14406.0,1287147.84985882,204045.304964989,1.0,0.0
14407.0,1275540.21163894,284873.866071761,1.0,0.0
14409.0,1280627.33561215,205959.757190943,3.0,458052.052143494
14410.0,1277113.83020055,202810.753923714,3.0,2839334.6335610338
14411.0,1253321.94998418,249889.476083934,1.0,0.0
14412.0,1290219.99200597,190453.13957506404,3.0,365702.85960470414
14413.0,1264164.95876329,242344.629292205,4.0,11825.409034089624
14424.0,1261362.83876042,188398.024564967,1.0,0.0
14425.0,1271123.35301042,284497.252311364,3.0,6723.23970891271
14426.0,1279918.59167542,218817.596948117,1.0,0.0
14427.0,1263811.36042693,260955.658303261,1.0,0.0
14428.0,1269760.78584102,246207.240304157,3.0,124591.58516920645
14434.0,1266258.18590143,186460.787634984,3.0,232346.97854504295
14439.0,1292336.10586414,180717.616045102,1.0,0.0
14440.0,1292329.75975212,180337.800556704,3.0,44761.11091617712
14445.0,1282912.09843048,284077.935574934,1.0,0.0
14449.0,1267536.04523075,236169.32701388,3.0,45977.88020239561
14450.0,1279044.13081053,214101.85735929,3.0,135961.5667816326
14453.0,1276627.37381604,181722.94475013,4.0,438945.0371827504
14456.0,1278060.16101752,280651.860435426,1.0,0.0
14457.0,1278283.84063375,280923.736147702,3.0,159314.66941203328
14458.0,1271327.84145862,178659.407210991,1.0,0.0
14461.0,1269536.2360808,224107.373081535,3.0,53474.81363379185
14463.0,1278915.07493839,200253.039553106,4.0,239433.3274443537
14468.0,1280411.19436392,286047.482520953,3.0,42854.833333333336
14481.0,1255619.48509054,190699.38840732,3.0,78870.08566643747
14482.0,1271360.05989066,186618.778483137,3.0,6678445.04889555
14483.0,1271336.72069064,185772.287026271,4.0,3098149.6455162195
14484.0,1263892.47773901,238996.007720768,3.0,599990.9820682027
14485.0,1278744.76594622,213216.016910374,3.0,140494.64772387352
14486.0,1278731.1852102,212833.437965989,3.0,84778.0
14487.0,1271091.61617838,194956.161723673,3.0,337144.4085568666
14492.0,1276269.70002368,285786.721880689,1.0,0.0
14493.0,1276458.21439187,285779.933784679,3.0,2189247.037891072
14496.0,1279786.85177128,178679.974763006,1.0,0.0
14499.0,1278887.61177036,233344.083938986,1.0,0.0
14505.0,1278469.35109794,235834.602277532,3.0,13938.448340307748
14507.0,1269043.76632029,228790.847326323,4.0,243269.38684400896
14510.0,1280809.19090833,203945.390788883,3.0,96901.9617051094
14511.0,1280803.16831632,203737.581508666,1.0,0.0
14513.0,1268309.03479953,260174.39871846105,3.0,1449839.300969201
14514.0,1267117.40759832,279075.866193816,3.0,950641.3926032546
14515.0,1264300.21111542,256705.257082909,3.0,74279.62867110198
14516.0,1282819.00025439,248551.343602553,4.0,635935.8345035857
14522.0,1281853.95295741,181641.583662048,3.0,83232.31687415995
14524.0,1270707.16452999,245127.804143056,3.0,13564.56170241233
14525.0,1270909.93445019,229632.31478318604,3.0,225564.76982718008
14527.0,1283480.60716707,170094.428962216,1.0,0.0
14528.0,1282441.897982,278490.203985214,3.0,849017.9413742882
14529.0,1278266.44504973,287075.341658011,3.0,4207450.128277268
14530.0,1272378.8399877,269356.232711866,3.0,129225.38774531608
14534.0,1269287.88952054,173927.642726138,4.0,849960.1826467235
14535.0,1272921.38616425,219785.24002111,4.0,139032.53402128775
14536.0,1264791.66813993,243134.857005015,3.0,42748.28099520077
14539.0,1272509.74917184,232387.387682006,3.0,286181.3351379067
14544.0,1262955.97725806,280012.570322782,1.0,0.0
14545.0,1257799.87536477,195254.31103599104,3.0,2488754.8779365118
14549.0,1278601.58905007,259553.507901832,1.0,0.0
14550.0,1279793.59487529,203323.965508252,4.0,50422.93494823716
14551.0,1280053.16063556,203308.940292224,4.0,112012.54634201076
14552.0,1271758.55813107,222147.500055522,4.0,153572.50741677466
14554.0,1271121.97803441,284178.611543044,3.0,26472.96412829046
14555.0,1279824.32837932,180058.150508419,4.0,740381.2857891873
14564.0,1287480.90464316,191790.157560438,3.0,20885.861597952306
14565.0,1256885.57539584,249019.154995039,3.0,5051.244138731122
14568.0,1266211.16074939,188692.85566926,1.0,0.0
14570.0,1281477.00159702,280222.544658989,3.0,1289712.4648930463
14571.0,1269110.90168035,279729.298962489,1.0,0.0
14572.0,1271130.65809841,285633.830744535,3.0,283046.3003826006
14573.0,1271415.52529871,223796.863897204,4.0,2227338.587614585
14574.0,1257428.6585964,257387.208763614,1.0,0.0
14575.0,1279847.88972335,261416.222719729,1.0,0.0
14579.0,1263475.18231457,268697.164487183,1.0,0.0
14580.0,1282684.60025425,181905.539886311,4.0,817925.1148098247
14581.0,1280775.97279629,232686.806434318,1.0,0.0
14583.0,1263687.9141548,281833.172052637,1.0,0.0
14584.0,1268272.5608155,175906.521320164,3.0,238833.2203653629
14585.0,1268259.28657548,175356.631719604,1.0,0.0
14586.0,1290897.84000666,180423.488684803,3.0,679194.7842865783
14587.0,1275818.13298322,202883.63667579004,3.0,211918.0
14588.0,1275772.19967118,202664.387459576,1.0,0.0
14589.0,1271088.95640238,274884.061581522,3.0,52110.199982652535
14591.0,1272007.68293132,282374.992789194,1.0,0.0
14592.0,1265927.4372291,186460.052082986,4.0,66823.83883032436
14593.0,1271002.48875429,265186.830659598,4.0,136038.55134356496
14594.0,1271005.66494629,265635.31859605,1.0,0.0
14595.0,1284622.40147224,191880.31256853,4.0,731006.614176417
14597.0,1254862.65584177,248786.835570797,3.0,253310.7513639535
14599.0,1287814.45677151,175213.75863146796,3.0,210168.40005020815
14603.0,1278980.86713046,253260.853495389,3.0,332251.85173555894
14606.0,1278441.10476191,277103.602767795,4.0,108658.23667959902
14609.0,1265018.36490816,282983.16117382,3.0,266307.58284674486
14610.0,1272934.66040426,205580.50599056497,3.0,192655.7658494335
14611.0,1272951.60261229,205400.106374368,4.0,408332.741228618
14613.0,1257849.43370081,258253.533820495,1.0,0.0
14614.0,1254894.7680338,250866.654900923,3.0,82035.1832250858
14615.0,1275950.51723936,255653.542969838,1.0,0.0
14616.0,1260417.90557545,200481.594881341,3.0,77654.24000219093
14617.0,1270574.21432185,287210.051674142,3.0,124690.4564537228
14619.0,1270708.73080198,275762.049294427,1.0,0.0
14621.0,1267835.59614305,273225.784395829,3.0,36492.68036228618
14623.0,1277986.01183344,281164.515219957,3.0,72846.0973765687
14627.0,1282136.35359769,212660.568589807,4.0,105851.89523658268
14628.0,1284025.22252762,256151.127610341,1.0,0.0
14631.0,1270477.82673775,175888.85732016,3.0,491455.08991816535
14632.0,1270444.32875372,175248.438311502,1.0,0.0
14633.0,1265812.87050897,279891.08533065,1.0,0.0
14634.0,1263027.30852212,194469.29919518495,3.0,92285.39537764627
14636.0,1284572.56364818,277558.926608264,3.0,378733.123120746
14637.0,1285243.74534488,277636.190608338,3.0,211870.0
14639.0,1281735.54406127,279006.622865751,3.0,400792.0348776142
14641.0,1262004.26263307,283837.004310697,4.0,5496129.328995907
14644.0,1262479.29418556,232726.54288235295,3.0,2069120.2639690295
14645.0,1274832.09823021,208408.967497453,3.0,127337.17514998256
14646.0,1274995.06245437,208405.809673443,4.0,1170572.2409441927
14647.0,1268947.84913619,188463.625525028,3.0,56313.023025155
14648.0,1293662.8443615,180618.295725003,3.0,251509.36209014736
14655.0,1279210.16620269,206695.876423702,1.0,0.0
14657.0,1285436.36934507,178679.658155009,4.0,422840.9433709047
14659.0,1287296.70585898,183767.117808223,1.0,0.0
14660.0,1287829.34816352,183765.197552219,3.0,45195.801363966144
14668.0,1275113.2295585,223656.813337073,4.0,1214150.97287613
14669.0,1270921.02469021,280438.110867217,1.0,0.0
14670.0,1271399.29374669,181590.708781987,1.0,0.0
14672.0,1267691.66500691,232105.636641726,4.0,777100.81194337
14674.0,1286570.59705824,180008.072492376,3.0,169542.0
14675.0,1283612.73126321,237069.98429480204,3.0,115423.26433560815
14677.0,1254141.15958503,247509.32139349,3.0,243961.1246685982
14681.0,1268417.74129565,171556.573027715,1.0,0.0
14686.0,1262577.83204167,200424.102529272,3.0,64077.11114799351
14687.0,1262559.33437765,199761.454912603,3.0,1870427.8164664144
14689.0,1283213.52204679,233077.458210722,1.0,0.0
14692.0,1268079.19703929,287377.918810323,3.0,5135883.848906097
14693.0,1273229.24248457,218116.744339392,3.0,74684.27274822879
14695.0,1275226.91339861,285018.443223909,1.0,0.0
14699.0,1258125.92426111,257352.106811568,1.0,0.0
14700.0,1281276.99442881,221023.25295037,4.0,3609300.903876476
14701.0,1260481.39690351,237505.397799253,4.0,2266.003567094149
14709.0,1257038.33821198,257775.933692008,1.0,0.0
14710.0,1265229.69092438,239674.786857471,3.0,109592.70768555716
14711.0,1276068.59807147,222971.125080362,4.0,883255.9453636216
14712.0,1271936.81822725,279337.482770085,3.0,26928936.036800243
14713.0,1271937.59217925,279531.40987429,1.0,0.0
14715.0,1272088.37931541,183104.73854354,4.0,135241.4790208282
14716.0,1272052.40395537,181764.940078169,4.0,729195.0556704062
14717.0,1269428.12216067,280388.295635164,1.0,0.0
14718.0,1282811.33651038,247884.00536187,4.0,731010.311439061
14720.0,1278397.89260186,238418.091560185,4.0,13296968.957989989
14723.0,1274909.19256629,256678.918202877,4.0,68923.44121343186
14727.0,1271967.55832328,278492.463505223,1.0,0.0
14728.0,1268481.98065571,285703.74664861,4.0,1124474.3951503297
14729.0,1268908.49553615,285696.9156086,1.0,0.0
14730.0,1268229.77451146,253968.274040103,3.0,73234.40349249622
14731.0,1281558.3633251,256744.78386695695,3.0,76281.55835624033
14734.0,1279666.10623516,264476.418370873,1.0,0.0
14735.0,1261054.3508241,259696.260285974,4.0,815121.7983310403
14743.0,1271680.52446699,179825.61815618,1.0,0.0
14748.0,1269462.09553671,248096.280498087,4.0,43899.71810396311
14750.0,1279960.99839546,231115.251488701,3.0,3425726.226915916
14751.0,1272530.49387586,232086.458209693,3.0,41930.42888779019
14753.0,1278963.29273044,201712.331586599,4.0,93472.14872701422
14754.0,1279103.81996259,201703.229890585,1.0,0.0
14756.0,1296262.15246016,184841.12094532,4.0,467697.5617832734
14761.0,1281576.08146912,221013.80155836,5.0,337977.345506902
14762.0,1282465.10854203,186210.480050728,1.0,0.0
14767.0,1291485.12787926,181357.52292574904,3.0,27321.27680265783
14769.0,1262973.22167407,255952.461626142,3.0,40177.29693194448
14770.0,1285065.39334469,279492.521874249,3.0,925166.5451317374
14771.0,1265359.86122851,229093.298142642,3.0,30718.14271941688
14772.0,1274817.41650219,248919.059698939,3.0,30617.72319648488
14773.0,1258441.30550943,243731.84926162695,3.0,328573.78928640246
14775.0,1269791.95377705,228980.193054512,4.0,106733.93680595906
14778.0,1274641.85547802,284244.308247104,1.0,0.0
14780.0,1277463.4571449,247142.16164912295,3.0,18188.1596693334
14781.0,1282199.44665375,272754.001227349,3.0,130085.52532601936
14782.0,1286244.93363389,199643.058176473,3.0,159321.7188309827
14783.0,1286692.61024235,199635.54508847,1.0,0.0
14786.0,1265887.02788505,191096.80229573,4.0,223367.74002339164
14790.0,1272083.7851394,271361.179209918,4.0,672548.226486361
14792.0,1278280.35346574,225236.550618678,3.0,120945.49425919614
14793.0,1291580.77171937,189128.577909708,3.0,159375.7255956053
14795.0,1270438.33438571,191288.50962393,3.0,3129742.15197338
14796.0,1280542.49036406,208205.915721253,3.0,125255.13621281755
14797.0,1282142.70662169,197030.995197803,3.0,222608.27049593368
14799.0,1253777.34147266,251550.544565633,1.0,0.0
14801.0,1280534.41650805,207958.39981699,3.0,89773.41751011458
14805.0,1263041.44170614,199084.913983911,3.0,1567998.265679665
14806.0,1257610.46301258,253722.200055853,4.0,337810.11418253754
14809.0,1273633.19838898,248762.446194783,1.0,0.0
14810.0,1261457.05968851,234432.967588097,4.0,192587.02389059175
14811.0,1260978.48324002,249584.353331611,4.0,216810.7395657346
14812.0,1287024.10694669,172674.576356858,5.0,2544471.703351492
14814.0,1264962.8328761,279470.184274226,3.0,34898.86406024477
14815.0,1264910.45694005,211020.621708125,3.0,185827.00725187472
14817.0,1275055.03250244,211065.95066817096,3.0,46931.10099833448
14818.0,1281297.89004484,226500.226907983,4.0,269020.8452186046
14820.0,1284873.47545649,179881.143660247,3.0,3256466.0784255806
14826.0,1280217.34828372,217276.342802539,3.0,282035.7017864287
14828.0,1280197.68133971,220254.06421358895,3.0,109119.33661038174
14831.0,1276676.89311209,282601.525141433,4.0,832994.0981663223
14832.0,1284739.68569636,243502.909421384,4.0,1355317.6761594582
14833.0,1264836.36887598,237022.921446756,4.0,701876.72771452
14834.0,1282472.65612604,233538.696739182,3.0,905277.3953416396
14835.0,1275956.78955936,283162.711382002,1.0,0.0
14838.0,1268468.3248477,283719.692886576,4.0,997737.745925097
14840.0,1282756.21721433,190867.25227949,1.0,0.0
14841.0,1281931.57682948,199948.241280794,3.0,259205.6050770436
14842.0,1272262.69585958,258087.20146831905,3.0,6170899.826529052
14845.0,1278094.46111356,216030.625489265,3.0,37701.31280101508
14847.0,1271771.97637108,199539.539712369,1.0,0.0
14848.0,1276959.72191238,231547.10889715,4.0,539195.0849552017
14852.0,1275489.31903088,203784.069892719,1.0,0.0
14853.0,1280043.49791555,202641.263171554,4.0,474995.05975922366
14857.0,1263590.2985387,266526.968068972,1.0,0.0
14863.0,1272792.12491612,248265.011826262,4.0,108818.60828186107
14865.0,1259620.91011864,192567.177977234,3.0,1186059.5701253922
14866.0,1268337.58199956,225949.277915418,3.0,12294.752404178194
14867.0,1280001.02092351,247281.128241256,3.0,361993.1865982449
14868.0,1264377.48561151,240983.624426812,3.0,1340920.1731764723
14871.0,1281086.51481262,217561.986898825,3.0,980029.1892521464
14873.0,1269997.24472126,257486.76601171505,3.0,59089.47251671724
14875.0,1274945.93458232,261654.18809597203,3.0,217641.5570126738
14876.0,1278294.19071376,265854.771588281,3.0,294653.80320359266
14877.0,1258713.95594171,246057.55755201,1.0,0.0
14878.0,1272759.40190808,200325.392129183,4.0,1835034.048438904
14881.0,1265909.12260507,275716.341070384,3.0,106306.75353542874
14889.0,1285406.85856104,191405.91423204503,3.0,2162328.865132543
14890.0,1260228.62384726,245895.70155184,4.0,53504.28563014553
14892.0,1280332.87365985,204383.370565325,4.0,685138.3645239866
14893.0,1268895.00510412,187144.70296368,3.0,203339.05724973712
14894.0,1268270.94667149,187142.190771684,3.0,96447.16258037784
14895.0,1281845.4798694,196446.562941208,1.0,0.0
14896.0,1287653.10048334,202636.621123537,4.0,357540.1565236622
14897.0,1268784.30718403,255533.70559370503,3.0,100039.40266536456
14898.0,1271138.34149043,223632.656857044,4.0,266020.5916450204
14899.0,1271849.26885116,229187.696926728,4.0,5126833.249848221
14900.0,1282610.53407818,197921.834238708,3.0,32753.546782855632
14901.0,1273106.32606845,250103.346036151,4.0,160726.7305621049
14906.0,1262722.99152981,250340.61035639,3.0,12764.941353893228
14908.0,1272246.78315556,256757.209082961,3.0,228937.64880913103
14911.0,1267368.84375857,250005.22027604296,3.0,124298.83380282484
14913.0,1269310.95115256,212047.800781175,4.0,2813230.5006249733
14917.0,1278081.54975353,218180.984339461,1.0,0.0
14918.0,1272048.08773136,220659.090966001,3.0,114729.544035612
14921.0,1273781.67640513,217188.943058446,3.0,8218733.494232581
14922.0,1273896.87307726,216957.778450206,4.0,1231517.633586885
14923.0,1269351.1026406,253409.968375534,4.0,3597764.859851093
14927.0,1269832.1761131,223107.066712499,3.0,35196.49113710557
14929.0,1261505.61533657,199788.082176626,3.0,100196.7608319932
14930.0,1269005.6616802495,200536.450753391,5.0,11855233.47568159
14931.0,1269283.17688052,231447.012961045,4.0,4900753.708174765
14932.0,1269284.46104053,231499.31305709505,4.0,9466234.036283275
14933.0,1275144.39154252,215295.541008502,4.0,110975.56748516974
14934.0,1254839.03977774,247418.678833395,4.0,4056500.5468653934
14935.0,1254509.72380941,247394.87768137496,3.0,4088767.252771352
14936.0,1269314.39928056,212173.396301314,4.0,218271.11718333565
14938.0,1269605.86193687,231489.14409709,4.0,15040244.725472378
14939.0,1269927.45284919,231481.68969708696,3.0,15058771.36271838
14940.0,1268792.00561602,236389.4909181,4.0,7218701.643397769
14941.0,1272456.76734778,216581.628625825,1.0,0.0
14942.0,1286418.39033808,196555.845885321,3.0,258491.05820721545
14943.0,1286416.98579407,196456.353277221,3.0,276161.46648598823
14945.0,1268420.80529565,279408.137810156,4.0,1618889.489053163
14946.0,1268637.89047986,279404.62241815,3.0,1875698.6911199293
14947.0,1268895.82532813,229261.119006813,4.0,68974.69253421212
14949.0,1289211.10323693,191151.363575786,3.0,45103.61756035527
14950.0,1286903.27846657,196544.969917312,1.0,0.0
14951.0,1268447.58801568,233348.198434994,1.0,0.0
14952.0,1268685.90155192,233340.999330983,4.0,6039356.848893894
14953.0,1268849.60657609,236401.45648612097,3.0,14536879.291181635
14955.0,1268931.39121617,235804.954021513,3.0,10877564.952126663
14957.0,1278862.48684233,282075.662996888,3.0,286603.0512158681
14961.0,1272176.51397149,239079.304744855,1.0,0.0
14965.0,1277748.9877052,282364.738901183,3.0,291222.6353387747
14966.0,1277893.20952934,282349.227093175,3.0,221285.55930877864
14968.0,1268530.38148776,236656.23811838,1.0,0.0
14969.0,1268367.1685596,236990.562214717,3.0,95445.11095613144
14972.0,1283491.52051108,234521.847012192,3.0,355633.04389322794
14973.0,1278920.4256584,208660.985993713,3.0,20062.31122163332
14974.0,1279143.90194663,208785.157385841,3.0,1620.178838175986
14976.0,1279262.00402674,208849.57684190603,3.0,17421.108766405123
14977.0,1279366.32569085,208584.627593637,4.0,1744317.5860374204
14978.0,1279058.23481055,208414.077705458,3.0,1654149.453353374
14981.0,1279224.3043147,208980.775754035,3.0,1944.1002300213668
14982.0,1278978.25234646,209121.058570176,3.0,13497.022050974232
14983.0,1279122.25861861,209219.420938283,3.0,940.5368075251693
14984.0,1279815.94489132,179747.16100411105,3.0,53533.44246022853
14987.0,1268746.35281599,233340.966818988,3.0,11059067.161020052
14997.0,1286053.2696977,245183.41393511,1.0,0.0
14999.0,1264936.58090807,248971.137330994,3.0,43429.47184955057
15006.0,1262709.4705698,199785.109760627,3.0,1882898.6135661856
15008.0,1269926.31473719,210942.723596051,4.0,790910.8341499773
15009.0,1269032.63736027,205779.068870768,4.0,623963.5901939323
15010.0,1268993.96292824,205778.408134758,4.0,9470909.051423091
15011.0,1268736.69803198,204437.366853386,1.0,0.0
15014.0,1266422.92702161,238125.94512789,3.0,1638242.4387924536
15017.0,1285162.09888078,192254.353144914,3.0,46838.343440058416
15019.0,1284174.22815979,209534.990154609,1.0,0.0
15027.0,1281585.17625313,181104.5411015,3.0,130499.24097200192
15030.0,1267304.5135185,240244.353962049,4.0,10898755.920609271
15031.0,1265301.32164446,196417.227069169,4.0,6895686.971190303
15042.0,1261439.94026449,191157.562999785,1.0,0.0
15043.0,1272181.1533955,238665.49687244,1.0,0.0
15044.0,1263742.55972286,247644.908081636,3.0,49789.81879508696
15047.0,1281346.45983689,203928.610308871,3.0,252841.51531214823
15048.0,1284232.08697584,200562.257473424,3.0,317400.21410387574
15050.0,1264967.2107961,196417.06431718203,3.0,40793.02137713416
15052.0,1275518.60274291,218152.432915434,1.0,0.0
15053.0,1287306.86886698,199136.197631955,1.0,0.0
15054.0,1291667.63539945,189109.44837369,1.0,0.0
15056.0,1284556.62502417,277596.910480306,4.0,2949643.6224671137
15057.0,1257846.36739682,195780.778172523,3.0,2450364.607920536
15058.0,1278503.57087398,192668.059641331,3.0,386850.8177110312
15059.0,1278784.63788226,192020.513080671,4.0,512903.79446173256
15062.0,1278152.99576961,193512.775162205,3.0,303576.06743287377
15065.0,1282032.06546958,197270.718782052,4.0,501004.07554604096
15066.0,1266165.82615733,192223.516920879,3.0,102071.37905548127
15069.0,1277658.95999311,194703.158267424,4.0,174162.5054202872
15070.0,1277862.59576932,194212.494586915,3.0,226231.0096417459
15072.0,1289498.53741322,190386.546870992,3.0,142020.0444561207
15082.0,1266100.25054127,199019.388159841,1.0,0.0
15084.0,1279350.57311484,202332.627267227,1.0,0.0
15086.0,1291352.44314313,189135.074933723,1.0,0.0
15087.0,1274703.68607008,217922.816275194,1.0,0.0
15091.0,1281865.01753341,181121.223533511,4.0,274362.2291848728
15092.0,1281220.24159676,214357.725967541,3.0,137449.28901602834
15093.0,1256079.40605101,196225.191676974,1.0,0.0
15100.0,1287995.92621168,204291.28314124,3.0,221270.36068684285
15101.0,1288286.98566799,204269.029573217,3.0,286373.6119568999
15106.0,1268369.1022556,266795.43962124,3.0,215961.43211456272
15112.0,1278032.86348149,280855.681875646,1.0,0.0
15113.0,1278165.65061763,281019.286483809,3.0,80877.4253478622
15124.0,1272875.88069221,239707.161449507,3.0,57279.611099745096
15125.0,1281901.04767746,260469.718334764,3.0,479704.927345555
15127.0,1281834.34047738,258483.987772733,1.0,0.0
15128.0,1264385.36516352,263290.188417658,3.0,607666.641432951
15129.0,1263841.42993096,263169.873729527,1.0,0.0
15130.0,1285066.3848327,192653.948153317,5.0,349162.4215555303
15132.0,1282593.30777416,234855.12816453,3.0,84475.60423648644
15133.0,1283010.08121459,180183.714540556,3.0,2014207.826933064
15135.0,1280123.60895564,188444.581877008,4.0,605052.754026515
15140.0,1285541.56332918,184691.983729169,3.0,813293.3415022972
15141.0,1283812.8414074,186033.877042547,4.0,12243726.54212929
15142.0,1285105.68492873,184755.59646523,3.0,10806218.443328226
15144.0,1260921.31959197,202385.222339287,4.0,34061.082671454744
15146.0,1284615.94246423,179766.463724121,3.0,1803301.4001196516
15148.0,1279698.34309919,194500.420155212,3.0,159803.38708947352
15149.0,1272951.92741229,179782.992940143,1.0,0.0
15150.0,1269615.90852886,231891.862433493,5.0,6141914.691554613
15153.0,1266608.53002979,226746.029916227,3.0,12885266.550351938
15154.0,1268961.3205602,231450.318369046,4.0,4239602.447026561
15155.0,1268117.39313534,181168.906477556,4.0,624953.0273414096
15156.0,1268110.94827133,180838.268013224,3.0,103561.83198181594
15157.0,1269604.61329685,231439.044129044,4.0,5663560.979074311
15158.0,1279693.43788318,229649.701279208,4.0,502548.9216005374
15160.0,1280284.2290518,200648.623425514,3.0,388.86040214493016
15162.0,1260138.64695117,203210.142276123,4.0,1801036.959629445
15166.0,1268235.19735946,185804.738418311,4.0,6368429.745993515
15170.0,1266599.51786979,171376.906083539,4.0,1202697.7735597843
15171.0,1266669.32881385,226813.986140296,4.0,2849879.5490161474
15172.0,1286140.57888179,170683.30019483,3.0,150502.74161855903
15173.0,1286879.00032255,170150.339298278,3.0,118041.6576152954
15174.0,1273828.53854918,193036.465401709,3.0,50870.77849279673
15175.0,1274232.52530159,202670.245379582,1.0,0.0
15178.0,1260483.34378351,203278.961668208,4.0,183820.9869257963
15181.0,1265780.92964494,217852.54837112097,3.0,84777.99999999999
15184.0,1283270.83692685,258536.287164778,1.0,0.0
15186.0,1263296.0395944,171665.216483831,3.0,66972.91015354717
15187.0,1263300.0209064,171370.57801953,3.0,166400.353157865
15188.0,1265597.99953276,216818.466770068,3.0,63027.85705286027
15190.0,1263484.3968426,262750.371905103,1.0,0.0
15194.0,1272805.67544414,239747.621993542,1.0,0.0
15197.0,1265663.37476483,246324.34641628,3.0,375901.98319780827
15199.0,1263948.65341906,171328.866467491,4.0,492432.6186943461
15202.0,1272964.7174283,280322.68321909,3.0,13597487.16098052
15203.0,1272195.62021151,278028.846288741,3.0,39958479.14499409
15204.0,1267480.98334268,212149.914381281,5.0,1514482.1171574353
15205.0,1291480.92250326,169852.916961968,3.0,35316.55753152054
15207.0,1283294.09279887,188206.911412761,3.0,3578565.556874929
15208.0,1279659.57836315,171089.407587245,4.0,3059442.371721844
15209.0,1279206.6403147,185797.723698303,4.0,476201.9769653014
15210.0,1279132.80978662,185597.922866091,4.0,522380.6781738108
15211.0,1288916.39354064,174599.534438834,4.0,127164.0
15212.0,1280268.27564378,181418.57790181,1.0,0.0
15214.0,1279261.54245874,185944.434354454,3.0,39323.61459175922
15217.0,1281577.74482912,201264.660610139,3.0,120056.46936230578
15220.0,1289195.58163692,174588.956070825,3.0,206972.50683717587
15221.0,1288571.62816428,174973.759079218,1.0,0.0
15222.0,1288877.83424459,174640.672166869,1.0,0.0
15227.0,1266074.49271725,217947.411667228,1.0,0.0
15228.0,1287592.69869128,194567.453179285,1.0,0.0
15229.0,1265601.67050876,216995.805970252,4.0,169542.0
15231.0,1261116.88714416,284114.71272698,1.0,0.0
15232.0,1261237.93738429,284273.140567139,3.0,5286645.662329584
15235.0,1283121.5127667,193751.480058447,3.0,2662805.0653598816
15243.0,1282900.48428647,196673.520509437,4.0,293865.5083483681
15244.0,1283041.48172662,196775.754557535,1.0,0.0
15246.0,1283262.98099084,189220.4021658,3.0,468836.8508322635
15247.0,1282454.58265401,189091.060917675,1.0,0.0
15248.0,1282909.91737448,197611.093758404,3.0,40435.896804054646
15250.0,1280418.22713193,206903.683783919,3.0,1301103.2591136403
15252.0,1281143.23321268,204742.54797369204,3.0,20992.91964892827
15255.0,1282870.36198245,198662.435135469,4.0,85372.45416750161
15256.0,1279171.83692266,210001.097163081,4.0,796358.4730115123
15257.0,1279375.28466687,209988.845899075,3.0,550532.9279271952
15258.0,1277342.35109678,217557.899986818,4.0,247572.1720693397
15266.0,1281097.49874863,204740.14048570403,3.0,4395.834395060724
15267.0,1280536.65900405,206606.198791608,4.0,2638816.837522864
15268.0,1279192.69317868,211910.078285038,3.0,1606610.5540195832
15269.0,1280297.61618781,207200.341640219,4.0,5407810.063485228
15270.0,1281032.16326056,204941.304133907,3.0,26162.691712029133
15271.0,1281057.60972458,205020.393861979,3.0,51591.4042067406
15272.0,1282044.6628456,201778.649410665,3.0,43837.77885485752
15275.0,1281960.66860551,202039.049794927,3.0,188458.38887169832
15276.0,1280200.8273237,207446.623944461,3.0,26660.0695326775
15279.0,1279201.90610668,212075.499533206,4.0,8044364.068049445
15280.0,1282124.87756568,201518.11712239697,3.0,125084.74899167025
15286.0,1279227.79417071,213517.789326683,3.0,600351.848079941
15289.0,1279384.03826687,209321.01850639295,3.0,40926.22302800102
15290.0,1280923.15692444,205284.141382247,5.0,869975.7580011705
15292.0,1282908.95641448,197482.338110268,3.0,79998.79755503628
15293.0,1283430.59449501,197477.633086264,3.0,41419.46733993416
15296.0,1262765.25687386,194326.970427036,3.0,49632.426503741866
15297.0,1262691.48074578,194052.169082746,1.0,0.0
15298.0,1282916.35532649,196402.722173154,3.0,372113.7814159116
15299.0,1284591.4257922,277518.124560222,4.0,88933.2571156717
15300.0,1279214.36338671,212549.17377369097,3.0,1112989.911560109
15301.0,1282406.47186996,200595.732161447,4.0,2914114.0391221466
15302.0,1282906.07385448,197252.692222029,4.0,361576.1144230038
15303.0,1255150.37641805,194635.26015535,3.0,15600.255141550022
15304.0,1255094.07894599,194636.412667349,3.0,145897.35609842022
15305.0,1279225.37618671,212893.659982041,3.0,67316.78735798373
15307.0,1281536.53791708,194625.781179339,3.0,253821.5710169036
15308.0,1265232.99108438,192411.907961071,4.0,903331.0060944416
15310.0,1280967.51609249,205285.517062262,4.0,5201646.888565582
15312.0,1274660.57131803,267288.713221744,1.0,0.0
15313.0,1282814.79449439,195912.983612657,5.0,1589134.1865650937
15314.0,1282986.25414257,195908.771708652,4.0,290254.41258758947
15315.0,1274986.20453437,267259.634245723,3.0,364881.40370052186
15318.0,1292551.96109636,185432.386801928,1.0,0.0
15319.0,1282722.61919829,196661.70226942,1.0,0.0
15320.0,1282853.99161443,196660.695037425,4.0,116865.48465957606
15322.0,1283271.77395086,194591.168059304,5.0,2871925.155762119
15323.0,1283050.32787062,195911.10143666,4.0,639348.6812926602
15324.0,1288318.16870803,172878.385317072,3.0,126835.43333333332
15325.0,1288856.06458057,172879.453925073,3.0,42551.43333333333
15326.0,1282877.64217445,196665.410301432,4.0,3595660.6796379564
15329.0,1283017.82265459,195910.647996649,4.0,3611604.292629337
15331.0,1283323.6875509005,194589.346811309,5.0,2029982.6460469973
15333.0,1288290.583428,172673.953636855,3.0,211430.0
15334.0,1288428.05626014,172020.603236198,3.0,1132449.5798125917
15335.0,1289525.50291726,171955.608292133,3.0,839033.7477269847
15339.0,1279192.55570668,213194.937934354,4.0,826731.6360079168
15340.0,1279233.34009072,213149.319566309,3.0,8077.772860782728
15342.0,1278733.86373821,248309.278770313,1.0,0.0
15344.0,1270998.08158629,227029.33545252695,5.0,3458564.615628785
15345.0,1270933.59518622,227134.099356622,3.0,797558.6873121861
15347.0,1280414.02015592,287004.236505941,3.0,3825606.6957043335
15350.0,1269770.76318502,278460.515409186,3.0,116758.26573911955
15351.0,1296224.20865212,183817.797872275,4.0,222450.6301457343
15354.0,1282160.86994971,201248.998850122,4.0,410748.54943815706
15355.0,1282187.51558174,201247.501826122,4.0,6493796.211993606
15359.0,1282213.50079776,201246.041858122,4.0,2016329.1116052133
15365.0,1263838.08017096,282479.288853303,1.0,0.0
15366.0,1280947.42886047,205285.283462256,4.0,15359990.54431445
15376.0,1281455.25100499,215699.082512915,3.0,811799.481490437
15380.0,1288854.64730057,172573.328868762,1.0,0.0
15381.0,1289262.81408499,172868.116325065,3.0,265427.69357433467
15383.0,1289230.21741295,172978.661413178,3.0,223177.00468544423
15385.0,1260755.70512779,201801.17523469,4.0,1069378.2257812817
15386.0,1260635.38448767,201804.241538689,3.0,377227.9015276635
15389.0,1271937.76638725,261199.729663506,3.0,69386919.9957566
15390.0,1272609.32901193,263874.164290249,3.0,65266290.9393
15391.0,1272087.43243541,256190.01138638,3.0,2923770.558211834
15393.0,1274039.1651094,220345.059733674,4.0,13289494.871773023
15394.0,1275585.36114298,219632.918164954,3.0,12897092.491057882
15395.0,1271616.04689892,255470.20082564704,5.0,15676998.442481732
15396.0,1272543.94366787,254206.703352347,3.0,9584858.207039278
15397.0,1276301.30981572,219673.74350899496,3.0,652835.218751825
15398.0,1277558.332601,218697.206419989,4.0,1428982.131972038
15399.0,1272067.39243539,260613.440830916,3.0,39493330.454709694
15400.0,1272365.16414769,263263.939137623,3.0,38137340.1542391
15401.0,1268629.96132787,173930.802214146,3.0,415165.50638260174
15402.0,1267970.55812718,173933.967846155,4.0,688254.9830360783
15404.0,1289959.38752571,172269.652964443,3.0,84778.0
15405.0,1290055.0684218,172131.421604306,4.0,407957.9969588941
15406.0,1289907.40205365,172253.959396437,1.0,0.0
15409.0,1279782.70348328,202325.25657922,1.0,0.0
15410.0,1290365.78496611,180452.108716831,3.0,821607.5485414896
15411.0,1292272.85306408,179840.364524201,5.0,7087165.890988597
15412.0,1270409.42072168,173908.741222128,3.0,265797.2024445638
15414.0,1268131.12900735,181833.623982236,4.0,4763358.283075183
15415.0,1271382.01393868,233267.366946906,1.0,0.0
15416.0,1260227.98506325,242176.151596025,3.0,1716.6909758164368
15417.0,1260309.73226334,242343.574508205,4.0,2797.9191635834245
15420.0,1269194.11307244,200474.755329326,3.0,1981958.5102349832
15421.0,1275077.05541447,211819.57223694,3.0,4791.02634400012
15422.0,1260423.50762346,242213.749292076,4.0,10010.780679021422
15423.0,1259925.28880695,242284.539180145,3.0,14040.378387148005
15424.0,1268598.96567982,212178.133197308,6.0,888709.2291960658
15429.0,1283387.75795098,180436.694700807,3.0,2441689.1249881666
15430.0,1283484.27385508,180240.888300613,4.0,2517306.860497019
15432.0,1267313.21822251,245175.328687102,3.0,141816.50544023636
15434.0,1259926.56931895,242372.790956229,3.0,653368.9443680245
15435.0,1269509.66264077,198282.513023078,3.0,9913726.516503504
15440.0,1266719.53604591,229163.224542707,3.0,16976.08175136685
15441.0,1269868.28664114,198466.151423275,3.0,864767.2957499555
15444.0,1266521.98327771,229321.70582287,3.0,28417.023257976583
15449.0,1266627.66743781,229222.542366773,3.0,6342.779839151009
15451.0,1271811.90411513,219667.23272498,3.0,4587181.4081301885
15452.0,1271732.9295230398,217398.03777866103,4.0,13009392.045082057
15453.0,1265184.87934034,228099.949405611,4.0,28358322.482670534
15454.0,1265325.78487648,228254.286429778,4.0,20419021.602406792
15455.0,1275976.39250338,207412.001288429,4.0,949270.2963906848
15457.0,1261415.03748047,242899.77911678,4.0,12599492.108671408
15458.0,1277655.59583311,219100.983828396,3.0,10165745.416495409
15459.0,1277993.35141745,218789.157716081,5.0,14694357.883796727
15460.0,1284168.29868777,192675.178425342,4.0,47045.26490853251
15461.0,1284272.07935987,192229.36696888495,3.0,5012.046524655013
15465.0,1285007.00243263,184533.975857005,3.0,39621327.69745167
15466.0,1267987.59678321,212216.691533357,3.0,2384865.690492373
15467.0,1267671.77003089,212152.057421282,3.0,739505.2042747353
15468.0,1280981.7873885,199149.017855972,1.0,0.0
15469.0,1280985.39334051,199599.901760429,3.0,629410.5144959482
15470.0,1280983.17714851,199262.230208084,1.0,0.0
15473.0,1295218.09844309,184525.615984991,3.0,93408.05813309769
15475.0,1280796.99046032,199300.448320121,1.0,0.0
15477.0,1267536.48811074,236201.00803791,1.0,0.0
15478.0,1275925.62815133,179798.875436157,3.0,6489.433430449254
15483.0,1266537.91108572,191443.099832088,4.0,47199.474326754535
15485.0,1266543.80606173,192007.729656667,3.0,67764.20988086444
15486.0,1266311.46334149,192004.508152649,3.0,13780.174003159113
15487.0,1259968.75427899,201822.70899471603,3.0,329440.2159092176
15488.0,1274170.91710953,240729.432042554,3.0,68231.94670855052
15493.0,1284655.45062427,192668.613497332,4.0,455455.4563495387
15494.0,1280786.26086031,231422.110433012,4.0,5028233.341114956
15495.0,1267639.13822284,230571.670560151,4.0,26816355.868474435
15496.0,1271115.0616824,222161.382551536,3.0,105468.86984308432
15498.0,1268308.13124754,191092.009975716,3.0,84778.0
15503.0,1282565.16607814,199937.444096774,4.0,376222.9157103532
15504.0,1282893.51091047,198662.435135469,4.0,2049747.9919395328
15513.0,1260239.47453527,244375.339438289,1.0,0.0
15514.0,1260222.20323925,244391.081902295,3.0,2559549.9600888826
15515.0,1273704.64805305,241221.004203051,5.0,717393.9696186112
15517.0,1268182.4051674,191071.385399699,4.0,2610428.961726377
15518.0,1266651.11127783,192010.168248668,4.0,207591.9952438974
15519.0,1266669.47146985,191406.051064044,3.0,44439.472453303984
15520.0,1283130.37100671,191937.080504581,4.0,10997344.247954112
15521.0,1283161.53299074,191901.669112548,3.0,8604125.70455307
15522.0,1262876.18775398,283772.842326626,1.0,0.0
15523.0,1266300.56964548,191504.872056141,3.0,19660.19927931064
15526.0,1282857.07001443,197251.731262028,4.0,317728.6092381953
15527.0,1282882.14444645,197251.913342029,4.0,3658549.201277848
15528.0,1276489.2828719,235955.88022966695,3.0,4781476.854449828
15532.0,1272396.76485172,229174.167134717,4.0,3447774.639668514
15533.0,1276162.43083957,218573.733907863,4.0,6924745.284608722
15535.0,1275109.66162249,218192.27073946604,3.0,351062.7039880369
15536.0,1282362.81740592,200598.049409449,4.0,316653.39023846167
15537.0,1282385.76454195,200597.175041452,4.0,4147481.665242588
15538.0,1277237.36671267,229713.863199264,3.0,4009.4712055405
15541.0,1281564.7720931,191963.961336613,1.0,0.0
15547.0,1287107.65011477,203124.320900038,1.0,0.0
15550.0,1281195.14815673,219865.037077188,3.0,2071417.6006638752
15552.0,1271726.96958703,223270.89544867,4.0,938502.2304513488
15553.0,1271824.01765113,223328.584984735,1.0,0.0
15556.0,1280358.72005987,221546.899542913,3.0,18818.01634155969
15557.0,1280328.91333984,219899.520597219,3.0,43601.854117086754
15558.0,1277479.59519292,248125.873650119,4.0,464464.04180080106
15559.0,1276661.01221609,235883.927653581,3.0,822242.3762999843
15560.0,1277470.84850492,247628.208625615,4.0,147156.40757278533
15561.0,1282449.39238201,235041.029732719,1.0,0.0
15564.0,1286088.84966573,196462.265341222,1.0,0.0
15569.0,1254060.67158495,254871.492345035,4.0,12312319.567166938
15570.0,1268321.36055954,261380.06105569,3.0,76330.49131830977
15571.0,1274473.5392538498,242626.286508486,6.0,913681.1040874182
15575.0,1266238.50519741,212207.566541344,3.0,299048.8625628865
15576.0,1265513.47774068,212673.458317816,3.0,167058.65835646846
15577.0,1265503.81764466,212399.756749541,3.0,4396.232270297358
15578.0,1281314.41068485,188984.358709559,3.0,871.0422366650341
15579.0,1280694.61702022,188473.68190904,3.0,322514.5217427411
15580.0,1274715.5584541,242822.322860688,3.0,12864.991017422337
15581.0,1283788.78764738,256406.195962608,1.0,0.0
15587.0,1285629.20096126,180435.815788805,3.0,39829955.07443895
15590.0,1260177.9467272,242026.634859875,3.0,1318221.6382451777
15599.0,1279146.99410664,210002.131979078,4.0,28408016.643409647
15600.0,1272084.6191234,271567.588554129,1.0,0.0
15601.0,1280709.11826824,271074.784073621,3.0,1424257.7296305029
15603.0,1281368.3915489,189292.518517882,3.0,2150706.823260732
15604.0,1281568.50962912,188532.93573309496,3.0,2931045.263841431
15605.0,1269664.70961691,197688.280958474,3.0,345665.7476316337
15606.0,1269651.6886249,198158.767166957,4.0,677475.3884129102
15608.0,1275326.49125472,286079.300312981,3.0,9752673.05043428
15614.0,1270817.13246611,197241.872702017,3.0,345015.6535577193
15616.0,1273601.19749296,247519.946033508,3.0,25104705.135846384
15617.0,1274528.9029659,252354.107958451,3.0,13731841.336229067
15618.0,1274038.1873814,251126.435893193,3.0,134859069.2351104
15619.0,1273446.17182879,242840.059052706,3.0,180918375.89595225
15620.0,1273409.77426076,243284.896749169,3.0,5421242.91577493
15623.0,1273401.51838875,239798.738025591,3.0,2997936.352190192
15624.0,1277284.74258472,201184.30048205,3.0,25801050.44952617
15625.0,1271680.52280298,230734.349664316,3.0,4481751.381433241
15628.0,1276264.39749567,218998.50242029096,3.0,490243.82168921054
15634.0,1271710.75768301,230180.395743743,4.0,154149649.3235999
15635.0,1269417.62347266,198541.277887344,3.0,85488.53028917169
15638.0,1275602.686583,284676.287703559,1.0,0.0
15639.0,1275796.97227921,284671.083991542,3.0,89439.90495435902
15640.0,1277035.60760847,218418.999315709,1.0,0.0
15641.0,1279690.91756319,213534.820430696,3.0,6835.826301587278
15643.0,1277674.32248913,219368.57122068095,3.0,1834477.7567757329
15644.0,1260230.85021526,242420.819756284,3.0,728079.6673240648
15645.0,1260186.39229521,242530.89431639,3.0,2581609.3267740016
15647.0,1259819.30378284,242374.622636229,3.0,725505.3645946225
15648.0,1282982.26073456,181355.849005759,3.0,9472814.633713445
15651.0,1268235.34628746,212079.117325217,3.0,1991098.9440086584
15652.0,1274858.96466224,252551.115766659,3.0,5371.1338141727
15653.0,1280736.97913226,188158.473204717,3.0,322514.5217427411
15654.0,1280887.90009241,188486.98206906,3.0,709961.0864382661
15655.0,1273681.20715703,220716.26504606,3.0,476871.2792595073
15656.0,1273598.90450095,221557.867734924,4.0,2087493.608134886
15657.0,1287683.00493138,175212.599207461,3.0,12152.002235382231
15658.0,1267495.95019069,285118.677592009,1.0,0.0
15660.0,1288622.31110834,173865.980134085,3.0,140409.03668473725
15664.0,1272883.06763622,234188.159075856,3.0,11631568.719515404
15668.0,1273529.36856487,243366.546541244,4.0,3021378.048652522
15669.0,1273268.77163661,218798.347284093,3.0,1595455.4226681176
15670.0,1273434.06194077,218040.82849931705,3.0,60025470.21979276
15671.0,1274747.32971813,252503.41899861404,3.0,13891587.537189446
15672.0,1271412.28843471,224797.240794241,3.0,147323588.25741035
15673.0,1271699.98309101,229532.444959089,3.0,150812349.3258789
15674.0,1271900.30456321,262413.755456761,3.0,8043.038002538984
15677.0,1274873.22411825,238060.87799181,4.0,6948670.36129565
15678.0,1273102.45010044,235795.768037498,3.0,7202619.185943686
15679.0,1270337.7062896,177858.328106165,1.0,0.0
15692.0,1280022.51993152,181272.268845662,1.0,0.0
15695.0,1282889.46265446,274701.480269343,3.0,84286.76375608509
15697.0,1253327.84233619,251583.182005659,3.0,31423819.718666323
15702.0,1266551.73418973,211899.744973034,4.0,1439984.516019467
15703.0,1268968.8392802,272388.600330964,1.0,0.0
15704.0,1271806.04190712,201113.66316998,4.0,857309.1599544378
15705.0,1282887.53913446,197921.340158716,4.0,3635636.355928044
15710.0,1269284.03678453,212560.094989702,3.0,10548.92820473871
15712.0,1281784.75884533,202569.436867476,4.0,10398135.546797218
15715.0,1263354.26455446,243212.8289731,4.0,73392.01221073628
15716.0,1270478.99569775,222490.41403988,4.0,117949.6406331274
15717.0,1274209.28088558,226188.035931662,4.0,444186.82713639154
15718.0,1281839.75942139,221919.756439283,4.0,117709.92393679198
15719.0,1283265.48454285,228241.63842976105,3.0,42389.99999999999
15720.0,1280639.55148415,219060.955348358,3.0,13473.94633396478
15721.0,1280630.74278015,220308.954197645,4.0,21289.32063498183
15722.0,1283555.24057515,228207.804189727,1.0,0.0
15724.0,1283146.04287873,278044.56116876,3.0,85788.79981833631
15725.0,1283090.65222266,274608.745869249,1.0,0.0
15729.0,1279229.40997872,213019.849998176,4.0,110506.62453795322
15730.0,1270629.4442099,201130.094594002,1.0,0.0
15731.0,1290430.13363819,176553.782184839,4.0,16584961.500542635
15732.0,1289516.10426125,177107.38967339703,3.0,15614795.838693377
15734.0,1272591.31070791,200403.006785259,4.0,1460039.0226369817
15735.0,1265419.10455658,227890.100445405,4.0,6272118.714240014
15737.0,1273245.11448459,205606.982598588,3.0,16237298.3589618
15738.0,1271071.26584236,208308.843977347,3.0,15753212.642656032
15741.0,1288323.08077203,174326.102566555,3.0,120134.6366976889
15745.0,1271853.70917116,201110.949633986,3.0,74397.6516004078
15746.0,1265988.47185315,211909.351565033,3.0,750931.7559238184
15751.0,1274469.13534984,198678.591615483,4.0,1551490.840337474
15752.0,1269131.36484838,212056.641293183,4.0,82347.3546111523
15753.0,1268741.56183997,211859.559692994,4.0,4557212.000397299
15756.0,1279690.84537119,173764.862245977,4.0,143127.0472263825
15757.0,1279678.45529117,173090.745829284,4.0,383910.6296058229
15759.0,1272684.58872402,200328.852737173,4.0,1226319.8914831106
15761.0,1261234.51613629,245608.322863549,4.0,110529.28688464568
15762.0,1261226.06832828,245341.966127276,4.0,61941.80031332324
15772.0,1273333.27019668,199730.03174457,3.0,1156862.7980561107
15776.0,1292039.12909584,172684.847012877,1.0,0.0
15781.0,1284829.94041646,186394.362930909,1.0,0.0
15782.0,1293711.73728955,188172.499444738,1.0,0.0
15785.0,1269758.44235301,272518.142411098,3.0,57380.85197994518
15788.0,1264343.49911547,281812.605140626,1.0,0.0
15796.0,1260734.38922377,203329.083268255,4.0,49063.91473926922
15797.0,1282268.65190183,168554.060000643,3.0,42618.66666666666
15800.0,1293172.705865,185553.400690049,1.0,0.0
15801.0,1283121.7919347,168535.97603263,3.0,154614.1513622007
15804.0,1283140.02092671,277859.277392566,1.0,0.0
15807.0,1261115.46295217,202423.598915324,4.0,8753.615774530257
15808.0,1261194.66224825,202046.216130942,3.0,27661.494388970044
15810.0,1271888.80523519,231958.852449566,3.0,300587.6327664633
15813.0,1269768.70680103,278070.23304078,3.0,53094.8497979021
15814.0,1270056.95224132,278068.380368784,1.0,0.0
15815.0,1268717.39588796,234274.20611594603,3.0,3970520.585320882
15818.0,1268651.62993588,212042.314893171,4.0,65915.90146872702
15826.0,1281566.1166051,180119.391852483,3.0,84778.0
15830.0,1273912.44882128,244948.411502868,3.0,40524.98913804904
15832.0,1267116.48043031,262189.172288522,3.0,900123.4908365868
15834.0,1273268.47570062,211997.639437124,3.0,2387079.793389692
15835.0,1273602.15774895,213459.664718628,3.0,4831258.160351687
15839.0,1260575.55978361,202817.063619733,3.0,59117.19761793048
15840.0,1260689.56221573,202333.125635237,3.0,25743.492688273447
15841.0,1256127.17993906,193224.816761911,1.0,0.0
15842.0,1273910.81067728,252608.71045471696,3.0,3003112.220261379
15843.0,1273127.92184447,234814.175844491,3.0,1687918.5858113228
15844.0,1281499.44972503,169210.188577309,3.0,73264.87118341652
15846.0,1276624.86956005,202551.36109145,3.0,6810556.165294286
15848.0,1271542.08081885,231982.968929589,3.0,12833489.782464338
15849.0,1272907.85630824,234772.604708448,3.0,10727740.48700537
15850.0,1273059.9249164,235844.819749549,4.0,4068841.2559104655
15851.0,1273746.0160531,248058.859314054,3.0,2253799.2196447817
15857.0,1271763.03544307,229535.829791084,3.0,9821323.464984214
15858.0,1270905.76126619,231675.178209275,3.0,13899378.560389508
15859.0,1272212.72126754,233177.532770813,3.0,13570485.848562146
15861.0,1271917.62731522,223858.96188128003,3.0,142862214.58947787
15862.0,1270545.26001783,231459.842657059,3.0,10916561.34398356
15863.0,1271669.54974698,230010.163167581,3.0,1229486.7584394575
15869.0,1283115.56031869,168292.208800375,1.0,0.0
15871.0,1282146.1816937,271691.247754261,3.0,222070.63333346177
15872.0,1281626.43078117,271051.185353607,3.0,596163.7804291027
15873.0,1281652.08095719,271225.208009779,3.0,334173.37642786524
15874.0,1281529.32102107,180275.455212653,1.0,0.0
15878.0,1260580.24650362,202271.854083166,3.0,683429.3135635816
15882.0,1273481.19672483,211154.549260259,3.0,4474664.152724086
15883.0,1273714.92395706,212316.719821453,3.0,606920.3732106426
15885.0,1273245.75102858,239316.762665108,3.0,5806729.878279698
15886.0,1272295.32376361,233460.752995104,4.0,170441767.3025231
15887.0,1280148.13874766,207976.526729017,3.0,175487.60654527383
15888.0,1280143.58821966,207814.10612084,1.0,0.0
15890.0,1281417.47942096,168572.755168661,3.0,58329.35649128964
15891.0,1281414.35372496,168435.084832519,1.0,0.0
15892.0,1273607.10462895,248140.42245014,4.0,21174505.888593197
15893.0,1273953.99698131,250954.597941026,3.0,11119104.345633209
15894.0,1269572.79019283,219439.98088474604,3.0,16039421.787539417
15897.0,1281508.98150104,194471.668283179,4.0,401662.03164610127
15899.0,1277558.834233,205467.457286447,4.0,93630.46757509364
15907.0,1268620.99057585,210223.94650732,5.0,22727280.84128408
15910.0,1281773.61682932,194123.94981882,3.0,233927.9100250049
15911.0,1281722.97618927,281682.353428483,5.0,8994335.025395384
15919.0,1278868.72037834,200206.240129054,3.0,132551.46180435608
15920.0,1277486.36684093,203630.26611656,1.0,0.0
15922.0,1281627.95500517,222314.759895697,3.0,921325.831447726
15924.0,1260388.06474341,201151.059458017,3.0,963352.728757627
15925.0,1278422.83020189,184160.07211262,3.0,84778.0
15926.0,1278476.56831394,183994.052400455,1.0,0.0
15929.0,1277758.9060412,175126.04720737002,3.0,102364.81983227798
15932.0,1281496.78534104,168947.01232104,1.0,0.0
15936.0,1278132.79077759,175122.157095373,3.0,68880.8433237063
15937.0,1280805.78674833,197845.72748664,4.0,635231.7170660188
15938.0,1280874.1048284,197843.907902628,4.0,439165.29573704384
15941.0,1265345.05482849,168190.352096274,3.0,2692243.571139675
15944.0,1267955.50334316,229709.66307126,4.0,1490593.187974038
15947.0,1284429.74700804,279345.403730094,3.0,3874389.645222717
15948.0,1284358.91347197,279459.292562217,3.0,4996594.697664453
15949.0,1277883.80076134,204101.273349047,4.0,774464.6698352931
15950.0,1276478.2087599,217591.90158686,4.0,121258.29689343556
15954.0,1279836.39724334,199214.732608035,4.0,2216615.588408809
15955.0,1281861.52671741,180127.642156497,3.0,774076.3198685788
15956.0,1281031.25740457,170442.912162572,3.0,69362.30138130274
15957.0,1264198.85341932,279851.16417861,3.0,70403.8848461184
15958.0,1263974.67671509,279856.916434616,3.0,380367.3715407277
15963.0,1278358.56165782,201181.64825806,3.0,107722.78084647506
15964.0,1278424.59231389,201194.418946072,4.0,60994.96276696432
15965.0,1277270.6622647,207010.674696028,3.0,42538.17799558488
15967.0,1281054.14617258,195309.703356043,4.0,144012.11976254397
15968.0,1281120.18572465,195308.297852039,4.0,198753.02833115825
15969.0,1280861.84044439,198346.117183149,1.0,0.0
15970.0,1281060.62706859,198339.578495145,3.0,49771.77343512887
15971.0,1280957.41177249,197591.584254384,4.0,319440.54376970447
15974.0,1277119.67500055,208185.473161221,4.0,511757.77314154
15976.0,1277977.24152943,203590.068996519,4.0,89937.48989467337
15977.0,1277404.70168884,205036.141573995,1.0,0.0
15978.0,1277636.08671308,205029.865029991,4.0,82128.74034860951
15980.0,1271087.85931438,276319.732558995,3.0,181385.22251996087
15981.0,1280330.58361185,208716.404233769,4.0,352813.3672737032
15982.0,1280008.46386752,270436.247944966,3.0,646084.5561719105
15983.0,1271019.00184231,266577.663813025,1.0,0.0
15984.0,1271025.72721832,266970.333637416,4.0,594702.6829434927
15991.0,1271379.84101067,224487.753561914,4.0,133327.43876427977
15994.0,1283013.5651186,169789.095585912,3.0,406983.3980483757
15995.0,1283008.28691058,169463.404641569,1.0,0.0
15996.0,1278930.78623441,278697.743249431,1.0,0.0
15997.0,1278983.90156247,278955.328017697,3.0,71664.40495703217
15998.0,1266169.20279734,280349.399379119,1.0,0.0
15999.0,1266359.09943753,280342.01454711,4.0,142000.76508061533
16001.0,1278552.07340202,279277.131858021,3.0,138819.23252875957
16002.0,1278709.02450618,279551.241874307,1.0,0.0
16004.0,1260293.22077532,202474.686083376,4.0,1780467.4951332288
16007.0,1276741.32408817,179752.106476113,3.0,79705.40929534126
16008.0,1255949.41449888,254409.737720564,4.0,45702.003506759895
16010.0,1271828.63800314,171712.552355871,3.0,705058.0923756349
16011.0,1255628.99293055,255114.170681283,3.0,68579.73123805512
16013.0,1279155.89663464,278807.222353548,3.0,388570.6193238764
16017.0,1281034.72428456,170685.294242829,1.0,0.0
16020.0,1262083.98231316,284352.080343217,1.0,0.0
16021.0,1270865.09534615,276322.856911004,1.0,0.0
16022.0,1279826.78015533,189512.130614102,3.0,23132.51707806904
16023.0,1278019.39135347,179420.817131773,3.0,251570.3379533147
16025.0,1268501.55838373,191408.275448039,1.0,0.0
16028.0,1267167.86455837,284732.564183608,4.0,397185.1516718281
16030.0,1267167.60734236,285394.707224295,3.0,405346.7757428239
16033.0,1264419.73290755,279754.390738517,1.0,0.0
16036.0,1278985.23724246,189984.190390587,3.0,1478591.3162969784
16038.0,1264288.78961141,246446.560688406,3.0,371683.2182166297
16039.0,1264260.60394739,246448.496048406,1.0,0.0
16042.0,1283249.82841483,169783.985377908,3.0,322291.3980483767
16043.0,1283245.67359883,169595.601889715,1.0,0.0
16044.0,1274833.63461421,202627.409475535,3.0,143902.80280052812
16045.0,1268130.84881535,271658.477450222,3.0,103192.08469578798
16046.0,1274889.49112627,194306.258491009,1.0,0.0
16055.0,1277019.19916046,179581.98973994,1.0,0.0
16056.0,1265554.16074871,207156.067464173,3.0,550247.1171407573
16057.0,1265287.43882844,207158.39943216703,3.0,466090.0
16059.0,1267594.8702548,171825.275555998,1.0,0.0
16060.0,1279860.84831536,209520.132618591,3.0,2109.117305964321
16061.0,1279923.69759543,209270.877834335,4.0,88932.49076171892
16062.0,1279520.56946701,209683.677898765,3.0,65975.42668764977
16063.0,1279841.06489134,209592.672778666,3.0,26925.691428883903
16064.0,1280028.90674753,208767.787017822,3.0,454293.2833957915
16065.0,1279432.58277892,209343.22516241705,3.0,41029.15349015111
16066.0,1272687.12382801,268407.23559089,1.0,0.0
16074.0,1267471.96561468,276769.266767457,3.0,1539057.1836944688
16075.0,1279556.60383505,218852.972884148,3.0,6032220.756430646
16076.0,1276314.75800774,282881.530133709,4.0,1032099.4717951396
16078.0,1266573.99236576,279886.622418642,3.0,706150.1451796626
16080.0,1269809.01604907,286023.594072938,4.0,858758.3182608725
16086.0,1279054.44805853,272445.679627031,4.0,2105268.1800055634
16089.0,1263358.58673047,282848.654869676,5.0,8078840.036713741
16096.0,1264803.68586794,243637.857965529,3.0,38238.62723105649
16099.0,1268765.724848,274092.535628721,3.0,60654.17043698632
16101.0,1271120.53573041,283846.374678701,3.0,44536.60223332462
16102.0,1276663.77074409,281603.925780401,3.0,85606.45072454744
16103.0,1278658.11487412,280091.963218853,3.0,375475.79910911777
16104.0,1267166.96491036,286809.025945738,3.0,43166.076190476175
16106.0,1276345.63224776,268069.103110552,3.0,134053.13773488934
16109.0,1269784.12670504,282041.639124855,4.0,650899.0950429713
16110.0,1266198.50986937,277067.790159762,3.0,1030898.4238165204
16111.0,1265779.09335694,277479.213200182,3.0,1135214.091509095
16112.0,1271117.2532984,283039.880597875,3.0,48759.36266002104
16113.0,1267825.88484703,286053.120920956,3.0,746664.9230079266
16114.0,1263967.39191508,279498.714450255,3.0,895440.3238015589
16116.0,1282302.90706986,285870.496600777,4.0,3647740.394831247
16119.0,1271088.26449838,271391.953737944,4.0,290034.98217714374
16122.0,1277768.41484122,287091.453530028,3.0,4331924.061610454
16125.0,1271112.79595441,282021.503316835,4.0,403834.09495298425
16131.0,1278833.68601032,277996.185296714,3.0,123455.48024685802
16133.0,1265028.71262017,282791.470933616,4.0,8809489.484514281
16135.0,1261755.47050482,283138.793749973,3.0,1182456.6076912864
16136.0,1264630.79185176,279478.730514228,3.0,960632.284625268
16137.0,1282746.20345432,279248.359249994,3.0,760742.8781845594
16140.0,1271105.19160239,280361.74715513,3.0,1295451.692463292
16141.0,1277332.59877677,284868.84309575,4.0,630335.4812771535
16143.0,1266578.76791777,278772.264081508,3.0,826086.3337908346
16146.0,1266225.88906939,277619.507216319,3.0,67984.43574483551
16149.0,1270756.79633804,274058.338828683,3.0,171078.55368724515
16153.0,1258015.792293,195774.049532518,3.0,2516438.069419377
16154.0,1286663.61881833,283175.850454018,1.0,0.0
16155.0,1276654.06572008,203633.070852563,1.0,0.0
16159.0,1277903.71442536,234990.699108675,3.0,30688.979327517987
16161.0,1280717.20914824,205935.593158916,4.0,973364.8138646476
16163.0,1280889.59366041,205897.070278883,4.0,54989.97626800983
16164.0,1281575.48070112,203310.777860239,3.0,22627.834637843636
16171.0,1260823.89559187,202881.134403795,4.0,40890.67682056175
16172.0,1261020.42538407,202897.662211806,4.0,30143.585464341028
16173.0,1264837.69860397,215865.096913084,3.0,394301.8614105351
16174.0,1265241.33194838,212579.197005719,5.0,750710.1484619342
16175.0,1260073.2028551,242660.637164533,4.0,15243453.678408977
16176.0,1265875.56497304,211884.42612502,4.0,11400113.092107784
16177.0,1261268.65911232,202972.07577988497,3.0,111837.7512647072
16178.0,1268089.7442393,186145.699058652,3.0,301922.9452204133
16180.0,1269950.82289721,212039.438221171,4.0,807714.226763023
16182.0,1266100.18455727,227275.980956778,4.0,3948876.562181639
16183.0,1266386.99735756,206170.468359157,5.0,12984398.852241872
16184.0,1267745.81380695,204327.50746128,1.0,0.0
16185.0,1265576.45335673,207753.211592779,4.0,13383621.586083252
16186.0,1283428.00326301,211322.721868441,3.0,1112866.465484073
16187.0,1269215.95755246,212173.850381315,4.0,70616.41552523412
16189.0,1263892.755243,247371.676017359,4.0,421954.8969247672
16192.0,1281997.59404555,201803.282242686,3.0,12484.219516192636
16194.0,1280079.41317959,204687.627525643,1.0,0.0
16195.0,1280775.5577563,205921.109254912,4.0,257094.2599922077
16196.0,1265580.67575674,208404.87168945404,3.0,13503588.166410286
16201.0,1267746.21111895,209803.267850876,1.0,0.0
16202.0,1270568.58577785,212146.796301275,4.0,909652.5040683864
16206.0,1261462.64004052,198458.205887258,3.0,292060.97343473905
16207.0,1261457.00880851,198107.871614903,1.0,0.0
16208.0,1261998.91293707,198030.060414821,1.0,0.0
16209.0,1261860.90532093,198033.416062832,3.0,44854.46453244813
16210.0,1261454.61482452,198092.225662887,1.0,0.0
16211.0,1261621.87626469,198454.75711926803,3.0,366650.0649540734
16212.0,1261609.06231268,198121.559934914,1.0,0.0
16214.0,1262406.11255349,206310.254855305,4.0,372207.2047814269
16215.0,1264812.14058796,207764.799176797,4.0,381396.0
16218.0,1262055.27338512,198268.895935073,1.0,0.0
16219.0,1261867.60016893,198273.30239906895,3.0,79692.17322605282
16220.0,1269283.28977653,173760.751333967,3.0,209456.25563897297
16221.0,1262133.34148121,195421.234620154,1.0,0.0
16222.0,1266823.72350201,194372.577915087,3.0,84778.0
16227.0,1263887.79498701,206293.498951286,1.0,0.0
16230.0,1264291.18161142,199937.210496783,1.0,0.0
16231.0,1268095.93943931,192789.28351345696,3.0,198465.2967491444
16232.0,1268091.3941593,192537.8506172,1.0,0.0
16233.0,1268276.06865549,192788.16671346096,3.0,4333473.521118314
16235.0,1268841.16664007,206361.000775352,5.0,200181.3221790918
16236.0,1268800.58763203,206364.521799356,4.0,9173738.184781598
16238.0,1262092.75101717,206333.142279327,3.0,370669.9936017446
16240.0,1269568.83384082,206333.200327322,4.0,484441.9237116855
16241.0,1270974.64299425,174564.43280679,3.0,114186.03377238513
16242.0,1271220.84197052,174561.032550797,3.0,45322.56543066938
16248.0,1271082.75499438,216607.855953842,3.0,46499.49519291213
16251.0,1278425.22488989,205402.514502376,4.0,634184.411188646
16252.0,1283652.70527925,193976.635450676,4.0,1488484.5515072658
16253.0,1280126.00857164,201677.119746566,4.0,187738.97244677253
16255.0,1281066.35442859,198628.58649544403,3.0,215669.2293649799
16256.0,1267835.00625505,271664.141514227,1.0,0.0
16257.0,1280007.09311551,201710.646594599,3.0,4369.547845097884
16259.0,1285395.38809703,190895.041591525,3.0,2203497.5303205885
16262.0,1284385.59353599,192453.300281122,1.0,0.0
16263.0,1263860.68413898,168255.524512336,4.0,1381247.629246414
16264.0,1263628.07012273,167540.144031599,1.0,0.0
16265.0,1283519.90399911,193402.507002085,1.0,0.0
16266.0,1283701.71270329,193399.420410082,3.0,96577.7715532557
16268.0,1269901.82756916,194709.817723423,3.0,8683171.714306531
16269.0,1269925.41284919,195258.404539987,3.0,663961.5590333592
16270.0,1282265.52658983,168394.920864478,1.0,0.0
16273.0,1282250.5272938,197042.77234982,3.0,830065.3774994285
16277.0,1264501.18058763,228721.700190261,3.0,8050153.984286013
16283.0,1283254.94719884,261401.63251172,1.0,0.0
16287.0,1280033.67442754,202072.651394963,4.0,209108.83305256703
16288.0,1281458.09644499,218885.641108185,4.0,5386664.375183015
16289.0,1276948.77970438,206621.669575617,4.0,896406.2321678251
16290.0,1268472.6552157,212111.670733243,3.0,35073225.68818242
16292.0,1283673.67078327,180614.779628992,3.0,11555086.897192424
16294.0,1275303.91813469,237173.08810290703,3.0,359203.6298075351
16299.0,1263208.87767431,168122.301664203,3.0,925323.9475060508
16302.0,1277514.76114497,222063.161623433,3.0,1259387.7102380334
16305.0,1279691.76236318,230853.602080435,3.0,217289.04024643888
16307.0,1279632.64076313,230796.786912382,4.0,145368.2889480519
16309.0,1271068.62283435,225014.612762451,4.0,135055.05086759644
16313.0,1275344.23730274,248459.86117047103,3.0,647642.934473582
16314.0,1274484.86366986,248869.427570879,4.0,601281.5667127365
16315.0,1268516.53636774,242710.093804583,4.0,165539.23025232577
16319.0,1274812.35544619,248655.585522667,4.0,1582359.9716754623
16322.0,1270100.03320137,219699.196565017,4.0,14509253.18862387
16324.0,1288405.12653211,203767.726148695,3.0,374549.1226112676
16326.0,1266055.04426922,227227.76124472904,3.0,11743023.849823063
16329.0,1277057.82015249,208453.869321495,3.0,481740.3789280251
16330.0,1264787.49130793,231959.420705572,4.0,2127613.8018938582
16331.0,1259117.11063012,255742.992249921,3.0,57932.08357754483
16336.0,1272127.26833944,229180.805214718,4.0,2802780.708602109
16338.0,1260337.82077537,257212.465339422,3.0,1744921.5826899775
16340.0,1254864.93443376,248920.766386941,3.0,133670.59657535364
16343.0,1285533.27462517,197598.549502388,3.0,498301.0422850814
16344.0,1273580.51346093,229668.932511225,4.0,958915.8522901786
16346.0,1273558.8067729,227135.808988631,4.0,230366.24844441848
16347.0,1269833.8001131,206303.053063303,4.0,371603.4006828115
16351.0,1270711.71832199,223088.620568484,4.0,245710.80664016787
16352.0,1278955.13260244,249947.659379989,4.0,1540268.6964682303
16353.0,1268502.66635174,242447.536556304,3.0,87329.34827970352
16354.0,1277470.84818491,247569.510577559,4.0,95512.83540805492
16356.0,1275809.66879122,216150.706961378,4.0,157186.43662548065
16357.0,1265601.09898876,255614.235257789,4.0,199963.4407909973
16358.0,1277768.58444121,249971.551668018,3.0,81409.26273520368
16359.0,1277843.16402529,249970.011316016,3.0,48459.81100011393
16360.0,1272096.87307541,228396.70838192097,3.0,242551.95728666725
16361.0,1276199.66111161,254284.363256425,4.0,3478932.549119824
16362.0,1281963.78540552,201913.224578798,3.0,88554.05624133584
16363.0,1268295.29303952,228600.901854128,4.0,308928.1745886265
16364.0,1283793.62361538,234808.644324481,4.0,370081.5357751775
16365.0,1268316.70443153,260834.826879144,4.0,1092561.208530479
16366.0,1270227.9329135,254181.850040331,4.0,5955415.945735153
16367.0,1276976.45746441,232137.01750575,4.0,714771.6075333767
16368.0,1262855.13232994,237062.344870791,4.0,241053.14888473932
16369.0,1267038.54750223,231808.671009421,4.0,510962.1718599347
16370.0,1270427.7487857,223568.689496979,4.0,475480.39724100864
16372.0,1263006.3036581,199475.143808305,3.0,1606396.55602869
16374.0,1267720.44510293,250566.812980622,3.0,1199809.1691899516
16375.0,1265752.11044492,266193.818436623,4.0,1420677.8548248513
16376.0,1283081.04364666,212805.301197961,3.0,1321807.4031169545
16377.0,1283135.18892671,212254.993613392,3.0,1132511.0662450814
16379.0,1278894.73644237,214405.3931676,4.0,298501.1870383566
16380.0,1260995.18954404,250364.574516416,3.0,411992.881737338
16381.0,1273214.61458056,217380.033554643,3.0,30541.27791821127
16382.0,1273212.04536456,217252.040658504,3.0,218562.47809627207
16384.0,1260378.84202342,256648.260090858,3.0,17822.128971238075
16386.0,1269123.87998436,205505.892614484,3.0,91670.6322513496
16388.0,1265688.93182085,229343.114910886,4.0,94534.82775464286
16389.0,1287229.44646691,193003.521913677,4.0,922213.964384838
16390.0,1287525.6906272,193051.790521726,3.0,783757.4631906854
16391.0,1279221.2783947,222017.872023389,4.0,2225931.797938517
16393.0,1277526.81887297,206022.530311003,3.0,124997.34125494827
16394.0,1277556.298169,205886.529606864,3.0,118765.36157068638
16395.0,1269168.47864041,226935.948124424,4.0,1124740.4255681995
16396.0,1270073.45585734,244869.653102785,4.0,139295.16456755335
16399.0,1270589.96625787,255477.913081646,3.0,14265754.981988473
16400.0,1275178.64344656,227444.429404944,4.0,128671.55328223744
16405.0,1283247.56825483,194228.469626933,4.0,3150270.0997264395
16406.0,1283595.85068719,194237.670394942,4.0,2543875.6936676227
16407.0,1285512.25760114,196470.066493228,3.0,160866.4619093433
16410.0,1270810.4012021,222921.95714432,3.0,67116.60000325528
16412.0,1285535.65945718,206943.365767956,4.0,671414.6126065151
16414.0,1270287.08043356,227598.171869099,5.0,809397.0619796924
16416.0,1266667.91313384,242293.089004144,5.0,342004.381983362
16417.0,1278415.60447387,215379.278352588,4.0,205937.17051417156
16420.0,1278676.44255415,200522.70374538,4.0,11469.044807416243
16421.0,1276466.05784789,254549.5090487,4.0,2054840.7410361995
16422.0,1275566.96191096,228800.357150331,4.0,129490.32410334104
16423.0,1273495.30136484,240838.658538669,3.0,96770.33974311464
16426.0,1279845.88511534,246336.767280295,3.0,85845.01002852563
16427.0,1274773.80568615,246865.526064828,3.0,25285.55492170188
16428.0,1279397.64581889,222898.616984293,4.0,1067389.9481028768
16431.0,1289988.76147774,186788.236467317,3.0,287431.9285082293
16433.0,1267319.67063852,228617.283038154,4.0,169561.55928298185
16442.0,1276198.14079161,253977.959992111,4.0,5837286.389964211
16443.0,1260372.4463754,258779.33753302705,3.0,887427.5279345923
16444.0,1274669.30360605,244748.726510659,4.0,294699.934643094
16445.0,1274930.22763832,244741.222894654,4.0,272125.92848227266
16449.0,1265180.58730833,245326.603631258,3.0,67892.62521664715
16450.0,1269612.96395287,226209.446683675,4.0,918217.9894401616
16454.0,1263295.52023439,247653.858481646,3.0,63353.83118718053
16455.0,1277709.88645716,205030.094341993,3.0,232928.2455626772
16456.0,1268099.03230332,192330.761464983,4.0,4104880.701317368
16457.0,1267753.06743896,229094.384478629,4.0,195635.9655358893
16458.0,1268747.13566399,245955.674543902,4.0,1223006.951887146
16459.0,1269135.38846438,246219.203248173,5.0,8909282.026246686
16460.0,1266722.24503791,246268.914096221,4.0,3565669.219407582
16461.0,1267360.41694257,231800.5742414,4.0,784633.8011656924
16465.0,1257728.2262767,259237.940285504,3.0,32966.26838730987
16466.0,1263206.03613831,194466.216187179,4.0,166350.48354018957
16467.0,1265729.65905289,250295.080244347,4.0,127981.6552769733
16468.0,1272829.27909216,244800.855342716,4.0,339616.18931715644
16469.0,1273645.78136499,267322.788613781,4.0,1335536.8704676968
16470.0,1279132.26777062,200029.359552875,4.0,1404310.5680039788
16471.0,1273546.6949649,226481.42741996,4.0,966514.5646983128
16473.0,1275403.41464679,252683.399926797,4.0,91838.58544809876
16474.0,1256276.95785922,193911.332794607,3.0,1824314.17505133
16475.0,1279072.45554656,219863.995093182,3.0,159375.09720116667
16476.0,1282864.32063843,198227.165695027,3.0,21535.06160624565
16478.0,1275471.24952687,214748.333071947,3.0,15471.142101337444
16480.0,1273614.37950896,262024.093504354,4.0,6003292.186408464
16481.0,1262763.60855386,247665.382449657,4.0,314744.2092172863
16482.0,1281761.96754931,202569.647811472,4.0,884919.0841962565
16484.0,1279900.4138834,225201.436506644,4.0,753509.5194251245
16486.0,1264257.74634738,254307.016120449,4.0,3250060.7999131056
16487.0,1268607.01879984,209550.971146628,4.0,9760520.493898088
16488.0,1264777.95690791,231546.840481147,4.0,3643062.8297426975
16489.0,1264785.85386792,231864.524577469,3.0,2070733.3121055565
16490.0,1274982.29906237,211385.0153725,3.0,182669.1265631332
16491.0,1257492.46429245,247780.354609773,4.0,638758.5688291958
16492.0,1276099.0369835,246032.43819198,4.0,119200.95292910031
16494.0,1268540.80830377,243169.515757054,3.0,22118.51986455775
16495.0,1272328.64357165,267365.191109821,4.0,12913435.951517329
16496.0,1265776.30532494,267518.544837981,4.0,1345009.492469384
16497.0,1285215.53382485,251153.181237221,3.0,134015.77576252632
16499.0,1286128.29740977,251132.887285203,4.0,102204.38099004918
16500.0,1256842.65385979,255781.592569962,3.0,173902.42678535683
16501.0,1275592.16101499,208505.09722554695,3.0,103946.62794781449
16503.0,1282832.96735841,251202.12242128,4.0,109092.18159930842
16504.0,1276141.32786356,213267.429902434,4.0,330102.15809849696
16506.0,1271552.33541085,227358.014876857,4.0,806970.3440396424
16508.0,1276260.57797568,203011.283715934,4.0,8522656.092900014
16509.0,1285565.2919692,209085.45101814,4.0,390168.160581638
16511.0,1259870.14288689,192558.006713226,3.0,758638.490374007
16512.0,1261173.89360823,200894.567809761,3.0,1823367.8622601216
16513.0,1257790.17757276,247774.80868975804,3.0,46559.09547256563
16517.0,1282270.03871782,243554.75678144404,3.0,276842.2178430432
16519.0,1263789.36900291,230668.80092825,4.0,740093.0337628527
16520.0,1273134.18296447,200317.314049169,4.0,54897.14972534737
16521.0,1273067.5331724,200033.49017687104,3.0,1308712.7443894008
16522.0,1277728.83519317,200772.817729637,3.0,4112078.139892779
16523.0,1271692.21541099,223960.667353377,4.0,1725268.8379814774
16524.0,1269058.7731683,225881.387291342,4.0,698864.487021713
16525.0,1275068.94975045,266005.356868431,3.0,1735858.532766783
16526.0,1268631.87473586,244897.729838818,4.0,344892.8766344051
16529.0,1272083.87045139,217390.97377865,4.0,7731452.517855283
16531.0,1277062.7013685,208148.930313185,3.0,91709.05538227309
16532.0,1290713.12224647,189873.686006472,3.0,322774.7879789795
16536.0,1253917.7657288,254869.834553033,3.0,431328.6973232316
16537.0,1277845.3212093,257431.783483654,3.0,519518.94264375226
16538.0,1268339.34481557,263486.020097852,3.0,2887918.4267820744
16539.0,1268347.37988757,264382.460226774,3.0,1598183.8383101292
16540.0,1257621.96432459,254390.132408544,4.0,1431308.026226197
16543.0,1286233.67942588,199172.971519992,4.0,694708.7894949311
16544.0,1268860.97758409,235142.314916834,3.0,3509198.9241185025
16545.0,1259327.02749434,246356.950320318,4.0,36293.81904055977
16546.0,1277069.2670005,212095.519181222,3.0,57863.22933744014
16547.0,1273485.57797283,223028.10396042507,3.0,744760.1707599763
16549.0,1266650.96036583,239377.199529171,4.0,7636353.213162309
16551.0,1278979.44127446,252600.696694702,4.0,693982.8833415707
16553.0,1273251.7375246,229671.808159232,4.0,496491.3086387282
16557.0,1280116.48658763,245793.142063737,4.0,28207762.141874813
16558.0,1275073.85432646,262724.026497066,4.0,82191.43498255953
16559.0,1268360.99537559,266131.753284559,4.0,3302126.939196752
16560.0,1254887.59088179,250440.289588496,4.0,854414.266188557
16561.0,1277204.96780065,255285.256953448,4.0,903041.230753742
16562.0,1276764.64780019,225271.003674716,4.0,1018783.8967695748
16567.0,1276656.22156008,246015.989743963,4.0,96556.39203605508
16568.0,1271461.31627476,223098.43023249495,3.0,171582.43235609162
16569.0,1271344.23185864,223284.650968686,3.0,36608.48910630182
16574.0,1276335.18840775,267591.10963805,3.0,2721091.5760842147
16576.0,1278032.9480895,222058.196759433,4.0,1274506.5186519024
16577.0,1286811.76813048,194170.07308287904,3.0,555252.9183645282
16578.0,1270638.71128191,228645.098270178,4.0,179629.4333738112
16580.0,1257753.21142872,193935.73036263895,3.0,64858.12783123867
16582.0,1272167.63832349,229444.649502993,3.0,40110.00491077386
16583.0,1278900.48479438,246480.058672443,6.0,33318773.483204603
16587.0,1276918.85848835,229816.121503368,4.0,287412.57918406
16588.0,1268601.35543983,215878.03361710897,3.0,186742.1172666693
16589.0,1265975.94666915,228969.527070507,4.0,20514956.6405747
16592.0,1270041.75377731,242777.229164645,4.0,275680.86814360664
16593.0,1279379.03961086,214395.122831583,4.0,561619.909527757
16596.0,1254981.30787389,254421.124152571,4.0,1548973.794710477
16597.0,1281397.62316494,199381.157120213,5.0,718242.5286402176
16598.0,1271369.50865866,219673.991252989,4.0,12377292.803047923
16599.0,1271362.49297866,219335.619540647,4.0,86388.36163140518
16601.0,1271205.58053049,211379.120332494,3.0,9090798.901050009
16602.0,1277741.39980119,216104.01704134,4.0,254186.83192140836
16605.0,1265702.97770886,212166.697165295,5.0,133814.0806097574
16606.0,1265570.23844473,212268.688141406,7.0,129915.23919113303
16608.0,1283771.39270337,195257.792699993,4.0,1033434.6291971264
16609.0,1275008.13759039,209365.202122435,3.0,33650.94185410009
16610.0,1278010.43602547,227042.270748541,4.0,228418.1701092847
16612.0,1282518.58809409,230447.846624017,3.0,2168071.317187643
16616.0,1279222.9637707,213439.516494602,3.0,607366.7054825026
16617.0,1279035.81714651,238368.34064813,3.0,16984227.6229958
16618.0,1259204.8312702,198515.858687326,3.0,245927.5003955112
16620.0,1281189.05234872,204467.744709417,4.0,564531.3786987782
16621.0,1281211.31903674,204469.859589428,4.0,10632061.421541918
16622.0,1277303.06898475,206798.575687811,4.0,72542.34281946068
16623.0,1283746.82975934,251184.563381255,3.0,14008.642665890398
16624.0,1264755.1410359,230644.460768223,4.0,207914.1517125212
16625.0,1265076.89790022,230636.209120214,3.0,149012.99724951762
16627.0,1275872.89138328,248339.426674336,4.0,403982.1406412085
16630.0,1275165.48895055,216166.619985402,4.0,248154.51132075695
16633.0,1259596.91741461,246015.238767967,4.0,16284.959164746504
16634.0,1286887.57408255,193534.017594218,3.0,442551.6004497071
16635.0,1274037.0227094,240651.338026464,3.0,41195.54336464072
16637.0,1275676.95941508,232171.610273793,4.0,168999.51484513414
16638.0,1283885.01548748,194231.693050936,4.0,2541293.841142456
16639.0,1265066.09508421,230210.480991781,4.0,5837430.270812278
16640.0,1278025.18239348,216171.413265407,3.0,115258.24290909692
16641.0,1275396.98616679,220843.87765418,3.0,141917.23089908616
16642.0,1275457.77803886,220717.93237406,4.0,116449.19460687396
16643.0,1285501.80390514,195880.83340463,4.0,435419.0484875255
16644.0,1278134.1001536,202753.326595664,4.0,1080778.5519365186
16647.0,1263186.54045829,197754.71615853897,3.0,1212523.7602343515
16650.0,1259201.2886142,198377.53811118,3.0,40620.248407886094
16651.0,1280789.46982031,198096.552766889,4.0,657410.0609515186
16653.0,1275184.86258258,227087.676188588,4.0,317632.82253770164
16654.0,1277041.42450447,218169.69992345604,3.0,2799026.679312346
16656.0,1276298.67109571,265919.777988344,4.0,1034555.4050941494
16657.0,1280614.43506813,198351.331455156,3.0,821884.2651496668
16660.0,1269555.57662481,227454.031132951,4.0,115416.11146264484
16661.0,1279616.14937112,227011.364700496,4.0,320825.02367732057
16662.0,1277451.62412089,206011.555591002,4.0,134522.86120676238
16664.0,1281579.83474912,220787.596950129,3.0,312133.65724585945
16665.0,1275107.40280649,222992.59189638495,4.0,503396.0396090621
16667.0,1279423.87218691,224545.915545985,4.0,421717.52531286905
16668.0,1272527.24190785,242688.812332556,3.0,1335.932432837311
16669.0,1255518.77955444,193975.691898674,3.0,44480.29974504584
16670.0,1276356.87403977,212109.479437247,4.0,679556.1432463983
16671.0,1260936.12963998,245348.212847278,4.0,42531.55728353323
16674.0,1279568.27871506,225208.573338658,4.0,122045.77993925632
16675.0,1275819.04178323,246040.707503989,4.0,165985.31889443786
16676.0,1271899.27960321,225506.256794959,4.0,508226.70098439127
16678.0,1264723.20241186,229367.691998914,4.0,113702.9982638964
16680.0,1258882.27805388,246034.507759988,3.0,159148.34033130348
16681.0,1267238.25579044,236175.899493888,4.0,226150.24215859093
16682.0,1279480.20767497,209088.515338153,3.0,48017.62606006977
16683.0,1279624.64210711,208728.419593781,4.0,1903909.9356529948
16684.0,1279961.77497147,221989.714967355,3.0,4300.05592598518
16686.0,1270130.0003694,253707.33880783603,3.0,6028002.39571745
16687.0,1264067.64535519,192982.993081659,3.0,15764.488718236107
16688.0,1270968.97342625,205455.060358435,4.0,168946.06323622246
16689.0,1264844.86717999,233681.863139331,4.0,909803.9096203244
16690.0,1280367.17049187,198767.173439577,3.0,408100.9965482518
16691.0,1276878.16069631,228447.131165966,4.0,98176.24718452035
16694.0,1272668.561204,251210.898613289,3.0,306576.5585065878
16695.0,1269684.42283294,266105.445636541,3.0,130286.37979112586
16697.0,1264031.20874715,244659.958638579,3.0,9146.410059501028
16698.0,1287990.73760368,189348.408181936,3.0,50279.52154523695
16701.0,1270597.56337787,217420.356626675,4.0,2145676.9252113854
16702.0,1268233.99563146,254229.621944368,4.0,3678867.3910297146
16703.0,1268262.30852748,229277.195422828,4.0,258328.45761228557
16705.0,1280334.33426784,198712.883199528,4.0,1834909.082617597
16706.0,1284775.25913639,257712.428283945,3.0,258842.13517025797
16707.0,1269459.55256072,194957.110203683,3.0,866592.784495219
16708.0,1285544.63718519,198203.920959011,4.0,86233.45556127066
16709.0,1285542.87993719,198078.062654868,5.0,370751.936395302
16712.0,1284750.41171236,260350.955454648,3.0,71163.18954929948
16713.0,1284658.19571227,260531.056830823,4.0,84359.04840465254
16715.0,1268103.00011133,242129.065387979,4.0,311065.4027346321
16716.0,1273540.19659689,254069.664568216,4.0,116890.30309070584
16717.0,1268255.32331148,255550.050361723,4.0,193138.1992814821
16719.0,1267581.17143878,250244.810676292,3.0,1311168.079994659
16720.0,1272497.99787582,219974.66549329495,3.0,26719.72200850436
16723.0,1281123.08038065,194931.902587652,4.0,50735.575178005805
16724.0,1282844.92076641,198954.280063778,3.0,45849.55865497949
16727.0,1263171.52573827,197100.06950187695,3.0,866083.7059712869
16728.0,1279437.68677893,225211.40994666505,3.0,1337.4891538411666
16731.0,1272917.80875625,242528.208940387,4.0,40432.86256085238
16732.0,1272362.50046769,254112.839992255,3.0,232577.9769130181
16733.0,1277378.39890482,206812.121607825,3.0,192223.82273765307
16736.0,1278663.87961014,259219.00761348,3.0,832855.4186385686
16738.0,1276738.48972017,265905.450244337,3.0,742048.4219030949
16745.0,1256556.9523555,198535.305471346,4.0,114663.2668210192
16748.0,1271278.37797058,215084.352080286,4.0,347022.9315839942
16750.0,1270153.13348942,195820.432636559,3.0,1469541.8536367773
16751.0,1272868.2156682,246128.233584076,3.0,16396.030165478496
16752.0,1274377.01547775,240068.341481879,3.0,75221.79536746712
16753.0,1281183.75647672,194958.001915678,3.0,45241.07769358036
16754.0,1278303.41445777,222055.606551424,3.0,440364.2933490333
16756.0,1274459.60158983,220302.725845635,5.0,3987351.493416445
16757.0,1271437.76907474,222154.44981552704,4.0,70825.63190825898
16758.0,1286555.51571421,204327.971077278,3.0,1030554.8741503536
16761.0,1268516.15351975,229270.927390814,3.0,152426.48898862334
16766.0,1281255.48658879,209159.943050221,3.0,82956.36942948388
16767.0,1274879.81234226,243350.605293229,3.0,3305.977482659316
16768.0,1264357.30423549,260673.663806975,3.0,1281493.838058755
16772.0,1263885.50135501,238685.757672459,3.0,361148.495030925
16773.0,1260306.06883934,255724.809849903,4.0,267822.8457563527
16775.0,1269453.1332327,194482.167291194,3.0,7719415.982083047
16780.0,1275104.84831049,209061.658122122,3.0,432.6638181117437
16781.0,1269952.25265722,212153.980685294,4.0,649676.749883655
16782.0,1280462.51052397,198575.547199383,3.0,1263043.313733888
16783.0,1278023.57343347,222928.866264328,4.0,936946.6607943708
16784.0,1263110.22666621,198822.584127635,3.0,272929.3732483555
16785.0,1276618.90303203,244696.913966611,4.0,162251.00482782535
16786.0,1271066.48696235,250176.207476228,3.0,79532.67454659003
16787.0,1275495.0998309,244724.876846641,4.0,199871.61124169847
16788.0,1275779.90015118,244716.62027064,4.0,176216.29116197184
16789.0,1270096.48004936,270100.707656622,3.0,52023.06555832265
16790.0,1282771.25228634,199261.708864093,4.0,238436.0741380925
16791.0,1284856.59161648,195240.243835971,3.0,89631.2644700208
16792.0,1285151.36070478,195236.261243969,3.0,21129.69457613524
16795.0,1273562.2122769095,227541.54863704697,4.0,808166.5883786839
16796.0,1261394.33770445,250359.22085240495,3.0,405029.52278653154
16797.0,1276963.8469044,265898.10938032,3.0,691849.8767000783
16798.0,1264241.25655536,253504.867127627,4.0,137922.0634240573
16799.0,1272679.11070801,224189.62357761,4.0,572380.2550238217
16800.0,1272204.90533152,195605.646332338,3.0,1499103.721043361
16801.0,1271033.18814632,267405.873477861,4.0,10130092.92215861
16804.0,1278316.63519378,201400.643586278,3.0,7449.499442526033
16806.0,1272644.90571597,242720.396588594,4.0,170634.37390129475
16807.0,1272666.86667599,243472.041389361,3.0,100398.6656853498
16808.0,1283362.00633495,234394.45290006703,5.0,877228.4511651589
16809.0,1278091.13957755,229226.931742772,3.0,102019.3365058379
16810.0,1276827.78060025,227049.151004538,4.0,286775.4906858434
16812.0,1275814.33509521,236797.654182523,3.0,234805.83702825604
16813.0,1278982.92453846,215920.98856115303,3.0,252825.25406428
16814.0,1286372.95174603,194179.91756288696,3.0,699239.1441607332
16816.0,1281380.30329292,271054.009865597,4.0,1563403.4685564423
16822.0,1258133.45578112,244542.191150457,3.0,174108.9048959776
16824.0,1266693.70897388,245209.564847142,4.0,184808.34713384183
16828.0,1281511.47033305,249902.467187941,4.0,312576.9833040532
16830.0,1280929.99545245,202601.651651502,4.0,544489.8782073295
16831.0,1260125.81168716,239004.380712777,3.0,728159.3430512168
16833.0,1265369.01444452,198583.827711388,4.0,3988223.5493142447
16834.0,1265540.72049269,207756.200776786,4.0,500104.71716165
16835.0,1273444.12920479,238165.86435993,4.0,4008057.498715833
16837.0,1268022.18667124,232097.515617713,4.0,6842615.678238685
16839.0,1283191.40927877,194220.55986692,4.0,3702068.368277247
16840.0,1277918.02213737,244957.432110876,3.0,22110.552017018148
16841.0,1276059.82149547,244708.534638628,4.0,130412.5556023048
16843.0,1266163.70282933,215222.377424434,1.0,0.0
16844.0,1283383.88985497,232632.670370266,4.0,231764.84339178877
16845.0,1278365.89791383,256578.006010786,3.0,1352631.1151698933
16848.0,1261060.73501611,193841.986426532,3.0,175604.23004350608
16849.0,1274334.8095257,222095.50511147105,4.0,2056556.703005272
16850.0,1276674.08108009,246575.505968541,4.0,61935.26496704188
16851.0,1276699.28248812,247351.98340933,4.0,68036.38665650472
16852.0,1261872.48176894,198448.22527925705,3.0,518121.4593518817
16853.0,1261596.86845666,245866.101551816,4.0,234023.05133026687
16854.0,1260900.32323995,245881.449007824,4.0,122798.611111035
16856.0,1261391.38295245,192502.07768917095,3.0,1508920.2221614306
16857.0,1284635.06156825,204376.839429319,3.0,622343.4886947037
16859.0,1272523.24197185,224452.92456989,4.0,2013389.17245479
16861.0,1273534.73432489,253534.421879664,3.0,35929.01832206185
16862.0,1272104.67192341,232768.242594391,4.0,1087533.2176320322
16863.0,1257254.57366821,193983.513402686,3.0,2235.662982244929
16865.0,1273173.69042051,267338.021253794,3.0,14195354.90673742
16867.0,1273819.59563717,220878.118102223,5.0,8319805.007253878
16868.0,1274631.81714201,220860.610582203,3.0,511196.7122060309
16869.0,1255779.8820827,191311.416055948,3.0,52263.78564857526
16870.0,1278350.83954582,236736.16247046,4.0,179888.09055723084
16874.0,1276671.0895921,244695.812910616,4.0,523766.57640784833
16876.0,1273578.06398892,204627.838213578,3.0,12793.117996830742
16877.0,1264543.74513167,198706.963583514,3.0,1040646.6147073222
16879.0,1276986.61324042,247986.179377988,3.0,6966.752784371692
16880.0,1269311.80580856,204946.524293914,3.0,55274.59672370145
16881.0,1276152.79864757,248334.46046634004,3.0,185757.17750297143
16886.0,1266330.55255751,260882.82316719,4.0,330229.05983314925
16887.0,1271209.2386425,212119.018125251,4.0,3490058.6225285637
16888.0,1282799.44057436,246786.165680751,4.0,14373462.608016402
16889.0,1282799.22399837,246845.396208808,3.0,78986.84408685024
16890.0,1275000.28229438,202866.131779775,3.0,91653.90475536714
16892.0,1285557.5232652,249707.748403743,3.0,76814.1926341808
16893.0,1266305.05655748,258901.078141153,4.0,561596.5958083029
16894.0,1272851.17566818,250112.440500155,3.0,106952.59656722016
16897.0,1273603.34610096,259703.385917976,3.0,87501.10847934039
16898.0,1287315.71565099,204867.046405822,3.0,61345.30696938735
16901.0,1278209.29324166,201989.283842877,3.0,3175.1038905462287
16902.0,1276738.98124017,247855.001777843,4.0,55259.60666697838
16906.0,1280996.47302052,204445.662085399,3.0,231514.8722062877
16907.0,1277225.47794466,207610.355272636,4.0,418221.3357342356
16908.0,1263062.83895417,241451.387627289,4.0,720153.8862109225
16910.0,1269441.77438469,194146.860538855,3.0,7677351.10463586
16913.0,1260894.79901594,245615.143727556,4.0,148415.61230615532
16916.0,1283115.4530547,226624.519324109,3.0,1294565.688850114
16919.0,1286135.53068979,252458.434870556,3.0,1166727.6144372495
16920.0,1282982.73971055,226418.8264599,3.0,1357038.7916526045
16921.0,1269989.01732925,227930.863517448,4.0,480633.8670027732
16923.0,1285518.91315316,191843.01176849,4.0,1908906.7192872665
16924.0,1265661.63294081,250896.834612966,3.0,79848.82014143384
16927.0,1265352.0305725,209466.915850535,3.0,177323.32174904735
16928.0,1271262.3852025603,222158.239511535,4.0,80929.98322756773
16929.0,1266675.92292586,244049.210541949,3.0,9141.751472011065
16931.0,1265161.02468431,228055.297309577,5.0,9267992.4706964
16933.0,1274814.16159019,248748.249330759,4.0,445567.770702994
16934.0,1275203.36683859,248605.028530613,4.0,564347.3128957073
16935.0,1269732.77636899,227270.995036766,4.0,962252.529493067
16936.0,1286288.51097794,198068.745726869,3.0,398849.7736487996
16937.0,1272776.10725211,211986.869453117,3.0,84528.4230620362
16939.0,1263811.83517893,231571.688545167,4.0,1697496.2594249642
16940.0,1272464.40709178,232192.218145803,3.0,80116.81475502274
16941.0,1255403.43625832,191798.85996045204,3.0,144887.42242673648
16942.0,1285268.9799049,252476.45349457895,3.0,216867.2982495492
16943.0,1270080.45713735,202754.209091663,3.0,32885.49180718145
16944.0,1269757.85412902,203607.798276544,4.0,6340716.632785039
16945.0,1284641.42016025,195243.149691969,3.0,196898.79413587865
16946.0,1269635.33368088,218948.287956253,3.0,190766.9209918345
16948.0,1267919.24753514,200598.172417462,3.0,7784645.578743046
16950.0,1279324.24313082,209605.81351468,3.0,132487.42754854247
16951.0,1271567.20709087,231302.635296896,3.0,596173.8021393068
16952.0,1286639.0968983,199163.226495981,3.0,220431.5139332186
16953.0,1268377.2105436,267459.199813917,4.0,5050544.342478151
16954.0,1280633.63257216,231763.029025376,5.0,14980691.070234455
16955.0,1271967.68401928,254976.992121145,3.0,563825.7261790058
16956.0,1264072.0662832,246824.941168785,3.0,468947.6871717543
16957.0,1270740.71697803,246456.91275242,4.0,11055289.710851282
16959.0,1269008.40088025,229258.209566802,3.0,5895.610205009542
16960.0,1267106.3489103,192358.876921013,3.0,965893.5478474168
16964.0,1279336.13119483,234615.135908291,3.0,973748.06807322
16965.0,1286187.31270584,208614.978569672,3.0,454980.94023242575
16966.0,1259170.84375018,197054.79007782004,3.0,1852064.3187670105
16967.0,1271783.78181109,265163.705987573,3.0,78549.56193741818
16968.0,1264748.16401188,241902.385387748,4.0,254361.51361943493
16969.0,1275871.74213527,248260.008498266,4.0,425174.7726797368
16970.0,1276150.12543157,248157.712114155,4.0,306157.6103219183
16972.0,1257543.98678851,250431.632116482,4.0,435932.57197704446
16976.0,1262939.83031404,254332.201464474,4.0,3207479.202963633
16979.0,1272731.78616406,246131.999984086,3.0,98565.9683518152
16980.0,1266065.30474924,231516.650913119,3.0,7773590.815110305
16982.0,1286677.32717034,204324.872645274,4.0,1193476.8063509187
16983.0,1261823.15146489,196470.787325233,3.0,111618.91897625898
16984.0,1273869.57195723,250077.579060122,3.0,231894.67410296333
16985.0,1286131.79052979,251795.685493886,3.0,19448.51457705516
16986.0,1277158.7854646,207600.804424629,4.0,238853.5370082489
16989.0,1267757.45879896,200758.012673616,5.0,25581778.13398228
16990.0,1283245.56300683,229608.883423164,3.0,1385978.7139351966
16993.0,1282818.00319839,199264.215744093,4.0,420887.03141392354
16994.0,1276229.02847165,219495.4948688,1.0,0.0
16997.0,1278621.8409541,200485.223489344,3.0,21715.956098396047
16999.0,1275148.11691853,215449.346768662,3.0,103682.00486043825
17001.0,1277617.84133707,214430.12180762,4.0,265242.53160397575
17002.0,1276283.4945837,261948.619584277,4.0,3242896.6791489464
17003.0,1272168.67339548,251003.737269074,3.0,181210.6540173276
17006.0,1267368.33329457,232113.583457723,4.0,803354.5548644941
17007.0,1283764.28115135,204399.441413343,4.0,883479.366035
17008.0,1276030.89042343,203205.366020128,3.0,33013.581907905915
17009.0,1276093.87295151,203153.289668068,3.0,1018491.850617034
17010.0,1275700.1719591,242559.926124424,4.0,1234936.2904661964
17011.0,1275980.00831139,242549.602604419,4.0,1971795.2445893008
17014.0,1259247.72419825,246022.250543967,3.0,9026.273321731454
17015.0,1267403.7663186,234092.85737974904,3.0,89317.05911490397
17017.0,1270170.30206543,223100.499160498,4.0,360852.8000792649
17018.0,1276157.50827956,248662.751154676,4.0,69659.93472590607
17022.0,1283268.19814286,229498.723871052,3.0,1283995.6468862938
17023.0,1264404.92356354,229525.677215084,3.0,4247.688644322242
17025.0,1270247.00075352,266986.051141441,3.0,498486.6366723076
17026.0,1267297.1913425,229301.874526843,4.0,158572.9493661874
17027.0,1264478.14749961,269043.21331954,3.0,501381.154433456
17028.0,1268424.50705566,271327.628425881,3.0,384425.9794303921
17031.0,1276151.17330356,248229.787442237,3.0,76480.98318196
17033.0,1265665.51780483,212131.867853269,3.0,16520.59857007186
17034.0,1273503.67006885,224060.35548147603,4.0,34424.11310673094
17037.0,1276844.45669627,218570.44193986096,3.0,12321896.479358366
17039.0,1276167.55224758,249345.855795369,4.0,1491694.9425490438
17040.0,1270329.9871216,219694.53019700904,4.0,12189402.270973086
17041.0,1279698.99071519,230502.226144075,4.0,389831.0732658095
17042.0,1259104.7750141,246209.385008156,4.0,89097.39751049677
17045.0,1268425.84657565,271441.129482001,4.0,384843.9915347322
17046.0,1267861.63313508,228124.425437644,4.0,183863.33796859323
17047.0,1273011.18386035,254072.977848217,4.0,982401.6874433522
17049.0,1285544.02400118,198803.882687613,3.0,76745.73016817652
17050.0,1285550.74150519,198458.69081527003,3.0,45195.10338777339
17051.0,1274410.08760577,222701.060952082,4.0,796792.7066973912
17052.0,1283259.42975885,195266.749052003,4.0,1194270.767864385
17054.0,1265271.19409242,255623.54008980104,3.0,41555.10079654005
17057.0,1277396.67052084,217447.93038670704,3.0,458265.71415581513
17059.0,1272973.98219632,218833.845588133,3.0,79440.64619214532
17060.0,1282415.87730998,206074.16442306305,3.0,695296.0967878049
17061.0,1261718.79504879,242267.874860123,3.0,271863.0449389492
17062.0,1263946.89425106,239704.344873503,3.0,1110718.4244823414
17063.0,1287741.78137943,193079.34360975,3.0,692965.777579316
17064.0,1271213.72945851,212025.16858916,4.0,13718331.804746948
17066.0,1274255.94974962,218740.19746004,4.0,666137.2291099872
17067.0,1271068.99224235,197021.64313378895,3.0,4484270.455745484
17068.0,1286280.71904193,204876.467973843,3.0,65210.77658157805
17069.0,1265783.34762895,227838.30070135,3.0,14968.54527466603
17070.0,1273955.99730131,223380.02876079097,3.0,31012.0854453342
17074.0,1279035.47564252,200033.435008883,4.0,3833945.6064331313
17075.0,1284606.43827222,244556.070382476,3.0,987948.9669452409
17076.0,1273287.89163662,220890.78965424,3.0,1054651.840953799
17077.0,1279676.05209117,208753.11412181,4.0,786377.0434339532
17078.0,1282880.68249445,265712.430340126,3.0,47682.99216126655
17079.0,1281515.57305306,216035.582801268,3.0,1575827.8993530138
17080.0,1276703.92223212,247684.673393667,4.0,101196.30561192708
17083.0,1282859.95257443,197642.802366436,3.0,24671.47046939338
17084.0,1278040.7985215,245330.449071258,3.0,8815.066830127256
17090.0,1282750.17126232,231627.558881223,3.0,190805.26967998425
17091.0,1269662.51896092,202164.971139058,4.0,11144379.84011214
17094.0,1281410.01356494,243574.13009347,3.0,607164.5606837703
17095.0,1281634.87366118,243569.675053462,3.0,558310.6839147015
17096.0,1279530.56812303,209105.731850162,3.0,69175.09337850923
17097.0,1265548.2289727,208406.053129449,3.0,55806.022602892495
17099.0,1277607.27442506,199469.9552003,3.0,35923.66272986009
17100.0,1267239.60619044,226175.679963648,3.0,12910728.375747168
17101.0,1277912.95525737,257343.912251562,3.0,671459.4116322657
17103.0,1274090.21618146,252755.723958865,3.0,187260.95391222436
17106.0,1273497.2865808497,223692.26831310996,3.0,288833.6887790729
17107.0,1271431.70673873,221871.895319238,3.0,117961.54456592815
17109.0,1282742.07711831,225174.083226621,3.0,1227529.7558301997
17110.0,1268401.59531163,240536.828778356,4.0,1035150.1413977208
17113.0,1268799.68248004,234349.022564024,3.0,11074671.112909537
17115.0,1276369.26872778,207401.210312426,3.0,84778.0
17117.0,1276372.9773358,207527.172680557,1.0,0.0
17118.0,1285639.41190527,196323.755773082,3.0,48109.10221776804
17119.0,1274338.9059737,222396.594071776,4.0,521148.9787343944
17121.0,1269842.73681711,231886.20598550103,3.0,27062.997542755133
17122.0,1269937.5128812,231883.842785493,3.0,57284.92984530728
17123.0,1271666.99102697,247492.498929471,3.0,24566.349759836183
17125.0,1276264.79384768,260122.170174405,3.0,55289.35760009718
17126.0,1269616.88523287,231930.596321538,4.0,453551.7117537776
17129.0,1261370.72093643,202468.547971368,3.0,55956.17975710143
17131.0,1271072.05355436,225948.328411415,3.0,244370.08282632992
17132.0,1276406.21842383,260117.591102406,1.0,0.0
17135.0,1275937.22098334,218672.883347958,1.0,0.0
17141.0,1278108.41612157,214193.193807378,1.0,0.0
17145.0,1281978.25548553,222114.424343482,3.0,133648.71180496
17146.0,1282737.6266863,274994.471821636,3.0,49293.18800786766
17152.0,1275138.41650252,203465.69984439,4.0,2415415.566486897
17153.0,1270806.86936209,219691.767765,1.0,0.0
17154.0,1258016.84048499,195750.58399649,1.0,0.0
17155.0,1284954.25708857,186686.213363215,1.0,0.0
17156.0,1284983.09529661,186687.731059209,3.0,84778.0
17157.0,1281047.83903658,195953.718780696,3.0,36074.14080337743
17158.0,1282826.1186544,280057.081746817,3.0,2506213.441618399
17159.0,1283244.33011083,280687.07029146,3.0,5547168.657993544
17160.0,1277510.41471295,201494.606658369,1.0,0.0
17161.0,1277921.87288937,201488.18278636,3.0,75970.52490327557
17164.0,1280973.8674525,194931.941947654,1.0,0.0
17168.0,1277807.87116125,204106.521029055,4.0,1303297.9671986809
17170.0,1267954.55422316,229285.582878828,5.0,751967.0007400874
17174.0,1284989.42073661,186875.403635398,1.0,0.0
17179.0,1267910.55428712,171337.499619499,4.0,3161727.9060291527
17184.0,1268246.07300746,200806.767489672,1.0,0.0
17190.0,1272688.75934802,217096.869394347,1.0,0.0
17191.0,1268795.13656002,279402.071890146,6.0,20464866.40066326
17194.0,1289354.06259708,180472.898028851,1.0,0.0
17195.0,1289384.39194112,180472.338348851,3.0,84777.99999999999
17196.0,1288431.86662814,191618.441720262,3.0,62790.63958749055
17199.0,1288619.59789233,191395.492984027,6.0,553654.0791573392
17200.0,1289550.37357329,180559.079276934,3.0,226366.8263340296
17206.0,1274341.29016571,222498.630231887,3.0,932612.9200368295
17208.0,1289103.64614883,191253.37778388,4.0,159094.66674835098
17210.0,1288526.28410023,191505.713592142,3.0,17049.699828364755
17211.0,1288760.64678848,192479.566585138,3.0,530489.1164499023
17214.0,1267378.67121458,232522.352674142,3.0,22633.00392021937
17215.0,1288709.99238843,191289.078199923,4.0,561168.7756963306
17216.0,1268928.64024016,235138.171940818,3.0,10948313.783117522
17217.0,1260111.15127113,238157.91261591003,3.0,284525.3822892037
17224.0,1260344.61437538,201812.424258694,4.0,1393598.3282137148
17225.0,1281159.70399669,229613.142623171,1.0,0.0
17226.0,1254155.43747304,248001.962098002,3.0,42457.093589928816
17228.0,1254140.91811302,248002.860722005,1.0,0.0
17231.0,1282578.47084615,246548.177328512,3.0,50336.67687610313
17233.0,1270527.7459058,177545.37335385397,3.0,6281830.935020416
17234.0,1270170.14884944,176688.321640968,3.0,1858089.5779024728
17235.0,1269704.04484896,175211.869863465,5.0,13439940.399577515
17236.0,1269971.45540923,175543.133927792,3.0,576861.2260441519
17237.0,1291098.14541487,171924.596580088,3.0,64338.068510477184
17241.0,1290216.21216597,171963.275940135,3.0,190530.90660572695
17242.0,1255083.34275399,194742.819643453,3.0,216372.5157918549
17243.0,1254918.55043381,194747.050235465,1.0,0.0
17244.0,1290977.90778275,172614.427236795,4.0,146023.392209288
17245.0,1291195.76135097,171943.493860111,3.0,78444.58316671132
17246.0,1280390.4729559,173075.47907728,4.0,887692.2230005572
17247.0,1280232.97554775,172648.183012828,3.0,988359.9886909612
17248.0,1280082.02469958,172236.775716409,3.0,3479502.9064835585
17250.0,1270300.86744156,171464.91017963,3.0,325363.6421571803
17257.0,1285022.14675264,279803.419538558,3.0,3057042.6852483694
17260.0,1295795.00481167,185152.817137644,4.0,475752.69932442886
17267.0,1282039.23929359,271038.094537586,3.0,165679.91810465726
17268.0,1296215.16634811,183560.518192008,4.0,107131.05765071767
17269.0,1296872.19489278,183529.89092797003,3.0,20568.96325282355
17270.0,1292371.70292017,179997.521708354,1.0,0.0
17272.0,1273451.99602079,204374.147781327,4.0,71978.17875849438
17273.0,1282987.71148656,228229.399005756,4.0,241998.4324123397
17274.0,1273340.42142868,204567.999429524,4.0,28763.14085264689
17275.0,1273277.68005262,204677.644549638,4.0,1100149.0681653805
17276.0,1271517.01265882,213488.811342657,1.0,0.0
17278.0,1269074.70027232,224902.20092234,4.0,144423.11906112867
17279.0,1295727.6958836,182278.49713470004,3.0,152863.5117386347
17280.0,1296029.47706792,182287.642798707,1.0,0.0
17282.0,1272653.88440397,223464.039448872,3.0,42389.99999999999
17283.0,1281376.95161292,286973.124697909,3.0,3754337.4271332338
17284.0,1272950.16562028,205282.835270256,4.0,980350.1520249018
17285.0,1283199.07199878,228239.565981761,4.0,1218271.9565371352
17286.0,1281394.25900494,271707.667018265,3.0,939177.3510883988
17289.0,1268861.1285601,225270.388506725,4.0,71162.2094257524
17290.0,1273589.98981294,204131.105669066,4.0,151278.96979811764
17291.0,1272436.36613175,206349.50343135,3.0,1487687.3637611135
17293.0,1279755.71826725,207150.17536816,1.0,0.0
17296.0,1272459.33720379,223036.488792434,3.0,60391250.306328185
17297.0,1273636.61144499,246714.367920682,3.0,153005571.59932116
17298.0,1288313.27731602,173879.904038101,3.0,47758.1076919095
17299.0,1288311.07616401,173726.536869943,1.0,0.0
17300.0,1271064.80094635,225646.88476310705,3.0,2217216.7192854467
17301.0,1271299.35429059,227368.689436868,3.0,2534534.018816948
17303.0,1271600.87960291,224513.719065949,3.0,12580374.7179196
17307.0,1288345.72013205,171556.222627714,3.0,265914.0698880762
17311.0,1289048.49760477,171665.730595827,3.0,272967.56790607265
17313.0,1265732.95204489,284756.976215631,3.0,66941.70193084782
17314.0,1269687.84472094,175894.46397616,3.0,762409.9595073281
17315.0,1271636.10725094,262081.397888407,4.0,6974663.638677656
17316.0,1272295.52785961,262062.2952324,5.0,12086959.361009974
17318.0,1282024.60614158,172497.51965268,3.0,20355057.93961762
17319.0,1284522.02732813,172750.970916942,3.0,19486427.54029848
17320.0,1283898.43801549,173195.914533392,3.0,20165451.733042687
17321.0,1284919.99699254,172724.54211691,3.0,854495.6189643602
17322.0,1270205.42699347,175890.366504148,3.0,925880.2941044698
17323.0,1270309.14040159,176676.30493696,4.0,5498327.791703496
17328.0,1270644.42878592,175011.64810325197,3.0,883576.61470501
17332.0,1278597.61036207,287064.627737999,3.0,4049308.146080565
17333.0,1282976.55929455,279236.878033981,3.0,1105687.3803731687
17335.0,1286968.65401864,283638.895766497,3.0,115746.91643441812
17337.0,1260857.87715991,243194.636781082,3.0,84777.99999999999
17338.0,1295130.432971,184530.550000995,4.0,191255.7078417617
17341.0,1279216.3729227,237246.017766982,3.0,144812.09980413233
17342.0,1263147.60810624,241691.831403539,4.0,504615.0924499944
17346.0,1289970.49478972,172275.113572448,1.0,0.0
17348.0,1289412.81280515,170835.914658979,1.0,0.0
17349.0,1289986.49312574,170823.864482969,3.0,42406.33333333333
17350.0,1269774.70968103,279386.997138143,4.0,20361067.83117806
17359.0,1295135.344331,184810.890673295,3.0,217027.0147644139
17364.0,1296895.4799488,184308.602288783,4.0,531084.6084532886
17365.0,1297030.03412494,184301.561008766,1.0,0.0
17371.0,1269773.04465704,278996.096657738,3.0,371652.7535676213
17373.0,1288878.66003659,169530.679777637,4.0,364935.0279397509
17375.0,1296915.06062083,184824.884721309,4.0,1458417.7595621168
17378.0,1294793.82765865,179216.123627558,4.0,48935.72158148896
17379.0,1283750.42451134,276137.667662814,4.0,2771133.8595462493
17387.0,1276817.88556024,285486.040344387,3.0,82048.34655252068
17388.0,1278918.8968264,260529.88031882,3.0,478632.6249969655
17389.0,1296875.57646078,183664.910384119,3.0,89764.85635595937
17391.0,1280041.43884355,271095.449417651,3.0,2603562.9526781635
17392.0,1288893.25773261,170389.512674525,3.0,47048.21199545155
17393.0,1295777.46317966,184620.322481096,3.0,175196.091301309
17394.0,1278604.65957807,212349.197773486,3.0,2072963.0000113384
17395.0,1279238.57298672,237354.09789510103,3.0,16636009.447047403
17399.0,1260721.14218377,204457.304453403,3.0,389635.36163917865
17400.0,1266892.46775807,284736.405719608,3.0,315507.4725506762
17403.0,1289958.4849337,169483.745505601,4.0,152955.84913556266
17409.0,1281728.49254127,280595.339859366,3.0,2607635.2633061744
17413.0,1268799.90948804,279246.287761986,1.0,0.0
17415.0,1296887.0468608,184044.374512509,3.0,309578.272550101
17416.0,1296208.45870011,183295.341551736,3.0,28633.982982112404
17418.0,1285446.92051308,278990.798801735,3.0,175041.10515945492
17420.0,1267116.7229263,278763.79988949,3.0,924392.223513145
17421.0,1295786.60980366,184863.954225346,3.0,131105.7624551599
17423.0,1296881.06951679,183790.760816246,3.0,182355.73354594904
17425.0,1277924.25477737,209194.307466254,3.0,358263.47092342033
17426.0,1283294.96614288,188653.16478923,6.0,26177872.19698319
17427.0,1283026.48044661,193286.898681968,3.0,3229956.9498838475
17428.0,1284195.3038718,185928.438002437,3.0,1534818.9061802449
17429.0,1275785.10911119,285669.890392572,3.0,84778.0
17430.0,1275790.04645519,286141.749337047,1.0,0.0
17431.0,1290392.33971815,179408.839147761,3.0,6100636.577837847
17433.0,1276051.73720746,205845.431302831,1.0,0.0
17434.0,1265792.35217296,207753.833608776,3.0,84778.0
17438.0,1275351.58763875,285691.688280597,1.0,0.0
17439.0,1271623.62270692,236937.701094672,3.0,113799.73933397888
17440.0,1287930.11104362,186954.898547485,1.0,0.0
17441.0,1271837.90833914,172044.350244209,3.0,737107.7415583918
17442.0,1272051.76779537,172108.628324285,1.0,0.0
17443.0,1257710.60886867,258425.295932665,3.0,117685.48527544938
17445.0,1272798.52024414,233686.14793933896,3.0,491700.7234202359
17447.0,1258971.05450197,247749.225777745,3.0,48989.42460278352
17450.0,1268091.38398331,187373.764787912,3.0,21916.0494910622
17451.0,1267810.60900702,187373.356979907,3.0,36703.4269307942
17454.0,1268196.61310342,285709.078616604,3.0,279081.75997135165
17455.0,1278306.38194577,246020.948015973,1.0,0.0
17460.0,1269118.12113637,281824.434836626,3.0,66681.55043703482
17462.0,1268629.93508786,186773.0855553,3.0,42534.99953379958
17464.0,1268109.06148733,187013.949939549,3.0,100219.95001587688
17465.0,1267877.46839909,186981.983475506,3.0,117696.45731992045
17466.0,1269340.56260858,281838.099860638,1.0,0.0
17467.0,1268195.16497542,285573.874200478,1.0,0.0
17468.0,1278756.74028224,246487.686960444,3.0,643997.9840812872
17471.0,1268126.96139134,187247.502259791,3.0,59864.54561691487
17472.0,1267830.04331104,187249.380211785,3.0,76344.02491243508
17475.0,1271414.43973072,276700.90574339,1.0,0.0
17479.0,1287923.46803562,186754.315571278,1.0,0.0
17483.0,1274090.92677346,204923.192645878,3.0,98896181.68058896
17484.0,1273306.78955665,210362.367115453,3.0,98834297.02011316
17485.0,1279925.36921142,260514.031934813,4.0,3321465.164683735
17486.0,1282039.25343759,193770.765818462,4.0,403523.016040853
17489.0,1263855.87210697,242409.454636276,4.0,3899526.920562394
17490.0,1263578.14109869,242414.087468281,1.0,0.0
17492.0,1273431.19224478,200312.665793166,1.0,0.0
17496.0,1266067.27978924,275697.035342351,1.0,0.0
17505.0,1265594.87978876,207751.670280784,4.0,226145.87779610776
17508.0,1275510.3317669,217611.53141087305,3.0,51117.98567213495
17509.0,1265304.67895645,212667.495053813,3.0,97853.55155221646
17512.0,1269823.79588908,248814.179634824,4.0,449314.03045429295
17513.0,1269995.48190525,248565.947250575,4.0,217692.42660994385
17514.0,1278107.14872956,247382.71339336,3.0,183343.6079557917
17517.0,1283227.4495348,195267.608955994,4.0,3456175.1838751403
17518.0,1280827.56159635,193994.620346695,1.0,0.0
17519.0,1280101.58373961,201973.610626861,4.0,161878.36538785585
17520.0,1270319.04260959,249360.717299387,3.0,269316.831640564
17521.0,1280325.61477983,212624.09652577303,3.0,500209.0684455615
17523.0,1278376.89164184,247113.792625085,3.0,1427.4846341672442
17524.0,1279348.29260284,213492.974414662,3.0,117341.82318036968
17525.0,1270588.06571387,249681.031283721,3.0,203607.53980364665
17526.0,1282797.44742237,199263.236800089,4.0,2144152.443469587
17527.0,1283218.6270708,194224.820026934,4.0,10993791.9890906
17528.0,1265268.13246042,212598.592973739,3.0,68961.117683167
17529.0,1278343.9963458,247175.883057147,3.0,158909.6788769353
17533.0,1279184.47698666,236126.771301836,1.0,0.0
17535.0,1269247.08446449,248102.935986102,3.0,460304.6545222158
17542.0,1290850.20794262,172763.837668955,3.0,15400.273671938428
17546.0,1279320.81593081,213543.647822708,3.0,56651.60950347553
17547.0,1290302.22739805,173107.844517305,4.0,248474.2102254452
17548.0,1288958.49747668,175203.191079453,3.0,155524.53726235722
17549.0,1280067.45292357,197614.544510394,1.0,0.0
17550.0,1264924.95761207,213253.404686421,3.0,112418.58961217765
17552.0,1267193.80638239,226766.022940248,5.0,1764482.7840280964
17554.0,1269475.93438473,227110.660380602,1.0,0.0
17557.0,1274283.00222965,252348.668662444,3.0,2023776.141190002
17558.0,1273560.18117291,229028.980062574,1.0,0.0
17560.0,1280077.71205959,205497.417862475,1.0,0.0
17561.0,1270323.67908959,228931.685662463,4.0,67441.19178816133
17562.0,1270540.46411382,229170.026718706,4.0,62734.92545371006
17569.0,1263874.54071499,205681.220294654,1.0,0.0
17570.0,1281180.44870071,201941.489922836,1.0,0.0
17573.0,1274966.84895036,212594.510605738,3.0,1721548.095454072
17574.0,1273289.44350863,200846.542977706,1.0,0.0
17575.0,1278916.2626504,260318.805950612,3.0,165160.78798839645
17576.0,1278917.83314639,260444.661310732,3.0,529703.8800638119
17577.0,1277925.24588138,211105.28852421,3.0,183325.93517689497
17578.0,1275457.68850285,214871.582864076,1.0,0.0
17582.0,1278085.16127354,211097.92833221,3.0,84777.99999999999
17588.0,1275794.42047119,215168.245008379,3.0,126226.8126600968
17591.0,1269407.64350466,239598.402153388,3.0,56889.65481446023
17596.0,1267002.0164302,230355.775007933,3.0,4071675.931997053
17599.0,1260388.23799142,204468.342469424,4.0,156269.27805329353
17611.0,1281041.66290857,197589.303422377,4.0,127164.0
17612.0,1281041.45458858,197579.188926369,1.0,0.0
17617.0,1278359.77093783,212491.760205641,3.0,808067.1152415312
17619.0,1273536.1766288895,225900.83279536705,3.0,9420.666768137831
17628.0,1270976.07313827,229208.753310755,3.0,386589.589393835
17629.0,1281709.07494125,271046.529865593,3.0,193810.48103055067
17630.0,1274507.14514188,175815.53495207397,3.0,1040139.8817383382
17632.0,1285304.97030494,260338.049342632,3.0,99778.44614211174
17633.0,1286447.50445011,185410.672945902,3.0,127380.68863249928
17634.0,1280677.0504282,232271.185825884,3.0,124651.93389804548
17637.0,1264252.33194737,280445.433683217,1.0,0.0
17639.0,1278109.23698556,212149.88884528,1.0,0.0
17640.0,1275069.97931845,235488.294245183,3.0,709977.7024293175
17641.0,1275078.88479047,235821.00125353,1.0,0.0
17642.0,1293274.75751309,189046.598069623,3.0,46487.32988834672
17644.0,1270069.18878533,284872.325719759,1.0,0.0
17648.0,1265454.23409261,233731.789859384,3.0,296677.1334345568
17649.0,1268475.32580771,284714.277143598,4.0,119703.79601003474
17658.0,1272966.7436683,224004.459289417,1.0,0.0
17661.0,1265699.56234886,229768.554015324,3.0,11423.78756560075
17662.0,1271312.92248261,263084.174081445,1.0,0.0
17663.0,1270813.0747381,226439.833691925,3.0,570497.9108105489
17664.0,1270199.31057747,264958.128643364,1.0,0.0
17665.0,1256881.84176382,256779.777594984,1.0,0.0
17666.0,1270099.06174536,264926.408259332,1.0,0.0
17668.0,1281856.6563174,252056.307062149,1.0,0.0
17674.0,1253676.41219255,251117.031349182,1.0,0.0
17675.0,1262688.81181778,258825.26431708,1.0,0.0
17677.0,1262269.41367334,264248.568386629,1.0,0.0
17681.0,1257099.95747605,195799.93433255,1.0,0.0
17682.0,1277844.2604733,250301.367604345,1.0,0.0
17685.0,1283244.84582283,246057.666800007,1.0,0.0
17693.0,1264045.32945116,245346.17246328303,3.0,75014.7357691858
17696.0,1274341.24715771,242722.260396585,4.0,728098.9688842762
17697.0,1267089.66097428,187795.656692341,1.0,0.0
17699.0,1275373.07122277,218100.807699382,1.0,0.0
17700.0,1270849.90078613,248582.927474588,3.0,99756.92987680422
17703.0,1256455.9892834,194894.878395617,1.0,0.0
17705.0,1283657.46771125,255112.035193279,1.0,0.0
17706.0,1276786.84920821,257288.632187501,1.0,0.0
17707.0,1267514.73815872,235422.983653113,1.0,0.0
17709.0,1271767.08600308,216595.246097833,1.0,0.0
17710.0,1280596.48959611,186877.907187402,3.0,527125.3512623174
17722.0,1281504.53727704,229023.458078563,3.0,38093.0709544297
17723.0,1261524.50474459,283688.880278543,1.0,0.0
17726.0,1278103.74354556,284766.047703639,1.0,0.0
17730.0,1271554.05848286,212849.461582005,1.0,0.0
17734.0,1275869.38322328,286555.733145475,1.0,0.0
17735.0,1264015.91089113,259707.166717976,3.0,6450785.343628588
17739.0,1267741.63172695,272781.175371364,3.0,115251.21754999958
17741.0,1275560.12434296,220153.165461481,1.0,0.0
17742.0,1268849.16728008,190926.520823553,1.0,0.0
17743.0,1273053.0807564,195121.138107851,3.0,200223.7915842229
17744.0,1278480.13356195,268491.003526971,3.0,26720.45646546896
17746.0,1285221.37536085,195884.159228623,1.0,0.0
17749.0,1276687.41176811,259943.124606222,1.0,0.0
17754.0,1270464.01572974,210015.198219106,4.0,127164.0
17755.0,1270149.22603342,209801.234698877,1.0,0.0
17758.0,1279508.601659,213159.125326321,3.0,169067.7796102515
17759.0,1272668.50705999,180430.975852802,4.0,474508.2184957004
17761.0,1285412.39366505,169808.020385921,1.0,0.0
17763.0,1271088.69854638,275192.461901844,3.0,61843.31748542447
17765.0,1276193.9888556,228043.284829557,4.0,121440.28341552678
17766.0,1261365.44567242,257795.944508031,3.0,887351.1210395242
17767.0,1264697.25725983,239687.99876149,3.0,226643.3311857938
17768.0,1273700.29374905,204439.648005396,3.0,26148.447997511405
17769.0,1273858.35410121,204196.292869136,3.0,28778.62336782359
17770.0,1273197.48958854,242668.356332541,3.0,78362.60574266085
17777.0,1277426.51820087,220062.10562138297,3.0,5788.802559020301
17778.0,1279207.6947787,204025.224644959,3.0,182119.27565232135
17781.0,1277419.57599287,241428.055659264,3.0,259272.14959656104
17783.0,1277442.23672889,243850.711213753,3.0,6809.194090153915
17785.0,1276882.98847231,243265.740653142,1.0,0.0
17786.0,1276750.75775218,243124.785517007,3.0,190541.77239445745
17788.0,1278684.23685816,244360.66135826695,3.0,89295.72040817753
17789.0,1278786.24780226,244381.991342291,4.0,313443.2034867466
17790.0,1276427.29746385,248001.730481997,4.0,200413.556045782
17791.0,1271891.5204352,175231.08272747704,3.0,49332.54448927908
17793.0,1268727.31844796,211089.883404195,3.0,3153906.468682867
17796.0,1273979.56549335,198861.988223672,3.0,84778.0
17797.0,1273968.72165333,198596.500223413,1.0,0.0
17798.0,1281359.3928929,218768.916564062,1.0,0.0
17799.0,1272013.74955532,243517.780141398,3.0,78346.91802124897
17801.0,1274608.44939798,212512.81626965097,3.0,5027533.887413513
17803.0,1265885.69975705,212159.95930929497,3.0,634691.5688194099
17808.0,1274807.22066219,220383.658453718,3.0,7798385.327086532
17809.0,1266542.84612572,212166.808397308,4.0,978447.6906685124
17818.0,1278298.95640977,201487.141122371,3.0,31634.753704340947
17819.0,1279307.43737079,284555.736471429,1.0,0.0
17822.0,1279510.668603,179805.311148167,1.0,0.0
17823.0,1287278.92243496,204457.032837406,1.0,0.0
17824.0,1263034.59428214,170318.039074451,1.0,0.0
17825.0,1278604.09759407,214102.749391288,1.0,0.0
17827.0,1286913.15475458,284549.159383416,1.0,0.0
17828.0,1287234.14720291,284522.8598634,3.0,109815.95854553104
17829.0,1268073.51595129,225950.717531413,1.0,0.0
17834.0,1268592.90135983,211861.052428991,4.0,1414434.1240254147
17835.0,1272756.31333208,233115.901346758,3.0,86481.33927850144
17837.0,1277718.75320917,257260.916027471,1.0,0.0
17838.0,1269081.10974433,211853.978956982,1.0,0.0
17842.0,1264511.23498765,216396.975825638,1.0,0.0
17846.0,1280902.50962843,271718.859274283,1.0,0.0
17850.0,1265366.12567651,245323.441583261,3.0,8334.289931881038
17852.0,1280770.04498829,208706.509897754,3.0,12457.873656887032
17855.0,1272388.59000371,243479.945261359,3.0,122503.8118571132
17857.0,1257762.61725274,188381.612532943,3.0,337744.98335762887
17861.0,1266418.6580296,237967.808615729,3.0,283882.00692212384
17863.0,1284043.99942364,233054.329634696,1.0,0.0
17864.0,1276924.51660036,212873.108814031,4.0,90181.8059035156
17865.0,1280992.37983651,204270.853381217,1.0,0.0
17868.0,1266201.06263737,191095.508983731,4.0,266626.8214357232
17870.0,1276920.41752835,285771.175960675,1.0,0.0
17873.0,1280461.10009198,180327.654572695,4.0,1213016.2552739342
17883.0,1274222.08862959,234173.983203843,1.0,0.0
17884.0,1274607.82277398,261000.0450553,1.0,0.0
17886.0,1256303.39120324,192978.257209659,1.0,0.0
17897.0,1275628.20261502,181070.41879746303,3.0,2475.364244028275
17899.0,1270470.11908974,194707.172091424,1.0,0.0
17905.0,1261439.0817045,233636.93603529,1.0,0.0
17906.0,1259667.62103069,260206.60403049,3.0,102655.24360180384
17908.0,1281876.67334142,181775.674606174,3.0,346124.20615276846
17910.0,1278729.2305222,264518.041986912,3.0,25382.34931001469
17913.0,1281777.13682932,167956.898144037,1.0,0.0
17915.0,1262056.34884113,189148.116277725,1.0,0.0
17918.0,1272978.52120431,219045.938324347,3.0,42483.82630017042
17919.0,1273074.18110842,219044.069588348,1.0,0.0
17921.0,1292114.1436879,186465.98808299,3.0,27162.00070545592
17926.0,1272411.45707573,254208.202040359,3.0,523466.5628219108
17928.0,1273881.88946123,241545.61809139,3.0,794604.6346732045
17929.0,1277629.39608908,175127.394279376,3.0,184442.7284784977
17932.0,1268130.19134335,271447.037257999,3.0,148675.66178932803
17933.0,1268434.96727966,276754.295375437,4.0,3064777.5659404
17934.0,1269515.02552077,198663.718271479,3.0,10045517.991343295
17935.0,1285583.22963323,196388.40166114303,3.0,27168.71168838848
17940.0,1270650.13252993,259461.256765738,4.0,11258070.273911376
17942.0,1265711.59742087,229210.079134747,3.0,38554.61095545151
17943.0,1289172.63283689,187945.975924507,4.0,434180.6422520095
17944.0,1286149.4558098,204837.076997802,1.0,0.0
17945.0,1272688.75934802,217074.416338325,1.0,0.0
17949.0,1266721.39530991,239582.447145373,3.0,14431730.262676343
17959.0,1260329.02122337,242480.237932339,4.0,832555.6337574811
17960.0,1266066.16170923,242305.145132169,3.0,60589.274049453634
17961.0,1271963.57112327,242240.692140102,1.0,0.0
17964.0,1271997.12453131,195919.95078066,1.0,0.0
17969.0,1278460.23698592,203565.139908493,1.0,0.0
17974.0,1270620.06692989,231347.420000941,1.0,0.0
17975.0,1283123.55635071,231891.418529496,3.0,199892.5262798192
17981.0,1265277.61994843,267863.68979834,1.0,0.0
17982.0,1286559.01702622,244678.605614588,3.0,1554.9783219938115
17983.0,1284983.3607046,185070.152305558,1.0,0.0
17985.0,1266991.02071819,286811.102041736,1.0,0.0
17987.0,1274198.32850157,237794.39427954,1.0,0.0
17988.0,1271970.18795528,263033.936641395,1.0,0.0
17990.0,1270197.15115346,285188.94780007,1.0,0.0
17991.0,1270664.14622594,276486.213199168,1.0,0.0
17992.0,1280068.30201158,205110.61453408,1.0,0.0
17993.0,1268430.67697565,274098.492300719,5.0,181632.60657796037
17994.0,1264951.8971961,281124.011667907,1.0,0.0
17995.0,1267113.0083663,277602.856016308,3.0,79674.1129299767
17996.0,1285194.38886482,196767.68927753,1.0,0.0
17997.0,1263811.86826693,268895.233671397,1.0,0.0
18000.0,1262945.50647403,254596.167800754,3.0,22708.44115888246
18003.0,1282235.58047779,284943.147735819,1.0,0.0
18007.0,1257468.07094844,259233.252669498,3.0,545.9561412233943
18008.0,1270389.26980966,268748.691655248,3.0,68027.66699709478
18011.0,1274613.71678999,243681.038381577,3.0,390992.4303785837
18012.0,1279943.35865144,205719.617222697,1.0,0.0
18017.0,1262681.99716178,206291.444487289,1.0,0.0
18018.0,1271572.42923488,231609.656353205,4.0,873136.6856381585
18019.0,1272938.87365228,233683.561315328,1.0,0.0
18020.0,1265911.65380508,207751.874312788,1.0,0.0
18023.0,1287134.81773081,191798.630328447,3.0,43251.37837855252
18024.0,1287116.04870678,191169.720823795,1.0,0.0
18025.0,1268442.39940767,278756.367825493,3.0,264499.521803396
18028.0,1282616.74111818,246618.832368582,5.0,18722290.05794875
18030.0,1269786.30776104,221848.641751215,4.0,240922.8275170992
18038.0,1269528.97464079,223392.178968802,4.0,89696.47090487822
18047.0,1269725.60446498,222191.765079573,3.0,701717.4525678915
18048.0,1269788.13060905,222190.395287573,4.0,230368.48660949565
18049.0,1270150.06622542,222182.419287562,4.0,155943.91942192178
18051.0,1269489.12203275,223368.967768773,3.0,3561.289132380516
18058.0,1270372.13073765,221844.43010321297,3.0,247608.3943742965
18059.0,1270464.82808174,221842.409815207,3.0,178557.66686654862
18064.0,1269711.68849696,220141.07790947,3.0,26758968.464060288
18067.0,1267616.98238282,241677.540715516,1.0,0.0
18068.0,1267781.00670299,279418.066642165,3.0,1557678.541851482
18069.0,1267784.47287899,280079.868114844,3.0,288027.3160164618
18070.0,1282076.83730963,194164.063866869,3.0,501886.5589434276
18071.0,1274870.52101426,219792.434581116,3.0,685903.9640605046
18073.0,1269815.02558507,183134.342831567,4.0,2498122.630819335
18075.0,1265887.47537306,217812.739347085,1.0,0.0
18076.0,1288567.54515627,186749.424499273,1.0,0.0
18077.0,1265824.95351699,211945.442061082,6.0,963298.7079368802
18078.0,1256841.00560379,287665.712218612,1.0,0.0
18080.0,1267394.7915986,206019.580231011,1.0,0.0
18094.0,1286551.06457821,169096.495905191,3.0,843594.9693567986
18095.0,1286659.87801832,169575.32860969,3.0,762904.7908259489
18096.0,1286892.64921856,170681.287074819,3.0,20091.668345806884
18097.0,1279592.47813909,194474.68530719,3.0,54003.399701597664
18098.0,1271425.09617873,221573.334550932,3.0,192736.0519136353
18103.0,1271293.74865858,231614.582177222,1.0,0.0
18105.0,1262780.36541787,190109.074614719,1.0,0.0
18109.0,1262701.3580578,243220.110445097,1.0,0.0
18112.0,1267286.41188648,241263.416235104,4.0,3141297.567129835
18113.0,1267293.87607849,241780.191083625,4.0,1857229.993852708
18118.0,1271088.70117038,275698.423438355,3.0,43939.91777150491
18122.0,1272241.19326755,279324.419474065,4.0,28428557.365587257
18123.0,1287271.67078695,187448.054387987,1.0,0.0
18124.0,1287221.1341469,187448.824051991,1.0,0.0
18126.0,1268057.31159927,274155.755276784,3.0,60505.70633633865
18129.0,1267837.41636705,274213.347020835,3.0,370938.7260305276
18130.0,1270313.1652975802,222178.879575551,3.0,28645.28354864565
18131.0,1266406.90084559,238528.797352299,1.0,0.0
18134.0,1272686.71602002,181111.592941508,3.0,29203.976634527684
18135.0,1261510.20100057,242038.004907891,4.0,226559.90006539857
18136.0,1259276.19459829,256975.364795193,3.0,45469.73506695589
18137.0,1259226.09040622,256976.149883181,1.0,0.0
18140.0,1286358.32909001,180158.216940522,3.0,339022.0
18141.0,1281433.95673297,223834.61672924497,3.0,997202.2459633872
18142.0,1261327.03760839,241837.70314768,3.0,39912.530127444144
18143.0,1272806.00875613,237754.838247508,4.0,99783.54378157412
18152.0,1281661.9342692,222869.87426425505,3.0,458025.3393459877
18153.0,1281425.75532496,223290.756312698,1.0,0.0
18154.0,1280053.86994755,203329.098372251,1.0,0.0
18157.0,1269501.02852875,218981.991316274,4.0,322377.6486936024
18158.0,1269241.4276324797,229103.523550645,3.0,14502.385440267944
18160.0,1286852.11289851,284946.487319827,1.0,0.0
18161.0,1287270.10841894,284941.773079827,3.0,156051.8140883215
18162.0,1258450.90358944,244294.903918207,3.0,74573.04553470219
18163.0,1286997.05421066,180577.719980955,1.0,0.0
18164.0,1269313.20145656,219107.609492406,5.0,326289.72988389496
18166.0,1274315.21176568,221182.936022535,4.0,5218293.325781278
18172.0,1256189.15024312,247522.718641505,4.0,3546782.717069355
18173.0,1256189.22870712,247533.442417517,4.0,1441832.3468465318
18175.0,1257472.24451643,247484.719729468,4.0,3331828.5080111814
18176.0,1269796.20670505,221490.895702854,3.0,127840.8923459789
18177.0,1269980.57214524,221188.65288654,3.0,87839.33371618151
18180.0,1287303.69824298,283960.231062815,3.0,277000.4918788646
18183.0,1281479.30079702,222846.252248242,1.0,0.0
18184.0,1269731.10648099,222497.524631888,3.0,624417.7808172633
18185.0,1255379.3418583,247428.883569404,4.0,5545466.725725368
18186.0,1276558.56427997,179349.6548917,3.0,249851.09325353568
18187.0,1254239.40713713,247385.767153367,4.0,6860547.0787040135
18188.0,1254263.84508915,247451.06692943,4.0,4270007.512642117
18189.0,1269797.96030505,219738.912341058,5.0,14580123.22329672
18190.0,1269813.25784107,220540.02101387095,3.0,17473622.246312205
18191.0,1256188.22966713,247341.358769327,1.0,0.0
18192.0,1254226.47312111,247348.093361333,1.0,0.0
18193.0,1269732.15825699,222802.344216198,3.0,595546.8372455599
18195.0,1273483.78398883,191381.593720019,3.0,694093.1542491528
18198.0,1286297.31936195,174714.128358945,1.0,0.0
18202.0,1276801.72844023,219296.805268601,1.0,0.0
18203.0,1273584.55640493,190645.115255266,4.0,185951.2323736604
18204.0,1273597.57707694,190964.906935588,3.0,232754.42773062785
18208.0,1262339.88861743,264961.941955358,1.0,0.0
18209.0,1286968.38432264,180565.730540946,1.0,0.0
18213.0,1286672.92921834,189192.147957772,3.0,2448628.554651916
18220.0,1277804.72812125,238549.783848315,4.0,3457164.400824265
18221.0,1277768.94469722,238631.287976399,5.0,3144287.181055378
18222.0,1275213.22245461,176468.175720751,1.0,0.0
18223.0,1265088.81194824,233776.268771425,3.0,59021.268389248406
18233.0,1284623.11142424,208240.24602527905,3.0,47723.95427311875
18238.0,1277990.70079345,255925.488954112,3.0,381447.7243363783
18240.0,1270247.09227352,215046.929616258,1.0,0.0
18241.0,1275830.74712723,177119.485801414,3.0,717988.5113121594
18243.0,1266162.96465333,242475.961388335,3.0,49185.56996355474
18245.0,1270240.03192151,215141.752592355,1.0,0.0
18246.0,1273183.82725252,210212.285067305,3.0,13238242.603305144
18248.0,1263797.83255491,193448.128314137,3.0,3870.654813963864
18249.0,1275829.56504723,176932.758441225,1.0,0.0
18250.0,1284929.45529655,189460.058230057,3.0,591798.9731181319
18251.0,1263704.98301882,193608.06924229895,3.0,32677.40420147828
18254.0,1272500.30795582,254750.357432902,3.0,1150981.361281081
18255.0,1272302.85592362,255022.46578519,3.0,1206968.8515607768
18256.0,1261296.84938435,257746.924283981,3.0,169863.40960926743
18259.0,1272643.88145997,242685.387436554,4.0,126375.05561017824
18260.0,1271448.29201874,255427.1926976,1.0,0.0
18268.0,1262315.1724574,241034.466858864,4.0,15448.843428252503
18269.0,1261979.55076104,241179.286123008,4.0,244622.36012728364
18270.0,1262615.6941857,241028.986218855,3.0,22719.57493331275
18274.0,1263267.18532237,241016.062698841,4.0,1362924.237443338
18276.0,1285370.10272101,186657.450291187,5.0,69663.55895717525
18279.0,1279446.07193093,224681.88111411,3.0,163296.35438707372
18283.0,1262787.36080988,241026.609962851,3.0,94580.10553182212
18285.0,1280208.07404372,209304.258698374,4.0,90093.82365175142
18288.0,1281415.41215695,229370.33404691503,3.0,47319.88185129839
18289.0,1272862.35710819,210085.83226716504,3.0,53827.629813953696
18298.0,1267494.2742867,279422.516434178,3.0,1190088.930045964
18299.0,1267390.03435059,279666.604818419,1.0,0.0
18305.0,1261290.77885635,234436.309476107,3.0,77671.30974263836
18307.0,1269471.79102473,227190.506716684,1.0,0.0
18308.0,1270472.11281775,222175.432087556,4.0,42887.126254109375
18310.0,1264778.76695591,245010.892334938,4.0,457141.3513882425
18311.0,1270364.72952163,230470.93187204,1.0,0.0
18313.0,1281125.93830065,229084.634142622,1.0,0.0
18320.0,1273238.01938058,221944.618903309,3.0,1313195.6851345496
18321.0,1273858.10507721,237880.909223631,3.0,13487972.494962776
18322.0,1273368.21925271,238716.07223248496,3.0,1393698.280974586
18323.0,1277218.35359265,238334.489640102,3.0,3865214.479716321
18324.0,1273348.80293269,211293.330188408,3.0,37856464.29166463
18326.0,1261796.71812086,195400.25234814,1.0,0.0
18329.0,1295671.84986755,179004.748075351,4.0,75155.80240633967
18331.0,1294783.12001064,179146.56669949,1.0,0.0
18339.0,1294624.68986648,178368.799914688,4.0,143510.14374816322
18341.0,1297065.32474898,177201.2838175,3.0,8425266.757893663
18342.0,1297130.97818905,178240.543594569,3.0,58327.42038296632
18344.0,1295726.67911561,182188.7246546,3.0,235175.7435005598
18345.0,1296023.20481192,181850.405806258,1.0,0.0
18359.0,1295717.1555316,181190.532781586,3.0,596215.0379130596
18361.0,1297704.66798164,178145.825258464,3.0,248183.62820512825
18362.0,1297691.02228563,177988.737642303,4.0,8198325.276133333
18363.0,1273876.52005324,198864.867839679,1.0,0.0
18364.0,1297924.06119786,178202.912426516,1.0,0.0
18373.0,1295857.36065175,177385.881577685,5.0,279724.4667864159
18375.0,1295238.00653911,177580.948777884,3.0,1236.9941431484697
18376.0,1296598.02977251,177704.967850015,3.0,290751.25798509683
18377.0,1296479.27572438,177395.348393694,4.0,594985.7620875462
18379.0,1266053.39204521,231038.019680619,3.0,97269.90519582662
18381.0,1296436.76103634,178627.240938962,3.0,42521.873990444496
18383.0,1296629.75636454,178581.996650904,1.0,0.0
18385.0,1261798.95824887,195439.018364176,1.0,0.0
18387.0,1266353.74314953,230178.17955175,4.0,2183615.5667919125
18388.0,1266675.48951785,230170.147743732,4.0,89661.98275853392
18389.0,1266682.37143786,230447.568416014,1.0,0.0
18390.0,1265721.04164489,230620.12188820503,3.0,2155588.028116092
18397.0,1294378.42759423,178144.209130466,3.0,242927.9001349554
18398.0,1266042.73617321,230612.052000195,4.0,4360141.21764331
18399.0,1266032.00561319,230186.272031754,4.0,4206275.681574389
18404.0,1266364.47767754,230603.981152177,3.0,6586680.585662291
18405.0,1266025.16932519,229883.429791451,3.0,72315.43668127214
18408.0,1266671.53450985,230160.763551727,1.0,0.0
18410.0,1265710.35793287,230194.366815761,4.0,6189604.321088195
18412.0,1267581.75902279,212023.102349162,3.0,41874377.80024324
18413.0,1266056.20727722,231151.111648738,1.0,0.0
18414.0,1266997.1470542,230162.28195172496,5.0,12109327.23314222
18417.0,1268503.70763174,212137.425933272,3.0,13635056.642504834
18418.0,1295413.14170729,178103.033002421,4.0,34687.054422976275
18421.0,1279359.65413885,238845.108712614,3.0,15315.916274956342
18422.0,1298240.45332618,179213.857259557,4.0,7699250.961842139
18423.0,1297957.69306989,179232.66071558,4.0,333554.1379661051
18425.0,1296647.67463656,235205.098276898,1.0,0.0
18426.0,1296395.75847629,178472.42071479597,3.0,74930.10626281975
18429.0,1284507.59622411,169753.493601874,3.0,143800.6019516228
18434.0,1265655.06833282,280616.555347398,1.0,0.0
18435.0,1271843.13669115,172560.12842074,4.0,5591349.139098443
18436.0,1279006.03999448,244319.283438221,4.0,587192.41590419
18437.0,1279142.39173862,244437.565038353,3.0,529149.9613911379
18441.0,1269817.63774508,205487.186566457,4.0,29419.98809862771
18443.0,1269694.48875295,202066.405378953,3.0,2783230.138727633
18444.0,1263246.68407434,201115.99782598,1.0,0.0
18445.0,1262646.95626573,200422.26400128,3.0,98583.22141353357
18446.0,1263171.99684227,200916.833537787,3.0,48099.83051744788
18447.0,1269806.67320107,204931.878021896,4.0,110270.89007594614
18450.0,1258960.19459796,242479.265516341,3.0,37816.687129017
18451.0,1269812.71032107,205226.952198192,4.0,70385.85970587445
18452.0,1262276.09284136,201010.628929883,1.0,0.0
18453.0,1290144.6158139,190050.281782657,1.0,0.0
18454.0,1262270.03248934,201056.487105921,1.0,0.0
18457.0,1263946.04778707,229261.236510813,1.0,0.0
18459.0,1276162.20216757,242505.16177237,3.0,1770820.4273061948
18465.0,1277777.87973723,241077.243050903,3.0,342426.2039802154
18467.0,1264788.20855592,245010.926126927,1.0,0.0
18469.0,1294899.86913076,179192.087595537,4.0,132731.85625113035
18474.0,1275844.32485525,179494.63652384296,3.0,43409.27864222507
18476.0,1275861.70213526,179750.047468111,3.0,26231.677343487983
18480.0,1277063.34898449,240778.753834605,3.0,1686085.4190805852
18481.0,1277981.09484144,240958.254122779,3.0,1125875.4547346593
18482.0,1278397.11404186,242376.733228236,3.0,1090178.7766789629
18486.0,1261885.94890496,204440.60800539,1.0,0.0
18487.0,1264192.06666732,168737.008800834,3.0,4532.623968514717
18488.0,1263884.94724301,168742.179040834,4.0,338297.73260364943
18489.0,1269737.514929,202631.110915542,3.0,417048.66384226753
18490.0,1270015.19678529,202723.522819638,3.0,18744.05421789419
18491.0,1269562.52971281,185814.426418319,4.0,6982467.39928154
18495.0,1280336.70725985,171073.367267221,3.0,577732.0437018443
18500.0,1296027.23233192,177896.728298202,4.0,156557.58653965403
18502.0,1295091.23783496,179080.444139421,3.0,15616.312594447456
18507.0,1265775.00676493,232765.581858397,4.0,285175.49294996465
18509.0,1265452.95786861,232776.019810408,4.0,489475.59072196565
18512.0,1260425.92656747,237744.092199489,3.0,396603.1350812059
18514.0,1266739.78596592,232747.699298382,4.0,104678.79416956867
18515.0,1253562.58038443,249365.909171388,3.0,8491221.752446506
18516.0,1264793.53463593,232179.008545801,4.0,366908.4098468734
18520.0,1281619.40454116,221012.51119035497,3.0,54650.06402040028
18521.0,1260542.68125558,237506.376487255,4.0,357385.2668974195
18522.0,1288816.51187654,191190.85266383,3.0,293688.8575588809
18523.0,1268087.74161531,234296.894371957,4.0,7618222.438175168
18524.0,1289189.95629291,190698.67416732,3.0,51754.68052645215
18525.0,1267912.34270312,236169.433637887,3.0,4806426.39469877
18526.0,1283001.11078258,231784.23273739204,3.0,73824.87052337948
18528.0,1267312.54436651,237944.266343698,3.0,4448621.105838352
18529.0,1267264.91454247,238216.010919973,3.0,4948549.885453854
18532.0,1264757.6206519,242334.585004196,3.0,113810.6127113534
18534.0,1260426.02237546,205795.983558774,1.0,0.0
18535.0,1288395.4762921,282770.695381597,3.0,42863.66666666666
18536.0,1288543.54816425,282768.844053596,3.0,766444.7194243941
18537.0,1288400.34566811,283137.334101975,1.0,0.0
18538.0,1287765.67993945,282781.461781606,3.0,55082.46613297626
18539.0,1287639.92889933,283122.056277961,1.0,0.0
18541.0,1294361.78682621,179934.765932292,3.0,335314.48171691457
18542.0,1295678.29473156,179878.53994824,3.0,151811.90895369742
18543.0,1296235.18305212,178514.14276284,3.0,43369.49071442432
18544.0,1287444.10873912,181284.60574168,3.0,2987012.8014566684
18545.0,1289835.87987758,177646.44797796,3.0,8500011.354544466
18553.0,1297592.64852552,179606.752107963,4.0,275635.5637115301
18554.0,1297201.85172512,179406.99959576098,3.0,179677.78725351376
18556.0,1296123.39617202,177281.615081578,1.0,0.0
18558.0,1297302.01946922,177759.88247406497,3.0,8310749.3234671075
18559.0,1296813.67598072,177465.264937773,3.0,49051.327618252966
18562.0,1287373.65939505,282793.612053618,3.0,140635.73780746592
18564.0,1287886.17056358,282777.606485605,3.0,73115.26219248817
18567.0,1288338.61613204,281889.345492691,3.0,156446.59552586518
18568.0,1288176.02822788,282773.4395096,3.0,526.3333333333334
18569.0,1285277.5468169,186666.48209919,3.0,134039.6873366422
18570.0,1288817.56301253,280217.537106991,3.0,43647.03809523811
18571.0,1288413.08614811,280940.581267729,1.0,0.0
18572.0,1289084.9473328,280223.490194991,3.0,1089204.991140681
18574.0,1287486.53945917,280079.463570848,3.0,60678.304307877
18575.0,1287889.35558759,280083.849746853,3.0,73132.26512585173
18576.0,1265117.81713226,267867.872838333,1.0,0.0
18578.0,1258651.33232564,259748.079742029,1.0,0.0
18580.0,1286942.55923462,282923.925717756,1.0,0.0
18583.0,1287744.46150744,280735.171923518,3.0,425345.7051002191
18584.0,1288597.9348523,279874.444626629,3.0,1496010.017664086
18586.0,1259818.41994284,237501.905063242,1.0,0.0
18587.0,1287423.14227511,280561.938643336,4.0,731752.5037549213
18588.0,1287409.1698591,280827.110739604,3.0,169542.0
18589.0,1288582.69408429,280204.846226975,3.0,85456.56615950425
18590.0,1287346.98131503,281227.863828018,3.0,84778.0
18591.0,1287398.33817908,281673.984660476,1.0,0.0
18592.0,1287116.47520278,281608.320788413,1.0,0.0
18593.0,1287131.6887708,281990.181908801,3.0,57523.24071110402
18595.0,1288461.19795617,280435.097363204,3.0,43157.66565234259
18596.0,1287157.42425883,281200.179859996,1.0,0.0
18597.0,1287475.16838716,282790.756693617,3.0,67622.87060714485
18598.0,1288584.95066029,280075.912082836,3.0,240805.8169996437
18599.0,1287617.37581131,282473.178261295,1.0,0.0
18600.0,1287850.16077155,281725.224084526,3.0,243127.9259705808
18602.0,1287026.7148827,281994.745876804,3.0,86338.93191309346
18604.0,1265559.34903672,185133.154801622,5.0,502774.9637058026
18605.0,1265788.20420495,184890.664817378,3.0,71399.03295782092
18608.0,1266113.71569328,183841.616688296,3.0,124156.2394920038
18609.0,1265503.46071666,183839.744304299,3.0,965863.78908806
18610.0,1268308.09713553,180504.328428879,3.0,107081.60112105422
18611.0,1265576.10948473,185797.248946294,4.0,4439989.764336546
18612.0,1265565.34577273,185467.33425796,3.0,504236.2943896694
18613.0,1265545.7680447,184802.747953281,4.0,169493.9894363895
18614.0,1265535.54826869,184468.022256941,4.0,143765.37253579847
18617.0,1275186.82879058,181726.813806131,3.0,543712.9437262971
18619.0,1270116.52561738,182408.760942832,3.0,1227689.3245931847
18620.0,1277307.33541675,182371.680302799,3.0,505969.8668051952
18621.0,1268842.66923209,182569.375470996,3.0,62938.17785967324
18625.0,1266904.1012941,185619.757810116,3.0,550871.9187905987
18626.0,1277339.42360878,183913.564400375,3.0,599430.3548435447
18627.0,1277722.76959316,183852.244976312,3.0,560523.1772637002
18630.0,1271257.61489855,183012.329007447,4.0,225848.60637015157
18632.0,1277433.59762487,184130.163696587,3.0,460479.20154778985
18633.0,1277989.65356144,183903.452528358,3.0,128827.43335983485
18636.0,1273390.54827674,183073.926639512,4.0,99346.90896168776
18640.0,1274075.93669343,184376.662512839,4.0,34906.62142851184
18644.0,1276037.09810345,184339.349936813,5.0,1899908.2816870816
18646.0,1276998.96658443,183024.395247459,4.0,400354.0221224615
18648.0,1270823.9028341,184463.426480934,3.0,94020.91394659656
18649.0,1268426.92894365,183266.223791704,4.0,383342.7811663218
18652.0,1276742.15903217,185621.483570114,4.0,3079982.745083989
18659.0,1266412.19575758,181196.845421582,3.0,54743.936025872536
18660.0,1266412.1954376,180938.616941318,1.0,0.0
18665.0,1264965.7547321,182517.972014949,3.0,84777.99999999997
18666.0,1264959.6822841,182217.034286633,1.0,0.0
18667.0,1267051.84113425,183839.002224296,3.0,111448.48183373008
18668.0,1266858.68567805,183844.2472803,3.0,95901.49065768332
18669.0,1267470.34129468,181849.82475026,3.0,1876574.591352752
18670.0,1266808.96529399,181865.903470278,4.0,3036354.7486666017
18671.0,1269851.89624111,184471.875632942,4.0,1837437.266820263
18672.0,1267496.6945747,183826.861488283,3.0,261603.31672988727
18673.0,1268695.04881592,183262.681519702,4.0,463198.67209314863
18674.0,1276693.06002411,184270.831088737,3.0,159705.73693691954
18675.0,1276668.76517609,183026.673135459,4.0,342012.7404009327
18676.0,1264266.49661939,185794.840178296,5.0,2378515.556833768
18677.0,1264879.24606001,184865.068081349,3.0,846335.3611858326
18678.0,1265379.56298853,184467.890672937,3.0,742458.7528216412
18679.0,1264262.95729139,186457.850994974,4.0,2023984.7322963525
18681.0,1266571.87556575,185137.210545629,3.0,214374.01912873657
18684.0,1269491.69220874,183252.51223969497,3.0,987289.9414455976
18685.0,1269230.85841648,183255.600175694,4.0,893221.435362974
18686.0,1274690.27602206,183046.308911487,4.0,227916.03272209223
18687.0,1275389.47410278,183035.266927466,3.0,417962.5716576417
18688.0,1276976.23634441,182373.30500678704,3.0,43442.70076070557
18689.0,1276963.29772039,181726.948014125,3.0,23953.315711214043
18690.0,1269534.84600079,184815.038001299,3.0,431513.6163006495
18695.0,1269513.18827276,184031.491952494,3.0,102366.7827263189
18696.0,1269251.6868325,184036.432880491,3.0,91709.15169776871
18701.0,1266297.13002947,184470.194864944,3.0,59106.40215661857
18702.0,1266207.75031738,184469.981936947,3.0,14186.01612780112
18703.0,1266900.16299009,185469.110129967,3.0,499673.2645880141
18704.0,1266891.89527808,185137.78270562,4.0,468863.6246110119
18705.0,1268983.30776022,184041.265264496,3.0,141263.17706023002
18706.0,1268964.66571221,183259.119471699,4.0,674765.6903142713
18708.0,1275283.77643867,184347.646192819,4.0,597095.852212273
18712.0,1265468.02506863,182349.044206768,3.0,935422.9960865942
18713.0,1265455.56254061,181860.654766262,4.0,2898199.3105490315
18714.0,1266886.14660607,184910.796977386,3.0,87869.47603096899
18719.0,1266643.93412583,181196.972077593,3.0,145332.10866521733
18720.0,1266604.56510179,181196.950381592,3.0,72621.82962930508
18721.0,1268124.11127934,181517.106221914,3.0,1570954.5558671858
18727.0,1277850.9110973,187377.074547917,4.0,2392355.3799095424
18731.0,1265472.41054063,182520.89265494,4.0,1641704.6328970594
18733.0,1265487.90794864,183179.022191614,4.0,1553147.0918197269
18734.0,1265193.13918035,183177.975663617,3.0,466090.0
18736.0,1275990.7215274,182378.306286797,3.0,419539.9354968538
18738.0,1270501.55211377,184464.777840942,4.0,67124.31848360809
18744.0,1266610.8151498,181530.838829935,1.0,0.0
18748.0,1266789.49162997,180844.466861233,3.0,230909.2723251563
18750.0,1265509.53975667,184166.176112622,3.0,808855.5702303799
18752.0,1272775.9950601,184428.825520903,4.0,317905.9360467587
18754.0,1273101.19288445,184416.559088886,3.0,62039.07689017046
18755.0,1273425.37106077,184402.80555287,4.0,30332.68904679229
18756.0,1276005.95416741,183031.18718347,4.0,583231.3754261988
18757.0,1268947.89342418,182567.542446986,3.0,100855.8252848697
18758.0,1264804.20061994,181858.07339026,3.0,830483.217807503
18761.0,1270518.88145779,185094.372081578,3.0,44419.26065903894
18762.0,1265044.40292419,184801.097393274,1.0,0.0
18764.0,1266556.22858974,184470.771952942,4.0,159196.27148872075
18766.0,1270892.94565018,182812.79787124705,3.0,82840.02315942559
18767.0,1264908.43825205,185794.944818303,4.0,2470931.103958805
18768.0,1264585.65053973,185794.69349029695,3.0,2021856.0205378344
18769.0,1271624.09969893,185765.841522262,1.0,0.0
18770.0,1266817.376366,182190.729262605,4.0,905666.9756859596
18772.0,1266796.09066999,181197.054701582,4.0,492944.5894118256
18775.0,1268181.45271941,183808.429104269,3.0,293826.09362768906
18785.0,1276649.34559207,182374.886382788,4.0,355149.98557323386
18791.0,1277320.85900076,183022.064175457,3.0,563872.468047516
18793.0,1270454.65092973,182886.132079318,3.0,42519.65904393188
18794.0,1270177.35262544,184467.860528931,3.0,24659.43424603776
18802.0,1270769.51051405,182395.441454813,3.0,1528047.3422068954
18808.0,1267643.62897485,184143.483568609,1.0,0.0
18809.0,1267505.49675071,184149.281776607,3.0,84777.99999999999
18812.0,1268188.00849541,184055.647088513,4.0,110533.8301565189
18813.0,1268029.71486324,184059.300656527,1.0,0.0
18814.0,1265190.72644433,182971.653871402,1.0,0.0
18816.0,1276244.39723966,186542.442995057,1.0,0.0
18817.0,1276582.890296,186532.642483056,3.0,51944.79366563636
18820.0,1265848.20311701,184803.446769282,3.0,33873.923142774955
18821.0,1266291.55102147,184166.172144637,1.0,0.0
18822.0,1267324.49214253,184157.044528618,1.0,0.0
18823.0,1276364.34219979,184335.178352803,3.0,256081.4531389851
18824.0,1276334.75794375,183028.937519461,3.0,206318.33883576
18826.0,1270893.95192218,185782.253234282,3.0,2895508.0882999045
18829.0,1278500.73490597,185437.350385934,3.0,5990303.624180974
18832.0,1268326.72702356,181164.315629557,3.0,596820.4272522756
18836.0,1268199.72369543,184473.989104941,4.0,233133.33008601703
18837.0,1267897.49431911,184472.835248947,3.0,153930.9691607367
18845.0,1267894.6438871,184241.982064709,1.0,0.0
18851.0,1266119.26462129,184164.974320635,1.0,0.0
18852.0,1269525.46283278,184476.30929695105,3.0,156857.50692511006
18853.0,1264596.54455572,186457.868338972,4.0,1031429.867299562
18861.0,1270251.20120151,185098.143729582,1.0,0.0
18864.0,1270482.72504176,183834.969712287,1.0,0.0
18867.0,1262034.19895311,186879.639475405,1.0,0.0
18869.0,1269488.49963275,183136.815279573,3.0,1042607.3212433872
18873.0,1277883.09573734,187372.719539911,1.0,0.0
18874.0,1273354.6703887,181746.713390157,4.0,159430.64682476106
18877.0,1268685.48388791,181820.016110227,3.0,4809337.714056998
18884.0,1264812.27735595,182517.235182941,1.0,0.0
18892.0,1271445.00069074,183116.433775559,1.0,0.0
18893.0,1275605.67608701,184998.171121478,3.0,47341.50132997333
18894.0,1276048.39595945,184989.614065468,1.0,0.0
18898.0,1277376.34348081,185664.939506158,3.0,3451755.4229489337
18904.0,1273056.86130039,182778.933423206,1.0,0.0
18909.0,1264229.06461935,185416.386161909,1.0,0.0
18912.0,1265710.84215687,184470.854256943,4.0,65882.15585986272
18913.0,1265913.11313307,184072.612592533,1.0,0.0
18923.0,1267839.53739105,185155.750577644,1.0,0.0
18924.0,1267513.37041472,185137.402801618,3.0,84778.0
18927.0,1268388.48580761,184491.571440965,1.0,0.0
18928.0,1267782.37643099,184945.864497423,1.0,0.0
18935.0,1278355.94290581,185576.847154081,3.0,3519416.871289223
18936.0,1278354.31295381,185534.832114026,1.0,0.0
18937.0,1276834.14572026,184937.308081418,4.0,1974077.4008109344
18948.0,1277976.27928942,185516.643506005,1.0,0.0
18949.0,1276216.63711163,185624.611186117,4.0,365548.3364651315
18951.0,1275696.9186471,185081.564977571,3.0,172999.1879909051
18952.0,1265760.74794893,183468.165359914,1.0,0.0
18953.0,1265759.66884492,183179.986799613,3.0,116482.62748761558
18955.0,1276050.53669547,185635.511410132,3.0,143640.4403345417
18957.0,1273209.69106054,175283.687975541,3.0,6293717.610461994
18964.0,1253880.08924876,248171.777394176,1.0,0.0
18970.0,1272128.63608344,243487.26116538,3.0,110022.61946413088
18973.0,1275546.92325494,236115.822181821,3.0,42390.0
18975.0,1272843.14059618,251487.88920556,5.0,480161.73001079535
18978.0,1261404.71920846,200456.758017316,4.0,68562.37738444385
18979.0,1274661.72159004,191410.553656042,3.0,1165129.091971145
18980.0,1289083.6300848,188073.923828632,3.0,26705.23026375414
18982.0,1261489.71383254,200005.014784843,3.0,89584.97527475863
18985.0,1261592.14538465,200446.650433302,3.0,64140.21649722766
18987.0,1288643.08570035,191421.647800058,1.0,0.0
18988.0,1285566.85331321,198070.332350865,1.0,0.0
18989.0,1265274.88081242,255912.089658096,3.0,6193.455442969157
18990.0,1265606.22526076,255906.787514091,3.0,34324.15367058382
18993.0,1277394.89656883,243013.444524884,4.0,124704.51158017707
18997.0,1277757.69535321,243498.379245386,3.0,37071.78160202789
18998.0,1277691.55212113,241874.55773972,3.0,120431.6346262076
18999.0,1277832.34220128,242396.02974025896,3.0,29546.95973660433
19002.0,1276631.84824805,244151.52593405504,5.0,1044802.2565567396
19004.0,1282754.78182232,274989.325133637,1.0,0.0
19007.0,1277537.17420098,242464.103468329,1.0,0.0
19011.0,1283714.04275131,193821.366074517,3.0,184137.2408156933
19012.0,1284157.75935976,193439.62508212,1.0,0.0
19014.0,1288143.37472384,204452.879301399,3.0,225168.97457738
19015.0,1265080.33098823,233774.166435421,1.0,0.0
19021.0,1283227.06335881,190638.296311259,4.0,5549055.336615371
19022.0,1283257.01145484,190637.862263262,3.0,14212019.05025277
19029.0,1277844.8481213,243244.429997131,3.0,228035.8713770889
19035.0,1276445.15339987,287045.100569978,4.0,22012722.264636923
19036.0,1276105.80959152,287145.755866081,3.0,22010955.588401284
19037.0,1274635.69247001,287189.714458123,3.0,12856616.781783724
19038.0,1275183.36427857,286274.406937182,3.0,13559972.432931237
19039.0,1286724.49305838,191379.961528018,1.0,0.0
19040.0,1286713.47603437,190832.381239459,1.0,0.0
19045.0,1278118.57919358,241580.53860342497,5.0,34165711.782391176
19046.0,1277940.89119339,241650.04337149896,3.0,29091.397821391096
19052.0,1264765.89329191,166947.714462996,3.0,428367.5337780106
19057.0,1264470.2442676,166505.331486538,3.0,128050.9033847818
19058.0,1263233.28413834,165839.473565862,1.0,0.0
19061.0,1264317.61041145,167348.448223412,3.0,764636.8650893074
19062.0,1264482.78001161,167422.640351489,3.0,2197772.9584959545
19064.0,1260399.76387943,204736.307525694,1.0,0.0
19065.0,1264643.28036378,166851.360350892,3.0,59193.296939976586
19066.0,1264745.83261989,167884.948127955,3.0,1758375.9966347187
19072.0,1285272.2886409,203613.615236551,1.0,0.0
19074.0,1260226.01488726,204472.748677418,3.0,136385.9145137639
19075.0,1279101.52965859,217520.040466785,1.0,0.0
19077.0,1272296.00024362,212063.1327492,3.0,271520.0789153583
19079.0,1274454.30174983,242827.287084699,3.0,140887.3917826821
19080.0,1270306.74014558,231478.61328107095,7.0,22684050.648993023
19082.0,1260227.00471126,204498.024517447,1.0,0.0
19090.0,1284357.98534396,277564.534544274,3.0,437342.5372133361
19091.0,1284304.53068791,277620.42254433,3.0,528356.9990835804
19092.0,1265525.27562869,208651.052937701,3.0,85145.033606228
19093.0,1265548.53079671,208647.398089692,1.0,0.0
19096.0,1265822.76977299,211925.669133052,1.0,0.0
19097.0,1281144.19026868,172724.310820907,3.0,42396.0
19098.0,1281140.04031667,172460.087268636,1.0,0.0
19101.0,1281229.95942077,172928.357669115,3.0,99979.61979715058
19102.0,1281515.62489305,172906.223845094,3.0,2015.4832333874544
19103.0,1265415.09572457,208406.051465452,1.0,0.0
19104.0,1281566.80978911,172602.574180782,3.0,75960.57562415778
19105.0,1281229.95942077,173050.094309241,3.0,184410.20134975112
19106.0,1265658.50961281,208421.964873463,1.0,0.0
19107.0,1265601.46673276,208390.021001428,4.0,183357.54905201
19108.0,1270454.95211373,209393.025546461,1.0,0.0
19114.0,1284473.90995209,234349.470372021,1.0,0.0
19120.0,1277589.78232904,258091.50098833404,3.0,52995.77942164642
19125.0,1277607.01029706,258090.980028331,1.0,0.0
19126.0,1273766.71979712,221189.982934535,3.0,7106592.179321551
19128.0,1291171.13575095,189623.724214211,3.0,514911.7251975705
19137.0,1267768.99486297,187598.34373214803,3.0,10260.11004350097
19138.0,1268099.94897532,187600.139380142,3.0,13581.88039976083
19139.0,1268106.14052732,187814.77112436303,3.0,59595.79065014986
19149.0,1287161.32550684,177701.57943400703,3.0,1446737.4919962017
19154.0,1281031.10386856,192619.168697283,1.0,0.0
19156.0,1264157.69764328,235709.129445404,1.0,0.0
19161.0,1276619.15762404,219255.53768456,3.0,10277539.081315195
19165.0,1277597.99525705,240887.260458708,4.0,35151843.17793054
19171.0,1281128.04690866,179985.873068348,3.0,736431.1657356516
19172.0,1281046.23538858,180034.750316396,1.0,0.0
19174.0,1280855.18297239,180534.52126091704,3.0,2678829.191454745
19181.0,1281837.66687739,195291.612796023,3.0,608242.3969188222
19188.0,1270301.95768157,231943.81443356,5.0,829384.9917729986
19189.0,1271067.10475436,269651.731464162,3.0,105842.18761502222
19192.0,1280613.54630013,167986.330144063,1.0,0.0
19193.0,1276167.37541558,248672.231474683,1.0,0.0
19198.0,1279157.12729064,244644.803822562,3.0,512990.4007681299
19200.0,1282896.64607847,196234.532860994,3.0,169820.59549848997
19202.0,1282865.86399844,196426.392701179,3.0,48940.480913586085
19208.0,1277101.15237653,175474.925095722,3.0,161111.20690989724
19209.0,1277325.15884076,175476.678375736,1.0,0.0
19211.0,1286219.64140987,198625.180287436,3.0,327860.7570691046
19212.0,1286859.78477053,198617.339775428,1.0,0.0
19213.0,1278188.52882566,282265.908053085,3.0,199748.5431843631
19214.0,1280131.31103563,207617.782728642,3.0,81615.09191500729
19215.0,1296943.66785285,176507.402024791,3.0,9217340.289696315
19217.0,1273307.20069265,235001.83261267803,3.0,1117152.4485455186
19221.0,1278442.18879391,282249.244373068,3.0,411265.4023991635
19224.0,1271856.72030717,229582.984223142,3.0,2152895.1969565167
19225.0,1277926.63698538,245333.089839265,3.0,22041.46519635567
19227.0,1260092.02269512,205671.034630656,1.0,0.0
19228.0,1268316.49771154,231434.209185034,4.0,8447068.582351737
19229.0,1268593.58084783,231457.820321053,4.0,7528341.144112355
19232.0,1269912.23243317,210940.966348052,1.0,0.0
19234.0,1280632.57382014,208709.691273764,3.0,81436.32163955539
19237.0,1274665.48139805,237732.065703481,3.0,4653429.205814783
19239.0,1280632.29561216,208725.574473783,1.0,0.0
19244.0,1270298.37534557,231870.973409474,3.0,365575.20952951774
19248.0,1279959.67685947,168718.703072816,1.0,0.0
19249.0,1280075.24063557,281023.529939815,3.0,1135507.1577131131
19252.0,1264956.35614009,188695.99314126404,3.0,300560.9803189823
19253.0,1278110.15135357,281932.97429274,1.0,0.0
19259.0,1282886.04665446,196286.625277042,3.0,91615.07641205315
19260.0,1282873.95481445,196284.545533031,1.0,0.0
19261.0,1281550.19762909,195055.436155781,1.0,0.0
19263.0,1271002.53765029,189281.506421864,3.0,441717.6914970992
19264.0,1257001.93437195,256577.793402776,1.0,0.0
19268.0,1269959.14993723,189113.32990969703,3.0,22683.910362318897
19270.0,1270265.13950554,189105.734453693,4.0,275036.07979261456
19271.0,1281261.05420479,195521.811836258,1.0,0.0
19272.0,1281256.26284479,195305.194492042,3.0,262416.5492985664
19273.0,1282758.34975833,191562.413240209,1.0,0.0
19274.0,1286635.9144983,198860.89343968,1.0,0.0
19276.0,1265624.05956478,233726.970979378,1.0,0.0
19279.0,1277889.14034534,281935.557012752,1.0,0.0
19285.0,1278790.49906626,244554.61406247303,3.0,263432.4122000561
19287.0,1271677.40869097,183132.339567572,1.0,0.0
19288.0,1275271.68690266,210424.605515525,1.0,0.0
19290.0,1265501.49841265,191747.406008393,1.0,0.0
19295.0,1278535.614778,167828.090655893,1.0,0.0
19299.0,1279376.54021886,244823.093166739,3.0,14933.567598884752
19301.0,1264719.85661985,229239.256222785,3.0,1279.0678521771404
19303.0,1279608.45516311,245037.75806295904,3.0,13838.918304544091
19304.0,1279373.93426687,245037.782062963,3.0,635.8033353307168
19306.0,1256179.37827511,257111.346107319,1.0,0.0
19313.0,1257140.1421161,244452.767790362,1.0,0.0
19316.0,1279208.1937867,244830.45860675,3.0,76506.94041054032
19319.0,1276564.93067999,219138.080532447,3.0,327730.525804075
19320.0,1276637.28754406,218990.702868283,3.0,10239864.818635128
19326.0,1264830.12349997,207764.594440788,1.0,0.0
19336.0,1290889.19405465,185079.748401567,3.0,77420.26434632126
19337.0,1291220.09466299,185224.77630572,1.0,0.0
19340.0,1256418.80169936,193691.450682387,3.0,496974.2161149716
19342.0,1277348.96524079,184331.669488803,3.0,294226.3766309084
19343.0,1277293.52338473,184261.637808725,4.0,1770123.47222836
19345.0,1260927.39408797,201088.946049958,3.0,1589008.960484823
19346.0,1260745.82128778,191428.75864806803,3.0,84777.99999999997
19348.0,1260745.82128778,191592.923704237,1.0,0.0
19350.0,1277998.32645746,184249.561712712,3.0,127576.15709436762
19351.0,1277999.95410545,184314.516976789,3.0,166449.7304701933
19354.0,1273720.27627708,195104.909435824,4.0,198221.8777546284
19355.0,1273736.3116691,195103.855355829,1.0,0.0
19357.0,1277370.77554481,184186.495280653,3.0,1114710.807529898
19359.0,1256080.775139,198044.486590847,1.0,0.0
19364.0,1273711.50040506,194818.66399553404,3.0,83133.56774620424
19365.0,1278903.95852238,259873.75007815697,3.0,236886.29149396377
19366.0,1277587.99461703,259252.52364552,4.0,525607.7195715808
19368.0,1261051.6943761,189819.34655042,1.0,0.0
19375.0,1256405.11638734,198038.512830839,1.0,0.0
19376.0,1277375.86578481,259259.13222152,1.0,0.0
19379.0,1274854.14047024,190183.31103079,1.0,0.0
19381.0,1277660.35896911,184329.550768793,3.0,250790.07337582388
19386.0,1279640.71493913,215049.165840253,1.0,0.0
19387.0,1262663.90666576,190361.648246974,1.0,0.0
19389.0,1277668.51116112,184641.520625114,1.0,0.0
19390.0,1270606.09387389,204591.526341543,1.0,0.0
19391.0,1254548.11452945,193638.469498336,1.0,0.0
19397.0,1264353.49220347,260408.493758708,3.0,776554.768978489
19400.0,1264346.84029947,259945.794878229,4.0,6799942.223527752
19402.0,1273743.19390909,202494.162371397,3.0,32218.162401084224
19409.0,1284975.35974459,202853.051459759,3.0,56582.82204744914
19410.0,1285258.17248088,202852.00979577,1.0,0.0
19413.0,1271566.93214686,212018.033101156,4.0,8439245.675988821
19414.0,1261236.15952829,245825.052079767,1.0,0.0
19417.0,1271668.27384298,217399.166034654,3.0,718603.4120244085
19418.0,1260936.14275998,245387.174703315,1.0,0.0
19419.0,1270815.25784209,249858.003379896,3.0,177780.3252810038
19420.0,1270886.59198616,249920.519987956,3.0,121564.47001457088
19422.0,1285168.28422479,195430.766396165,3.0,5705.123274940227
19423.0,1263457.00087456,243040.321132913,1.0,0.0
19426.0,1291442.62995923,187971.651060522,3.0,178074.54572981058
19430.0,1263885.76548301,166777.322718829,1.0,0.0
19432.0,1278093.93714555,213229.33812639103,3.0,58277.511085707694
19433.0,1284651.22816026,205186.011334151,3.0,214595.35335733896
19435.0,1257568.26461254,259241.209661514,3.0,26681.695710785905
19436.0,1257469.74019644,259309.798461571,3.0,48172.75603735098
19437.0,1275093.98514248,206591.035079598,3.0,566.0824034125899
19438.0,1259386.3777664,259743.861566022,4.0,151016.0130760499
19440.0,1278727.10028221,173108.368485302,3.0,304580.1358817438
19442.0,1259970.898279,259734.495422006,3.0,176662.96094976965
19444.0,1259488.01834249,259745.249342024,3.0,70651.30444562848
19445.0,1254514.70121741,254429.828856573,1.0,0.0
19447.0,1273239.50590858,234480.729636148,3.0,514110.145985087
19448.0,1267161.49316636,237948.823143706,1.0,0.0
19450.0,1261877.74455294,199484.646400318,1.0,0.0
19451.0,1261734.5181208,199560.543232396,3.0,42390.0
19452.0,1273607.97368495,234831.770596504,1.0,0.0
19454.0,1275281.54879068,262719.928129062,1.0,0.0
19457.0,1268643.16311987,192315.606648982,3.0,125087.98924886336
19458.0,1272292.59441961,266095.496836528,3.0,313864.8768260054
19459.0,1272291.23454762,265984.790980414,3.0,90024.09323156644
19461.0,1273601.79979695,202279.579459175,3.0,53284.86797479747
19462.0,1273323.66091667,180610.265516981,3.0,31461.5405620674
19464.0,1273985.28824535,286392.606169313,3.0,42390.0
19466.0,1271568.40753888,212110.018829241,4.0,6981954.600830438
19468.0,1261481.03306454,203107.85606803,1.0,0.0
19470.0,1269310.08728056,273186.450123787,3.0,146088.2121245541
19476.0,1285297.98803292,187333.476211876,4.0,176574.78706768126
19477.0,1269311.60664056,273342.589259952,1.0,0.0
19489.0,1277905.67013736,235360.294501051,3.0,631599.415005131
19491.0,1291805.12231159,184840.960177317,3.0,988918.322831685
19492.0,1295770.62164365,184496.025136963,3.0,133169.89131373537
19496.0,1268467.11684769,184051.25342451,4.0,181993.60682549377
19497.0,1268499.23492773,184335.975600809,1.0,0.0
19498.0,1276166.89477558,217596.511122867,3.0,210207.31217367624
19503.0,1257919.34563689,199946.847296789,1.0,0.0
19504.0,1277760.98079321,283168.538774014,1.0,0.0
19509.0,1283294.34278287,194576.864251286,4.0,5277514.10026073
19510.0,1283825.74719942,178597.408042923,3.0,155127.89723276207
19511.0,1284174.90335979,178000.44893831,3.0,187439.02634166044
19512.0,1268305.22481553,254973.06431312897,3.0,390923.12356088223
19513.0,1273172.65733251,238187.095591947,3.0,4975436.504428626
19514.0,1272172.5162755,211963.895117089,3.0,30083938.26019408
19515.0,1273008.84267634,211889.522509024,3.0,36059184.440980375
19516.0,1273370.63134871,211744.687180877,3.0,4312966.785401889
19518.0,1264798.33386794,181510.077741906,3.0,750308.7649889082
19520.0,1272029.96011534,212090.117261216,3.0,13620331.041908838
19521.0,1270760.73989004,212069.573005199,3.0,35950921.659454875
19522.0,1253932.82243282,247825.590769812,1.0,0.0
19524.0,1272922.14795625,242677.375020549,4.0,60136.487104336746
19525.0,1279454.60306695,284356.727319226,3.0,1205190.2350520154
19527.0,1270212.84203348,212101.763597235,3.0,13602682.328281874
19528.0,1269775.46820903,220748.161622092,3.0,36178027.33069229
19529.0,1274876.99871026,285179.943192065,3.0,19686393.13564252
19530.0,1275284.13144667,287168.30767411,3.0,2651983.6649247287
19531.0,1277992.49445745,194822.485819548,1.0,0.0
19534.0,1279121.0535626,192147.713592798,1.0,0.0
19535.0,1277942.7871934,192379.854201034,1.0,0.0
19536.0,1277596.92735304,193525.249530211,1.0,0.0
19539.0,1277546.50975299,194689.812859401,1.0,0.0
19540.0,1272918.22936425,264032.924162418,1.0,0.0
19541.0,1279455.99186695,284669.921623543,3.0,84778.0
19543.0,1278099.95455356,213550.220686719,1.0,0.0
19544.0,1272195.29905951,212008.706381142,3.0,120939.48059225208
19545.0,1272730.75397205,211946.604749084,3.0,2408335.6093496806
19547.0,1271044.16913833,227122.412700623,3.0,4103740.57758559
19548.0,1269186.43627243,200521.833025381,3.0,13080524.920563027
19553.0,1280290.9147478,188445.583861008,3.0,619412.8232673535
19555.0,1269920.05425718,212039.84046116503,3.0,3079726.3434301326
19557.0,1275065.42616645,211383.90676450697,3.0,24547.27811739336
19558.0,1273582.99768493,247284.518705264,3.0,18747111.55082803
19559.0,1271779.06821108,232247.74563387,3.0,13846349.229163809
19563.0,1271513.09630682,228426.72374194895,3.0,1382981.1700577282
19564.0,1273653.12357301,220411.965461746,3.0,7541799.983913779
19565.0,1272855.46206819,219317.14971663096,3.0,1278772.8530792994
19566.0,1281451.97081299,221040.259158388,1.0,0.0
19571.0,1283163.58649474,245751.06999969497,3.0,825385.3497626098
19572.0,1283842.91321544,245067.849583,1.0,0.0
19574.0,1271973.79358728,258235.828156471,3.0,124321684.76834196
19576.0,1271983.08062729,256890.028347105,4.0,12071102.784038868
19579.0,1271941.69617926,259845.556542128,3.0,100967617.20004742
19582.0,1277220.28997666,179471.675627828,3.0,73568.4495737646
19583.0,1275141.17931853,242810.927916676,4.0,83709.1955420428
19586.0,1273397.08664474,266197.222980633,3.0,65384167.0555678
19588.0,1271982.72465929,262851.948481202,3.0,2043556.8639621304
19589.0,1273190.41221254,253629.288439766,3.0,2678888.9857825725
19592.0,1271405.3800187,224232.576281652,3.0,4820106.582122588
19593.0,1271672.52709098,228418.355613947,4.0,1774018.2288457584
19594.0,1271765.80286707,228771.011102304,3.0,893812.164734575
19595.0,1271772.55281907,229804.902751356,3.0,7284541.447127067
19597.0,1259731.26263075,242784.432556659,4.0,381005.0000745804
19598.0,1259733.80823076,243042.63511692,3.0,72993.29130488019
19599.0,1259275.26384628,243047.575404927,3.0,21548.377956633427
19611.0,1262534.48042563,187163.842035696,4.0,147148.3004064192
19614.0,1258621.62602161,243062.080620944,3.0,4323.849992956225
19617.0,1258980.49539798,242776.97719664904,3.0,25792.337277155555
19619.0,1274582.02718996,242823.753324687,4.0,20878.433078811413
19621.0,1275102.42904648,260653.272126958,3.0,75696.65760208771
19622.0,1275101.91199049,260674.748478979,1.0,0.0
19624.0,1259212.03824621,242385.43364425,4.0,4972670.227876872
19625.0,1282528.9069421,188679.619829252,3.0,24947133.9493436
19627.0,1285842.79436949,173021.271205217,3.0,378348.8516778805
19628.0,1269586.58443284,199689.148992524,3.0,14769124.638960354
19629.0,1269790.82878505,203510.128516436,3.0,5815399.644834612
19630.0,1269695.72497696,201793.950210676,3.0,10074744.973432437
19631.0,1275273.27250266,203663.060996592,3.0,24196018.360270116
19632.0,1287887.79225957,172024.044836193,3.0,306831.99789278803
19635.0,1290572.70253433,187911.081972465,4.0,116786.53539181117
19636.0,1290630.25101438,186820.976883352,1.0,0.0
19637.0,1267876.91428709,231434.209185034,3.0,9731400.17293768
19639.0,1288479.68115619,171849.580644011,4.0,465291.93329540046
19640.0,1287122.4161308,172413.975204602,3.0,207270.3509622612
19641.0,1280890.48108442,173058.676965252,3.0,94877.77133204894
19642.0,1280888.94502041,173008.325349197,1.0,0.0
19643.0,1281113.59679665,172221.856804401,3.0,4310879.643203834
19644.0,1281838.48313339,172313.820516497,3.0,7754318.477393718
19645.0,1286422.73120208,172285.483620465,3.0,186515.488550764
19647.0,1286504.72249816,172231.095972404,3.0,177496.72465981555
19648.0,1278377.90412185,171108.909859255,4.0,3749510.395287012
19649.0,1269592.66084884,197632.725246415,3.0,14309114.886792189
19650.0,1269799.52561706,201757.426690638,3.0,14811050.705142168
19651.0,1269869.47556913,203277.182148203,3.0,709239.0566327365
19657.0,1259861.09373488,242783.498796657,3.0,84293.43900348019
19658.0,1260052.08874308,243036.325420916,1.0,0.0
19659.0,1259865.47523889,243038.711852908,3.0,42421.67311869417
19660.0,1284358.54899196,185570.51185806104,3.0,15790104.816672
19661.0,1259254.77802226,242797.205804661,4.0,102358.08789727966
19662.0,1259231.48208624,242439.705836296,1.0,0.0
19665.0,1262715.34820181,187159.340723693,3.0,179566.91989125745
19666.0,1262561.48791365,186842.208819374,1.0,0.0
19678.0,1262702.44925779,186871.295987397,1.0,0.0
19687.0,1281406.30585295,170674.907810807,3.0,69491.266571668
19688.0,1281613.82284516,170686.612834826,1.0,0.0
19689.0,1282070.59257363,170539.869986683,1.0,0.0
19690.0,1282253.85862181,170535.624290675,3.0,1792472.509170701
19692.0,1273755.73387711,258495.410940737,1.0,0.0
19693.0,1273754.60530111,258472.841468722,1.0,0.0
19694.0,1273751.75326911,258495.252156749,1.0,0.0
19696.0,1271631.71646693,186952.743027478,3.0,7659819.994807096
19697.0,1270673.32504195,280255.392339021,1.0,0.0
19698.0,1271930.67486724,186956.157363489,3.0,4513572.347544214
19701.0,1273603.84606895,185453.778161943,1.0,0.0
19702.0,1274100.92318946,185441.020337939,4.0,92913.69531223748
19718.0,1280092.8137556,286029.764376938,1.0,0.0
19719.0,1280411.06674792,286013.275544927,3.0,84567.23333333334
19720.0,1263716.43377084,192119.575544775,3.0,42494.500800749134
19725.0,1275209.5734946,220596.988373935,1.0,0.0
19727.0,1287988.07225968,172216.645220399,3.0,1507754.0666220682
19730.0,1287849.87731554,171655.105635822,3.0,296771.0518139449
19733.0,1281513.12159705,223608.251417011,1.0,0.0
19734.0,1281671.33254121,223568.394200981,1.0,0.0
19735.0,1266202.54263738,191325.369783968,3.0,24553.375899374056
19736.0,1274102.88152547,185708.986674204,4.0,298239.42918931943
19739.0,1276302.83480772,181724.684590131,4.0,275028.82749203494
19743.0,1265025.30551617,181859.263406262,3.0,914381.2178075138
19746.0,1275730.00555913,193550.895482242,1.0,0.0
19747.0,1274431.6013338,192693.014009356,3.0,283159.6614684197
19751.0,1260306.40611933,188491.145141065,1.0,0.0
19753.0,1257067.79946002,188213.959348768,3.0,43033.94327528102
19754.0,1269639.5629929,188775.048437342,3.0,49313.6733176648
19757.0,1269633.75787289,188462.993269026,4.0,61174.30154089935
19758.0,1270199.73016147,188426.882100999,3.0,95641.57256060968
19759.0,1280784.71852431,186177.148466691,3.0,524145.9595231878
19766.0,1273465.84798881,185994.354546502,4.0,27924.00552457799
19767.0,1273454.5953808,185727.893746227,4.0,392740.19076865184
19768.0,1272419.06238773,183102.211695537,3.0,24741.497817641222
19771.0,1268278.33508749,170931.21827507,1.0,0.0
19772.0,1297889.70529382,178902.312299237,3.0,170651.37031522853
19773.0,1282727.5027183,183677.09374412903,3.0,43284.87758680408
19775.0,1297033.76577294,177882.963562191,1.0,0.0
19776.0,1264346.23172347,167827.552607894,1.0,0.0
19777.0,1276445.75807187,186967.266291499,1.0,0.0
19778.0,1276462.53522389,186948.660019472,3.0,51032.17918501205
19779.0,1272338.71313965,180136.317676499,1.0,0.0
19785.0,1257788.57424475,188539.550517112,5.0,876386.2084004858
19786.0,1276608.39026403,186642.27281916104,3.0,474153.1661743482
19787.0,1274323.19730169,192979.370425656,3.0,113356.21826917485
19793.0,1278331.16895379,267834.805318311,4.0,379192.9658149736
19799.0,1270271.79864155,189255.601909846,3.0,102541.7918636413
19800.0,1263452.27383456,169094.772193193,1.0,0.0
19805.0,1281857.70258941,285323.553816214,3.0,485573.2693746229
19806.0,1272786.19256411,185358.359089851,3.0,42717.422480039415
19807.0,1274235.3113496,193562.242234245,4.0,520773.3133502733
19808.0,1274328.37611769,193313.07180199,3.0,201388.107241279
19811.0,1273450.9946768,185459.63217794904,3.0,38612.49402584349
19815.0,1271588.96625888,187452.92376399,3.0,395937.87324301375
19817.0,1267954.08638316,182185.275502607,1.0,0.0
19818.0,1267478.23729467,182164.891694576,3.0,341416.1386936183
19826.0,1270260.91704153,188820.361013398,4.0,91255.95344140974
19830.0,1273614.58360496,261183.980351493,3.0,30101.03471011702
19831.0,1272805.09701213,185751.298930258,4.0,652886.9478864451
19833.0,1278011.98130547,179142.895147488,1.0,0.0
19840.0,1274480.70520586,180414.056940794,4.0,687563.6144496807
19841.0,1265066.14500421,183177.75844761697,3.0,381382.0
19844.0,1273953.54027732,180421.85681279,3.0,384114.9322479806
19845.0,1276688.86680812,186982.648499519,4.0,364524.7588898392
19846.0,1277075.42802452,186929.997299463,1.0,0.0
19847.0,1264994.92202814,172320.982884496,1.0,0.0
19849.0,1271078.20216237,188881.048885465,3.0,247064.4912328944
19854.0,1282645.47135821,184659.949681133,3.0,210629.2075448234
19855.0,1282633.8394862,185909.081394419,3.0,75016.66619733325
19856.0,1282643.67315021,185919.286450431,1.0,0.0
19857.0,1256438.76297937,188634.619253203,1.0,0.0
19859.0,1297352.37729327,179015.560747355,4.0,127164.0
19861.0,1277047.87301648,180030.952748388,1.0,0.0
19878.0,1270970.56331426,188936.60453350804,3.0,261312.3867767957
19884.0,1278145.6237376,179840.824172199,1.0,0.0
19896.0,1271127.93009841,173896.658214107,3.0,334890.5700642935
19901.0,1276305.41317572,181379.497261778,1.0,0.0
19909.0,1270678.54942596,189087.808949664,1.0,0.0
19913.0,1271220.84267451,174725.490918964,1.0,0.0
19915.0,1271975.73649928,275245.510669902,1.0,0.0
19919.0,1263464.69047457,169261.704929367,1.0,0.0
19925.0,1275123.67013451,285172.004568055,1.0,0.0
19939.0,1282675.94047825,180700.565549076,4.0,752906.1230401306
19942.0,1283207.74777479,178891.996011227,1.0,0.0
19944.0,1284156.24659176,179205.458347544,3.0,219710.82814065545
19945.0,1284141.83481574,178905.07601124,3.0,42390.0
19950.0,1283038.45715061,178620.893546954,4.0,656714.6357224035
19951.0,1284408.95308802,178898.374955237,1.0,0.0
19952.0,1282038.02374159,178037.934378356,3.0,195765.14317058012
19953.0,1282379.69004594,178021.267754331,3.0,510495.2489177688
19962.0,1283897.3038715,178909.589803249,4.0,116669.1720041407
19964.0,1282640.52390221,181220.18359760905,3.0,113073.87315691054
19967.0,1282380.21106994,177980.121834293,3.0,622079.9783723115
19968.0,1282781.66988635,179818.013164178,3.0,697788.9401872118
19970.0,1281645.83622119,178056.16369037298,3.0,350707.1923640859
19973.0,1283831.93913543,178922.089771256,3.0,17792.9284790882
19978.0,1282662.39884622,181495.009837896,3.0,529686.4287867821
19980.0,1274239.51243761,181733.710830137,3.0,59680.98134026018
19981.0,1285582.84576122,210381.818891481,3.0,379705.13250769454
19982.0,1277977.78021744,224181.146905601,3.0,229490.73101939997
19983.0,1287251.02809893,207355.251784369,3.0,268936.4214085653
19985.0,1284029.59948763,211273.671756387,3.0,850395.2325445573
19986.0,1284978.20326459,210764.539211869,3.0,659200.146779226
19987.0,1277703.10034515,224124.36783354,3.0,57613.69094384075
19990.0,1281214.16646075,219025.947540328,4.0,5767968.94946888
19991.0,1281191.62681273,218606.339155897,3.0,1441061.6319412254
19992.0,1281169.5727327,218187.135571465,3.0,1340598.3225332806
19994.0,1277219.00453666,282174.992212996,3.0,255081.7402466504
19996.0,1287855.28179555,205646.224006623,3.0,260925.77716036097
19997.0,1287117.46048279,207785.904136822,3.0,314379.4150178928
20002.0,1275463.57663086,180080.327980444,4.0,21326.26834902662
20003.0,1275945.38079135,180649.070893034,3.0,57197.63661971993
20004.0,1275151.02571854,181114.389869511,3.0,35150.03679154588
20006.0,1274952.17739834,181422.032621816,3.0,83103.90542044956
20007.0,1274583.96158996,180413.661292791,4.0,182238.5762950008
20014.0,1274932.55768631,179746.5940281,4.0,147195.50692540436
20015.0,1275510.92133491,179755.455596119,4.0,43686.153460122594
20019.0,1265808.11953297,211927.681613058,1.0,0.0
20020.0,1279023.2450505,242523.66794838,3.0,57775.06533062779
20021.0,1277506.61093695,199386.99078421303,3.0,38992.73685047685
20022.0,1278423.53228189,198102.68006290504,3.0,14987.417516375865
20025.0,1279745.58905125,194055.41746676,1.0,0.0
20028.0,1276995.82028043,242078.644907936,1.0,0.0
20029.0,1276986.68018442,242103.203243956,3.0,84778.0
20030.0,1277084.25349651,242544.92580440603,3.0,189683.8606702034
20031.0,1277109.17208855,242555.140012413,1.0,0.0
20032.0,1291621.94125541,183579.358384028,1.0,0.0
20044.0,1279301.85369079,207611.781448632,1.0,0.0
20056.0,1273751.67685311,223687.342105106,4.0,249689.17994598995
20062.0,1280474.34975599,181029.787373424,3.0,3015935.5230141226
20063.0,1268645.61681588,264376.770562768,1.0,0.0
20064.0,1286874.24902654,169783.542753905,3.0,802706.9484678707
20066.0,1276426.07570384,280751.488147527,3.0,78281.14462387882
20068.0,1276123.32395953,281712.692628518,1.0,0.0
20071.0,1267200.57803039,170062.00681819,3.0,2873838.255598918
20077.0,1267733.55140695,170003.959330127,1.0,0.0
20083.0,1289386.49235712,180114.713388488,1.0,0.0
20084.0,1270325.8700016,222791.018776178,3.0,46686.774401234965
20085.0,1270318.5389936,222485.198551863,3.0,29867.424135359142
20089.0,1269589.05163284,278999.25544174,1.0,0.0
20090.0,1279972.82514748,179744.221676096,1.0,0.0
20092.0,1287253.95853093,284750.427351624,3.0,96669.72191985874
20093.0,1286737.45529841,284147.348823011,1.0,0.0
20094.0,1287229.26073891,284147.670679003,3.0,193273.5585455315
20096.0,1279675.48812318,172879.814117074,1.0,0.0
20099.0,1278077.33484153,174846.341351092,1.0,0.0
20100.0,1281584.17855713,180909.219693288,1.0,0.0
20101.0,1276995.02207242,285257.21276015,3.0,45956.16108377085
20102.0,1285134.58912076,187219.126003757,1.0,0.0
20103.0,1285293.84307292,187216.383923754,3.0,42389.99999999999
20104.0,1253150.66812801,249082.625651106,3.0,758027.8943544924
20105.0,1261364.37616841,243081.410284951,1.0,0.0
20106.0,1253090.62396795,249163.96504318697,6.0,20389189.830300286
20107.0,1278271.69170573,229222.174558774,3.0,42653.20325403196
20111.0,1260845.67146389,243205.511725083,1.0,0.0
20112.0,1278270.60447374,229195.683486745,1.0,0.0
20113.0,1287513.0186912,283716.872022569,3.0,318897.4252121979
20114.0,1287784.51718748,283608.642582461,3.0,556589.8860910591
20115.0,1287881.92678757,283304.029654145,1.0,0.0
20116.0,1287876.84902757,283588.693142444,3.0,640589.3860910598
20117.0,1287501.20345919,283621.842006475,3.0,157030.3831010844
20118.0,1265600.67870076,216931.883538187,4.0,47846.498422128345
20122.0,1267246.49988644,229114.458206654,3.0,13638.306884409894
20128.0,1282707.58015828,194581.148347288,3.0,133345.91264942198
20139.0,1293286.06784911,189036.85797362,1.0,0.0
20145.0,1272756.85464409,233140.40720278,1.0,0.0
20155.0,1288642.76122035,191391.11372003,1.0,0.0
20156.0,1288832.11091655,191204.31256783,1.0,0.0
20157.0,1288648.61062837,191415.586808056,1.0,0.0
20159.0,1282703.39839827,271026.357705578,3.0,104781.29865145938
20160.0,1268202.65086342,284718.006487593,4.0,300332.5612338865
20164.0,1268475.5938397,284851.748311728,3.0,320051.75056650746
20165.0,1282794.23583837,271024.750729576,3.0,108669.00640119152
20170.0,1285011.50796863,187576.932724118,1.0,0.0
20172.0,1280914.40889244,283212.812630057,1.0,0.0
20173.0,1285009.75865664,187518.628020063,1.0,0.0
20179.0,1295308.54906718,182797.584687233,1.0,0.0
20180.0,1278216.39263368,180684.342829064,1.0,0.0
20182.0,1282106.82022166,284068.270230934,1.0,0.0
20186.0,1271853.30136316,279796.46549055,1.0,0.0
20192.0,1271786.8241151,212114.164173245,3.0,150406.08753098833
20194.0,1272434.77361976,211994.957069129,3.0,103623.55259065032
20196.0,1265852.91505301,212225.48250936004,3.0,62699.687416998495
20197.0,1268599.41086383,212042.40410918,4.0,101660.34998576324
20199.0,1283148.89196673,211541.998988658,1.0,0.0
20200.0,1281114.96326065,211231.88474834,3.0,48009.84105768952
20201.0,1268437.63070366,277421.18875213,3.0,3259906.050398035
20203.0,1265099.49495624,198348.121791154,1.0,0.0
20206.0,1268428.00964765,272423.232843012,3.0,310139.7609834965
20225.0,1279584.41810708,174030.228518248,1.0,0.0
20234.0,1266784.09098998,285109.737304002,1.0,0.0
20236.0,1277299.78130473,175350.877415597,1.0,0.0
20239.0,1277632.59724107,175388.547943637,1.0,0.0
20240.0,1282347.7580779,186453.723698974,1.0,0.0
20249.0,1276898.66789633,285113.983383998,1.0,0.0
20250.0,1267472.22647868,276974.797583669,1.0,0.0
20252.0,1277820.72082527,283859.391062722,1.0,0.0
20262.0,1273650.128437,202400.674371302,3.0,43672.118036193846
20263.0,1274826.7638942,202518.562307417,1.0,0.0
20264.0,1273550.24549291,201943.46105884,1.0,0.0
20265.0,1273879.91275723,202252.229507148,1.0,0.0
20267.0,1294257.0393701,179939.450924307,4.0,818398.9852071699
20268.0,1281864.87122941,181090.78065347704,3.0,1118140.0311370434
20271.0,1272377.7760517,277193.221967891,3.0,39992362.97761834
20273.0,1272243.49413157,274419.51034905,3.0,41582623.51272778
20278.0,1286111.48608176,172901.147109091,3.0,446273.1194204749
20279.0,1285045.26579267,172264.96758844,3.0,9068279.17602505
20281.0,1285298.78924893,172984.892325178,3.0,6832636.207845526
20282.0,1285600.87264124,172964.059045166,4.0,7056688.5357784135
20283.0,1285492.89971313,174228.249446452,3.0,25956202.390104994
20284.0,1286739.7614104,172816.489445001,3.0,367696.7654681256
20288.0,1283351.50739093,186933.73585946896,3.0,41175516.57834672
20289.0,1286012.81862566,197934.986174732,1.0,0.0
20290.0,1285582.39526522,198199.991166994,1.0,0.0
20291.0,1285589.33324923,198458.363711268,1.0,0.0
20293.0,1276950.11992837,179469.917739823,1.0,0.0
20295.0,1298160.03483009,180039.586540401,3.0,6296244.911568039
20296.0,1282762.26214233,182960.151919395,3.0,355950.8438354951
20297.0,1281890.31410944,186039.766514555,3.0,443226.18288362265
20298.0,1285611.33484925,181985.597742394,3.0,1011208.039926402
20301.0,1278554.99007402,244254.814766154,4.0,32797356.310370587
20302.0,1271101.65880239,221581.667862937,1.0,0.0
20303.0,1265645.9147968,259110.71257337896,3.0,32745.134664629844
20305.0,1283786.41887937,270362.52570489,3.0,2021126.348372313
20308.0,1267741.93918295,234316.228643984,1.0,0.0
20315.0,1282031.82956558,198835.417407647,3.0,60100.73373830996
20316.0,1282027.22194958,198835.448255658,1.0,0.0
20318.0,1268292.79831952,229040.600414574,3.0,68368.5351929962
20319.0,1267748.75249496,230652.159904227,3.0,35618374.81709853
20321.0,1267984.1870552,231457.547041059,4.0,14988923.783399446
20325.0,1268196.87857541,229126.011038661,3.0,4215.960712020024
20327.0,1267031.08100623,231470.320353076,4.0,8393558.201999014
20328.0,1267351.21982256,231452.264609054,3.0,8764615.635134926
20329.0,1268872.37099211,253118.651063234,4.0,3216482.1643656106
20333.0,1276703.23884013,247856.105777845,4.0,124250.98320001038
20336.0,1273802.32926916,250494.493556544,1.0,0.0
20337.0,1269386.15108864,215882.381649107,1.0,0.0
20338.0,1286906.33030657,204791.149573743,1.0,0.0
20339.0,1266374.56068555,237264.888103008,4.0,32570.217423155125
20344.0,1285065.3848327,257702.905659929,1.0,0.0
20348.0,1257136.39574809,244264.965358168,1.0,0.0
20350.0,1266411.63505359,232492.152930111,1.0,0.0
20351.0,1278323.43800978,201768.082178652,4.0,229135.68069390135
20352.0,1285735.10624138,259065.489213333,4.0,353575.0962758688
20354.0,1278255.20882572,201743.082178622,4.0,298214.99916898826
20355.0,1278127.48037758,202378.78893128,4.0,967873.3036543776
20356.0,1282593.60531016,191317.786423951,3.0,126978.80291858682
20357.0,1290118.09293386,218383.191635668,1.0,0.0
20360.0,1273842.1096852,223666.739481077,1.0,0.0
20362.0,1266141.96727732,238315.904040083,1.0,0.0
20365.0,1290599.79239036,173712.271461919,1.0,0.0
20366.0,1288339.46426004,172934.026661128,1.0,0.0
20367.0,1282483.50911805,245911.862319857,4.0,18793555.183531333
20368.0,1285529.57779317,171867.143588036,3.0,70353.89120026655
20372.0,1286749.51731442,171114.545699269,3.0,67025.36816362878
20373.0,1286829.2304025,171805.772003978,3.0,293327.65426168806
20376.0,1279694.81586719,184773.166001245,3.0,9475616.050941084
20379.0,1267953.72875117,228910.351006448,5.0,567371.1937050424
20380.0,1267448.42436665,250244.86514028895,3.0,64930.91709529949
20381.0,1278647.24837811,185076.36062556496,3.0,6062928.729621209
20383.0,1279030.35980251,184962.86020945,4.0,3251287.582393639
20384.0,1281092.13887662,185168.804017663,3.0,383946.74613996287
20385.0,1278867.58226635,185485.553393975,3.0,100495.07221862944
20391.0,1273170.22821251,260048.387198329,3.0,1768474.930891218
20392.0,1279769.43775527,203992.930372939,1.0,0.0
20394.0,1280087.18188359,203974.77197291,1.0,0.0
20397.0,1274603.10258198,192211.88536886903,3.0,2456636.299972135
20398.0,1273984.30232534,193229.02604191,4.0,56839.8729688817
20400.0,1273858.84229322,193236.02181792297,3.0,18644.753243427964
20401.0,1255784.4808027,247803.711217791,3.0,803626.2803069678
20402.0,1273979.67211734,192879.40632955695,3.0,89094.02166066068
20408.0,1272637.49432397,219661.91182898,4.0,211124.057148866
20412.0,1286022.78976168,172063.141860232,3.0,231541.6045209457
20413.0,1286384.19520204,170322.888802454,3.0,75140.93607213453
20416.0,1286095.44281775,172124.798244298,3.0,128841.37309161812
20419.0,1264910.44452405,260351.93446263703,3.0,1805900.4833297816
20424.0,1285754.9684494,173842.881446064,5.0,12921706.698575024
20425.0,1285035.17260866,162378.423706323,1.0,0.0
20426.0,1286670.26547433,170486.600418627,3.0,50462.9715997194
20428.0,1284841.95680046,177301.984745607,3.0,37436327.23669727
20429.0,1285035.64800066,163167.18722713,1.0,0.0
20430.0,1277607.06284106,173221.101221427,3.0,2539512.2732573235
20431.0,1276510.89701593,174038.088102251,3.0,20222114.255649853
20432.0,1286307.26585796,168861.691936955,4.0,116073.82049946884
20435.0,1272562.03256388,222130.0040555,3.0,42054.79047637007
20436.0,1272538.44107586,220906.307670251,3.0,31052.49773115917
20438.0,1277235.10488868,204140.012101084,1.0,0.0
20439.0,1287396.12358707,173554.83184576,1.0,0.0
20442.0,1273494.18654884,204991.548165947,3.0,7232756.348361117
20443.0,1281671.94118121,244657.667950571,4.0,27776353.97989961
20446.0,1262971.13668206,166979.105503023,3.0,84777.99999999999
20447.0,1263275.39562638,167392.876319453,1.0,0.0
20465.0,1272916.31730025,242476.555500343,3.0,18146221.973073047
20466.0,1273836.12971719,242682.335276544,4.0,47933493.80695556
20468.0,1272984.21573232,194657.124283373,1.0,0.0
20469.0,1260635.19747968,201776.322306663,1.0,0.0
20473.0,1280915.47647645,202631.081731543,1.0,0.0
20474.0,1288872.62982859,192018.02751267,1.0,0.0
20479.0,1286629.18291429,169777.057569891,3.0,971312.0720258248
20482.0,1271780.49112308,188070.173876628,3.0,16883624.53721951
20483.0,1271842.34008315,188277.422132835,3.0,8968015.397334848
20484.0,1278274.00965774,170559.143586695,1.0,0.0
20486.0,1277051.84741649,173132.00816533,4.0,6397205.501754896
20487.0,1271490.77745879,182823.863151252,3.0,12007526.06806608
20489.0,1276766.19212019,173749.633253962,3.0,2656839.7794076186
20490.0,1271087.35243438,180698.874285072,3.0,4712751.648271511
20492.0,1271549.11691485,182771.371439204,3.0,5390755.429449251
20493.0,1277329.09714477,173127.295269325,3.0,2991465.007412744
20494.0,1278378.86111385,173112.122725308,3.0,1582326.823886657
20497.0,1277986.62764144,171342.233251497,3.0,3432156.96908516
20498.0,1274416.39333379,175040.864615291,3.0,1024855.4684292136
20499.0,1291919.9374157,176111.340136379,1.0,0.0
20500.0,1287846.89997154,177019.61789731696,3.0,1366688.2933088802
20505.0,1267329.60830253,230579.690528154,3.0,14444182.780364336
20506.0,1283370.41318296,274388.468429014,4.0,2690089.810458496
20519.0,1283245.27827083,273253.793867856,5.0,2932528.4140054667
20520.0,1283048.90035063,271809.420106381,4.0,3403459.389903411
20524.0,1283340.95814292,273598.852556214,4.0,3096903.5993201304
20527.0,1267015.1712462,230355.050271928,1.0,0.0
20532.0,1288505.26150821,176314.06909659496,3.0,318189.03499780205
20535.0,1288270.74195597,176596.710248873,3.0,516426.1844637347
20542.0,1284508.14905612,193421.19301810896,3.0,99785.68094933536
20546.0,1273035.32786037,194951.09215568,1.0,0.0
20554.0,1269597.77208085,173619.329381824,3.0,6099794.2952423245
20556.0,1278272.36594574,165580.431133598,1.0,0.0
20558.0,1277780.10021722,171105.45846726,1.0,0.0
20563.0,1262637.71152973,167421.700703487,1.0,0.0
20564.0,1282126.76735768,223345.77685675,3.0,67147.24796890815
20565.0,1282253.46034981,223350.264408752,1.0,0.0
20570.0,1274523.62770189,223915.747481331,1.0,0.0
20571.0,1281318.77586885,221759.11663112,1.0,0.0
20572.0,1277713.65349716,246047.177007988,1.0,0.0
20574.0,1274933.98943032,267260.990533724,1.0,0.0
20577.0,1271548.68907484,262397.098048732,1.0,0.0
20580.0,1273883.20606925,241532.50788337,1.0,0.0
20581.0,1281156.92057268,223535.53109695,1.0,0.0
20584.0,1283140.31193472,265720.109764144,1.0,0.0
20589.0,1270600.22219388,202164.916995063,1.0,0.0
20591.0,1269962.46718523,209777.201290861,1.0,0.0
20592.0,1277337.66572078,202954.409475863,3.0,6115.265355204758
20598.0,1267710.08459091,268782.793287277,1.0,0.0
20599.0,1261739.74314481,233586.552291229,1.0,0.0
20600.0,1280401.54642792,232609.470242232,1.0,0.0
20604.0,1271471.74110676,224963.976026401,3.0,256707.5738783232
20605.0,1279204.0078027,222236.775447607,1.0,0.0
20607.0,1275877.63288729,261135.00211145,1.0,0.0
20609.0,1284580.75654419,206350.681607351,1.0,0.0
20612.0,1284405.31788802,206530.988615528,1.0,0.0
20614.0,1281033.50738856,217563.205778822,1.0,0.0
20615.0,1274408.95173378,192620.84549728,3.0,104240.17760650102
20616.0,1273795.04811715,193083.505721763,3.0,60322.73797252433
20617.0,1273135.71480447,194013.864698708,3.0,1835205.6250397293
20618.0,1272921.41502826,194183.036602885,3.0,4581656.876507061
20619.0,1273228.97054857,193717.961786404,3.0,516640.2784039149
20620.0,1273384.15128472,193758.034170449,3.0,393315.0999606962
20624.0,1283089.84844667,272909.181323498,1.0,0.0
20626.0,1283303.20300689,273678.800524294,3.0,877078.5477842595
20628.0,1282883.34687845,271022.891465575,3.0,148488.32661929724
20629.0,1282884.07065445,271047.671305597,1.0,0.0
20630.0,1283341.32563092,273445.790476054,1.0,0.0
20635.0,1283345.49228694,273468.706828073,1.0,0.0
20636.0,1283322.64748691,273788.010636404,3.0,169542.0
20638.0,1283326.0205429,273950.21831657,3.0,84777.99999999999
20639.0,1283343.42860693,273949.636300564,1.0,0.0
20640.0,1283345.51193494,274009.532172635,1.0,0.0
20642.0,1272886.76222822,174861.525415108,3.0,895175.386120878
20643.0,1269728.04971299,174244.591910467,3.0,366954.586918042
20644.0,1274522.8731419,175081.664423332,3.0,19642466.388013657
20646.0,1280294.7582038,172552.761956736,3.0,767357.4625582709
20647.0,1279937.14213943,173084.815013289,3.0,522824.4073500806
20651.0,1263955.76004307,212089.840397224,3.0,41397437.88145574
20653.0,1269694.44708896,212112.67431724104,3.0,13646315.798958618
20657.0,1275109.9208225,242343.100716203,3.0,51702.13794349106
20658.0,1275130.48901452,242581.09406045097,5.0,288886.39384076087
20659.0,1275110.0497825,242575.488044441,1.0,0.0
20660.0,1279122.8724426,185216.75537771,3.0,1054420.252702813
20661.0,1280582.5033561,184904.576497391,3.0,1502541.2918473398
20663.0,1279664.91468316,183104.804847538,3.0,3087403.593494126
20664.0,1279149.67653863,184299.770608768,3.0,2168211.7136080014
20665.0,1275851.87967126,185831.456242338,1.0,0.0
20666.0,1275845.09912725,185641.553714141,3.0,84778.0
20667.0,1268778.87115201,232886.319138512,3.0,6913.244973725234
20668.0,1268833.90584007,232911.839778543,3.0,8902472.204014402
20669.0,1268995.05476823,232279.508001894,3.0,11673028.772641554
20671.0,1268970.14699221,232497.751330122,3.0,8938662.209572231
20676.0,1265137.70519629,228061.501341581,1.0,0.0
20679.0,1266823.25860602,194619.727355331,1.0,0.0
20681.0,1297370.26113328,179097.798443437,1.0,0.0
20685.0,1297362.76871729,178999.94429934,1.0,0.0
20686.0,1274216.83730158,227958.943517476,4.0,135590.79041728462
20688.0,1274349.99454972,225758.750683218,1.0,0.0
20692.0,1257655.49021262,187165.500467703,1.0,0.0
20693.0,1272355.11729968,230870.435360461,3.0,42494.11833350732
20694.0,1267841.26116705,190999.521655634,3.0,1511643.2298035063
20695.0,1272355.10910767,230884.493408471,1.0,0.0
20697.0,1263783.8804909,230450.718688026,3.0,5683864.304617151
20698.0,1271642.27518694,174555.21239078,3.0,73840.26310053984
20699.0,1271643.71845095,174843.507751077,1.0,0.0
20701.0,1273616.80536497,237608.315239355,1.0,0.0
20703.0,1272290.83691561,223149.309080541,3.0,2349317.1841672626
20708.0,1267114.49259031,278100.521040812,3.0,177555.8987893617
20714.0,1278019.39698547,210690.25197978303,3.0,219123.3665880744
20716.0,1270484.77784176,229220.731998771,3.0,94967.67671700702
20717.0,1274097.58949345,218742.66306003896,3.0,84368.86710869907
20721.0,1277549.773241,244315.18801422403,3.0,288828.9564364976
20722.0,1277209.31160864,244089.833133996,3.0,255504.9008197712
20723.0,1272271.73349159,266039.24299112934,1.0,0.0
20724.0,1274026.74219738,218743.766036034,1.0,0.0
20726.0,1254741.86742564,192508.298169166,1.0,0.0
20730.0,1272746.31102808,222897.13538429103,3.0,2102964.2054570112
20731.0,1272404.29694773,223294.704792693,3.0,1277788.142158629
20732.0,1271149.63345844,225383.373850837,3.0,2220223.379338161
20733.0,1261074.93546413,205788.57575076804,3.0,513808.1696263232
20735.0,1278085.87973754,211083.344332188,1.0,0.0
20738.0,1278714.87589818,212821.684749976,1.0,0.0
20739.0,1266166.95678134,242468.232684329,1.0,0.0
20744.0,1282943.21555051,231309.326880902,3.0,42728.38095238095
20745.0,1282923.5072625,230500.87836808,3.0,126684.76075036074
20746.0,1282972.37887855,230501.225504071,1.0,0.0
20747.0,1283069.23827064,231523.32412912,1.0,0.0
20750.0,1267064.15345426,230160.56111972,3.0,8079687.43482874
20751.0,1267325.90065452,230432.899808004,3.0,3937394.0173383034
20759.0,1274275.17413364,242343.350444198,1.0,0.0
20760.0,1268133.93707135,236308.626278028,3.0,52400.84474251036
20761.0,1265702.60266887,229888.482911453,3.0,45303.67691379784
20762.0,1259595.45840661,245928.391471878,3.0,424.5893646009452
20763.0,1269019.63902426,283711.880534559,4.0,676817.8471582138
20764.0,1269407.53752066,284703.415639579,5.0,824835.9489290646
20765.0,1269315.36152056,284477.877015352,1.0,0.0
20767.0,1282235.94495779,245006.444526926,3.0,25933253.519070707
20768.0,1268445.06801566,280787.815187573,4.0,13441998.192484928
20769.0,1268528.10263975,281174.915155962,5.0,8357433.157503316
20771.0,1268508.79620774,281991.608724803,3.0,1014205.7631863854
20773.0,1278076.19013754,207913.20864895,3.0,1005496.3175506348
20776.0,1277713.68824916,207736.108296767,4.0,541563.7550579789
20782.0,1274573.76837395,242601.613996461,3.0,680152.3292517482
20783.0,1276349.60927176,207995.437513024,3.0,281637.5320296149
20784.0,1274826.3039262,242126.853483975,1.0,0.0
20785.0,1274829.7760542,242386.836204246,4.0,35968348.22232428
20786.0,1265922.62852509,191371.95692001295,3.0,100914.4756753508
20787.0,1268265.27966349,273754.127180368,3.0,642864.0142626617
20788.0,1268216.36439943,274727.43361336,3.0,396792.2109517111
20789.0,1268407.23767963,275010.329037651,3.0,29128.11836608198
20792.0,1275257.29323864,242266.610412121,1.0,0.0
20793.0,1268652.61847988,275422.71796608,4.0,1894045.6043682948
20797.0,1268410.88139163,275425.304590076,4.0,1026551.2162052792
20798.0,1274842.79704623,242418.953964278,3.0,120972.8700765514
20801.0,1282074.67231762,178645.44759497,1.0,0.0
20802.0,1285755.7223694,205611.987846583,3.0,43210.9421306314
20803.0,1272454.72369978,250671.477428734,3.0,38914.57024462569
20805.0,1267457.86167866,265492.438979909,3.0,1589542.2058280213
20806.0,1267482.03057468,263494.229057863,3.0,629662.9988164599
20807.0,1267418.36139062,266154.178436592,4.0,3430279.407923874
20811.0,1274886.47768627,242900.588140771,3.0,105178.34151408303
20812.0,1278173.12402563,257579.15820381,1.0,0.0
20815.0,1283758.84313536,193807.025594503,1.0,0.0
20819.0,1275991.58571939,242865.139372736,3.0,62416.73552743163
20821.0,1279340.75026684,243639.002989531,3.0,4915.697815083666
20822.0,1280528.57138805,242934.743596807,3.0,12647.021378288478
20823.0,1280810.51570833,243028.493420899,4.0,641513.6581201414
20827.0,1277378.17976882,241967.844267815,3.0,68474.8588339427
20828.0,1276983.38232842,241785.664491639,1.0,0.0
20829.0,1276813.97317624,242026.279851884,1.0,0.0
20830.0,1277259.68984869,242224.35460408,3.0,131011.284170378
20832.0,1278330.1440578,243563.045485452,3.0,129700.4817549933
20833.0,1269293.41214454,219134.072980434,1.0,0.0
20834.0,1268863.0494561,225276.99183473,1.0,0.0
20835.0,1276953.31967239,243497.936685383,3.0,70831.10373992709
20836.0,1276603.41784802,243541.520237431,4.0,1080340.015446575
20837.0,1272260.64664358,257766.444539994,3.0,1294350.6016444624
20839.0,1276532.09547995,243228.118637115,3.0,1335258.201203658
20840.0,1276869.4153523,243590.460781485,1.0,0.0
20842.0,1272814.37522015,257738.074235961,1.0,0.0
20845.0,1268618.34359986,173440.108645648,3.0,13162.43455434207
20846.0,1267960.83076717,173443.175845653,3.0,33445.67671136175
20850.0,1269242.97982448,247906.273649901,3.0,2151535.5195612684
20858.0,1267446.91185465,241564.36637941,4.0,909647.714416865
20859.0,1267450.48369466,241717.953387558,3.0,10437.460398355652
20860.0,1267082.07927828,241637.84330748,3.0,323420.2755813222
20870.0,1259825.55082284,257037.506747246,3.0,280848.6748876785
20872.0,1268893.77841613,224436.24872987004,3.0,385239.0381053737
20873.0,1269047.97688028,224177.640345603,4.0,464732.6101564981
20878.0,1282842.77804641,188624.796405196,4.0,13957035.214444656
20884.0,1269339.75550459,223635.560729042,5.0,566360.8303210008
20885.0,1269366.83883262,223651.880281061,4.0,80882.43074798706
20887.0,1269217.53336047,223917.403993338,4.0,68073.5782630872
20890.0,1268269.14219148,225399.843930855,4.0,13656121.27447552
20891.0,1276849.96588027,270521.608329058,1.0,0.0
20892.0,1276851.70706429,270539.423945069,3.0,50338.958297190766
20895.0,1267097.51294228,227023.572636515,3.0,2260.9513782952818
20896.0,1267469.39019068,226427.062043905,4.0,7151921.560224928
20899.0,1278473.56831394,262121.08646445,4.0,2643867.923194526
20901.0,1270122.73854539,220816.587670162,3.0,150844.7308364437
20902.0,1270349.34276962,220810.762262151,4.0,272330.44921397435
20907.0,1270129.55544139,221184.572822541,4.0,171160.06547810996
20908.0,1269558.70686482,219842.082069159,3.0,128850.8112524916
20912.0,1271169.55435446,232564.74461019,4.0,48815.56250644742
20913.0,1271451.99934675,232552.783394173,1.0,0.0
20914.0,1289637.14272538,190881.322743505,1.0,0.0
20915.0,1289639.69357337,190883.953655511,1.0,0.0
20918.0,1254835.71107374,247360.079217345,3.0,7549.21254714501
20919.0,1269625.44363289,223110.390168503,4.0,563606.321863777
20920.0,1263576.66372268,248448.329970449,1.0,0.0
20921.0,1293047.89972086,180780.65169316495,3.0,209232.5563978525
20922.0,1293044.46010487,180587.82231696,3.0,270349.5683747229
20923.0,1292635.59149644,180313.987244681,3.0,25350.587483445684
20924.0,1292647.83719246,180626.37937299896,3.0,185.93809523809523
20925.0,1257508.26147647,247674.117297664,3.0,242172.0212968216
20926.0,1256845.89174779,247619.082673609,3.0,314370.91325653536
20928.0,1264344.16023546,242044.868395895,3.0,43667.97796689211
20937.0,1257080.31709203,247600.244401589,3.0,56366.40043205205
20938.0,1255386.0363863,247420.647665396,1.0,0.0
20942.0,1257472.13949244,247508.91947349897,3.0,333754.8403709516
20943.0,1277711.55800916,205892.412486881,3.0,60989.34126465467
20946.0,1277710.86149716,205897.78419888,1.0,0.0
20947.0,1263275.14461838,239625.051049426,3.0,250171.0197897747
20951.0,1263243.82609035,238379.97642414304,3.0,418877.8684556985
20952.0,1263264.03345037,239793.453929588,3.0,462257.0863847648
20954.0,1263267.50583437,239705.259241506,3.0,620264.2021456296
20955.0,1263272.31127438,239315.85879311,3.0,120865.45046922503
20956.0,1263226.13060233,240067.315241873,3.0,502069.23444558383
20957.0,1263216.74282631,238276.59114404,3.0,380951.6524406482
20958.0,1285693.83436933,197215.439997986,3.0,319216.680209259
20959.0,1285694.17324933,197204.733693987,1.0,0.0
20961.0,1260079.55325511,236441.783782154,3.0,63874.44379535262
20962.0,1259179.48023018,237453.418599188,1.0,0.0
20963.0,1269571.17796883,223752.439129159,4.0,135471.7473188426
20966.0,1275902.28671131,236091.022373796,1.0,0.0
20968.0,1274618.923446,192097.144824743,1.0,0.0
20969.0,1279078.76197857,219704.98491701495,3.0,221583.9850947121
20970.0,1278951.13458642,219709.119765028,1.0,0.0
20973.0,1286244.9776019,198145.125182942,1.0,0.0
20974.0,1286277.06451394,198144.361022949,3.0,269235.36512801284
20980.0,1279221.38962671,245381.148143306,3.0,3770.86438815747
20982.0,1279067.72882655,245373.210159302,3.0,34684.78868207004
20985.0,1285968.51948962,197936.340798736,1.0,0.0
20986.0,1297190.5115011,178220.96522654602,3.0,144402.50183087145
20989.0,1278805.13721028,245362.492015287,4.0,86394.87982773293
20990.0,1285570.2224012,198073.903166875,1.0,0.0
20993.0,1280094.3222996,206645.605191648,1.0,0.0
20995.0,1279728.98181923,206657.695047662,3.0,197696.3544053302
20996.0,1277330.43538477,202798.764163703,3.0,2228576.5258926637
21002.0,1268076.91716729,225695.946395159,3.0,7095264.41998021
21003.0,1267821.89963104,225655.02159512,3.0,6486010.005570289
21006.0,1272915.85726824,205401.111622378,4.0,1230853.0284840858
21010.0,1284796.87846442,208234.866761282,1.0,0.0
21011.0,1280240.5204437503,226999.994972497,4.0,190612.0359302438
21012.0,1271224.84785852,226054.88821952,3.0,34068.382775811064
21015.0,1266066.46647723,282117.689492926,3.0,216477.27498966764
21021.0,1283135.16300671,270186.281288713,3.0,339285.4755536198
21028.0,1255779.03165071,192474.25036113,5.0,127277.18152378088
21029.0,1265333.33770849,282973.138581812,1.0,0.0
21040.0,1282486.09868605,271683.44001025,3.0,202106.8071160149
21043.0,1266898.61572608,285172.673880056,1.0,0.0
21045.0,1255957.94403489,192658.58002533004,3.0,221523.9027128316
21050.0,1255778.0841307,192507.129849166,1.0,0.0
21051.0,1282587.79987015,271645.97095421,3.0,84777.99999999999
21052.0,1260911.72643995,236607.191590324,5.0,206421.6113914727
21053.0,1260678.64586371,237116.18007084695,5.0,297127.6512775766
21054.0,1268731.30756797,235836.733477533,3.0,119494.51955493688
21055.0,1260840.12752788,236753.215270475,3.0,157632.41524658335
21057.0,1286471.04768214,180078.487404451,3.0,254290.0
21058.0,1286464.39942612,180067.594412431,1.0,0.0
21062.0,1286607.28134628,179982.184428349,1.0,0.0
21067.0,1265966.61591713,282478.249173298,3.0,8952236.021284718
21071.0,1282686.28953426,271530.709386095,1.0,0.0
21073.0,1282685.53164625,270492.725193024,3.0,78575.76038141423
21080.0,1272443.94910777,260069.791678354,3.0,4329719.352305338
21088.0,1273259.0973966,261559.737151876,3.0,3797.3208023391458
21089.0,1273614.49272497,261559.796223879,3.0,40413.866393817385
21090.0,1273419.25362076,261560.604927883,3.0,9471.892887237973
21091.0,1272954.37688428,261864.691648185,4.0,95744.2778883694
21092.0,1273268.17976461,260713.976063013,3.0,80673.31460824468
21093.0,1273321.24888466,261158.420415476,3.0,43918.36271045649
21094.0,1272993.15864433,261854.86713618,1.0,0.0
21099.0,1272663.32600398,261549.92025587,3.0,107225.86951833722
21101.0,1285314.36531295,187917.450100467,3.0,278426.9788455594
21102.0,1279775.53093928,245738.232047677,3.0,109415.64549174378
21103.0,1285973.01984163,187906.660404459,3.0,44885.84551497732
21104.0,1282592.39110216,273152.371787757,3.0,139260.74105335487
21105.0,1282782.44780636,273150.107723743,3.0,103412.56012637
21106.0,1282704.94367827,272881.675467476,1.0,0.0
21107.0,1282082.78092563,186209.140146717,3.0,254290.0
21109.0,1282057.91154961,186215.436402723,1.0,0.0
21110.0,1282589.58796616,272883.26503548,1.0,0.0
21111.0,1285969.19801761,187775.316148326,1.0,0.0
21118.0,1284883.1303045,192659.440569326,3.0,335773.2031077942
21121.0,1278977.48428246,238764.477352545,3.0,525722.4710668711
21125.0,1272890.21624422,241945.531627789,1.0,0.0
21126.0,1286179.31929784,244512.120046422,4.0,66664.11460823753
21127.0,1286437.71705809,244499.956974417,4.0,55835.25208156528
21128.0,1286688.58502635,244495.182702407,4.0,42436.02597402598
21129.0,1286716.62400238,245169.251247093,1.0,0.0
21130.0,1282558.89804612,246162.737456113,1.0,0.0
21131.0,1286733.6321304,243808.437037706,1.0,0.0
21140.0,1275306.46635869,237192.124134928,1.0,0.0
21141.0,1287015.24544269,282781.389269605,1.0,0.0
21143.0,1264022.82129115,185799.19870629895,3.0,1143325.5864802422
21145.0,1263920.04657103,185801.03729830697,3.0,1062963.8174956413
21146.0,1263922.73553105,186045.770418555,1.0,0.0
21147.0,1264028.24874716,186042.524018556,1.0,0.0
21153.0,1270115.91768138,191065.964151695,4.0,2359090.8286050577
21154.0,1269608.97675286,191054.680055678,4.0,2238938.3352670404
21162.0,1271620.91563493,232059.626913667,3.0,12722112.075438472
21163.0,1271230.37048252,231691.005921289,3.0,10590239.917686677
21164.0,1290714.98541448,181383.660333782,3.0,104498.02986473212
21176.0,1274574.45176595,230086.196127653,4.0,173600.15216684723
21177.0,1274866.60965425,230083.436255649,4.0,155013.208600617
21180.0,1285614.05632125,257910.181820139,1.0,0.0
21186.0,1265560.33201271,212266.812109411,1.0,0.0
21187.0,1279763.97317927,217902.94619517,3.0,67065.85468545009
21188.0,1284646.29875226,204917.251077875,4.0,2037147.6635492956
21189.0,1281140.35334067,211893.813901022,4.0,151635.229905447
21190.0,1277794.84063324,217414.730322674,3.0,154653.06452460156
21194.0,1289087.34989281,191264.676983893,1.0,0.0
21200.0,1268126.49515134,272447.084811032,1.0,0.0
21201.0,1281663.11308521,268500.318470985,3.0,3815.430039136305
