Node ID,Longitude,Latitude,Degree Centrality,Betweenness Centrality
0.0,1272454.59576377,196821.621245593,4.0,127609.3723398766
1.0,1272445.65285176,196530.332157284,4.0,170225.0832871503
2.0,1272798.19742812,229164.418078706,3.0,3162099.6129348874
3.0,1272804.96216413,229595.832927153,4.0,73627.9102861346
4.0,1281723.54604527,282410.519317225,3.0,82727.82026685282
5.0,1281884.72486143,282430.77122125,1.0,0.0
6.0,1276842.76677626,227487.097628996,3.0,26244.15301748242
7.0,1258877.97200587,249895.359603941,4.0,1098858.2180182778
8.0,1258234.31478922,249910.516403958,4.0,1355868.2318122473
9.0,1283765.82739136,171798.862563968,4.0,127158.0
10.0,1284031.00665563,171794.603363961,1.0,0.0
11.0,1280270.93772379,213065.492622226,4.0,2640347.707859748
12.0,1280456.64569198,212688.49274984,3.0,401795.4918110754
13.0,1267298.5883345,267152.063941613,3.0,43220.77939055071
14.0,1271933.94097924,224815.773914248,4.0,51987.52635697723
15.0,1271778.12037109,225078.95580253,4.0,210291.86011054105
16.0,1278954.31929043,265172.014723584,3.0,408248.02380128927
17.0,1278959.35634644,265833.102980256,5.0,608252.7120118963
18.0,1277381.21746482,215035.505424246,4.0,67816.15362124126
19.0,1277630.20780107,215030.022160232,3.0,89646.48435802857
20.0,1283574.34284717,261045.015423357,1.0,0.0
21.0,1283809.09996741,261058.46521537,4.0,78039.88413772012
22.0,1262965.77060206,243687.401837572,3.0,71791.25040113757
23.0,1262421.63684151,243696.967469588,3.0,45371.11950247885
24.0,1267581.43787079,255034.246649206,4.0,356581.0613360891
25.0,1267586.72785479,255298.186041474,4.0,1505759.3303519357
26.0,1284988.93945661,243227.259757102,3.0,98497.93054597812
27.0,1285233.68665686,243221.913645104,3.0,28322.488114843087
28.0,1255456.75408237,196154.808572903,3.0,480106.378323004
29.0,1255595.16950652,195880.616572618,3.0,455826.04787756334
30.0,1263108.5517862,234405.380708069,3.0,70016.95306020378
31.0,1262935.07281002,234409.333796084,3.0,72593.25941355308
32.0,1255545.10429046,216954.681042209,3.0,25255.490774130973
33.0,1255265.38704218,216967.281426221,3.0,7444.955867259192
34.0,1258800.58698179,246142.062000096,4.0,975447.6365021789
35.0,1258809.9760378,246596.084016562,4.0,627119.5844431502
36.0,1279401.98706689,212638.938061789,4.0,1973585.251641064
37.0,1279694.18789919,212782.37543793,4.0,2967661.683559469
38.0,1274815.57855019,214267.166415453,4.0,350037.1310984977
39.0,1275137.33906253,214259.534863442,4.0,496421.8447897694
40.0,1278606.39973807,260543.99148684705,3.0,20259.763233512083
41.0,1278505.30936997,261207.579775527,3.0,6230.39130575923
42.0,1263738.66269885,193118.371449798,4.0,62743.61972411329
43.0,1263720.30877884,192449.732985109,4.0,962843.4629642202
44.0,1256988.76483594,256314.264378503,3.0,149709.04664762266
45.0,1256994.74377994,256567.370490775,3.0,92583.89376053616
46.0,1279509.896635,249937.870963976,4.0,198073.21001401937
47.0,1279510.548475,250601.042228654,4.0,249369.79424594212
48.0,1259622.40195863,247186.093681157,3.0,28605.312758124244
49.0,1259624.42359065,247281.280817255,3.0,5087.42583085861
50.0,1270588.07550587,248855.032242864,4.0,116616.22944162498
51.0,1270458.83204973,249104.497331128,4.0,176411.9313772546
52.0,1263328.80791444,257652.461179882,4.0,91822.98614910296
53.0,1263339.08772244,258310.205628559,4.0,168529.1500290518
54.0,1269852.56356911,286351.478297263,1.0,0.0
55.0,1270761.20017804,281362.060756162,3.0,64324.64592594947
56.0,1271109.72933041,281358.539796159,3.0,177316.12377404253
57.0,1268277.31735949,172954.348773152,4.0,83823.53835059894
58.0,1267949.29604717,172956.300197154,4.0,31913.2793902888
59.0,1293112.80640893,186888.097779423,4.0,10138.662468728866
60.0,1292817.51437663,186607.558003128,4.0,94815.14943175064
61.0,1261062.79863212,189161.988277748,4.0,1018074.9577166148
62.0,1261055.6402321,188817.666101396,3.0,149418.61311474792
63.0,1272464.65771578,287260.426586196,3.0,9895025.563423406
64.0,1273788.08651714,287213.48905015,3.0,12649068.312435685
65.0,1272454.03409977,177834.82391414,3.0,532828.9078412448
66.0,1272444.24568376,177462.902761772,1.0,0.0
67.0,1290300.04762205,166861.452190906,4.0,84777.99999999999
68.0,1290264.08378202,166241.259486273,1.0,0.0
69.0,1291331.86477511,180568.431340948,3.0,347575.8843353265
70.0,1291975.29197577,180633.424301013,1.0,0.0
71.0,1282213.24518177,271972.505034536,3.0,530420.5859202005
72.0,1282284.28767784,272235.421834812,3.0,109703.68023922046
73.0,1282715.23859029,233091.293474734,4.0,54791.56605346362
74.0,1282726.5535343,233531.437603176,4.0,749855.4549820537
75.0,1281281.27494082,226056.509979531,4.0,202835.79596227832
76.0,1281551.9082851,226047.25077951,4.0,130696.23598291472
77.0,1287215.17222689,201158.116866022,3.0,268884.99150413147
79.0,1270277.30814555,258143.212860376,4.0,398837.0173962308
80.0,1270642.56068993,258133.419196367,3.0,580991.964609264
81.0,1280294.88581981,228275.444509804,4.0,125539.00874714988
82.0,1280580.68646009,228267.878237784,4.0,617486.1929098892
83.0,1278378.23845784,237799.906727552,5.0,459617.3597808544
84.0,1278804.12933828,237789.334567547,3.0,47965.89629471496
85.0,1272824.73246816,230863.305760443,4.0,280971.6087059962
86.0,1273064.5368204,230856.854368433,4.0,298114.1211910755
87.0,1281381.10514891,275680.326734334,4.0,153006.34784418307
88.0,1281742.18412529,275669.226702332,3.0,20468.97378855236
89.0,1266283.53726146,171371.195427522,4.0,355811.81290460244
90.0,1266257.47658943,170710.072738856,4.0,136510.87055876976
91.0,1275345.34392674,282544.803797364,3.0,117079.35758747609
92.0,1275752.38968715,282779.186837614,3.0,78672.59437027427
93.0,1264664.81015579,281906.94485271,3.0,63924.92795431092
94.0,1264668.0404918,282139.998484954,4.0,290712.7933293622
95.0,1264664.87082779,190436.459447056,4.0,584472.7259960222
96.0,1264659.03127579,189769.788918361,4.0,453480.5645349065
97.0,1277398.53695284,278181.299088895,4.0,302460.72370742296
98.0,1278429.63762589,278182.661904901,4.0,210113.1362557411
99.0,1273761.84018111,281094.578707889,3.0,134697.04440220466
100.0,1273941.6010133,281087.15937987,1.0,0.0
101.0,1266971.44593416,229144.100254685,3.0,69050.35602151386
102.0,1267074.50084627,229257.475998804,3.0,396.2007952682044
104.0,1263233.93437834,233406.478499055,4.0,296235.9325824427
105.0,1284175.52505578,256967.10431517696,3.0,670624.3253098138
106.0,1284180.06182379,257310.038331524,3.0,686706.65030167
108.0,1268326.00491154,176567.896360844,3.0,43764.27470489511
109.0,1253666.65104054,238556.65130432,4.0,100936.54395748462
110.0,1253514.05622438,238559.390120327,3.0,7078.228685625318
111.0,1274047.4515094,210438.22855553,1.0,0.0
112.0,1274103.81880547,210438.612683535,4.0,216581.10493126375
113.0,1276913.66789635,256953.11122717,4.0,303706.73673156626
114.0,1277566.93592902,256933.55941914,3.0,203942.80354597236
115.0,1257852.12694882,251724.168245807,4.0,45171.76981279309
116.0,1257580.66192454,251728.783733815,4.0,108979.80213470652
117.0,1277229.24108067,265328.371011734,1.0,0.0
118.0,1270481.88644975,169648.417697757,4.0,148765.59584353375
119.0,1270458.24344173,168628.175008714,3.0,48933.7027604184
120.0,1255234.32931414,208599.474313647,4.0,492997.92919151805
121.0,1255208.59843412,207940.24071297,4.0,638791.6853269297
122.0,1265867.78743704,272818.187787414,3.0,807627.3315860945
123.0,1266470.73860565,272804.600203395,4.0,63260.71642231084
124.0,1265927.25674909,170723.599266857,4.0,184976.43814816195
125.0,1273840.2426132,190321.361590937,3.0,30422.804686102325
126.0,1274132.9129495,190311.40856692204,3.0,162060.01412146672
127.0,1269098.01617634,275415.660878062,3.0,26088.453781803484
128.0,1269429.16446468,275409.54510206,3.0,11497.40640798215
129.0,1293365.06900118,187098.91166763,4.0,9672.8748689488
130.0,1263899.44983502,239306.09303309,4.0,1099958.719410019
131.0,1263578.79197869,239310.656041101,4.0,515456.0374723163
132.0,1286124.69273777,250469.927988529,4.0,290747.6631561032
133.0,1286452.71635412,250462.30827651903,3.0,75306.04159280783
134.0,1252895.25660774,241888.374955744,3.0,74984.99987793433
135.0,1252630.71811147,241894.735147744,4.0,430650.2125405679
136.0,1281508.38476504,224727.104474157,3.0,42547.61408008333
137.0,1255906.26435483,206583.175879583,3.0,5512.035062309062
138.0,1255893.83229081,206275.863815263,3.0,48119.05430052249
139.0,1274282.36312565,262005.069952339,4.0,5903043.048509894
140.0,1274287.39461365,263332.436417699,4.0,1401230.9181962842
141.0,1271812.62360312,224388.446681812,4.0,870759.3895286116
142.0,1272089.89438741,224552.525785983,4.0,762246.4745137074
143.0,1277243.86668068,218532.477459818,3.0,78154.80086739195
144.0,1277236.76600868,218106.060627386,4.0,481001.1417247084
145.0,1253250.87664011,238026.825575784,4.0,385714.61951108015
146.0,1253012.02505587,238977.303016752,3.0,435137.33126109815
147.0,1249993.20105277,214783.617167979,4.0,7036983.328412765
148.0,1249067.76489183,214423.403279617,3.0,2671057.463254893
149.0,1266148.59358132,250294.497588351,3.0,225549.5614359305
150.0,1266156.64676532,250609.36146067097,3.0,313110.87992124807
151.0,1280661.65382019,181065.626861453,4.0,260985.91026632112
152.0,1281077.1979486,181074.766573459,4.0,183462.851267999
153.0,1264359.95677949,190435.671095043,4.0,573464.8422208934
154.0,1284064.52723166,183615.953456059,3.0,15338.234734638863
155.0,1284315.11270392,183605.35467205904,3.0,167.07063492063483
156.0,1275724.35563913,273498.561420113,3.0,92716.60764770808
157.0,1275724.35755913,273624.971596241,3.0,143457.59081545906
158.0,1270425.5919217,277388.989008084,4.0,981665.9048461842
159.0,1278738.71116221,175783.79357604697,3.0,83050.87686660221
160.0,1278738.70949821,175420.741159678,1.0,0.0
161.0,1280407.09036392,275046.280397683,4.0,383166.9927902471
162.0,1280729.71046025,275034.756493673,4.0,89396.78985910518
163.0,1264958.1405881,256952.308411166,4.0,210458.01637031545
164.0,1265288.06122844,256943.776891157,4.0,102201.26749299724
165.0,1259254.25437427,211145.917708263,4.0,535673.2701395082
166.0,1258928.14480592,211153.105356261,4.0,778641.9309674106
167.0,1267045.12235023,266826.329029277,4.0,56551.6104671421
168.0,1267048.67582224,267157.805381611,3.0,10530.691680448024
169.0,1268605.79934384,230121.900767684,4.0,169440.18131912115
170.0,1268928.17694417,230113.763999686,4.0,184684.73670582063
171.0,1256268.74326721,237184.078246921,1.0,0.0
172.0,1256273.2337632,237345.089063078,3.0,44127.697774288376
173.0,1266453.41284563,227664.082845166,4.0,111509.25609058209
174.0,1266226.6938694,227870.505373389,4.0,156979.22343408663
175.0,1255616.55824253,210587.041227683,4.0,562988.5010881383
176.0,1255285.88995419,210598.314827695,4.0,526229.7729564062
177.0,1268898.14552014,254213.515320361,4.0,3705480.947411525
178.0,1268902.42276815,254477.183736622,5.0,646623.842571007
179.0,1255407.24893032,258198.797372445,4.0,176218.55379537205
180.0,1255079.59574598,258214.809788451,1.0,0.0
181.0,1276301.07627971,265258.702851668,4.0,295111.48721672164
182.0,1276632.77048805,265247.812803656,3.0,223405.7780543189
183.0,1257392.51267636,241084.258090913,4.0,201939.17834014524
184.0,1257396.05405235,241201.171243027,3.0,2071.96548324623
185.0,1276780.9621042,267851.166214317,3.0,38318.19372460336
186.0,1277212.38085665,267460.401541919,3.0,104339.59794147949
187.0,1264704.14833184,249662.072947696,4.0,187530.6840556264
188.0,1264455.25706759,249709.06501174,4.0,166613.56240000503
189.0,1284829.67468844,196327.831229076,4.0,156092.36119719085
190.0,1284825.84198445,195963.298812702,1.0,0.0
191.0,1272929.66699627,268932.71354343,3.0,66670.90187894487
192.0,1272807.71218014,269254.396295756,3.0,16281.375669264402
193.0,1267566.30366278,254242.185528383,4.0,3563712.579923626
194.0,1267571.34635077,254506.137080655,4.0,443660.4607275118
195.0,1263902.16829902,275697.976974353,3.0,42390.0
196.0,1263905.77981903,275847.116110504,1.0,0.0
197.0,1283089.70342267,271810.450250372,3.0,1682901.5331956972
198.0,1285276.7859849,187535.758260086,4.0,345769.9662351276
199.0,1285303.72755294,187534.997108072,3.0,159860.0220764668
200.0,1252643.02019149,237537.500135288,3.0,35426.42801922735
201.0,1252334.24195117,237864.672039613,4.0,19698.17822139305
202.0,1258389.45718938,193259.14085793504,3.0,58493.1407904711
204.0,1272234.48792355,239077.257832855,4.0,107687.31303490292
205.0,1272900.20837224,240350.108970165,4.0,141082.1386232357
206.0,1257046.966116,252397.156406492,4.0,101780.27409516343
207.0,1257058.92675601,253057.077687174,4.0,217757.5882921647
208.0,1272767.9543561,247459.440881446,4.0,92479.25226839732
209.0,1273438.45598878,247439.566897422,3.0,85412.4006035915
210.0,1284244.68831985,199447.878464282,3.0,64949.75312674759
211.0,1284241.75916785,199241.687296063,4.0,956586.38484338
213.0,1262584.74640967,260990.464383304,3.0,199830.80235586743
214.0,1255183.5640021,200748.802689612,3.0,109120.26751473364
215.0,1280020.90937153,269028.75603953,4.0,786327.8456700324
216.0,1280024.75449152,269440.160391957,1.0,0.0
217.0,1261753.95248882,264877.850627273,3.0,423738.0
218.0,1261288.76541634,264893.885059297,1.0,0.0
219.0,1275560.70565496,255996.255546182,4.0,273807.6214315158
220.0,1275569.99435897,256328.123322517,4.0,124501.81768956422
221.0,1278684.01669815,228317.968989834,4.0,87494.08051443091
222.0,1278720.35884219,228743.301854283,4.0,57611.35170123558
223.0,1256279.28886722,210564.764043659,4.0,722276.7596404308
224.0,1256257.2134752,209890.90055497,4.0,1434655.259047365
225.0,1283124.8408307,210839.53613995,3.0,26984.213788349145
226.0,1283111.4881267,210512.143755615,3.0,69861.52093800703
227.0,1275486.36498289,225729.493211195,4.0,348837.5904504152
228.0,1275808.3183912,225721.644507185,4.0,319532.61487522867
229.0,1268721.36894396,225187.020890638,5.0,13562004.962508528
230.0,1268504.63582373,225553.576923013,4.0,7386068.232410732
231.0,1271726.48536304,250747.195124805,3.0,43864.46883439737
232.0,1271871.00305918,250735.363508791,4.0,144035.0442348151
233.0,1269274.20971252,278213.279312938,3.0,43160.3511085793
234.0,1269769.50238502,278202.772432923,3.0,35516.33206090756
235.0,1272200.78821152,187765.71877232203,3.0,199235.0858635784
236.0,1272198.48241952,187517.871476054,4.0,274805.1367305783
237.0,1269589.64907284,256172.180026367,4.0,749772.9664973312
238.0,1269597.61067285,256834.457595035,4.0,520447.5158937224
239.0,1268658.77854389,218394.933075681,1.0,0.0
240.0,1269023.34968026,218229.76315550497,3.0,242953.48962980468
242.0,1260335.19971937,249864.353715912,4.0,800661.0228851117
243.0,1277566.23020101,234443.87869212,3.0,49337.859331286665
244.0,1277708.74668115,234439.286820114,3.0,15150.54509360583
245.0,1279089.24946657,219611.869652927,3.0,257574.5376773813
246.0,1261276.56496833,237093.940646827,3.0,21411.929114927472
247.0,1261226.90858428,237094.913702831,3.0,28684.102253893238
248.0,1263796.44413891,211697.102668822,4.0,57172.3718796618
249.0,1263551.36618666,211703.440908834,3.0,76202.93925610215
250.0,1272495.44670781,230027.744479597,4.0,1202736.536522905
251.0,1272502.11633983,230448.031328022,4.0,662192.4354176623
252.0,1285134.09536076,248468.497586474,3.0,789.399550328995
253.0,1285043.06464067,248891.980338901,5.0,138187.29729180556
254.0,1276985.20280841,204502.511045456,4.0,190020.88893925052
255.0,1276982.64344841,204269.200517222,3.0,224786.37069770627
256.0,1277623.74751307,263231.847681597,3.0,12702.433950009843
257.0,1277624.75800908,263892.966786265,4.0,159770.73741674676
258.0,1281207.18585274,265771.55027619,4.0,179152.94862373252
259.0,1281413.78290895,267032.68256548,3.0,237036.80612926756
260.0,1280402.94597992,283535.14005439,3.0,169542.0
261.0,1280876.6225244,283430.795798272,3.0,84778.0
262.0,1280412.64773993,286682.726297602,3.0,46465.06930595332
263.0,1280774.4137563,286666.51144959,1.0,0.0
264.0,1274266.19845363,251901.893941984,3.0,18040.36046665722
265.0,1270620.42289791,190763.84069538105,3.0,696757.9454587726
266.0,1284895.94387251,286266.618521184,3.0,847142.0
267.0,1285245.02816087,286494.452057406,3.0,84778.0
268.0,1266570.15671775,170699.37987484,3.0,1017521.4654469262
269.0,1268787.59620802,181604.503086001,4.0,697757.5523766489
270.0,1268779.37214401,181154.647981539,4.0,98603.50083248565
271.0,1265328.57719648,282120.576276928,3.0,161144.48375397013
272.0,1264958.0536761,282131.535956949,3.0,118924.0562737054
273.0,1279899.67865141,219094.483860403,4.0,451493.8274574408
274.0,1280150.64466766,219085.027476385,4.0,311415.9608168653
275.0,1282864.67039844,286924.984345853,4.0,127164.0
276.0,1282858.69894244,286448.887513369,1.0,0.0
277.0,1286694.78873836,184059.089008525,4.0,2940940.782281154
278.0,1287499.01971518,183045.515247479,3.0,5125890.39296622
279.0,1264549.93469968,169405.926049516,3.0,66040.01058653851
280.0,1264521.72810766,168731.543584824,3.0,8952.30008355556
281.0,1291730.76915951,187872.753652424,4.0,123846.84033279876
282.0,1291412.60768719,187395.802803934,3.0,279913.83811467735
283.0,1267292.28491049,172961.222757161,4.0,6145.008280113916
284.0,1266093.37226926,250037.735284075,3.0,17902.757913084413
285.0,1266208.31396538,250034.761524081,3.0,6732.233406499136
286.0,1274176.87346154,250599.453620657,3.0,65316.45830767678
287.0,1274844.53752622,250577.064244628,4.0,66452.49990969487
288.0,1254535.07350543,207961.851273,4.0,320734.1558629589
289.0,1254210.5092171,207972.267593011,4.0,152019.05106718268
290.0,1266928.21111812,255582.142521754,4.0,139600.98515032203
291.0,1266931.30103812,255846.406394035,3.0,21643.33051380392
292.0,1262729.51287381,210410.578955501,3.0,1019419.2863503468
293.0,1262469.79191355,210415.162315503,3.0,240171.81312239057
294.0,1278595.84197806,221615.352854982,4.0,2091672.365131053
295.0,1278576.97785005,221130.541142479,4.0,3606241.087042728
296.0,1269219.51166447,171298.076195449,6.0,3454840.4334359355
297.0,1269491.46948874,170957.9501791,3.0,775993.9722674671
298.0,1281584.93740512,258811.106877059,4.0,1229823.260682787
299.0,1282238.40102179,258789.689213037,3.0,888077.5082594916
300.0,1267564.49860677,189777.556278378,4.0,216669.6692842896
301.0,1267575.54942279,189001.198901579,4.0,212530.43905600192
302.0,1278967.97317845,179412.024491757,4.0,803308.4625400042
303.0,1279806.76741931,179406.70788376,4.0,798022.4836167856
304.0,1272998.52152434,192761.953849435,3.0,211918.0
305.0,1272988.50117232,192162.954680815,3.0,1349349.197782467
306.0,1273568.74546091,283458.316054299,1.0,0.0
307.0,1273772.30635713,283448.097302288,3.0,283335.9367703718
308.0,1277231.12396067,229510.68969506,4.0,174432.1248315323
309.0,1277402.08255285,229506.704799056,1.0,0.0
310.0,1282382.70316595,281526.143764332,3.0,5535838.94082015
311.0,1282382.88889395,282112.898516923,4.0,763239.0089070993
312.0,1277446.44172089,176461.450664744,3.0,163758.69843415
313.0,1277436.98604088,176017.840680286,1.0,0.0
314.0,1284279.37100789,201862.135426745,4.0,256861.60947107297
315.0,1284274.73350388,201536.872002423,4.0,80184.13206916128
316.0,1256378.51209931,191967.406904623,4.0,226442.35725162615
318.0,1257447.87773241,190642.838007256,4.0,277163.66623567784
319.0,1257456.81603642,189904.169846505,4.0,130662.9114802228
320.0,1271622.29528293,225342.298778787,4.0,406743.0467074355
321.0,1271466.34283477,225605.664411068,4.0,965997.9484620544
322.0,1256233.67869116,251223.321525291,3.0,22170.95280743917
323.0,1255563.68105848,251229.0350613,4.0,124244.1484206186
324.0,1277295.27832873,263903.880770281,4.0,211009.8592874673
325.0,1256426.80400336,205931.08167091,4.0,1055818.0351753128
326.0,1256105.98377904,205943.834630936,4.0,693853.7825589974
327.0,1292385.86887218,186108.49073861504,3.0,1131978.136815516
328.0,1292367.65728816,185438.830385938,4.0,1459972.1865119685
329.0,1259633.64829464,247734.430513725,4.0,70082.29878158883
330.0,1259639.46717465,248017.00805001,4.0,1014765.106884082
331.0,1285362.333057,258416.643388659,4.0,277331.3992936792
332.0,1285257.01568088,244540.88273444804,3.0,229031.5178961311
333.0,1285262.80768089,245200.360111132,3.0,70149.25681476142
334.0,1266748.57534194,233089.124514729,4.0,519364.461152731
335.0,1267070.45694226,233080.91587472,4.0,486131.2662648302
336.0,1256307.98563524,195514.808572248,1.0,0.0
337.0,1256302.42691524,195314.88639605,3.0,84778.0
338.0,1269298.63224055,278730.970193461,3.0,89834.23128493776
339.0,1269771.88395303,278723.644433454,3.0,288312.954650306
340.0,1262064.28253713,189803.961078405,3.0,21091.816368952037
341.0,1261695.93322477,189809.565046415,4.0,491514.02232911
342.0,1265299.62513246,280002.885650769,3.0,128630.15766718247
343.0,1265815.39742097,279988.021842748,3.0,48037.09568444749
344.0,1266177.79991736,174929.147943169,4.0,4928240.801520895
345.0,1266006.17687717,174929.697511166,3.0,4417596.424525061
346.0,1271883.53291519,231297.731424898,3.0,62370.80911075757
348.0,1274130.4621335,190030.23256664,3.0,88078.62736746194
349.0,1274179.19499755,189677.760502279,3.0,72531.14320648088
350.0,1270424.67492969,274729.535949364,4.0,225837.4091513626
351.0,1270756.92101003,274724.504141361,4.0,132771.13417288923
352.0,1271075.48568237,248046.229746044,4.0,230760.6313014122
353.0,1271438.86974673,248035.366578028,4.0,33292.28703495671
354.0,1274268.64037363,259352.550973624,4.0,2868922.884254961
355.0,1274270.37854964,259683.771133959,4.0,139395.9164606987
356.0,1261768.42717683,265437.196291849,3.0,508438.0
357.0,1261458.53143252,265446.037827864,1.0,0.0
358.0,1276039.51608744,220853.143062204,3.0,148785.92238907146
359.0,1276350.46463177,220846.391766191,4.0,144966.90890861265
360.0,1277615.54636106,232783.297378406,4.0,500908.39074343647
361.0,1277912.32402536,232775.428962409,4.0,326337.30159419705
362.0,1283070.97311865,252521.099382624,3.0,166502.8087546578
363.0,1283068.69196665,253181.110583305,3.0,124707.48351671944
364.0,1263313.31057042,248469.24856247,4.0,389619.0152662142
365.0,1263325.08906643,249002.108083025,4.0,373563.14815993846
366.0,1252428.75356726,214820.537360013,3.0,11872.050378865726
367.0,1255252.56944217,236153.93891786,3.0,9836.415928472576
368.0,1255269.04157017,236553.273766279,4.0,52961.56862775704
369.0,1263631.26986673,199628.698944464,1.0,0.0
370.0,1263616.49271473,199070.942207888,3.0,84777.99999999999
371.0,1254709.46294561,203031.283395946,3.0,86178.12699796572
372.0,1254698.72476959,202702.723331615,3.0,43512.98820958193
373.0,1277756.7232572,236154.740069866,4.0,41319.23190834171
374.0,1277866.49567331,236306.955302015,4.0,26059.08577411836
375.0,1270694.24363397,244460.160814375,4.0,162682.24312696702
376.0,1270708.24920198,244857.596718773,4.0,225557.19170326376
377.0,1265295.24785244,279597.910738349,3.0,210249.18213683343
378.0,1264635.03530777,279616.65121837,1.0,0.0
379.0,1280908.49094044,263513.984897882,3.0,5762.40278161778
380.0,1253983.31184086,251334.928885415,4.0,544665.8357105849
381.0,1253990.96144088,251776.016885862,4.0,85202.44563804832
382.0,1269215.58187246,224984.423514426,4.0,3422380.992422402
383.0,1268998.64561623,225351.006106809,4.0,13536935.708709547
384.0,1263931.49994706,276285.286158964,4.0,211918.0
385.0,1259260.46301426,216050.79771328,1.0,0.0
386.0,1258934.30883794,216064.797969297,4.0,185955.1942725082
387.0,1265401.62366055,234665.511780336,4.0,162691.95607916202
388.0,1265701.59518087,234658.856292337,4.0,283561.62723237195
390.0,1264006.30391513,189239.119349822,4.0,188186.45415897845
391.0,1263993.59101911,188703.64568527,4.0,499961.62087321945
392.0,1275739.63743114,280954.946387738,4.0,241571.9114765288
393.0,1276002.51154341,280942.463507727,1.0,0.0
394.0,1282048.3383656,208297.749513343,3.0,286945.6326393445
395.0,1282041.9315816,207921.563592955,4.0,3379570.6468611653
396.0,1258890.08579789,214463.586319655,4.0,61965.16557990809
398.0,1270897.60376218,241414.757099256,4.0,935362.4365873314
399.0,1271191.19608249,241406.438891247,4.0,1291705.107093576
400.0,1251557.23075038,239256.623977035,4.0,180867.77191903788
401.0,1251618.65615845,239918.536361724,4.0,67386.31857527913
402.0,1265401.32804455,246789.716208756,3.0,59111.53638969536
403.0,1265406.24369256,246954.268656924,3.0,15986.336922384142
404.0,1258314.7559413,212911.597582072,4.0,170397.67806144542
405.0,1258295.65296528,212206.491405338,4.0,245349.0555425713
406.0,1273664.10021302,253277.453879401,3.0,50004.41903208444
407.0,1273862.04011722,253270.108727396,4.0,11516.744649796545
408.0,1255185.96790609,196691.21503745,3.0,547069.4935945418
409.0,1286707.00787437,190644.988919258,4.0,2424084.117565509
410.0,1254251.42089714,214603.774991795,4.0,89332.75309417213
411.0,1286481.12710615,208148.872841194,3.0,409079.5200715023
412.0,1286477.38925013,207788.435912818,4.0,96030.6401268956
413.0,1266440.14225362,249498.323635533,4.0,99679.17807503184
414.0,1266446.57591763,249758.489139795,4.0,283858.275797367
415.0,1265959.86103712,177112.357545406,3.0,35078.612860751266
416.0,1283484.21279907,170258.48899439,3.0,84778.0
417.0,1265791.09073295,233415.684899062,3.0,527381.5862822152
418.0,1270814.63941009,176557.03613683596,3.0,199241.8857334881
419.0,1271066.99121836,176557.166056842,3.0,62474.5814191785
420.0,1269330.43435258,175897.508904159,4.0,1070442.71358719
421.0,1269314.81726456,175240.981991485,4.0,11556784.949980576
422.0,1275575.59346297,229124.335198671,4.0,778249.390842099
423.0,1275895.8339753,229116.870942652,4.0,737488.6906958211
424.0,1270424.7891057,274064.09966068,4.0,533365.801002788
425.0,1295065.35764293,181879.040238291,3.0,43182.67265972753
426.0,1295063.01409093,181766.504046172,1.0,0.0
427.0,1271597.3543549,276029.997902691,3.0,42988.35175540935
428.0,1280736.73932426,284327.660119191,3.0,287089.6794964592
429.0,1280736.73337226,284616.512599483,1.0,0.0
430.0,1263799.56420292,189777.560182378,3.0,39917.18206810951
431.0,1263689.76682681,189779.23045437,3.0,8512.050740012217
432.0,1263685.2563628,283615.557910472,1.0,0.0
433.0,1263371.67690648,283624.339670479,3.0,215466.9956229068
434.0,1260020.65706305,169026.856289133,3.0,11043.965132535215
435.0,1259841.25021486,168629.262944713,4.0,82685.80396300212
436.0,1269341.94417658,270654.593993187,4.0,64334.95858850883
437.0,1269343.24568059,270760.100681305,4.0,57190.45220924607
438.0,1253499.28067237,251003.048949078,1.0,0.0
439.0,1253507.26819238,251316.269493386,3.0,254290.0
441.0,1286958.33875462,249158.007027179,1.0,0.0
442.0,1282987.72793457,263045.627265409,4.0,127054.28649353144
443.0,1283218.8071668,263036.516033396,4.0,105656.7801036236
444.0,1274158.20485352,235984.13379769,4.0,118330.61448292936
445.0,1274418.14136578,235977.720421687,4.0,129135.2790305226
446.0,1272906.37829223,218975.758996278,4.0,1115101.247876025
447.0,1272709.35442004,218127.068819404,4.0,938399.517887722
448.0,1286529.52659419,177929.980202243,3.0,75761.50223687348
449.0,1286782.01984245,177262.075689554,3.0,39570.59834724549
450.0,1267402.5599186,178325.892138645,4.0,114517.74436307864
451.0,1266741.73022193,178290.513962612,3.0,21662.84370134402
452.0,1284128.65247974,179515.564331874,3.0,383073.65357386536
453.0,1284294.0589439,179367.969771713,3.0,299946.8222282061
454.0,1275109.38770249,283198.371414036,5.0,636351.8414066911
455.0,1275121.70687051,284223.727639094,3.0,680239.1054632568
456.0,1295074.32839493,182562.836142987,4.0,361947.5576710025
457.0,1267121.43447831,280268.323475033,3.0,90663.96630442256
458.0,1267785.198255,280259.525587022,3.0,134032.9482290648
459.0,1294962.68756282,186508.085107028,3.0,14680.593854392237
460.0,1295243.67943512,186494.57726702103,3.0,82175.7401933332
461.0,1283921.71654353,169768.209121883,4.0,154944.50374626106
462.0,1283919.93471952,169675.581409797,1.0,0.0
463.0,1264649.92996378,280820.336467609,4.0,517077.2580391663
464.0,1264656.87876379,281311.356436104,3.0,860633.3778552476
465.0,1277195.70501663,228634.615006164,5.0,940615.9235558194
466.0,1277218.07704866,229086.050782621,4.0,458462.5012177629
467.0,1267287.60676649,269144.023815647,3.0,3918485.219746468
468.0,1267733.78167894,269135.004487634,3.0,4243463.840698496
470.0,1279723.95423523,249274.821811303,4.0,561086.9460801164
471.0,1276853.71000828,213253.478798419,4.0,142918.0748521719
472.0,1277089.34405652,213248.951246411,4.0,107126.411941507
473.0,1256780.54537973,189273.057269856,3.0,4047.17899762481
474.0,1256439.03888337,189284.340725869,4.0,317249.5391349588
475.0,1255685.74710661,243146.895085022,4.0,107697.329308061
476.0,1262101.85040918,286961.303513885,3.0,84413.06666666665
477.0,1284345.20582396,176259.884840533,3.0,668428.9511761407
478.0,1285007.17107263,176234.694888502,4.0,1120474.448044065
479.0,1276708.12888813,277501.008464202,3.0,61841.06137614026
480.0,1277408.12946485,277475.041616172,4.0,160739.98574257872
481.0,1288927.42701265,171552.286307707,3.0,214243.00648123445
482.0,1290000.39565374,171584.573283747,3.0,87201.1523096522
483.0,1258419.30262941,286518.623641431,3.0,56357.41921476147
484.0,1258335.17482132,286519.408729434,3.0,56767.035173834345
485.0,1265888.71089305,189775.082166374,4.0,156218.8241356868
486.0,1265721.55114888,189773.390262365,1.0,0.0
487.0,1276937.20850436,258610.386748865,4.0,64498.65340779371
488.0,1277347.38552879,258597.844476849,3.0,30163.88911347482
489.0,1271273.91045056,176557.272040844,4.0,194557.663390068
490.0,1271922.03352323,176734.536425024,3.0,47293.35234015343
491.0,1285146.49030477,178860.411435202,1.0,0.0
492.0,1267688.7841109,234614.773348287,1.0,0.0
493.0,1285195.04307282,182860.607471287,3.0,116874.1890875324
494.0,1285630.87680127,182119.696558535,1.0,0.0
495.0,1255213.2148821205,215243.915408447,6.0,358696.3449339027
496.0,1277763.52018522,216685.932561934,6.0,531923.4178424316
497.0,1278078.37554553,216665.651089907,4.0,92677.27759779934
498.0,1274853.81765424,251630.758645713,4.0,100636.85625621896
499.0,1275298.70815068,251615.483125702,3.0,66170.17735109432
500.0,1284269.33331187,241482.847531319,3.0,247344.59805230403
501.0,1284051.12569565,242379.337196246,4.0,668520.9425935434
502.0,1268590.53822382,227026.243932515,4.0,804549.9154317843
503.0,1268807.25924805,227264.457372755,4.0,105520.96450180144
504.0,1271259.15096255,224060.90402548,5.0,4025543.448085911
505.0,1271535.74654683,224224.612377644,4.0,1250317.8687673465
506.0,1272508.91057983,238184.070375949,4.0,182565.25636983235
507.0,1272819.20523615,238177.726503938,4.0,247287.18637788357
508.0,1264923.37527606,247206.99652917695,3.0,3712.991225959227
509.0,1264679.54801181,247127.6282731,3.0,42784.974921257
510.0,1267401.3787986,233985.91472365,4.0,200605.37297248916
511.0,1267726.01534294,233978.92125164,4.0,93307.2284412158
512.0,1274868.03320625,228805.854878336,4.0,122369.97173688257
513.0,1275190.17823058,228803.149150342,4.0,126468.68507336202
514.0,1263795.43626691,235272.85539695603,5.0,330747.6035950054
515.0,1263464.65143457,235279.347812966,4.0,173963.3070338129
516.0,1295062.20506693,181712.482798114,1.0,0.0
517.0,1295054.80647492,181218.71972560897,3.0,677667.8014671272
518.0,1287004.41344267,176864.766825154,3.0,163848.00820249232
519.0,1286923.83942659,173249.976805449,3.0,198446.61760981035
520.0,1287343.63616303,173240.263909444,1.0,0.0
521.0,1256306.04176325,200812.851137683,3.0,377988.63467143424
522.0,1256089.88867502,200768.21536162504,3.0,218441.7653094751
523.0,1268606.11627184,187801.835508347,4.0,72985.3580322704
524.0,1268605.95351984,187635.203572184,1.0,0.0
525.0,1280968.0271965,214838.453968033,3.0,144751.78651839175
526.0,1280956.54495649,214363.134031549,4.0,305164.4694229746
527.0,1281741.87538929,235103.74352479,3.0,105465.54524710584
528.0,1281760.55711731,236036.65437375,3.0,71302.18201583465
529.0,1270502.32670578,190121.404342726,3.0,84778.0
530.0,1270537.62385781,189764.57829436695,3.0,127356.34990658917
531.0,1267877.01931109,190436.520183057,4.0,602489.2410873688
532.0,1267904.10718311,189778.89714238,4.0,239457.25988585435
534.0,1264738.29297188,195105.826427832,3.0,409122.51457648096
535.0,1264458.61469959,195114.439611837,4.0,210762.15311782656
536.0,1285607.83520125,246509.837808475,3.0,21057.13157894737
537.0,1285970.26195362,246502.319792464,3.0,21194.14824561404
538.0,1288464.67296417,252078.093430176,3.0,489520.9190439202
539.0,1288604.73702832,252080.305974171,3.0,324145.4264833481
540.0,1256534.31721948,257119.79525932705,3.0,79587.84157683708
541.0,1256364.34909131,257123.15417133304,3.0,465768.4446787273
542.0,1281239.68511677,224737.516826168,4.0,102599.10627861018
543.0,1281252.54111679,225156.256474599,4.0,91464.34160973049
544.0,1258719.02838971,193250.571001932,4.0,141163.95245883655
545.0,1264828.29213996,199043.09119986,3.0,24707.10368512555
546.0,1264811.80855595,198383.639807194,4.0,1801184.3415459057
547.0,1260266.3645833002,245117.468207046,5.0,3220643.2551081413
548.0,1260213.23050325,245141.546607062,3.0,103914.19844477825
549.0,1275493.8708389,188767.579253346,3.0,9444.057834614188
550.0,1267245.47755045,240493.965354308,4.0,4444159.653496968
551.0,1267896.38308711,240335.843946144,3.0,2316752.3809196968
552.0,1266205.85924537,281582.348372385,3.0,2194701.090097462
553.0,1263269.02391437,170318.038434446,3.0,65371.12068534559
554.0,1263262.67025037,170056.866018176,4.0,393988.3839428355
555.0,1259151.94615015,287296.624986231,4.0,102540.64285805012
556.0,1259232.42666224,287374.085146308,3.0,2815.137890505546
557.0,1278275.63199374,221030.702102378,3.0,40670.887093574034
558.0,1278269.68351373,220700.624022037,4.0,1942424.811878824
559.0,1270369.09732965,179160.387563497,4.0,305519.2014704565
560.0,1270691.65995397,179156.114923492,3.0,170874.08775297232
561.0,1281727.46207727,283650.9138145,3.0,137401.93759385607
562.0,1267419.55627061,179189.314347535,4.0,54422.20358284995
563.0,1266758.42833394,179194.576747537,4.0,64817.995151604446
564.0,1295737.66010761,183058.505711496,4.0,142181.95168497434
565.0,1283693.21369529,208113.068489149,1.0,0.0
566.0,1283687.82195129,207822.11533685,4.0,1115625.6027972675
567.0,1273769.83000512,282929.763349757,3.0,61916.1997905815
568.0,1273945.9195413,282922.421141759,1.0,0.0
569.0,1280672.21778819,175736.153896004,3.0,59784.92635542823
570.0,1280666.33689219,175442.232551694,1.0,0.0
571.0,1265938.5218371,255606.07551378,3.0,94385.21468925566
572.0,1265947.02020511,256271.109626472,4.0,111739.32947687994
574.0,1280769.86162829,180042.741420403,4.0,584924.9324231956
577.0,1271248.29765055,257452.468795672,3.0,403526.05506364646
578.0,1271593.77329889,257442.08101967,3.0,855141.5052654821
579.0,1278171.58956163,174453.99114269,3.0,101016.03736540404
580.0,1278502.97932197,174450.570214674,3.0,53895.14074378216
581.0,1273747.03346109,209867.885194942,1.0,0.0
582.0,1273421.71026076,209504.543050572,3.0,84777.99999999997
583.0,1266641.30257383,237122.795878857,4.0,501800.9388727742
584.0,1266649.06436583,237420.578791156,4.0,772331.4171667271
585.0,1288248.08025995,182250.291118667,3.0,402979.8510748296
586.0,1288354.30906005,182142.30545455203,3.0,159183.44783959116
587.0,1274224.5728536,282910.743701741,1.0,0.0
588.0,1274439.15640581,282901.700757742,4.0,56784.36844809083
589.0,1286965.86233863,175227.366503477,4.0,83227.32485365946
590.0,1287392.12985907,175218.962023467,4.0,99223.34280752113
591.0,1293110.88090493,183277.548271716,4.0,256823.0328609423
592.0,1293416.52692124,183261.452527702,4.0,49227.58306542867
593.0,1285043.65062466,280417.110867187,3.0,2054219.5262504069
594.0,1286718.44781038,206202.124807194,4.0,44299.30424869255
595.0,1277872.35327333,214629.34971182,1.0,0.0
596.0,1277868.27717732,214424.606735617,4.0,474617.6322124326
597.0,1281492.60358103,282971.8610138,3.0,391139.1979381273
598.0,1281725.54802927,282964.120853797,3.0,340844.12078960927
599.0,1274138.6940695,186839.454515368,4.0,102534.66459014275
600.0,1273759.12856512,280611.230547383,4.0,240944.4713429899
601.0,1274205.56997357,280596.070483372,3.0,55824.42787191371
603.0,1295523.9551474,186911.623987436,3.0,154577.12593323723
604.0,1266660.30353384,174267.6217345,4.0,529736.3133927439
605.0,1266410.73578958,174269.902566493,4.0,915130.6265458192
606.0,1264765.38116391,266884.597253338,4.0,107793.69544970788
607.0,1264432.75517957,266894.063109338,4.0,226123.9084963703
609.0,1272160.22853148,235846.950693548,4.0,44701.10503097184
610.0,1272871.12837221,253435.45522356,4.0,173003.5844478242
611.0,1273010.55627635,253430.246199563,1.0,0.0
612.0,1272711.20581204,221514.629910871,4.0,60345.89685071122
613.0,1272873.47448421,221510.667030871,3.0,11339.021097067129
614.0,1275377.21362276,260313.907006606,3.0,131124.4394008746
615.0,1275375.74904677,260645.291198939,3.0,93692.08322296278
616.0,1273548.29074089,254859.931705013,3.0,30379.71867344394
617.0,1274211.72152558,254840.366072997,4.0,137639.89091719582
618.0,1278199.49733765,246301.03870426104,3.0,43596.16262340141
619.0,1278522.01701799,246290.46782425,3.0,121806.13688141391
620.0,1254944.04022585,215931.406545162,3.0,233928.28408238568
621.0,1254795.04476969,215936.131217167,3.0,170232.13295791732
622.0,1260145.10787918,195845.086780593,4.0,214724.93140755923
623.0,1259812.93367083,195851.1934046,4.0,635386.1991430265
624.0,1284750.94880037,244032.86801393295,3.0,37944.60030852665
625.0,1285410.53702505,244018.709613919,3.0,4291.951523410808
626.0,1281762.71129331,192427.918073088,4.0,376844.4276340939
627.0,1282047.6392296,192421.466681078,4.0,557105.8997596065
628.0,1287188.88192287,205128.448134094,4.0,84197.93123643211
629.0,1287655.83469135,205118.82970207895,3.0,271810.6679053695
630.0,1285231.73651285,207374.550280392,4.0,160641.98404985163
631.0,1285541.55155317,207371.084424391,4.0,178220.40042483585
632.0,1269706.14161696,247540.63825751803,3.0,69322.81112530794
633.0,1270104.52600136,247532.551345512,4.0,133217.64787236662
634.0,1289169.1262769,187102.230259642,1.0,0.0
635.0,1289324.94458105,187212.033203751,3.0,42391.0
636.0,1263746.34154686,265588.091332003,4.0,173938.49492115906
637.0,1263752.12100287,266252.07456468,4.0,205580.93032897796
638.0,1282572.55487813,251207.273973286,4.0,1479838.2338738448
639.0,1282531.2573421,251875.777845964,4.0,1400790.743458462
640.0,1263453.81521057,246582.64606455,4.0,312667.7101095041
642.0,1266929.15435012,279078.479057819,3.0,42389.99999999999
643.0,1277712.62162516,271174.19565773,4.0,5374235.498516999
644.0,1277713.81093717,271505.440074071,3.0,758753.7586018818
645.0,1284189.3688958,169761.48668988,3.0,44344.43903121772
646.0,1284181.11596778,169365.427169472,1.0,0.0
647.0,1278152.40389761,180077.18065243997,3.0,120844.61084113966
648.0,1278350.36056982,180073.398828432,4.0,229575.9172972113
649.0,1266618.9636938,285402.500824302,3.0,225682.46908194173
650.0,1266619.0808778,285702.220376596,3.0,304533.27132356894
651.0,1268593.18615982,189782.072630376,4.0,836014.6972904584
652.0,1268262.18878348,189780.61925438,4.0,549574.994315615
653.0,1294412.38221826,182568.591662988,3.0,486912.6373699001
654.0,1294400.34388225,181885.98641429804,3.0,527786.835256696
655.0,1267516.23684672,285693.206616595,1.0,0.0
656.0,1267824.36548704,285716.033368617,4.0,432850.88005678233
657.0,1275640.79410304,218148.40174742,4.0,582800.4645928812
658.0,1277567.35423301,277137.206671834,4.0,217997.12127839995
659.0,1282322.37817389,173797.534118012,3.0,796405.648974581
660.0,1282320.12358189,173680.581541896,3.0,1538767.3608301885
661.0,1257131.62083608,243765.062445655,4.0,713566.7127096927
662.0,1256840.37827578,243767.813741654,5.0,489543.76339562127
663.0,1285346.42560098,200220.971073076,4.0,494310.0268013448
664.0,1285429.78764907,200221.019649073,1.0,0.0
665.0,1282369.93516593,270131.936584651,3.0,58191.782817364045
666.0,1282554.85113412,270128.281416655,3.0,87358.54242468109
667.0,1271340.65803464,210534.727691635,4.0,551701.0480748047
668.0,1271758.32158707,210225.575755313,4.0,415011.2660169707
669.0,1260832.25021587,280444.241747215,1.0,0.0
670.0,1260848.00643989,281416.374612212,3.0,254290.0
671.0,1294500.11367436,187810.114996359,3.0,86974.05964998293
672.0,1294392.89306624,187654.499828205,3.0,42660.6541990524
673.0,1265347.2632125,175263.772967517,4.0,431979.6879827066
674.0,1265339.81930849,174936.404519185,4.0,4350237.813330063
675.0,1277240.30764067,180084.117676452,3.0,49355.598234080426
676.0,1277229.44120866,179751.671148106,3.0,30079.877314063662
677.0,1292200.541192,181001.488813385,1.0,0.0
678.0,1293051.30554487,180971.592877358,3.0,170213.1023759908
681.0,1280641.68799616,169229.990433335,3.0,129583.22989295014
682.0,1280626.61913215,168590.222624674,4.0,91426.88992966422
683.0,1265526.31562868,284858.609559745,3.0,45861.16146794336
684.0,1265638.1766208,284892.044503778,1.0,0.0
685.0,1274864.40197425,228379.504669905,4.0,293905.9959897483
686.0,1275186.57451858,228376.773341894,4.0,251380.90593344325
687.0,1262189.41943327,248760.33822678,4.0,88772.2458238151
688.0,1261658.51172072,248771.853938788,4.0,126227.56761974467
689.0,1262582.51216967,233109.848546743,3.0,27710.66760521834
690.0,1262590.22244167,233422.622819066,4.0,45816.16055467004
691.0,1268781.77105601,225717.459099174,5.0,583455.4447777737
693.0,1262383.60080947,260330.550974622,3.0,98668.96452771324
694.0,1262396.96036148,260995.117567301,3.0,79106.30000354451
695.0,1281390.39679693,221947.84923932,3.0,1550455.7361560992
696.0,1281312.99730885,221937.069399312,4.0,3226458.9224349307
697.0,1286471.49587414,207360.689096376,4.0,102321.37603617224
698.0,1267610.81278282,256887.418747097,4.0,177789.11070494817
699.0,1267610.24683082,257151.780411363,4.0,92595.80767344208
700.0,1261883.11658496,255703.289913878,4.0,291476.9797676701
701.0,1261893.34391296,256223.160890415,3.0,16167.985674465835
702.0,1272121.95237143,238904.490152687,1.0,0.0
703.0,1261653.28733672,241059.15908289,5.0,225089.855189486
704.0,1261668.08976874,241704.132523552,3.0,57994.1167170343
705.0,1286995.42265867,176193.406248465,4.0,152910.90757166554
706.0,1284064.60076767,277876.476496592,3.0,497989.81430837634
707.0,1284061.02035166,278787.269009516,3.0,396578.3659528385
708.0,1266653.42430183,173940.093222156,3.0,38579.407199344736
709.0,1269571.68286483,186146.271218657,3.0,200250.2388264576
710.0,1268244.96145546,186142.112754658,4.0,362174.9313181452
711.0,1287362.97241904,190519.102327138,4.0,1990814.542501924
712.0,1287354.54592304,190180.636150792,3.0,46076.27638689672
713.0,1292320.59079212,182247.275054663,4.0,162392.9263860105
714.0,1292660.47034447,182423.06705483803,3.0,1506482.6159025347
715.0,1271750.57419506,271577.314570144,3.0,45532.50162686972
716.0,1271750.32318705,271868.492810443,4.0,740453.9467169273
717.0,1280478.114492,216851.229458094,4.0,188773.11328542227
718.0,1280467.64236398,216296.429713532,4.0,140235.347849817
719.0,1264561.5062197,285323.584664211,1.0,0.0
720.0,1284178.23865578,236472.720102191,4.0,105586.05466340884
721.0,1284192.4590718,237054.363622785,3.0,48990.97069455013
722.0,1291578.08211936,187021.86001955,4.0,507468.22355334
723.0,1268957.1260642,258837.487357095,4.0,592678.01039012
724.0,1268960.7963362,259167.991613433,3.0,129724.33683735156
725.0,1293093.07648891,182622.429807052,3.0,326214.22553363675
726.0,1294065.27757791,182582.45585501203,3.0,1563.5182452794938
727.0,1294056.67130589,182148.865838557,3.0,20792.682310916123
728.0,1269692.98840095,168645.360672742,3.0,60943.95016781697
729.0,1270168.54980944,168634.982112721,3.0,44096.77203812889
731.0,1270941.67749023,204382.903685331,4.0,3211386.575586521
732.0,1265869.43799703,227481.57302098,4.0,5166530.689067297
733.0,1266009.84746918,227632.347037137,4.0,180711.0307301638
734.0,1258939.48893394,189856.277878463,3.0,38614.57265710165
735.0,1258662.09482165,189865.245366469,3.0,6160.427730282658
736.0,1277818.68344927,281510.510932311,3.0,276617.68840985605
737.0,1278327.1089218,281279.943444073,1.0,0.0
738.0,1275854.69560726,282178.645396993,3.0,16587.06978731692
739.0,1268997.22865623,244890.673710808,4.0,125512.32584196524
740.0,1269004.50059225,245160.535087094,4.0,159491.85330299343
741.0,1266619.2927818,285111.763543993,3.0,150552.2993900166
742.0,1291968.23751175,184819.075697303,4.0,1225820.4972455262
743.0,1292277.00621608,184760.061681241,4.0,359768.8535020198
744.0,1258118.0854131,286399.144537315,3.0,423738.0
745.0,1258119.3875571,286631.540057555,3.0,339022.0
746.0,1270425.1569137,277103.426575795,3.0,417357.9366314584
747.0,1286997.84294666,251112.956213176,4.0,1552288.488397731
748.0,1252739.92028759,238240.25264799604,3.0,50335.74051701454
749.0,1252819.08873567,239216.368168995,4.0,346340.2044744668
750.0,1271151.05733044,197381.918334156,3.0,356583.8067162619
751.0,1264870.80286001,248798.705970809,3.0,568454.0980747887
752.0,1265451.7127486,248771.317874789,4.0,640181.1915795067
753.0,1258759.62186176,209152.48961021,4.0,187008.97131034243
754.0,1258560.56317355,209156.59655422,4.0,1666306.5129453742
755.0,1272898.62667623,227157.112092659,4.0,47754.56785070636
756.0,1273230.71627657,227150.744284645,4.0,146233.73347444143
757.0,1279697.2616912,216987.514962241,4.0,160000.95460698655
758.0,1279958.06796347,216979.977554232,3.0,38104.39227457532
759.0,1282494.03699006,276781.163087472,4.0,127163.99999999996
760.0,1282629.7023982,276703.634703383,4.0,667057.0736032338
761.0,1254644.68880154,211287.057868406,4.0,267260.6147503255
762.0,1254624.41948952,210620.848267719,3.0,297358.209536296
763.0,1267413.30628662,178905.19940324096,3.0,45276.33837147256
764.0,1274693.72216608,279596.341842353,3.0,95967.862698968
765.0,1274695.86162207,279863.370194629,1.0,0.0
766.0,1282299.23980586,274260.703564882,3.0,137185.01118378798
767.0,1290318.35827807,170361.277858496,3.0,18871.89362607126
768.0,1280716.89746824,253227.928695351,4.0,197685.85142982457
769.0,1280714.74822024,253891.970040023,3.0,272603.3312661328
770.0,1271005.79781029,187333.955187872,3.0,1440.1597532140129
771.0,1270986.61150627,187103.556019634,4.0,3512592.3993933774
772.0,1269903.3023211698,230515.122784093,4.0,309410.8984340275
773.0,1269913.92107317,230941.066784531,4.0,1281872.2832951483
774.0,1274799.88242218,279553.565010309,3.0,45650.69165695189
775.0,1264351.50237948,189769.16255036,4.0,413676.3572599625
776.0,1264075.53341919,189773.360758364,3.0,45337.93742653386
777.0,1275708.21394311,279196.158289939,5.0,3586355.073454293
778.0,1279987.27033149,212926.245518073,4.0,3744944.253618129
779.0,1286714.43334638,205942.156486928,3.0,48322.54953038899
780.0,1286710.41369838,205681.860102668,4.0,387004.646507726
781.0,1262259.87728934,171748.812451914,4.0,721238.8997991104
782.0,1261992.75844106,171765.776675925,3.0,595152.4439464785
783.0,1285218.04691285,248371.357682377,3.0,50656.793803853165
784.0,1285202.62668884,248447.66795446,3.0,9660.697207536292
785.0,1281985.81062153,281618.050708413,3.0,5450875.292672913
786.0,1276748.51007217,224593.919386029,4.0,889989.771537482
787.0,1277070.10226451,224588.892506018,4.0,204384.08662044772
788.0,1258422.4030454,191575.782008216,4.0,26452.19597539301
789.0,1258441.84029342,191232.876535863,4.0,1107186.4111123877
790.0,1271510.85944282,249880.248371914,4.0,138195.22844648996
791.0,1271519.25086682,250160.051956207,3.0,18652.40322375642
792.0,1262097.13354518,281419.435348213,3.0,339860.7370344152
793.0,1262086.16637716,282020.228436828,1.0,0.0
794.0,1292824.15572064,183118.202799559,3.0,62975.29139671765
795.0,1292562.79898436,182897.03166332803,3.0,1306497.6797712112
796.0,1282787.14431836,235723.494565427,4.0,476416.2581441748
797.0,1282790.52095836,235870.301029578,4.0,426927.9778706184
798.0,1265067.05015621,243130.16874900495,3.0,38840.31866885872
799.0,1265312.59722847,243125.89738901,3.0,8562.785204937269
800.0,1287209.74502689,247684.124529675,3.0,2116.6085144887697
801.0,1282209.94662176,256466.796602666,4.0,111106.03749494231
802.0,1282219.40364577,256730.659898937,4.0,57057.07242811079
803.0,1275714.01899911,221448.628438801,4.0,1755881.6652136196
804.0,1275707.4380071,221142.690070495,3.0,48077.84218732198
805.0,1277925.41650538,236746.605350465,5.0,129832.8374411749
806.0,1277932.01394539,237012.517926738,4.0,140034.1610162122
807.0,1281644.54687719,243837.773613736,4.0,71373.86310117322
808.0,1281654.06194919,244087.396781996,4.0,66815.54570622617
809.0,1277887.51730534,278840.425041571,3.0,57619.29901913986
810.0,1278029.64069748,279093.778577834,1.0,0.0
811.0,1284212.34060782,282273.317461088,3.0,331869.3793627106
812.0,1284162.13727976,282761.707925588,3.0,415735.3793627097
813.0,1274530.8061979,252146.087030247,3.0,110259.16274091412
814.0,1286689.02169836,196379.124413133,1.0,0.0
815.0,1286689.02035436,196076.562684819,3.0,44319.86404708866
816.0,1289825.89402157,184048.126768515,3.0,1925092.1809333449
817.0,1289816.25888556,183608.677168056,1.0,0.0
818.0,1270448.58628972,281366.092564166,4.0,927517.0832597574
819.0,1271750.79371506,176214.284520492,1.0,0.0
820.0,1271910.90981121,176214.411176488,3.0,161597.95558631796
821.0,1263319.25476243,280190.243538961,3.0,169542.0
822.0,1263324.65597843,280497.480787277,1.0,0.0
823.0,1273029.14674036,194345.72300306,5.0,181802.17876600256
824.0,1273696.43352506,194329.89721103,4.0,109032.50937026036
825.0,1278504.65420197,207178.265864193,3.0,229406.86528140333
826.0,1278492.06629796,206736.903879747,4.0,159152.39166706585
827.0,1261011.59632806,257702.106427923,4.0,1941018.793570562
828.0,1261023.60612006,258364.868924603,4.0,1252039.609555781
829.0,1254647.97910555,257051.33381927,3.0,65456.6963452064
830.0,1254483.27638537,256905.865275115,1.0,0.0
831.0,1274403.28478977,272170.381642744,3.0,106794.58671452556
832.0,1274402.61054978,272587.987403169,3.0,64982.50443503529
833.0,1281067.6005086,179370.11447571203,3.0,463209.9837968245
834.0,1281063.6060766,178776.62980310604,3.0,108918.44076988495
835.0,1293838.11303367,185779.690226287,4.0,73067.87136728714
836.0,1294494.82298635,185746.343858242,3.0,71578.20777836342
837.0,1295429.4267633,182554.277102977,3.0,344192.1564057778
838.0,1295729.04135561,182541.39620696,4.0,412785.1690694345
839.0,1269240.31217648,254862.442169026,4.0,3966870.324304478
840.0,1269572.38200082,254853.197113007,4.0,6522006.453704679
841.0,1272955.57278828,224353.273881778,4.0,710692.2530096486
842.0,1272799.82110813,224616.738586053,4.0,1469123.872434255
843.0,1270549.05329783,223996.000921413,4.0,398773.6094794151
844.0,1270826.14923412,224160.04623358,4.0,533363.8514420347
845.0,1263578.99997869,234394.894180059,3.0,121817.93407803807
846.0,1263439.52913055,234398.00310806895,3.0,86889.14122146876
847.0,1275940.43915935,213966.94721514,4.0,334000.93259404576
848.0,1276132.80754355,213962.439951137,4.0,238329.8265701595
849.0,1254464.93027335,250704.200500771,1.0,0.0
850.0,1254231.45308912,250710.786740765,4.0,1241783.409095575
851.0,1272803.71051614,243927.62218982,4.0,121315.81571917146
852.0,1273067.6309644,243919.856109813,4.0,96528.47650039676
853.0,1289223.68883695,187355.14936389,3.0,149160.10673604155
854.0,1289469.5810612,187527.238900065,4.0,159765.0337322199
855.0,1275881.38648729,250013.627060056,4.0,54393.688652427336
856.0,1275885.30968729,250277.505460322,3.0,19131.133109613267
857.0,1255588.8971865,235084.005668774,4.0,25057.985597416693
858.0,1255594.94441852,235343.924133033,4.0,111935.16478115263
859.0,1271791.2407551,241815.48727566,4.0,70847.6984571155
860.0,1271803.53963511,242245.374252096,4.0,44739.72642790628
861.0,1274209.36946158,254578.205560729,4.0,64730.01732866591
862.0,1277322.03711276,233501.659427151,4.0,825871.8573871406
863.0,1277338.44063278,234117.568611786,3.0,809821.9409847844
864.0,1274756.06751013,275250.635021895,4.0,454051.2705128535
865.0,1274755.21778214,276577.030991256,3.0,536517.5386648788
866.0,1280744.35314827,285668.829400569,3.0,417022.1037840542
867.0,1281075.98700461,285660.273624554,4.0,348124.3934362208
868.0,1257791.34589276,190622.339703247,4.0,280520.3815348698
869.0,1257822.8799088,189892.353270486,4.0,89146.05998842933
870.0,1274938.40248632,258670.193724915,4.0,75888.32346965396
871.0,1275611.63896701,258650.263356894,4.0,84614.90931440824
872.0,1260506.50122355,252369.943862468,4.0,131047.06813991614
873.0,1260518.55728756,253032.286071151,3.0,25451.376972653823
874.0,1270290.9661935605,230496.06704007095,5.0,111436.64892972136
875.0,1266640.67729382,241275.201323107,4.0,200380.49133646497
876.0,1266805.473518,241235.02685907495,3.0,48289.13731327858
877.0,1276782.3498802,216387.164433628,4.0,117375.0010980066
878.0,1277104.04120854,216379.337681621,4.0,307253.48161161755
879.0,1274222.12011759,255700.761657879,4.0,28340.058934854955
880.0,1274886.81464627,255682.602937862,3.0,37831.73033032401
881.0,1269743.828209,270359.784520894,4.0,266332.5098126705
882.0,1269748.56209701,270752.357257292,4.0,138487.8492362096
883.0,1258317.1066613,200702.649601564,4.0,1621860.7221126782
884.0,1258358.71152534,200340.014145195,1.0,0.0
885.0,1266021.87140518,244953.755950883,3.0,52588.87438842887
886.0,1266028.8323652,245223.755439147,4.0,186670.32142947763
887.0,1286787.35616246,207784.488456815,3.0,22114.620100312648
888.0,1271486.83749078,250623.743924677,3.0,11297.499051918436
889.0,1268844.42846408,240101.564201906,3.0,145213.2865474249
890.0,1269369.78763261,239738.56496954,3.0,5060.170072762208
891.0,1272118.23653144,248015.108082011,4.0,31806.305285716404
892.0,1272126.28472345,248284.857202291,4.0,71079.2088265804
893.0,1276390.5747758,222964.136216357,4.0,726193.196089838
894.0,1276383.8742958,222657.993112043,3.0,481797.20737174805
895.0,1272929.40254827,228822.95324635497,3.0,41217.233389944224
896.0,1272930.22174826,228895.097758427,3.0,36418.54568033165
897.0,1254644.40464154,245149.72830307495,3.0,169536.0
898.0,1254740.88937764,245651.01963159404,3.0,2338712.0577181885
899.0,1278703.22796218,249952.372595996,3.0,302680.29917009186
900.0,1278708.14917818,250625.829556689,4.0,251865.7095381895
901.0,1282885.17497446,257507.21215573,3.0,34903.14835545223
902.0,1282891.64019047,257769.252284005,4.0,906922.00135361
903.0,1257757.84989272,215850.502161071,4.0,44654.30331366279
904.0,1257729.78166869,215166.81518437,3.0,74574.2770334036
905.0,1265966.15370913,172654.015396848,4.0,526959.280511504
906.0,1265958.71210912,172006.872996181,4.0,694624.0686973959
907.0,1263677.47089079,189245.997941837,4.0,148153.86360445133
908.0,1263665.18647477,188710.069237277,4.0,665356.3369169281
909.0,1292073.45971987,183234.544111669,1.0,0.0
910.0,1292074.88557586,182675.968111098,3.0,60933.760435763616
911.0,1261356.39876041,189451.505398035,1.0,0.0
912.0,1261069.06538412,189463.409270048,3.0,102466.5901037039
913.0,1278757.95455423,186882.893747404,3.0,139916.19571023207
914.0,1279608.4019791,186903.909811437,4.0,198417.25093085365
915.0,1258889.44605389,209292.715722352,4.0,189790.45846161305
916.0,1258886.45264588,209149.969930217,4.0,582198.6919445642
917.0,1257259.45552422,212941.266190097,4.0,48113.580743404826
918.0,1256989.65027595,212949.447246104,3.0,9181.302102361002
919.0,1280148.67679566,247938.044913933,1.0,0.0
920.0,1280294.39634781,247934.995057926,4.0,155216.30411594058
921.0,1262410.5652895,193144.121721819,4.0,168516.45834085037
922.0,1262078.38192916,193150.612153828,4.0,1202604.5141212083
923.0,1260258.56995928,253036.461879149,4.0,578273.2808683614
924.0,1266099.03300527,266848.374533296,4.0,215562.2949863413
925.0,1266414.01860559,266841.081925288,4.0,196782.38066767785
926.0,1267638.48331085,242269.915820122,4.0,358893.2938888147
927.0,1267960.12772718,242262.349932119,4.0,318324.98553736106
928.0,1276607.16556002,230828.37571241,4.0,240987.5697022793
929.0,1276619.54348004,231258.776480854,4.0,317717.2836576254
930.0,1276467.92267989,216704.788177952,4.0,93806.28716742006
931.0,1276460.17733587,216394.97678563,4.0,73386.45889010547
932.0,1275859.40191126,227509.58876501,4.0,139699.84455742477
933.0,1275867.55839127,227850.608093366,3.0,71188.44521720138
934.0,1254160.14480105,248164.371890157,4.0,70897.184547288
935.0,1254169.42102505,248484.428338498,4.0,399404.8116373447
936.0,1256220.58787516,250442.887348503,4.0,337888.228824656
937.0,1256224.95856316,250703.43870876695,3.0,60580.68366662314
938.0,1269627.57156888,259483.02086176,3.0,78540.44623187066
939.0,1269634.5839849,260144.607806429,4.0,9137987.843055043
940.0,1293495.07661732,184953.272305429,3.0,1587.2362249282385
941.0,1267064.25745426,245731.366255671,4.0,84301.81387019216
942.0,1267371.65252657,245724.52145566,4.0,425341.996452733
943.0,1272148.23352346,249016.966963038,4.0,48391.92989881289
944.0,1272817.71806815,248993.044787019,3.0,33887.68039251883
945.0,1270124.38193738,194302.139387012,1.0,0.0
946.0,1270208.80664147,194302.569851011,4.0,115464.4405660174
947.0,1277588.85548103,259914.532478198,4.0,151501.11816669168
948.0,1278249.77119371,259893.569918171,4.0,78990.03449368109
949.0,1270467.84024175,194617.312635332,1.0,0.0
950.0,1270472.75947374,194303.642363012,4.0,159013.7432711606
951.0,1285525.88492917,206518.684551522,5.0,183547.09641074904
952.0,1285741.67648138,206516.327879518,3.0,31673.98906381899
953.0,1269388.25182463,245683.26763162,4.0,89630.06916638663
954.0,1269394.75672065,245943.249071896,4.0,106610.07092131209
955.0,1269075.13105632,270101.613128632,4.0,403771.0453821056
956.0,1269116.05451235,270100.639048621,1.0,0.0
957.0,1259480.43075849,195857.307900608,4.0,5571435.708451539
958.0,1272245.37374756,228392.39964591,4.0,362994.2464860687
959.0,1272403.74942772,228390.714909911,4.0,400884.4997033825
960.0,1260933.56695198,253690.89631182,4.0,543949.8168648289
961.0,1260600.00528763,253695.732215822,4.0,620921.1057697046
962.0,1288859.49997258,189174.885557756,4.0,793015.277156009
963.0,1288846.83693257,188626.018869191,4.0,40701.26688067112
964.0,1290153.31232589,186903.120755434,3.0,242764.12385364712
966.0,1267329.92324653,228173.007709697,4.0,237960.92765709615
967.0,1280437.59519595,254932.723513097,3.0,167928.47710470646
968.0,1280437.43807594,255192.750905365,3.0,489924.8267641403
969.0,1267698.1971029,232425.861090049,4.0,647675.2783870976
970.0,1267705.33227092,232744.65405038,4.0,370549.0322977534
971.0,1278876.28076236,221117.867926463,4.0,1805973.7497927395
972.0,1278859.29554634,220678.624726012,3.0,120329.2805893051
973.0,1281483.07442902,192236.043832898,3.0,84778.00000000001
974.0,1281479.44518101,192104.943352759,1.0,0.0
975.0,1272886.75070822,225735.291739196,4.0,575604.1565898763
976.0,1273440.37886879,226062.98729153,4.0,503643.96046891087
977.0,1266955.07755014,257879.702524111,3.0,20288.601439320777
978.0,1266959.11134215,258224.718268469,4.0,64090.8101376767
979.0,1264226.86973935,171985.904484153,3.0,73101.67586754155
980.0,1264092.57802722,171984.419620156,3.0,45751.15879205245
981.0,1262364.79312944,190179.431094781,4.0,93108.04061825364
982.0,1262165.35652123,190182.502006784,1.0,0.0
983.0,1259830.98122285,260338.592638627,3.0,965943.098059488
984.0,1272348.71569967,241839.521067694,1.0,0.0
985.0,1272345.75512366,242010.374699861,4.0,121228.87833573663
986.0,1273244.67224458,228819.869278356,4.0,396505.3145331416
987.0,1272680.45458001,216577.198865816,3.0,84778.0
988.0,1273198.43320453,216566.881937802,3.0,154444.6860382601
989.0,1282584.35929415,209151.440778211,4.0,32637.13494117817
990.0,1282581.12403014,208679.532873735,4.0,24791.683563097307
991.0,1263591.4097707,267578.520774037,1.0,0.0
992.0,1263449.36900255,267582.420038044,4.0,70073.39578893693
993.0,1276907.93330434,260810.255103111,4.0,714799.6514350967
994.0,1277340.09618478,261179.26054349504,3.0,415151.5344946525
995.0,1254214.3628491,250098.302452147,4.0,2207634.726711442
996.0,1253614.42966448,250115.426740155,4.0,2240508.6199885425
997.0,1266291.24951747,241331.728427172,5.0,415499.88743091474
998.0,1285947.29286559,187031.915443569,4.0,69922.17635169695
999.0,1286609.27411427,187010.819315538,3.0,233018.4811621309
1000.0,1253689.31830457,236630.16368635,3.0,45349.12264631003
1001.0,1253956.40342483,236833.678374559,3.0,591.5235106691293
1002.0,1266205.34417337,195060.639227793,4.0,253755.57455658104
1003.0,1266194.47242936,194391.616891101,4.0,232588.937132354
1004.0,1271848.43621115,215073.248464271,3.0,75326.3874806624
1005.0,1264710.17489184,262879.583297238,3.0,137398.4010602554
1006.0,1264381.02564351,262869.526529223,4.0,678514.2487498912
1007.0,1264862.34519601,248350.868274361,3.0,185854.74627280683
1008.0,1265150.6572603,248216.651634216,4.0,1457640.9875456542
1010.0,1275443.51954284,213608.822606772,4.0,668569.8095534301
1011.0,1280719.01260424,252567.885430679,3.0,130991.21160441272
1012.0,1256054.12726699,204634.194501594,4.0,764130.4717687509
1013.0,1256027.72963496,203974.50195691,4.0,397881.1647142588
1014.0,1258176.70794116,187264.42283579696,3.0,43570.43985261755
1015.0,1257937.96925291,187272.936947808,3.0,116327.66690115404
1016.0,1266698.31332588,231082.127520666,4.0,87681.08863328995
1017.0,1267018.52561422,231013.647008598,3.0,378420.6186881908
1018.0,1279798.12108329,179088.30141943702,3.0,8260.923092882853
1019.0,1279790.52101929,178814.896107152,3.0,44215.98994623649
1020.0,1288266.68128397,188702.694901273,1.0,0.0
1021.0,1288452.77536416,188498.908917069,4.0,107313.03955553228
1022.0,1260163.62359118,234436.858660102,4.0,254418.5107751814
1023.0,1259987.73911101,234287.586019948,3.0,84777.99999999997
1024.0,1279081.75538656,284365.242071226,5.0,13890219.535683062
1025.0,1279082.32626656,284566.48936744,3.0,1228361.2471745447
1026.0,1263518.45092262,275709.399502367,3.0,42390.0
1027.0,1263302.59537041,275823.528526485,1.0,0.0
1028.0,1264936.86929208,255350.298809528,4.0,1183316.604961508
1029.0,1264279.18263541,255363.197433531,4.0,585877.8921408798
1030.0,1267750.25444695,243925.594925821,4.0,95977.6151222568
1031.0,1267759.40369497,244255.778990164,4.0,94545.30835801177
1032.0,1260249.55914328,189503.689718097,1.0,0.0
1033.0,1259824.43171884,189510.459382102,3.0,48362.09408848676
1034.0,1255651.81539457,257794.103932023,1.0,0.0
1035.0,1255395.31817831,257796.114812031,4.0,159045.15653958285
1036.0,1278751.51161022,229208.70966275,4.0,59673.62894334176
1037.0,1279073.36005856,229200.171614751,4.0,131193.75928114494
1038.0,1277766.02245721,217553.646354824,3.0,26850.33720581484
1039.0,1277834.47052129,217551.892754823,4.0,405588.0045359881
1040.0,1255601.27120252,235603.713317305,4.0,16274.855008137847
1041.0,1255607.6606425198,235869.614693567,6.0,157139.78676611412
1042.0,1255917.65865885,236406.366886124,3.0,35771.83423690571
1043.0,1255619.98211454,236409.460390121,4.0,19149.253326542403
1044.0,1279678.11807518,220274.20789361,4.0,170771.7560591434
1045.0,1279937.87410744,220264.137685597,5.0,177336.82663365503
1046.0,1265221.47306837,228783.98876631295,3.0,78035.11633875946
1047.0,1264905.84606005,229070.519646615,4.0,57618.5904875162
1048.0,1256807.15229176,216534.347537771,4.0,26973.013590926115
1049.0,1256778.03785972,215871.732433096,4.0,78542.59225804149
1050.0,1256145.25373107,206937.40416795,3.0,238983.61054873752
1051.0,1258604.94858159,213795.842574969,4.0,106998.80377533744
1052.0,1258580.81808557,212903.940814063,4.0,168730.1982812565
1053.0,1252057.6644149,239911.164969712,3.0,45260.82073026666
1054.0,1277012.03743245,221899.164951265,3.0,243134.1791380893
1055.0,1277008.40031244,221726.93199108503,3.0,98675.31627994748
1056.0,1279390.77740288,198383.339263186,3.0,120400.82002777966
1057.0,1279191.71282667,196789.604221553,1.0,0.0
1058.0,1290691.64064646,185503.082225993,3.0,539253.4963310196
1059.0,1290570.92499833,185372.543729872,3.0,613662.5805614272
1060.0,1285078.9313927,197223.244798005,3.0,216729.0645451929
1061.0,1285069.83033669,196324.407037079,4.0,108881.67619819644
1062.0,1282826.54611039,255131.832697302,4.0,411341.80019538046
1063.0,1282833.0792944,255395.673081562,4.0,1074731.3255259546
1064.0,1285468.6143371,250485.063476533,4.0,297493.825758092
1065.0,1285470.4092811,251147.305909216,4.0,201678.46073721265
1066.0,1255029.94787394,239858.842921659,4.0,907849.045623169
1067.0,1255043.07510595,240517.877354339,3.0,24837.5593670264
1068.0,1276855.52229628,236031.41616573895,3.0,203398.75545999827
1069.0,1277058.58885649,236174.732837886,4.0,264643.9227727274
1070.0,1284508.23206411,236464.000294179,3.0,35874.434895182814
1071.0,1284522.89574413,237045.459750772,3.0,42407.27097288676
1072.0,1265727.26340489,235588.590949282,4.0,142315.15400539368
1073.0,1265735.8224449,235898.597221598,4.0,121547.88061016102
1074.0,1270649.61412993,280700.017491475,3.0,132039.55881425116
1075.0,1270890.89745818,280696.455123469,3.0,49182.8083092006
1076.0,1278420.90828189,228751.501598284,3.0,76108.9565401826
1077.0,1278429.48338589,229217.252318755,4.0,139656.39798748016
1078.0,1269209.61835246,264648.832067043,3.0,55435.48853440562
1079.0,1269197.34475245,264770.000131175,1.0,0.0
1080.0,1282556.31475012,273910.26004453,3.0,151107.48365978774
1081.0,1282570.04633413,274247.396812871,3.0,59747.24483394753
1082.0,1262911.98493801,233414.531299055,4.0,146510.7391026244
1083.0,1281516.14489305,210556.442507654,3.0,1528146.3601556616
1084.0,1281637.60857318,210553.06983564803,3.0,1002516.8989448224
1085.0,1279997.2296275,248606.309682623,4.0,704608.4537144826
1086.0,1271621.78443493,204880.428293839,4.0,1897315.8748598464
1087.0,1272192.45227551,204626.83462958,4.0,2554530.1289449893
1088.0,1256619.93878756,200822.429505691,4.0,791277.8387673765
1089.0,1287694.99405138,202686.31885159,3.0,257390.9875867616
1090.0,1288001.2828197,202575.266883478,3.0,11706.283186219398
1091.0,1267576.39358278,254770.295352921,4.0,151847.72639303052
1092.0,1268242.51921546,254757.32524091,4.0,129327.23202955438
1093.0,1276859.13356028,227912.961629421,4.0,45140.15444876814
1094.0,1277169.81797661,227910.942237422,4.0,809497.2640712268
1095.0,1284831.94240046,262116.41849644497,3.0,90087.7613602629
1096.0,1284634.23411225,262775.164865121,4.0,142405.81172140248
1097.0,1271643.65675494,263405.83123377,4.0,194782.8539091252
1098.0,1271645.60721895,263721.61504209,3.0,125448.93573351964
1099.0,1271828.62917113,243120.059820995,4.0,108167.3844898674
1100.0,1271841.92209914,243578.124525473,4.0,52323.520119826055
1102.0,1268627.63883185,230973.370528564,4.0,4389379.860950654
1103.0,1264058.64074717,263587.982465953,1.0,0.0
1104.0,1264065.34417118,264251.578882635,4.0,152752.66683627584
1105.0,1265118.42372426,235270.268452957,4.0,91928.26820247856
1108.0,1287905.3168036,186128.838514641,3.0,187191.0140511497
1109.0,1272167.91851549,205691.741638675,3.0,43981.0045689189
1110.0,1272361.91121969,205416.638534397,4.0,459273.74962024734
1111.0,1280673.6691802,213573.513294742,4.0,55329.839801750735
1112.0,1280657.82905218,213317.819854483,3.0,43922.40205162517
1113.0,1282321.62815788,210534.078731626,4.0,628075.4694924926
1114.0,1282322.77548589,209902.733194977,4.0,92128.41788563936
1115.0,1286390.69715405,251126.952949196,3.0,2760.1169235206225
1116.0,1286396.13017805,252138.452854231,3.0,15710.979460166986
1117.0,1279984.76050749,231725.85264132905,3.0,240402.54901287
1118.0,1279994.4947155,231998.426849604,3.0,95621.85789433992
1119.0,1274369.53054973,238150.230503902,3.0,155205.15730804906
1120.0,1274379.32779774,238620.574056387,4.0,261005.36292539217
1121.0,1285038.93542467,261426.178367749,4.0,234074.84032447723
1122.0,1273371.91512471,245054.975534976,3.0,1378375.3752271624
1123.0,1273390.51845273,245449.53220738503,3.0,65403.98692054556
1124.0,1278948.95052242,264510.9366429,4.0,244468.96119441168
1125.0,1266044.35761321,236201.929957911,4.0,86966.66189951914
1126.0,1266052.91102122,236511.745254233,4.0,74542.03936370116
1127.0,1263505.25111461,197093.292925864,3.0,518816.22368175606
1128.0,1263490.3974826,196439.091517195,4.0,621984.741995026
1129.0,1283319.2997749,276721.724559411,3.0,84777.99999999999
1130.0,1283207.24121478,277305.986832008,1.0,0.0
1131.0,1265300.61924446,172324.304420501,3.0,531210.6270950683
1132.0,1265297.03031644,171998.463524163,4.0,1191407.185542646
1133.0,1292722.44992854,188390.52133294896,6.0,117585.51578146564
1134.0,1293776.68365762,187818.393844366,3.0,32349.114651806907
1135.0,1273113.53240445,284402.810583279,4.0,87122.46695578948
1136.0,1273115.95269245,284584.235735461,3.0,728396.0247710607
1137.0,1281123.81926066,280597.748307377,3.0,84778.0
1138.0,1281289.24178882,280585.281811357,1.0,0.0
1139.0,1276287.04415171,283151.567701995,1.0,0.0
1140.0,1276687.22706412,283135.66613397,4.0,156108.9043190399
1141.0,1265884.45175704,190432.730807051,4.0,236549.6951893005
1142.0,1265547.0488767,190440.155639052,4.0,124488.84630467554
1143.0,1266940.57367814,256639.310330838,3.0,3888.7910676306014
1144.0,1266943.66123013,256903.430523112,4.0,156602.0155880782
1146.0,1266650.29438183,228791.152094319,4.0,89715.27270649919
1147.0,1266424.0107336,228996.977822542,4.0,64871.15403023227
1148.0,1279534.87423503,256265.78284245697,3.0,109187.8014191093
1149.0,1280225.95359573,256246.346554443,4.0,59145.3451658505
1150.0,1256037.50000297,214544.822031736,4.0,56966.24131806393
1151.0,1255722.33686665,214555.018511742,3.0,26671.604199778714
1152.0,1283878.97087948,259453.375549719,3.0,70857.84329666656
1153.0,1284051.79564765,260215.40422250296,3.0,186072.59405576243
1154.0,1253587.65251246,249140.909683168,5.0,1568714.049882213
1155.0,1253358.55555223,249146.480179176,1.0,0.0
1157.0,1275362.68965475,217628.571410894,3.0,3608.663985668411
1158.0,1262803.79946589,235292.416036978,4.0,96964.78467636634
1159.0,1262816.58487391,235734.576229438,4.0,130179.07487258669
1160.0,1258371.79747735,239701.1742495,4.0,576298.0816705714
1161.0,1258049.43888503,239707.084009498,4.0,487797.77573588863
1162.0,1273762.54622911,267224.666821688,3.0,1019551.9876699238
1163.0,1274316.28722169,267301.797893763,4.0,91105.9765062954
1164.0,1271703.57432301,246551.706800506,3.0,587591.729048708
1165.0,1272007.12849931,246683.24792064697,5.0,598073.7358570349
1166.0,1282036.54348558,247899.243825898,4.0,126804.35909936724
1167.0,1282310.47564587,247893.783857882,4.0,419325.7315725223
1168.0,1270929.08536221,230892.159712479,4.0,161909.8052273403
1169.0,1271245.62213054,230887.318880469,4.0,154511.76369995292
1170.0,1257944.45546092,211835.328780964,3.0,91238.50962490868
1171.0,1257753.08285272,211839.51476496496,3.0,59665.332248819446
1172.0,1255517.56304243,207275.373640299,4.0,380482.98912545526
1173.0,1255186.19689809,207286.464136302,4.0,605553.2062678899
1174.0,1256771.70915572,251732.598069817,4.0,93874.03970790777
1175.0,1256507.73987545,251734.890677825,4.0,143479.17064701105
1177.0,1277779.45746523,222442.761303827,4.0,698603.11647768
1178.0,1265461.55626862,236834.903398558,4.0,257180.6446078704
1179.0,1265761.49265292,236828.365734562,4.0,40686.714374594834
1180.0,1271695.632691,268049.309190527,4.0,432048.0398570945
1181.0,1271704.87217902,268441.698118925,3.0,123661.7155745012
1182.0,1266427.4920136,248978.48510699,4.0,228477.32671047564
1183.0,1266433.83287761,249238.650291264,4.0,74042.78699210254
1184.0,1275460.02514285,224626.824154064,4.0,683340.0050386593
1185.0,1275476.20619887,225303.596122757,4.0,679592.4135764877
1186.0,1263667.05425078,258302.658748552,4.0,201167.2779832239
1187.0,1263677.14909878,258966.675133228,4.0,235246.25909508552
1188.0,1278742.40306622,262534.705024883,3.0,181340.318151688
1189.0,1278899.93721038,262802.886273161,3.0,186368.9250048122
1190.0,1251856.67695868,237671.144231424,4.0,416632.2784380929
1191.0,1251463.86774229,238146.794151902,4.0,125840.6509581766
1192.0,1265413.43006057,178238.36381855598,3.0,121656.63830273364
1193.0,1265131.76887628,178038.041706353,1.0,0.0
1194.0,1263872.01156299,233390.008099034,4.0,688170.0600529462
1195.0,1266897.83422209,286491.637145415,1.0,0.0
1196.0,1267167.21655837,286487.6450174,3.0,43021.98730158728
1197.0,1270438.87633771,279376.068370119,3.0,23017761.201995827
1198.0,1270441.27204971,280040.629010811,4.0,2547899.3870883263
1199.0,1270424.5706097,276724.01787141,4.0,338793.6012463549
1200.0,1270664.67217794,276720.270159408,3.0,43751.33066175407
1201.0,1295080.59181894,183156.003247589,1.0,0.0
1202.0,1270267.96331353,275626.800590292,1.0,0.0
1203.0,1270423.73534569,275622.803534284,3.0,63073.98695561336
1204.0,1266197.94583736,252121.445686221,4.0,309164.976372067
1205.0,1266864.60625406,252107.697014198,4.0,395774.14506779663
1206.0,1271431.84024273,270051.769096583,3.0,8328.815050780851
1207.0,1271731.60017903,270042.041096568,4.0,44664.74272335194
1208.0,1280759.81074828,232296.356065914,3.0,42626.333333333336
1209.0,1281019.58386855,232285.464673907,3.0,2738.399435287819
1210.0,1274799.87781417,213624.961998791,4.0,1147184.6609025258
1211.0,1275121.67704651,213617.190350786,4.0,1437593.3669728178
1212.0,1280772.47974029,267105.897029564,3.0,162232.12997922688
1213.0,1281118.14335665,267099.184133559,4.0,383804.15332922695
1214.0,1271728.73169903,194686.6209234,4.0,53295.75910752075
1215.0,1272388.64017971,194670.990715384,3.0,69479.9325815859
1216.0,1280410.21535592,245946.025647894,3.0,63005.71130171485
1218.0,1271431.71819472,226296.529819772,4.0,45342.53480969504
1219.0,1271708.92529902,226460.528155938,4.0,283828.51324569853
1220.0,1287379.74080306,191213.027831852,3.0,281385.0276133611
1221.0,1287681.06790736,191203.205623835,3.0,80894.11050450278
1222.0,1277399.99365684,267290.468165755,3.0,2255497.651863473
1223.0,1261484.55696854,235318.263077006,4.0,200543.9272833852
1224.0,1261159.14359221,235324.746021017,4.0,166956.66250417428
1225.0,1280605.79698813,248593.499634609,3.0,42095.2069685536
1226.0,1280752.77996427,248590.666994601,3.0,6934.7455379660105
1227.0,1267645.48855886,260058.240830347,4.0,163589.5651080118
1228.0,1268307.50135954,260042.312062323,3.0,188608.00583836
1229.0,1271719.21137902,194376.73541908,4.0,34958.25611290345
1230.0,1267613.32721482,257416.060731634,4.0,66694.26086478228
1231.0,1267616.39806283,257679.572027907,3.0,54995.66731979909
1232.0,1274242.27723761,203078.006724,3.0,8960.690018663989
1233.0,1274236.08133361,202838.197123751,4.0,117769.65382382138
1234.0,1282038.7763816,269708.664456218,4.0,407549.8980011752
1235.0,1282039.00799759,270373.441672906,4.0,61026.22587424193
1236.0,1280452.94789997,253232.794167355,4.0,241230.84964233876
1237.0,1280438.26284395,253897.064504027,4.0,724567.0734349994
1238.0,1257550.02154051,218818.57595610604,3.0,1926.789959400339
1239.0,1257530.49142849,218367.777939647,4.0,70233.25907026792
1240.0,1258478.23363747,195755.684092492,4.0,2700913.1480866484
1241.0,1258472.44259746,195491.63865222,4.0,84893.00000000001
1242.0,1288403.6229161,247643.315505624,3.0,261.6735506237829
1243.0,1288414.47264412,248428.169586435,3.0,20907.64957836555
1244.0,1262377.04964146,191136.857015774,4.0,242327.97126146336
1245.0,1262368.50506546,190469.406263083,3.0,155853.5188814895
1246.0,1265657.54308482,280914.028819695,1.0,0.0
1247.0,1274114.78238948,284537.957975417,4.0,914596.8497624284
1248.0,1274115.21874148,284870.758487746,3.0,46768.559611874574
1249.0,1266994.45310219,261391.301183701,3.0,11875.43637058303
1250.0,1267331.29105453,261388.447167709,4.0,51541.63571990573
1251.0,1269490.62200074,244070.817069978,4.0,116516.60739541982
1252.0,1269503.01963276,244493.533806399,3.0,64320.463962008565
1253.0,1262133.3644572,246120.344816074,4.0,424129.1678768665
1254.0,1261602.42781666,246132.02948808705,3.0,311549.1750331547
1255.0,1278369.12524183,232593.651746213,3.0,10110.383749394898
1256.0,1278695.20069817,232583.514594212,4.0,17650.64447561386
1257.0,1275417.5829668,222679.745048061,3.0,76450.90077769855
1258.0,1275740.34015115,222672.248344064,4.0,694001.1906307458
1259.0,1272928.01541226,232962.991906598,3.0,51215.66452501472
1260.0,1272990.45854832,232876.609826505,4.0,56022.88747818741
1261.0,1278783.78489026,236991.203622729,4.0,85633.86629427767
1262.0,1278790.52108227,237257.326118991,4.0,117327.62624452396
1263.0,1259747.83242276,205149.771270111,3.0,955534.492868432
1264.0,1259415.01322243,205158.583558127,4.0,15232281.211710228
1265.0,1254010.76976089,235374.54608506,1.0,0.0
1266.0,1253928.70236881,235339.01142902704,3.0,84778.0
1267.0,1265452.99198061,236524.867302239,4.0,139469.75335201266
1268.0,1273779.05534913,231691.099105299,3.0,51874.524431473736
1269.0,1273832.06904519,231649.674593255,3.0,10889.628349146584
1270.0,1265321.03262047,265561.960771978,4.0,193306.77673017213
1271.0,1265418.77847657,266203.527108639,3.0,826959.9249949178
1272.0,1278770.12249024,206278.350663275,3.0,61414.77950916706
1273.0,1279060.68524255,206261.899591252,3.0,70426.24887897912
1274.0,1281856.59103741,214392.480463579,4.0,6371.467894251947
1275.0,1282031.34892559,214435.360271618,4.0,20938.12490065188
1276.0,1286783.77081846,250843.417396903,3.0,57037.90960549163
1277.0,1286785.86598645,251118.308917195,4.0,261944.309434787
1278.0,1281288.95078082,211891.212493017,3.0,39343.68087490555
1279.0,1281270.22873281,211227.96807633305,3.0,5334.103990924396
1280.0,1269559.41028881,253937.79935208,5.0,503649.43327923806
1281.0,1269563.09336081,254197.697784334,4.0,2532380.4875432625
1282.0,1256347.75459528,239833.937769637,4.0,17043.579909111573
1284.0,1259383.74429439,258528.731452778,3.0,71459.0342628327
1285.0,1259390.4250624,258798.254845053,4.0,696460.9422786004
1286.0,1279405.74783489,274417.152077049,4.0,202494.6668487145
1287.0,1279736.77445923,274405.541197032,4.0,173768.37890864222
1288.0,1285529.86816117,253068.314167187,3.0,39919.27094427751
1289.0,1285778.56185742,252926.867319047,4.0,289686.860314065
1290.0,1286945.07923461,174173.583526403,3.0,186804.40947151772
1291.0,1286423.63181008,174226.696294457,1.0,0.0
1293.0,1266619.41322981,286274.651993185,3.0,50545.554711625984
1294.0,1266622.9174858,286593.987929508,4.0,86225.77251267245
1295.0,1259509.69744653,197180.370173961,4.0,11233327.522709737
1296.0,1259495.0248705,196518.842621282,4.0,9302216.86831341
1297.0,1267170.13259037,196365.189117119,4.0,456938.3879870746
1298.0,1267159.51383835,195698.03161244103,3.0,386484.8817112002
1299.0,1258484.50064547,196034.476476789,3.0,25183.61243627774
1300.0,1257819.40816478,196070.686716825,3.0,17708.479741388877
1301.0,1275547.01343094,227945.231901452,4.0,159947.39426493607
1302.0,1275868.60895127,227935.63478145,3.0,59688.09808636204
1303.0,1253328.64419219,250123.583860174,4.0,127164.0
1304.0,1283084.24083066,234126.226083785,4.0,11764.529308672782
1305.0,1283091.81395067,234401.46109207,4.0,1256473.480425234
1306.0,1278674.20274615,227891.983005404,4.0,132900.21150541885
1307.0,1278996.11020248,227883.778589398,4.0,216633.3205373739
1308.0,1276551.02328797,206715.104711726,1.0,0.0
1309.0,1276611.23308003,206595.639431596,3.0,177894.06521000472
1310.0,1259636.56496665,201831.798530713,4.0,5539937.35169968
1311.0,1259303.74544631,201840.994434729,4.0,10467356.970069049
1312.0,1284463.12883207,258442.821500689,4.0,131841.6212821078
1313.0,1284763.05145638,258435.802172676,4.0,183665.98482477336
1314.0,1261878.05328895,237504.933223248,4.0,77061.18853513333
1315.0,1261599.12471266,237513.100583255,4.0,54403.793404004486
1316.0,1277949.10476141,234101.129059762,4.0,189369.17519023796
1317.0,1278247.85944971,234095.309795752,3.0,60411.36607056425
1318.0,1278481.65292194,218471.323667765,3.0,29716.762459014324
1319.0,1268100.04574332,234704.680676386,3.0,4884045.155857751
1320.0,1279953.95244345,284542.714839414,1.0,0.0
1321.0,1283991.24620759,207388.423944414,4.0,131346.40379263787
1322.0,1271774.15160307,282285.893589109,1.0,0.0
1323.0,1271774.25131509,282338.213973165,4.0,93040.83437564773
1324.0,1280472.93996398,179062.175147399,3.0,23370.438150737788
1325.0,1280557.41094008,178791.252779126,4.0,126064.56566709082
1326.0,1265208.59351635,169380.465505496,3.0,245215.0097860588
1327.0,1265093.06289224,274165.721804783,3.0,118721.40421950136
1328.0,1269758.89476901,272745.494987339,4.0,423594.7612945644
1329.0,1269758.71435301,273177.106955782,3.0,246227.8382496542
1330.0,1265524.95313267,251864.592181951,3.0,81269.54493693574
1331.0,1266191.66078137,251851.519413933,4.0,301637.5270188279
1332.0,1254637.09756953,237568.476135314,3.0,15650.055684336266
1333.0,1254319.1589452,237574.144743323,3.0,4316.856215694123
1334.0,1274268.90315764,212036.76833316695,3.0,42390.0
1335.0,1274426.9579418,212034.734541163,3.0,42390.0
1336.0,1257244.7029482,212239.899469376,4.0,94868.22658227048
1337.0,1256974.89181192,212248.485069379,3.0,37130.316932762194
1338.0,1266439.69962962,244514.620974422,4.0,194809.59299575
1339.0,1266449.97751763,244944.397678867,3.0,139801.75259374786
1340.0,1265383.41502054,246027.98999998,4.0,2515125.256935783
1341.0,1265740.9579329,246020.177071974,4.0,2547655.9597275974
1342.0,1277015.40485644,233509.847715154,4.0,2315753.8617064017
1343.0,1280733.25273225,225173.172506616,4.0,185902.26194515452
1344.0,1280738.15135626,225355.379802808,3.0,35979.9098624071
1345.0,1282166.76959772,224132.160473555,4.0,761775.2564419948
1346.0,1282178.79609373,224454.065625891,3.0,166121.17899861038
1347.0,1275607.144887,257655.547835886,4.0,2423200.4079702497
1348.0,1275616.43327102,257987.411004215,4.0,2188809.0457635536
1349.0,1277078.80895251,224955.098778397,3.0,32104.7059521432
1350.0,1277086.13637652,225263.291098714,4.0,396439.1413660928
1351.0,1274225.9917976,246089.554224044,3.0,559463.0491213206
1352.0,1274244.97112562,246881.036208853,4.0,151409.8724498789
1353.0,1283987.39750358,207105.022600114,1.0,0.0
1354.0,1283985.43519959,206960.533063978,4.0,1430119.1222253167
1355.0,1283556.97414315,260078.865470365,3.0,113608.70551917782
1356.0,1283556.47347115,260408.895294696,3.0,283482.43300914764
1357.0,1260124.46947914,189177.516789764,3.0,1401520.4271746627
1358.0,1260102.23594312,188504.456117079,3.0,339021.99999999994
1359.0,1283864.28422347,234879.135012552,3.0,172481.66776194857
1360.0,1283867.22451146,235694.236773401,4.0,278910.32327731553
1361.0,1278473.82680994,231208.985888794,4.0,112663.86228864476
1362.0,1278481.43832995,231501.775009096,4.0,63493.063612613325
1363.0,1277278.76325671,231538.106593132,4.0,413617.4166700063
1364.0,1277283.08511272,232127.927905738,4.0,561616.2776985526
1365.0,1258540.20234153,198423.976319224,4.0,208536.909444463
1366.0,1258526.77059752,197896.022654682,4.0,107498.23046653824
1367.0,1280732.46470025,218412.574483693,3.0,62729.6705894042
1368.0,1280865.99922839,218414.7417797,3.0,4778.497503845082
1369.0,1271776.84216309,282850.280533686,4.0,118321.64616318604
1370.0,1271778.18897909,283106.373205945,3.0,55922.01790710218
1371.0,1274504.02014987,215464.409104675,4.0,162226.63684418192
1372.0,1270712.36600199,276051.230862722,3.0,56334.46537910375
1373.0,1270713.303602,276275.896398947,1.0,0.0
1374.0,1284701.00793631,253614.741559744,3.0,64086.92278966461
1375.0,1284757.64627238,254306.11026445,3.0,5776.258554671381
1376.0,1265422.93265258,285864.530776769,1.0,0.0
1377.0,1265419.97073257,286093.716953009,3.0,49308.83219005271
1378.0,1275556.06264696,255830.352954015,1.0,0.0
1379.0,1275098.22827849,221155.955478504,3.0,250525.0210603174
1380.0,1275085.53407048,220850.718230188,3.0,179637.8237378773
1381.0,1253307.60156818,237237.040102974,4.0,484693.76023364335
1382.0,1253334.9906242,237492.93034324,3.0,403628.6548958676
1383.0,1279150.14796263,265549.598275959,1.0,0.0
1384.0,1272471.83326779,236381.202918097,4.0,268339.507450923
1385.0,1272771.5665801,236375.303270087,4.0,396217.1679653312
1386.0,1251604.19190243,211947.593293071,4.0,218792.7338300036
1387.0,1251823.15471865,211540.830348656,3.0,179477.6271445953
1388.0,1267568.61207877,252092.747254193,4.0,502203.6194015138
1389.0,1268157.60990338,252079.12325416497,3.0,623788.2770736647
1390.0,1271491.95793879,226826.833564311,4.0,596924.7048187986
1391.0,1271769.24081908,226991.335516483,4.0,531113.811723841
1392.0,1284366.74188797,245877.029039815,4.0,2433.75941159002
1393.0,1284622.06124824,245871.451951817,4.0,26409.215961627862
1394.0,1269568.75307283,246744.670000717,4.0,643481.3019578832
1395.0,1270084.47256134,246733.874416694,4.0,1124823.4475473196
1396.0,1285959.78822561,187466.568436012,4.0,86049.1978771715
1397.0,1286536.0695702,187448.062259987,1.0,0.0
1398.0,1281770.97017331,252547.578678653,3.0,40426.69553180436
1399.0,1281768.78706932,253207.738807321,4.0,50278.96422959802
1400.0,1256242.29846717,251737.194165826,4.0,65261.29906538614
1401.0,1256242.72067517,252030.096438125,3.0,20412.32503449815
1402.0,1269747.729137,242785.218924657,4.0,341041.3796299437
1403.0,1269759.91185702,243211.079021096,4.0,277295.9227169706
1404.0,1277629.01880908,265876.440516308,4.0,610879.334436254
1405.0,1277641.81208909,266561.168453008,4.0,94065.4228771182
1406.0,1271425.92133072,270716.616201252,4.0,59753.656922745344
1407.0,1266292.95191747,234335.555107996,3.0,23170.029465378346
1408.0,1266301.45482947,234645.546276316,4.0,300015.4299124878
1409.0,1285237.33395287,207804.001864836,4.0,322201.82554586924
1410.0,1258919.73110992,257546.471611768,3.0,246839.56061986007
1411.0,1258926.37546192,257944.110524178,3.0,12235.659291387548
1412.0,1267166.93406236,286724.380441651,3.0,4983.338250611262
1413.0,1268204.31191942,286711.35548164,3.0,47585.78976865605
1414.0,1265265.67313242,170750.967010885,4.0,385559.0966366268
1415.0,1265236.00030039,170036.05571416,4.0,124668.80623044308
1416.0,1286707.44749038,282001.920404807,3.0,330299.4927892884
1417.0,1286686.68045035,282345.44232516,3.0,168977.95555555556
1418.0,1271215.07230651,226663.027740151,5.0,247422.1429602117
1419.0,1271148.29457843,226767.870748252,1.0,0.0
1420.0,1270490.68856177,212033.910733163,4.0,455499.9098181798
1421.0,1270470.83006574,210931.79252404,3.0,329094.0492739572
1422.0,1266740.23678192,197712.171326503,3.0,1014124.9646283652
1423.0,1266561.80766174,197710.580734506,4.0,976419.5223278648
1424.0,1274356.26584573,194314.221051022,4.0,188741.2971194996
1425.0,1258278.46499726,186462.01105898604,3.0,1801.756626914065
1427.0,1265267.35191642,252413.044214517,3.0,669969.0757384024
1428.0,1267841.84708706,226836.350236326,4.0,983172.8100655758
1429.0,1267526.47767873,227123.164316624,4.0,149626.15187293556
1430.0,1257794.59523676,205875.93223086,4.0,226294.29807404493
1431.0,1257768.76688474,205226.515846193,4.0,434207.2039027967
1432.0,1258610.28125361,190589.243959203,3.0,16848.344837133165
1433.0,1265341.65066849,260908.825727209,3.0,322610.8557172973
1434.0,1265350.60638051,261570.443839893,4.0,324191.50443136593
1435.0,1283785.58028738,182918.923311353,4.0,592076.5602539448
1436.0,1288237.00448394,182746.652655169,3.0,1944225.8487136024
1437.0,1288971.88064469,182738.834479168,4.0,1966845.9285412196
1438.0,1286000.53158565,278549.473873273,3.0,1616214.8973988746
1439.0,1285742.04716939,278759.023953497,4.0,195909.74334678735
1440.0,1269641.2595049,275405.555918053,3.0,106515.4912394414
1441.0,1269762.11326502,275403.333198056,3.0,137049.24072588328
1442.0,1263369.83044247,283506.56923835,3.0,340878.6527657197
1443.0,1262872.42922597,283519.430486366,3.0,42773.66060606061
1444.0,1282271.81036583,226022.92700348803,3.0,12934.943487863162
1445.0,1268829.34942406,270769.898569316,4.0,58227.18687269748
1446.0,1268832.54033607,271028.275977582,4.0,37746.05854799909
1447.0,1286780.82630645,250454.741364509,3.0,114359.015747051
1448.0,1254469.19043335,243830.336301729,4.0,643481.3327819898
1449.0,1254130.27772902,243836.409133732,4.0,293424.8487127313
1450.0,1267981.07415919,236954.160422683,3.0,53412.66934845984
1451.0,1267926.48209514,237228.047654971,3.0,42349.48508592766
1452.0,1268908.38532814,254871.683641031,3.0,1700023.1925264976
1453.0,1283885.21299148,233058.808610693,3.0,47646.025356051374
1454.0,1283896.2336635,233499.08822715297,3.0,194890.19640080197
1455.0,1262756.23421785,268211.764550686,3.0,249487.25144729644
1456.0,1262631.50941771,268185.603206664,3.0,207097.58478060277
1457.0,1262219.7313693,211079.708236188,3.0,275057.30037991086
1458.0,1261564.87773663,211090.63143619904,3.0,106978.2008738364
1459.0,1282367.37644593,242877.504876748,3.0,74060.68827275423
1460.0,1282929.5698545,242566.72887642696,3.0,20253.850906105472
1461.0,1265150.9036603,269537.373448044,4.0,1439296.6315536343
1462.0,1264819.92759596,269545.818312064,3.0,1330819.7294287882
1463.0,1283047.22681463,206545.42400755,4.0,1303360.046608672
1464.0,1283036.78585461,206108.674823105,3.0,117532.32972828632
1465.0,1282572.83500613,250545.295284599,4.0,1628794.6553132995
1466.0,1278830.52492231,255134.1749053,3.0,2300749.357936957
1467.0,1278869.18629834,256563.047994763,4.0,3241659.230881172
1468.0,1286053.0961297,191828.328440472,5.0,1767618.2222476131
1469.0,1286063.67648171,191293.492535934,3.0,135901.22984015127
1470.0,1267159.11287835,284069.67675893,3.0,96852.81466719467
1471.0,1267736.50116694,284057.478614911,3.0,71457.76411345368
1472.0,1267742.07633495,272121.105482697,4.0,484172.8799883812
1473.0,1273145.56222849,276636.97083132,3.0,50005.64194667348
1474.0,1273098.33918844,276787.829775468,3.0,55786.73961379707
1475.0,1261500.28528856,169771.525409892,1.0,0.0
1476.0,1261626.29488869,169247.168161348,3.0,89894.45579923141
1477.0,1264337.79703547,189216.037685797,4.0,400411.7119860816
1479.0,1254425.89328131,241848.687659696,4.0,338351.21569057106
1480.0,1264305.26890743,187905.69451646495,3.0,715541.2785677725
1481.0,1264285.68721141,187119.005171657,4.0,1718747.561352317
1483.0,1283854.99878345,204123.840901062,4.0,865524.456159027
1484.0,1255407.20496231,243202.179373085,4.0,54064.43311920077
1485.0,1255089.51337799,243157.069229037,4.0,48001.99058082693
1486.0,1264426.22365956,178341.658538669,3.0,56521.33333334641
1487.0,1263905.61745103,178073.87722639702,3.0,162456.33333336972
1488.0,1273306.25906065,190650.974455267,3.0,56960.14258254399
1489.0,1273293.87096463,190341.13784694704,3.0,10379.064224809195
1490.0,1275273.45362267,265288.334403694,3.0,47001.72935595027
1491.0,1275440.14552684,265283.527299687,3.0,480761.9240377437
1492.0,1262455.56132154,209755.271882832,3.0,328512.99110902206
1493.0,1275824.08018322,216720.373777971,4.0,274097.75762602943
1494.0,1276146.08741556,216712.592977956,4.0,133490.53977559373
1495.0,1266913.42935811,254783.045048937,4.0,166705.63784897633
1496.0,1266918.31185411,255046.999545217,4.0,353224.4012401896
1497.0,1269001.23748824,263470.503681839,3.0,4874679.950121245
1498.0,1270986.89003427,263423.95520179,4.0,5019296.449962984
1499.0,1274890.07743028,231231.734816819,4.0,166978.50515149883
1500.0,1275149.07397453,231226.06947282,4.0,120649.36619672702
1501.0,1279859.81388336,213484.59380665404,5.0,1038409.5813792674
1502.0,1280157.60005966,213759.936142936,3.0,661990.5393334373
1503.0,1256017.81430694,239840.288809642,4.0,11381.858797361125
1504.0,1263011.10973811,258317.911612555,4.0,125880.5945369278
1505.0,1274337.26059771,230088.446751654,3.0,6986.332589012711
1506.0,1274347.03486972,230407.053727984,4.0,223676.0240624792
1507.0,1268932.25176017,243233.533357114,4.0,88507.70357192443
1508.0,1269191.90673643,243226.485101104,4.0,251950.2226151573
1509.0,1258037.99139701,239040.354408816,4.0,1340387.36137928
1510.0,1261938.89860101,261809.67008014,1.0,0.0
1511.0,1261842.94634491,261883.273280218,3.0,108305.15417423545
1512.0,1273702.28779705,251148.97912521695,3.0,90302.42636337652
1513.0,1273836.8239892,251144.115637213,1.0,0.0
1514.0,1263477.29809058,235721.662565425,4.0,131041.3199261593
1515.0,1261665.92279273,250355.578484401,3.0,59220.026056093375
1516.0,1261673.15306474,251015.003701076,4.0,120022.5631555174
1517.0,1285918.70073757,256644.429114848,3.0,104655.41970272068
1518.0,1284921.59904054,207378.019784391,4.0,149461.1227152486
1519.0,1284916.19584054,206950.240775958,4.0,823540.8939642389
1520.0,1274872.23922226,232056.316833675,3.0,105442.21674946837
1521.0,1274922.6951583,232750.388962373,3.0,221375.90884644337
1522.0,1280166.56095567,214379.730127573,4.0,379350.4266766528
1523.0,1280157.66303566,213879.531983063,4.0,435490.86028085015
1524.0,1269351.4339686,271424.034377977,3.0,74269.06931750986
1525.0,1282059.93548562,229251.359838799,3.0,63336.95532067509
1526.0,1281957.72966151,229592.932703152,4.0,380468.7553253335
1527.0,1269112.17726435,242594.631724462,3.0,44119.17075824763
1529.0,1265230.99767639,285595.636632487,3.0,138979.07328227328
1530.0,1264735.58065188,285611.055192515,4.0,341716.2574394134
1531.0,1273019.65106036,277039.206863731,4.0,139111.47062615317
1532.0,1262369.99453744,285855.470744759,3.0,1012694.0027801947
1533.0,1265858.24708502,272153.803594723,3.0,843763.6516790813
1534.0,1266187.27364536,272147.326538727,4.0,163160.06832600047
1535.0,1293179.71898501,185813.141938314,3.0,135404.94909127944
1536.0,1280691.92018822,284832.298583716,1.0,0.0
1537.0,1281069.9335006,284815.693975687,3.0,43106.66666666668
1538.0,1294060.9747939,183229.890543669,4.0,127056.19104413757
1539.0,1294048.54535389,182839.111471266,1.0,0.0
1540.0,1267815.71166302,284181.257239044,3.0,108469.7499287822
1541.0,1267816.39767903,284319.875735193,3.0,42646.6
1542.0,1262253.14960933,171431.881699592,1.0,0.0
1543.0,1273867.35410123,253525.533111647,3.0,68390.32662885559
1544.0,1274199.98597357,253516.564279646,4.0,178087.0230689618
1545.0,1278039.4648255,222437.436183825,4.0,882581.8622168866
1546.0,1264719.34711586,240653.807530478,4.0,370959.112968726
1547.0,1263929.73418705,240670.835690483,3.0,164261.28311947966
1549.0,1266679.47511786,227458.374940962,4.0,58395.07126592682
1550.0,1290037.15213378,189696.801526293,3.0,3400.7253706335127
1551.0,1290023.36051777,189158.74450174,4.0,329083.7793765952
1552.0,1267744.12126295,252911.809911028,4.0,1036697.5553463228
1553.0,1268212.54980743,252901.768247008,3.0,522117.67464880086
1554.0,1264419.11805955,242600.645484462,4.0,884782.0433197524
1555.0,1263981.4198191,242637.306860507,5.0,2196780.208368985
1556.0,1266813.270126,193704.361402392,3.0,424759.9946731833
1557.0,1266498.51287767,193713.661882401,4.0,108271.67743949904
1558.0,1255627.74851455,236669.344038397,4.0,78601.07420692951
1559.0,1255270.23184218,236669.39984639,3.0,24673.50901325584
1560.0,1285459.26265709,247453.210929438,3.0,1005547.2676102618
1561.0,1285331.02604896,247702.696945697,4.0,493692.1870277445
1562.0,1287503.22118719,187891.084980443,4.0,2594464.132071676
1563.0,1287954.00275564,187880.082996428,4.0,1650004.3529271474
1564.0,1285416.86150505,244538.608174458,3.0,317499.21996545955
1565.0,1285671.59264131,244532.98385444295,3.0,270441.7770973611
1566.0,1261068.72349612,205121.005574092,4.0,123189.15372857272
1568.0,1269742.628401,245416.677615345,4.0,166555.60015258664
1569.0,1269748.66155301,245676.593775615,4.0,208648.50888315943
1570.0,1278264.26949772,261585.946431905,3.0,7420.928633103719
1571.0,1278269.06309773,262039.468800366,4.0,2657369.362493262
1572.0,1264350.15332347,282150.01224497,4.0,216719.1855400662
1573.0,1281051.18220457,275023.272909671,4.0,80489.4689678558
1574.0,1281373.68095692,275011.752589658,4.0,69458.86102118687
1575.0,1277753.8013372,284622.825879499,3.0,137983.02346827285
1577.0,1280306.63058782,278910.982993647,3.0,60342.82123907272
1578.0,1275082.86411847,281134.01659593,3.0,90825.98244321412
1579.0,1270472.23064175,285679.082008585,4.0,215843.3980557253
1580.0,1270474.42616175,286011.475032926,4.0,46244.04283843054
1581.0,1285064.24377669,178306.27965863,3.0,118386.22598210484
1582.0,1285275.0280969,178435.565482765,3.0,151826.6506079461
1583.0,1262394.24938548,192476.674553141,4.0,184779.8112073693
1584.0,1262385.64804147,191806.637496457,4.0,523929.75817965175
1585.0,1268907.18289614,271827.623434395,1.0,0.0
1586.0,1269093.85803233,271823.135306388,3.0,169542.0
1587.0,1293200.98503302,186592.601011112,3.0,42424.05547948542
1588.0,1293473.13837729,186579.559027106,3.0,228.42741464719333
1589.0,1262102.67024918,258612.349052861,1.0,0.0
1590.0,1275629.28459902,265278.07360369,3.0,442058.164278332
1591.0,1275186.28946258,232464.986978084,3.0,34361.32777128698
1592.0,1275684.77893509,232449.529634073,3.0,10906.64318204835
1593.0,1253514.15625638,211332.245452449,3.0,13042.526749968914
1594.0,1253284.28073615,211341.05774045,4.0,96764.54690277037
1595.0,1258751.86262974,188553.248373121,3.0,69855.22600664233
1596.0,1258480.16470946,188562.481909126,3.0,44142.894413670285
1597.0,1262133.68234521,239854.097193658,3.0,49585.62408841136
1598.0,1262135.47760922,239963.499177769,4.0,87657.2214378469
1599.0,1281113.76447664,195951.833596691,4.0,115830.38888709572
1600.0,1281394.42924494,195945.313276693,3.0,171668.46192248803
1601.0,1275915.34475932,229539.591583088,3.0,164554.3732808381
1602.0,1281568.08012511,226491.612443969,4.0,117689.02911079272
1603.0,1265890.66692506,195070.331771791,4.0,345566.71065144154
1604.0,1275609.241335,258981.689213246,4.0,2519828.67796432
1605.0,1252570.25724742,236998.487398729,3.0,132929.77319207034
1606.0,1252046.78652687,237593.84317533704,3.0,109314.684276303
1607.0,1260482.81392752,241030.853674859,4.0,89475.479240263
1608.0,1260494.60458353,241696.656171545,4.0,97119.52078822076
1609.0,1256022.14800295,193793.207034484,4.0,1280042.050297254
1610.0,1255813.44790673,193252.201849937,3.0,115495.24525357832
1611.0,1265014.80586816,260918.828671217,3.0,121943.96934304356
1612.0,1265023.04535617,261579.983167902,4.0,176466.42904947663
1613.0,1279379.38341887,207334.22388035097,3.0,510148.510155677
1614.0,1279361.96447486,206687.231751695,3.0,251544.3364877333
1615.0,1265559.42942071,233871.59600353203,3.0,49573.66231381179
1616.0,1265559.18238072,234351.846692026,3.0,37582.78415858081
1617.0,1271561.45253086,254787.508920953,4.0,235992.0772200192
1618.0,1282847.61631842,208677.291785732,4.0,62976.75068258323
1619.0,1282847.05823842,208469.293129519,3.0,49674.8124367476
1620.0,1281499.21612504,283172.956758007,1.0,0.0
1621.0,1255006.49187391,255818.656826004,5.0,8144458.801108326
1622.0,1254673.75664157,255820.322490007,3.0,12198146.951044194
1623.0,1281071.9994206,178451.79805877796,3.0,20274.46303871821
1624.0,1277582.25151303,257596.83269982,3.0,3670920.329034088
1625.0,1277589.86207303,257928.357948169,3.0,3644805.5204993966
1626.0,1255058.19318597,241178.152939007,3.0,24573.2423849764
1627.0,1254728.58230563,241183.893739015,4.0,33742.83226632212
1628.0,1266343.19690952,245486.935983419,4.0,231875.22626652164
1629.0,1266349.62110153,245746.938095689,4.0,356324.2091384274
1630.0,1272098.57579541,210779.675339878,3.0,85.17857142857143
1631.0,1273769.89067712,226613.1561241,4.0,914421.0818471868
1632.0,1273775.26962113,226843.562524334,3.0,14429.881395679786
1633.0,1277796.40197724,206326.987079322,3.0,128051.89245985803
1634.0,1277892.57503335,206328.075015321,3.0,41733.6558586435
1635.0,1272663.35685199,215817.215441033,3.0,353629.5892931419
1636.0,1273183.20389253,215804.58100903,4.0,348282.2471679922
1637.0,1272049.04376335,227163.49494065304,5.0,408260.67693092825
1638.0,1272220.80555554,227170.390620664,3.0,118047.3800528024
1639.0,1272817.16658016,244387.570094302,4.0,150642.05868827843
1640.0,1273081.11352442,244379.698670283,4.0,149070.87565867038
1641.0,1282442.71097401,226016.807259485,3.0,82913.75370967736
1642.0,1264933.49009207,247639.522545621,3.0,69564.04090320492
1643.0,1264523.45476365,247646.368689626,3.0,146786.7296607797
1644.0,1257036.989476,200857.393665716,3.0,84777.99999999997
1645.0,1257653.17456461,201915.134338811,4.0,609397.4027163738
1646.0,1257635.5873646,201287.27174615895,3.0,381965.1389804229
1647.0,1266649.21694183,258232.099132478,4.0,435459.1333092018
1648.0,1266663.01482984,258892.524349153,4.0,729183.3474524781
1649.0,1271677.80069098,250154.408308208,3.0,3154.372176009085
1650.0,1270987.97989027,252696.43896681105,3.0,16652.000237653887
1651.0,1271146.43595444,252946.071991056,3.0,1377.7218148775708
1652.0,1282171.57337372,252050.04754214,3.0,43370.97071124036
1653.0,1282171.46150173,252324.33605442903,3.0,54308.79896304703
1654.0,1276593.88536802,230400.135775968,4.0,99397.76513497022
1655.0,1267648.54238285,260322.436158612,4.0,1057591.0839180937
1656.0,1277229.63736866,244684.56817460095,3.0,46374.913125473606
1657.0,1277248.86636068,245338.345711276,4.0,62276.24104477654
1658.0,1282038.56409359,250555.251316607,4.0,143709.6127018294
1659.0,1282039.03788559,251217.522613287,4.0,91762.05410848786
1660.0,1265439.46282859,248276.327410281,4.0,2337248.962980672
1661.0,1266294.66743746,174598.429798827,4.0,996941.1100049468
1662.0,1283588.64403118,253170.509879291,4.0,144035.76192812543
1663.0,1283591.73388718,253828.750007957,4.0,399261.1693903362
1664.0,1263333.07985044,188716.777525291,4.0,815813.5879601667
1665.0,1263003.3314981,188723.2561813,4.0,2466034.2343639503
1666.0,1264368.4173875,191102.535543725,5.0,713307.393899524
1667.0,1266869.16631806,172961.58730115,3.0,3640.073788488088
1668.0,1266976.16478217,172651.574436843,4.0,2630329.495238406
1670.0,1263439.51012255,200401.182977259,3.0,3048424.3614683994
1671.0,1269065.37617631,256849.347643062,3.0,411936.0555727388
1672.0,1269330.27755257,256841.936251044,3.0,429122.9734752005
1673.0,1275240.42840663,205866.347270846,3.0,15385.61713054371
1674.0,1275228.69451861,205386.790150359,4.0,95112.56978705028
1675.0,1263590.7588267,248996.239667013,4.0,325668.98289643973
1676.0,1263601.12164271,249662.176307693,4.0,263051.98706782085
1677.0,1266178.93143734,251273.617973343,4.0,175481.42119428227
1678.0,1266186.06302136,251611.141941696,4.0,201482.6334487229
1679.0,1261194.84893624,197800.062526584,4.0,97574.44827143602
1680.0,1261172.64260022,197142.339133918,4.0,670476.6976859493
1681.0,1278098.07071355,253278.899063393,3.0,139018.93432583465
1682.0,1278172.57970563,253710.297847837,3.0,874.3405852751197
1683.0,1259857.06487088,192258.04274492,3.0,46697.06348935875
1684.0,1259932.15786296,191194.543607831,3.0,38739.626129133925
1685.0,1255111.08681802,245853.584175795,1.0,0.0
1686.0,1255188.6273621,245964.24145591297,3.0,593148.7402724351
1687.0,1274549.68606992,229234.567582786,4.0,980711.7554023952
1688.0,1274553.34584592,229660.716319218,4.0,718002.3937554631
1689.0,1266172.00990134,250939.070773005,4.0,250082.1296694291
1690.0,1280476.654524,226080.418011546,4.0,189515.77498596604
1691.0,1280492.39628401,226525.37910001,4.0,312174.3915258903
1692.0,1263228.07453834,243838.857581735,4.0,420433.77264682745
1693.0,1263232.24445833,244114.135598019,4.0,258060.82798443272
1694.0,1274807.69311018,213944.638159126,4.0,623322.4254073184
1695.0,1265144.39646029,236221.52144593,3.0,4482.342073916695
1696.0,1265153.85380431,236551.006694272,4.0,52419.98758951521
1697.0,1274476.73016585,244754.345262676,3.0,237139.7837429209
1698.0,1274495.01624587,245418.204527348,4.0,127398.0808366513
1699.0,1258465.04336545,206518.447623521,3.0,71791.3302505414
1700.0,1258454.80291744,206187.614343181,1.0,0.0
1701.0,1262594.57181768,169105.869281203,3.0,13610.67560787253
1702.0,1262592.71031368,169012.65948911,3.0,43030.88263349732
1703.0,1266840.40491003,279079.492497817,1.0,0.0
1705.0,1274046.2067734,277930.805456638,3.0,48824.60145594255
1706.0,1274183.94398955,181076.326637462,1.0,0.0
1707.0,1269646.73425691,261474.781311795,4.0,183237.76716546444
1708.0,1270097.01316936,261456.576639771,4.0,205325.02809635564
1709.0,1275585.42904699,250287.026804343,3.0,51818.14030949861
1710.0,1284157.10054377,235687.20003739,4.0,119191.88992146208
1713.0,1251337.42179015,238053.42787981,4.0,48880.2698254394
1714.0,1276785.40664822,226122.781467587,4.0,850342.5370981339
1715.0,1277107.06578454,226114.679771587,3.0,780524.9664295181
1716.0,1276430.34667985,204525.698373482,3.0,80763.40181449242
1717.0,1274503.26392588,249745.468467787,4.0,140010.23949394902
1718.0,1274833.28587821,249736.719795778,4.0,110144.97921144388
1719.0,1273285.20594063,232870.71811451,4.0,53815.4814934104
1720.0,1269796.78219305,244485.556398392,4.0,58727.72381915685
1721.0,1257541.8372205,219769.571093082,3.0,129639.74093416402
1722.0,1257426.04675639,219290.718676597,3.0,27306.31053536712
1723.0,1267266.56247847,189001.200565577,3.0,80354.94123551136
1724.0,1264041.11453916,191481.16735212496,3.0,71045.42854992834
1725.0,1264036.57489115,191108.25503173505,3.0,28217.236418464578
1726.0,1295184.55949906,183340.483183786,1.0,0.0
1727.0,1295740.51738763,183318.784047768,4.0,72002.40895451144
1728.0,1277715.70040916,271835.464010403,4.0,1868822.3921494288
1729.0,1277558.832569,218526.827475816,3.0,47435.05138271298
1730.0,1277552.988089,218097.387091368,4.0,377406.9300100573
1731.0,1287085.55565076,206926.756871939,4.0,160190.2824732535
1732.0,1284295.91161591,206957.100615963,4.0,1405253.4038257431
1733.0,1284605.87884822,206953.672199965,4.0,1118300.5386657575
1734.0,1279452.86981894,248615.785074621,4.0,102972.68680463286
1735.0,1281717.30982126,206873.356743887,4.0,1212540.69752712
1736.0,1281988.59999754,206867.218311876,4.0,1078679.9473415464
1737.0,1256258.2934752,189290.251765877,3.0,51616.1632975547
1738.0,1278750.72191422,260350.874750644,3.0,18543.010039069733
1739.0,1254709.2952656,253766.092343897,4.0,180817.65617720693
1740.0,1254449.02480134,253772.324599907,3.0,80156.14399881911
1741.0,1256952.6956519,219311.209812611,4.0,42593.96324370262
1742.0,1256666.46557161,219324.190420628,3.0,20595.20645830243
1743.0,1257776.89776474,194594.940667301,4.0,488610.9276821859
1744.0,1257509.13584447,194576.364283293,3.0,317079.3084339867
1745.0,1260263.42954329,246400.609328359,6.0,2331613.722072922
1746.0,1259605.93245462,246414.937072366,4.0,132726.01635534002
1747.0,1257838.78672481,207199.816712216,4.0,987250.4650265322
1748.0,1257820.8248048,206535.59885554,4.0,462568.9208155414
1749.0,1278196.63250566,255587.78655377,3.0,32873.73687362235
1750.0,1278722.5352902,255572.144505754,3.0,23060.187253815875
1751.0,1271777.41995509,219665.846228987,3.0,11228540.9080315
1752.0,1271697.556595,217398.749714658,4.0,8498229.160133537
1753.0,1264481.26884361,245338.77943927,4.0,138619.67209447932
1754.0,1264489.34199563,245649.393967584,3.0,59276.46966352209
1755.0,1266343.97015752,236195.40733391,4.0,123224.87897646904
1756.0,1266643.83569382,236188.90474189803,3.0,118511.29954656334
1757.0,1279855.58981936,252584.106486693,4.0,261389.64217265905
1758.0,1279855.27679536,253245.91749537,3.0,81938.94097223798
1759.0,1285666.71174531,203608.13325253097,3.0,68917.73114511353
1760.0,1285665.4938893,203525.598660454,3.0,709.7801753555005
1761.0,1283710.4817273,261386.923903704,3.0,112238.3782742988
1763.0,1270091.82456136,272112.592714682,1.0,0.0
1764.0,1270093.64478536,272740.000267327,4.0,619567.0161316317
1765.0,1270068.32491334,172594.686436787,3.0,4690774.508771054
1766.0,1270548.74264182,172584.819684774,3.0,4759790.447632956
1767.0,1278801.38981828,281150.104147941,3.0,44414.44445647197
1768.0,1278727.2895942,281261.864468053,1.0,0.0
1769.0,1271770.98718707,280673.270483449,3.0,121186.90513608066
1770.0,1271772.85989107,281466.093332261,3.0,44783.61111111102
1771.0,1286787.02739446,283645.244182497,3.0,317936.30922911386
1772.0,1286692.14899436,283822.916054681,3.0,254290.0
1773.0,1268942.17233618,187804.383028358,4.0,117630.8874714513
1774.0,1268940.86852817,187637.23243618,1.0,0.0
1775.0,1284096.1256317,286478.921945393,3.0,42390.0
1776.0,1284388.97248,286486.351705402,4.0,677801.0
1777.0,1266764.87844595,179533.055787891,4.0,54346.916068472456
1778.0,1265282.42999643,195091.22015582,4.0,3746064.436987096
1779.0,1265284.03626843,194416.996155128,4.0,3064826.0114182583
1780.0,1280474.20863599,225660.811291113,4.0,195919.8169702897
1781.0,1272739.72018006,246397.377392352,4.0,14441799.85681859
1782.0,1273412.84677276,246377.26494433,4.0,15317284.251819884
1783.0,1283810.9014394,203029.963459939,3.0,1240.7486245862926
1784.0,1257285.65661225,211519.570828646,4.0,255756.577381858
1785.0,1256959.73008391,211526.715532646,3.0,53988.14379349202
1786.0,1276102.62616751,223640.579737052,4.0,698173.5788942033
1787.0,1276402.13247181,223634.331417039,4.0,890243.703951026
1788.0,1270360.59435363,243620.905581504,4.0,141644.0543968094
1789.0,1270666.18923394,243608.576877505,4.0,113134.77326682524
1790.0,1266709.5422539,265509.18925193,4.0,425724.9709601822
1791.0,1267031.59415822,265501.511747912,4.0,432152.32265176513
1792.0,1254323.25014521,236554.51517427,4.0,4480.619293676716
1793.0,1254118.688225,236558.173990279,3.0,209491.2218090389
1794.0,1251354.62057418,241254.279787093,5.0,311809.4121093645
1795.0,1251254.20739007,241580.851947427,4.0,653425.9474206957
1796.0,1266043.57642922,264201.267650589,4.0,412585.413286851
1797.0,1266368.71031755,264193.708610579,4.0,450583.4140555436
1799.0,1266067.59313324,248987.491955012,4.0,169306.24565182434
1800.0,1266859.49406205,251837.747765929,4.0,369699.7483291973
1801.0,1285796.61075343,250477.460788533,4.0,515319.8447354851
1802.0,1266035.0013252,175920.012456179,4.0,217543.96859402352
1803.0,1266076.29354924,175262.099047512,4.0,386740.64246296126
1804.0,1262050.31799312,204435.272325382,4.0,76867.93704195
1805.0,1262015.06679308,203094.183172017,4.0,92861.62468687682
1806.0,1262013.51952909,261006.523071319,4.0,72901.76895307329
1807.0,1261745.13783281,261011.243839324,4.0,234201.4111214583
1808.0,1264638.56055577,279994.581522763,4.0,164858.830876978
1809.0,1264642.25674778,280279.323091045,3.0,234964.27969250965
1810.0,1270801.73912208,284682.280471563,4.0,334156.16284105583
1811.0,1271124.22213042,284676.692567557,4.0,407690.4755472245
1812.0,1271166.96939446,197901.6903027,4.0,758671.9354672986
1813.0,1271158.99038646,197641.766910434,4.0,513678.5347604197
1814.0,1285611.08160125,177947.493994266,4.0,264289.3686422606
1815.0,1285602.52288124,177634.01687394097,3.0,227392.3807474804
1818.0,1276921.97919235,265484.094787896,3.0,72755.07065832605
1819.0,1252697.92003155,237387.396071121,4.0,209270.6433171653
1820.0,1252239.38326308,237740.619815484,4.0,70044.54606851428
1821.0,1279334.91301882,231474.695649073,3.0,544675.7504813339
1822.0,1279620.93637912,231465.619873062,4.0,916337.0627378316
1823.0,1283325.18815891,254477.711992621,4.0,19148.781577027738
1824.0,1283563.10604715,254465.992824614,3.0,429308.6627400237
1825.0,1270685.22462596,197916.390718713,1.0,0.0
1826.0,1261533.69898459,251662.087989748,3.0,164886.17531253202
1827.0,1261418.04727247,251664.973493755,3.0,259091.8932510877
1828.0,1281051.82098858,206594.312647596,4.0,2424531.207493414
1829.0,1281046.94111657,206435.142023429,3.0,40306.49537104551
1831.0,1251672.3984945,210368.999691457,3.0,1334245.4206110549
1832.0,1278026.86380148,227484.755484983,3.0,27838.983688083656
1833.0,1278341.1765058,227475.324060977,4.0,49567.63776657391
1834.0,1269492.70929675,225148.309018597,4.0,5717608.018276192
1835.0,1269770.02596903,225312.218138769,4.0,7346107.67944335
1836.0,1255875.3099868,243411.15537329,1.0,0.0
1837.0,1272204.33835553,231596.764641196,4.0,294553.6274734702
1838.0,1272328.42277165,208278.542857319,3.0,50124.20842522611
1839.0,1272609.58622794,208273.575689316,3.0,97818.98126397825
1840.0,1277216.24466465,212518.088525668,4.0,89298.5802446433
1841.0,1277295.74520874,212091.082189217,3.0,27808.34754943039
1842.0,1251339.08911815,240588.8814504,4.0,137004.9687767089
1843.0,1267062.56555025,232761.27869039803,5.0,1035459.8418115372
1844.0,1279680.44517918,216316.825681552,4.0,347409.9637371908
1845.0,1279673.24767517,216056.114257291,4.0,74917.77000073028
1846.0,1265139.81054029,233130.044706762,3.0,8904.314688511102
1847.0,1265144.13201229,233307.692002952,4.0,6865.991148901928
1848.0,1264109.31421924,179064.18237941,3.0,42394.66666666667
1849.0,1284579.13414419,255199.332601368,1.0,0.0
1850.0,1284536.31929615,255606.692025781,3.0,140413.43985786746
1851.0,1280163.72601168,180962.575533345,3.0,1400.1746796010202
1852.0,1280211.32959571,180982.369133368,3.0,62402.37865629284
1853.0,1278772.23794624,276428.252047107,3.0,139649.71695368385
1854.0,1278761.91775423,277092.115215778,3.0,36251.23092890847
1855.0,1281070.76588459,284909.741335794,3.0,82359.81456009754
1856.0,1281072.4942046,285105.072983995,3.0,166581.81456009755
1857.0,1272765.5055881,225307.880218759,4.0,67019.6971026127
1858.0,1273042.49976438,225471.772634923,4.0,63369.52320688253
1859.0,1285314.39942494,196767.898941532,4.0,43808.28456648975
1860.0,1285517.54598515,196768.257533535,3.0,119200.4084914324
1861.0,1255029.66537793,213251.376462415,4.0,118378.11941465946
1862.0,1254391.13616128,213273.438094437,1.0,0.0
1863.0,1266840.66571003,250920.823732987,4.0,327219.83113193227
1864.0,1271739.78552304,208576.301129624,3.0,188100.04356195804
1865.0,1272354.34526767,208569.559049621,4.0,75942.25017986933
1866.0,1258857.00880586,197873.125694662,3.0,31159.69120981065
1867.0,1272526.39320385,243476.00401336,3.0,59536.159134661146
1868.0,1272539.81310786,243935.345901832,4.0,121199.46487441265
1869.0,1272704.41874003,221208.774550557,4.0,127964.289345023
1870.0,1272697.66648403,220902.854230255,4.0,174387.33014182607
1871.0,1267411.13835061,209574.363146648,1.0,0.0
1872.0,1268552.16196778,209552.779850632,4.0,4638431.182850641
1873.0,1257843.42909281,256224.224570423,3.0,47049.59676529099
1874.0,1258139.43901312,256769.210682973,3.0,10555.35511457847
1875.0,1257225.65872419,198781.079935595,4.0,292104.3431935222
1876.0,1257218.52682017,198517.022399321,4.0,198503.38143334296
1877.0,1265134.19108428,271172.043081731,4.0,856342.0863418559
1878.0,1264964.0011321,271512.674634069,3.0,549637.3253312812
1879.0,1256243.3552351703,209231.050826296,6.0,1034735.4080314066
1880.0,1275838.29829524,226573.948252052,4.0,221495.70364129503
1881.0,1275848.92722325,227071.635228559,4.0,327190.46260942094
1882.0,1274526.74315789,251641.370229721,4.0,18282.70421184672
1883.0,1274528.4761499,251893.392693982,4.0,30622.280777276337
1884.0,1280951.38649248,230889.451744467,4.0,2703402.517862594
1885.0,1280968.7909725,231367.63254496496,5.0,3957579.568630727
1886.0,1283227.46463881,242561.13866843295,3.0,294519.5124924625
1887.0,1283226.81503882,242685.868076548,3.0,706841.3502541762
1888.0,1278956.18937044,201379.394306257,4.0,77342.00619976585
1889.0,1278950.16185042,201029.721409902,3.0,7803.368041717496
1890.0,1265123.91914827,232490.584354118,4.0,663466.9932046491
1891.0,1265132.06775628,232810.229730442,5.0,920031.6053656614
1892.0,1283922.56102352,198576.083967388,4.0,710046.6903581902
1893.0,1283931.65811153,197906.480638698,3.0,1186321.1705273602
1894.0,1268979.15128022,260820.511295125,4.0,1385420.966659966
1895.0,1268984.22897622,261491.262271807,4.0,132787.1532958199
1896.0,1275057.22079045,279458.440210208,4.0,567159.3860617738
1897.0,1275386.10827878,279336.586130083,3.0,389344.9442762555
1898.0,1278073.79711354,280589.996371374,1.0,0.0
1899.0,1283351.42502293,276311.303502992,4.0,181233.84565910653
1900.0,1284147.89977574,277399.268816099,3.0,179727.24596417154
1901.0,1281458.545597,271986.316746563,3.0,1090085.6650098166
1902.0,1278382.29548185,271814.482058376,3.0,1062133.975143261
1903.0,1278382.29816985,272471.177291051,3.0,2080912.2326375304
1904.0,1281631.53964518,212200.855885342,3.0,104603.08576703274
1905.0,1267097.61399829,272129.413194701,4.0,188818.05829001832
1906.0,1280097.0282836,169242.230241343,3.0,403483.3465983672
1907.0,1280292.1348438,169238.351585343,4.0,323660.3748578556
1908.0,1275832.55845523,188959.661877543,4.0,54142.61342339241
1909.0,1275817.15563922,188455.368309021,3.0,138445.26897502877
1910.0,1274826.67858221,215457.86446467,4.0,84997.03034170857
1911.0,1261870.14743294,262145.546048477,3.0,75914.85478769078
1912.0,1286638.7993623,204821.359493777,1.0,0.0
1913.0,1286906.47469057,204814.936645776,3.0,84777.99999999997
1914.0,1254844.87670575,191811.476408452,3.0,423738.0
1915.0,1272460.48913978,235841.262373552,4.0,38050.28755010778
1916.0,1252025.15599886,215350.947344556,3.0,16477.757526614252
1918.0,1268258.42174348,245965.252271906,4.0,187959.25089160696
1919.0,1268666.05278389,245957.2299999,4.0,146851.20589866315
1920.0,1271485.71416278,249040.533875063,4.0,51270.6687717203
1921.0,1284952.09702457,201532.732866406,3.0,51222.46753978424
1922.0,1285090.57049672,201530.806082413,1.0,0.0
1923.0,1279530.18169102,256002.785018191,3.0,43098.60231925087
1924.0,1280213.81778772,255983.628602177,4.0,61799.15832770459
1925.0,1268019.22372724,244249.361710161,3.0,8920.687351591298
1926.0,1268023.04164724,244389.309230298,3.0,34231.82777580312
1927.0,1274153.51954152,223984.734233409,4.0,50601.029593922656
1928.0,1274158.84888552,224291.51548171,4.0,70347.80816493726
1929.0,1266352.90026952,236505.349286228,4.0,114350.99125510707
1930.0,1266361.83070154,236815.279782549,4.0,149163.92239453355
1931.0,1276464.47813588,214593.630991787,4.0,195235.4882921134
1932.0,1276458.30655187,214271.741199464,4.0,306260.1435923647
1933.0,1271552.61464286,176972.514281258,1.0,0.0
1934.0,1271927.98097923,176964.703273252,3.0,43814.13438181612
1935.0,1275794.3223592,277202.143567905,1.0,0.0
1936.0,1275886.26834328,277199.2662559,3.0,50496.86689096103
1937.0,1286775.59040244,206930.195527941,4.0,220530.2101031157
1938.0,1267096.55595028,271851.140170425,1.0,0.0
1939.0,1276444.82136786,250662.147124723,4.0,296918.5639867916
1940.0,1276708.81592813,250661.072948724,4.0,266019.9100933259
1941.0,1267358.50916655,245194.847023129,4.0,515996.6652407683
1942.0,1267665.62078287,245187.42641511603,7.0,1057135.9107664009
1943.0,1272426.58827575,195910.477756649,4.0,306509.0887952986
1944.0,1273076.59646842,195895.024316639,4.0,153809.3679139364
1945.0,1273016.58347635,193468.711610153,4.0,127164.0
1946.0,1273253.0760846,193460.704442143,1.0,0.0
1947.0,1260174.43267921,197165.176957935,4.0,578556.5335109712
1948.0,1259842.23875886,197172.769469947,4.0,915385.2088618258
1949.0,1264468.9841076,235702.186533406,3.0,62982.18812894703
1950.0,1264481.29380362,236144.96253386105,3.0,49316.409497014174
1951.0,1282815.03071839,248204.545394212,3.0,296304.2628822523
1952.0,1283476.35551906,248191.914802194,4.0,559110.2367039499
1953.0,1273089.34418042,249545.254963577,4.0,942392.825083788
1954.0,1273339.01099668,249537.546355575,4.0,1034295.3021750408
1955.0,1260583.34621562,210962.70650807,3.0,157077.22267028148
1956.0,1265465.42007662,238867.757608637,4.0,119710.20242004732
1957.0,1265472.68055663,239207.628648996,4.0,207331.7701677284
1958.0,1278727.2675782,217530.109714791,4.0,43692.72193955384
1959.0,1278971.78482646,217523.122514784,4.0,268174.45290424145
1960.0,1266904.07307009,188454.217397019,4.0,922817.4836278076
1961.0,1266246.63966142,188451.769205019,4.0,899758.356383401
1962.0,1274514.62872589,225754.06012322,4.0,175797.877572054
1963.0,1274522.9961499,226180.176027656,4.0,392971.5008970689
1964.0,1269762.06635302,275679.539342344,3.0,242644.85098454336
1965.0,1269919.23435318,275677.932366341,3.0,104839.65869109095
1966.0,1281108.36025263,235044.451300725,3.0,117768.60759866898
1967.0,1281103.71167663,235658.746661365,3.0,159414.6779086029
1969.0,1266514.28676569,191094.30527173,4.0,381401.40338367305
1970.0,1266532.12663771,190436.300983056,4.0,318028.62241990335
1971.0,1268740.81809597,179179.112555519,4.0,227539.16289289747
1972.0,1268390.43883161,179181.844203532,3.0,127945.25654562726
1973.0,1264394.04330753,280818.924051598,4.0,166014.53034177012
1974.0,1279368.68562686,280011.547026768,4.0,314709.10821603856
1975.0,1279226.95493871,280379.581075147,3.0,115847.1405066501
1976.0,1273314.68658066,235509.045541197,4.0,2796776.635741485
1977.0,1273607.98027696,235505.348645195,4.0,1722505.4466178317
1978.0,1257573.04938054,286151.378265068,3.0,381646.4146683727
1979.0,1257177.30250013,286162.940249071,3.0,297506.9856307437
1980.0,1277336.08005677,207023.463048041,4.0,213226.04257196496
1981.0,1277651.64440911,207093.128264099,4.0,195314.7804620727
1982.0,1281766.75103731,253871.344440013,4.0,91823.74902546806
1983.0,1282026.33055758,253865.239800006,4.0,36990.56757539377
1984.0,1257727.5631727,239712.473769516,3.0,276389.34866659495
1985.0,1281050.16057257,268409.370758891,3.0,237774.025693783
1986.0,1281371.4735969,268399.148998886,4.0,458859.08663050144
1987.0,1272370.1084037,194066.27013877,4.0,264744.92359230004
1988.0,1272947.63973229,194052.508346751,1.0,0.0
1989.0,1281556.38694109,195941.521596685,4.0,443007.9473864981
1990.0,1278629.37081011,223885.560537308,4.0,378236.0770810886
1991.0,1278644.00165811,224561.320666,3.0,337091.1760133
1992.0,1257402.91261236,256421.680826619,3.0,221315.3408908267
1993.0,1257407.73546037,256636.626298845,1.0,0.0
1994.0,1279419.14053892,230591.61635217103,3.0,106039.0988940224
1995.0,1279328.42911482,231186.489824772,4.0,347184.87479755323
1996.0,1257176.97603613,196905.93407768,4.0,326611.0887027583
1997.0,1257170.12170012,196635.180669397,4.0,119776.54025546722
1998.0,1253995.40336087,252050.839862138,4.0,49314.71131923838
1999.0,1278284.62380175,263871.195458248,4.0,157980.92015393268
2000.0,1278287.66149776,264532.326402918,4.0,160268.3328673436
2001.0,1280324.18796383,249923.455667958,3.0,20830.79520310396
2002.0,1280324.47404383,250586.323764637,4.0,547156.4071404841
2003.0,1257538.3549165,195179.175739899,4.0,2424761.837487769
2004.0,1276200.10335161,228354.493853882,4.0,141130.01775709633
2005.0,1276211.10693562,228780.410654321,4.0,100486.7078062106
2006.0,1280993.71974052,232757.793122381,1.0,0.0
2007.0,1281067.2074846,233192.175138831,3.0,77963.41972999342
2008.0,1286566.35821022,176202.30320847,4.0,105407.98129669284
2009.0,1286542.98848221,175235.68311148896,3.0,44151.44140213659
2010.0,1285585.52883323,177007.859369293,3.0,252670.1187423769
2012.0,1269240.54443249,227740.773981243,4.0,86077.84161526327
2013.0,1269384.19179264,227898.66012540503,4.0,12897.272128678056
2014.0,1279600.5365071,226529.11695601,4.0,341914.1880693939
2015.0,1279920.43186742,226545.466972023,4.0,657412.7837214374
2016.0,1259062.25738207,204509.472965464,4.0,379114.6761329938
2017.0,1258730.52611773,204523.834181473,4.0,3470042.770920949
2018.0,1253964.49820884,245947.981295899,3.0,42389.99999999999
2019.0,1253763.99107264,245952.1732319,3.0,130992.07008368048
2020.0,1267604.67793481,256359.218682557,4.0,78400.49852919423
2021.0,1268264.53751948,256343.313530535,3.0,120410.72019414789
2022.0,1271299.2164986,261098.41951941,3.0,45537.48322485884
2023.0,1271629.02622694,261088.407423392,1.0,0.0
2024.0,1271747.52299505,265746.673348173,1.0,0.0
2025.0,1272016.64453132,265565.10777998,3.0,47897.37160887123
2026.0,1264704.57745184,240010.015209809,4.0,1665385.746797523
2027.0,1265490.64772464,239992.742889792,4.0,1779222.617495108
2028.0,1254440.81155333,242508.517420366,4.0,292266.1381742404
2029.0,1275177.93509457,253490.023991615,4.0,652597.7379019005
2030.0,1275484.04901488,253513.60498364296,6.0,13574169.049919404
2031.0,1281875.71634942,221916.375831291,4.0,186235.40986891065
2032.0,1282049.3793896,221911.698391274,1.0,0.0
2033.0,1273013.40306035,218739.330708027,3.0,42414.0
2034.0,1273175.93618052,218735.244436026,1.0,0.0
2035.0,1273767.95038912,239045.493480831,4.0,1621150.4461354886
2036.0,1274077.95698144,239039.178536817,4.0,1540386.590518726
2037.0,1273537.47218089,253800.537143931,3.0,8967.44033063818
2038.0,1274202.35211757,253782.566711918,4.0,39418.64140463413
2039.0,1287359.46585904,206923.716871932,3.0,265324.17385424074
2040.0,1263047.38295415,248475.790898487,4.0,1125745.9066578466
2041.0,1263065.64932217,249007.405683026,4.0,1348294.5284693146
2042.0,1271200.93848249,202625.354371533,4.0,23961688.613820765
2043.0,1271186.41457848,201919.11693081295,3.0,151682.08814313472
2044.0,1278797.31929027,237523.467367262,4.0,164012.6810325676
2045.0,1263121.29911421,234843.545828521,4.0,101762.28699140782
2046.0,1263134.06679423,235285.90160498,4.0,134406.44880014483
2047.0,1277956.72421741,264543.198082939,4.0,143016.1747718776
2048.0,1277959.33279341,265204.481539607,3.0,43384.15532117733
2049.0,1265950.26430112,198215.058751017,3.0,277460.9453899493
2050.0,1265931.90014111,197715.312062502,4.0,207892.3026937547
2051.0,1256337.00361927,239443.844713241,4.0,24246.72784063252
2052.0,1276443.34501587,218479.572691768,1.0,0.0
2053.0,1276438.21739985,218127.247955412,4.0,137689.38032554966
2054.0,1273742.6935571,272193.261194766,3.0,182574.3850373925
2055.0,1274051.20478942,272182.490186751,4.0,4490990.577904178
2056.0,1281193.32466872,280941.846675724,4.0,190491.9609730405
2057.0,1258116.60739709,286135.498073041,4.0,1030594.6607960528
2058.0,1264972.89975612,246572.673968539,4.0,219476.9444658032
2060.0,1263840.31671496,232714.748962343,4.0,1041714.9426103856
2061.0,1263500.55818661,232723.950370356,3.0,140856.17811750472
2062.0,1278015.37170547,221035.307734385,4.0,1338234.291682309
2063.0,1260189.77872722,235374.611749068,1.0,0.0
2064.0,1260063.70551109,235376.420773074,3.0,518329.8862097602
2065.0,1278008.50098546,269942.619336471,3.0,73257.3811193595
2066.0,1278121.44959357,270166.80660069,3.0,65303.15722289887
2067.0,1280895.45650843,263123.273409486,3.0,49126.050748566864
2068.0,1266890.20561408,234632.424228311,4.0,1031870.3014464868
2069.0,1266876.88542207,235252.983716935,3.0,289240.00297604786
2070.0,1264926.93758006,247359.369905338,3.0,18510.66650087162
2071.0,1265166.64906831,247353.14385733,3.0,65875.96886602443
2072.0,1264395.95799552,264243.028098628,4.0,659994.466322212
2073.0,1264228.25821935,264247.365314633,3.0,53932.61693722889
2074.0,1273860.65298122,253030.03013514,3.0,69720.18821306423
2075.0,1263243.09713034,244788.092590705,3.0,48339.8972287518
2076.0,1262711.84656981,244799.726382717,3.0,15698.36699490631
2077.0,1279976.89925948,201359.60493023705,3.0,1945.6029399955728
2078.0,1270956.92254624,199366.0751362,4.0,42516.19047619047
2079.0,1270944.05483423,198949.075967774,3.0,41.4365662706088
2080.0,1279493.97964299,221578.361750945,4.0,207039.6364832488
2081.0,1279475.30873096,221093.410966441,4.0,513071.1052723344
2082.0,1282937.81036651,201742.896194622,3.0,9386.86861413115
2083.0,1282936.4081265,201486.530562371,3.0,20551.451384139888
2084.0,1258256.63824524,211167.893708274,4.0,974693.5037057308
2085.0,1258252.13462923,210482.547659576,4.0,1541548.745272494
2086.0,1281847.03071739,233218.15017886495,3.0,61965.57542898198
2087.0,1282044.9335016,233409.235427052,3.0,87420.7388944709
2088.0,1265869.78641303,169355.626977459,4.0,444817.0497371998
2089.0,1265537.73790069,169368.127265483,4.0,337394.499412506
2090.0,1281489.26994903,233180.751970828,3.0,33765.01980450539
2091.0,1281451.41209298,233778.353443429,3.0,67639.85231873604
2092.0,1258120.09424509,286757.603801683,3.0,254290.0
2093.0,1258122.2520691,287142.648922071,3.0,169542.0
2094.0,1264171.4614193,197079.763773859,4.0,304441.5000216202
2095.0,1263838.30231495,197086.529533863,4.0,180423.03288866836
2096.0,1284502.97881612,248636.654130653,4.0,217605.81998080376
2097.0,1284145.76691175,248893.250354916,3.0,249601.1516885031
2098.0,1277004.93112844,246565.733680531,4.0,96147.6462990992
2100.0,1279907.46405941,265129.761219531,4.0,113414.07321334272
2101.0,1280305.82220381,265111.073219523,4.0,192091.3705033198
2102.0,1261268.80285633,239076.187624857,4.0,392287.8208258905
2103.0,1261148.64068019,239142.642600924,4.0,984085.8442702946
2104.0,1259105.58243811,205833.514950812,4.0,282857.27465971425
2105.0,1258775.19824576,205845.222598836,4.0,5215292.564983465
2106.0,1257911.77968489,199694.97145652803,3.0,285120.31124639994
2107.0,1257900.26301287,199255.554688081,4.0,113184.22462851164
2108.0,1253756.24374463,245582.225199521,4.0,57631.37686793156
2109.0,1274832.52607021,225319.881498769,4.0,576055.3090345638
2110.0,1274842.70712622,225745.798619211,4.0,155930.6754044906
2112.0,1264662.0929718,259604.335933879,3.0,35231.641280619835
2113.0,1257278.73142824,211189.611532301,4.0,886287.0338000413
2114.0,1257264.38365223,210502.949195594,4.0,1147578.946605913
2115.0,1264151.19044328,236151.361125857,3.0,158399.82442909328
2116.0,1264163.84004329,236593.919974312,4.0,245577.57128952965
2118.0,1269190.42577644,277409.027024105,3.0,182152.0691605668
2119.0,1269191.02353643,277656.292240366,1.0,0.0
2120.0,1280296.5955158,175083.737575322,4.0,1290768.896228442
2121.0,1281113.20505264,175053.373415291,4.0,676897.3483089161
2122.0,1277066.1633205,173803.713894024,3.0,931559.13160795
2123.0,1277788.78520924,173791.925478011,3.0,194070.65394416524
2124.0,1282238.81177379,225200.412250653,3.0,21594.236374200427
2125.0,1282252.57945381,225584.054555044,3.0,22109.22576260321
2126.0,1252772.91203162,215156.954640359,3.0,521934.9425723992
2127.0,1268777.81144001,245434.910831362,4.0,488319.9915825859
2128.0,1269011.62955225,245430.441007361,4.0,151676.38052538544
2129.0,1281319.66630085,212685.576397836,3.0,187264.5671457036
2130.0,1281429.44754897,212593.27015774,4.0,144763.69572574156
2131.0,1266035.80247721,235892.017509595,4.0,168826.54568140992
2132.0,1266335.46820551,235885.445029587,4.0,244181.04139245892
2133.0,1283245.76639883,199927.153088763,3.0,637369.5966223897
2134.0,1283582.03481518,199921.767616764,4.0,598510.9704466186
2135.0,1285249.50195287,208661.264905706,4.0,106490.203135272
2136.0,1285559.12332919,208657.125129715,4.0,75293.77943965643
2137.0,1258425.58442141,211834.67521296404,3.0,189997.2608114549
2138.0,1258594.14186159,211437.084172562,3.0,228291.4949748216
2139.0,1286208.79430586,196460.104253218,3.0,42390.000000000015
2140.0,1286412.84704207,196225.423932984,3.0,379451.1706984302
2141.0,1280579.1838681,247268.957361251,3.0,166913.437392539
2142.0,1280592.55193211,247928.748337924,4.0,156652.8316890596
2143.0,1285023.55910465,205448.40909442297,3.0,4542.078123009517
2144.0,1285452.67110509,205437.222790405,3.0,251296.82233133996
2145.0,1280831.89100435,263912.109442294,3.0,154976.46114677732
2147.0,1279193.00946668,248620.809330627,4.0,170001.5662259637
2148.0,1261026.42666407,252361.49080646,4.0,168703.70762396808
2149.0,1260766.45904781,252365.710646465,4.0,147551.89239841458
2150.0,1273615.98251696,250085.904180124,5.0,4213388.367114392
2151.0,1273901.41304526,249588.391667619,3.0,7650195.454412041
2152.0,1279684.63250718,269116.439879611,4.0,853146.8015855071
2153.0,1272434.49144375,210776.721611872,4.0,99761.83164720058
2154.0,1272432.15909176,210456.680267558,4.0,84192.6965479355
2155.0,1284145.14489575,235254.782244951,3.0,160.4033264980634
2156.0,1284381.36127999,210822.68807593,3.0,309.9998877536604
2158.0,1271577.55915488,256112.460346296,3.0,46483.78646620853
2159.0,1271578.29534689,256172.89657037,3.0,81809.57719001731
2160.0,1262168.96247324,209097.781706154,3.0,419476.6963587558
2161.0,1262152.07696922,208438.048137486,3.0,482510.60161602095
2162.0,1279661.84313115,219854.39406918,4.0,388692.0934022663
2163.0,1280171.46943568,223810.10268122,4.0,317310.705918388
2164.0,1280182.7811157,224170.02357760104,3.0,62231.07934911724
2165.0,1260084.57130311,169192.553825289,3.0,42389.99999999999
2166.0,1267267.43319847,171996.970788166,3.0,41780.78234234337
2167.0,1267254.00279845,171357.232867509,3.0,163415.0531603461
2168.0,1273418.93765277,278947.401873678,3.0,236728.32790919807
2169.0,1273749.65387711,278936.409745678,4.0,255663.930086956
2170.0,1268694.81783992,176924.293609217,4.0,134285.04134388114
2171.0,1268034.68036725,176931.20004122,4.0,582299.1393487544
2172.0,1265515.46590067,191764.35743241,4.0,294886.7936438861
2173.0,1265229.04785238,191761.166136414,4.0,454767.9731229895
2174.0,1288716.06976444,184052.228464514,3.0,1147360.3153615263
2175.0,1289158.54003689,184050.231088504,4.0,2383548.048619052
2179.0,1264444.16260357,234817.667620495,4.0,305758.0339146207
2180.0,1264113.57405923,234823.892324507,4.0,188958.4039956091
2181.0,1281177.71743672,250571.040308625,4.0,140275.8667854392
2182.0,1281511.28633305,250564.991476625,4.0,334923.3630442732
2183.0,1279124.9724746,208036.921673074,1.0,0.0
2184.0,1279536.31385103,208013.054217055,3.0,189774.73098007072
2185.0,1264517.56669965,252425.28331852,3.0,8527.861882009312
2186.0,1264260.12721139,252429.462134525,4.0,766427.6872798711
2187.0,1275627.53035903,265939.196932361,3.0,1153141.1254594866
2188.0,1275642.33707905,266599.549253047,4.0,2911412.258451772
2189.0,1279892.85023539,211943.188749075,1.0,0.0
2190.0,1280065.54412358,212028.186317161,4.0,1565612.3237292743
2191.0,1282420.66962998,211872.043917,3.0,8901.984121926047
2192.0,1282448.63711801,211539.99335666,3.0,5511.189125243383
2193.0,1277040.29919247,270532.854089066,4.0,1070714.180680145
2194.0,1277372.16927281,270521.306505054,4.0,1309154.5076401196
2195.0,1252467.33321531,236868.686502591,4.0,738054.9054520914
2196.0,1280580.29868409,237250.804838985,3.0,813847.8041402071
2197.0,1278086.34040955,255089.113977253,3.0,9759.86417522133
2198.0,1271635.98187494,205983.448390976,3.0,18746.977351006663
2199.0,1271633.26865894,205706.79245469,4.0,59764.27146114166
2200.0,1257079.68323603,241532.17617137695,3.0,43980.82871185649
2201.0,1257070.79843603,241757.0116916,3.0,42115.41619050069
2202.0,1271828.99333113,227522.071965024,5.0,590877.7430161401
2203.0,1271612.31659491,227887.78153340504,3.0,64568.74277434574
2204.0,1277717.35295317,234969.240164652,3.0,7827.995863578631
2205.0,1277778.84792922,235094.321956784,3.0,76772.39522521301
2206.0,1273112.38315645,202640.982979551,4.0,3405342.57648064
2207.0,1272979.84043631,202086.167810977,4.0,3126356.6782009024
2208.0,1262708.9617058,191131.136567757,1.0,0.0
2209.0,1270339.0409456,190778.508983403,3.0,43107.3613201415
2210.0,1285268.9851529,253615.900343746,4.0,37133.6603916252
2211.0,1285548.13849719,253616.470583752,4.0,37485.57522185877
2212.0,1267123.13035032,280754.791635543,4.0,173434.32592364124
2213.0,1267254.17668645,280751.919571534,1.0,0.0
2214.0,1263767.78404288,166516.538782552,1.0,0.0
2215.0,1262960.13015406,166321.036574349,3.0,551117.4282352296
2216.0,1264640.58973977,173949.645030171,3.0,56744.668677860616
2217.0,1263966.31940308,173952.79363817,3.0,30944.74653789612
2218.0,1262762.82871385,189793.333110392,3.0,139697.23022899727
2219.0,1262753.57284184,189265.991989851,4.0,1210789.3811709324
2220.0,1293083.7710169,182272.900334686,3.0,369667.328403934
2221.0,1275892.11083929,277862.232144579,4.0,565244.6340181159
2222.0,1275892.9238313,278413.173969135,1.0,0.0
2225.0,1274150.00773351,214282.951503471,3.0,96298.76966644695
2226.0,1274486.24325386,214274.976783454,4.0,159016.4585848486
2227.0,1257239.8243562,218832.522452131,4.0,23391.97162535825
2228.0,1266027.24215719,235581.973541275,4.0,207444.56387916117
2229.0,1265704.24638087,200009.795008853,3.0,230583.36960746645
2230.0,1265692.14174086,199682.345856518,3.0,1594193.4775183229
2231.0,1266752.47428595,198513.356351316,1.0,0.0
2232.0,1266773.71735796,198372.99641518304,3.0,84778.0
2233.0,1263443.76010655,207036.560776055,3.0,6071057.993218355
2234.0,1263445.44708255,205717.314758703,4.0,4602932.8541979175
2235.0,1277772.29804122,217336.707858592,4.0,149915.7921764196
2236.0,1278094.29247355,217328.419154584,4.0,237554.92501155185
2237.0,1265377.47306854,263555.321409926,4.0,262847.6838855571
2238.0,1265707.17975686,263547.155137911,4.0,697006.5913366745
2239.0,1264493.90858762,236587.30711031,4.0,167100.5371738425
2240.0,1277032.59154446,235903.219621614,3.0,61671.49885368454
2241.0,1277170.40850461,236093.927525803,3.0,59261.53653709628
2242.0,1286173.06668982,208220.565321267,3.0,665.8125162009143
2243.0,1286175.69331382,207792.38343282,4.0,84148.92929300998
2244.0,1267935.01982315,241749.868331596,4.0,431763.0915717351
2245.0,1267941.85771115,242000.12471585,4.0,269797.715646398
2246.0,1285650.07788929,202502.330051407,3.0,348059.20198350254
2247.0,1285634.48608127,201849.391682744,4.0,904111.1350785344
2248.0,1275746.92184715,222978.108312368,4.0,357911.1680940778
2249.0,1275754.73515916,223341.362520739,3.0,48716.91491747031
2250.0,1256200.91465913,207910.487496942,4.0,364925.3548865374
2251.0,1256173.3671391,207308.229192331,3.0,66968.46318327473
2252.0,1284389.29792,282010.219924822,3.0,248109.3793627116
2253.0,1266213.65316539,189775.097590372,4.0,163612.0991467189
2254.0,1266255.90935743,189112.14878968903,3.0,66873.61272036462
2255.0,1265457.71306862,233873.845347524,3.0,214666.70224581036
2256.0,1295874.09716375,183052.207215488,1.0,0.0
2259.0,1287817.43117151,183395.91582384697,3.0,168815.75042345258
2260.0,1287801.6175395,182905.885615334,3.0,2109647.012152791
2261.0,1277050.67090449,272189.649994761,4.0,80648.80646001903
2262.0,1277717.19775316,272165.800906748,3.0,31851.21660482749
2263.0,1256585.47721952,237015.207846746,4.0,469032.5413400312
2264.0,1279923.52505143,216050.001105279,4.0,83239.6652127436
2265.0,1284997.91251262,204094.502341032,4.0,1138929.738750503
2266.0,1285673.75532931,204077.40493302,4.0,523472.7801046828
2267.0,1284086.23884769,233494.304483145,3.0,127246.87294372292
2268.0,1289398.57037313,247627.686001614,3.0,57085.68094478548
2269.0,1289910.00147766,248392.872754395,3.0,517.2859076035547
2270.0,1281244.87737277,253217.995639339,4.0,89987.44455633374
2271.0,1281508.96479705,253213.008439332,4.0,107550.4935664122
2272.0,1280709.66226824,215323.429072529,4.0,54743.5936802559
2273.0,1280974.6144605,215318.307664528,3.0,98980.06260088742
2274.0,1256229.40873916,208572.394633621,4.0,1193066.761667559
2275.0,1258655.29462965,215507.767568722,4.0,63544.12829367731
2276.0,1258400.12253338,215515.599632725,3.0,39506.725475072446
2277.0,1280349.63346787,205296.267014265,4.0,516150.7856294751
2278.0,1280343.22892386,204947.482949913,4.0,361649.15408240806
2279.0,1270303.23326558,206931.616775945,4.0,69695.69318994998
2280.0,1270290.26251356,206290.107527286,4.0,110934.41082972546
2281.0,1271785.68830709,196546.085373312,3.0,84778.0
2282.0,1271777.38814709,196298.821757048,1.0,0.0
2283.0,1278991.88421847,236130.958629847,4.0,62705.85556403037
2284.0,1279009.32933849,236719.115238443,3.0,6599.607066881536
2285.0,1279010.87071449,204036.587780982,4.0,536360.8124581714
2287.0,1265415.25290857,247308.578673288,4.0,14696.16666349358
2288.0,1265420.87722857,247531.565105513,3.0,20316.70216591017
2289.0,1269925.77368119,225049.091674492,4.0,2521309.475387912
2290.0,1270283.21752155,206020.89907901,4.0,34471.85400191924
2291.0,1270275.98558554,205744.589638725,4.0,56770.54224455985
2292.0,1270518.2840178,260124.747262418,4.0,8527229.7944938
2293.0,1270960.13483424,260114.816830397,4.0,4682754.840136224
2294.0,1262709.2842018,244122.287150025,4.0,2490582.64027739
2295.0,1291248.44103102,186111.70699462303,3.0,229023.33270483487
2296.0,1290991.35917476,185491.40145798,3.0,229023.33270483487
2297.0,1253687.74646457,239219.200809002,4.0,197373.91640542063
2298.0,1253702.93276857,239881.794985682,4.0,528033.8569677596
2299.0,1274821.89189421,214894.9637281,4.0,145518.37415022185
2300.0,1252499.88700734,215994.077969223,3.0,2483.6363456675526
2301.0,1252462.0989753,215318.51144053,4.0,35536.21885661166
2302.0,1266318.4567495,235265.320932955,4.0,46118.30311109786
2303.0,1266326.9617095,235575.362661272,4.0,314067.0595669992
2304.0,1263053.73495415,260978.846591279,3.0,431673.6203451282
2305.0,1276732.28012016,223921.946969345,4.0,645507.9287470108
2306.0,1277054.09573649,223919.738649338,4.0,149686.27770152548
2307.0,1266999.02103819,261937.38764827,3.0,453275.8705386771
2308.0,1267336.03217454,261934.50707227,4.0,879594.4089801087
2309.0,1274707.96299808,239501.094953299,4.0,171332.5712835369
2310.0,1274875.92754225,239497.629097283,3.0,84778.0
2311.0,1282516.94835009,212649.310413793,4.0,9774.553905714289
2312.0,1264534.69559567,245782.968175724,3.0,235868.36177610536
2313.0,1264052.36881118,245801.614831746,4.0,359394.2159529986
2314.0,1260308.13872734,248534.578162536,4.0,215081.5247808732
2315.0,1259650.41827866,248548.645426556,4.0,243275.34681490925
2316.0,1268384.7547996,240216.41796203,6.0,14256088.663746497
2317.0,1286314.61068997,201833.514754727,4.0,1022674.749089182
2318.0,1287054.81555472,201816.234946698,4.0,1174526.1528364336
2319.0,1277955.69004141,234431.332132101,4.0,38826.568456780464
2320.0,1265313.37284446,258925.254909188,4.0,20241.71724398697
2321.0,1265643.27377281,258916.903229177,3.0,12896.980610732771
2322.0,1265494.15722865,270175.896776706,4.0,576561.6548004089
2323.0,1265824.67626899,270167.697992697,3.0,1792431.5122737065
2324.0,1280857.82860439,281009.7255238,4.0,160048.21118596802
2325.0,1280860.38962838,281279.185300067,1.0,0.0
2326.0,1294519.13722637,186529.407603055,4.0,28208.857455703463
2327.0,1294510.56999436,186262.808370769,4.0,41590.25925309715
2328.0,1263848.18186696,179048.154475391,3.0,70643.99999999191
2329.0,1253001.55919985,237241.914726973,4.0,57243.204566356726
2330.0,1253106.76303996,237753.424551502,3.0,44719.4061709634
2331.0,1256940.50934789,259611.92710188,3.0,1605642.2345497853
2332.0,1256562.58685151,259534.16838181004,3.0,1085878.591482853
2333.0,1267729.96612693,268803.482183293,4.0,4335003.750095999
2334.0,1278903.00409038,234075.955171734,3.0,49222.58681944852
2335.0,1279018.38444249,234049.88605171404,3.0,298344.0212855577
2336.0,1273207.74187654,253849.20504798004,3.0,128971.32752097106
2337.0,1273200.83870853,254082.10546422,4.0,542671.8743649428
2338.0,1276693.66994412,249275.018291295,3.0,1485859.130289839
2339.0,1276699.23423213,249621.253491655,5.0,231945.11142904684
2341.0,1268229.68753545,244905.496878833,4.0,59962.55797107324
2342.0,1269876.73873714,253725.908343852,4.0,6034075.751039919
2343.0,1269858.03992112,254189.987832338,3.0,15918.256303837332
2344.0,1272904.00069223,256404.555258602,4.0,47676.5695655504
2345.0,1272907.90098023,256737.147386938,3.0,31999.169567450364
2346.0,1263833.54410695,247924.837937921,4.0,547914.5851136395
2347.0,1263845.10410696,248456.027506456,4.0,569907.5108960582
2348.0,1281166.6508127,212690.378253832,4.0,316696.8763454626
2349.0,1276904.70264833,256621.686330825,4.0,619482.8630175496
2350.0,1277559.274169,256601.969530806,4.0,721669.6205422785
2351.0,1266182.58961335,233405.856803045,5.0,1147214.4228274687
2352.0,1266154.64900532,234013.672547668,3.0,503986.48455032246
2353.0,1290743.22093451,189838.26219843296,3.0,522940.7892003938
2354.0,1270444.01483372,226701.19010818,4.0,1418994.2883049983
2355.0,1270227.0148975,227068.099484563,4.0,874921.3005611813
2356.0,1274821.8573982,224874.585818321,3.0,4439.985076676827
2357.0,1274826.9774622,225089.553882539,3.0,2666.826168107461
2358.0,1269426.51192068,180487.129004866,3.0,414810.55185168114
2359.0,1269414.10219267,179832.849772185,3.0,382288.29940404167
2361.0,1268261.50110349,243677.766701564,4.0,425286.1244717432
2362.0,1288321.51418002,181831.060654238,3.0,84778.0
2363.0,1288379.82765208,181544.344045952,1.0,0.0
2364.0,1270754.75070603,181783.102446184,4.0,10124622.831588993
2365.0,1271078.13528237,181778.576174185,4.0,11024485.32983191
2366.0,1281727.84460527,283787.397462636,3.0,54487.93759385803
2367.0,1281729.28223728,284300.72847116,4.0,418670.30928313074
2368.0,1266432.89028561,234007.43792367,5.0,104087.23271437285
2369.0,1271509.46315481,242253.979500115,4.0,25901.56609407165
2370.0,1271522.92408282,242718.401516587,4.0,52140.04191701972
2371.0,1266323.9711815,260354.354750648,4.0,670523.4767696828
2372.0,1266818.39838201,260345.84556663,4.0,753274.9901729212
2373.0,1263079.9179941698,212184.875277326,7.0,13421344.51659796
2374.0,1263228.07581833,212276.050957412,3.0,6763784.039719349
2375.0,1267042.23550223,244931.246510848,4.0,95252.7467909214
2376.0,1267277.00113447,244927.220590845,3.0,5552.6745314312975
2377.0,1266509.10468569,194382.127419084,5.0,668683.7333427325
2378.0,1253896.59843278,235473.072805166,3.0,166580.08479245406
2379.0,1253344.18972822,235675.917221382,3.0,38411.765393252106
2380.0,1270246.60804951,204628.042629585,4.0,114339.70521636332
2381.0,1270606.69528188,204617.660741568,4.0,129956.0484777406
2382.0,1278190.14104965,218065.474131346,4.0,399930.43897049234
2383.0,1278468.68312994,218051.523667321,4.0,112983.84077655022
2384.0,1272084.8084354,227986.983453497,4.0,133317.62251150486
2385.0,1272237.12209955,227982.790237501,4.0,165482.47081873548
2386.0,1284103.9507197,245224.879407153,4.0,79295.54417877414
2387.0,1284111.52582371,245882.603503823,4.0,50695.38277221728
2388.0,1259843.40048686,212448.118861586,4.0,319504.6218537324
2389.0,1260113.22474314,211669.492812797,4.0,628289.304344241
2390.0,1264949.78398009,256297.929466486,4.0,406804.40303415374
2391.0,1277997.19224945,267845.485126317,3.0,186537.11256728004
2392.0,1278009.03704946,268505.852230996,3.0,10310.62531027627
2393.0,1266966.95518216,258885.258621141,4.0,167437.22361451865
2394.0,1266970.87639816,259215.52697348603,3.0,11057.954343142304
2395.0,1279765.72319527,201990.841858879,4.0,140136.03408535713
2396.0,1279760.68089126,201363.459586233,4.0,39631.43476264663
2397.0,1272862.0335882,239064.40784885,4.0,118978.80290346246
2398.0,1273148.10718849,239558.556137353,4.0,84778.0
2399.0,1273039.87966837,221813.514519185,4.0,146505.49825653917
2400.0,1273033.12939636,221507.620118871,4.0,135271.69211610293
2402.0,1283312.73875089,275150.536781803,3.0,102816.99037998143
2403.0,1283069.60959865,254484.056120634,3.0,32380.575624865927
2404.0,1283068.47705464,255126.034489289,3.0,57320.19899816454
2405.0,1277355.05938479,262580.541888922,4.0,293431.7337732789
2406.0,1277814.75500126,262565.287360907,4.0,373231.48569030105
2407.0,1264817.05425195,234367.548452035,4.0,709833.5600097788
2408.0,1264543.66967568,234373.429028034,3.0,65839.61429440163
2409.0,1273023.10808437,251248.747637317,5.0,175189.6608256097
2410.0,1273299.14718865,251312.543093383,3.0,44886.41779516141
2411.0,1286417.22630608,197203.771389976,4.0,328374.6513766552
2412.0,1286845.36096251,197196.865277976,1.0,0.0
2413.0,1274294.02219766,205947.172550932,4.0,198427.717910192
2414.0,1274680.78123805,205881.890886873,3.0,25307.05093046409
2415.0,1275826.61656722,237065.023014799,5.0,299799.911868189
2416.0,1276228.27551164,237054.965350792,4.0,575180.782669451
2417.0,1253821.5336007,211319.515788436,3.0,100139.76358314176
2418.0,1253654.73667252,211326.222476438,3.0,98475.50125462082
2419.0,1265135.86398028,235911.75536561,3.0,22255.987280938378
2420.0,1265141.67338829,236122.655525833,3.0,5583.127045963506
2421.0,1266260.39652543,255324.224377498,4.0,1527783.4399683285
2422.0,1266265.93854144,255598.158905774,4.0,212574.642775336
2423.0,1257427.11434039,243101.176300973,4.0,2308118.9833331387
2424.0,1257253.52016421,243120.027309,3.0,100762.65105895288
2425.0,1271826.70590714,197881.478078678,4.0,279834.8862294743
2426.0,1272486.5425158103,197861.167038649,4.0,160057.49939879516
2427.0,1253646.18256052,237820.849959567,4.0,145492.78635970748
2428.0,1253495.08675236,237890.987623647,4.0,36540.950481835454
2429.0,1276745.69215217,247351.25150533,4.0,89407.50626959669
2430.0,1277027.88876046,247343.600561321,3.0,44956.9676148794
2431.0,1269035.61080028,267067.260933518,4.0,887936.5700954192
2432.0,1269040.81252828,267445.871045902,4.0,7503989.712811526
2433.0,1264126.00874725,195119.867131844,4.0,1537193.852783624
2434.0,1263793.40279491,195125.295867845,4.0,1798612.7092760815
2435.0,1279826.74604332,211080.754124194,1.0,0.0
2436.0,1279821.67122732,210961.122188061,3.0,1293514.6952919587
2437.0,1266728.99761391,266833.694789276,4.0,166768.35216091204
2438.0,1266741.46711792,267495.495301962,3.0,1118514.5168746547
2439.0,1255733.94384265,241826.995499671,4.0,1066292.8520092242
2440.0,1255741.66985866,242156.923948005,4.0,112088.78206168808
2441.0,1255357.20144227,213239.860046402,4.0,174955.81983771175
2442.0,1255339.46793824,212581.449293733,4.0,244750.4386850757
2443.0,1258555.84336555,208932.118985996,4.0,270410.4197706741
2444.0,1258554.58909354,208503.48896955,5.0,402489.78031881485
2445.0,1277264.5519927,217735.155859008,3.0,1152620.490585931
2446.0,1277146.78783259,217561.984274819,4.0,833246.0445946009
2447.0,1279313.7322828,281316.157012105,3.0,55713.30394989469
2448.0,1269269.86526452,173273.656549469,3.0,41436.60847910584
2449.0,1268614.48004785,173277.361253485,4.0,48792.9037678497
2450.0,1273076.87538041,274811.740173444,4.0,63187.92377835045
2451.0,1273076.67192441,275143.029261783,4.0,55846.86363229335
2452.0,1284378.82323198,276660.581647336,3.0,2726.1161390595407
2453.0,1285200.26086482,277487.409040198,3.0,42.0
2454.0,1264934.66756408,170764.558882907,4.0,407137.9938637272
2455.0,1264904.80279605,170035.831010163,4.0,434828.9476388819
2456.0,1284231.74214384,198572.046847388,3.0,95231.80987166717
2457.0,1284228.84025583,198379.94918318104,3.0,43285.8599177911
2458.0,1267307.46462251,173610.226085827,4.0,456078.661860026
2459.0,1266646.29041383,173601.790693805,4.0,388303.7873843584
2460.0,1283653.40966325,195741.510204479,3.0,44966.187637428506
2461.0,1284026.61100763,195735.403260469,1.0,0.0
2462.0,1280848.15871637,255438.451193616,4.0,1552018.1962352968
2463.0,1281512.27513306,255426.990585595,4.0,1350507.4021581465
2464.0,1277744.0635452,220349.513493687,3.0,29837.320778780155
2465.0,1277733.07205719,219793.734101117,3.0,38501.71710014577
2466.0,1276388.7201198,201754.200962633,4.0,127164.0
2467.0,1279310.4147148,266484.45171693,4.0,510290.90641128656
2468.0,1279319.74706681,267145.1033016,3.0,414228.06565814855
2469.0,1274207.08011757,254314.130296454,4.0,89201.89737034595
2470.0,1283249.36646283,269897.74772042,3.0,44662.12723587415
2471.0,1283554.25465514,269961.858824492,3.0,56294.54118530373
2472.0,1263291.68298639,211720.677388847,3.0,1405286.220654456
2473.0,1276881.10431232,261261.414271578,4.0,245918.3008198751
2474.0,1259836.67575085,189837.842870444,3.0,64780.16318318422
2475.0,1279084.29445857,207145.41984815904,3.0,116172.06510547816
2476.0,1279072.40242656,206703.722247705,4.0,98620.78794530056
2477.0,1280622.83564414,212232.583181366,3.0,46686.949787853264
2478.0,1280887.64748441,212224.253517359,3.0,28246.55145225884
2479.0,1269277.05156852,187806.969332352,3.0,112193.79422235284
2480.0,1264770.90577191,245333.813615263,4.0,64103.296218083975
2481.0,1281521.14521307,225146.939290598,4.0,68355.0344930676
2482.0,1257299.17789225,238584.415016353,3.0,47244.01253687684
2483.0,1257311.84880427,239006.344296783,4.0,763775.6598677768
2484.0,1264327.65597945,244554.932270467,4.0,367308.6487160224
2485.0,1264028.72151515,244560.124846473,3.0,39718.529584283126
2486.0,1278612.46469808,222042.600023419,4.0,1489208.4841585949
2487.0,1270154.39428942,270744.614153281,4.0,208490.2922979588
2488.0,1270414.23172969,270739.656457275,4.0,342635.04151242133
2489.0,1273104.56626044,196801.61439757,4.0,59210.0631095802
2490.0,1273223.39346056,196797.933629557,4.0,120619.08366818154
2491.0,1286500.56633817,202932.475843847,3.0,43475.47971531056
2492.0,1278247.7954497,259562.800893828,3.0,43130.01803567938
2493.0,1270008.76139328,270747.392713293,4.0,100990.30319775114
2494.0,1274397.98264576,239507.567721292,3.0,12322.91520651642
2495.0,1252718.71529557,213998.332943171,3.0,273567.6586416784
2496.0,1252699.72316755,213525.214478686,1.0,0.0
2497.0,1277589.62386504,258414.809084654,3.0,924559.6430562095
2498.0,1277589.53791304,258590.438972846,4.0,820277.3201845791
2499.0,1282396.60473396,226898.972188383,3.0,9730.729482799785
2500.0,1255643.46006656,237195.117606938,4.0,157496.863283611
2501.0,1255659.67920259,237776.55607152,4.0,106078.4835350316
2502.0,1273345.72261269,181416.646509811,4.0,86953.36433442752
2503.0,1273336.72158869,181089.028013483,4.0,43896.13851318643
2504.0,1265888.37956506,178235.29457055,3.0,1139495.8715461746
2505.0,1265892.92190106,178162.610666484,3.0,1323205.4288941957
2507.0,1285874.02169752,185912.411442414,3.0,259337.0921000596
2509.0,1259048.54154205,193242.165497929,4.0,601263.0469735478
2510.0,1265435.87159659,235905.175653607,4.0,107282.24069991636
2511.0,1283596.19910319,244316.674542218,3.0,127439.91831330194
2512.0,1283601.68831919,244572.203566492,3.0,1426436.294547808
2513.0,1271744.64869104,221535.4966629,3.0,229649.83812654996
2514.0,1272067.31729938,221528.671254888,4.0,109177.24602980672
2515.0,1270704.83480199,223732.754777148,4.0,466014.0633051005
2516.0,1254594.64227349,252828.935734943,3.0,98314.085918208
2517.0,1254344.98403323,252835.484278947,3.0,60541.68245383791
2518.0,1283494.83974308,250527.997748584,4.0,241695.59413520808
2520.0,1268215.47467144,244385.4582223,4.0,220580.82251785384
2521.0,1268222.57732745,244645.338926554,4.0,178189.49549556462
2522.0,1262326.1891614,257015.04940322,4.0,514484.0329477455
2524.0,1258384.66883737,189874.16370247296,3.0,11523.20788079325
2525.0,1258106.87805308,189883.135798484,3.0,5763.464117032974
2526.0,1261676.19114473,188200.607668757,3.0,473776.3096983687
2527.0,1261675.65175274,188162.95518872104,3.0,357957.8057021809
2528.0,1251414.30383824,214050.296079233,4.0,1640030.284602535
2529.0,1251387.52732621,213392.14023855297,3.0,577963.0153459511
2530.0,1270012.04715328,258811.960509062,4.0,1260831.9784469262
2531.0,1270018.69054528,259473.89292573897,3.0,24568.81804369966
2532.0,1269672.54225692,226740.200220227,5.0,717860.1095456755
2533.0,1269949.79403321,226904.232988387,4.0,894417.4217507684
2534.0,1281801.21977335,169203.374305308,3.0,271187.1813329368
2535.0,1281786.89010933,168565.038304657,4.0,128231.17530090317
2536.0,1281472.86610901,229324.381726876,3.0,64237.5753697261
2537.0,1281691.74623723,229599.405087158,4.0,281356.503197936
2538.0,1288011.68736371,190166.159158766,3.0,27118.78189028413
2539.0,1288005.1831077,189912.302390516,3.0,10834.760581827692
2540.0,1279844.67250735,253907.97029604,4.0,596954.492611555
2541.0,1280844.38047637,228260.729949787,4.0,632419.5376682834
2542.0,1280859.56780438,228695.674270228,4.0,827123.9000386881
2543.0,1287544.16269124,247673.029681668,3.0,1489.5788626426695
2544.0,1280918.67494044,213221.629134387,4.0,2463396.248659419
2545.0,1280900.75078042,212698.723341852,4.0,355823.23941264825
2546.0,1257568.69936453,219240.683988541,3.0,335.36950455526966
2547.0,1284358.87673597,245219.182895154,4.0,61275.31872647595
2548.0,1273734.54366909,195568.953148305,4.0,618126.2491405245
2549.0,1273724.99218108,195259.430139989,4.0,453906.31357577135
2550.0,1265658.40330882,260106.055038393,3.0,100481.56916969753
2551.0,1266320.68119749,260090.120062381,4.0,146741.68362896325
2552.0,1280145.59839565,222882.077976272,4.0,386709.4640416232
2553.0,1280133.81695564,222594.998807982,4.0,312576.9535376584
2554.0,1275938.43525535,261294.120575607,4.0,257509.19997124487
2555.0,1280263.67596377,264451.125122845,4.0,405169.717493364
2556.0,1280559.38502008,264437.609026834,3.0,183634.7604100504
2557.0,1263634.89028275,256189.897530377,4.0,104883.80350928272
2558.0,1263638.97725876,256458.298554659,4.0,58617.061339471096
2559.0,1266241.91921341,237902.808743656,3.0,42390.0
2560.0,1266416.79223759,237898.710695654,3.0,241876.96995304825
2561.0,1266986.43217418,229736.11907129,4.0,8952692.537459204
2562.0,1267308.0837585,229728.076447278,4.0,9170465.17692888
2563.0,1271972.00453128,178644.056554973,3.0,250026.1166523071
2564.0,1271961.85822727,178361.207082689,3.0,278610.209079373
2565.0,1263953.12586707,171982.877924159,3.0,126398.93858065052
2566.0,1264951.8600761,249578.911731616,4.0,109265.15744344491
2567.0,1265206.74474835,249580.480307609,4.0,174001.77590652462
2568.0,1280367.78757988,218421.349395707,4.0,433421.4710193318
2569.0,1263355.23370646,172803.052516997,1.0,0.0
2570.0,1280306.18207581,228701.303518236,4.0,135756.49051304563
2571.0,1280321.73189983,229167.058206707,4.0,135323.51450293956
2572.0,1266482.33246166,272141.520458713,3.0,5093.8765991965565
2573.0,1266788.43025397,272135.498186707,4.0,198680.0296807117
2574.0,1278933.66117841,225591.016475052,4.0,902686.9983839114
2575.0,1279255.57561074,225584.055835038,4.0,415440.7575647588
2576.0,1256794.99581175,253062.113079175,4.0,241646.11757781947
2577.0,1288038.00288373,191193.347383827,4.0,606069.6293370187
2578.0,1274810.65733419,224411.260953844,3.0,15170.366712245905
2579.0,1274816.24031019,224643.12169008,4.0,305597.6890222955
2580.0,1279584.96601108,207073.442248091,1.0,0.0
2581.0,1279739.14681123,207065.80288808,4.0,333246.9933873086
2582.0,1258508.1203575,197095.796221867,4.0,1734174.2851684568
2583.0,1257845.50819682,197136.097021908,4.0,1636396.9632112435
2584.0,1258765.60016575,247092.360945061,3.0,31963.00678665365
2585.0,1258554.12355754,246930.963312894,4.0,72128.85991816138
2586.0,1280878.6530524,211898.54746902,4.0,199542.68066113163
2587.0,1280858.31814039,211237.09108434603,3.0,113008.7063173422
2588.0,1266601.34628579,234638.889764309,4.0,628685.7758037846
2589.0,1266609.83479778,234948.752996624,4.0,226417.6739900148
2590.0,1278943.49189842,225957.016731426,4.0,575103.8095168313
2591.0,1284984.02118461,242983.11063686,3.0,84710.5797979798
2593.0,1264889.91076402,252960.342967078,4.0,1522162.7892404762
2594.0,1278712.32505019,251278.347957358,4.0,168408.20053719834
2595.0,1266896.35198209,227696.541469201,4.0,152513.9159315683
2596.0,1270635.75326592,225114.057434559,4.0,808769.4460043359
2597.0,1270479.87166576,225377.276058823,4.0,5730000.114011934
2598.0,1263993.75409111,281162.327571958,3.0,122295.91825956549
2599.0,1263684.3196588,281171.772435963,1.0,0.0
2600.0,1271518.06481881,283334.956118181,4.0,99836.60995474298
2601.0,1271499.7262588,283545.578070387,1.0,0.0
2602.0,1276522.07250394,228346.79017387296,3.0,32141.70766969879
2603.0,1263250.19716235,169410.256801516,3.0,3502.7395943848205
2604.0,1262601.06922568,169431.229153544,3.0,7736.443035275359
2605.0,1272253.33829157,192180.112824842,4.0,1123229.1900167295
2606.0,1257497.42128447,194195.761018902,3.0,9949.366095107189
2607.0,1257487.34941246,193912.890490606,3.0,21834.040917781986
2608.0,1275631.00575103,264616.885571018,4.0,62525.69202832422
2609.0,1275967.25963937,264607.259267002,4.0,90935.05273811606
2610.0,1258479.10992546,190593.096631214,3.0,131578.55208284504
2611.0,1258333.02160531,190597.387319222,3.0,74505.88127989089
2612.0,1290442.45907819,187649.373492196,3.0,182351.89420792885
2613.0,1266903.65374209,254254.656312406,4.0,3483472.888508946
2614.0,1266908.53694209,254518.608888671,4.0,378186.9040853963
2615.0,1272409.83531573,204136.741125077,3.0,789653.9614083337
2616.0,1272619.22072394,203757.031940684,1.0,0.0
2617.0,1287953.19142765,192183.204344839,3.0,79502.6163529727
2618.0,1288234.04025994,192421.387577087,3.0,42877.113543243
2619.0,1255261.50909017,209258.977930322,4.0,285406.7562073021
2620.0,1254921.57769783,209269.88244234,4.0,125450.56602921674
2621.0,1282902.39148648,261222.64991954,1.0,0.0
2622.0,1282910.71852648,261483.804287806,3.0,84778.0
2623.0,1272388.0506117,208949.787914008,3.0,14619.151242841172
2625.0,1267499.4671827,244260.90763016,4.0,487102.9678456063
2626.0,1265559.83658871,253481.723831609,4.0,219879.75219779348
2627.0,1266270.62750144,253469.667063594,4.0,254534.42206922697
2628.0,1272938.10002027,259392.222461656,3.0,3755214.07195335
2629.0,1263085.20439418,202064.746242955,3.0,221219.0873411224
2630.0,1278682.42911415,235073.63498075295,3.0,31634.83127651677
2631.0,1278721.78693819,236137.688933849,4.0,7118.283861957115
2632.0,1268792.80811203,256197.168186396,4.0,807593.8035849896
2633.0,1268800.47544004,256856.759355068,3.0,157501.42892075834
2634.0,1286140.56051379,205954.337222934,4.0,73366.15683025804
2635.0,1257604.68650056,211182.358924299,4.0,858526.1398415806
2636.0,1285834.77734548,283749.614742607,3.0,84778.0
2637.0,1285818.07360145,283936.376150787,1.0,0.0
2638.0,1278165.79756163,204085.089029029,3.0,453112.62720027607
2639.0,1269091.42859234,271428.835529983,4.0,241089.74372761857
2640.0,1255847.66147476,217450.76635471,4.0,435390.221155937
2642.0,1271088.55486637,273676.30676429,3.0,55843.63742995072
2644.0,1288113.22848381,182385.294126809,3.0,164773.02388859197
2645.0,1288737.86010045,182363.604526788,1.0,0.0
2646.0,1268064.45067129,178416.827370748,4.0,381092.4318689865
2647.0,1266477.30423765,168549.998624638,3.0,169542.0
2648.0,1266294.04868546,168552.843488649,1.0,0.0
2649.0,1261689.34922475,189288.426037878,3.0,462485.9394482045
2650.0,1261687.59959275,189151.369205728,4.0,1681938.9909854308
2651.0,1266814.359662,260610.073086902,4.0,1273160.333941113
2652.0,1266812.601134,260869.738879174,3.0,40949.749258062766
2653.0,1281351.24102089,231807.192353413,3.0,154687.66925470138
2654.0,1281368.13433291,232471.425634101,4.0,4328660.283262974
2655.0,1263074.63549817,193131.147321805,4.0,127933.43367341884
2656.0,1262929.66301802,193133.979001805,4.0,90659.9393941699
2657.0,1257332.58563629,201929.569026813,4.0,645252.1865503043
2658.0,1280255.49945177,227424.008220926,4.0,130950.53222664115
2659.0,1280541.77580406,227416.873052925,4.0,412291.5796745776
2660.0,1260828.07965587,242357.281836212,4.0,889368.3629826066
2661.0,1260505.77418354,242363.021612227,3.0,85561.90249945599
2662.0,1267113.10379031,227934.797853455,4.0,204236.50425654356
2663.0,1268065.94801529,245969.038063914,4.0,177048.8361738877
2664.0,1268073.00676729,246228.95153617897,3.0,6607422.738811788
2665.0,1276885.72204031,255958.279226139,4.0,1414135.0284006111
2666.0,1277544.15941699,255938.711354122,4.0,1050140.0234262948
2667.0,1274855.12082224,251882.804789975,4.0,206575.26258589883
2668.0,1275299.81119069,251867.540341958,4.0,54709.305562047775
2669.0,1277502.23064895,249616.655091643,4.0,191527.1500806857
2670.0,1277761.05202521,249611.461555645,4.0,121556.18101343515
2671.0,1271225.37873852,229627.305951178,4.0,390645.1739454839
2672.0,1271541.90334684,229638.150431186,6.0,4807459.194079808
2673.0,1277426.18847287,216371.501137614,4.0,135630.7304352598
2674.0,1277748.20165719,216363.970641598,4.0,270192.6007827372
2675.0,1270468.05016175,198182.859326988,1.0,0.0
2676.0,1271175.02744247,198161.61068695804,5.0,1428651.4735634455
2677.0,1262687.88068178,203162.139076084,4.0,246527.9200873856
2678.0,1262312.8106014,202459.227395356,3.0,93641.93857079424
2679.0,1287389.70496307,252408.80863051105,3.0,315972.96527716523
2680.0,1287432.02477111,252408.170806512,3.0,398662.414996365
2681.0,1270008.32241727,202187.531779081,4.0,8844443.528946472
2682.0,1270040.1399533,201799.360002682,5.0,1627045.086124875
2683.0,1284071.92454368,197234.944574013,3.0,36348.0521296598
2684.0,1284117.72563171,196510.39615726503,3.0,43446.59130248716
2685.0,1286909.85030659,199858.036736697,3.0,239207.23797031824
2686.0,1286893.89101057,199156.404287979,3.0,166677.32224456806
2687.0,1256144.47939508,216928.210962176,4.0,107640.34681335012
2688.0,1256127.17763506,216550.194961786,4.0,69790.70106553247
2689.0,1280238.07097174,175753.265768021,5.0,1071275.8668174632
2690.0,1274354.50469372,191024.591799647,1.0,0.0
2691.0,1274352.80094972,190947.78520757,3.0,44992.64250321429
2692.0,1266569.37623775,189112.906037688,3.0,65930.9916304585
2693.0,1268799.29662403,169762.230497882,3.0,126696.90157322364
2694.0,1268624.29335986,169512.949153617,1.0,0.0
2695.0,1276109.88927151,272738.040907323,1.0,0.0
2696.0,1276385.4687918,272727.541259319,3.0,110389.15237975448
2698.0,1266940.46699013,236182.471973896,3.0,84500.71009871183
2699.0,1253633.64156851,210659.426251754,3.0,53935.534181499184
2700.0,1253613.98019248,209992.639499068,4.0,265346.8632377842
2701.0,1275095.67544648,212560.414925709,4.0,1689926.7818416753
2702.0,1275323.75275871,212556.155725703,4.0,1080348.9247301945
2703.0,1285622.10848126,247168.374257147,3.0,1281042.8639624508
2704.0,1286332.77209799,247154.23025712403,3.0,42655.66666666666
2705.0,1255162.37149008,206591.189959586,4.0,348552.3952673747
2706.0,1254831.84521773,206601.821511596,4.0,340303.37597539136
2707.0,1279843.01010734,261210.274303526,3.0,64427.25191717189
2708.0,1280257.71436377,261200.728063509,3.0,322176.7974355929
2709.0,1271794.8165631,196841.954877615,4.0,211924.0
2710.0,1271864.21009918,196839.816445604,1.0,0.0
2711.0,1263241.26250634,233722.64649938,4.0,276294.1721910606
2712.0,1263248.60202634,234039.033059701,4.0,239676.60798490312
2713.0,1269465.93246472,243219.0461891,4.0,334790.86671808374
2714.0,1289514.39168525,190793.716983423,4.0,16754.48024254672
2715.0,1289631.67296536,190893.098999515,4.0,102106.32996345503
2716.0,1260680.21245572,257709.199931934,4.0,1804047.9958206727
2717.0,1260348.57437538,257716.301947951,3.0,1739192.3695691838
2718.0,1254215.2608331,216740.35240198704,3.0,74248.62197917723
2719.0,1253906.08528078,216360.27969759697,5.0,128182.9634796727
2720.0,1274356.22315772,208416.658121467,4.0,360183.64382931823
2721.0,1274659.45586203,208412.109897465,3.0,259187.1937192718
2722.0,1263471.20721057,247380.574257359,4.0,382034.0486886749
2723.0,1262757.74538584,247395.194993377,4.0,425526.0845789516
2724.0,1268673.5901919,246229.345584184,3.0,6796193.580239699
2725.0,1280702.15602823,214844.420176044,4.0,70499.32277584147
2727.0,1274536.31666191,216751.845842004,4.0,45183.547422973104
2728.0,1274528.4252699,216441.672529683,4.0,149464.70207340547
2729.0,1266845.00887804,195707.613628447,4.0,103729.63464739783
2730.0,1276062.10591148,222665.15061605,4.0,818535.1027569537
2731.0,1273274.28440462,273745.160972357,1.0,0.0
2732.0,1273284.88638863,273974.552268595,3.0,338678.9659638165
2733.0,1272716.93970005,200982.259585842,4.0,2981042.765094771
2734.0,1272989.24856432,200917.261377782,4.0,163121.976595819
2735.0,1279304.4613068,263939.331202313,4.0,104010.37519955578
2736.0,1274856.42591023,252134.895158231,4.0,466242.2998723177
2737.0,1275116.2843425,252125.96402221904,3.0,54451.15945007989
2738.0,1256506.85929945,217422.13749069,4.0,56281.22159961108
2739.0,1256484.17328343,216913.211666167,4.0,42443.681243076506
2740.0,1273252.3930126,202021.177794918,4.0,352222.4373213384
2741.0,1273524.69893287,201956.246786848,5.0,195265.11088748276
2742.0,1256750.02608369,191279.865591913,4.0,270582.14159555046
2743.0,1256762.4716517,190663.153591275,4.0,182900.9599835045
2744.0,1261646.87261671,248239.90520224,4.0,95485.7257205558
2745.0,1260950.00292,248255.043314263,4.0,110857.06053832796
2746.0,1280434.92293996,209934.693451017,4.0,193479.95017106383
2747.0,1280529.10188405,209349.69594641,3.0,49651.049334335614
2748.0,1255671.4085466,239036.163112819,4.0,250856.4611384926
2749.0,1255687.86781061,239846.312745646,4.0,44932.65424702952
2751.0,1279337.45701882,268882.384263381,3.0,62571.41743025884
2752.0,1256829.53187577,206850.55296786095,3.0,729978.5813332855
2753.0,1256464.4725474,206883.036487892,3.0,688022.2385923336
2754.0,1269562.01688081,223767.338649184,4.0,51472.289021427656
2755.0,1269406.24260865,224030.398873448,4.0,47123.56554456814
2756.0,1258433.22678941,215830.64424105,4.0,205351.25053672667
2757.0,1266957.06641415,236802.317542523,4.0,81831.14305888303
2758.0,1266966.22187015,237121.268646851,4.0,108001.49069310432
2759.0,1278260.72524172,269627.875208139,3.0,24521.42742732414
2760.0,1268464.1467357,226254.061403722,4.0,276735.75668030325
2761.0,1268156.84747137,226549.587356031,4.0,506891.2982287299
2762.0,1278207.41496967,232767.604450405,3.0,128086.13248640687
2763.0,1270083.22744136,260796.649791092,3.0,41096.383503876896
2764.0,1270524.8588018,260787.106495082,3.0,38633.36960842036
2765.0,1266968.15889415,241195.366827026,3.0,180392.1748304866
2766.0,1273771.40382913,283235.341462076,3.0,203265.4193574768
2767.0,1273976.41490133,283244.633750081,1.0,0.0
2768.0,1279082.18156256,275093.427981734,3.0,349035.14899140404
2769.0,1279412.2915149,275081.681229725,4.0,122165.681363771
2770.0,1271443.61515474,190080.969014689,3.0,69451.94047596613
2771.0,1271571.33701088,189740.88703033296,3.0,49825.81292776725
2772.0,1270423.5073137,275391.903054044,4.0,165016.8108110285
2773.0,1262989.04477808,187938.604916498,4.0,1179120.7707402236
2774.0,1262730.05188182,187944.991988495,3.0,272753.33274681016
2775.0,1256997.88355595,219789.717717111,3.0,82097.66462762751
2776.0,1279350.59052284,222610.422040001,4.0,2028927.427912637
2777.0,1279619.90258712,222605.118231997,4.0,915802.741685462
2778.0,1269881.95064114,229663.269151226,4.0,286752.1326687409
2779.0,1284590.3411842,206187.529031172,3.0,36687.469966630975
2780.0,1285040.82809666,206174.752775162,3.0,8221.307423015707
2781.0,1267685.57508689,245977.554735929,4.0,239580.66469425216
2782.0,1267692.7151829,246251.21598421,4.0,6722352.332256948
2783.0,1268045.34571126,245454.32350339,6.0,1132200.5939132478
2784.0,1268058.88766328,245709.074991643,4.0,122363.0421630096
2785.0,1258238.30826122,209823.018442899,4.0,7122091.173629328
2786.0,1258224.50115721,209163.48436223,4.0,3048564.512725436
2787.0,1291576.50829536,189176.703157753,3.0,206942.77382109468
2788.0,1291855.57632764,189406.329653993,4.0,170577.78387553443
2789.0,1278617.51749809,214410.7786396,3.0,294145.52713956696
2790.0,1278612.23929009,214110.636559293,3.0,44214.44940514234
2791.0,1284920.99276854,199900.323072746,4.0,106032.16796201728
2792.0,1285072.54099269,199897.89561674,1.0,0.0
2793.0,1271948.02853125,253469.448247597,4.0,92689.19259471928
2794.0,1272208.96171552,253459.929911584,4.0,128817.1975096117
2795.0,1258036.79978101,216295.062929526,3.0,129451.3805768812
2796.0,1257776.70288475,216300.548497528,3.0,176931.46185535687
2797.0,1257893.08515687,257063.552251279,3.0,306220.76249937154
2798.0,1257681.06230865,257067.12773928,4.0,499909.7082136841
2799.0,1263833.24817094,236600.54397432497,3.0,45288.27294062772
2800.0,1277853.57509731,253283.43941541,4.0,389577.7127796467
2801.0,1275577.14066297,249722.51576376,3.0,20382.97672422183
2802.0,1275581.54130298,250023.137844071,4.0,25317.98866880257
2803.0,1263975.47325909,256977.717115194,3.0,43913.0598116298
2804.0,1263985.2495151,257636.257467866,4.0,104488.2812893236
2805.0,1281985.53663753,262761.012033105,1.0,0.0
2806.0,1281998.53305355,263084.570113435,4.0,1123952.5056179606
2807.0,1280246.93023576,257848.897148088,4.0,717317.7051298888
2808.0,1280241.84524375,258181.641212419,3.0,48978.59299954319
2809.0,1274852.97483823,226171.829275638,4.0,320795.7466513333
2810.0,1270870.07761815,240248.509098053,3.0,1235.9144802125732
2811.0,1270874.29643416,240399.872682214,4.0,47617.36301250988
2812.0,1279754.39282726,251641.49976572403,3.0,65720.67356716498
2815.0,1276230.17611964,234803.039716482,3.0,5733.562683381753
2816.0,1264601.81943573,243655.916333541,4.0,834191.0020979755
2817.0,1264305.78756343,243664.356653556,4.0,496649.62261652655
2818.0,1280401.95551592,283001.049941838,3.0,11141457.653407712
2819.0,1256015.36848295,213876.07630305,4.0,134486.43909559815
2820.0,1267103.35582229,228379.042717904,4.0,197890.93425282836
2821.0,1266876.69943807,228585.211230114,4.0,208780.6867140212
2822.0,1265019.97220416,195097.149947822,3.0,1062209.376685608
2823.0,1264946.58257209,195099.410427824,3.0,443705.2854568163
2824.0,1274164.18712553,249454.305011481,4.0,1415073.8101226883
2825.0,1274497.06315787,249445.50123547,4.0,1251719.8530946667
2826.0,1254355.86064124,201152.655874029,4.0,998082.791609926
2827.0,1254462.26294535,199804.472256646,1.0,0.0
2828.0,1281680.70393322,231798.956449404,4.0,91736.45348703378
2829.0,1281693.27218924,232238.806305856,3.0,121667.40271215602
2830.0,1261853.93226492,197783.624574572,3.0,1132156.075258057
2831.0,1261520.75639258,197791.845054582,3.0,1049667.1947865514
2832.0,1254955.19964986,210609.574667707,4.0,412306.4550922358
2833.0,1260441.00919147,194519.393211231,4.0,786656.5441802192
2834.0,1260419.09847145,193859.400442556,4.0,292106.3484422443
2835.0,1260437.23658347,189172.631285757,4.0,1693217.131189186
2836.0,1260470.6315275,188829.017781407,3.0,191263.26563862577
2837.0,1280653.93631618,213230.211470395,4.0,2562136.659064488
2838.0,1280636.76870015,212707.00878185,3.0,364035.50795747736
2839.0,1282891.71756646,258102.260476336,3.0,182541.68188117415
2840.0,1282737.0256623,226426.259547904,3.0,248236.4920997325
2841.0,1282747.26284632,226730.739932209,4.0,104889.90864914109
2842.0,1284891.82380851,191859.586552501,4.0,182362.76124681928
2843.0,1284880.01580851,191516.639736161,1.0,0.0
2844.0,1274470.75576584,213632.910478801,4.0,220437.0117995345
2845.0,1274447.08882181,213307.481998473,4.0,508739.0534331443
2846.0,1261713.39351279,259680.452541962,4.0,702108.5176106779
2847.0,1261726.87511279,260345.953854635,4.0,318022.0210859836
2848.0,1258922.20842192,252365.443894461,4.0,51319.211503436665
2849.0,1258932.43088593,253049.557047173,4.0,98799.61774745448
2851.0,1286292.31609794,200853.218177721,4.0,366993.820172439
2852.0,1274108.39525346,234453.962020129,3.0,537712.2584706702
2853.0,1274138.6783255,235174.185956866,4.0,461525.50852006447
2854.0,1278523.42873,220334.650645673,4.0,1973683.04864347
2855.0,1278512.80837798,219736.176469058,3.0,739713.8512218301
2856.0,1280001.2305875,267274.965893731,1.0,0.0
2857.0,1280007.20498751,267783.091526255,4.0,233072.1841134704
2858.0,1269419.49944067,269431.150919944,3.0,184999.11257229876
2859.0,1269427.81048068,270094.671880618,3.0,101477.68963138526
2860.0,1273267.11909261,223826.489177242,3.0,69392.15846805346
2861.0,1273502.01259685,223965.498713389,3.0,34965.07001873796
2862.0,1265219.30737236,286387.442457303,1.0,0.0
2863.0,1265222.28932437,286594.874137521,3.0,45965.238183385394
2864.0,1286781.47129844,207357.154312372,4.0,64910.005587887856
2865.0,1252011.68585484,210980.944652081,3.0,98962.28397467436
2866.0,1252028.60739087,210844.991819948,3.0,101799.8288903188
2868.0,1282839.59174241,255659.615417838,4.0,375530.55800254055
2869.0,1280569.39154808,227841.96930936,4.0,496742.3932838069
2870.0,1276876.3533363,255626.801849812,4.0,39455.270899217845
2871.0,1277536.72696897,255615.78712979,5.0,808961.1277995985
2872.0,1273924.06949328,245435.131631374,3.0,57350.00395541293
2873.0,1274210.11192557,245426.648047358,4.0,198759.07539318243
2874.0,1272696.30590802,226689.518556178,4.0,656141.9694484422
2875.0,1272540.40760386,226952.905500442,4.0,215263.39843324583
2876.0,1259857.46704687,197833.420094624,4.0,555072.1556371023
2877.0,1252837.91055968,213993.592143178,3.0,194495.5542597358
2878.0,1252782.26601563,212678.15873383,4.0,270489.7754732001
2879.0,1277932.62879339,233485.352035135,4.0,252785.12248878623
2880.0,1274261.67774963,258027.08543627,4.0,3806607.887286368
2881.0,1274939.06059831,258007.546428248,4.0,2965372.720148337
2882.0,1263246.00887434,230339.627039909,3.0,29371947.09815177
2883.0,1263446.65316255,230474.955872044,4.0,1266041.547639246
2884.0,1273289.31589264,252761.206518874,4.0,60639.106985637176
2885.0,1273526.69797288,252752.395190865,3.0,37609.52828705392
2886.0,1279272.09855476,255895.21471408,4.0,1336471.5241946168
2887.0,1255179.33238609,216572.12699382,3.0,122627.75773154567
2888.0,1255177.11491409,216443.727313682,3.0,201715.8400605306
2889.0,1265779.92996494,239986.427305788,3.0,1935572.607024419
2890.0,1284417.78604802,197230.85107000204,3.0,998849.225199722
2891.0,1284400.565952,196316.01631707,3.0,1249304.366584622
2892.0,1281824.16953337,191498.732280135,3.0,84943.19708141321
2893.0,1258839.97008583,259078.912445337,4.0,205861.9488182751
2894.0,1258846.32214984,259348.84070161,4.0,220843.37331426208
2895.0,1266001.57258917,234652.19978033,3.0,159171.5457947891
2896.0,1275572.72767097,249422.430387452,4.0,421436.6990148985
2897.0,1275874.32773528,249533.979763567,3.0,178782.75937571854
2898.0,1284337.12383994,209962.746891052,3.0,130984.07850483316
2899.0,1284647.40243226,209958.398795038,4.0,73934.13860657607
2900.0,1263095.15908219,207090.939272106,3.0,50234.42979358652
2901.0,1262760.44586585,207100.551176116,4.0,501081.9405579091
2902.0,1284301.58745591,207384.95380041,4.0,265254.60923502734
2903.0,1286144.6037778,206214.22874321,4.0,20765.441580015136
2904.0,1280685.5307482,182134.224750549,4.0,152710.2559512136
2905.0,1281103.68639663,182128.756910548,3.0,19131.51784724755
2906.0,1281558.3820131,220271.767573595,4.0,348947.6199010007
2907.0,1281678.34438123,220270.8718936,1.0,0.0
2908.0,1279520.56620301,216991.170130238,1.0,0.0
2909.0,1260915.75203995,246625.281136587,4.0,650652.7362689701
2910.0,1260268.4747913,246639.387760594,4.0,830197.3534723561
2911.0,1277871.38476132,244872.249198794,3.0,102906.51302825748
2912.0,1278196.55800965,244865.059630781,1.0,0.0
2913.0,1255949.55657887,210575.860491678,4.0,644155.6933857398
2914.0,1264703.45770784,193766.680506453,4.0,1771597.9995171411
2915.0,1264421.77354755,193774.995450467,4.0,969554.9901761794
2916.0,1284611.44940822,207381.486920401,4.0,162314.28389510847
2917.0,1255965.4089309,200138.595264986,3.0,290159.50878172595
2918.0,1255865.4484828,200141.448576987,3.0,44208.68890717413
2919.0,1258196.26269318,248049.066994041,4.0,1117180.8267558387
2920.0,1257495.54493245,248064.528946057,4.0,1263590.412779804
2921.0,1285062.81958468,258426.218492672,4.0,157556.93953796898
2922.0,1265438.03825259,229022.408862561,4.0,65878.61312884201
2923.0,1265655.26026881,229261.34505480496,3.0,6309.044206843517
2924.0,1257393.63638836,241923.349291772,4.0,110450.52293291822
2925.0,1257105.41712406,242257.747564122,4.0,1928213.6791831397
2926.0,1256765.99881971,251072.717813149,4.0,121855.10584118526
2927.0,1256502.03971544,251074.96715714,4.0,146003.78259571837
2928.0,1271597.09483489,204589.100805536,5.0,3257180.081834112
2929.0,1273475.97163682,249533.265523568,4.0,1580722.732386591
2930.0,1273491.10418084,250089.55934813604,3.0,1280002.5337564987
2931.0,1262751.29399385,232565.857826188,3.0,2254216.4330667024
2932.0,1262911.67556201,232837.737506464,3.0,248262.86788793543
2933.0,1277382.96844083,224216.697049648,4.0,47663.64253638952
2934.0,1277390.78898484,224581.942042008,4.0,139814.0890916141
2935.0,1276922.99954435,257284.538363501,3.0,156399.78280018666
2936.0,1277574.64031301,257265.242171481,4.0,243552.6382528745
2937.0,1271741.77169904,270706.814985245,4.0,109373.44157836217
2938.0,1260262.4269193,190294.53983090803,3.0,140402.1645740591
2939.0,1254784.96048169,215666.318800882,3.0,29069.09828267584
2940.0,1254775.61961767,215416.39342463,3.0,14663.236249139609
2941.0,1263264.55146636,191121.560823753,3.0,66713.97269210519
2942.0,1263256.09905036,190453.615287066,4.0,122371.94563246418
2943.0,1255235.21552214,235346.43395704,4.0,15516.909330975026
2944.0,1271266.83825856,205717.108038694,4.0,54645.38646474264
2947.0,1260279.7057033,247170.951345146,4.0,235496.9339361111
2948.0,1257219.34768417,218367.799251646,4.0,4292.176880469315
2949.0,1256889.77910784,218382.29038766,4.0,6233.170797639472
2950.0,1261806.09770487,252348.484598443,4.0,260479.2312595296
2951.0,1261546.08445661,252352.933110446,4.0,317244.17778076685
2952.0,1282036.25407758,265050.515331462,4.0,832766.9446143024
2953.0,1282529.47289409,265046.258755445,4.0,908763.0918199696
2954.0,1262177.44240925,249824.631411865,4.0,513097.3728686517
2955.0,1261521.49002458,249838.732083872,4.0,523105.69285538245
2956.0,1269364.60945661,228063.76578958303,4.0,23656.124265823542
2957.0,1256207.40483513,250187.699252233,4.0,1632509.7742307028
2958.0,1255545.05213046,250191.897716239,4.0,1188079.9956787832
2959.0,1265359.56202851,262232.101312563,4.0,349813.0065382484
2960.0,1265091.73418824,198535.752319351,4.0,2003760.1087505813
2961.0,1265081.34801222,197721.662078515,5.0,600466.0483513192
2962.0,1262522.25930561,198433.291903242,4.0,1742078.933456544
2963.0,1262503.72752959,197769.52947056305,3.0,1322590.7612426346
2964.0,1254812.4322257,200077.340096921,3.0,127157.99999999994
2965.0,1259081.58672608,211737.496588856,3.0,112041.89546899564
2966.0,1258940.14704594,211715.494028836,3.0,113850.195309727
2967.0,1280247.86917976,257517.499835745,4.0,214671.02117316535
2968.0,1262473.04285756,235298.481316984,5.0,140545.44334951136
2969.0,1262486.12260157,235741.034853444,4.0,155556.83161864875
2970.0,1280589.8206041,209932.486731008,3.0,117707.84354751432
2971.0,1280612.60242812,209652.56442672,3.0,45357.27268614064
2972.0,1268940.38430418,257381.067067608,3.0,64055.87957344677
2973.0,1268943.52862418,257647.03865186905,3.0,140912.95128846954
2974.0,1272935.08267626,268009.274118483,4.0,90694.09821204028
2975.0,1272681.73605201,268199.304902673,3.0,42773.19266045314
2976.0,1269839.1259371,223931.45122535495,5.0,276863.48904064886
2977.0,1270116.02072138,224095.413145512,4.0,296979.7219936972
2978.0,1283877.34028748,193146.00460182095,3.0,43075.76045712739
2979.0,1283872.44460747,192894.577913567,3.0,121278.6794688044
2980.0,1289766.62938151,190068.964150667,3.0,92460.9703352781
2981.0,1280735.04146826,230899.09276849,4.0,2734704.4130833214
2982.0,1252068.1614389,214024.23905520103,3.0,660837.0419478741
2983.0,1251737.1388465597,214058.56807923297,6.0,1462796.1335990306
2984.0,1265293.77508445,279461.665938213,4.0,349471.5013667205
2985.0,1271779.45733109,283325.305494174,4.0,258430.35812394152
2986.0,1271782.20043509,283818.742230669,4.0,342283.4030676237
2987.0,1295296.78925917,186707.476467237,3.0,113822.15702994392
2988.0,1266677.69886187,244189.30929409,3.0,42577.0275684081
2989.0,1267015.2673742,244181.594414085,4.0,375007.8958648623
2990.0,1276968.9820724,245346.372271284,4.0,160581.67129658596
2991.0,1281857.4024294,226942.428764433,4.0,159995.2584030007
2992.0,1254559.34345745,213927.028623104,3.0,69582.4756626933
2993.0,1251449.73161426,248401.062066406,1.0,0.0
2994.0,1251449.28867027,248423.572850436,3.0,84777.99999999999
2995.0,1252754.5767356,212356.92615748904,3.0,188283.7407946515
2996.0,1258927.07523793,215812.724369034,4.0,194989.7277669829
2997.0,1280301.52825181,230911.159008503,4.0,120883.31684564432
2998.0,1264219.54365934,207364.453192383,1.0,0.0
2999.0,1264200.25757933,206585.493767589,3.0,84778.0
3000.0,1284475.07859209,235244.181540936,3.0,38094.43662804818
3001.0,1284481.64160009,235473.367077172,4.0,42506.88447634237
3002.0,1254991.2127059,238532.743208304,4.0,127659.5587603416
3003.0,1255005.11324991,239048.585000828,4.0,172798.9829786966
3004.0,1256505.21161945,196671.960765436,4.0,148887.0526158017
3005.0,1256501.53021143,196539.53190130004,3.0,44046.05351825729
3006.0,1258910.69437391,215136.155792341,4.0,64106.42774130511
3007.0,1281855.5710694,255154.867129326,3.0,170498.29223690572
3008.0,1282151.97465371,255147.806777313,3.0,169283.63403588778
3009.0,1254785.93289769,256976.940539181,4.0,52238.53919605072
3010.0,1254298.22230518,257593.81663581697,3.0,3858491.5990405055
3011.0,1268519.42283174,255541.890297711,3.0,151573.4743640829
3012.0,1268527.91857575,256205.352186397,4.0,539930.2396023124
3013.0,1275208.5663266,204586.364933535,4.0,96925.60733052234
3015.0,1281929.62175748,245086.420719013,4.0,76371.36229265705
3016.0,1266453.25310163,250028.425268069,4.0,48791.90041529482
3017.0,1266464.80132565,250298.124852344,3.0,33281.50021535558
3018.0,1266685.93732587,263524.839553893,4.0,114425.83062223936
3019.0,1267012.1473102,263517.27756989,4.0,95166.75943920178
3020.0,1284000.0529916,201214.83129808295,3.0,398633.3745713046
3021.0,1284270.09804788,201211.734850079,4.0,366342.5860511675
3022.0,1285065.18112069,177956.930602267,3.0,51323.57537416266
3023.0,1272236.73854755,190997.52562362,3.0,573994.5592829577
3024.0,1268099.29150331,278084.4255528,3.0,398973.5843377892
3025.0,1289458.09030919,184049.485360503,4.0,2047088.3276499931
3026.0,1270153.60952142,271409.267657965,4.0,124625.32232077268
3027.0,1270139.53048141,271622.051722184,1.0,0.0
3028.0,1280048.20293956,271753.218442321,3.0,72458.06464684661
3029.0,1278135.8892096,238063.851431817,4.0,541426.6712325345
3030.0,1278384.33228184,238057.62077581897,3.0,11692.028255744375
3031.0,1259319.14333433,216300.359185532,3.0,283010.6070327825
3032.0,1259297.6952063,215753.731664971,3.0,581206.409009241
3033.0,1252209.55945505,239906.912041709,1.0,0.0
3034.0,1260477.40906352,195838.976252586,4.0,641151.9332551559
3035.0,1262424.31626551,266290.860228732,3.0,60355.5627936479
3036.0,1262441.70992953,266950.636485398,4.0,680107.8924417674
3037.0,1255936.66717087,237026.014246762,3.0,366882.32613252266
3038.0,1282578.92723015,259785.78566207,1.0,0.0
3039.0,1282892.02399847,259763.047230035,4.0,529999.1713691305
3040.0,1272515.48869184,231288.130080879,4.0,184799.634871803
3041.0,1272831.22526816,231283.203552872,4.0,236098.37599543345
3042.0,1282181.57599774,255675.208249852,4.0,304245.62419760745
3043.0,1284343.12185594,210393.125899479,3.0,59820.73760971655
3044.0,1284653.48409627,210388.597387478,4.0,28461.182090967868
3045.0,1277340.81170478,261246.256511554,4.0,222505.16959896672
3046.0,1270252.96600153,256152.235834345,4.0,530797.436653151
3047.0,1270261.07947353,256815.89593102,4.0,872455.7356054501
3048.0,1263409.00689052,264933.049027339,3.0,463604.2790097775
3049.0,1263077.48983417,264941.98662734,4.0,444137.89831728063
3050.0,1254236.45436913,250885.845492944,4.0,1115810.0828524204
3051.0,1271629.54558693,205436.778886408,4.0,211416.86305530692
3052.0,1271625.79429093,205167.839430138,3.0,521301.02233669977
3053.0,1279718.06220321,205331.706246302,3.0,246471.3093704544
3054.0,1279795.78713129,204978.307717934,3.0,169541.99999999994
3055.0,1262838.33053793,197106.795197874,3.0,734306.3180759865
3056.0,1262822.81514591,196451.783421203,4.0,102166.6477957151
3057.0,1256322.14736326,203302.272964224,4.0,245678.0956641317
3058.0,1256304.83805124,202870.983171776,1.0,0.0
3059.0,1264870.27498801,195435.670268163,1.0,0.0
3060.0,1264466.4240436,195447.691900179,3.0,141723.80139220506
3061.0,1268934.14219217,256853.019579068,3.0,350779.0826551251
3062.0,1268937.26353617,257117.043963328,3.0,263029.27630683745
3063.0,1254511.9502414,245153.289007083,4.0,127164.0
3064.0,1270911.03160219,255709.766265884,3.0,301202.6229920648
3065.0,1271572.39934687,255689.39756186295,3.0,99279.97487135968
3066.0,1262177.76855326,248228.28158623,4.0,67506.99059688573
3067.0,1262926.50327402,234046.497571707,4.0,169600.6776753203
3068.0,1273244.35269259,276633.318223312,3.0,121368.9023328765
3069.0,1273352.1635087,276629.331727311,3.0,199912.5293738462
3070.0,1269658.20075291,189786.747510388,4.0,396081.431602324
3071.0,1269976.74475324,189778.71704638,4.0,256662.1826222084
3072.0,1293073.73101689,181885.045486286,4.0,1771471.9649533394
3073.0,1293067.22317688,181655.697518066,3.0,101161.06227255423
3074.0,1266511.34353369,169393.161313504,1.0,0.0
3075.0,1266505.50986968,169207.395937309,4.0,2632416.332416982
3076.0,1283906.35795151,276391.685199067,3.0,18528.516707118026
3077.0,1283771.58918336,234382.897828057,4.0,450167.1494440817
3078.0,1284111.44479971,234373.880100042,4.0,199683.12255416147
3079.0,1280983.31327651,251237.359541312,3.0,25795.09940542712
3080.0,1281177.71410871,251233.809653312,3.0,4790.561928973624
3081.0,1262957.58519405,241159.768810987,4.0,652292.6993818249
3082.0,1262164.44215325,241447.729515284,4.0,364291.77732099046
3083.0,1266203.81726138,252395.1105185,4.0,1053971.8147455913
3084.0,1266870.36414206,252381.631158486,4.0,1184995.692665537
3085.0,1284617.61964823,196330.470333084,3.0,189054.5350680944
3086.0,1262281.98653737,265629.19917205,4.0,536861.009746302
3087.0,1262095.66570517,265634.64275606,4.0,663509.6272047544
3088.0,1257450.34621242,187541.599476084,1.0,0.0
3089.0,1257097.12451605,187632.88011618,3.0,169541.99999999994
3090.0,1277551.80408899,256270.422266468,4.0,389428.5916981119
3091.0,1277799.60312925,256263.00825046,1.0,0.0
3092.0,1258055.75056504,190605.529655218,3.0,20861.69235915976
3093.0,1283695.65203129,286402.466393322,3.0,127187.0
3094.0,1283689.28191929,286898.288217828,3.0,254280.0
3095.0,1267661.31499086,261385.651263699,4.0,129780.54399535648
3096.0,1267666.02660687,261931.700352266,4.0,989021.4225314256
3097.0,1271391.81669068,282503.75432533,3.0,109783.59422374053
3098.0,1271497.3601148,282565.401173383,1.0,0.0
3099.0,1283585.45670317,243796.756973684,3.0,43045.25454545454
3100.0,1284080.45305568,243791.659181684,1.0,0.0
3101.0,1256931.40105988,187123.002867654,3.0,84777.99999999997
3102.0,1265166.28554831,237016.18256674695,3.0,10127.766386326646
3104.0,1276735.89951216,205619.835270599,3.0,158638.3155444583
3105.0,1279248.47359474,261465.461759791,1.0,0.0
3106.0,1278201.96319366,206753.491463766,4.0,33926.20470234985
3107.0,1270270.63851354,240416.313898236,4.0,86984.93095466842
3108.0,1270283.70641756,240892.457642719,4.0,574419.3075220506
3109.0,1281044.88927658,192601.291129261,3.0,84778.00000000001
3110.0,1281098.86194862,192419.553593084,1.0,0.0
3111.0,1286140.8620178,243851.183021754,4.0,238076.0635470246
3112.0,1278663.27788213,227466.124252975,4.0,104865.3326062352
3113.0,1278984.98130646,227458.628572956,4.0,218257.872429668
3114.0,1275620.33189502,260636.68684694203,3.0,120397.12424710934
3115.0,1275887.1548073,260630.355518922,3.0,42390.0
3116.0,1275606.84472701,259313.115325585,4.0,1413277.8800566348
3117.0,1267018.70142221,264178.680130556,4.0,539788.7781393254
3118.0,1261527.05591258,250104.573428154,4.0,1409367.4011497789
3119.0,1262588.94717768,261255.361791566,3.0,114648.50739840836
3120.0,1262550.94493763,261576.890367895,3.0,52826.07095416404
3121.0,1262172.10154524,247962.272881955,4.0,866775.56416641
3122.0,1286383.99181004,248612.786674619,1.0,0.0
3123.0,1286386.24409804,248942.657778963,3.0,44062.69791601471
3124.0,1256824.30486777,243127.43575701103,3.0,44587.1681777644
3125.0,1292528.42567234,189576.32146216897,3.0,678048.1421677005
3126.0,1292521.68256833,189377.341813967,3.0,230127.22051856777
3127.0,1275595.69579899,212550.522509694,4.0,775366.9609337833
3128.0,1275578.07800698,212124.934477255,3.0,622065.9656698956
3129.0,1283544.09785514,269071.497415572,3.0,372098.3401803722
3130.0,1283534.37971112,269539.388232052,1.0,0.0
3131.0,1270217.48081748,190591.386999205,1.0,0.0
3132.0,1271819.52683513,228170.031645685,3.0,207911.0800314786
3133.0,1271829.43429114,228511.303582042,5.0,1941883.3125396569
3134.0,1277001.22412044,205320.93562229,4.0,129081.29097761105
3135.0,1277262.4362167,205306.993414283,3.0,68597.35547349244
3136.0,1264017.62705114,252433.370934531,3.0,89334.51968214451
3137.0,1263767.65777089,252437.435510546,3.0,34355.816300241655
3138.0,1279921.95218742,219844.548629165,4.0,272733.7322472457
3139.0,1258403.01757339,191918.061176568,4.0,554787.1484092918
3140.0,1257736.0628847,191934.363640577,4.0,487540.56809032353
3141.0,1280184.24268369,215334.67444855,4.0,110301.21513164788
3142.0,1280449.18706797,215329.189200535,4.0,115222.05450009104
3143.0,1275893.65906329,254655.670904815,3.0,86081.54703326599
3145.0,1288893.69408461,190504.521015123,4.0,296601.67804015434
3146.0,1288877.80602059,189889.304758489,4.0,188531.45240196676
3147.0,1277433.81906487,216681.316113919,4.0,135210.84878380195
3148.0,1255845.52233876,200747.31910561,3.0,71083.08135522787
3150.0,1284061.50169566,205201.366278172,3.0,340123.203405255
3151.0,1255375.62563428,257127.692859337,3.0,302495.52981017204
3152.0,1255225.86377813,257130.649275348,3.0,376661.316199844
3153.0,1284283.90540789,202187.480579078,3.0,486591.87828714494
3154.0,1284364.18022397,202255.803587154,3.0,425130.6863613204
3155.0,1284020.43155162,201865.052418754,3.0,43498.99217312742
3156.0,1280244.73893975,257186.418811396,4.0,304121.8442354338
3157.0,1280898.40434842,257167.214139387,4.0,250509.65011307035
3158.0,1279457.51845895,190404.646903023,3.0,2018493.5026337968
3159.0,1279604.4643151,190048.10955865696,3.0,1504619.8479855396
3160.0,1280855.10124438,264424.048706815,4.0,204304.80200393623
3161.0,1255856.97641878,257266.45145148,1.0,0.0
3162.0,1255684.31005061,257269.871739492,3.0,84778.0
3163.0,1282775.51148635,235290.248676986,4.0,582903.0494992413
3164.0,1265680.70903684,238863.180520639,4.0,1311663.6552075949
3165.0,1265940.60126111,238857.655272633,4.0,721155.429443111
3166.0,1280238.76293975,256523.649786726,4.0,261580.55998305508
3167.0,1280241.70847575,256854.982779056,4.0,743282.6599819346
3168.0,1282980.89030255,203874.908676818,4.0,584251.0244034019
3169.0,1282973.82835054,203598.107396528,3.0,74683.87905142373
3170.0,1286683.29037035,201170.72083404695,3.0,84592.6257083856
3171.0,1286939.24819461,201164.655554041,5.0,612535.2957086776
3172.0,1258921.59888592,215501.99297671,4.0,108161.09282233853
3173.0,1272094.31729941,222752.440088138,4.0,696011.6262969399
3174.0,1272087.6030594,222446.526999831,4.0,464866.8420691573
3175.0,1281680.09830122,214874.476240069,3.0,51.772802227012775
3176.0,1254581.94057748,209280.799114347,3.0,21036.37929446948
3177.0,1254561.33136146,208621.151753664,4.0,132808.81988557277
3178.0,1263852.84458697,197740.263102531,4.0,156780.63626856188
3179.0,1281013.13900454,232128.687137738,4.0,6399273.560981441
3180.0,1281585.35737313,226951.307356447,4.0,29212.3170795718
3181.0,1266923.83710212,255310.941625476,4.0,1489164.15950787
3182.0,1280023.79417153,206305.991687298,1.0,0.0
3183.0,1280019.60850753,205984.869958967,3.0,71120.43243496984
3184.0,1281839.68166138,236853.858470589,3.0,42389.99999999999
3185.0,1281935.64799748,236904.482022628,1.0,0.0
3186.0,1282026.97817358,203908.378372848,3.0,5648.11752015754
3187.0,1282335.5224939,203897.52275683,4.0,835905.6288539105
3188.0,1263091.6197542,263130.424321488,3.0,283784.06267496693
3189.0,1267788.49815901,195678.986364424,3.0,254298.0
3190.0,1267474.01092668,195688.50866842305,3.0,339022.0
3191.0,1280003.3601875,253905.11109603904,3.0,523509.3796838533
3192.0,1279848.15410735,246490.108208448,3.0,12861.563309615243
3193.0,1280127.10143563,246484.60068844297,3.0,6882.264655175133
3194.0,1281313.76831685,245014.774190933,3.0,11770.810505558717
3195.0,1281452.110589,245106.382319033,4.0,751912.7169881496
3196.0,1264869.301548,248715.700530723,3.0,751746.3802801694
3197.0,1264106.28567523,248450.877234459,5.0,1338539.8454902605
3198.0,1267321.14507052,243198.469421074,4.0,991265.3977462698
3199.0,1267660.09777486,243190.684333071,4.0,271677.2206017422
3200.0,1276406.41887182,268044.033606514,3.0,56727.112170343134
3201.0,1275889.3641513,251339.145717412,3.0,52895.69526430944
3202.0,1276184.43768759,251326.469557405,4.0,432044.6855481301
3203.0,1276270.74987969,261281.616639599,4.0,252642.25601271007
3204.0,1281472.67090902,206014.619911,3.0,1201.133074370791
3205.0,1263521.40823463,237279.38282302,4.0,76981.85508432782
3206.0,1263204.36061831,237718.98659946,5.0,403347.98190616793
3207.0,1290695.92314246,180590.108076975,3.0,125293.42383978765
3208.0,1290672.08160643,180558.98481293,1.0,0.0
3209.0,1264928.99594808,247447.375985429,3.0,26904.451820005062
3210.0,1277065.85132051,236477.36906220004,3.0,496025.9207642524
3211.0,1264695.48465183,261589.520895913,4.0,94585.28272360434
3212.0,1264703.01021984,262250.327360585,4.0,220437.0170359893
3213.0,1269280.52497652,242311.707436174,3.0,50713.66330603436
3214.0,1269439.81636868,242307.355756164,4.0,185317.27184877143
3215.0,1285651.86067329,184966.513393447,1.0,0.0
3216.0,1285848.86489749,184894.555889368,3.0,731643.2085590295
3217.0,1266666.65162985,261537.308735862,4.0,328124.22299022914
3218.0,1266995.65361419,261529.44787184903,3.0,122547.15513374336
3219.0,1266255.61207743,252937.436151057,4.0,1468635.1358351617
3220.0,1266265.19934145,253203.366391316,4.0,1462341.853252189
3221.0,1262185.94730526,209760.058954835,4.0,514543.5834427368
3222.0,1260865.7062159,209782.210122854,3.0,313454.5779663305
3223.0,1282308.82015787,251212.327413291,4.0,227196.1002638112
3224.0,1282309.48716587,251881.563957974,3.0,166450.026738203
3225.0,1277261.36728869,254620.236600772,4.0,3868659.265524606
3226.0,1277264.0293687,255283.504953459,3.0,959424.3669447796
3227.0,1254968.35548986,253752.869943887,4.0,1238114.973917412
3228.0,1273980.31352533,264002.629250377,3.0,47631.94020879258
3229.0,1273982.22654934,264450.981378838,1.0,0.0
3230.0,1275480.36037488,219307.059220612,3.0,936487.7896334332
3231.0,1287213.83955489,247800.22040179404,3.0,41861.72380507692
3232.0,1256838.05283579,217227.974162489,4.0,17286.409081208283
3233.0,1256823.28681977,216898.464594141,4.0,50919.81583047209
3234.0,1282172.11897373,255411.345913589,4.0,1193227.8303210123
3235.0,1258827.75946182,212189.651533321,4.0,396134.4369366202
3236.0,1258715.12912571,211680.527244806,4.0,351419.01066101616
3237.0,1276482.4977839,226558.858012035,4.0,147884.12342090308
3238.0,1276493.39019991,227056.831772551,4.0,316051.7964241124
3239.0,1263576.50391468,253249.174391374,4.0,256864.33603663303
3240.0,1263582.0652587,253516.27589564,4.0,67581.00442036586
3241.0,1272366.59429169,268691.812487185,4.0,94690.51935856444
3242.0,1273022.42302836,268669.616967157,3.0,162827.42473825015
3243.0,1256247.53104319,197389.848446175,3.0,1398646.7627446463
3244.0,1256227.19152316,196679.855101436,3.0,1125488.202708238
3245.0,1280748.33081228,225651.729947105,4.0,52234.29896691298
3246.0,1252040.22940688,215712.52475293,3.0,90776.07031227024
3247.0,1263501.49290662,244669.50059057804,3.0,24857.923497599688
3248.0,1263381.27069849,244671.861166582,3.0,10651.359911553447
3249.0,1262156.14391322,235747.644773453,4.0,224699.2847327578
3250.0,1261826.26628089,235754.25238946095,5.0,408806.5214861638
3251.0,1264228.26084335,263989.22707437,1.0,0.0
3252.0,1273763.84018111,196521.163837284,3.0,91251.7841438118
3253.0,1274317.24888569,196504.124477267,1.0,0.0
3254.0,1270101.17195337,279121.095761865,1.0,0.0
3255.0,1270138.6479854,279380.951890126,4.0,20432787.1099477
3256.0,1282436.720126,224397.255385831,3.0,89385.44718387874
3257.0,1282673.33907025,224390.629401818,3.0,1092806.2480994312
3258.0,1278730.93426621,236429.335334152,3.0,16009.108294618767
3259.0,1278740.25477821,236726.582118452,3.0,29484.955566822697
3260.0,1278210.07141767,219118.832212418,3.0,335623.87957652786
3261.0,1255483.09033839,215235.118224442,4.0,73384.7883513009
3262.0,1277852.6407613,257256.897339478,3.0,778054.291634596
3263.0,1277934.40402539,257254.454779476,4.0,1105085.3100420556
3264.0,1277652.3402811,234109.117859766,3.0,342497.1833761722
3265.0,1273542.91870889,254331.979000479,4.0,79203.81662119384
3266.0,1283404.62207898,262408.078656748,4.0,232444.08770678964
3267.0,1283707.0778233,262497.830784842,4.0,152717.01961800404
3268.0,1285657.7028493,246838.458544806,3.0,147754.07271967796
3269.0,1285439.60979307,247100.751985073,4.0,1686456.771879881
3270.0,1254688.92195359,190774.244919389,1.0,0.0
3271.0,1278789.80549826,220681.75919002303,3.0,137504.0542898631
3272.0,1278782.88428226,220328.272405654,4.0,126363.85168926037
3273.0,1279691.84671518,269779.916616291,4.0,316936.9639470651
3274.0,1279700.3269712,270445.822728977,4.0,847657.4748298262
3275.0,1266165.97412534,238750.444200531,4.0,297552.44887571386
3276.0,1270718.719602,253004.13061511505,3.0,111279.10788715076
3277.0,1270963.90385824,253162.545335278,3.0,44379.314405834615
3279.0,1279327.82149881,228301.178717822,4.0,222553.59705681689
3280.0,1279363.07570685,228726.470174253,4.0,213837.5810991868
3281.0,1265408.50910056,247036.75934501,3.0,14433.483593727631
3282.0,1258207.00682119,248580.807730585,4.0,285089.1684003791
3283.0,1258212.56682119,248846.150066867,4.0,240271.6377674462
3284.0,1259487.08823051,207826.239304855,3.0,17028724.428923696
3285.0,1259172.72471018,207830.64090485903,3.0,1818114.0165552185
3286.0,1281811.47500536,194619.852347329,4.0,551214.6559729796
3287.0,1282086.40198164,194613.926523328,3.0,354342.28919245355
3288.0,1275749.08357514,281500.773396298,3.0,50291.31812918074
3289.0,1275755.63442315,281884.200468689,3.0,19698.007440854846
3290.0,1268131.22219135,271778.582538351,3.0,50314.9207455827
3291.0,1268133.24484736,272429.309259012,5.0,127750.02035716931
3292.0,1285183.32716881,282426.838805243,3.0,126458.6103293168
3294.0,1271750.30878706,275893.50311856,3.0,82329.37235093758
3295.0,1282327.84735788,186455.850610971,3.0,84778.0
3296.0,1282317.06911787,186215.899378732,3.0,169542.0
3297.0,1263359.95185046,189784.248182386,3.0,12940.132779702504
3298.0,1263346.57393046,189253.011381835,4.0,158702.13882017284
3299.0,1274737.87205411,278901.950225636,3.0,43532.514813768044
3300.0,1275055.26443844,278889.86587362,3.0,41917.55913908934
3301.0,1284316.48671992,179777.958508134,1.0,0.0
3302.0,1279749.92530724,284350.263127223,3.0,1036549.16838534
3303.0,1270754.45777804,275384.714446038,4.0,98633.67267114652
3304.0,1282459.07276602,228803.13571034404,3.0,34244.60119413914
3305.0,1282745.18444632,229207.328478754,3.0,165714.95189406257
3306.0,1286382.77459404,192618.607673287,3.0,184001.90519456984
3307.0,1286647.69958632,192611.00466527,4.0,152657.081870962
3308.0,1263880.903595,233707.778147355,4.0,455874.365149612
3309.0,1263563.93207467,233715.145891368,4.0,349758.4392517959
3310.0,1280296.2959318,201970.587650865,4.0,154906.00922762768
3311.0,1280596.09228411,201965.691970855,4.0,143771.97375452227
3312.0,1283910.7132795,203582.908932507,4.0,58152.96153656278
3313.0,1284310.72953592,203576.599876508,1.0,0.0
3314.0,1281211.61234875,193580.482042268,3.0,14426.081928697216
3315.0,1281197.77510072,192977.818873659,3.0,42584.32380952381
3316.0,1276249.36210366,256640.882810846,4.0,463447.0836342263
3317.0,1279420.67993091,246508.908656463,3.0,417269.61196436826
3318.0,1279424.85573891,246780.895984754,3.0,251600.536365733
3319.0,1268207.82340743,244105.487982005,4.0,308030.1172963864
3320.0,1276211.69323963,234147.90256381,3.0,24216.997158361977
3322.0,1254509.6040654,246298.53835225097,3.0,2587719.020167463
3324.0,1281075.5358686,207944.288008973,4.0,2354867.954846096
3325.0,1281062.02770859,207181.7930962,4.0,4227344.240651729
3326.0,1274335.16318971,207588.59053660897,3.0,62609.41786347942
3327.0,1274328.12184569,207311.580936328,3.0,34544.127441614866
3328.0,1277121.63858455,266751.1310132,3.0,2418617.2914078147
3329.0,1257030.72073998,202613.424643517,4.0,238150.92048139469
3330.0,1257011.80509196,201944.012546837,4.0,170983.90003873085
3331.0,1282992.98707058,228650.083486184,3.0,364597.2497781104
3333.0,1273463.6783888,248505.108402506,3.0,580662.9984820801
3334.0,1273469.76958881,248765.363506779,4.0,726669.765922495
3335.0,1272413.80677174,275167.893389821,3.0,27512.0541632608
3336.0,1283414.289087,178609.74295493998,3.0,294348.1788784661
3337.0,1283398.81203099,177847.174634159,4.0,194593.9272161398
3338.0,1276701.02655213,217872.293075144,4.0,269757.0859957344
3339.0,1276780.32101621,217570.784786835,3.0,246004.4969986194
3340.0,1276575.74469599,284495.567319363,3.0,806150.936396419
3341.0,1276801.78655224,284420.183255285,3.0,755631.9944852109
3342.0,1277111.94994454,214883.23995208705,3.0,18540.1876218316
3343.0,1277120.24754456,214740.578191936,3.0,26004.39907455629
3344.0,1272732.33272406,276797.859279484,1.0,0.0
3345.0,1288522.44717222,181975.54231838897,3.0,129381.55380694573
3346.0,1254860.40880176,248654.756722659,4.0,305367.05878759705
3347.0,1254671.40560156,248471.340466484,3.0,254986.7647378485
3348.0,1269800.73227306,204640.897605598,4.0,154959.0777411812
3349.0,1282833.50547041,250540.403252602,4.0,255730.98882928863
3350.0,1283164.20787074,250534.170292586,4.0,192530.4663984139
3351.0,1277032.61285646,269867.588360384,3.0,357037.1376783849
3352.0,1277364.0111288,269856.405320376,4.0,197554.3923792668
3353.0,1267325.54532653,264832.987523228,3.0,42442.42786511734
3354.0,1267427.40043063,264830.595459223,1.0,0.0
3355.0,1260572.03421561,199812.521408647,4.0,946201.7462326213
3356.0,1260235.15696727,199821.340992659,4.0,206809.40919407803
3357.0,1270832.98315412,249145.917171165,3.0,44164.8949937626
3358.0,1279351.36249083,216064.75995329,3.0,95747.00574652612
3359.0,1268373.15838359,267127.396613583,4.0,464423.7186192861
3360.0,1283066.21689464,207725.092872754,3.0,8203.305982359994
3361.0,1274337.59198971,215468.80116868,1.0,0.0
3362.0,1258490.43242148,196298.40870104695,3.0,62235.00295372806
3363.0,1275829.96370323,223339.795224741,3.0,12931.197622357811
3364.0,1275836.55288725,223646.133529052,4.0,485964.9723202181
3365.0,1265377.11121254,245768.318639711,4.0,374410.615383682
3366.0,1258389.15830937,215149.81262435,4.0,81639.50250670082
3367.0,1258375.63178135,214795.942223996,3.0,13395.4748553163
3368.0,1284742.53606436,263459.888257831,1.0,0.0
3369.0,1283926.87827152,265007.601347417,3.0,1169817.5366461093
3370.0,1282375.72191794,271032.154249579,4.0,165722.03680098068
3371.0,1282367.89382192,271688.008906245,3.0,133398.4850114815
3372.0,1292027.54055183,188493.83838905403,3.0,2627.5670060788825
3373.0,1292123.44026391,188200.317940757,3.0,33866.25513755724
3374.0,1262150.22301723,234862.35190855,4.0,120906.29416940958
3375.0,1269055.33419229,178520.579754844,4.0,161380.27625575053
3376.0,1268726.80331196,178523.465258852,3.0,58333.89578789817
3377.0,1259168.09539817,190553.002231166,4.0,1097743.7733795252
3378.0,1258865.97629386,190580.928695202,4.0,105216.00118651077
3379.0,1282079.97151764,224730.650394171,3.0,67777.85545319307
3380.0,1282063.55161361,225128.124698579,3.0,52789.785641242685
3381.0,1271823.35454713,250149.188148201,3.0,19507.303193708216
3382.0,1277024.92812046,269202.457095712,4.0,248836.3817547163
3383.0,1277355.8563128,269191.723207697,3.0,69113.48176396637
3384.0,1257539.2669805,250190.91544424,4.0,2499900.6225721138
3385.0,1256910.70493186,250195.968564242,4.0,2104763.520122956
3386.0,1283002.60223858,204691.816453651,4.0,1164888.3748906073
3387.0,1283667.63110326,204674.728261635,4.0,1104721.947546373
3388.0,1266832.72049402,250591.734836653,4.0,482527.12934100913
3389.0,1255791.39120272,195335.020860061,4.0,235951.1312504248
3390.0,1255443.18525036,195349.144188076,3.0,46203.68313244851
3391.0,1266328.6785735,270282.59668082,3.0,84778.0
3392.0,1277512.83500096,237289.114471033,4.0,7914.18857979102
3393.0,1277938.61298539,237278.521639019,4.0,108739.12487198622
3394.0,1280197.82405971,216043.301649272,3.0,14162.60127781356
3395.0,1284155.73215976,250515.680820569,4.0,335332.35714127513
3396.0,1262560.53648965,193141.192889825,3.0,9500.540568751469
3397.0,1273950.68984531,263341.948481709,3.0,65989.05632809823
3398.0,1256026.03510696,196817.72588558504,3.0,196760.778058419
3399.0,1273076.45701241,275474.024334133,4.0,45070.16303254175
3400.0,1277939.23602539,285240.317784131,1.0,0.0
3401.0,1278243.85253771,285055.071767941,3.0,84778.0
3402.0,1292133.76634392,182675.283695102,3.0,75339.00393018195
3403.0,1278873.37394635,256894.665147096,4.0,1352193.4574049076
3404.0,1279557.56057104,256874.852539077,4.0,1088288.4831384015
3405.0,1280445.29631595,230907.70921649,4.0,122789.56316231108
3406.0,1280003.67020351,253574.143223703,1.0,0.0
3407.0,1266370.43831755,242471.499116331,3.0,61597.89623532166
3408.0,1283104.33529468,237084.61091882,3.0,42770.246896427416
3409.0,1283114.9110387,237512.840743259,1.0,0.0
3410.0,1255299.72355421,237783.450087532,4.0,88695.2484271668
3411.0,1255320.33309023,238526.701224297,4.0,152255.19357696435
3412.0,1278850.20204233,212653.237517804,3.0,84778.0
3413.0,1278965.12146644,212649.75034979,3.0,169542.0
3414.0,1282039.1930856,213488.374990657,3.0,38253.30458934466
3415.0,1282176.88076574,213551.945742726,3.0,6986.609747442332
3416.0,1256442.34992339,194458.174203172,5.0,2206210.9110794608
3417.0,1256294.11689922,194460.077115163,3.0,294619.2134675658
3419.0,1278300.92786576,254331.089208484,3.0,23980.454438471126
3420.0,1276581.739704,213258.804878414,4.0,180578.0881681484
3421.0,1273261.45304461,200852.289345711,4.0,105595.52076952784
3422.0,1267618.54705483,257863.91942009295,3.0,32475.621853811022
3423.0,1267622.56734283,258208.915772453,4.0,104813.53189371496
3424.0,1279247.47026673,202688.402819589,3.0,828004.4746451608
3425.0,1279241.07333873,202338.594819233,4.0,185424.2911733584
3426.0,1281499.42278104,192973.922233641,5.0,210322.57064359548
3427.0,1281486.95730902,192434.161529094,3.0,207150.7198533791
3428.0,1276031.96395944,233535.861795187,4.0,150183.10195795613
3429.0,1269312.60401656,260813.304255113,4.0,1790076.2309171278
3430.0,1269318.35467257,261488.049663812,4.0,109997.24334650014
3431.0,1275194.63032658,232742.357474372,4.0,177130.2166813643
3432.0,1275692.68703109,232727.63574636,3.0,71901.98808676898
3433.0,1283594.94943918,201219.477250099,4.0,214937.94355321617
3434.0,1283591.74604718,200894.94348976,3.0,85507.08893690696
3435.0,1268533.40836777,208718.422601774,4.0,9188512.973895548
3436.0,1267389.97790259,207955.081608996,1.0,0.0
3437.0,1283103.91795067,234841.374244526,4.0,724760.0947200552
3438.0,1279983.84249149,249270.663347289,4.0,627722.7467598344
3439.0,1280243.80095576,249266.484851286,4.0,378129.2755675576
3440.0,1274436.8269978,282578.039637402,3.0,84523.46794307586
3441.0,1275102.86635849,282553.951125383,4.0,208936.4716184492
3442.0,1270794.43339407,283687.743766546,3.0,48491.09196650637
3443.0,1271119.85528241,283682.634838536,3.0,23646.090435427785
3444.0,1277132.64575256,176795.822057083,3.0,69045.00246618521
3445.0,1277778.41714522,176785.026153073,1.0,0.0
3446.0,1263108.61380221,194467.896315172,4.0,281558.5952718039
3447.0,1263091.79818618,193799.9038665,4.0,321120.16222017707
3448.0,1266183.60695736,193722.966330409,4.0,149119.19716582933
3449.0,1276130.40664755,225713.401691169,4.0,262605.4284016281
3450.0,1276452.33810388,225705.164187163,4.0,542613.0393848283
3451.0,1285880.88844952,209510.378378585,4.0,57022.368873090905
3452.0,1286257.36473791,209506.797002584,3.0,318927.793937526
3453.0,1271191.05861048,198681.394431487,4.0,236675.37031314184
3454.0,1271692.51461099,198665.97286348,3.0,56757.89262240042
3455.0,1253747.08361661,245167.688239098,3.0,44191.23470020166
3456.0,1253497.83606437,245171.672495097,3.0,120327.33620673972
3457.0,1276650.54962407,212878.526478037,4.0,114434.24027590523
3458.0,1273820.89976518,223383.014616787,4.0,68476.0005000448
3459.0,1273823.52805318,223532.632792935,1.0,0.0
3460.0,1265421.58391657,231531.389729127,4.0,4925476.6754206605
3461.0,1265429.61898859,231849.317281455,4.0,1490982.1069039162
3462.0,1268029.66366325,244629.673582539,4.0,80601.2556579623
3463.0,1264892.08759603,243133.15166100895,3.0,76187.30906729575
3464.0,1263156.18129025,196445.444861203,4.0,225302.56157885765
3465.0,1263749.05969086,251623.746549711,4.0,45100.8028429862
3466.0,1263758.84938687,252049.849398136,4.0,40307.858785409895
3467.0,1267024.07415822,243932.198637828,4.0,360077.7205685955
3468.0,1279239.15269873,250274.409652323,1.0,0.0
3469.0,1279239.80722673,250605.977908671,4.0,309453.4602416852
3470.0,1251634.22761446,240583.518954396,4.0,40609.02456059619
3471.0,1251649.56323047,241248.360491082,3.0,40342.72875561327
3472.0,1271344.91454664,225178.129178628,4.0,222308.29924640988
3473.0,1271191.60222648,225443.078426898,4.0,625808.1673473751
3474.0,1263519.69239463,197747.489470541,3.0,503792.0156544542
3475.0,1260206.11895123,198490.48998329,4.0,236479.658671094
3476.0,1260189.33418322,197825.142526612,4.0,166620.26108595624
3477.0,1258574.41878957,209816.024074897,4.0,9259557.50241186
3478.0,1266916.4966221,235251.971876934,1.0,0.0
3479.0,1263647.13175476,187922.269300476,4.0,1036054.092921111
3480.0,1270207.11832148,286706.395225629,3.0,169536.0
3481.0,1270478.78507376,286667.293593585,4.0,309014.04837783927
3482.0,1292626.67386444,187287.355891824,4.0,424896.5454807214
3483.0,1283561.79270315,255268.04338543105,3.0,579157.9860106187
3484.0,1283650.79974324,255524.32927370103,3.0,71423.4028270887
3485.0,1271009.2577783,213110.462990269,4.0,53130.05872955049
3486.0,1271239.26385853,213105.740878269,4.0,58842.72407807128
3487.0,1263078.30378617,249672.608051702,4.0,1477352.4998089897
3488.0,1262823.90340191,249677.684467718,3.0,425829.1118654506
3489.0,1278406.70821787,209899.89761097697,3.0,180048.00853444505
3490.0,1258686.04618168,203200.881476119,4.0,1858454.1073519632
3491.0,1258662.89469366,202535.753219441,4.0,1280225.9874920556
3492.0,1265395.47210854,246552.64676851,4.0,282380.7555357948
3493.0,1271686.98245099,236396.674342111,3.0,42400.0
3494.0,1271864.44830717,236393.157286108,4.0,93996.93388911938
3495.0,1264996.87377214,259595.272253871,4.0,249583.6222376151
3496.0,1265879.94026904,194401.10341911,4.0,209057.82129609716
3497.0,1265869.21950103,193732.255674422,4.0,120076.70628146456
3498.0,1277787.15461724,255931.430202112,4.0,1384790.1835570044
3499.0,1277243.78533669,251979.005366072,4.0,233290.167463126
3500.0,1277247.14591269,252633.549622744,4.0,533687.1968267618
3501.0,1264348.22289148,246318.266992271,4.0,991730.5952030652
3502.0,1264062.04330719,246311.148592263,4.0,297497.4962225693
3503.0,1279908.9443794,219424.253844738,4.0,348097.4533458058
3504.0,1274146.53003751,235499.147877201,4.0,865596.5021636738
3505.0,1274406.29624577,235496.094757184,4.0,876043.2842397551
3506.0,1266010.12606117,234962.005924642,4.0,100050.5653999263
3507.0,1274559.83435793,252520.836278617,3.0,385208.563017128
3508.0,1274590.39794196,252712.949430823,4.0,118421.62268307646
3509.0,1265101.71940425,234672.166628346,3.0,84289.23122217906
3510.0,1265105.09764425,234804.705060482,3.0,29879.05583690975
3511.0,1281726.00569327,283128.495189965,3.0,220607.270927188
3512.0,1284284.5793279,182898.862319335,3.0,15130.051842939847
3513.0,1269815.37003307,286910.384281844,1.0,0.0
3514.0,1270013.17611328,286860.744345784,3.0,42390.0
3515.0,1276456.77835988,285928.25436084,4.0,2558690.4584030006
3516.0,1276222.87429564,286166.312281072,3.0,84778.0
3517.0,1283002.64684658,180527.199788898,3.0,821055.7671527284
3518.0,1273545.18514089,254596.707128748,4.0,63259.052497262725
3519.0,1259419.31671043,250409.58757245503,3.0,78416.08362859917
3520.0,1259430.11690244,251037.119797111,3.0,80768.53606476261
3521.0,1285261.68992089,209519.747402593,4.0,222441.28573113933
3522.0,1285571.48326521,209515.406858593,4.0,130689.19947541536
3523.0,1266004.89111717,242307.13950017103,3.0,45504.523735815936
3524.0,1266007.75070117,242480.597164348,4.0,177233.54479562445
3525.0,1258442.67690143,187909.336564466,4.0,43877.58803052192
3526.0,1258028.503525,187924.266036481,3.0,272641.6980046815
3527.0,1283162.09990273,259670.134653941,3.0,368251.41960721504
3528.0,1283522.74521512,263121.305217475,4.0,163505.03793724344
3529.0,1278190.75423364,255256.146745428,3.0,2048762.072201052
3530.0,1251762.90191859,214706.660623908,4.0,129612.54399152903
3531.0,1251441.25423826,214719.58580792,4.0,163185.19301680164
3532.0,1271485.67448278,241398.093099236,4.0,66159.82112010395
3533.0,1271614.78315492,241394.434347227,3.0,8821.915131675116
3534.0,1282276.14796583,261766.363072097,4.0,1144952.9499951284
3535.0,1282605.82412617,261754.665280074,4.0,518538.96254313487
3536.0,1284952.63769658,260619.444734916,4.0,49106.72590196598
3537.0,1285220.78611284,260699.913086995,3.0,59651.20376348907
3539.0,1270399.93547367,180473.775660843,4.0,809449.6775571536
3540.0,1270722.989298,180469.400044844,4.0,874541.640550653
3541.0,1273766.19941312,281287.056660086,3.0,65866.82933983704
3542.0,1274029.93246938,281278.547796071,1.0,0.0
3543.0,1281748.25830129,276337.718095019,3.0,19039.69907480444
3544.0,1282023.42271757,275826.998670489,3.0,79751.89767160214
3545.0,1276054.94219947,274767.653005406,4.0,130041.04330274535
3546.0,1276054.19813547,275644.975438297,4.0,58941.67616493719
3547.0,1284609.09996822,201860.399874747,4.0,680741.9700143242
3548.0,1284694.30944031,201859.951362744,3.0,700137.3522881832
3549.0,1274142.87422951,223375.865048781,3.0,51889.78731780082
3550.0,1274468.18949383,223368.697112769,4.0,1275626.2877608195
3551.0,1281722.71794927,207167.584776178,3.0,192629.89172793177
3552.0,1281895.08473344,207163.45978418,4.0,291625.4044583964
3553.0,1282183.53887774,224581.124122009,3.0,165771.29160964856
3554.0,1282465.08358203,224735.306202173,4.0,138733.17820799458
3555.0,1283888.36780749,236480.379558206,4.0,153491.77715097184
3556.0,1283902.59257551,237062.173990801,3.0,42855.39659072453
3557.0,1264374.7343155,262259.440192595,4.0,656217.9235981954
3558.0,1274220.41310959,228385.005277917,4.0,403508.439426442
3559.0,1274542.38750991,228382.364573911,4.0,359061.6281365796
3560.0,1278139.5945536,230584.764320165,3.0,5489.19598403195
3561.0,1278457.97612192,230576.599008158,3.0,56006.43809486986
3562.0,1281719.36006126,224424.450585857,1.0,0.0
3563.0,1264150.06609127,247210.736369193,1.0,0.0
3564.0,1264246.39530738,247413.689009398,3.0,55207.15233747962
3565.0,1266073.89790124,249247.424499273,4.0,46308.82958905176
3566.0,1277524.42290497,253951.901688084,4.0,1651262.1894624515
3567.0,1277526.44882497,254613.757944763,4.0,3964124.055150469
3568.0,1265454.00081261,238340.653032109,4.0,1479816.672800474
3569.0,1280723.86662024,210555.522571653,3.0,223825.74066678845
3570.0,1280852.70854038,210202.421899289,4.0,157571.8998338953
3571.0,1278755.39615422,285720.48776862,3.0,53360.58449549167
3572.0,1279085.57625057,285711.834200606,4.0,1145518.147174704
3573.0,1264963.29380411,282326.273045152,1.0,0.0
3574.0,1292154.41952795,181741.212462142,3.0,4872.933759097151
3575.0,1292790.85069661,181700.352622107,3.0,52227.30674451219
3576.0,1269260.9115365,172948.786149144,3.0,141089.82499299943
3577.0,1269251.5981925,172610.854372799,4.0,4667834.200343686
3578.0,1267956.95812717,173281.127973482,4.0,31469.63686758564
3579.0,1267300.06308649,173285.975397483,4.0,51309.38664498831
3580.0,1262245.42263332,238530.035560295,3.0,62282.24964063551
3581.0,1261915.04528898,238535.540776297,3.0,58764.67441734623
3582.0,1263460.79812257,195130.72434786,4.0,2515813.4541571294
3583.0,1263125.49239422,195136.195835859,4.0,2453781.85711244
3584.0,1270058.59102532,245670.446127608,4.0,268873.95315425005
3585.0,1279366.06943485,269251.691591755,3.0,22468.38281609253
3586.0,1279688.83423519,269500.994888008,3.0,7353.763433947463
3587.0,1266819.00075001,241775.055915624,4.0,71009.93034521429
3588.0,1266982.13521418,241771.47261962295,7.0,719021.6276251135
3589.0,1269478.13323273,243644.99050954,3.0,108917.92754169067
3590.0,1257835.6453488,214123.669647306,3.0,92553.91617072123
3591.0,1257711.52682067,214123.556815311,1.0,0.0
3592.0,1273896.93310925,226842.522460327,4.0,3651.602715736153
3593.0,1274153.44504552,226839.424412325,3.0,667.2556700075814
3594.0,1271680.91486698,267385.530949846,3.0,10091326.719686124
3595.0,1254205.89507309,207831.867592856,3.0,70207.94251275729
3596.0,1281025.12978855,269738.468168259,4.0,614565.2602211384
3597.0,1281023.70034856,270404.786760941,4.0,412413.4724397803
3598.0,1268199.81585541,286047.786968961,3.0,1431373.3726427264
3599.0,1268202.66135943,286377.8158333,3.0,602191.7113781769
3600.0,1269093.68580833,272260.590794832,3.0,84778.0
3601.0,1273108.81067644,283765.805654615,3.0,42895.9416361222
3602.0,1273896.36126925,190958.284855589,4.0,482882.60368936986
3603.0,1282193.36140575,276954.437007651,1.0,0.0
3604.0,1279381.36108287,271773.585546345,4.0,39655.42571161156
3605.0,1279714.14917921,271763.913290337,4.0,15623.669226594517
3606.0,1254720.26051362,203361.620612279,4.0,248466.96793984895
3607.0,1276371.30411978,279811.119954571,3.0,871180.1269263969
3608.0,1277770.61368921,279727.846482486,3.0,314295.92771132773
3609.0,1267601.60382281,256094.570938289,4.0,84557.24595239434
3610.0,1268261.46372749,256078.652346268,3.0,115715.32468152228
3612.0,1255877.6029788,201066.160961941,4.0,970385.5447496984
3613.0,1267747.50609496,270327.603144854,3.0,1518066.868289177
3614.0,1268412.08215964,270314.129416838,3.0,1521405.555078623
3615.0,1263770.30865088,234391.032356054,3.0,113291.834873752
3616.0,1283149.65017472,248545.090610549,3.0,274483.04543581133
3617.0,1283480.29715107,248538.847858548,4.0,463781.5616708478
3618.0,1287318.396099,253028.600375146,3.0,84778.0
3619.0,1287573.57830726,253039.291319162,3.0,169542.0
3620.0,1284307.29747191,207815.343368843,4.0,940878.1589720758
3621.0,1284617.04550423,207811.210184842,4.0,599505.9789790304
3622.0,1250448.93174124,214089.960079268,4.0,3081065.7307471875
3623.0,1250127.26242891,214102.586703286,4.0,1849067.059888205
3624.0,1283571.76415916,204945.21062991,4.0,2838698.8893330004
3625.0,1284338.95385595,204925.498437881,4.0,2557918.2159696687
3626.0,1285619.74035326,201196.227330074,4.0,446818.7008523397
3627.0,1280609.59686013,204409.346245363,4.0,405200.3540219218
3628.0,1280587.2868441,204187.328325137,3.0,42514.82597402596
3629.0,1279149.35173863,223856.700697273,4.0,129420.75170554731
3630.0,1279163.92159465,224551.050009981,4.0,86431.42709787421
3631.0,1273374.49157272,241398.162987232,3.0,200247.63229402195
3632.0,1260427.48035946,261043.751679346,4.0,46967.96260498118
3633.0,1265626.93982078,172002.107236177,4.0,1257873.4672584902
3634.0,1272065.67691538,280664.042771444,3.0,203549.29402496736
3635.0,1272096.17425941,281658.505684465,1.0,0.0
3636.0,1283602.28243119,276203.71214287,3.0,258492.94224570316
3637.0,1255764.52643469,205306.822470278,4.0,832689.5375168759
3638.0,1255448.17507437,205319.110150293,4.0,557282.3389850664
3639.0,1265332.25073248,174603.148646832,4.0,206253.55937670157
3640.0,1268606.83537583,172952.461605147,4.0,113092.6238014954
3641.0,1274282.77022965,198853.514495671,4.0,1347591.210108487
3642.0,1274386.08760576,198854.055167675,3.0,1275212.926644208
3643.0,1278188.59775364,200760.781697616,3.0,337850.1905946654
3644.0,1278472.98168994,200753.336129621,3.0,185058.9800533153
3645.0,1257865.48419684,197942.569470733,4.0,52612.66724661322
3646.0,1257204.39267616,197989.036542788,4.0,56283.95052056193
3647.0,1255790.25865871,205956.386118948,3.0,44624.18868223191
3648.0,1280885.76921241,265084.631363496,4.0,181690.9970760212
3649.0,1281181.20722872,265070.945347473,4.0,212490.29158130055
3650.0,1252756.12527961,211971.975757107,3.0,26229.33188238692
3651.0,1252481.82006332,211982.76609312,3.0,163792.2848954163
3653.0,1273805.13733315,232861.470434487,4.0,448734.4542654177
3654.0,1280325.12165983,203961.174532905,4.0,179476.6266880938
3655.0,1280312.86578782,203293.627332211,4.0,165483.87792843336
3656.0,1285641.69107328,205966.741382957,3.0,12018.5926784476
3657.0,1285732.80608137,205962.927110955,4.0,18410.25228719042
3658.0,1265324.43025248,209880.261450961,4.0,13648491.509814316
3659.0,1265256.73284441,209880.104970962,3.0,258039.5938316304
3660.0,1275518.78059891,217391.475474656,4.0,246016.35081148936
3661.0,1275512.50239091,217088.75003434703,3.0,57149.55747078405
3662.0,1262780.85360987,248481.005490482,4.0,227974.37399315147
3663.0,1262183.75242525,248494.289202496,4.0,197796.6025055901
3664.0,1273515.99486886,224767.272730201,3.0,3110.8743224325417
3666.0,1251357.65404618,212736.895501882,4.0,1377770.2329781945
3667.0,1258815.48886982,200531.508865386,3.0,265859.53488272906
3668.0,1273008.21931635,226162.662939638,3.0,744296.9229895729
3669.0,1272852.24357219,226426.131291911,4.0,525018.4271895521
3670.0,1274646.89746203,265157.464579567,1.0,0.0
3671.0,1271762.11121906,211201.896268308,3.0,154750.9566591914
3672.0,1271763.90584306,211102.134028211,3.0,71198.02701969424
3673.0,1294717.39604257,183877.464368328,1.0,0.0
3674.0,1295087.53242695,183864.764912322,4.0,104025.54654681016
3675.0,1259764.61751078,255050.756729215,4.0,152350.2075370211
3676.0,1259776.5121668,255733.015865907,4.0,101630.01519505844
3677.0,1278273.80818574,174118.923558339,1.0,0.0
3678.0,1280403.37477991,283789.807190642,4.0,296668.0
3679.0,1255355.87632227,192682.429369345,3.0,142850.55294418844
3680.0,1255356.89341027,192190.68594484,1.0,0.0
3681.0,1266994.59319818,242285.041772142,4.0,564420.5284446868
3682.0,1276194.70866361,253315.287159443,4.0,509793.0622162323
3683.0,1276460.13042387,253312.00434343505,3.0,50134.32118197193
3684.0,1278019.98655348,249606.280435637,4.0,47371.35481138392
3685.0,1278169.29202563,249603.28145963,4.0,14740.258146343347
3686.0,1272553.31307589,244395.259694308,4.0,129781.09293744472
3687.0,1272565.3888519,244807.912750721,4.0,230580.9228097818
3688.0,1264154.85745127,260017.998782307,1.0,0.0
3689.0,1264096.62724322,259976.027390257,3.0,84778.0
3690.0,1270730.138546,269405.308423921,4.0,281794.6088786001
3691.0,1270733.05329801,269634.119624153,4.0,560695.5221469454
3692.0,1275658.12677506,213276.874126434,3.0,23851.232989351494
3693.0,1275759.12357517,213274.83803044297,3.0,4229.315270686593
3694.0,1274178.66053355,236823.604582548,4.0,177483.00169723725
3695.0,1274438.7135258,236819.713510543,4.0,147669.24496772522
3696.0,1256369.4264673,258323.482172564,3.0,168179.68596879617
3697.0,1255739.53206666,258336.126524583,1.0,0.0
3698.0,1269326.83985658,212893.696078047,3.0,154640.5595454625
3699.0,1269736.60971299,212885.54023803803,3.0,230464.566700364
3700.0,1262380.40688947,255005.207609162,3.0,195523.85753960087
3701.0,1262129.9746972,255008.998329177,4.0,378195.9098921611
3702.0,1263296.47364239,199054.336255878,3.0,224133.2319166845
3703.0,1263220.00298633,198856.72447967497,3.0,54834.28426966969
3704.0,1255581.5412185,209248.636426315,4.0,370489.7027175262
3705.0,1267249.32369445,240829.056554645,4.0,448711.8545832103
3706.0,1272573.4026119,256414.63199460495,3.0,62297.57603681345
3707.0,1272577.3422599,256747.17823495,4.0,134384.69994436062
3708.0,1256709.59933165,214352.376847535,4.0,239162.75200484975
3709.0,1256694.40809964,213851.973007023,4.0,196238.32504264012
3710.0,1270981.96190627,223896.843033314,4.0,607699.5906693732
3711.0,1252102.43958293,241907.717419758,4.0,164793.4896558595
3712.0,1252118.48092695,242567.521580428,3.0,130145.50835728992
3713.0,1270589.45476986,240884.222122714,4.0,863425.3400603948
3714.0,1270604.25297788,241423.07076326,4.0,698856.5721370061
3716.0,1262045.13757712,191142.577463776,4.0,90852.20688870392
3717.0,1262044.83242512,191039.878903672,1.0,0.0
3718.0,1272920.54853225,227975.519581497,4.0,205168.8502611485
3719.0,1273237.52856457,227967.536669478,4.0,191221.7093692537
3720.0,1271479.27390678,202728.438531637,4.0,23989020.634240225
3721.0,1271463.73784277,201965.40064285704,3.0,172687.86793700524
3722.0,1282733.91641431,233789.732707441,4.0,84632.08482973085
3723.0,1272199.60939552,231292.909600884,4.0,145038.8554990558
3724.0,1262769.16567385,247948.780785948,4.0,991038.8893921582
3725.0,1275686.16472709,220147.799637482,4.0,62483.50760041409
3726.0,1275992.03979939,220300.452885628,3.0,19495.1749735488
3727.0,1284333.32627194,204657.615109608,4.0,981651.3821896904
3728.0,1284640.61958426,204650.4537016,4.0,756308.6978621869
3729.0,1263140.83652224,195790.820476532,4.0,1674760.448141294
3730.0,1262807.51332189,195796.709244534,4.0,986563.1174871366
3731.0,1262604.73092169,234053.778403714,4.0,75194.51870947746
3732.0,1262613.12528969,234416.47158809,3.0,4768.860879165851
3733.0,1272060.55621137,221222.745686576,3.0,25266.286982324276
3734.0,1272382.49745971,221215.802134573,4.0,31800.504463904294
3735.0,1273594.12696494,231259.813536853,4.0,154034.19840817736
3736.0,1273853.82789321,231254.174112841,4.0,121996.27421118008
3737.0,1265660.86622082,247526.58904151604,3.0,14582.535173603052
3738.0,1284217.42918383,197624.233150408,3.0,297788.59208061703
3739.0,1284876.10534449,197611.169214398,4.0,898849.670711548
3740.0,1268974.33105621,244084.76394999,4.0,77069.78665833235
3741.0,1268982.46161622,244370.927406281,3.0,55979.8752316684
3742.0,1269066.76721631,269438.142663941,3.0,500522.2974784656
3743.0,1277344.29791279,213243.913870409,4.0,47665.57317386139
3744.0,1277331.24216877,212865.065870017,4.0,43764.62390731358
3745.0,1274059.50526942,238155.654055908,3.0,4332995.666835665
3746.0,1274069.35006943,238626.9828244,4.0,1468865.5475914488
3747.0,1279998.3372115,267019.928709477,1.0,0.0
3748.0,1279999.4618835,267124.585285574,3.0,256947.03933536707
3749.0,1280446.05253996,222875.580632269,4.0,436523.7231655673
3750.0,1280439.74450795,223439.057176843,4.0,379287.1649947915
3751.0,1278185.19154565,253277.273783401,4.0,118676.23963836946
3752.0,1278435.5926339,253641.969207779,3.0,8754.02176848914
3753.0,1281440.84646098,229960.198367521,1.0,0.0
3754.0,1281464.256189,230029.063007593,3.0,163754.27691219922
3755.0,1284715.31008033,252487.325174585,3.0,77642.6258415813
3756.0,1257893.91786087,198998.004031822,4.0,354372.0879703085
3757.0,1257741.92765272,199008.735935822,3.0,152588.87581952888
3758.0,1259859.80503088,211739.501516864,4.0,483939.5248809376
3759.0,1283795.89593539,241767.28298761,3.0,176256.5690204767
3760.0,1284020.44633561,241952.691755801,3.0,115375.43995364572
3761.0,1281270.7759328,220091.02158941297,3.0,2372118.216749321
3763.0,1267006.6558542,262854.322497204,3.0,119718.85380036617
3764.0,1263075.30218618,211724.593420848,6.0,1518137.9146764397
3765.0,1280179.40677969,252578.021558687,4.0,427625.4678640636
3766.0,1280178.85324369,253239.844727367,4.0,480341.9515276557
3767.0,1280712.75999624,251242.359861314,3.0,43194.08059016102
3768.0,1280844.75846037,251239.921205312,3.0,48016.19881001483
3769.0,1273743.9146771,195879.190396622,4.0,105615.33594296506
3770.0,1279485.49932298,261846.368192181,4.0,461675.1356760655
3771.0,1273038.02962038,229665.227807224,3.0,10379.122116922992
3772.0,1273041.64050038,230099.769247666,4.0,583758.4073039474
3773.0,1282318.57145388,201243.842370123,3.0,410982.2822231996
3774.0,1282476.45823804,201239.498562112,3.0,342234.38984648744
3775.0,1256044.07542697,197446.921534225,3.0,263459.65907552536
3776.0,1255872.02294679,207921.589512959,4.0,772807.3396208859
3777.0,1255540.78838646,207929.585224956,4.0,649505.5747257745
3778.0,1280634.14406015,199787.313152626,3.0,747369.7342133736
3779.0,1280630.66303615,199303.025408134,4.0,309421.2043729862
3780.0,1282294.24799785,246572.223536536,4.0,36098.02654193834
3781.0,1282303.02681386,247234.004017204,4.0,366167.0198837481
3782.0,1274765.90642214,260663.100542963,3.0,42610.453264412674
3783.0,1262053.61360912,251653.86098173296,3.0,135752.5825791652
3784.0,1262066.23332115,252344.04331845,4.0,308431.9661606522
3785.0,1277800.69138525,261230.932031542,4.0,148309.46276966616
3786.0,1277807.73823325,261898.094464228,4.0,2825871.29849252
3787.0,1274596.70693398,236371.838758081,4.0,105057.93791671636
3788.0,1274608.39128599,236817.197414547,3.0,46895.775376425976
3789.0,1276123.10386354,267510.29485397,1.0,0.0
3790.0,1276128.60088754,267760.224134237,3.0,84778.0
3791.0,1266018.44426918,178260.334570587,3.0,27557.99951993644
3792.0,1262096.45866518,286057.654360965,3.0,796729.6180895785
3793.0,1261831.3298969,286066.420440972,1.0,0.0
3794.0,1263313.38468242,187930.559284478,4.0,761218.6110718022
3795.0,1263293.5737384,187140.793843672,3.0,66364.65261783407
3796.0,1255978.54505891,192480.830713138,3.0,141887.5242845598
3797.0,1256084.09110701,192214.63180087495,3.0,17093.470432783004
3798.0,1266852.98916604,251579.056373656,4.0,267811.46855538205
3799.0,1276988.27071242,248057.062770054,4.0,24849.00448664371
3800.0,1276991.29432842,248278.711602286,3.0,45981.12063346045
3801.0,1280391.6726999,197606.897534385,4.0,80304.37687704575
3802.0,1280890.79871641,197593.263102382,4.0,311002.5468082992
3803.0,1272186.64485151,230452.890912026,4.0,496549.7372292313
3804.0,1269575.38692883,247008.427376986,4.0,1088306.0608616555
3805.0,1276745.71576817,255630.697529808,3.0,30058.92281855932
3806.0,1272409.43147573,222439.548375815,3.0,76357.22673922742
3807.0,1272402.78616372,222133.47976750092,4.0,98879.11700577658
3809.0,1280030.82597953,201976.883906871,3.0,7161.683685858014
3810.0,1274149.38110951,248744.582706764,4.0,328474.52154503315
3811.0,1274465.21310984,248780.188594788,4.0,2249174.8441973976
3813.0,1282252.10962981,259122.824381381,4.0,346793.72928148933
3814.0,1284168.10547177,256406.28620261,3.0,88446.9065866707
3815.0,1277678.22636113,222936.183832332,4.0,536335.3659903592
3816.0,1259095.86167009,260025.760574311,3.0,67385.46222203542
3817.0,1259283.41866229,260200.55123049,3.0,76944.74407095957
3818.0,1265368.51742052,262893.711873248,4.0,248738.57810318327
3819.0,1259196.2771582,215792.74408102,3.0,221176.201050399
3820.0,1259187.60093419,215495.027472705,4.0,166375.64635372965
3821.0,1266370.60791755,237119.932710856,4.0,108950.61750197524
3822.0,1284256.26047987,200236.425409079,4.0,1526644.246408842
3823.0,1284251.48819186,199911.047168747,4.0,422860.41409221216
3824.0,1272290.6679556095,266037.460804462,5.0,286468.7241567121
3826.0,1263258.35428236,245564.047727495,4.0,229623.57288210536
3827.0,1263264.13841036,245831.301103771,4.0,391712.2457680576
3828.0,1266975.48663817,229310.134046853,5.0,189731.75753032023
3829.0,1278188.55116165,206311.30439131,4.0,48610.120249253785
3830.0,1278179.57215364,206014.107143,1.0,0.0
3831.0,1256198.62627514,248358.584114358,4.0,117771.66345309342
3832.0,1256204.80509114,248624.551730633,4.0,285216.5074222206
3833.0,1288072.86835577,249018.17169903204,3.0,208767.23963383367
3834.0,1288090.81184378,249227.899635255,3.0,167275.68336308718
3835.0,1278754.08805823,173778.102373987,3.0,68490.75488951145
3836.0,1278998.96421848,173774.534437984,3.0,222116.01368447632
3837.0,1266111.81412528,233350.091170996,3.0,26808.259044848
3838.0,1271164.30699445,171899.426020071,3.0,84778.0
3839.0,1283441.83852702,285286.442008182,3.0,2724184.1867988347
3840.0,1283446.70662303,285742.951256648,1.0,0.0
3841.0,1277159.36389659,285507.853656396,1.0,0.0
3842.0,1277461.96140091,285376.112088263,3.0,691010.6115347815
3843.0,1273282.25451663,269048.128007546,3.0,45711.98458235466
3844.0,1276635.59890406,263925.690434307,4.0,378350.35743989854
3845.0,1276965.46668039,263914.784322292,4.0,309976.9761612717
3846.0,1281997.56191754,214902.850512102,3.0,64723.42271394312
3847.0,1270747.42597003,246720.610672683,4.0,1434261.5660168328
3848.0,1258857.24957386,248832.496562853,4.0,258714.22733183648
3849.0,1274854.72319023,218728.904212028,4.0,83959.15371308826
3850.0,1275107.6793505,218724.134228021,4.0,539603.9524042677
3851.0,1260089.33802311,210937.186828047,3.0,2011.773579058132
3852.0,1259834.26205486,210971.847180083,4.0,258957.3443121078
3853.0,1282202.84857376,245406.273071334,4.0,5425.785365315707
3854.0,1282345.78630191,245387.464751318,3.0,19892.001950108064
3855.0,1255420.43459433,214564.867599756,4.0,92505.2256772971
3856.0,1255180.21725009,214572.52110377,4.0,259436.7286931384
3857.0,1267981.9465432,243182.565613061,4.0,320609.4274396317
3858.0,1268250.38891147,243175.971117049,4.0,505410.1171650074
3859.0,1267376.43467058,232433.920738056,4.0,692489.4516196625
3860.0,1266974.79895817,259545.797949821,4.0,4526174.602379727
3861.0,1266979.51780617,259809.973310083,4.0,3480784.3572476497
3862.0,1261762.99741682,266310.230980739,4.0,163481.06493489922
3863.0,1261767.26608883,266475.18042092,3.0,42801.814891141374
3864.0,1277255.24984869,205634.558662608,3.0,78575.05743959192
3865.0,1277284.00146472,205496.39162246895,3.0,64094.8962779983
3866.0,1284852.55321647,197224.355005994,4.0,965422.4030027104
3867.0,1266811.38097399,241470.872491315,1.0,0.0
3868.0,1257537.5110765,239029.020072803,3.0,839928.3025556114
3869.0,1257543.92643651,239452.585513249,1.0,0.0
3870.0,1277825.78904928,254332.827064484,3.0,34908.487467711304
3871.0,1277806.52536926,254612.761272773,4.0,2825378.8724905206
3873.0,1256307.06864324,211885.362125009,4.0,434809.6943116663
3874.0,1281888.75929344,227793.596701309,4.0,173129.18717557058
3875.0,1285278.57702491,283208.25979805,1.0,0.0
3876.0,1285004.93977663,283295.155350134,3.0,142409.0400635834
3877.0,1265718.30609287,284234.046487093,3.0,102855.23006513243
3878.0,1283789.71974339,192672.038009346,3.0,664251.1392413579
3879.0,1283870.65331146,192677.093753338,3.0,302393.52787152474
3880.0,1262744.02167383,188728.322485298,4.0,2611623.662562878
3881.0,1262055.73693714,189095.54974967203,3.0,2577767.5113629973
3882.0,1265002.51946814,194426.323515132,4.0,2277613.164307371
3883.0,1264720.66237986,194435.662779152,4.0,1103163.8991649055
3884.0,1284645.41420826,257295.350395516,3.0,2084940.365414532
3886.0,1293688.10970552,181409.465709805,4.0,3397236.9936874737
3887.0,1275652.08869505,218713.803540006,4.0,774638.7047525948
3888.0,1275918.32965532,218708.320276007,4.0,93682.76782192456
3889.0,1274223.43045358,251395.940917477,5.0,1359609.373501963
3890.0,1274264.15250163,251649.890869737,3.0,28747.71773738459
3891.0,1266883.67876607,252926.621239036,4.0,1303840.0593932504
3892.0,1266887.46481408,253191.841207311,4.0,1902497.7959883504
3893.0,1271870.56939518,230457.781664029,3.0,326827.09108163964
3894.0,1271877.10315518,230877.75849646295,3.0,116870.88159376124
3895.0,1281871.71833342,227371.113948867,4.0,135215.4891184305
3896.0,1279172.75685866,247298.518001273,4.0,1000040.8862239782
3897.0,1279180.95794666,247832.228529826,4.0,129559.04008081816
3898.0,1277849.3195453,251959.040822044,3.0,76109.21893601248
3899.0,1277851.2391613,252622.10936673,4.0,730068.00124397
3900.0,1276160.26155958,226566.406876042,4.0,119882.06522283032
3901.0,1276171.04370359,227064.236316562,3.0,246207.65296424815
3902.0,1277705.72204116,224941.252698377,3.0,14559.68752989607
3903.0,1277726.71839318,225248.947610691,4.0,171465.80211889098
3904.0,1265725.16759689,286574.3626495,3.0,209917.04149205665
3905.0,1266069.76830123,286554.639961481,3.0,434440.3666182928
3906.0,1263863.25732298,233077.160930708,4.0,1012184.0662417084
3907.0,1279202.85881069,236714.199910432,3.0,51263.39935865105
3908.0,1295329.54605921,186488.921779007,1.0,0.0
3909.0,1258818.05642182,168287.632032365,3.0,43592.698729792806
3910.0,1258197.24694918,168342.846176431,3.0,21583.297981905293
3911.0,1285305.55334494,193846.163962543,1.0,0.0
3912.0,1285462.6616331,193841.602298543,3.0,129953.9096392992
3913.0,1282682.75999825,263718.337218091,3.0,6274.356593177639
3914.0,1283012.27769458,263704.769602075,4.0,60032.4714336426
3915.0,1274503.73010187,245740.08574368095,3.0,72899.6581261851
3916.0,1267996.01707122,261928.882112265,4.0,1160224.0436568067
3917.0,1268326.02398355,261926.06220825,3.0,1385061.9440123185
3918.0,1282474.33951804,213044.79483020297,3.0,73506.89912220305
3919.0,1268322.36484754,261497.626431823,3.0,189369.0124245716
3920.0,1268658.1630559,261494.391807809,4.0,206193.667052958
3921.0,1284643.23641627,242044.171883896,3.0,106513.64523504303
3922.0,1285023.46035264,242035.993771881,1.0,0.0
3923.0,1259133.46685414,195200.818043932,4.0,639260.2075920062
3924.0,1258808.31171781,195213.787835941,4.0,547506.0847148227
3925.0,1275366.91634277,230079.475999638,3.0,53857.450477744496
3926.0,1275611.36536701,230077.342815638,3.0,7289.615442541194
3927.0,1257360.57475632,255198.714809373,4.0,1037361.9856922335
3928.0,1257096.56938004,255203.801401377,4.0,1221368.597024992
3929.0,1274486.06546186,224284.27004170403,3.0,11853.449995558523
3930.0,1275599.65279099,260307.395838603,4.0,998012.9104570964
3931.0,1276262.56120768,260287.990078583,3.0,814457.8727730971
3933.0,1282049.31410961,208682.745801732,4.0,158372.75485828533
3934.0,1257847.82966882,214301.187023491,3.0,142911.2803654512
3935.0,1255102.09603401,189936.606134534,1.0,0.0
3936.0,1272436.12337975,196220.329788968,4.0,227811.56902344216
3937.0,1273086.23787643,196204.884924963,4.0,234711.20830375643
3938.0,1286097.20889774,248483.068466485,4.0,703088.9734761986
3939.0,1286279.54252994,248478.924786478,1.0,0.0
3940.0,1277686.83333713,269180.989639685,4.0,134900.80091768227
3941.0,1277695.39692114,269845.222216368,4.0,210773.86860347976
3942.0,1278731.59372221,217010.19272226104,3.0,3546.899823986482
3944.0,1285669.99417731,203830.564548761,4.0,374848.5615946014
3945.0,1286323.43347397,203816.86054875,5.0,372800.0432669732
3946.0,1277551.329017,212086.072653219,3.0,23136.7118722034
3947.0,1277962.80652142,212078.94503721604,3.0,113216.94350734528
3948.0,1279207.38930669,198815.170111626,3.0,142633.14161643494
3949.0,1279600.9807311,198872.156863689,1.0,0.0
3950.0,1279404.15865089,229657.41583921,4.0,289914.29007398366
3951.0,1279412.4535629,230083.556703642,4.0,223342.28955389652
3952.0,1271991.9428353,205157.058630124,4.0,378550.6313658751
3953.0,1272357.78526768,205146.286982119,4.0,832051.7280578553
3954.0,1259508.09706251,188533.0440211,3.0,42389.99999999999
3955.0,1283848.36499144,253822.764791951,4.0,247822.30804641283
3956.0,1277506.48165695,237023.166502759,4.0,238759.17473678163
3957.0,1266344.77758153,262206.882880539,4.0,660522.1235658552
3958.0,1266673.02628586,262199.374016538,4.0,964921.0013604418
3959.0,1258356.20598935,214287.143759474,3.0,64213.3397643023
3960.0,1258173.28310916,214292.090575472,4.0,457104.68602027657
3962.0,1277046.98418447,223620.778265029,4.0,140621.46137864943
3963.0,1255961.6943709,255109.066361278,4.0,63953.24339683847
3964.0,1256001.61424293,255797.858297974,4.0,1268596.1794010038
3965.0,1261777.26410484,266861.370629311,3.0,34998.54699000688
3966.0,1261780.06986484,266969.720133424,3.0,104447.55360558546
3968.0,1266937.48542213,256375.299066573,3.0,26802.52831164857
3969.0,1271393.08869068,253490.063991621,4.0,130261.25666409556
3970.0,1271398.4210427,254148.050232291,3.0,72132.87582923446
3971.0,1268004.15454322,172733.842660919,1.0,0.0
3972.0,1266463.50142165,285574.825304478,1.0,0.0
3973.0,1260934.36253598,168966.70384106,4.0,167827.91575922866
3974.0,1261012.81092006,168194.888160273,3.0,316011.1649712777
3975.0,1268056.75614327,233055.761698693,3.0,876094.5013155033
3976.0,1280407.25996391,221541.359510899,4.0,39580.19535914632
3977.0,1256231.25417916,218876.975444168,4.0,29628.78819938411
3978.0,1256210.80246714,218412.376595691,4.0,265527.212890707
3979.0,1275967.83218338,231275.823008865,4.0,79061.54952292773
3980.0,1275976.10904738,231573.25776118,4.0,246811.6796585002
3981.0,1263796.93162692,268234.459718719,4.0,117019.31333712222
3982.0,1263464.67146657,268243.251398727,4.0,107523.37314369998
3983.0,1251884.49155071,239250.862505034,4.0,67394.89253188521
3984.0,1260893.95056795,251673.789429754,3.0,19155.64823301538
3985.0,1260757.0502798,251674.54366976,3.0,24261.370422570097
3986.0,1259453.73399046,215488.05736070903,3.0,288976.3427187884
3987.0,1278299.53285776,225971.127899438,4.0,203305.25811920784
3988.0,1278621.69727409,225964.068507433,4.0,283567.56013163965
3989.0,1286924.49433859,200511.053825364,3.0,89792.2852671237
3990.0,1287200.41305888,200504.320577353,3.0,42390.0
3991.0,1259827.16138284,240359.33469817,4.0,673730.6168665077
3992.0,1259838.65674286,241042.380266875,4.0,687784.1953463923
3993.0,1281584.19033313,197565.80281435,4.0,111088.55691522024
3994.0,1275624.66194302,260808.100223109,3.0,6711.265078948411
3995.0,1279086.63532257,232026.79561764,4.0,24357.23308474546
3996.0,1279095.17529057,232298.967969924,4.0,18366.838121117005
3997.0,1258967.48227796,255060.877113223,4.0,308192.9341452431
3998.0,1258979.30282198,255745.372473925,3.0,91574.9975986663
3999.0,1265219.35530837,250297.12357235,4.0,223951.07547738665
4000.0,1265234.06526038,250946.718709007,4.0,238297.6787475646
4001.0,1277120.99621655,217049.190674305,4.0,491454.815521916
4002.0,1277111.83448854,216689.148753926,4.0,389701.4329959488
4003.0,1260028.77482305,255047.563193217,4.0,179852.07600350762
4004.0,1260040.75479107,255728.920441911,4.0,190676.0292952588
4005.0,1283337.58348691,253834.678455964,3.0,19741.054548585493
4006.0,1262975.58154607,172661.358564854,3.0,208857.04742783977
4007.0,1262660.53431375,172674.845412865,3.0,1666442.138060039
4008.0,1280277.46495579,168598.599904686,3.0,109141.81163149962
4009.0,1264958.74986809,171347.1984355,3.0,923748.3728906816
4010.0,1260668.6449037,281243.78248404,3.0,169542.0
4011.0,1269803.54072106,285153.634840041,3.0,73909.96492011215
4012.0,1269931.36062519,285151.344856039,1.0,0.0
4013.0,1270261.23659353,188068.336884618,4.0,82424.32101582036
4014.0,1270566.83998585,188232.135156795,3.0,102916.49424181128
4015.0,1262468.02845755,208429.114441469,3.0,289636.150721282
4016.0,1277138.40722458,227047.344284534,4.0,993676.2690834976
4017.0,1283083.40223867,208674.31341773304,3.0,1646328.3699799527
4018.0,1273742.60267709,209084.672842145,4.0,200485.84397984404
4019.0,1274058.63717341,209079.233546138,4.0,337499.0321153779
4020.0,1280441.76249196,224161.813273579,4.0,227080.61346086493
4021.0,1280701.12812422,224153.591833577,4.0,121825.03444640125
4022.0,1272183.35710751,236926.823206663,4.0,187773.8236642957
4023.0,1272483.2633478,236920.920614645,4.0,212121.8284811593
4024.0,1266636.49713382,257571.596859798,4.0,262896.2946416621
4025.0,1266951.38596614,257564.074875787,3.0,24599.22248837024
4026.0,1256868.91331582,217916.657491192,4.0,24341.94888218255
4027.0,1256529.57315546,217931.660051212,4.0,52112.33947243461
4028.0,1274926.64856631,223358.675800756,3.0,43539.76973771046
4029.0,1275105.69842249,223354.730904758,4.0,339417.1259397773
4030.0,1285205.57715283,260870.49542316803,3.0,21152.46830234072
4031.0,1252366.6808632,241901.223979756,4.0,251660.0376926901
4032.0,1273042.44856438,203770.14477270804,3.0,127864.43708017598
4033.0,1273989.46309336,203994.431684926,3.0,46485.65566968433
4034.0,1265690.95870085,248753.019378766,4.0,379588.1238958971
4036.0,1276843.30546427,253302.835063428,3.0,11203.008975268876
4037.0,1280607.53222013,229159.477854699,4.0,845413.7083887446
4038.0,1280875.4526044,229152.370206699,3.0,1250743.9504866083
4039.0,1259609.24675862,246570.123440534,3.0,947.0746029622186
4040.0,1259611.04631062,246654.399536625,3.0,51394.800389084085
4041.0,1277346.42092079,258928.961277187,4.0,2930337.720202667
4042.0,1277345.98789679,259077.416381344,1.0,0.0
4043.0,1280020.67346753,230493.293408066,4.0,1426526.5564827942
4044.0,1280285.6542678,230485.935136065,4.0,81683.44299993581
4045.0,1277728.25944918,247672.51198566,3.0,7497.378742294144
4046.0,1279031.60031451,270463.089800999,4.0,1186929.3173035707
4047.0,1279041.83948252,271126.388297677,4.0,3119682.349913684
4048.0,1263973.96375509,242347.973420203,4.0,2261088.4297950766
4049.0,1270621.7476979,205204.840390176,4.0,90843.37774797875
4050.0,1270613.51544189,204909.006021872,4.0,144452.09148519873
4051.0,1286750.63046642,196075.404540822,3.0,3021.218469984284
4052.0,1286757.28141043,195829.05337257695,3.0,25019.801285333266
4053.0,1268401.70327963,234899.736356586,3.0,75908.33794896473
4054.0,1268693.44254392,234894.070692569,3.0,77056.62140747995
4055.0,1267118.46142231,279428.348754182,4.0,1114115.3612855754
4056.0,1277394.06815283,278520.699345246,3.0,1366981.8560623694
4057.0,1281883.12678143,182118.162478536,4.0,254298.0
4058.0,1282200.28063776,182113.846190527,4.0,127164.0
4059.0,1264650.07428378,189220.30046980095,3.0,113135.14608809524
4060.0,1264641.51133978,188694.99314126404,3.0,238366.33495240044
4061.0,1265346.6821565,244538.594734445,3.0,46971.94579443296
4062.0,1265609.03562877,244532.691502452,4.0,400456.4963575986
4063.0,1280890.48242842,247922.509873912,4.0,89432.99160687487
4064.0,1281188.39391673,247916.250353903,4.0,83447.99107579388
4065.0,1270962.36613025,205195.530694157,4.0,203599.16762966907
4066.0,1266025.6151492,251614.702901691,3.0,52298.98479493335
4067.0,1274850.36952624,216434.111889675,4.0,85267.69812068656
4068.0,1265661.77041282,260370.311422661,4.0,544505.8425961647
4069.0,1266793.63268597,249229.398323253,4.0,45771.45771563674
4070.0,1267819.78084703,285003.611863881,4.0,174478.68828117443
4071.0,1267821.68017504,285387.491352275,4.0,550815.1871422548
4072.0,1252088.10102293,241239.956971079,3.0,221034.48532466264
4073.0,1281492.42546903,171702.377187863,4.0,84778.0
4074.0,1281487.23353302,171444.138531595,1.0,0.0
4075.0,1280439.42393196,179387.624299735,4.0,864355.7251608872
4076.0,1261210.74423227,278250.785168976,3.0,60768.1880585739
4077.0,1262209.57328929,279315.40507406,3.0,160279.62514330389
4078.0,1257402.82602036,191942.508984596,3.0,185954.32962827952
4079.0,1257069.59664403,191950.520760596,4.0,156227.78201838135
4080.0,1287893.26566759,182750.365295187,3.0,1984929.2044264723
4081.0,1274311.90174969,231642.250721246,4.0,135913.09021546043
4082.0,1274616.83614999,231633.079201236,4.0,144425.639617066
4083.0,1263778.8962349,230243.290591806,4.0,5545277.248645908
4084.0,1263624.37949874,230248.396575823,3.0,108029.795561827
4085.0,1258560.99133354,199218.539328039,3.0,86188.84577165225
4086.0,1282123.16959767,212186.078733325,4.0,27745.429625168428
4087.0,1282394.90758196,212177.911053315,4.0,8349.030490762083
4088.0,1280964.25951649,209178.977738246,4.0,167605.39745641928
4089.0,1281244.56703678,209225.74209028497,3.0,10431.315056959056
4090.0,1270587.00728187,229218.243486762,4.0,365517.9084006071
4092.0,1256305.02243523,195758.779516503,3.0,84778.0
4093.0,1256187.90915512,195752.031164497,1.0,0.0
4094.0,1265619.69700478,244962.885230884,4.0,340352.6497648057
4095.0,1265879.90878105,244957.038766876,3.0,22341.172106796967
4096.0,1274300.27838966,206204.336071193,4.0,406706.9819510868
4097.0,1274958.28696634,206190.41843918,4.0,883308.8128746048
4098.0,1266009.44689317,210626.699915722,1.0,0.0
4099.0,1265101.54942025,210657.10605976,4.0,13933266.937596032
4100.0,1274478.46667784,213952.567631125,4.0,186960.6647261463
4101.0,1278434.8505539,249598.43205162897,3.0,46604.27858091122
4102.0,1278440.23109791,249957.889651999,4.0,197001.4240439344
4103.0,1279436.17823492,220656.189717993,3.0,26149.56943623048
4104.0,1279395.46572289,220285.165845618,3.0,3992.6435361002696
4105.0,1279295.27890678,227015.669148505,4.0,295673.1479160241
4106.0,1279306.8629068,227449.85097295,4.0,231245.19280833832
4107.0,1281206.88761275,263112.937473476,3.0,17746.69358186421
4108.0,1253808.77347268,236480.177446201,3.0,123843.96967893072
4109.0,1272811.65016414,230022.85769558,4.0,842587.2772976953
4110.0,1262771.54064986,266941.123397395,4.0,758474.5306220037
4111.0,1262766.24637786,267602.682438076,4.0,781545.5868825137
4112.0,1257803.42621277,286765.809497684,1.0,0.0
4113.0,1271116.28216241,282792.586773619,3.0,83826.05869002068
4114.0,1271345.10456264,282799.893205628,1.0,0.0
4115.0,1263585.8464427,283951.50831081,1.0,0.0
4116.0,1263376.92458647,283959.015510812,3.0,135509.70828922113
4117.0,1262661.90538575,172711.253796905,3.0,1735671.1086083364
4118.0,1262331.83645742,172732.96995692,3.0,44013.04294414113
4119.0,1263638.85553075,172479.227364659,4.0,95510.103949617
4120.0,1263311.16913041,172497.608868673,3.0,7465.166750286183
4121.0,1256681.39990762,203051.150787964,3.0,83114.54056115665
4122.0,1256498.55453144,202963.667715877,1.0,0.0
4123.0,1277567.83884101,212511.115789652,4.0,165005.8978528996
4124.0,1263024.43479413,259149.532349408,3.0,57192.474503934
4125.0,1262693.88100179,259158.010365427,3.0,17007.999410311517
4126.0,1256576.42544352,236494.65802221,4.0,103117.9656081604
4127.0,1255920.72496285,236506.309606224,3.0,49310.03590141224
4128.0,1275459.14751086,214251.010959432,4.0,577409.8891790832
4129.0,1269754.68644901,245936.570927888,4.0,235094.7002492943
4130.0,1270064.73438533,245930.472495869,4.0,423817.9381002375
4131.0,1267230.42769442,264835.268675238,3.0,115853.71548162316
4132.0,1280110.96037962,218427.438611716,4.0,582696.798615559
4133.0,1272097.78315541,247208.61400118505,3.0,33091.09364969435
4134.0,1272763.43832409,247188.971313164,4.0,174830.09170663435
4135.0,1281634.25420518,228269.394973785,3.0,202353.2650143144
4137.0,1265008.56900415,252029.051190123,4.0,302133.9077902056
4138.0,1255559.32899448,250969.098933041,4.0,194513.2681599601
4139.0,1280727.66649225,216290.801489532,4.0,81452.68864003498
4140.0,1280719.69042824,215890.254673108,4.0,34345.07390330655
4141.0,1282020.28166157,246576.428208545,4.0,16887.791853057035
4142.0,1282029.06182158,247239.374385223,4.0,103076.312233965
4143.0,1288043.84345974,202042.040578932,3.0,199699.7521231505
4144.0,1285509.00601715,242534.412716404,1.0,0.0
4145.0,1285511.86227314,242673.05450853697,3.0,42496.023809523824
4146.0,1278959.89637844,226521.796123996,4.0,358551.9263089258
4147.0,1261652.91594471,248505.843634516,4.0,187237.3428991778
4148.0,1264332.52471545,258950.084285215,4.0,455060.3800860541
4149.0,1264004.83773912,258958.37919721,4.0,301908.7865671875
4150.0,1276717.51864815,223321.340888724,4.0,286996.36108865845
4151.0,1284153.58252776,251960.009014055,3.0,119365.29180914108
4152.0,1284153.21964775,252219.071478322,3.0,197084.5440396695
4153.0,1278086.74821754,217025.744850278,4.0,124698.17635043102
4154.0,1265147.52279629,233432.046371073,3.0,109685.3972471692
4155.0,1267123.72055832,281195.819283992,4.0,4484862.288465071
4156.0,1275030.87864642,284495.973143369,4.0,794983.8591939611
4157.0,1281931.96166149,171691.512035862,3.0,353917.555602191
4158.0,1282281.93337384,171684.096739843,4.0,3260131.468138704
4159.0,1257825.9908208,244408.47851032004,3.0,71432.9513638652
4160.0,1257450.03094842,244415.207470328,4.0,94528.51608036678
4161.0,1280178.23813969,253901.971000046,4.0,1198603.4578430569
4162.0,1279626.97349912,214390.276751578,4.0,197513.00378958977
4163.0,1279629.04633112,214109.121423289,1.0,0.0
4165.0,1256284.11497922,244435.637550339,4.0,32461.301508676755
4166.0,1277121.86924055,176463.610152736,3.0,314076.1885544393
4167.0,1259439.10211845,190525.908087134,4.0,1739725.8141280685
4168.0,1262779.24240987,207760.061640784,3.0,655582.6374144852
4169.0,1262449.31165753,207769.38087280103,3.0,265891.91004618525
4170.0,1255197.7349461,244076.274797976,4.0,78710.81793412924
4171.0,1255328.69264224,244673.573422596,4.0,4797.469200308517
4172.0,1279639.16505113,223829.16533725,3.0,323057.0090047642
4173.0,1279869.90079537,223816.120089233,4.0,1033812.8511806058
4174.0,1284482.6740481,259088.811645344,3.0,127358.35630240595
4175.0,1265107.77975625,231857.469153464,4.0,1814334.7308819792
4176.0,1265116.29514827,232148.584737763,4.0,244057.6693579571
4177.0,1271710.15237102,194081.852090776,3.0,16755.013642733502
4178.0,1271877.31377919,194077.90527477895,3.0,74960.38143248504
4179.0,1285255.58592089,209089.792266145,4.0,701038.6798844287
4180.0,1272868.4328842,253172.946551293,3.0,48323.40307113892
4181.0,1286929.60288259,253080.513335198,1.0,0.0
4182.0,1252706.63164756,237247.227430984,6.0,285254.01015050214
4183.0,1278155.90060161,248823.93688283896,3.0,664620.516461213
4184.0,1278160.68472962,249088.424819112,3.0,107615.19606851682
4185.0,1264926.90513207,254822.374008983,4.0,143064.78925464675
4186.0,1264931.85815607,255086.335417256,4.0,371794.5096910864
4187.0,1283601.14534318,201868.668546751,4.0,126816.19809024838
4188.0,1283598.04588719,201543.905410424,4.0,120848.93464294769
4189.0,1286485.76358615,243581.589741468,3.0,124219.8914482546
4190.0,1286617.96243428,243820.441261709,3.0,81284.08309946055
4191.0,1274425.58098179,211713.859148845,4.0,377822.166420064
4192.0,1266035.6604612,245493.708591431,4.0,233751.88395646669
4193.0,1267246.01367845,236485.912678212,4.0,149606.12893042612
4194.0,1267390.80107059,236482.761382207,1.0,0.0
4195.0,1280411.41938792,286340.719449252,4.0,128188.46736562232
4196.0,1280911.36786844,286325.094169244,1.0,0.0
4197.0,1271785.64561909,277348.361104041,3.0,84778.0
4198.0,1272232.38654755,277332.023888037,1.0,0.0
4199.0,1279591.16741909,169252.28528136,4.0,574787.1349616969
4200.0,1279581.15596308,168822.349152923,1.0,0.0
4201.0,1285964.24166562,285986.509848893,3.0,169542.0
4202.0,1286328.31475398,285638.027608544,3.0,84778.0
4203.0,1266581.69047776,282806.254741639,3.0,84777.99999999999
4204.0,1267138.04894233,282744.948437572,4.0,462992.0275328868
4205.0,1265681.68081284,175263.000679508,3.0,274296.61719747726
4206.0,1267991.3376472,261382.855295703,4.0,130869.08244233252
4207.0,1255247.74563415,235873.693733573,4.0,41352.15161562391
4208.0,1288233.02611594,188446.608117014,3.0,88796.38006560178
4210.0,1272604.24440393,246135.64990408704,3.0,43241.40807202902
4211.0,1264852.09655599,267889.571654364,1.0,0.0
4212.0,1264786.18621993,267892.079494372,3.0,50427.85126958652
4213.0,1273431.94782878,247169.187889144,3.0,177725.74190076417
4214.0,1267739.48510295,252643.89675875,4.0,317558.0534527473
4215.0,1268090.54411131,252635.823926747,3.0,78354.31186916275
4216.0,1268393.46577562,268789.80935128,4.0,7413487.248250286
4219.0,1277703.49336915,224835.656730279,3.0,17276.6903979214
4220.0,1259176.93955818,215129.18369633,4.0,55056.44596599534
4221.0,1268688.88081592,226501.115675986,4.0,622598.9644192625
4222.0,1268686.71844792,270772.605257317,4.0,195677.4684047688
4223.0,1268691.09508793,271132.036617681,4.0,86255.06664251442
4224.0,1287891.83193958,185709.012594208,3.0,247605.86719423803
4225.0,1287858.95238756,184684.960177153,3.0,802943.2589185914
4226.0,1275169.06667855,231892.296481505,3.0,16826.903111110092
4227.0,1275177.85144657,232184.4212818,4.0,131279.67504136168
4228.0,1258274.90954126,201070.790209934,4.0,1690257.4008439414
4229.0,1265211.48887636,238872.848168656,3.0,20641.34898748703
4230.0,1279606.8337231,276300.871758983,3.0,120258.19929948638
4231.0,1279605.4561231,276401.356111079,3.0,127246.78338590715
4232.0,1282966.36735854,203321.264388248,3.0,12681.609701552874
4233.0,1279046.69509853,271787.109450355,4.0,140869.64017779226
4234.0,1269584.15428884,277763.448208466,1.0,0.0
4235.0,1278274.46143374,262550.1827209,4.0,452292.7570271751
4236.0,1269675.15710492,264919.799363315,3.0,58089.9986860626
4237.0,1271751.70705906,221841.520663202,3.0,87390.50564008184
4238.0,1276305.88594373,263936.571330309,4.0,467601.2586314509
4239.0,1270627.98065791,242279.767852142,4.0,404745.35551761865
4240.0,1270921.75697821,242271.190764129,4.0,406705.3270388334
4241.0,1266855.61649404,196374.606397137,4.0,106605.67979398392
4242.0,1266541.53738973,196384.261885136,4.0,782665.1667985779
4243.0,1281427.44492497,244095.696942002,1.0,0.0
4244.0,1269846.4385771,206941.042311952,4.0,708856.4035031853
4245.0,1276520.54303195,228235.987549752,4.0,96168.22904971728
4246.0,1263538.19985065,237935.115111694,4.0,208384.9506762803
4247.0,1263548.44068266,238374.876072139,4.0,418349.8080974638
4248.0,1259729.65207075,245374.206575304,3.0,24104.73295284565
4249.0,1262659.25904974,256480.566586673,4.0,296489.8381061029
4250.0,1262668.23312975,257008.936571226,4.0,232272.62838552837
4251.0,1285922.82732956,186205.233714715,4.0,49607.09138090577
4252.0,1286556.05574621,185667.82168217,3.0,40473.157887766974
4253.0,1258833.61808583,258808.97990106,4.0,695004.0110827317
4254.0,1254455.02281734,243168.188653052,4.0,445358.6040630025
4255.0,1274461.18885383,223006.72111240003,4.0,1526752.0078054478
4256.0,1252602.14038345,240564.599402383,4.0,224738.3503278352
4257.0,1252608.56751946,240883.463210702,4.0,203723.28137802336
4258.0,1255422.62851433,204640.388101593,4.0,727660.2332211128
4259.0,1285020.19923264,205306.65805427695,3.0,54448.58177350524
4260.0,1285017.54668865,205176.474630147,4.0,403110.6046392502
4261.0,1257310.91050027,252392.752886489,4.0,89910.69259899922
4262.0,1257322.74902828,253058.263351172,4.0,203422.61136233617
4263.0,1281284.44262081,261798.600512132,3.0,335908.5779442911
4264.0,1281310.67090884,262458.030336797,3.0,97134.66976738216
4265.0,1271487.06392279,202897.845955804,1.0,0.0
4266.0,1252796.71772765,208849.562761903,1.0,0.0
4267.0,1252906.10140777,208605.401801661,3.0,230592.0444886769
4268.0,1258971.87139797,201855.976962745,4.0,336744.93671196606
4269.0,1274546.04824592,228808.567454338,4.0,120401.0841388404
4270.0,1266613.0011338,172015.164644182,4.0,1652601.444480567
4271.0,1266290.46961346,172010.104612187,4.0,740848.2523463736
4272.0,1272072.56862739,270696.356681243,4.0,134221.41579839442
4273.0,1272403.35864373,270685.930889219,3.0,194105.3849336557
4274.0,1276967.01682439,217865.317651138,4.0,340309.4970904733
4275.0,1277208.46911265,217862.934163138,5.0,1755465.7368899663
4276.0,1283842.87545544,241404.328043237,1.0,0.0
4277.0,1284030.78060763,241276.439147115,4.0,134391.66571556593
4278.0,1283582.57580717,206539.74253554604,3.0,157967.84191306346
4279.0,1283670.13401526,206538.813767537,3.0,57909.816878796846
4280.0,1278177.43730564,205770.284102753,1.0,0.0
4281.0,1278161.59448962,205419.04039038703,3.0,69525.07742684304
4282.0,1267769.37022299,244615.477422535,4.0,75184.73115293354
4283.0,1257505.59581247,239714.55908151,1.0,0.0
4284.0,1257334.95050029,239718.780841514,3.0,47743.51283494077
4285.0,1280591.4882521,201292.115586162,3.0,51223.92083914386
4286.0,1264507.04733963,233061.1343707,4.0,204745.5622662036
4287.0,1258827.75197382,247449.261809438,4.0,371264.7085994703
4288.0,1258834.13187782,247752.246065736,4.0,264666.7217652371
4289.0,1263867.08177099,249656.183859691,4.0,249773.1512968937
4290.0,1263880.17066699,250321.199924365,3.0,38717.84347913627
4291.0,1266394.99204557,266178.524548605,4.0,1089278.431843474
4292.0,1256419.81123535,190673.309367299,4.0,379463.89916973154
4293.0,1256429.52541137,189937.329910532,4.0,305770.6506419984
4294.0,1280867.9654364,228970.289246514,3.0,1206527.5504559511
4295.0,1281203.84562874,228962.370590508,4.0,486698.0047520136
4296.0,1270378.02283365,193643.363514334,1.0,0.0
4297.0,1270479.68369776,193633.374010324,3.0,127729.62699210164
4298.0,1262919.17911401,233730.451299384,4.0,162320.99134356514
4299.0,1276389.01439181,231264.806304857,1.0,0.0
4300.0,1276533.21554396,228772.733214304,4.0,52680.34313504532
4301.0,1261819.36637689,233122.180514753,3.0,636455.761874028
4302.0,1261780.02948084,233589.45091523204,6.0,1241788.6052614036
4303.0,1253514.03094438,245956.713583902,3.0,415851.9675900138
4305.0,1257863.58160484,252383.337526485,4.0,50539.02022990757
4306.0,1270909.5962102,241840.369771689,4.0,635102.0140984291
4307.0,1271203.2596985,241832.081451684,4.0,712092.6996787748
4308.0,1278158.40556161,231216.887072816,4.0,119135.7715149146
4309.0,1274938.90539832,205394.094598368,4.0,910631.3155798066
4310.0,1274918.52523831,204593.03942954505,3.0,968083.3891034988
4311.0,1274136.02680551,248480.155698493,4.0,248409.51062141889
4312.0,1274808.56152619,248459.931058466,3.0,52006.24314362022
4313.0,1282336.6317419,204169.062277108,4.0,350160.83701752085
4315.0,1276484.4935599,217367.671378627,4.0,110658.31973862168
4316.0,1276806.42008823,217359.872850627,4.0,270353.1733972381
4317.0,1270648.39825793,213115.000078276,3.0,39714.81086674727
4318.0,1270757.16216204,212143.291405275,3.0,84874.33219165141
4319.0,1262352.00669743,253671.373367801,4.0,827567.1661354232
4320.0,1262366.05623345,254339.242744491,4.0,2250055.18984908
4321.0,1279847.82437935,261836.898368165,3.0,401278.12389704754
4322.0,1280272.49580379,261825.524032146,4.0,544288.9368580886
4323.0,1258943.96106194,253711.185591847,4.0,147782.12912996297
4324.0,1258678.56886967,253713.374903843,3.0,140281.669506474
4325.0,1258573.47261356,257169.544187382,4.0,313161.04619095195
4326.0,1258312.00688529,257089.741819307,4.0,291258.5077294485
4327.0,1263969.61898708,250319.59134836504,3.0,18837.183513471653
4328.0,1263984.3433391,250969.441781029,4.0,49395.0920501446
4329.0,1268910.38891214,255001.978297159,3.0,1584501.9587573423
4330.0,1268914.44369616,255265.76652143904,3.0,1597486.2291567368
4331.0,1253110.59113596,236861.272166595,3.0,986616.570337974
4332.0,1267443.30686265,277432.560720131,3.0,129545.71471743323
4333.0,1267444.84267065,278094.650320813,3.0,216009.1039662206
4334.0,1285142.07724877,199895.146944731,1.0,0.0
4335.0,1285393.63846503,199892.751616731,4.0,454440.2086524992
4336.0,1270309.37726559,241857.162091702,4.0,492145.66662176006
4337.0,1270616.0187379,241848.987563699,4.0,573100.0753058636
4338.0,1275949.88075936,261957.520512283,4.0,3484137.7419546265
4339.0,1266329.03550151,242300.672684163,3.0,246240.8438522808
4340.0,1277442.68716088,217041.366546288,4.0,131321.96164790966
4342.0,1279242.47161072,252111.70655021103,3.0,28603.28587404027
4343.0,1279243.34789872,252595.738678709,4.0,343879.0786697667
4344.0,1263845.83050697,237043.142182782,5.0,583445.0702055723
4345.0,1276520.98917595,269218.806535721,3.0,75293.63367104424
4346.0,1276772.8659762,269210.63098371,3.0,34487.93587099675
4347.0,1278004.01868147,220344.913429677,4.0,3483162.0940182107
4348.0,1282377.11231793,206858.31149587,4.0,899318.9215840432
4349.0,1253502.97353637,214632.894671828,3.0,124400.59048930858
4350.0,1253077.10300793,214649.767695844,4.0,149697.74714323643
4351.0,1286663.46694633,188882.798517466,3.0,2526711.6219271235
4352.0,1286654.16608232,188558.963253126,3.0,2606803.0655518183
4353.0,1255073.88118598,194319.408379033,3.0,105275.93864967104
4354.0,1254822.55785772,193483.836922169,4.0,119347.9407936105
4355.0,1276728.50783215,253967.474168107,4.0,5467602.819661045
4356.0,1279878.84537138,214385.354511574,4.0,261015.3010378556
4357.0,1279865.50681137,213661.064590827,3.0,187096.7144108517
4358.0,1263234.22442633,209741.530762821,3.0,6336630.65549217
4359.0,1262974.94346607,209746.10721083,3.0,3290716.4208565806
4360.0,1277176.89074461,178150.626090467,3.0,162194.9702436505
4361.0,1277168.8048566,177895.265066206,3.0,242238.6641229088
4362.0,1293033.63072886,179992.632236362,4.0,6054922.475657125
4363.0,1293030.26196085,179773.600236133,1.0,0.0
4364.0,1281723.38066927,282126.411284938,3.0,772191.1462488892
4365.0,1278319.74284178,178428.89297075602,3.0,81247.44824360636
4366.0,1278802.23692228,178426.80599474898,3.0,217277.83376633123
4367.0,1267717.21975893,233366.760099009,4.0,981306.6026699072
4368.0,1268064.50673528,233357.848035008,4.0,4748852.361357081
4369.0,1272712.22776404,263709.092098087,3.0,1863594.54723118
4370.0,1279885.78892338,224536.139993966,4.0,969215.2440790536
4371.0,1275784.70559119,203673.062596604,4.0,1073108.7816330702
4372.0,1276084.6659115,203665.4730286,4.0,913957.1540082012
4373.0,1271494.1232508,249320.449011341,4.0,94352.33449593488
4374.0,1272156.63672347,249296.823411331,4.0,96198.0608350095
4375.0,1269581.76683283,247272.126001254,4.0,1407726.298699968
4376.0,1270097.50468937,247261.723761246,4.0,883543.0804224178
4377.0,1273700.47582905,240567.755882382,3.0,9688.809464897637
4378.0,1255777.5963227,194850.230843574,4.0,37739.999624540265
4379.0,1255156.57949007,194875.180283591,3.0,8611.249036336847
4380.0,1273600.90648495,236832.250854567,4.0,85235.2216966113
4381.0,1273918.63282128,236827.495974556,4.0,156829.46235304946
4382.0,1256747.01136369,242193.483244047,3.0,1890640.4588469963
4383.0,1271234.14577852,212855.737806007,4.0,105416.44550270015
4384.0,1255539.62205045,249922.351027966,4.0,2757885.8670100598
4385.0,1275535.44197494,261440.90246376404,3.0,212145.44691968075
4386.0,1266635.43742181,235878.889253587,4.0,319833.13565041195
4387.0,1264498.84164363,251610.471989691,4.0,54456.64316927807
4388.0,1264248.86673138,251615.101877704,4.0,505120.3170724919
4389.0,1269784.48235305,244062.766573966,3.0,63613.76162778356
4390.0,1270078.75697735,244054.707245961,4.0,181760.79590113432
4391.0,1280339.33522785,267114.335301563,4.0,267069.91818487353
4392.0,1265634.8692288,258256.258876503,4.0,199686.65041449288
4393.0,1265965.93418913,258248.373052493,4.0,348350.3531087885
4394.0,1269375.38404863,177864.263146177,4.0,332884.1781486637
4395.0,1269042.72036828,177867.486890182,3.0,69449.99011428186
4396.0,1284504.79116812,170657.361890793,1.0,0.0
4397.0,1284899.68800052,170651.143714786,3.0,343758.8518966572
4398.0,1284487.1324161,235677.935589373,3.0,21516.498663480128
4399.0,1273284.74104463,226326.386075795,4.0,984086.568547449
4400.0,1273129.06258047,226589.96034807,4.0,360786.93647785374
4401.0,1255891.39497882,218426.63809971503,5.0,1479754.0544979628
4402.0,1264185.97777131,197733.010174528,4.0,299164.2917115086
4403.0,1265839.69169301,234345.619364008,3.0,290147.973974316
4404.0,1266162.86327733,234338.44349201,3.0,348817.9553116005
4405.0,1280304.87436381,219409.114772722,3.0,33006.59868520527
4406.0,1280366.38111588,219406.739476711,4.0,83859.92173664189
4407.0,1275471.35615087,215440.780560657,4.0,109024.70088976948
4408.0,1275456.41848685,214879.888592079,4.0,87866.26814894391
4409.0,1256937.60937989,194689.065467402,3.0,662580.7123000196
4410.0,1272399.30974773,227981.098973498,4.0,199620.6288521862
4411.0,1256871.34774782,248344.100530341,4.0,167235.81172633
4412.0,1257916.21437289,210489.42100358,4.0,1396059.575909651
4413.0,1257902.42998888,209830.030602902,4.0,5281198.037430401
4414.0,1274857.33080624,236340.431334049,3.0,41345.6035390325
4415.0,1274869.46392626,236813.268326536,3.0,2497.9531583785965
4416.0,1282701.02342227,269028.282631531,3.0,33085.2141758919
4417.0,1282701.65139027,269693.63988021,3.0,42988.569619269605
4418.0,1288721.35322043,248420.071538419,4.0,43648.69019116017
4419.0,1288746.57466047,248684.583474696,3.0,88458.50223635325
4420.0,1284884.04300851,262908.171841264,3.0,202834.76560172797
4421.0,1284819.23148844,263172.989185527,1.0,0.0
4422.0,1277847.2877373,251295.883061364,4.0,255746.94560408656
4423.0,1277848.2880573,251627.279669717,1.0,0.0
4424.0,1266618.32689381,235258.695972949,4.0,69948.46420601154
4425.0,1266729.19313392,235256.246820942,1.0,0.0
4426.0,1287127.0992028,251501.217589587,3.0,1383224.951964394
4427.0,1271481.78174677,241258.751211092,3.0,103122.1532718998
4428.0,1282955.00025453,172336.067556515,3.0,84770.0
4429.0,1282944.07212652,171861.510436028,3.0,296652.0
4430.0,1284366.85868798,189042.312629625,4.0,685189.6132606379
4431.0,1264186.74813931,279638.162322387,1.0,0.0
4432.0,1263970.35876308,279642.945426404,3.0,458647.0615876721
4433.0,1270218.83972949,283695.318870544,3.0,43558.49467485917
4434.0,1270406.15364967,283692.789014548,3.0,7000.082517550998
4435.0,1273954.26136531,180051.759468421,1.0,0.0
4436.0,1273950.80139731,179765.553324118,4.0,97920.49547240711
4437.0,1274581.14987795,179098.971627444,4.0,1217163.208169005
4438.0,1267125.79934232,281748.585236549,3.0,3130107.347282039
4439.0,1267790.192047,281738.182356536,3.0,3155891.2564309626
4440.0,1269001.17483224,200286.303937137,3.0,22040.44551613331
4441.0,1268994.91601624,199657.01548849,3.0,38622.26795453008
4442.0,1289249.89382897,191741.214392379,3.0,609818.4425277296
4443.0,1296910.58657283,184563.148401037,4.0,843692.1562263296
4444.0,1297204.44129312,184552.353777021,1.0,0.0
4445.0,1296257.74401215,184597.107953072,4.0,426233.8333055739
4446.0,1277301.63493674,232791.621154428,4.0,710169.7965332648
4447.0,1280374.13106789,278557.231377289,1.0,0.0
4448.0,1284592.9287682,205854.32301484,4.0,145172.1754729833
4449.0,1285032.88851266,205842.058886826,3.0,25483.97699199224
4450.0,1288465.52141218,186999.34859553,3.0,129786.07207803812
4451.0,1288459.18707617,186745.918323278,3.0,84777.99999999999
4452.0,1277150.99384859,212868.630798027,4.0,72446.5385375297
4454.0,1276182.96658359,251063.78373313,3.0,414757.4590964792
4455.0,1269524.64030477,268924.113223419,1.0,0.0
4456.0,1269725.75281699,268920.053831413,3.0,275998.3358175163
4457.0,1265451.92900461,237598.087911338,4.0,915724.692575112
4458.0,1265453.96804461,237835.554279581,4.0,1725727.445425403
4459.0,1268971.80971222,260159.504062444,4.0,5849362.208005117
4460.0,1269305.60894455,260152.000830442,4.0,9216471.698249536
4461.0,1286752.33523442,247145.900849119,5.0,525143.722990575
4462.0,1287445.30957113,247129.235825107,3.0,57386.86851510303
4463.0,1280979.10726051,251900.135733992,3.0,36725.97669507095
4465.0,1270393.83185767,198705.734911516,3.0,399759.5041658156
4466.0,1279838.61612333,253577.196727708,1.0,0.0
4467.0,1259177.50122218,251701.581045792,3.0,56352.015566535774
4468.0,1259180.27779819,251861.526581943,3.0,18963.792887350985
4469.0,1280437.88159595,254622.401656777,3.0,26055.650963762266
4470.0,1281330.69510086,254232.69868037096,3.0,4573.7887212659125
4471.0,1254586.11344148,252308.943350405,4.0,75419.43795385923
4472.0,1254590.38544148,252568.997622669,4.0,103257.11347000864
4473.0,1274521.8081819,216181.610065416,4.0,504014.3520618071
4474.0,1274843.72056623,216174.04776141,4.0,320066.69489426067
4475.0,1276654.12146407,237044.475814775,4.0,1511793.9963470206
4476.0,1262177.58122525,249026.469619051,4.0,264529.4439065381
4477.0,1262166.23543324,249292.885043323,4.0,87927.07479104363
4478.0,1282763.45439833,234850.544868529,4.0,1122179.1777511323
4480.0,1282337.7285739,204441.568581387,4.0,598176.3489887766
4481.0,1286131.95129779,205422.209350392,4.0,441536.052820742
4482.0,1286107.52249776,205143.760134116,5.0,738532.5892938025
4483.0,1269994.83819325,223668.036377072,4.0,242853.25631641556
4484.0,1258520.43760552,197627.21907042,4.0,226359.34078756388
4485.0,1258514.1062775,197358.466622144,4.0,106580.27842367667
4486.0,1267431.54148664,193016.371001691,4.0,171159.20085963912
4487.0,1267421.00900662,192349.965497017,3.0,1064214.080795138
4488.0,1258849.06979784,195740.348156482,4.0,3021895.2552352743
4489.0,1275632.75378303,263955.707458332,4.0,147757.95701206572
4490.0,1281336.00486088,263108.437825471,4.0,63662.38065541848
4491.0,1264712.21885985,240332.334122136,4.0,423709.733980196
4492.0,1271243.85208254,256887.023419097,1.0,0.0
4493.0,1278176.40056963,249963.205556005,4.0,77784.5783788551
4494.0,1271854.23870715,244004.049197897,4.0,60842.582660958855
4495.0,1265483.14084464,201706.270274594,3.0,8831.158873399645
4496.0,1256806.06832375,240428.31095424303,3.0,531424.2049188399
4497.0,1256819.44067577,241094.339434922,4.0,130174.41683365214
4498.0,1271830.59729914,196545.011581302,1.0,0.0
4499.0,1260090.94135112,188150.055924714,3.0,254289.99999999997
4500.0,1260081.86032711,187866.476724416,3.0,169541.99999999994
4502.0,1263787.5865389,211047.790284157,4.0,113541.9024582402
4503.0,1263778.12983489,210415.147531509,4.0,47575.64903184427
4505.0,1283366.76063895,206967.374279976,4.0,1605961.3639908475
4506.0,1263889.75786701,234024.177443683,4.0,293053.04681619094
4507.0,1263899.93309902,234387.803684056,3.0,152519.93009411008
4508.0,1266309.95447749,234955.378340632,4.0,142803.44239090933
4509.0,1277405.26764084,225256.145434707,4.0,239669.88950347324
4510.0,1277413.78232886,225624.489499077,4.0,341511.9299055801
4511.0,1260016.73053505,254366.18789652,4.0,295687.6493200958
4512.0,1261681.77706474,258024.047740266,4.0,2352688.9295422486
4513.0,1261687.17303275,258360.81113261,4.0,744239.6097768969
4514.0,1251210.81571002,237959.942823708,4.0,121795.88169097203
4515.0,1250971.93954977,238246.143400013,4.0,69564.65111601973
4516.0,1268694.79915193,271436.161673993,3.0,40143.85528407163
4517.0,1293218.01882504,187820.638260365,3.0,17204.71650045962
4518.0,1292859.67143267,187666.28459622,4.0,72609.73891636939
4519.0,1280763.56735629,178785.297387123,3.0,153461.93066711907
4520.0,1273242.83205259,273445.133708045,1.0,0.0
4521.0,1273741.46360509,273427.91194804,3.0,45608.43558866629
4522.0,1277403.19967285,277806.856912524,4.0,351180.38973072224
4523.0,1268146.68868737,285199.296216086,1.0,0.0
4524.0,1268150.21163137,285382.589144275,3.0,242651.5063585205
4525.0,1281042.05433257,271064.479625612,4.0,1445494.852178119
4526.0,1281057.44306859,271716.715850279,3.0,67290.74319450767
4527.0,1280359.33977187,220728.981270075,4.0,47412.89223167118
4528.0,1280659.13804418,220717.91464605895,5.0,45373.182592064266
4529.0,1271497.4284028,241823.803883672,4.0,59457.593175943024
4530.0,1259094.3085181,191557.414904192,3.0,27304.79158033952
4531.0,1284091.30969569,244306.572846219,1.0,0.0
4532.0,1279165.93177065,255228.452921391,1.0,0.0
4533.0,1279531.00645903,255217.650105387,3.0,65377.56984991478
4534.0,1260990.57834403,250116.136692166,4.0,1529887.923931342
4535.0,1260340.57571937,250131.267892182,4.0,2375496.83871483
4536.0,1284434.09574404,202510.834947407,3.0,693521.4622753878
4537.0,1284704.20838432,202509.323779419,4.0,693042.5078415335
4538.0,1271444.31531474,222460.464983836,6.0,1508548.2037286889
4539.0,1271765.40453108,222453.518167838,4.0,790326.1850383552
4540.0,1260074.39216711,187636.506100178,3.0,84777.99999999997
4541.0,1285798.00249743,244530.19217445,3.0,176684.44673337467
4542.0,1282082.37273364,225607.544347063,4.0,75085.53174988746
4543.0,1287712.0885154,252392.348662496,3.0,8418748.958093043
4544.0,1288107.39091581,252384.594742492,3.0,228578.1061932944
4545.0,1260491.89360753,196498.28198126,4.0,739600.488144326
4546.0,1256910.52483585,218847.037140146,4.0,4652.569050282583
4547.0,1279235.22521073,202018.77158691,4.0,359923.0061166185
4548.0,1279223.10911471,201374.585922256,4.0,135934.50049998614
4549.0,1269083.27377632,270765.043209299,4.0,296423.44248477457
4550.0,1272400.94757172,227167.564828664,4.0,72398.73581298755
4551.0,1257515.52131648,217377.736978635,4.0,638362.5281131421
4552.0,1257493.21558845,216878.553554133,4.0,301693.0237597505
4553.0,1259827.66826285,196511.980797276,4.0,767729.364004556
4554.0,1262971.87229806,244118.638830021,4.0,53537.903875738746
4555.0,1262972.42410606,244246.971950158,3.0,57099.7964536364
4556.0,1269652.35627291,262130.463040471,3.0,55724.08757973959
4557.0,1261603.53476067,239070.401896849,4.0,13340.080687364754
4558.0,1261534.9971606,239071.586600855,3.0,28050.073259721947
4559.0,1271929.42520323,177057.70640935,3.0,82291.10566151526
4561.0,1275004.70744638,176467.20560874,3.0,801192.6255979153
4562.0,1263179.29738627,232044.099041656,3.0,46950.48242306909
4563.0,1262857.40330595,232052.431393668,1.0,0.0
4564.0,1263315.13079442,205720.716294706,1.0,0.0
4565.0,1265764.20593293,266856.176709309,4.0,736318.6136674337
4566.0,1282918.28447849,200903.736129776,3.0,76121.54480978967
4567.0,1263056.55748215,261412.529471725,3.0,169542.0
4568.0,1262851.61034594,261417.644607738,1.0,0.0
4569.0,1266654.14935784,241778.676971629,4.0,131557.78016589832
4570.0,1286635.5995543,187911.786036462,4.0,4067440.09909933
4571.0,1287054.11577873,187901.801140457,4.0,3781583.589690189
4572.0,1280029.57074754,217494.338770762,3.0,19545.075650906136
4573.0,1280182.35129169,217489.12981075,3.0,43176.75246140885
4574.0,1283818.41785541,249196.70513922,4.0,369275.1371829186
4575.0,1284149.17535976,249190.499443218,4.0,291541.3268256088
4576.0,1250797.5563816,214745.89607994296,3.0,85829.41970517159
4577.0,1250770.86415757,214076.273423254,4.0,2505985.392520737
4578.0,1263406.1397545,193124.770041808,4.0,652926.4175356484
4579.0,1263388.3310505,192456.63653712,4.0,1432174.3317565916
4580.0,1255991.12080292,212558.46836569897,3.0,151806.19121952695
4581.0,1255977.24816291,211898.549773023,4.0,340191.6865043644
4582.0,1269203.39294446,243652.645677537,4.0,109198.48443276668
4583.0,1262225.5896093,237957.181351706,4.0,103593.91222882012
4584.0,1262239.87306532,238357.722216114,3.0,128389.8928444318
4585.0,1277541.55672899,207676.258632705,3.0,481557.4833384755
4586.0,1273832.47781318,207042.621448055,3.0,46289.33764043664
4587.0,1273765.87954111,206764.72013576297,3.0,60150.38229018064
4588.0,1285736.97209738,206222.826503217,3.0,1168.1233924688088
4589.0,1284356.66707197,188305.65566887,4.0,11283344.483666912
4590.0,1265453.56318061,282116.878164932,3.0,145017.5383588369
4591.0,1275720.94648713,279941.256530702,3.0,291857.5951504535
4592.0,1275732.31787914,280539.544659317,4.0,444530.7668443053
4593.0,1270423.53777769,276055.278414726,4.0,208398.72879114916
4594.0,1254816.98403372,246076.39249602,3.0,84777.99999999997
4595.0,1254667.06864156,246184.73707214,3.0,169541.99999999994
4596.0,1280492.90412401,248595.682738602,3.0,9344.672258623094
4597.0,1257279.91414824,219776.689173087,4.0,137372.52630386953
4598.0,1264017.34852314,244100.246830001,4.0,146839.08680363695
4599.0,1263752.12925887,244104.853422001,4.0,134515.6004875399
4600.0,1256374.98518731,204621.367813572,4.0,631924.9193042391
4601.0,1275782.04152718,224618.600410059,4.0,475946.2034974948
4602.0,1276103.93816751,224610.379674047,4.0,414084.86770684447
4603.0,1270635.93995391,205734.606022716,4.0,74231.02382063249
4604.0,1270975.85003427,205725.178886712,4.0,189925.74827941816
4605.0,1278799.93413827,254595.33938475,4.0,2973908.440813471
4606.0,1279651.46847515,254562.509368718,3.0,1750004.7097227916
4607.0,1265655.04439682,259841.799678117,4.0,5849581.36023112
4608.0,1266317.3921735,259825.886974111,4.0,5858602.485167237
4609.0,1275412.5337508,231589.616033196,3.0,40837.49636766424
4610.0,1275660.27896705,231581.655073181,4.0,90019.87740744367
4611.0,1263657.03594677,257644.358203873,4.0,119090.42285413566
4612.0,1274501.95288587,225097.759898543,3.0,20335.74743134333
4613.0,1261008.15671206,257538.307899758,4.0,172958.59559781072
4614.0,1279590.18053909,222894.360088289,3.0,372846.46589917736
4615.0,1279605.08569109,223587.21570499204,3.0,346193.13035239896
4616.0,1282251.80089381,199272.739392102,3.0,188532.2740038746
4617.0,1282252.56530981,198958.090367779,4.0,123539.10202176277
4618.0,1278289.20056975,221538.237526894,3.0,309731.38480132585
4619.0,1280329.71909983,170765.284578905,3.0,292167.49267977616
4620.0,1263195.3675303,232670.009186298,4.0,234595.1661650204
4621.0,1263196.92989829,232772.858402401,3.0,187179.34291530825
4622.0,1258309.67946129,202092.907650992,4.0,1437713.033025171
4623.0,1265593.28401275,177747.839530051,1.0,0.0
4624.0,1265617.65470077,177575.056361884,4.0,1066363.59018836
4625.0,1274401.64830977,277918.040400624,4.0,971007.7929098522
4626.0,1274403.35890177,278914.686417654,4.0,282742.673106484
4627.0,1280095.7687636,279972.863058731,3.0,369856.5626585479
4628.0,1279819.91865131,280687.333459467,3.0,138444.85949336182
4629.0,1269589.38001685,190436.845303044,4.0,1121208.673014273
4630.0,1269902.70520116,190428.911927044,3.0,284198.22152552515
4631.0,1269793.01412906,283359.472470209,3.0,244972.5442424749
4632.0,1270403.77080168,283352.162454203,4.0,75626.4546501353
4634.0,1256348.56464328,203961.794308901,4.0,341734.39081771305
4635.0,1273384.55486873,202576.088771477,4.0,394475.9530497159
4636.0,1281956.9560295,218156.306899428,3.0,44320.95465425136
4637.0,1282018.50969358,218151.000147432,1.0,0.0
4638.0,1281866.42470141,212193.795853332,4.0,62111.87181285282
4639.0,1282083.18738964,212187.280781329,4.0,17640.906484214607
4640.0,1267526.49867073,235859.415845558,4.0,172531.85791294996
4641.0,1267651.34910285,235702.213413402,3.0,84778.0
4642.0,1278208.38578567,256250.847546443,3.0,755062.6098805303
4643.0,1278557.49855402,256240.67205843297,3.0,732858.4327101829
4644.0,1270935.11685023,242735.971372604,4.0,257560.41152528604
4645.0,1270946.99870624,243146.004333019,4.0,156750.88325011768
4646.0,1280033.88537154,251254.923765332,3.0,186646.38184701712
4647.0,1280177.89919569,251252.348021328,3.0,298294.66970386374
4648.0,1254956.78102586,245970.483247921,1.0,0.0
4649.0,1283772.56915137,208254.205001295,1.0,0.0
4650.0,1284313.25311992,208244.209609285,4.0,292569.4171844752
4651.0,1285552.94816118,208228.351369262,4.0,85146.5124810918
4652.0,1285863.09254551,208224.383881271,4.0,27078.97492710993
4653.0,1255870.7516508,255800.38879399,3.0,1337473.530718081
4654.0,1255850.92656277,256004.565562189,1.0,0.0
4655.0,1274250.82347761,203412.111684337,4.0,83849.84523826007
4656.0,1262459.96944955,234856.094052538,4.0,20449.392780238624
4657.0,1278086.47685754,254611.728760764,3.0,2674611.665396021
4658.0,1269250.00043249,209042.927498102,4.0,421072.53745246725
4659.0,1269561.30526482,208703.76576975,3.0,116116.71296579232
4660.0,1277681.68178514,245338.756143272,4.0,197274.57783412808
4661.0,1277669.75429712,246009.70167996,4.0,90257.27400184463
4662.0,1252344.00246318,240888.817898721,4.0,126050.54363411856
4663.0,1252347.81507118,241064.367082894,1.0,0.0
4664.0,1273284.52062863,179118.479147464,4.0,476452.95583572966
4665.0,1273931.9192213,179108.836459458,3.0,511542.38110666646
4666.0,1286764.94278643,180281.39415665003,3.0,84778.0
4667.0,1287161.89869083,180268.131372631,1.0,0.0
4668.0,1291555.95450334,188158.297396719,3.0,9182.245293510849
4669.0,1279864.72268337,223581.501784995,4.0,764187.1935008853
4670.0,1283848.48371145,194575.954171285,4.0,1082606.0963929691
4671.0,1284029.35180762,194572.329467282,3.0,380699.254596233
4672.0,1252239.37308708,215327.958608538,3.0,1160.5879714123594
4673.0,1260795.27984783,195174.0271319,4.0,472869.4714002636
4674.0,1260462.9176075,195179.385659903,4.0,216273.27646964093
4675.0,1272508.82200383,230868.075104445,4.0,193828.6195704397
4676.0,1264523.45809166,271186.390793741,3.0,625278.3415431064
4677.0,1269381.74891263,245423.36657536,4.0,83296.70460980097
4678.0,1252445.52028729,209101.84436217,3.0,586259.3641714632
4679.0,1265521.25297268,241319.970539153,4.0,1654530.1302014668
4680.0,1266300.14647748,241059.323754892,4.0,566295.304147778
4681.0,1281698.36793324,267116.363845572,3.0,115496.06987639044
4682.0,1282248.37407781,267105.638469562,4.0,343607.7303315139
4683.0,1274419.72600579,210434.692107528,4.0,705876.1867204076
4684.0,1255700.38973062,199775.17536062,3.0,171170.6847736319
4685.0,1262792.21085788,195141.635771871,4.0,2780747.596189302
4686.0,1254758.46019365,242502.70442836,4.0,108175.58031319689
4687.0,1254772.77481768,243162.505901039,4.0,170241.66957905027
4688.0,1263122.68433022,172655.060964838,3.0,84845.27122192294
4689.0,1268598.97943982,172623.779876813,3.0,4258409.401864044
4690.0,1281536.39519708,211226.977932334,4.0,456238.2785151489
4691.0,1289352.46253309,186638.440499157,1.0,0.0
4692.0,1290057.3610938,186671.844979197,3.0,280648.48876819765
4693.0,1274227.72344559,256033.019898221,4.0,78060.76912783715
4694.0,1274894.07019827,256014.666234195,4.0,150525.86934147685
4695.0,1282377.28684594,233100.677602738,3.0,85672.73261866746
4696.0,1271640.73649894,262893.522561252,3.0,70955.35498121896
4697.0,1271943.46027525,262884.932993233,1.0,0.0
4698.0,1279832.80082734,200877.203713745,4.0,108226.34000719046
4699.0,1280400.1287639102,200866.10694572303,6.0,422340.3073092626
4700.0,1259525.59402254,197841.697598636,4.0,11405007.420356467
4701.0,1259187.86672619,197849.629374638,4.0,360904.76672395016
4703.0,1262337.88765742,257674.228859901,4.0,1450832.1551880147
4704.0,1280910.82719643,259161.841725424,3.0,110940.41751048031
4705.0,1281580.69266912,259145.436221406,4.0,208095.5743510888
4706.0,1256971.28451592,238592.099368364,4.0,75849.88476613148
4707.0,1256643.33699559,238598.055080369,4.0,71175.72563850363
4708.0,1266420.8669896,248718.629682735,4.0,2958325.3096622974
4709.0,1274195.66738155,251131.14354120204,3.0,970488.1798407458
4710.0,1274849.84159023,251108.876853183,4.0,697901.5663712687
4711.0,1277097.18258452,215137.139728338,3.0,78085.01363439776
4712.0,1277102.81381653,215040.31809625,3.0,33999.786791761035
4713.0,1265585.53566074,254809.880568966,4.0,156394.27022846867
4714.0,1266815.67262201,248968.779442981,3.0,4800.417454046182
4715.0,1267147.23268634,248960.608178973,4.0,103478.50448026675
4716.0,1280433.84716395,222588.462103978,4.0,351634.069696026
4717.0,1285815.97651346,248488.662578493,4.0,474994.7305626156
4718.0,1286415.68723407,255235.828537405,3.0,42391.0
4719.0,1284953.27974458,255501.57573767,3.0,268340.00000004744
4720.0,1285298.03494492,255799.99800998,4.0,688896.8179161686
4721.0,1279041.34668252,228734.891742274,4.0,140783.04598618858
4722.0,1277626.20415308,264554.076034948,4.0,179171.60471191397
4723.0,1277627.69106507,265215.293507621,3.0,90548.80614876882
4724.0,1272674.384372,276654.377615333,1.0,0.0
4725.0,1293713.57095355,182596.935151026,4.0,916439.9474282244
4726.0,1286586.06752224,177266.790633559,3.0,16021.674182047587
4727.0,1272537.87480386,193480.117754161,1.0,0.0
4728.0,1265921.81386909,197070.323197842,4.0,119587.0151981282
4729.0,1265607.27447677,197079.938941851,4.0,7450444.137635709
4730.0,1277939.32037739,219790.876181111,4.0,5720222.218979158
4731.0,1287041.30541071,251775.183605865,3.0,1258445.355763204
4734.0,1272725.79698005,209680.974474758,3.0,16527.143449812684
4735.0,1271324.00907461,248308.666226313,3.0,13196.32047091591
4736.0,1277095.34104852,213541.058638707,3.0,18355.899132798982
4737.0,1264029.77764314,209746.713802829,3.0,48199.54378482908
4738.0,1263769.78961088,209749.309002832,3.0,80420.76350092128
4739.0,1260918.43607196,211432.959180549,3.0,156648.44221305536
4740.0,1260754.4495118,211434.76686056,3.0,64196.16824016173
4741.0,1263823.26263493,196432.762749195,4.0,174436.20251945034
4742.0,1263808.33316292,195779.029500514,4.0,3269332.325327696
4743.0,1275960.64645536,262621.228800967,4.0,198772.34832904465
4744.0,1267973.50238319,230563.677792147,4.0,3490464.689093315
4745.0,1268294.84459151,230555.517344132,4.0,532310.1158685522
4747.0,1270884.41515417,201987.508226871,4.0,87129.86742652472
4748.0,1270858.69048214,201925.88173081,3.0,81877.46838183815
4749.0,1261800.80733687,239066.992104843,4.0,89875.726237452
4750.0,1261810.46090488,239367.128361151,4.0,119052.96443145275
4751.0,1265758.94474892,228731.106974259,4.0,20454744.01387559
4752.0,1280992.54354852,169221.635105327,3.0,49736.33325414336
4753.0,1280977.1807325,168581.952352673,4.0,57463.514523704296
4754.0,1268072.62155129,178823.497771159,4.0,345114.4571656625
4755.0,1267408.01758261,178617.731818944,4.0,117670.5240090101
4756.0,1264938.89425208,186678.274099201,3.0,9707.054795188627
4757.0,1265621.99198078,171359.234851509,4.0,809107.0471362649
4758.0,1277123.41580056,278850.016913593,1.0,0.0
4759.0,1277122.30885656,279145.291601881,3.0,237356.67426153773
4760.0,1281039.07596457,286554.575961471,1.0,0.0
4761.0,1281440.25068498,286591.824921519,4.0,97679.8198693366
4762.0,1283575.31167917,281895.583636701,3.0,254290.0
4763.0,1283624.36313522,282085.482900903,1.0,0.0
4764.0,1275539.63058293,273629.95386824,1.0,0.0
4765.0,1277307.98693675,247337.713137314,4.0,60540.36096264814
4766.0,1277468.0191289,247334.35025730697,3.0,34789.83519166131
4767.0,1259178.87786219,216622.210257858,1.0,0.0
4768.0,1258944.48758994,216316.46318554896,5.0,221841.97263158564
4769.0,1259465.12471047,253041.151223153,4.0,139673.1084173286
4770.0,1259476.87235849,253706.380151838,4.0,169490.5081996214
4771.0,1268608.56343985,212910.03131006696,3.0,130690.53370921587
4772.0,1268659.93470389,212905.788238063,4.0,96005.74591252935
4773.0,1266700.37694189,245479.353967413,4.0,164252.6112886976
4774.0,1267057.78174224,245471.454063401,4.0,86869.72882545923
4775.0,1284214.20774382,259891.30316616604,3.0,239495.86955620744
4776.0,1259682.8184707,250144.771508187,4.0,2525871.922109495
4777.0,1260889.44503194,210573.875915676,3.0,79107.18523218998
4779.0,1270283.99147356,258805.379197061,4.0,1506452.6175164615
4780.0,1276217.66533563,201975.877314866,1.0,0.0
4781.0,1256354.85891528,213863.91067104,4.0,150414.7921510104
4782.0,1268949.18936019,230965.291808546,4.0,2924456.599435179
4783.0,1260956.09316,248521.012274534,4.0,191925.2111426256
4784.0,1266895.59998208,253725.957879856,4.0,297372.8979610874
4785.0,1266899.64196609,253991.286136135,4.0,150758.65385748562
4786.0,1282159.07698971,227787.709277302,4.0,77198.67799499068
4787.0,1282175.40012573,228248.128925771,3.0,53821.07616836382
4788.0,1255667.66838659,212569.987085715,4.0,257300.46189110543
4789.0,1255650.78813057,211911.664205045,4.0,351276.20589068404
4790.0,1254735.56752163,241513.02199535104,3.0,43699.68593141126
4791.0,1268943.52241617,243659.88618955,4.0,106064.08607461271
4792.0,1279846.40709935,254558.325304717,4.0,1152520.6755632404
4793.0,1279855.58489135,254910.95813706503,3.0,771650.1883928126
4794.0,1281746.02335729,276816.2489755,3.0,62844.74005839348
4795.0,1264675.53489181,175265.32771951,4.0,269162.0400066513
4796.0,1251757.64598258,237548.401639298,4.0,48879.51211945615
4797.0,1251642.22729446,237441.320487186,4.0,173694.82659859757
4798.0,1271097.15096238,225743.010267198,4.0,1287178.5782493462
4799.0,1282171.64223772,251882.444533974,3.0,116208.17174819345
4800.0,1275760.03077516,244179.148590088,4.0,181088.389731283
4802.0,1278178.17650564,250636.382708699,4.0,200300.3088090069
4803.0,1278179.88940164,251289.050677359,4.0,196926.5023060587
4804.0,1265050.3247802,263743.498562112,3.0,47271.48186435466
4805.0,1264720.37009186,263751.677378118,3.0,42513.305575981736
4806.0,1261613.03082468,255016.820473179,4.0,448470.6411955771
4807.0,1261289.02884035,255021.93925719,4.0,527236.6334945855
4808.0,1278681.32447416,249218.68965123605,3.0,84778.0
4809.0,1278830.14700231,249215.949875236,1.0,0.0
4810.0,1265304.34039645,270842.878089383,4.0,636761.4632679641
4811.0,1265836.768429,270830.289161369,4.0,1514247.0459589905
4812.0,1262868.68445796,250989.53784506,4.0,889029.6876794324
4813.0,1262729.87767382,250986.177973047,4.0,41178.12774463648
4814.0,1264044.19031517,245280.401967213,3.0,198152.0455825029
4815.0,1263252.25719436,245298.150255233,4.0,192779.79124035136
4816.0,1261845.95882492,236412.144742131,4.0,231803.606477
4817.0,1271240.76715453,243137.369197011,4.0,159479.84985788434
4818.0,1271254.01419455,243593.330541477,4.0,107017.89383014968
4819.0,1269673.81291293,264779.740227178,4.0,124021.7816966865
4820.0,1263269.80247436,246097.25041604,4.0,894747.3953385496
4821.0,1288234.65805194,187883.201460436,4.0,1383602.7433188336
4822.0,1280379.67173989,271725.246730283,3.0,974614.9763594832
4823.0,1280723.66028425,271721.333642289,4.0,43116.12333340158
4824.0,1271097.15589039,278221.657936946,3.0,1901258.6954875216
4825.0,1271587.37899488,278204.954192922,4.0,85142.46939045162
4826.0,1258116.5683571,286001.597720906,3.0,1900.8246575062371
4827.0,1268788.45739202,252707.176822811,4.0,27729.11021255934
4828.0,1269068.9191523,253047.90744715897,3.0,30680.05495145337
4829.0,1282200.48966175,256202.933562398,4.0,52529.8327649915
4830.0,1275502.8836389,216728.718929976,4.0,34037.847432463444
4831.0,1278233.46348169,212495.593485638,4.0,84778.0
4832.0,1258948.15722194,201188.90649806,4.0,252635.4905203061
4833.0,1258616.44266161,201200.98221007,4.0,656995.075277405
4834.0,1257930.56182891,211175.106316283,4.0,872307.4994236177
4835.0,1273209.42891654,253160.309751272,1.0,0.0
4836.0,1284182.20415978,257472.0419157,3.0,1531759.86396292
4837.0,1261330.02551238,257033.77605924,4.0,851147.2187500764
4838.0,1260997.83293605,257040.055931255,4.0,294928.146816538
4839.0,1264425.32209155,242860.54686074,4.0,1583928.9675840186
4840.0,1272301.48945962,244814.983918726,4.0,153333.4280145808
4841.0,1272314.83128363,245270.449903205,3.0,12413.07279285885
4842.0,1254766.24464166,257782.806396008,3.0,22830.41072325391
4843.0,1254778.18691367,258172.494588405,3.0,3775089.519799694
4844.0,1268251.41188747,245705.288879648,4.0,47147.33582338698
4845.0,1255612.86237054,236149.557989866,4.0,19439.73300524524
4846.0,1293774.05671361,187532.291380078,4.0,18265.323376195887
4847.0,1279041.05996253,269136.590151638,4.0,1162339.4993543492
4848.0,1264900.31658804,279981.788242742,1.0,0.0
4849.0,1270454.76414573,283692.48066254,3.0,14586.218468795796
4850.0,1270464.87300974,284686.665303558,4.0,227015.3275287516
4851.0,1279948.03647545,176436.874600708,4.0,619262.910334387
4852.0,1280266.93215577,176423.480296701,4.0,96755.41211189078
4853.0,1274741.58591011,280576.178131357,3.0,210029.58547349984
4854.0,1275075.32146247,280563.628627345,4.0,173569.44030431367
4855.0,1260542.27965558,209785.58317886305,3.0,389175.21071458
4856.0,1260529.99920757,209382.529546455,1.0,0.0
4857.0,1265598.09764476,244073.375469968,4.0,481769.0700735948
4858.0,1265858.10404502,244067.545133963,4.0,80272.91689087925
4859.0,1269488.90744074,270757.309001297,4.0,69029.50015021786
4860.0,1265997.74122916,239196.406888977,4.0,1030387.6102488986
4861.0,1279628.54041113,227441.079004943,4.0,270110.6161736862
4862.0,1279950.47775546,227432.320540935,4.0,528320.6415325927
4863.0,1257177.30115613,195071.121787801,3.0,801226.9707942902
4864.0,1280118.94789962,245952.146031901,3.0,150387.46227597172
4865.0,1264087.14461921,247653.654065639,4.0,621052.3502145204
4866.0,1263907.35729103,247645.680689633,3.0,17127.237947669717
4867.0,1286932.37555461,206502.913543507,1.0,0.0
4868.0,1287139.67398681,206500.627783507,4.0,104569.00191978452
4869.0,1273541.21330088,206473.183943465,1.0,0.0
4870.0,1273700.56901306,206492.198343486,4.0,136981.6165388237
4871.0,1267447.93649465,241079.183978915,3.0,96961.86423524392
4872.0,1267608.18321481,241039.34052287004,3.0,82558.4829751185
4873.0,1275135.45163852,264931.769155338,1.0,0.0
4874.0,1275604.44709501,259644.541501924,4.0,151066.74445103167
4875.0,1272074.08273938,246417.24414438,4.0,14049080.423766805
4876.0,1263457.85028256,204421.55846937,4.0,4443558.793688074
4877.0,1263470.90148258,203095.978116021,5.0,4163653.645210949
4878.0,1256080.262371,205294.254918262,4.0,1222887.9592233042
4879.0,1265998.67690916,174599.947174832,4.0,666500.066596065
4880.0,1266298.23172547,172656.184996843,4.0,940557.3529880984
4881.0,1268764.74648,274758.315789402,4.0,73164.33816029002
4882.0,1269098.29374434,274752.482765391,4.0,27638.98413175668
4883.0,1268727.00414395,178532.886506855,3.0,63665.4314289282
4884.0,1273773.51768513,283739.094742596,3.0,364457.38773592014
4886.0,1257909.83811688,255074.522425234,4.0,605609.9341335082
4887.0,1257633.7739886,255076.003065243,3.0,309916.8990817969
4888.0,1262597.45668168,233738.245923385,4.0,53670.98862350024
4889.0,1275388.67160678,230799.624160379,4.0,87819.29262195945
4890.0,1275635.17074303,230794.74755238,3.0,33766.07289704605
4891.0,1289692.23219743,187582.72171612096,3.0,103402.81383074204
4892.0,1270081.55422534,224785.947546229,4.0,335403.21478482045
4893.0,1258333.98979732,246752.895088717,3.0,83524.7335787106
4894.0,1259083.95613408,205172.067462146,4.0,363912.9847268397
4895.0,1269673.95499294,228217.458717734,4.0,446610.1912354589
4896.0,1269890.61304115,228455.546845987,4.0,69015.85002836226
4897.0,1270709.82168199,199376.311040208,3.0,53.99999999999999
4898.0,1285403.24473703,243483.012205377,4.0,861778.6738614233
4899.0,1285406.99667305,243758.653997645,3.0,24413.566713762848
4900.0,1268385.67902361,235639.493413344,3.0,51771.27311751202
4901.0,1273599.53835694,259372.270781636,4.0,3717876.665248793
4902.0,1265129.91652428,235688.98973338297,3.0,8643.742530322594
4903.0,1273095.74706043,196514.835133269,4.0,137881.4229855602
4904.0,1263832.22097094,204022.251524955,1.0,0.0
4905.0,1267187.00587039,234315.704035982,3.0,129283.042522975
4906.0,1267194.59447838,234625.610276297,4.0,1682401.9327922214
4907.0,1265723.37367688,286086.827225,3.0,168415.97638514443
4908.0,1256210.39299515,248890.531890914,4.0,150766.13873132432
4909.0,1286423.17901008,285543.456600443,1.0,0.0
4910.0,1260121.81168714,286608.455449536,4.0,282576.21992956224
4911.0,1259452.85040647,286622.37698555,3.0,76069.95898665849
4912.0,1282383.49714994,282443.122901261,3.0,631611.8645160996
4913.0,1259402.65239041,213773.285198942,4.0,119267.35426677632
4914.0,1259136.72247013,213780.785806954,4.0,81259.8102157858
4915.0,1269369.56126462,189137.358069718,4.0,285001.8004339836
4916.0,1269346.53764859,188466.198005036,3.0,103831.2283339636
4917.0,1259156.29591016,214456.033167645,4.0,31710.721423110062
4918.0,1286932.6055066,192603.505337268,3.0,109918.85947670444
4919.0,1287217.5101469,192596.006969258,4.0,106665.04457429056
4920.0,1278160.24901763,236072.618213788,3.0,96970.15854743207
4921.0,1278416.12684189,217319.994642586,4.0,138681.95695300944
4922.0,1263484.51101859,250978.52472505,4.0,123682.9110191303
4923.0,1263238.54858634,250982.921077043,4.0,654785.2389784805
4924.0,1274867.36786225,253764.599863902,3.0,33682.75777811639
4925.0,1253342.00080021,216348.121873587,3.0,84777.99999999999
4926.0,1253266.81590413,215864.865297094,1.0,0.0
4927.0,1262400.56733748,233114.476450756,3.0,315315.1734706728
4928.0,1262407.48560949,233427.339683071,4.0,286435.0150366335
4929.0,1266684.28874987,244709.086830631,3.0,50756.506382253145
4930.0,1267029.01246223,244701.476910621,4.0,349117.5129487594
4931.0,1278577.63340205,269632.014664143,4.0,1155850.2641964843
4932.0,1278862.29420234,269726.066312239,4.0,889209.2395561594
4933.0,1286492.08345816,199366.646016195,1.0,0.0
4934.0,1286482.88723414,199167.41708798695,3.0,299767.7258617325
4935.0,1284707.87667233,248789.660658807,4.0,178804.2264952944
4936.0,1275336.96863073,268591.959687084,3.0,172488.7629944136
4937.0,1275686.75039108,268580.276295066,3.0,146493.0311114098
4938.0,1259812.18339883,189183.006261766,4.0,1036528.5061837122
4939.0,1259499.55639051,189187.611893773,4.0,1485203.395058755
4940.0,1277862.33004132,214125.846159309,4.0,129925.5385604972
4941.0,1268248.66059147,245604.553199545,4.0,994944.4637038736
4942.0,1271374.99486667,180460.27633284,4.0,533637.6687267139
4943.0,1271342.45790663,179147.186091483,3.0,198776.7437460752
4944.0,1277830.49016929,181723.846318126,3.0,351125.4459887509
4945.0,1277910.64946537,180885.567469269,3.0,48596.10762979994
4947.0,1265569.79326072,189442.923382029,1.0,0.0
4948.0,1265576.49207674,189110.575285688,3.0,80231.93373205715
4949.0,1263244.32445835,169084.586849183,4.0,178960.07950204692
4950.0,1263235.85175434,168743.460896835,4.0,345033.08213440306
4951.0,1283698.0348793,286249.936473161,3.0,127143.0
4952.0,1284095.00851169,286236.223577142,3.0,169476.0
4953.0,1260251.25271128,281050.795987844,3.0,84778.0
4954.0,1264111.59114723,230660.644448236,4.0,351580.05024625425
4955.0,1264121.90801124,231086.548128679,4.0,432968.4983839664
4956.0,1279529.31717902,255881.831226066,1.0,0.0
4957.0,1279834.12268333,222600.900375992,4.0,625310.2575378004
4958.0,1287986.60179569,189186.992821768,3.0,1158756.189687187
4959.0,1288154.36717185,189185.579765767,4.0,1145302.9288282285
4960.0,1258794.28778179,199646.226496488,3.0,325913.73523625225
4961.0,1258667.33558966,253053.71058316497,3.0,79529.4676686187
4962.0,1279364.98841086,270456.188232988,3.0,1075965.548505111
4963.0,1275967.81675938,264337.047234729,1.0,0.0
4964.0,1274736.01739812,210430.593675524,4.0,3275319.613234133
4965.0,1270954.33758624,201924.479810819,4.0,175740.31705775522
4966.0,1283022.7235826,265042.001859441,4.0,803475.7163035871
4967.0,1283027.3508466,265627.675204039,1.0,0.0
4968.0,1267546.45169476,228411.091229931,4.0,216051.16764855295
4969.0,1267763.17009497,228649.283294186,4.0,329374.8605829587
4970.0,1273451.1961488,247975.305713966,3.0,24065.486240795908
4971.0,1273457.5153168,248245.252018243,3.0,124168.8590685502
4972.0,1282559.59750213,212172.960269302,4.0,64509.55862870405
4973.0,1282613.04787017,211536.963852659,4.0,177046.36589682504
4974.0,1276448.34501587,251322.365621403,4.0,513400.48260104365
4975.0,1276451.83973587,251982.30456607,4.0,329205.5274771179
4976.0,1273583.65483694,235998.059941709,3.0,69474.05780118218
4977.0,1258783.70115778,199206.06329603505,3.0,142928.0520978152
4978.0,1250441.58530924,239321.31383310296,3.0,42443.33333333333
4979.0,1250452.51574124,239651.133353442,1.0,0.0
4980.0,1276651.28357607,236777.882534504,3.0,458461.8197664254
4981.0,1256167.33865909,217436.883794695,4.0,146120.19603707286
4982.0,1276450.15698387,213956.690959141,4.0,195489.67574225325
4984.0,1271091.84817839,277369.086160064,4.0,1233782.5489867849
4985.0,1260113.37731914,284093.600918949,3.0,42408.23809523809
4986.0,1259444.94000645,284108.246550977,3.0,42389.532900432896
4987.0,1272738.71493207,277978.920528695,3.0,383372.7279609332
4988.0,1262392.30224948,205744.803846732,4.0,430714.2106600138
4989.0,1262076.39997715,205753.048582733,4.0,609140.0713085363
4990.0,1271049.16779433,188506.654261068,4.0,99464.6728828277
4991.0,1258368.56259735,251055.598069131,4.0,247334.06716627808
4992.0,1258104.60906108,251060.187317133,4.0,62066.035847538486
4993.0,1273314.41291666,227146.93430064604,3.0,208606.94355761903
4994.0,1279678.86277917,253249.228535369,1.0,0.0
4995.0,1272954.95467629,262043.192576379,4.0,6272765.730379209
4996.0,1272955.5685003,262404.477952749,3.0,141076.58397983393
4997.0,1283440.51635103,258732.39967697897,3.0,106310.06303733854
4998.0,1259157.84675816,188539.451445103,3.0,769334.9002553278
4999.0,1260783.62762383,212753.332493901,3.0,17743.280055282357
5000.0,1269270.90891251,230957.205216542,4.0,2277633.296858551
5001.0,1269592.36260885,230949.227552533,4.0,1823034.2291842147
5002.0,1264960.2669241,246035.53924799,4.0,2120116.80617541
5003.0,1274698.02795808,239026.268456802,4.0,106588.54637999188
5004.0,1282524.1901421,264386.547458768,4.0,367428.3817061939
5005.0,1263484.03953059,201771.553282663,4.0,3102589.2405909314
5006.0,1278706.11705019,269147.714439645,4.0,776151.2038287418
5007.0,1282552.33407812,253853.122359991,4.0,216246.01521518308
5008.0,1282556.08083013,254495.451128647,4.0,89084.39881080225
5009.0,1256296.79113923,255219.246905386,3.0,9192.780201200614
5010.0,1256318.19465925,255791.738553971,4.0,493573.4511653419
5011.0,1269250.35281649,255519.3056577,3.0,525894.1575759833
5012.0,1279244.02117872,252924.806967035,1.0,0.0
5013.0,1270434.70609771,254177.026872322,3.0,4414.118182345516
5014.0,1270455.04990573,254826.81592898103,3.0,55746.06589375562
5015.0,1266661.65822184,236808.727270529,4.0,244066.2546706112
5016.0,1265721.37758088,245230.622191161,4.0,393455.6600283446
5017.0,1262988.58743408,250987.390517056,4.0,451048.4354579327
5018.0,1263002.9358501,251637.079221725,4.0,258918.13281098165
5019.0,1272223.95544355,189721.87365432095,3.0,410059.0570446024
5020.0,1281891.52274944,212667.884493813,4.0,38537.9359326989
5021.0,1278437.8331459,277435.536144137,4.0,267363.175403456
5022.0,1278893.17900237,277420.036496118,3.0,259561.0089603024
5023.0,1289708.31712544,180273.00503663704,3.0,84777.99999999999
5024.0,1289927.89152567,180268.414508641,1.0,0.0
5025.0,1286330.44595398,204333.696133286,4.0,1090203.900358419
5026.0,1286326.74355398,204060.858052999,4.0,240695.79960466185
5027.0,1283814.65043141,183626.42584008,3.0,103656.66678769964
5028.0,1281367.2931809,274345.654860973,4.0,206682.0355973562
5029.0,1267117.57559831,171361.348323524,3.0,92295.8842860708
5030.0,1267103.58251029,171026.271267176,1.0,0.0
5031.0,1265362.16209252,175920.805096179,4.0,309625.1872132428
5032.0,1264694.56170782,175984.34007224403,3.0,81917.52128642179
5033.0,1268550.82142378,190436.64843905,4.0,927968.8510324248
5034.0,1268220.22033544,190436.585783049,4.0,921119.8001492028
5035.0,1263055.05745015,192265.685176924,1.0,0.0
5036.0,1263049.46525815,191794.259256437,4.0,3436653.7201751303
5037.0,1290292.21299805,187654.152692199,1.0,0.0
5038.0,1257250.5684202,209843.588618919,4.0,2602079.301372274
5039.0,1256925.33315587,209863.662730947,4.0,2062582.626439741
5040.0,1280232.77509974,248600.709938616,3.0,233308.12279623008
5041.0,1274742.92088611,212007.48097313903,3.0,3755400.1758114137
5042.0,1274805.59205419,212029.862477168,4.0,1057855.1030635538
5043.0,1255102.93264201,244078.047405973,1.0,0.0
5044.0,1254792.5897297,244083.850541979,3.0,342424.49872857064
5045.0,1272973.3329163,226853.493596345,4.0,521799.8245990192
5046.0,1282997.92377457,198589.42348739496,3.0,160873.09155357367
5047.0,1283237.50854282,198586.049471393,4.0,969584.040845698
5048.0,1290114.17786185,186530.644147053,3.0,355966.06928973645
5049.0,1290419.91712618,186537.927603051,1.0,0.0
5050.0,1262006.59076108,257681.061563909,4.0,1617285.5664214669
5051.0,1273794.62456515,203089.21171601105,3.0,18793.773861220747
5052.0,1273657.02674101,202511.184323415,4.0,114874.98816768853
5053.0,1273286.36440463,264022.197506398,3.0,109428.42991010912
5054.0,1273613.86770096,264013.038402393,4.0,116325.5347206461
5055.0,1265545.1135167,242492.20151636,3.0,1153431.1724169585
5056.0,1265552.14762871,242781.831788659,4.0,984205.8213094856
5057.0,1262140.32042521,240232.157482043,3.0,120318.67243052994
5058.0,1266089.15799727,279101.815633848,1.0,0.0
5059.0,1266314.43018949,279004.911953747,3.0,67596.79597180896
5060.0,1275795.3023272,284942.247191831,3.0,44298.42084191693
5061.0,1275793.79839119,285131.468248025,3.0,82004.51588755717
5062.0,1279763.28159526,201065.30041793,3.0,3053.3434562335037
5063.0,1279088.74194656,286718.97916165,3.0,44903.602639286655
5064.0,1279090.48140258,287048.682265982,3.0,3893170.3343941607
5065.0,1266618.2501578,286069.60744898,4.0,531711.0727491936
5066.0,1264945.95198008,278238.795344964,4.0,1102339.3733746104
5067.0,1277250.93330468,180411.46212478,4.0,221010.5120073488
5068.0,1265942.35614111,189111.349237695,4.0,145525.37771085894
5069.0,1257647.63619661,187178.072307721,3.0,254289.99999999997
5070.0,1285456.62291309,278213.860048935,4.0,4065101.846012103
5071.0,1266573.22103776,279436.80379419,3.0,507124.7996580759
5072.0,1273789.70526914,251917.339766011,4.0,744168.7853973372
5073.0,1273791.43230915,252169.365238264,3.0,240169.16853231227
5074.0,1275924.47007133,229839.582751393,4.0,149047.2749708472
5075.0,1255726.21942665,241497.197547331,4.0,528742.3054130189
5076.0,1255395.7807703,241502.476139337,4.0,766322.0417326458
5077.0,1279383.08978687,219853.483349174,3.0,36287.56304944207
5078.0,1254445.70787333,257111.248699322,3.0,4000515.058993303
5079.0,1275038.35173443,210427.013323516,4.0,335058.28198244097
5080.0,1261260.20669632,238565.738216341,3.0,134148.7946488448
5081.0,1261264.35274431,238811.935528591,3.0,308699.3137702904
5082.0,1272747.61221208,246661.238768622,4.0,561855.8649902502
5083.0,1273419.27883677,246641.164336607,3.0,623718.1812388002
5084.0,1275723.72933513,274778.819661424,4.0,180712.31461265573
5085.0,1275724.21093513,275657.55246231,4.0,81262.04357314829
5086.0,1265696.84055686,175920.31396018,4.0,302221.88441291905
5087.0,1282619.10035019,171367.521251529,1.0,0.0
5088.0,1282617.80441418,171019.69513917,3.0,441805.5111465088
5089.0,1274212.82814957,281413.893652216,3.0,43405.694501222206
5090.0,1274426.6758298,281407.251284197,3.0,172732.97218500037
5091.0,1268516.52753575,190966.512247592,1.0,0.0
5092.0,1267480.71857469,250573.194548637,5.0,790779.7038562957
5093.0,1267486.87211069,250903.111476973,4.0,422079.6301326809
5094.0,1272200.37841952,237766.982951522,3.0,50336.72653262031
5095.0,1272208.99224353,238190.200935945,4.0,135333.20110681694
5096.0,1282342.89158191,228244.499037772,4.0,179824.88633634822
5097.0,1285040.74150467,247447.043313429,4.0,1961734.5475591584
5098.0,1284896.53574452,247697.648433685,4.0,647026.5880055838
5099.0,1279519.36607501,207329.76461635495,3.0,89580.70541025256
5100.0,1279509.595771,207116.314888135,1.0,0.0
5101.0,1250778.63548557,240598.664298415,4.0,134634.89215289924
5102.0,1250466.14300527,240652.227818474,1.0,0.0
5103.0,1279956.09285946,220744.09935008,3.0,63089.390368805296
5104.0,1280059.37253956,220740.26370208,3.0,10753.655920083054
5105.0,1263776.58749889,198988.517503813,1.0,0.0
5106.0,1263770.00285888,198725.763135538,3.0,1183908.3210743307
5107.0,1264100.95825122,234383.290532053,3.0,36714.99458350461
5109.0,1265563.31134072,243241.538605124,3.0,817916.3425196679
5110.0,1275031.48197442,246617.72049658,4.0,70854.73924595282
5111.0,1275301.60549469,246614.183728576,4.0,70746.79692694549
5112.0,1251119.76476593,214732.506383926,4.0,134362.71373418908
5113.0,1268645.00164787,260166.847550452,3.0,1760932.250707262
5114.0,1284096.37267169,244566.920110479,3.0,1218217.0969722387
5115.0,1277594.22687304,213238.265934393,4.0,92726.25877626512
5116.0,1274591.10558997,236123.753253832,3.0,957.576345646988
5117.0,1275099.35787849,236111.216549814,3.0,38054.6394077617
5118.0,1278079.00869754,253858.756855994,3.0,245210.6587728816
5119.0,1259069.59165408,191901.744248554,3.0,343562.28745979647
5120.0,1269284.09195253,210581.805323675,3.0,7228574.1883748
5121.0,1255492.89609841,206580.559431583,4.0,50332.97000960159
5122.0,1255484.4236504,206341.93261534,4.0,32233.699216968893
5123.0,1264201.32746732,198394.696831197,3.0,1104227.2645988143
5124.0,1272134.10885145,248544.630322546,4.0,210516.81352860303
5125.0,1268575.89713581,254749.799992904,4.0,97720.0887082691
5126.0,1270267.15652953,228983.091678515,4.0,15299.963560784256
5127.0,1270270.96004954,229225.914078772,4.0,84507.00556200556
5128.0,1286119.74560177,249807.063155845,4.0,466089.8320730623
5129.0,1284872.9498245,247994.255793989,4.0,294865.7990109896
5130.0,1273830.51589319,189685.47800628803,3.0,13948.343268340968
5131.0,1273301.04613264,283431.957206279,1.0,0.0
5132.0,1279087.70585057,286379.75381729,3.0,215426.9144498655
5133.0,1282384.23698995,282756.922773585,4.0,548406.3311827708
5134.0,1282639.2997742,282747.566869572,3.0,84778.0
5135.0,1272222.32491554,189597.163574189,4.0,428229.4775822088
5136.0,1272528.99883585,252789.425654903,4.0,79515.14056963006
5137.0,1272864.4095882,252780.983414888,4.0,42786.50362374751
5138.0,1264533.37405966,234006.014051661,4.0,125108.42092959298
5139.0,1264211.66865134,234014.975971669,4.0,181544.8101596192
5140.0,1264347.52439548,246980.253232956,3.0,440884.2280487535
5141.0,1264075.54724319,247007.03070497504,5.0,1072194.4123513915
5142.0,1262712.3951138,245042.381742969,4.0,84054.41218161317
5143.0,1262469.72631355,245048.721326977,4.0,162915.11237154726
5144.0,1263485.48343459,243678.420909569,3.0,184842.5644344912
5145.0,1263327.42762643,243681.141997576,5.0,725447.2552666173
5147.0,1279569.95916307,230505.52694408604,3.0,98075.51177608638
5148.0,1279681.24012318,230612.92803219,4.0,351594.44881167216
5149.0,1285458.9211531,193688.529402375,3.0,45806.74658014049
5150.0,1286066.06656171,193673.896890372,1.0,0.0
5151.0,1264195.59261931,245503.40247944,1.0,0.0
5152.0,1264198.51517932,245648.049839586,3.0,53773.70169611687
5153.0,1259688.1318147,250405.222068459,4.0,498343.34301275946
5154.0,1255674.62864259,256928.180475131,3.0,129798.289849852
5155.0,1263782.8312749,234830.528164506,4.0,206224.62433586485
5156.0,1257908.92534888,243195.822125077,3.0,3609515.219450156
5157.0,1257814.50525278,243741.291821629,4.0,369197.3742863184
5158.0,1277095.60159253,225658.304411113,4.0,405139.3378092557
5159.0,1277103.47231254,225997.826971471,3.0,166082.0012995705
5160.0,1266538.73092572,189773.777398378,3.0,115463.4224270078
5161.0,1277575.80300102,179638.457131997,1.0,0.0
5162.0,1277565.40901701,179421.283691764,3.0,118376.4992830457
5163.0,1290119.24806987,183169.097711608,1.0,0.0
5164.0,1290104.23661385,182725.15633516,3.0,585733.4180260148
5165.0,1256903.26365185,236230.781925946,4.0,62324.74254030576
5166.0,1256571.84502751,236234.698597953,4.0,87546.57285467903
5167.0,1270922.95806621,203504.690884426,4.0,2352104.700261964
5168.0,1271218.89713851,203498.635460421,3.0,54502.9690768417
5169.0,1258217.7646452,249112.640051141,4.0,604221.44449728
5170.0,1258223.27971721,249378.52267541,4.0,197668.38587540528
5171.0,1279904.74751541,262411.024832755,3.0,26577.530678276693
5173.0,1264548.00561169,238676.060200453,3.0,19607.789402629223
5174.0,1264556.19882768,238985.878120765,3.0,40722.45336081399
5175.0,1254520.39964941,203369.87654829,3.0,126031.01179041802
5176.0,1265027.74410817,243633.91082952905,3.0,4270.460111955706
5177.0,1274070.59774943,232857.630242497,4.0,1009927.9441390472
5178.0,1274078.67947744,233519.748643175,4.0,875700.1480414456
5179.0,1277697.99800915,224575.284570009,4.0,90463.791144713
5180.0,1277946.86821739,224575.09097001,4.0,239588.21395020196
5181.0,1289992.48915774,187943.937588498,3.0,82358.80898678194
5182.0,1290283.76122203,187936.57899649403,3.0,24554.632357051323
5183.0,1268074.11076729,240292.61207410705,3.0,2472979.054574074
5184.0,1275715.95768711,220859.435030207,4.0,203226.2990729336
5185.0,1256191.16829112,247797.985521793,4.0,1299053.2666421316
5186.0,1256192.73225912,248092.609906092,4.0,538034.5224283307
5187.0,1273826.18194118,223685.009113103,4.0,140997.77496497988
5188.0,1273831.52408519,223991.838873416,4.0,59380.04544924967
5189.0,1262143.22269721,246598.311408564,4.0,556387.4701400121
5190.0,1262148.70032923,246863.953904837,4.0,468502.4892239397
5191.0,1270247.45284952,239571.492137358,3.0,14289993.6093389
5192.0,1270259.11947353,239996.572969794,4.0,159027.9353132926
5193.0,1285337.25536098,248915.58795493803,3.0,1117.6029973164116
5194.0,1285312.26489694,249495.317107528,3.0,37053.79318321312
5195.0,1269346.19742459,176556.128936842,3.0,740733.2167717477
5196.0,1281981.50649354,176351.503720626,3.0,7091.7642861772265
5197.0,1282371.20518193,176334.975848615,4.0,83703.21037933807
5198.0,1268651.84811188,174916.779239163,1.0,0.0
5199.0,1268643.14801587,174587.900646821,3.0,43350.37611847888
5200.0,1263431.97009054,287461.752282411,3.0,2165761.174024034
5201.0,1262761.14532185,287481.290330425,1.0,0.0
5202.0,1267493.0725587,234618.929828286,4.0,2463805.912208024
5203.0,1258103.90826108,168595.878496692,3.0,193343.4418925853
5204.0,1285754.4034574,179115.10679546,4.0,2839695.099277519
5205.0,1285570.52915321,178900.129195243,3.0,931108.3020761352
5206.0,1255493.6710104,257461.03538768,1.0,0.0
5207.0,1255385.4514263,257468.654459685,4.0,269801.52905287524
5208.0,1266336.42884551,245217.010671139,4.0,202631.3752598236
5209.0,1277512.42162496,250653.86558871,4.0,250114.54654608012
5210.0,1277514.46917696,251309.837749392,4.0,411593.8124198835
5211.0,1264114.12196323,267564.873158023,4.0,295161.294929862
5212.0,1264128.73149925,268225.680518702,4.0,247446.20967544115
5213.0,1280584.4902361,250581.66072464,4.0,393268.79083121073
5214.0,1280844.39852437,250577.151220635,4.0,253570.65299490004
5215.0,1263588.93137071,239700.22186549,3.0,169542.14514959848
5216.0,1263596.05111471,240180.307497993,4.0,120581.4410001391
5217.0,1287968.91641967,188453.596661016,3.0,65251.36944940552
5218.0,1277421.11896886,225990.374619454,4.0,349083.02442386776
5219.0,1261175.51428023,235767.28682147,4.0,203471.97867772044
5220.0,1280503.78438002,249262.364467293,4.0,316401.83919018146
5221.0,1268590.17335983,225720.072987184,3.0,22110.723450362228
5222.0,1268423.76555166,226000.901467472,4.0,48850.75687098152
5223.0,1264854.49156399,233996.723427653,3.0,698919.1056489596
5224.0,1266105.25905327,233107.652706742,4.0,241723.70022039564
5225.0,1266426.99364561,233097.325282738,4.0,449335.3128188552
5226.0,1280761.54962829,226073.419035539,4.0,54642.365014727424
5227.0,1281021.35385256,226064.695323527,4.0,256329.00182179987
5228.0,1268594.96075183,229695.527967244,3.0,569317.2068467563
5229.0,1253467.20528033,243847.215533748,3.0,1672151.0538429937
5230.0,1253473.52118434,244088.477165997,4.0,1727290.0752570813
5231.0,1264156.34692328,196426.431421191,4.0,260938.29323648976
5232.0,1264141.17802726,195773.148924515,4.0,4808893.270429846
5233.0,1255633.92662655,211253.018892363,4.0,501397.8809986001
5234.0,1271478.81617878,247086.345841065,4.0,544308.3706033117
5235.0,1271251.18545854,247628.162673607,4.0,494671.9940938901
5236.0,1269097.18091235,274087.411276713,3.0,95270.6678251858
5237.0,1269211.99460846,190436.773111045,4.0,1354587.9784127623
5238.0,1269255.20222451,189784.978166386,3.0,163264.07596978778
5239.0,1264956.3046201,278901.662801638,3.0,42390.0
5240.0,1261138.29162419,241685.650603533,4.0,1121654.4912683864
5241.0,1261150.24727221,242352.029868215,4.0,1086652.1407934278
5242.0,1272695.09592402,181426.552301824,3.0,128625.1310740035
5243.0,1278882.29388236,283383.015062228,3.0,105258.30963876208
5244.0,1279243.43026672,283532.560662374,1.0,0.0
5245.0,1275912.91826332,261133.981823444,3.0,84778.0
5246.0,1256375.27984332,214480.006543666,3.0,34457.180044671426
5247.0,1256373.31491531,214425.85083161303,3.0,75814.54356907394
5248.0,1288586.93190829,189896.971382499,4.0,121083.8582892766
5249.0,1279265.40101875,225949.961947411,4.0,387923.2711026958
5250.0,1284957.76761658,209954.049035043,4.0,19596.297444478
5251.0,1285267.79257689,209949.703563035,4.0,142785.36025361033
5252.0,1263020.66353011,206554.49383156,1.0,0.0
5253.0,1275776.76101518,213920.935503095,4.0,719549.1747668992
5254.0,1271339.31352264,218154.177683428,4.0,227144.3703618617
5255.0,1271642.01637095,218148.218003422,1.0,0.0
5256.0,1253732.7355846,241205.031147033,4.0,127074.97598172106
5257.0,1253407.59286427,241211.886827037,4.0,590947.6769266201
5258.0,1263081.02954617,201413.952962294,3.0,46021.07311649993
5259.0,1262777.98423387,201358.395330235,4.0,111508.548320584
5260.0,1273898.05842125,207316.272200331,3.0,55726.76239083328
5261.0,1252126.85327896,215328.062224537,3.0,2006.0885330156236
5262.0,1281518.55961306,207933.752904966,4.0,3409167.21626779
5263.0,1270914.0348662,255951.447866142,3.0,126718.49836193342
5264.0,1270917.0387702,256193.127802387,4.0,279154.9077707163
5265.0,1269556.12913682,253677.633847803,3.0,241751.4195561895
5266.0,1261255.8369683,238318.586792082,4.0,141784.04853779208
5267.0,1261257.67850432,238415.621416181,3.0,51781.859597760485
5268.0,1266701.70961389,264847.622979254,4.0,202746.50443685648
5269.0,1265444.43198059,236214.989989921,4.0,86233.13329363834
5270.0,1277165.2037686,238803.623208582,1.0,0.0
5271.0,1277166.79237661,238960.748904735,3.0,42389.99999999999
5272.0,1274478.90898184,223917.14447332904,3.0,67892.46556008872
5273.0,1274480.12811784,223979.371737391,3.0,12970.941155956903
5274.0,1256378.27190731,241156.218922988,4.0,56077.58287673419
5275.0,1252125.39919896,237642.045479387,4.0,75502.9304917214
5276.0,1275818.71007122,226147.586523622,4.0,312851.15450861154
5277.0,1276140.61560754,226139.325723603,4.0,254297.0118473875
5278.0,1284338.08019194,233487.96393913,3.0,84777.99999999997
5279.0,1284377.00102399,233486.745123133,1.0,0.0
5280.0,1266033.45175721,263539.686273903,4.0,147742.70950082876
5281.0,1273614.27518897,262384.206976727,3.0,103498.74759947346
5282.0,1277031.79000847,234125.824227795,5.0,4167535.909707529
5283.0,1283177.29542276,252238.84082233897,3.0,1031.0616019056984
5284.0,1283893.22643149,252224.338550314,3.0,195939.20242004536
5285.0,1278507.38188198,232317.743137941,3.0,25373.76372999652
5286.0,1278686.43365815,232311.15785792505,3.0,4011.705713415005
5287.0,1257937.50506091,211505.222476631,4.0,309192.4115670384
5288.0,1282868.15430243,256817.304379031,1.0,0.0
5289.0,1282872.11366245,256977.787707195,4.0,203389.8640795897
5290.0,1259465.82909447,195195.459451929,4.0,5438018.739293883
5291.0,1263478.02775459,231103.122592688,4.0,645694.6616696505
5292.0,1263489.9329066,231579.68233718,4.0,1057767.4193682196
5293.0,1255684.5600986,213228.546446383,4.0,146319.59403817414
5294.0,1256945.6441319,244422.665134326,3.0,41133.14858132302
5295.0,1256828.50825977,244568.466350481,3.0,49123.86345437826
5296.0,1280608.59878013,261816.64416013696,3.0,359468.1664986745
5297.0,1280626.90194814,262474.112320811,3.0,23007.19759467955
5298.0,1264765.9028279,231070.543904662,4.0,442900.72137746366
5299.0,1265087.67742023,231062.245984644,4.0,524064.21781182295
5300.0,1266712.11082989,234326.248356,3.0,3831.30913364393
5301.0,1269733.828209,242299.323244154,4.0,303431.5151447265
5302.0,1262974.92081007,250337.47717239,3.0,566142.9465051885
5303.0,1281553.00178909,211885.534029007,3.0,90659.27567735148
5304.0,1287620.0792353,184384.816752851,3.0,45758.65258715572
5305.0,1287842.48953953,184189.713136658,4.0,902108.4654366776
5306.0,1277294.69336873,263242.76921761,3.0,4376.178947646433
5309.0,1275174.41509457,253003.433079123,3.0,91288.08762883456
5310.0,1274877.69951026,192143.474424794,3.0,354080.0395608604
5311.0,1275658.49029505,192381.218041047,1.0,0.0
5312.0,1271151.84472245,187779.299764335,3.0,82576.47421975271
5313.0,1271062.50206636,176226.158504501,3.0,42398.0
5314.0,1271143.99992244,176225.703144506,1.0,0.0
5315.0,1253678.93052855,246159.049136117,1.0,0.0
5316.0,1253521.84227239,246341.590768293,3.0,497816.0847927403
5317.0,1269964.7313132302,212881.00020603795,6.0,2109043.089278662
5318.0,1271996.60683531,210041.196811125,3.0,100710.30596354
5319.0,1272429.82283576,209690.192266762,4.0,87316.50671269569
5320.0,1261292.49239235,266489.917252928,1.0,0.0
5321.0,1279317.9885388,227874.726813391,4.0,243589.8128840034
5322.0,1284478.94080009,243238.459501117,3.0,28851.93915763872
5323.0,1284733.94816035,243232.991021112,4.0,309992.7283146394
5324.0,1265398.13316455,264879.424451277,4.0,451953.632834942
5325.0,1265729.64497289,264870.491715267,4.0,920888.9699625658
5326.0,1290503.88115826,184873.787889361,3.0,2083686.2129591943
5327.0,1256268.7396832,259341.687485605,3.0,561735.3274255351
5328.0,1281177.73055671,249908.331699952,3.0,4544.385431425612
5329.0,1284298.27187191,202512.555715412,4.0,773140.6507082185
5330.0,1284295.65702391,202335.680131242,3.0,233568.90982861756
5331.0,1272360.00408368,204864.555589825,4.0,666185.6283370265
5332.0,1266652.74974184,236498.826022223,4.0,130697.78893409186
5333.0,1292482.63834429,188139.807220697,4.0,110629.83588829452
5334.0,1263132.29156223,190455.628087074,1.0,0.0
5335.0,1266671.45508586,233902.203939557,3.0,109559.2894120689
5336.0,1266810.85739,234094.15299575,3.0,35952.27110481168
5337.0,1284066.48627166,211240.594380349,3.0,113562.498175815
5338.0,1284330.61894394,210822.500427932,3.0,31765.30673003225
5339.0,1266687.00196587,244939.296686858,4.0,102160.7489386226
5340.0,1261061.73207211,191425.556920066,3.0,1696650.4305231732
5341.0,1281894.31308544,243827.895341724,4.0,25101.842706434465
5342.0,1272173.50181149,249856.512883902,4.0,148259.79490927726
5343.0,1266026.0787652,243229.804333106,3.0,180704.3452080653
5344.0,1266035.6174532,243619.706157506,3.0,104034.22304596388
5345.0,1271033.47493032,214329.046223521,3.0,59790.76517532932
5346.0,1271263.31992255,214324.558671504,4.0,71631.32132807658
5347.0,1263146.88273025,235728.120549425,4.0,143153.03653395732
5348.0,1280016.76306751,269770.038664281,4.0,422938.2402480471
5349.0,1279903.46898741,225936.0347794,4.0,614197.621197216
5350.0,1280186.4034517,225929.88425140097,3.0,40165.00911812009
5352.0,1268275.38199949,227312.909020811,4.0,572250.0792814001
5353.0,1268492.10302372,227551.040413052,4.0,193649.3123028945
5354.0,1272643.95333198,224880.331866324,4.0,608677.2186328272
5355.0,1272488.13899581,225143.691866592,4.0,67394.16830559267
5356.0,1273444.7322128,247701.43448169497,3.0,21805.090249573164
5357.0,1266245.01630142,254532.227640688,4.0,333118.1521160847
5358.0,1282771.79295835,264384.432002768,3.0,61607.97296671912
5359.0,1283017.50803059,264382.269570768,4.0,86499.6898719527
5360.0,1282560.44332613,197921.782462716,3.0,2141.4270064995803
5361.0,1282562.29926212,197642.761982426,3.0,16631.64469973332
5362.0,1263465.74071458,243055.204972938,4.0,455626.0231237485
5363.0,1263447.96151455,243055.584876925,4.0,42690.78956908309
5364.0,1275394.87071079,277880.902032599,3.0,36345.71144816268
5365.0,1275388.84773478,279208.002705947,3.0,3497044.439816084
5366.0,1271411.86949071,187087.903859615,1.0,0.0
5367.0,1270231.28427351,187129.731507659,3.0,505899.0753966854
5368.0,1270542.40139382,187118.709555656,4.0,3433072.121349084
5369.0,1266311.76714949,173289.432101488,4.0,203338.96474313107
5370.0,1265977.73764515,173290.262437493,4.0,1273331.7966320168
5371.0,1262663.32432975,280040.669714808,3.0,67876.78526578342
5372.0,1262669.23933776,280367.758611143,3.0,132826.78079595882
5373.0,1267384.30507058,232753.097634375,4.0,17101.661719277963
5374.0,1279240.15833072,262582.107840925,5.0,2193232.317175477
5375.0,1276201.53183161,254646.133240804,4.0,2733683.376250627
5376.0,1275793.20159119,215432.51150465,4.0,141676.37146274652
5377.0,1276043.16274345,215426.513168633,3.0,24688.89554492598
5378.0,1265039.52561219,262902.350657254,4.0,112005.32752074992
5379.0,1267598.5339348,255830.290618017,4.0,44109.0886848335
5380.0,1268258.39351948,255814.350073993,3.0,29579.02959608473
5381.0,1278442.15199392,250631.093044683,4.0,194523.44308056083
5382.0,1278446.35180192,251283.695413351,4.0,164990.81833184237
5383.0,1268734.16619197,269444.85754396,3.0,645805.1299716554
5384.0,1290002.81952575,248548.860978559,3.0,42406.00000000001
5385.0,1290105.69824585,248718.935090736,3.0,126652.71409239648
5386.0,1257618.45187658,211842.461580977,3.0,73169.22848368148
5387.0,1262379.18020146,240349.168362156,3.0,146735.487309759
5388.0,1257123.08144408,189262.049781844,3.0,44446.44851040011
5389.0,1255781.4598107,206849.982407853,4.0,153313.28276297112
5390.0,1255502.76649842,206858.584775865,3.0,83811.50805889853
5391.0,1274227.70936559,229237.334302783,4.0,1095283.5785789113
5392.0,1268208.76369543,252708.81067881,4.0,128388.61245098592
5393.0,1270372.95787364,244046.648493946,4.0,136770.70673985852
5394.0,1270385.24132966,244469.576494381,4.0,155733.1916798438
5395.0,1254378.82710527,251528.135861605,1.0,0.0
5396.0,1254381.19030526,251764.370613843,3.0,64107.09755316987
5397.0,1269732.20260899,269424.966855928,4.0,485760.8648638869
5398.0,1258496.36746149,196562.423293322,4.0,354424.22625780123
5399.0,1274808.05528618,207440.946440458,3.0,26252.59913755329
5400.0,1264014.64938714,259621.86572589,3.0,173302.655292082
5401.0,1254303.84924918,237056.183846787,5.0,202561.0134492239
5402.0,1266434.76004562,233399.454243049,3.0,1125703.6000210238
5403.0,1293485.44608931,184591.264817059,3.0,63059.82190498192
5404.0,1265615.70455678,187127.014323667,4.0,1365252.2597169557
5405.0,1265595.83287676,186459.632754982,4.0,1624657.8953534537
5406.0,1273215.89509256,254609.836408764,4.0,161268.657840012
5407.0,1273216.10213256,254751.221624911,4.0,113980.57320354902
5408.0,1265393.05937254,234355.535652027,3.0,4809.96326502067
5409.0,1276638.05100006,263264.561217621,3.0,79616.85096611154
5410.0,1270323.9028336,225640.494363099,4.0,8772344.216045385
5411.0,1270602.61880188,225805.666651264,5.0,11480716.613381725
5412.0,1262062.40522514,192483.148601145,4.0,399431.7385930509
5413.0,1261730.0552088,192489.632505149,4.0,276187.81895555503
5414.0,1264878.72836402,242592.731116459,4.0,111114.7469728898
5415.0,1265298.87582044,242585.128812447,3.0,62312.80232142402
5416.0,1278263.17893772,220339.741205677,4.0,2659530.743790487
5417.0,1284982.7111046,245205.916527137,4.0,111166.33542268816
5418.0,1266081.15735725,232146.002337754,4.0,760577.0234050973
5419.0,1266403.03767759,232137.854753748,4.0,90594.5293628703
5420.0,1284137.60057575,248179.232114181,4.0,536435.0263144632
5421.0,1284141.57830374,248526.321330532,4.0,447177.1087026133
5422.0,1279025.12818651,256558.563130766,3.0,1575280.8821212847
5423.0,1277742.68229719,225982.763035446,4.0,539041.8578603974
5424.0,1272053.47448337,215829.286673054,3.0,184202.50756036365
5425.0,1256304.16643524,194829.087483555,3.0,65294.404040022666
5426.0,1256059.38441899,194838.916539565,3.0,9540.48198259712
5427.0,1278147.6453696,276451.104719132,3.0,132080.51944376758
5428.0,1274287.52677365,205680.202310666,3.0,43560.87339395937
5429.0,1281646.93202919,185316.55601780105,3.0,96532.4192942353
5430.0,1271016.9171703,223205.607512608,4.0,146757.08445339257
5431.0,1280409.81081192,285677.125976577,4.0,794454.3926732751
5432.0,1267285.05918248,172646.332964838,3.0,5774.515031173313
5433.0,1286289.34009795,283108.471637949,1.0,0.0
5434.0,1286296.40793794,283524.419606373,3.0,407160.78916775394
5435.0,1275508.69234291,204579.457733527,4.0,43910.70548146968
5436.0,1275496.11032689,204105.325829044,4.0,75307.5263078632
5437.0,1271586.24907489,278051.931536764,1.0,0.0
5438.0,1280206.51103571,226535.41942001897,4.0,175823.59197122304
5439.0,1278315.04005778,222431.742615819,3.0,41242.36300080681
5440.0,1264378.32253951,262607.43718496,3.0,598885.8599496814
5441.0,1263854.92036296,262273.870912611,4.0,364698.20207315456
5442.0,1269374.99563262,245153.460271075,4.0,110364.3200122238
5443.0,1285221.46259286,201200.58752207496,3.0,394076.1391696122
5444.0,1254907.31459381,215090.375056297,1.0,0.0
5445.0,1254888.6203858,214582.181519777,4.0,85032.87875289319
5446.0,1254252.01008114,209291.426698357,3.0,60663.66963671372
5447.0,1254085.78147297,209296.99066636,3.0,6681.332853678048
5448.0,1269717.91358498,223504.089560911,4.0,85817.6948536313
5449.0,1269847.83454511,223580.991640985,4.0,138329.2185601642
5450.0,1280603.09849212,217785.577363059,3.0,142646.79279414302
5451.0,1280838.92543636,217778.76635505297,3.0,67860.62047322455
5452.0,1276949.69599238,244690.299758613,3.0,158593.3683388067
5453.0,1282028.71046159,253202.397239327,4.0,42478.86402680507
5454.0,1259616.72016662,246920.092592895,3.0,30447.588655307667
5455.0,1259618.86160663,247020.372528985,3.0,3707.156759872174
5456.0,1284281.49107189,260460.165566757,3.0,67781.66271106403
5457.0,1284047.13657565,260822.721919119,1.0,0.0
5458.0,1268535.57406376,256864.170811072,3.0,236559.53965849595
5459.0,1251751.78383857,210988.135884091,3.0,79715.270209034
5460.0,1281436.11519697,234464.70506013895,3.0,104815.88907875198
5461.0,1281455.559037,235337.633445024,4.0,216795.77845738863
5462.0,1285078.05017671,286845.281113774,1.0,0.0
5463.0,1262925.42781802,253662.412087798,3.0,49805.81760472859
5464.0,1262612.0228897,253667.751991794,4.0,1798632.548795354
5465.0,1266179.81431735,244520.303406432,4.0,107386.33922836711
5466.0,1272250.76088357,257089.708027303,3.0,368308.2538116663
5467.0,1272581.28056391,257079.724155292,4.0,204985.51215030788
5468.0,1264733.97796386,229792.950943351,4.0,169639.8361226408
5469.0,1264412.03044353,229801.544479355,4.0,100386.8578866092
5470.0,1251266.80380608,248326.899826333,4.0,296668.0
5471.0,1250778.05020557,248399.838002399,1.0,0.0
5472.0,1267679.11479889,245717.574959651,4.0,234295.73670455551
5473.0,1281450.50719699,213218.48935838,4.0,1597101.975013601
5474.0,1281716.85215726,213216.917198375,4.0,1030855.8525781444
5475.0,1265296.49393244,257603.891067833,4.0,117204.71728221075
5476.0,1265626.42468478,257595.748411819,4.0,164566.67474384297
5477.0,1269185.95172843,247213.944369197,3.0,1162979.286696062
5478.0,1281738.27833328,211886.42183701703,3.0,47086.00114714062
5479.0,1281832.53926139,211729.570764855,3.0,32305.442029907408
5480.0,1282927.2142705,201227.135746107,4.0,313753.36534540646
5481.0,1273742.1023891,273076.654731676,3.0,129727.73893538665
5482.0,1274049.86027741,273066.73415567,4.0,4305169.520801501
5483.0,1267190.60855839,190436.391543046,3.0,440059.1550737093
5484.0,1266847.40747003,190436.327287048,4.0,590766.2845438917
5485.0,1286141.39417779,176211.115560487,4.0,97117.23340423084
5486.0,1271653.98053096,177179.466601476,1.0,0.0
5487.0,1271933.58072324,177181.393769473,4.0,208992.0041600265
5488.0,1279075.40569055,274429.360717058,3.0,407018.815347394
5489.0,1269380.42443264,224370.651417792,4.0,79512.18819278658
5490.0,1269224.54974447,224634.002330065,4.0,102354.78530226744
5491.0,1269235.77867249,171963.54730013,3.0,251608.72362446136
5492.0,1268727.88471997,171973.133540139,3.0,88979.12020637917
5493.0,1284358.37183997,205860.86106284,4.0,227556.97806150344
5494.0,1272664.25054799,228387.928541914,4.0,290077.5640048504
5495.0,1272669.658676,228897.869086429,3.0,63249.819936156106
5496.0,1276395.54623181,223328.030808732,4.0,698828.0133720294
5497.0,1284211.36454381,248528.942066535,3.0,129133.9809160884
5498.0,1267536.22929475,228855.696606398,4.0,196913.4469078348
5499.0,1267309.8862545,229061.751966596,4.0,208682.3922071599
5500.0,1258857.14166985,257228.675643444,4.0,2093067.4175952256
5501.0,1284152.35091175,255215.314169377,3.0,84777.99999999999
5502.0,1284302.20588791,255211.788601384,1.0,0.0
5503.0,1282185.18815774,223658.676505074,4.0,109211.90260174568
5504.0,1282468.22764604,223559.970328972,3.0,980844.6674618132
5505.0,1287439.25805113,246693.558576658,5.0,222404.3950790201
5506.0,1288027.38905972,246517.839792475,3.0,53011.124162900414
5507.0,1263318.52842642,256994.702971205,3.0,31832.22540422405
5508.0,1262990.04970609,257003.19673121,4.0,57120.60288462566
5509.0,1280941.72972447,220296.479509622,4.0,121186.16100355017
5510.0,1280924.89574045,219875.844501197,4.0,152610.41138612473
5511.0,1259481.38384649,261243.627583563,1.0,0.0
5512.0,1259579.28688659,261394.067903712,3.0,84777.99999999999
5513.0,1259040.60976604,203846.975300789,4.0,391056.5382324688
5514.0,1268929.72843216,171679.761123836,3.0,52587.68998808363
5515.0,1285204.24678484,283557.329686403,4.0,247102.04882471063
5516.0,1285562.4002572,283552.997334406,1.0,0.0
5517.0,1284972.2583686,248211.678578213,3.0,148375.5392029615
5518.0,1276227.86181565,284441.308183312,4.0,1402428.6840534285
5519.0,1276219.87954363,285113.612951994,3.0,249604.09504563987
5520.0,1269749.928561,180482.773676857,4.0,704521.9956492418
5521.0,1278889.29682636,223871.215129286,4.0,1038798.7609977244
5522.0,1278903.96178637,224556.185177982,4.0,920317.7709848292
5523.0,1276765.34732018,220837.335382178,3.0,43604.199525942575
5524.0,1287624.75667532,201397.226242274,3.0,75063.34524180011
5525.0,1288242.85587594,201385.386754259,1.0,0.0
5526.0,1271572.58699487,244437.450862348,4.0,154766.5999210452
5527.0,1271866.51160318,244429.823278338,4.0,65934.35898825245
5528.0,1276037.64568745,212541.501197681,4.0,355829.5506305022
5529.0,1276277.43851969,212536.722061679,4.0,386453.4994672457
5530.0,1258752.01885374,205185.581894159,4.0,5022767.838208968
5531.0,1264066.86813919,246558.19268852504,3.0,199820.88102897056
5532.0,1276275.95160769,259293.396541566,4.0,748501.4928120195
5533.0,1257917.54742889,199912.424128756,3.0,178326.73160808522
5534.0,1257478.06666043,199936.771200776,3.0,96780.1288340102
5535.0,1279054.42245853,206039.470599025,3.0,87944.74547506397
5536.0,1255843.96918677,200417.732161269,1.0,0.0
5537.0,1270960.33265825,243600.969261497,4.0,106216.46591512456
5538.0,1270972.45931426,244026.767341927,4.0,102340.4727042206
5539.0,1264792.75741993,268207.913542688,3.0,43933.935369935774
5540.0,1264806.15076394,268869.259975359,1.0,0.0
5541.0,1290134.02790987,184046.98929651096,3.0,1886078.953293264
5542.0,1290479.30874224,184045.715696499,3.0,1884828.311693132
5543.0,1268667.42647991,225649.776859105,3.0,456154.1126707592
5544.0,1278265.24818572,286520.056665435,3.0,82362.96043373209
5545.0,1278594.63730606,286509.621977434,3.0,42826.333333333336
5546.0,1278182.23980165,285896.058264807,3.0,339022.0
5547.0,1278336.2345538,285896.057240799,1.0,0.0
5548.0,1269424.60216068,200857.296577722,3.0,58085.604397851006
5549.0,1269014.18731226,200868.464833736,4.0,100798.64802232642
5550.0,1272684.38827601,220290.860693619,4.0,4795.79950554029
5551.0,1272807.45592414,219852.61128516504,3.0,8367.744606790891
5552.0,1276708.60690413,218452.450003743,1.0,0.0
5553.0,1276704.23589613,218120.2112194,4.0,233844.5110264158
5554.0,1286734.7141784,191809.840248451,3.0,128085.38014432444
5555.0,1286892.99603456,191805.60140045,4.0,108150.00427191556
5556.0,1278977.39077845,251273.330613345,4.0,601354.834469037
5557.0,1260912.91050395,199803.597568646,4.0,180603.9298711996
5560.0,1269841.9983211,218183.959443465,4.0,370381.42212626274
5561.0,1269826.55083309,217409.079058677,3.0,247644.71854493264
5562.0,1265302.50833245,280292.504147068,4.0,204659.9399049632
5563.0,1265308.79146846,280667.172051445,4.0,320468.223285927
5564.0,1257124.32195608,220281.690133616,3.0,761590.1206864766
5565.0,1264946.39486009,191755.829240397,4.0,735111.4036689599
5566.0,1264977.30167612,191100.394487724,4.0,337829.64432388067
5567.0,1254362.26678525,257918.59154814496,3.0,3797390.298567072
5568.0,1262608.6741537,240782.122538611,4.0,12777.438875909462
5569.0,1262290.49962537,240615.254762426,4.0,3869.975200069076
5570.0,1282366.20358193,232660.568610281,4.0,106181.94498033047
5571.0,1282704.07852627,232651.305826277,3.0,76341.05399060209
5572.0,1272964.2154763,203441.683780372,3.0,132224.35904536597
5573.0,1273956.62456532,203678.577668607,3.0,44117.04395355275
5574.0,1256189.11120312,202517.135107428,3.0,321117.6676437814
5575.0,1255978.44925091,202479.131267384,4.0,241785.3395708196
5576.0,1277398.65151285,224948.034138396,4.0,51693.17390740061
5577.0,1280012.28997952,230918.754144505,4.0,1840198.878235838
5578.0,1263734.43210685,250973.976181045,4.0,43971.64302846578
5579.0,1273586.97310893,230427.779743999,4.0,465257.2228240718
5580.0,1273829.03589319,230421.132447988,4.0,395257.6837712648
5581.0,1267326.72017452,260858.75071916,3.0,50729.37304618273
5582.0,1280822.42713234,208705.142729759,3.0,16105.31316433036
5583.0,1281069.3088606,208698.509897754,4.0,617520.2118366841
5584.0,1261580.18576865,245068.00606299896,6.0,3338625.487098607
5585.0,1260883.40727192,245083.111983001,5.0,2969601.524244978
5586.0,1264895.22276403,253226.704311341,4.0,767087.1937441461
5587.0,1264900.60100403,253493.095479622,4.0,181166.74846869084
5588.0,1281462.909757,245923.557167873,4.0,721672.0952956806
5589.0,1284327.59430394,204384.733765334,4.0,889490.4550611756
5590.0,1284321.85811193,204111.861573055,4.0,1199036.141758516
5591.0,1255222.62563413,234816.604004502,3.0,54198.02946968127
5592.0,1255228.90480214,235086.517476767,4.0,2150.3669059438616
5593.0,1275160.19960655,231597.456545204,3.0,21270.254894635305
5594.0,1279103.70578659,232570.813218191,4.0,38353.01963242544
5595.0,1263827.39319494,247642.13476963303,3.0,13594.002962147028
5596.0,1255535.31235445,249652.946035683,4.0,345349.66128885554
5597.0,1291845.85063164,189102.73048567804,3.0,78879.7537626504
5598.0,1274403.61643778,271851.510218427,3.0,48929.71160894559
5599.0,1275056.40159044,279220.331473961,4.0,4168586.720058457
5600.0,1281043.29311657,274357.990796983,4.0,222254.85863017145
5601.0,1281663.36306921,244336.999982238,4.0,198503.95428868747
5602.0,1281913.01318146,244327.65060623,4.0,64645.90084831849
5603.0,1270368.70161764,245664.436271608,4.0,59226.70284908936
5604.0,1270720.557234,245657.63543959,3.0,81654.83504638833
5605.0,1255564.21616249,208588.699721634,4.0,655564.8635830135
5606.0,1270793.93829007,222168.396311536,4.0,167814.93858136854
5607.0,1270786.68075407,221835.395991206,4.0,226983.98412378208
5608.0,1272171.88965149,236387.106406108,4.0,176572.96291392975
5609.0,1282172.83679773,213975.35105516,3.0,10111.640765173132
5610.0,1282335.7636459,213625.302862793,4.0,141725.38861014057
5611.0,1275342.37867874,248364.29016237,3.0,2245.9256898798744
5612.0,1275593.22725499,248362.329842359,5.0,594547.4224081133
5613.0,1262712.3895458,245309.438319236,4.0,98982.367727262
5614.0,1262301.01828139,245318.484527245,4.0,79876.47612020178
5615.0,1278939.20485842,263188.190273553,4.0,204346.515830757
5616.0,1279281.56505077,263176.835329533,3.0,115750.1560846116
5617.0,1263548.58794665,233085.213730723,3.0,348405.3914736295
5618.0,1279553.93522705,256543.255418748,4.0,352046.6588338578
5619.0,1277350.27429679,213535.332238704,4.0,20915.4977054184
5620.0,1275724.28178312,221925.68879129,4.0,332246.46229017107
5621.0,1275720.59973513,221754.526743114,4.0,503203.2224830597
5622.0,1266255.08158143,255060.277049229,4.0,379981.3551734719
5623.0,1257070.68592402,253727.712823868,4.0,386133.572929649
5624.0,1287393.72038707,191791.521080434,3.0,127530.1594323113
5625.0,1280979.08198051,252562.949046671,4.0,138166.98631030408
5626.0,1280980.88582051,253222.96248734,4.0,151990.8394444058
5627.0,1278955.81535444,217314.53595458,4.0,184315.97780156552
5628.0,1279259.08741875,217306.984466568,3.0,754416.9026466758
5629.0,1274833.04312621,188488.236021057,3.0,42390.0
5630.0,1262207.56471328,237480.34967123,4.0,63086.14164405767
5631.0,1295499.67860338,187369.712627903,3.0,2038268.5401763276
5632.0,1295857.22055574,187071.687667608,3.0,2056501.640284181
5633.0,1265687.83466884,262222.989120558,4.0,994084.3140745098
5634.0,1259212.83191022,253708.761079848,4.0,143380.86550680676
5635.0,1263567.61284268,247931.08824192,3.0,454862.0730885504
5636.0,1254876.40816177,207950.89556098,4.0,421390.9222724272
5637.0,1270269.19332954,257479.554363698,4.0,542144.2174440551
5638.0,1259532.68394254,209576.35559465,4.0,22348726.630572703
5639.0,1259221.63632622,209582.791242659,3.0,2210008.2531468505
5640.0,1276970.2559924,218113.245011389,3.0,437256.3477712402
5641.0,1277070.54815251,218110.618387386,4.0,2761256.0798847224
5642.0,1284939.31257656,208665.40954572,4.0,47420.73282923908
5643.0,1284933.16659255,208236.279177278,4.0,117190.81342129892
5644.0,1288020.94585972,190527.567223147,4.0,1606370.3884638683
5645.0,1277682.47570513,268848.620551348,3.0,61318.75890430436
5646.0,1284203.61753581,263072.261697426,1.0,0.0
5647.0,1284143.91750374,263308.985985667,3.0,54960.15912833104
5648.0,1271294.12401859,223369.603608772,4.0,127028.30562622688
5649.0,1269730.14123298,244876.85783879497,3.0,46660.713020559866
5650.0,1269736.37547299,245146.77457507,4.0,144288.2224852631
5651.0,1271736.44427504,208289.89063333,3.0,69263.99657952628
5652.0,1260021.07664704,189835.101750433,3.0,17897.424919551548
5653.0,1279127.29273061,222904.594328299,4.0,83312.53119950621
5654.0,1279135.64767462,223269.360344678,4.0,101388.17016764254
5655.0,1265091.43134023,233881.946403533,3.0,20338.121996344045
5656.0,1265093.18103623,234362.194468036,4.0,62692.630602843055
5657.0,1272076.6266754,246150.237168103,4.0,301836.7087771726
5658.0,1284676.4830723,242566.077996433,3.0,2587.761954146956
5659.0,1263998.91485912,251619.421109706,4.0,76638.41993792282
5660.0,1273357.7288207,276791.275279477,1.0,0.0
5661.0,1264559.76343569,286445.749081358,1.0,0.0
5662.0,1264081.2132272,286459.211353377,4.0,127164.0
5663.0,1292895.70906471,188722.383861288,4.0,58868.34347824986
5664.0,1270673.03076996,280036.895762801,3.0,109939.6563922684
5665.0,1261156.5419282,242779.18481265,3.0,982712.1262216116
5666.0,1265110.25054026,234981.896612659,3.0,23369.746686897757
5667.0,1256933.34793988,237332.855207071,4.0,54357.01790873795
5668.0,1256945.56867589,237752.569255501,4.0,207397.97546937308
5669.0,1269018.86872026,245690.361775637,4.0,195240.6189492362
5670.0,1269011.81720026,245949.975087896,5.0,854779.9817514145
5671.0,1283661.79609525,198580.07443139,3.0,87524.67491253463
5672.0,1285492.22521713,243006.32478088103,3.0,56646.04026913452
5674.0,1259585.6467586,200504.396673366,4.0,8702157.971254485
5675.0,1258701.9428217,255064.30264923,4.0,332075.10453275184
5676.0,1258713.73738171,255749.484025925,4.0,187578.6730609628
5677.0,1269552.96145681,225678.756443143,4.0,7753954.498579966
5678.0,1269336.03115258,226045.463067517,4.0,1005736.3575238488
5679.0,1257825.6082928,196334.61305308304,3.0,37351.59217711003
5680.0,1279280.03551477,256551.175994754,3.0,194355.24896709216
5681.0,1275657.09592706,267259.822213724,3.0,2788592.017657275
5682.0,1276328.04472774,267238.822277695,3.0,2732436.776919753
5683.0,1256568.62454751,255213.960505381,4.0,436282.014956525
5684.0,1266272.75050944,253738.154423878,4.0,275879.983214857
5685.0,1261273.79626432,251667.399669752,3.0,130752.8504965074
5686.0,1261162.04586421,251669.27992574903,3.0,30757.91454395889
5687.0,1265427.30826858,235595.20643729,4.0,104543.07064903596
5688.0,1280653.14758018,245649.760111585,3.0,192.31422366631227
5689.0,1264273.82570741,255099.252089262,4.0,334243.7848070809
5690.0,1273547.05746089,254741.14514489504,3.0,18192.1313430582
5691.0,1279899.8357714,258523.305276766,1.0,0.0
5692.0,1280931.66937245,258495.129468739,4.0,344882.70048123406
5693.0,1273005.68914033,239636.85386543,1.0,0.0
5694.0,1257522.56426048,249393.801523417,4.0,161292.15000905754
5695.0,1282961.83494253,262400.701376736,4.0,400464.2101966376
5696.0,1273338.85714068,250740.445492804,4.0,391464.1972404316
5697.0,1273733.82546109,250081.821812123,4.0,564776.5234345602
5698.0,1276337.74251975,232817.36189045,4.0,622358.6248013545
5699.0,1265826.71697299,179202.036075547,4.0,1101063.9951639986
5701.0,1267361.99275056,249735.741107777,4.0,738265.8011806688
5702.0,1263315.19837841,243378.527789265,4.0,23697.479023202668
5703.0,1259487.90058249,189843.231350437,3.0,1116692.0152572235
5704.0,1258513.7037175,257813.817532048,4.0,66860.26622603048
5705.0,1261114.87076016,240336.866922155,4.0,1093988.684961511
5706.0,1261126.89335218,241019.905194849,4.0,1102736.4832200955
5707.0,1273886.06731725,227120.968156621,4.0,141028.09771093843
5708.0,1257742.35645272,204566.987333521,4.0,125704.6193596258
5709.0,1257421.61334838,204579.675909534,4.0,378364.85938944353
5710.0,1283282.59871887,235710.002789408,4.0,342304.7519405906
5711.0,1283576.34092717,235702.004453406,4.0,541460.2063057855
5712.0,1278315.38616978,267174.537925631,4.0,1798614.3560783125
5713.0,1278648.74117813,267163.95725362,3.0,555510.7009232818
5714.0,1272354.71045168,238187.22256794604,3.0,128928.20414185416
5715.0,1274822.1107102,207993.877129033,4.0,123280.10111278716
5716.0,1275002.12050238,207989.491273031,5.0,1296250.085648517
5717.0,1272269.45637159,222442.583767831,3.0,145316.0153124552
5718.0,1259706.32567072,203822.848068759,3.0,871915.7549295219
5719.0,1259372.97200638,203832.066564769,4.0,14290121.397212844
5720.0,1266080.20202924,249507.320691541,4.0,69814.60441559825
5721.0,1265595.75089276,255337.845433503,4.0,1365779.7317636134
5722.0,1259212.44279021,209143.31738621,4.0,2080191.001254566
5723.0,1267658.50334287,244917.800942838,3.0,30555.856984131333
5724.0,1255649.74486656,258188.356476426,1.0,0.0
5725.0,1254004.92860888,238550.580456316,4.0,102611.78057595936
5726.0,1271072.11691436,270063.457352594,4.0,16899.375790562164
5727.0,1262132.02877721,235317.242405012,4.0,184385.0038420529
5728.0,1261836.73802491,235311.395941004,3.0,160458.06417543205
5729.0,1279888.73669939,214859.637008056,3.0,127445.2753107467
5730.0,1280175.00089169,214854.21480006,4.0,187747.52644890847
5731.0,1256656.1903716,239017.695976794,4.0,571283.6619670944
5732.0,1256344.00528328,239023.248808801,4.0,464432.9470095631
5733.0,1270966.48945825,260777.561919078,4.0,356127.4396107568
5734.0,1272691.01323602,220596.833877936,4.0,73269.70610010087
5735.0,1273008.79250035,220588.618325919,4.0,115268.73978823856
5738.0,1271751.27237105,275358.794574007,4.0,264375.27247122896
5739.0,1293830.27642566,185519.309234008,4.0,156390.2938198218
5740.0,1294486.77677834,185485.029105976,3.0,109407.54198347485
5741.0,1283365.39148694,265039.145603448,5.0,1321748.3211271786
5742.0,1261990.18820105,171447.4521956,1.0,0.0
5743.0,1281311.23058885,285654.897624552,3.0,75526.81448923213
5744.0,1281464.694205,285631.599448532,1.0,0.0
5745.0,1265164.53156431,280295.709523067,1.0,0.0
5746.0,1284290.2748159,206532.232711539,3.0,96053.21896296478
5747.0,1284373.27302398,206531.35245552697,3.0,114656.9236039234
5748.0,1276534.79032795,264589.937794983,4.0,160277.1235489202
5749.0,1276633.30751206,264586.655682981,3.0,126368.7603059578
5750.0,1269534.41067278,239591.467433378,4.0,14104570.711036982
5751.0,1273065.9564044,248776.850994796,3.0,162002.106803074
5752.0,1270729.75371401,254170.182072312,3.0,71131.58003914045
5753.0,1270749.91019402,254815.68146497,3.0,140368.40761928743
5754.0,1251297.76470211,239260.869673043,3.0,19491.615814089844
5755.0,1251323.69475015,239923.423849732,4.0,46975.44739473777
5756.0,1267714.51569492,233064.489378706,4.0,401362.7571470731
5757.0,1282525.82886209,252532.413366631,4.0,1015629.5670350592
5758.0,1253772.69872065,251341.020725414,3.0,423738.0
5759.0,1284891.65881652,198370.609919176,4.0,173021.43256556446
5760.0,1253359.91478422,239224.950505003,4.0,86278.59669560769
5761.0,1253279.13801613,239224.702761009,1.0,0.0
5762.0,1256111.39024304,258926.787389189,3.0,19970.39043851041
5763.0,1255631.73341055,258936.588221192,3.0,217821.69623440743
5764.0,1276886.94188032,228765.099358305,3.0,29589.00873099644
5766.0,1269388.46379264,178517.590570852,4.0,258092.33318518364
5767.0,1269711.36401697,178514.561066836,3.0,129426.07125753368
5768.0,1280189.54386769,255458.142777637,4.0,1964001.2439124463
5769.0,1280201.68325971,255720.949945897,3.0,262915.25583413866
5770.0,1275602.050423,259975.966718256,4.0,1185203.100889809
5771.0,1270954.82513824,204899.331141859,4.0,319606.76860513544
5772.0,1271255.92984255,204890.798021853,3.0,341613.2462538981
5773.0,1276779.92568821,214265.219535455,4.0,202860.1928865885
5774.0,1259655.89431067,248814.484786823,4.0,227241.35183342727
5775.0,1277519.18898496,237555.090983301,4.0,21232.9410179124
5776.0,1277945.2130494,237544.549671292,4.0,165857.44439638508
5777.0,1284456.70035207,203365.629828289,1.0,0.0
5778.0,1284701.17984031,203303.267716229,3.0,93323.8204246636
5779.0,1280603.55186813,200359.622401208,3.0,342850.1569400285
5780.0,1280860.17113239,255963.400570154,4.0,110157.53182500476
5781.0,1281531.19570906,255954.695866138,4.0,171254.3034048061
5782.0,1280303.67257181,263142.912513494,4.0,210657.45712285972
5783.0,1280623.72473215,263131.934145495,4.0,109483.5815627747
5784.0,1264506.77604364,211680.12334080003,3.0,221105.12564791492
5785.0,1289168.6801329,189881.639414489,4.0,221020.59407020247
5786.0,1289459.55418119,189873.973046467,4.0,255679.646146138
5787.0,1284927.02585655,207807.494600832,4.0,475328.97004147375
5788.0,1280584.1356121,249918.871347964,3.0,9291.284664054949
5789.0,1257671.88611664,202588.128771499,4.0,1263485.2259718932
5790.0,1278991.03839447,203047.644227967,3.0,45833.910266018
5791.0,1278984.29330647,202703.903107613,4.0,894057.6002108961
5792.0,1251743.40553457,210671.39962777504,3.0,45174.88530524504
5793.0,1262166.88272925,244366.937582269,1.0,0.0
5794.0,1277380.32575282,271186.141449735,3.0,6062571.679564478
5795.0,1254498.85212938,202709.889987618,3.0,42397.99999999997
5796.0,1282171.37222172,252539.428470641,3.0,175003.65308805017
5797.0,1284964.53625658,245863.658671811,4.0,266141.52200887544
5798.0,1268373.66135959,226787.902876273,4.0,722894.6954124469
5799.0,1255334.63625824,239042.479080826,4.0,247836.83967331084
5800.0,1279069.57497054,231483.115233079,4.0,337535.83387262723
5801.0,1294388.98791423,181292.446893692,3.0,572681.6343348627
5802.0,1294387.48788224,181246.779373646,4.0,1025350.1188536668
5803.0,1273350.58936469,209091.423498154,3.0,127167.99999999996
5804.0,1263022.68023412,191125.953527763,4.0,2926484.152480986
5805.0,1263013.2084901,189260.256757841,4.0,2905502.112148384
5806.0,1261597.71754466,238806.898472577,4.0,105211.23951239209
5807.0,1293258.41338508,188502.917429075,3.0,100774.90273006888
5808.0,1262614.24669769,170076.847330198,4.0,214586.43108472964
5809.0,1281143.62169267,217767.24865903,4.0,1334524.1609667966
5810.0,1282117.66175768,273166.087627769,3.0,1068965.0855314245
5811.0,1282320.03897388,273159.547339752,3.0,296581.62770185014
5812.0,1265847.91671701,192394.525753051,3.0,348980.29412777256
5813.0,1265852.81796502,192135.367160797,1.0,0.0
5814.0,1269081.27012832,179836.475116193,4.0,372077.76001176616
5815.0,1292156.61018395,187877.433780432,3.0,141922.92678721852
5816.0,1269068.26232031,179176.572843522,4.0,296818.72255817376
5817.0,1263498.6694186,244500.304110408,3.0,80444.35079172472
5818.0,1285309.93030494,196322.936893076,3.0,140844.70870608167
5819.0,1285509.66214515,196323.783997074,4.0,376423.3153155304
5820.0,1259224.53923823,254374.691192523,4.0,256787.11063789445
5821.0,1263035.76881014,247943.287345931,4.0,1171706.8841254923
5822.0,1285472.7692171,251809.852149904,3.0,26124.9785820637
5823.0,1263555.83402666,233398.559587047,4.0,402856.3183901738
5824.0,1255568.03107448,251488.954485565,4.0,34104.27209299507
5825.0,1254905.5153618,251494.865269572,4.0,51268.7932477948
5826.0,1282325.65804589,249226.856307253,4.0,418981.0694764052
5827.0,1282599.56236617,249220.356019244,4.0,2331052.142390292
5828.0,1281411.08242895,211889.037005022,3.0,6769.170001939371
5829.0,1284657.63859227,283317.058518156,3.0,81087.04602937752
5830.0,1284774.72627239,283315.283862159,1.0,0.0
5831.0,1270318.07998559,201876.109506771,3.0,74898.39010737247
5832.0,1270595.56734587,201931.472898826,3.0,72011.85848921063
5833.0,1265456.88695662,248993.72459501,4.0,195737.45325416667
5834.0,1265697.66014086,249005.751475021,4.0,156022.84919825988
5835.0,1252504.75247934,208798.015625849,3.0,1138088.6201734552
5836.0,1260285.32675931,247436.891761422,4.0,136333.6382361148
5837.0,1259627.88816664,247451.450417429,3.0,21083.691779858444
5838.0,1274087.78411745,239513.984361306,3.0,33627.69138541301
5839.0,1254595.50518548,214591.36526379,4.0,226414.60982603196
5840.0,1254417.8063693,214597.300943792,3.0,136873.7636287002
5841.0,1281600.57286115,221495.833046854,4.0,166335.9224830804
5842.0,1281768.66604531,221489.626070842,3.0,71507.77994641896
5843.0,1271810.68888311,197361.676606148,4.0,37862.92227008863
5844.0,1272470.57406779,197341.385982126,3.0,50139.48558705
5845.0,1264107.74237923,194450.658811167,4.0,608874.0738349614
5846.0,1264089.4704432,193781.315322474,4.0,352970.44468322804
5847.0,1262042.76029712,259672.573629946,4.0,144349.46636366338
5848.0,1262055.16772112,260338.904318631,4.0,50781.81813825017
5849.0,1274165.21669354,224658.766682088,4.0,575951.0408734501
5850.0,1274493.24818186,224651.381850094,4.0,439468.9834998335
5851.0,1259572.39939858,199838.689984679,4.0,10239925.29407376
5852.0,1273738.87602109,222105.176983476,4.0,652932.9283650253
5853.0,1273731.75070909,221800.260951161,4.0,1152526.5477948969
5854.0,1268239.47691146,242715.88343659,4.0,473519.5397830335
5855.0,1281635.95468518,209907.173514992,3.0,66964.44048297788
5856.0,1281785.95244533,209906.202698991,4.0,102622.20727684171
5857.0,1286166.65952182,205034.395206004,3.0,5001.276906554132
5858.0,1286164.33766581,204879.28557384,5.0,217777.5032414464
5859.0,1265084.87556423,245006.278126925,3.0,69036.49035180415
5860.0,1265089.18494023,245175.138415098,1.0,0.0
5861.0,1282952.28179052,202798.668355703,3.0,146851.03255198337
5862.0,1283614.44550321,202785.566979691,4.0,82208.17064354022
5863.0,1254869.97571377,249664.353843704,3.0,366603.2915178733
5864.0,1281616.12434916,261789.868608117,4.0,2637085.6195077966
5865.0,1281945.5852775,261778.153088108,4.0,1225574.4458337536
5866.0,1269266.09886451,241885.346091732,3.0,25240.40168147935
5867.0,1269425.87281668,241881.122027725,4.0,116405.30834807764
5868.0,1276958.41548039,217566.493458837,3.0,110295.64287231745
5869.0,1268286.0230235,258193.11366044,3.0,84342.6352574271
5870.0,1263951.95268308,259871.750398159,1.0,0.0
5871.0,1279329.09381881,281449.549460247,1.0,0.0
5872.0,1279128.93375461,178425.369322747,3.0,412048.16722499166
5873.0,1276202.10136761,273608.887628213,1.0,0.0
5874.0,1276385.69285581,273600.904396206,3.0,66029.2607278224
5875.0,1277445.68421689,281448.812884241,1.0,0.0
5876.0,1277836.23167329,281453.63010025,3.0,206630.28690097397
5877.0,1279743.31442724,275069.901069716,4.0,92943.88675769648
5878.0,1293270.8720091,188916.898229495,3.0,112698.778013513
5879.0,1293267.02656908,188788.51198937,3.0,279531.0377035119
5880.0,1260988.67709604,239012.780328795,3.0,92941.99623619036
5881.0,1268613.42891185,235607.074533299,1.0,0.0
5882.0,1268623.31799985,235869.597925574,4.0,68029.63851628054
5883.0,1265186.34686033,237840.161575586,3.0,550682.3184037432
5884.0,1265198.66474834,238346.112360105,4.0,1337471.636409386
5885.0,1282339.90502191,204981.580293939,4.0,3880023.361452127
5886.0,1283009.72262259,204959.665029928,4.0,3277062.916101585
5887.0,1273334.00114068,243912.146477804,3.0,91813.36040298684
5888.0,1273347.28920469,244372.131118283,3.0,147758.02603348112
5889.0,1276799.30488822,217057.017426312,4.0,211854.7516745424
5890.0,1276789.85023221,216696.982417941,4.0,165886.9118014547
5891.0,1252873.30390373,240878.104682699,4.0,235921.7666546392
5892.0,1252879.54371174,241222.847723052,4.0,195762.8861759857
5893.0,1284235.49510384,198822.943999633,3.0,81785.84721703586
5894.0,1267228.74827042,235865.923109576,4.0,462955.45321397024
5895.0,1276341.66411975,206860.572935864,1.0,0.0
5896.0,1276323.84427974,206154.251527146,4.0,280147.19224791
5897.0,1267986.7096792,260842.80095914,3.0,191469.5585391892
5898.0,1284463.39225608,234804.404836476,3.0,80425.81028629278
5899.0,1276293.80786371,257967.268988207,4.0,1451079.079621446
5900.0,1276941.83250438,257947.874620184,4.0,733841.1475400305
5901.0,1282939.07743852,202003.632514894,3.0,81334.25249583858
5902.0,1282938.53407851,201875.147906765,3.0,35047.31967847798
5903.0,1254732.10793763,192304.989560962,1.0,0.0
5904.0,1265266.88670042,193750.04665044,4.0,2051028.3610680683
5905.0,1265249.69284441,193081.638265759,4.0,1261469.777737814
5906.0,1275423.88408682,242801.026348665,4.0,64808.947321888816
5907.0,1275708.71557511,242791.050284654,4.0,226476.13157062387
5908.0,1285577.67417721,209945.360075027,4.0,53792.62914566038
5909.0,1285886.94816153,209940.738379017,3.0,6482.423079537785
5910.0,1259175.88771819,197311.430654094,3.0,116626.61291542386
5911.0,1262777.87792987,234412.812452078,3.0,39973.60090960743
5912.0,1274267.18661363,211395.740364507,1.0,0.0
5913.0,1274424.20926979,211393.822092503,4.0,166300.3664200638
5914.0,1264338.99089147,245019.279086947,3.0,317705.04817861976
5915.0,1264038.92292316,245018.881774947,4.0,221035.51983994764
5916.0,1256048.29686698,241160.910506994,4.0,87228.50425432752
5917.0,1255718.47926664,241166.653291002,4.0,25521.18441824263
5918.0,1261358.76592842,188169.130996734,3.0,182338.94518480744
5919.0,1274419.21912579,280587.58101137,4.0,477639.5227793023
5920.0,1288204.01632391,185109.678769588,1.0,0.0
5921.0,1273738.4252051,275452.057486102,3.0,107275.479410529
5922.0,1264061.04957919,285111.839320004,4.0,92103.95776548376
5923.0,1280395.9059799,273715.614092335,3.0,1164395.392552493
5924.0,1280401.50245991,274381.458253011,4.0,478215.0925792924
5925.0,1262322.1370014,280051.20545882,1.0,0.0
5926.0,1283194.48275077,201872.645570755,3.0,1491.987289139139
5927.0,1256311.40854725,238604.084904373,5.0,54846.888004444176
5928.0,1255982.1805149,238610.064552382,3.0,9840.737834597836
5929.0,1264882.62468402,238981.071400762,4.0,53190.076835212014
5930.0,1281569.03551711,257010.10681122504,3.0,240899.1930743658
5931.0,1282228.86098978,256994.5222352,3.0,225667.7587992002
5932.0,1267509.45572671,244620.952814534,4.0,481906.2838859236
5933.0,1267517.87825473,244921.937774837,4.0,522266.7961167018
5934.0,1254071.66204895,241197.885163024,4.0,203481.40175696052
5935.0,1278329.38751379,227037.868252531,4.0,153668.69872043707
5936.0,1256618.39478756,196150.535292909,1.0,0.0
5937.0,1256618.46109156,195550.273404285,3.0,397869.1884232135
5938.0,1264743.60196388,265560.137667984,4.0,275835.2028739613
5939.0,1264752.11543588,266222.946052656,4.0,446573.6264193588
5940.0,1272447.92024377,284119.368534982,4.0,686838.8374298337
5941.0,1273111.42091645,284092.039894953,4.0,767338.6798264293
5942.0,1282818.56486239,275419.095310077,3.0,11956.942811826142
5943.0,1283170.67539075,276394.661263078,4.0,247936.46971017527
5944.0,1270517.57764979,287111.195930049,3.0,43943.387878787886
5945.0,1267642.38686284,285007.042327896,1.0,0.0
5946.0,1282328.34898989,263071.593089432,4.0,217065.18589778087
5947.0,1282658.03596623,263058.611457422,4.0,76935.1982280718
5948.0,1287338.33203502,189521.127670109,3.0,72824.73102752393
5949.0,1287330.24838701,189196.65355777703,3.0,104747.03987438136
5950.0,1252584.68604743,212687.20206183204,3.0,171194.22144957868
5951.0,1278943.67199442,234681.48746036,4.0,631166.916921646
5952.0,1277489.66213693,227908.863517419,4.0,253120.2311611644
5953.0,1277512.75199296,228573.995742097,3.0,120419.79405032968
5954.0,1283916.75980751,199916.40704076,3.0,386053.1211691693
5955.0,1283908.67884751,199246.653440073,4.0,1357585.0426506186
5956.0,1257517.16662848,212933.491598085,4.0,115913.16849510909
5957.0,1264985.14090812,193758.363898456,4.0,2345838.8772885585
5958.0,1264967.97098811,193090.055545762,4.0,1961485.3456560855
5959.0,1276003.72511141,267764.288774237,1.0,0.0
5962.0,1254985.67926589,216979.881810233,3.0,45322.13145789279
5963.0,1274604.46974997,252143.648694232,3.0,654879.6411974116
5964.0,1258659.26013365,259082.524285346,1.0,0.0
5965.0,1277868.14661732,218082.25685136,4.0,943506.3416034213
5966.0,1257987.69814897,202575.690435484,4.0,1371242.8611755793
5967.0,1257979.85334896,202245.94406715,3.0,66475.56100163638
5968.0,1272904.05022824,242051.627563909,4.0,97605.99765741968
5969.0,1272914.75461225,242422.428332284,1.0,0.0
5970.0,1266885.39134207,235563.081829265,4.0,678462.5840340469
5971.0,1267054.68100625,232441.900386065,4.0,1173955.9194117456
5972.0,1271198.87877049,198941.215743765,4.0,144875.94040656876
5973.0,1265213.81329237,233879.239715531,3.0,77106.9537047097
5974.0,1265331.38327648,233876.639011532,3.0,178807.72682907764
5975.0,1277001.93477644,221420.801046774,4.0,1434714.8177509415
5976.0,1266026.27300519,168707.474080801,3.0,3287102.542280605
5977.0,1265834.127021,168573.952992663,3.0,3204823.09031879
5978.0,1271502.4782588,249600.307379633,4.0,440446.8087326785
5979.0,1286037.95475368,279377.855762124,3.0,780474.1643866234
5980.0,1282662.14751823,178717.903851047,3.0,44264.41882251109
5981.0,1265161.27306831,243631.75889352,3.0,43908.4066958067
5982.0,1271503.8847228,198931.936255753,3.0,42465.40187174222
5983.0,1283567.87993516,205879.785222858,3.0,214713.07608046147
5984.0,1283820.87487942,205874.192710862,3.0,168662.13275896353
5985.0,1273852.2747412,243385.611437276,5.0,46460038.89143923
5986.0,1274112.25618148,243379.973677263,4.0,1739861.565357793
5987.0,1261792.84573686,267463.210245922,3.0,78.06666666666666
5988.0,1261797.14167286,267629.149574101,4.0,58989.47641291723
5989.0,1264984.10577212,250951.284341022,4.0,144207.66498301364
5990.0,1262505.47197759,236398.903334111,4.0,135043.50682327256
5991.0,1262175.66551325,236405.855078116,4.0,160914.23803294616
5992.0,1274519.02238989,246873.105776846,4.0,116867.29958100084
5993.0,1263995.02506712,258294.793916538,4.0,192396.5501902838
5994.0,1258823.26211782,258257.96460449704,3.0,19837.07681030817
5995.0,1258827.26506183,258539.046716794,4.0,126627.93863155416
5996.0,1276976.3370164,251320.060469389,4.0,378251.0037873336
5997.0,1276979.95186441,251980.072950065,4.0,291641.82274082943
5998.0,1284299.7072639,233370.005795017,1.0,0.0
5999.0,1281472.11186901,246583.501360551,3.0,677436.9940553021
6000.0,1275196.32056658,203965.58035691097,3.0,1171205.0247341974
6001.0,1275485.26623088,203721.020484656,3.0,1488740.3401446494
6002.0,1253560.40419243,216815.948690057,3.0,1186677.260805907
6003.0,1253661.51952054,216678.579217926,4.0,195860.4225089725
6004.0,1276476.92331989,217064.835346311,4.0,101754.09846122208
6005.0,1288907.25184463,191029.51141566,3.0,206114.9189757557
6006.0,1273144.96741249,279961.741074726,3.0,84778.0
6007.0,1273213.80357255,279958.592786714,3.0,169542.0
6008.0,1292850.67732066,187397.803507939,3.0,9957.049270679516
6009.0,1281757.1076453,215049.140240252,3.0,3144.287183492224
6010.0,1269580.92433684,186481.323698997,3.0,81094.24757678335
6011.0,1268252.60971147,186471.60126699496,3.0,50316.80677184209
6012.0,1285494.94470513,178434.776426762,3.0,150849.71538737457
6013.0,1285618.68294525,178434.33188276002,3.0,273520.1592300013
6014.0,1267786.569647,275737.659918398,3.0,426880.6307162504
6015.0,1267787.634927,276100.753038764,4.0,694202.6218011585
6016.0,1277128.36428057,217352.040146619,4.0,812336.1064818164
6017.0,1277447.84460089,217344.43355460503,5.0,689677.0669383543
6019.0,1266016.13879718,262215.228992552,4.0,417925.7390499163
6020.0,1280880.7406684,209682.091914758,4.0,121097.11808083724
6021.0,1281161.06815669,209728.859530807,3.0,11402.36962762088
6022.0,1285935.55929758,186635.094387159,4.0,44057.04354841411
6023.0,1286598.10912226,186609.924467131,3.0,89321.04656643189
6024.0,1264230.28215535,252971.089655086,4.0,1475942.4899281452
6025.0,1263477.15409058,247650.385713637,3.0,69699.26709253316
6026.0,1286556.64333022,202661.748995572,3.0,235463.92440753305
6027.0,1286549.84646621,202481.778883383,3.0,199298.40529276404
6028.0,1264176.35281131,237036.400742769,5.0,692583.1511819557
6029.0,1264192.00535531,237704.927271456,4.0,536109.2014992564
6030.0,1283723.59878331,232621.76029025004,3.0,64245.77732151828
6031.0,1283735.20607933,233062.973282695,4.0,92213.6024553116
6032.0,1279432.70092292,247293.025521278,4.0,1417045.0716586437
6033.0,1279440.88031493,247827.250225812,3.0,43461.00000260913
6034.0,1265743.6383809,231524.013473123,4.0,6102989.364961335
6035.0,1265751.68561292,231841.191649452,4.0,1854667.1416111272
6036.0,1274099.24766946,242774.870572641,3.0,814420.3125975733
6037.0,1258056.87683703,213811.28999899296,3.0,112872.68621569274
6038.0,1258035.23152502,212918.857102066,4.0,175647.58092801046
6039.0,1252728.45705558,237900.152615651,3.0,12289.04268256595
6040.0,1284762.48684838,252921.153719038,4.0,143576.75369132357
6041.0,1281635.71058919,170428.064482555,3.0,101603.9939971281
6042.0,1282230.79238179,169806.025697932,5.0,1806337.6589648752
6043.0,1292368.97095217,186981.625523508,4.0,536967.1600240443
6044.0,1291646.68627943,188705.659445271,4.0,187649.4510676972
6045.0,1251065.78518188,213405.227534577,4.0,918534.4242826516
6046.0,1274175.40760554,250356.069940403,4.0,228866.85738804852
6047.0,1274841.88530222,250311.178292364,4.0,174432.84724477874
6048.0,1269965.01675323,248279.910066277,3.0,22780.654933360376
6049.0,1269926.45150518,248471.354866475,3.0,7355.595010662692
6050.0,1274956.78463034,262857.382849216,3.0,955.4670208259922
6051.0,1258955.57520595,254377.584888533,4.0,316763.18725141103
6052.0,1275082.57343046,212026.298189163,4.0,753842.8056266118
6054.0,1282860.22879843,212497.269005641,4.0,225586.66382446708
6055.0,1283023.03852659,212510.263117656,3.0,162441.90578484075
6058.0,1283082.92159866,208605.105545655,3.0,1772305.2741069766
6059.0,1267025.41732621,264840.08889924,4.0,130108.46029305123
6060.0,1282308.70726186,250550.173236609,4.0,318275.2362985308
6061.0,1275495.12415089,216418.906833664,4.0,21101.373526705214
6062.0,1275487.52043888,216158.838481396,4.0,139223.92345473566
6063.0,1270106.84030537,226006.944795474,4.0,3657880.480765563
6064.0,1270383.78097765,226170.978203639,4.0,2136180.722758268
6065.0,1279500.59116299,202004.801154897,4.0,252827.49457767932
6066.0,1274593.71742997,243141.475757018,3.0,68226.17011235279
6067.0,1274752.02091813,243135.612909019,4.0,42611.452354121015
6068.0,1266791.19006197,272798.781323388,3.0,27434.81027959972
6069.0,1267100.13764629,272793.029643387,3.0,99464.94175599176
6070.0,1265570.19057272,254016.852344155,4.0,153316.94494347964
6071.0,1266256.67441343,254004.526264146,4.0,167512.98307898742
6072.0,1278433.4555459,277769.735248476,4.0,293171.0104365845
6074.0,1264746.66237989,286778.27074571,3.0,1165182.5259088182
6075.0,1264085.0160432,286765.495833695,3.0,289530.83486663405
6076.0,1286091.28864174,282364.23560518,3.0,128137.69999999998
6077.0,1284541.14444815,183593.716272041,4.0,67684.32068108875
6078.0,1284535.17004815,182888.683247328,3.0,107457.51221156424
6079.0,1275693.09355909,206574.50496757,4.0,216043.55190669675
6080.0,1276171.64210358,206562.691655561,1.0,0.0
6081.0,1267205.8595024,237115.137446851,1.0,0.0
6082.0,1279896.7245394,219014.499092311,1.0,0.0
6083.0,1284248.25619185,199690.938688532,3.0,43408.844807395646
6084.0,1256565.2009955,243794.612589687,4.0,413412.9258827609
6085.0,1271940.90059525,252811.254006922,3.0,13291.709819634663
6086.0,1272198.20024352,252801.796662912,4.0,17304.50163241839
6087.0,1252715.53091156,236777.533798501,3.0,430686.245906995
6088.0,1253143.56380801,237239.517414972,4.0,73140.81619422794
6089.0,1278730.6275142,233714.217059374,4.0,130339.89329462512
6090.0,1279052.33125854,233705.429347351,3.0,262976.71652642713
6091.0,1258524.67414951,189527.511798114,3.0,68570.62207432088
6092.0,1257817.60272479,189550.703030139,3.0,34703.639686009934
6093.0,1269722.43486498,248088.204082087,3.0,37628.33510456594
6094.0,1261712.97220078,191148.302199781,4.0,180610.2610973128
6095.0,1261705.30948077,190546.644599169,3.0,107823.09891905314
6096.0,1264968.98212411,190437.833143055,3.0,154118.81423579474
6097.0,1269349.3001446,283421.86210227,3.0,68093.56544703298
6098.0,1269351.3293286,283707.180758566,3.0,29179.32570655624
6099.0,1288051.77389175,184686.869937167,3.0,505150.4381135517
6100.0,1277961.31474541,286412.632665336,1.0,0.0
6101.0,1277959.14808941,287085.282906026,3.0,4290573.394943768
6102.0,1282318.10687788,248560.768114567,4.0,426014.3563642351
6103.0,1282592.03219016,248555.649650559,4.0,3160204.150506166
6104.0,1272941.38840428,273778.305612385,1.0,0.0
6105.0,1272944.78142828,273986.417036608,3.0,267630.6169332438
6106.0,1291070.13203885,181657.80875006304,3.0,29230.541613102283
6107.0,1290962.37434272,181375.214125767,3.0,44539.08175536656
6108.0,1279565.88044307,258200.726844445,4.0,122404.88397614556
6109.0,1278684.98354615,248614.525554627,4.0,757421.7476921659
6110.0,1283553.34982315,264540.894274935,4.0,226359.34749246133
6111.0,1283757.68275136,264714.097987115,3.0,114583.84087166884
6112.0,1260124.31069516,285741.643544644,4.0,532233.6440403982
6113.0,1260533.06512757,282220.350741044,4.0,127163.99999999996
6115.0,1262506.41418558,189271.234741852,3.0,238814.37344254693
6116.0,1262380.44202547,189109.140277684,1.0,0.0
6117.0,1279942.25599544,184155.07211262,1.0,0.0
6118.0,1281174.8092767,184235.357360706,3.0,300318.06606586697
6119.0,1256374.8106593,257522.640891746,3.0,233477.42407333595
6120.0,1256071.043235,257528.648763746,1.0,0.0
6121.0,1267051.10359824,245201.683247134,6.0,239049.071564906
6122.0,1270054.04939333,243203.10622108,4.0,139778.83417843533
6123.0,1270348.27089763,243195.131501079,4.0,154098.03098973454
6124.0,1256590.56381153,199754.110144585,3.0,42548.716655566655
6125.0,1256431.34665936,199757.8771846,1.0,0.0
6126.0,1284221.63321583,197902.597118691,3.0,516638.3862874483
6127.0,1271833.18129914,247097.07972906495,3.0,98745.73638267204
6128.0,1272168.16555548,246942.640432909,3.0,3847.546359018115
6129.0,1258426.05558941,254382.563896537,4.0,503633.8277786661
6130.0,1258437.92298143,255067.709177226,4.0,282919.5782254733
6131.0,1257945.26582892,200887.795201749,3.0,157074.6345760416
6132.0,1257624.03882059,200878.04064174,3.0,488667.58981492056
6133.0,1277333.06994477,201485.21561835695,3.0,4563005.136890536
6134.0,1277937.72914539,200767.349889636,3.0,379453.5186260807
6135.0,1284029.06207962,262593.376832932,4.0,85072.91320500328
6136.0,1256938.7963879,210526.712587625,4.0,1019009.4294049444
6137.0,1256609.16944355,210553.640395656,4.0,887191.2019733607
6138.0,1261106.01085615,195169.002491891,3.0,1073477.280176161
6139.0,1273235.39403658,258058.22514829,3.0,4730880.7125625
6140.0,1273584.30117293,258046.622140288,4.0,4681087.039781755
6141.0,1271995.74494731,205426.708998397,4.0,222122.3752926521
6142.0,1273216.59064455,269482.062855989,3.0,79490.71887557114
6143.0,1265737.89988489,239201.92132099,4.0,770592.0003709233
6145.0,1267052.23089424,267489.429381952,3.0,1155091.2596775123
6146.0,1254742.60854565,204026.02317296,3.0,128679.41751832652
6147.0,1293845.70976968,186038.858994544,4.0,163751.5307803049
6148.0,1294502.74093835,186005.914226517,3.0,47287.591498105074
6149.0,1271166.67902645,240877.595498696,8.0,17540101.32384231
6150.0,1271438.78712274,241019.330410853,3.0,93351.85260219211
6151.0,1273076.87077242,274163.527244791,4.0,115797.06181527767
6152.0,1273740.2335891,274139.940044761,3.0,276173.8701239374
6153.0,1280739.16351625,277185.235791877,3.0,279773.6232664879
6154.0,1281052.89746858,277331.500880033,3.0,194937.125953712
6155.0,1275220.90155861,261498.875391811,3.0,168607.13591307934
6156.0,1258782.50659777,246108.658480063,4.0,3532008.338909434
6157.0,1274978.48639037,207019.510280028,4.0,226630.89764461084
6158.0,1275703.68933511,207000.642248005,4.0,197557.6744025976
6159.0,1277954.8911934,263882.06784226,4.0,97924.0770565196
6160.0,1284527.91411214,249064.502643079,3.0,94008.44542680882
6161.0,1279005.90943448,228309.574365839,4.0,172075.36487647414
6162.0,1272783.99768412,247995.257393986,4.0,35627.58241295756
6163.0,1276338.73528776,267753.420358226,3.0,276391.9837274876
6164.0,1286391.66201805,192918.476153597,3.0,558695.9429181673
6165.0,1264111.63639523,198731.992127538,3.0,2187650.7627780694
6166.0,1277906.56415336,206770.38183178,4.0,15534.365499757374
6167.0,1263057.39505015,192462.740857124,3.0,74249.27296829643
6168.0,1257465.63658042,189250.40018183,3.0,112175.62562354132
6169.0,1261785.48944885,234869.433572546,3.0,388465.1355223491
6170.0,1261472.53636053,234875.662564561,4.0,269597.9694029572
6171.0,1265590.64260475,255073.862649232,4.0,355630.7724189623
6172.0,1277364.5872568,223308.086296707,4.0,74870.67768280815
6173.0,1277369.0626488,223613.962649018,4.0,79433.23496406674
6174.0,1277199.72370464,282810.274389639,4.0,50163.18823210948
6175.0,1277427.96997687,282801.969941631,1.0,0.0
6176.0,1269759.96004902,274075.785612702,4.0,424209.6567338739
6177.0,1258935.71331793,216354.328593597,1.0,0.0
6178.0,1265820.96727699,280293.795859069,3.0,45545.17662337665
6179.0,1260100.14147912,237512.47690326,4.0,165136.1020647433
6180.0,1274022.41477339,213963.549263135,1.0,0.0
6181.0,1274141.93950951,213960.670927137,4.0,173107.9184261331
6182.0,1275496.5969189,226155.528155625,4.0,379036.0611389163
6183.0,1272680.43486801,250827.553588897,4.0,390107.03131781967
6184.0,1272525.15435585,251086.389045149,3.0,267787.94905172265
6185.0,1255458.18614638,200153.569665,3.0,85810.33102587929
6186.0,1255483.5805144,199891.159424737,3.0,363996.7960467232
6187.0,1281107.41574064,196610.289021373,4.0,61389.46814547218
6188.0,1281407.41804494,196603.100989372,4.0,115875.22695056198
6189.0,1255572.59869049,251761.896885842,4.0,48770.2858971428
6190.0,1254306.8154572,237220.099814951,4.0,285635.492941566
6191.0,1272305.82801962,264712.602947116,4.0,665020.0762829974
6192.0,1272633.07371596,264702.708611101,3.0,241720.16329102995
6194.0,1278290.52044176,225604.922907069,4.0,202719.00535600065
6195.0,1279965.07058747,204528.776133478,1.0,0.0
6196.0,1261564.86423263,253015.147319138,4.0,318931.52386515186
6197.0,1261587.59351265,253681.547575817,4.0,595322.0039312834
6198.0,1259705.42211872,251692.31595777,4.0,252390.2977787552
6199.0,1259441.46167046,251696.948533773,4.0,117948.4450634323
6200.0,1254814.98960172,245985.551151931,1.0,0.0
6201.0,1281707.33938925,269716.176264226,4.0,580444.5418948296
6202.0,1281708.23212525,270380.003656909,3.0,46880.24968225064
6203.0,1257538.1183725,217882.076179162,3.0,1130731.1609776097
6204.0,1257188.61514014,217682.976146951,4.0,431184.4502089216
6205.0,1285207.54662484,251816.634613901,1.0,0.0
6206.0,1274186.20286955,250865.573172927,3.0,202436.55644343296
6207.0,1267211.47729442,227409.809436917,4.0,246222.1997939336
6208.0,1257127.77373208,217582.05870685,1.0,0.0
6209.0,1285319.48537695,177296.715433598,1.0,0.0
6210.0,1285316.99520095,177012.869545311,4.0,127164.0
6211.0,1277218.64984865,179421.498923764,3.0,191185.6026254245
6212.0,1277207.84415264,179093.602539435,3.0,323358.1811742439
6213.0,1275722.94187912,273889.585228503,4.0,452200.5003127548
6214.0,1286876.96390654,286446.07029736,3.0,492891.8827745594
6215.0,1286836.70278651,286636.007577553,1.0,0.0
6216.0,1265896.10327706,170036.465186164,3.0,44564.49748050436
6217.0,1265566.09969272,170036.311330155,4.0,73691.91880130916
6218.0,1263999.58967511,243368.820781246,3.0,165953.69137223106
6219.0,1263518.92861862,243375.459565267,4.0,929007.5230818726
6220.0,1280213.89714772,209942.508747026,3.0,253066.8216884392
6221.0,1262798.04484189,208419.791945472,3.0,1015937.560362244
6222.0,1259694.06551071,251032.418357104,4.0,331324.7679138497
6223.0,1254975.47516988,236543.080166265,4.0,115363.40423524308
6224.0,1276970.25893641,202419.644483328,3.0,1778513.4038805554
6225.0,1277193.99903263,202410.682563305,3.0,1694083.8539956063
6226.0,1270713.83313799,268075.534854546,1.0,0.0
6227.0,1271044.57201834,268070.408518553,4.0,158718.4827326057
6228.0,1262551.59978564,237962.182311714,4.0,26146.292040742406
6229.0,1262558.90064964,238209.019431964,3.0,44964.75143755251
6230.0,1282589.54367815,249882.735923916,4.0,1890278.0564724277
6231.0,1280438.24876395,254157.152888298,3.0,264494.33390758693
6232.0,1289732.39552547,189162.778613746,4.0,378113.12152942456
6233.0,1289719.16128546,188602.398197174,4.0,59460.74161677079
6234.0,1280588.76287611,210922.936844021,3.0,1182424.5391716575
6235.0,1277631.49157707,202393.157315299,4.0,1662707.382401852
6236.0,1277626.13068107,202002.3143069,3.0,43745.917420968784
6237.0,1260588.49776763,253031.16267915105,3.0,29937.7143563826
6238.0,1261241.3649043,237492.468711242,3.0,43495.999324605
6239.0,1261249.7681043,237972.121639729,3.0,23275.21832711804
6240.0,1272890.72613223,235139.25456482204,3.0,130504.06596734564
6241.0,1272806.46411614,235508.655397207,5.0,439114.2794541892
6242.0,1267342.68113454,175253.2109835,4.0,6326672.140735187
6243.0,1266949.39972614,175257.94813551,3.0,377208.5351325554
6244.0,1272283.6429956,260074.656830356,4.0,21140390.92733539
6245.0,1272285.76011561,260275.498622566,3.0,3290305.082855578
6246.0,1264083.99178721,190440.156343058,4.0,303928.19831872423
6247.0,1275683.03480709,206169.970631167,4.0,565057.7795259748
6248.0,1276308.29016772,263275.505089641,4.0,193093.48238963244
6249.0,1260925.12304798,200468.76128132603,3.0,209745.2530090419
6250.0,1252100.34972693,214719.179599911,4.0,87164.38912793492
6251.0,1285326.85971296,243009.594476879,3.0,271.0215007215008
6252.0,1259661.21027867,191201.567863837,4.0,146897.78201331996
6253.0,1264114.82897124,262266.655360609,3.0,390333.0239897887
6254.0,1282604.94291016,236982.529126719,3.0,185398.17536867372
6256.0,1258731.07926972,196549.170365304,3.0,3413122.8026227257
6257.0,1270356.30763362,245134.582703054,4.0,33319.687621238365
6258.0,1270362.62161763,245404.508975342,4.0,46997.92241883705
6259.0,1260553.15299959,198481.688447282,4.0,813531.9159640496
6260.0,1260533.56778356,197817.428990602,4.0,608880.9875822826
6261.0,1256859.6745318,247789.395953774,4.0,993523.9218930145
6262.0,1256865.61181182,248078.106354073,4.0,872840.7384177182
6263.0,1285804.59596945,249776.460851818,4.0,483967.6035206712
6264.0,1265991.20318116,174271.687654495,4.0,1303985.90245045
6265.0,1265986.76190116,173943.209958166,4.0,1195779.9373684174
6266.0,1269801.07185706,284695.514711574,4.0,175520.14755971625
6267.0,1261068.78749612,190655.92523928,3.0,1565205.863147039
6268.0,1261076.45808813,189818.985974416,4.0,620112.0422393781
6269.0,1278094.60773756,283152.005973995,3.0,313726.5652888785
6270.0,1269615.05220887,187899.171892449,3.0,16064.580704718208
6271.0,1269944.35505721,187849.415796399,3.0,38556.33184812477
6272.0,1283362.67302294,251191.97246927,3.0,5340.450225208419
6273.0,1264459.84010759,247647.43102563903,3.0,109904.65590073491
6274.0,1277490.87896894,234957.609252647,3.0,19957.32127744734
6275.0,1256238.03862718,251483.24286955604,3.0,7271.911163773412
6276.0,1288296.05818,189904.637366503,3.0,6263.975944567936
6277.0,1268301.36388752,259513.970301792,4.0,7084346.004980274
6278.0,1268964.46788821,259498.495549768,4.0,7265999.156569256
6279.0,1264734.14858787,250955.929653019,4.0,104751.72317685516
6280.0,1264484.18122761,250960.642869025,4.0,64120.270710533725
6281.0,1269904.41681716,254844.133176997,4.0,4393164.9867704045
6283.0,1277268.37285671,230802.516512379,4.0,156204.6477433217
6284.0,1283411.320895,197587.354942366,4.0,56105.76766818021
6285.0,1283643.90111923,197585.365758374,1.0,0.0
6286.0,1272872.8570762,253645.635575771,1.0,0.0
6287.0,1260270.3586313,245362.539567292,4.0,337564.41035388206
6288.0,1260272.8523913,245627.874991566,4.0,372727.7273800588
6289.0,1287042.59347472,187451.074995995,4.0,213444.5538205593
6290.0,1266158.04074933,243616.714349508,3.0,71897.60832578309
6292.0,1266887.65611008,189001.368181586,3.0,38304.741680997366
6293.0,1266897.73681408,188662.096885234,3.0,45643.64238624503
6294.0,1257464.14774843,199401.665280238,3.0,2952.393522926059
6295.0,1257461.01290043,199280.195712104,3.0,71603.72508310524
6296.0,1263808.04087493,235715.197989419,4.0,76825.86532233813
6297.0,1278903.40831438,219252.061268553,3.0,279989.0026505982
6298.0,1255102.32438602,213907.97390309,4.0,201946.3193902888
6299.0,1285049.16243267,206523.998151526,3.0,6859.6310700510885
6301.0,1288211.07968391,184565.265841037,3.0,106193.12894568824
6302.0,1283357.12019095,286087.232729003,1.0,0.0
6303.0,1283481.97395107,286335.821465254,3.0,84778.0
6304.0,1284426.22963203,190145.754998758,1.0,0.0
6305.0,1284408.70406401,189784.64056637895,3.0,169542.0
6306.0,1281786.03410934,210548.948427647,4.0,884908.5003650114
6307.0,1282055.6890856,210541.462923631,4.0,821013.4390159944
6308.0,1268395.10583963,234546.079268217,3.0,79832.84763813262
6309.0,1268686.84638391,234540.633764207,3.0,125294.06772852287
6310.0,1263579.17482668,248462.709234476,4.0,397370.76711161126
6311.0,1260358.78333539,236063.380709767,4.0,339345.52141213213
6312.0,1260075.8019591,236068.22710977503,3.0,59040.98863063602
6313.0,1253284.55766414,210005.094219089,4.0,212509.75479905528
6314.0,1262576.18244167,193808.929466501,3.0,29874.51955677882
6315.0,1262426.20669751,193811.673210502,3.0,231921.65074205663
6316.0,1273553.5968529,255386.299385563,4.0,61181.67745394647
6317.0,1274216.43768558,255368.342393547,4.0,79143.88810460414
6318.0,1266986.05713418,260338.399038628,4.0,902215.207882829
6319.0,1280072.48108357,221069.933014423,4.0,360729.5753354263
6320.0,1278246.8952257,256911.87180312,1.0,0.0
6321.0,1269230.60548848,254205.454648346,5.0,4427542.059799383
6322.0,1282611.61676618,198661.42335946896,3.0,10481.146850715268
6323.0,1282613.61811018,198224.310015023,3.0,264.60368368960053
6324.0,1275601.708855,241094.243626922,3.0,254290.0
6325.0,1265066.60625221,264888.362435296,4.0,417743.8120801283
6326.0,1264735.08625187,264897.299395293,4.0,410297.8005590662
6327.0,1277855.6955453,253891.494008034,4.0,473336.2348807034
6328.0,1263241.29591434,244674.004846588,3.0,102710.13686478882
6329.0,1287942.17664364,187430.18923597,3.0,206309.60884072183
6330.0,1278253.72684172,260555.668286845,4.0,85482.10031377629
6331.0,1278260.31576972,261215.666367531,4.0,69352.51651156429
6332.0,1280135.58073165,247038.36433701203,3.0,445243.4756754317
6333.0,1280139.25394765,247278.25553725695,3.0,418276.4499484693
6334.0,1277757.1245372,176459.385064736,3.0,201687.7146479788
6335.0,1272396.01086771,221827.565655202,4.0,52636.78601170293
6336.0,1272389.23857971,221521.631254882,4.0,57230.130234477256
6337.0,1262200.03293727,210419.920139506,3.0,88582.57108949471
6338.0,1277594.28492104,230794.910560384,4.0,379894.3383579448
6339.0,1281642.53241318,262449.079872787,4.0,1317790.7961462368
6340.0,1281882.56313343,262440.224576786,1.0,0.0
6341.0,1277483.99583292,206263.186695263,5.0,762639.153803528
6342.0,1272407.64638773,195290.568188027,3.0,326322.3370098618
6343.0,1273057.65163639,195275.223100007,4.0,414632.0003525137
6344.0,1286277.65440193,200199.776577041,3.0,36166.20775004072
6345.0,1273716.79006907,208426.77255347403,3.0,92941.35472234875
6346.0,1274032.5374614,208421.555081472,3.0,84336.07462989933
6347.0,1280628.72838014,219887.609877214,5.0,115397.11136446612
6348.0,1274273.85394163,260346.205502644,4.0,302832.2692940009
6349.0,1274936.75384632,260326.801022619,4.0,313804.0851667855
6350.0,1283552.83244714,259768.964158043,3.0,57320.54881585743
6351.0,1259615.36490263,246856.612720817,3.0,12630.66134916487
6352.0,1259537.61795855,246958.351024926,4.0,24586.87890747196
6353.0,1257074.72950803,203932.834052876,4.0,501487.7846063829
6354.0,1257048.563236,203273.282564193,4.0,647323.0886179125
6355.0,1272520.27806784,231590.482465193,4.0,215320.8022022896
6356.0,1264795.31479594,197723.798270509,4.0,580517.0620575718
6357.0,1269599.39934485,187151.10021168,4.0,506915.8306989174
6358.0,1279980.41106749,170469.386210606,3.0,42395.33333333333
6359.0,1279976.48588347,170257.474594384,1.0,0.0
6360.0,1265825.31338899,280443.730259225,1.0,0.0
6361.0,1279375.22527486,271116.069449663,4.0,2753562.861875924
6362.0,1256911.10057986,209204.074186265,4.0,1317360.66915706
6363.0,1256577.29648352,209223.609226286,4.0,1045166.456432434
6364.0,1273565.87832491,227964.55471748096,4.0,527964.1903656588
6365.0,1273758.87429312,227962.847645476,3.0,141215.97223500974
6366.0,1261844.57303292,253678.209335804,4.0,600366.0570515036
6367.0,1273238.49643658,250710.627636775,3.0,1132371.654735194
6368.0,1278351.94744982,227900.486941412,4.0,137455.81080242794
6369.0,1278362.17413783,228326.362717852,4.0,96445.0995016742
6370.0,1281197.26886073,192895.878457561,1.0,0.0
6371.0,1284128.55110373,247385.752369359,4.0,2320756.139559084
6372.0,1284130.39788774,247545.11492952696,3.0,160077.70009219018
6373.0,1279680.51205918,268743.028935239,3.0,65308.82300418301
6374.0,1255470.87350638,205960.25127095,3.0,27339.357100704765
6375.0,1269339.04260859,227215.98959671,4.0,241311.3270206273
6376.0,1269023.91723226,227502.639965013,4.0,197550.56937430735
6377.0,1266007.66609317,239659.360041454,3.0,964169.6760250664
6378.0,1281799.57510135,204993.66496595705,3.0,4723839.423659869
6379.0,1281892.48537344,204724.152005687,3.0,775493.0550304072
6380.0,1275555.80971895,246608.601392567,4.0,75226.57670007163
6381.0,1275578.71909498,247378.854449362,4.0,94635.80571317072
6382.0,1282127.06886168,226909.321564391,4.0,79662.82605415494
6383.0,1282143.1846377,227349.349212855,4.0,70271.42273381184
6384.0,1269691.95460895,223844.29064926496,3.0,56110.75287366572
6385.0,1283701.5633913,242036.97994789496,3.0,218437.748032115
6386.0,1283708.8675193,242320.660140187,3.0,157537.83713245043
6387.0,1271772.24081908,222759.573656142,4.0,956463.6423715006
6388.0,1284103.47827171,189670.564662263,1.0,0.0
6389.0,1289178.8789169,184696.706865177,3.0,275203.6244888277
6390.0,1289171.4963889,184565.453489035,3.0,307499.07423027203
6391.0,1266831.84587002,251257.518965334,4.0,244670.1163331236
6392.0,1267492.2815187,251232.982581303,4.0,305911.4906787077
6393.0,1272193.17765151,230872.921888456,4.0,167894.48218170227
6394.0,1261944.08100101,251655.79570174203,3.0,53047.52311339411
6395.0,1261793.57968886,251658.444341734,3.0,81317.26200573686
6396.0,1255471.00272238,196652.24300541,3.0,501910.68430241634
6397.0,1280772.8976603,244611.748078525,5.0,264572.33937201544
6398.0,1281112.19916464,244864.576686785,4.0,64131.10669635393
6399.0,1268244.30891147,245445.245423377,4.0,85690.26967483333
6400.0,1268651.65387188,245437.323567376,4.0,63860.5562705051
6401.0,1283264.05446285,234836.913316518,3.0,628186.7817932364
6402.0,1251910.61878274,239913.781801715,4.0,101288.3624892738
6403.0,1265031.28612417,262241.21516858,4.0,243254.28140990864
6404.0,1250972.60361378,238602.771624371,1.0,0.0
6405.0,1276989.76844043,212522.579661667,4.0,99569.2879854644
6406.0,1258036.63114101,203894.884356827,4.0,1113673.0427618292
6407.0,1257716.28010069,203907.540804848,4.0,466414.0885050295
6408.0,1285268.54156891,245858.495279804,3.0,109695.19590314728
6409.0,1266551.72766173,197051.066621825,4.0,890084.459305114
6410.0,1266236.91300541,197060.689661831,4.0,170370.52244169495
6411.0,1263559.49380267,252440.821686536,4.0,967855.457867211
6412.0,1272482.36011581,229172.092638716,4.0,3264666.740878267
6413.0,1271183.01464248,198421.488127232,4.0,303754.67392094707
6414.0,1253324.42569619,249972.830900013,1.0,0.0
6415.0,1270358.49329764,224949.804826394,4.0,519241.60459836415
6416.0,1284352.62054396,205586.17395857,3.0,318017.30464228214
6417.0,1265531.20542069,191098.181879729,3.0,94565.18573863036
6418.0,1265281.85450843,191099.119223729,4.0,238677.16991904733
6419.0,1285269.7230089,252918.896183029,4.0,117485.65266125396
6420.0,1285009.58937663,253068.33221519,3.0,31912.595136653777
6421.0,1281217.85740475,281469.703252271,1.0,0.0
6422.0,1281217.85350075,281648.484756455,3.0,50593.01684740546
6423.0,1259236.50179824,255057.46181722,4.0,311718.476553975
6424.0,1275838.25989524,219835.972885162,3.0,103344.79974210708
6425.0,1276146.27704756,219987.21173331104,3.0,310667.39765136567
6426.0,1255071.59344198,192693.199737355,4.0,639917.1521897845
6427.0,1266989.32683018,260602.610814899,4.0,1243256.752005653
6428.0,1266992.59716618,260866.82451117,4.0,67254.26875630586
6429.0,1276666.19461609,262603.378432944,4.0,103978.7511571792
6430.0,1276895.31884032,262595.798400939,4.0,37884.88908776629
6431.0,1267732.37092695,252364.570550472,5.0,1474173.84642217
6432.0,1268200.78961542,252351.437686458,4.0,2067288.6593657855
6433.0,1278598.21669807,238052.256935805,3.0,1213.046233401226
6434.0,1278828.2244423,238046.859687805,4.0,9557.03524518138
6435.0,1261029.50410408,239685.631657481,3.0,925118.3912239432
6436.0,1260783.87863183,239675.323625475,4.0,226249.17691464856
6437.0,1259112.59818211,212888.103886038,4.0,144992.679152793
6438.0,1258846.82179785,212896.360078052,4.0,224635.59120262085
6439.0,1261576.92919263,199662.859968498,3.0,57960.15337537445
6440.0,1261566.93316063,199121.22393594697,3.0,29287.21499756972
6441.0,1284598.03801621,206528.800327525,4.0,159873.5999839678
6442.0,1284594.0872322,206353.623815343,3.0,49747.72940180588
6443.0,1265979.90462115,199021.630975842,3.0,47642.95763623809
6444.0,1265970.65041314,198769.80531159,3.0,205340.4147206334
6445.0,1271851.60977916,198410.097727209,5.0,134709.34344711184
6446.0,1271834.70789114,198141.396478936,4.0,371682.1616205624
6447.0,1267022.13943821,244441.52075035905,3.0,318482.5033025451
6448.0,1278479.45740195,206294.821127295,4.0,166183.87434162927
6449.0,1282688.43583825,229404.861214951,3.0,200826.2263563765
6450.0,1260412.77303144,234370.481828034,1.0,0.0
6451.0,1260423.20016746,234452.935076118,3.0,47247.40628089816
6452.0,1282798.45727837,267094.915397555,3.0,134965.7151291855
6453.0,1282805.43692638,268350.617926836,3.0,138341.90854811764
6454.0,1271626.03313893,206253.84320724,3.0,62968.82525093263
6455.0,1275196.45445459,204111.545285046,3.0,126866.93610478494
6456.0,1270861.00152214,223468.961624876,4.0,232398.37736518387
6457.0,1264506.35639563,237029.661222756,4.0,342631.0657991524
6458.0,1264520.32945165,237604.095783353,4.0,310059.46251069143
6459.0,1268703.70001593,177367.842921674,4.0,167601.71066016526
6460.0,1268043.62455925,177375.99050568,4.0,621758.5557841471
6461.0,1268502.20631973,172301.344804481,3.0,131169.80420814204
6462.0,1282388.03980595,283422.565526262,3.0,338357.33118276886
6463.0,1258363.33750935,214478.533135667,3.0,12469.5407582196
6464.0,1283079.70604666,233961.422627613,4.0,75922.8625769071
6465.0,1283419.714559,233952.246819615,4.0,134345.98802865404
6466.0,1257506.26608448,248596.4104186,4.0,349289.27847054176
6467.0,1261612.42026468,246609.974448577,4.0,656956.5072068401
6468.0,1273248.24901259,229246.908446789,4.0,3017759.844728389
6469.0,1273576.81630893,229242.803422794,4.0,2144433.936235872
6470.0,1256339.41865927,213205.508110359,4.0,219318.91946568468
6471.0,1255999.71165092,213217.392910376,3.0,96989.66760587522
6472.0,1270552.84100983,253255.520823374,3.0,184794.2450533338
6473.0,1271047.19569834,253502.64632763,3.0,175402.0369919908
6474.0,1275882.01343128,212893.722958043,4.0,440581.5337128972
6475.0,1276052.01016746,212890.362382039,3.0,134902.28689653223
6476.0,1277467.65823291,201750.74854663,3.0,412576.2219125958
6477.0,1277459.37016889,201509.635842383,1.0,0.0
6478.0,1270069.86296134,218179.472915456,4.0,432894.0400628745
6479.0,1249798.55676457,214488.741071686,3.0,124922.48482173018
6480.0,1256196.70537913,249108.50155513,4.0,824867.0833505021
6481.0,1255526.80445044,249121.084211141,4.0,946394.8931915716
6482.0,1258395.09565338,241067.396906897,4.0,51200.85186725037
6483.0,1258441.30128543,241732.953963578,4.0,128738.0621478092
6484.0,1258502.2434295,196829.122557595,4.0,302746.7784058412
6485.0,1278366.89656983,270640.54413718,4.0,2470959.505912401
6486.0,1278314.17029777,271152.557257697,3.0,3874872.913236118
6487.0,1275228.63352662,262889.074113235,3.0,5724.837078097332
6488.0,1275622.35813501,262878.609217227,3.0,86815.94706530694
6489.0,1263501.26557861,232035.763105646,3.0,215760.9662893217
6490.0,1274491.23077387,214903.367248103,4.0,115485.44487026273
6491.0,1266355.81431752,246006.903791949,4.0,1565735.0727763197
6492.0,1266713.31492589,245999.302767947,4.0,1077013.1073621977
6493.0,1281705.55366126,268388.520134866,4.0,271816.59167661256
6494.0,1270419.1624817,261451.406655774,4.0,2191495.162349894
6495.0,1270971.58885026,261439.20723176,4.0,1640894.9259935175
6496.0,1288568.53370027,189178.920949757,3.0,966605.7188303778
6498.0,1274497.91416587,246081.934128031,4.0,441989.8547950026
6499.0,1264202.73399533,233699.039587349,4.0,313478.9240121453
6500.0,1280160.34937167,219412.577044725,4.0,201868.4155341776
6501.0,1269453.73361671,242793.206444666,4.0,410628.3230394578
6502.0,1272693.82296403,217352.319698617,6.0,8380160.109854982
6503.0,1264827.72650796,262907.912961259,3.0,24949.76220584879
6504.0,1271170.82763447,246964.801776931,4.0,549386.0894621692
6505.0,1271055.46763435,247239.724785224,3.0,172975.2827916692
6506.0,1285857.43641751,207796.330952823,5.0,154975.40311733322
6507.0,1285851.5377935,207368.008968383,4.0,110388.0713369684
6508.0,1276942.75608838,207694.462344721,3.0,261571.87171667893
6509.0,1274233.41765361,256365.364026561,4.0,31757.85585919159
6510.0,1274239.1532056,256697.749882907,4.0,64119.84921446166
6511.0,1282191.03231774,255939.07122612,4.0,263928.0099128458
6512.0,1253269.33980814,235905.141157612,4.0,37346.16201037521
6513.0,1288116.97587581,192795.344505459,1.0,0.0
6514.0,1265366.70641252,227832.26818934095,3.0,9517672.651796969
6515.0,1279647.64569114,264023.689922407,4.0,149042.2299852519
6516.0,1279354.99404284,264490.196546882,3.0,84778.0
6517.0,1284667.77049628,283825.344214678,3.0,72870.61131066855
6518.0,1284631.03859225,284199.849047065,3.0,293395.4835040413
6519.0,1285939.89196959,178520.48657085,3.0,115478.05879678349
6520.0,1265111.16228426,275488.385486141,3.0,169293.08760441747
6521.0,1265417.18724456,275481.896334141,3.0,242777.5389336698
6522.0,1270653.37201793,243171.386157051,4.0,154825.77426159076
6523.0,1270659.43268993,264758.035267159,3.0,269801.25563730847
6524.0,1270998.62526628,264750.571651146,4.0,449878.98648706666
6525.0,1270321.8759536,242283.258988142,4.0,392921.52446582704
6526.0,1276686.01016811,245353.705263287,4.0,314656.2950657349
6527.0,1285007.73209663,204641.898885593,4.0,666916.5208281003
6528.0,1277709.14527316,206781.66989578295,3.0,70272.15264858582
6529.0,1264524.52663566,233690.302755341,4.0,167734.3729861867
6530.0,1267651.59652686,260586.630206883,4.0,1160945.5184401616
6531.0,1254864.39670576,213916.315087095,3.0,21552.7241255402
6532.0,1269400.47192065,240916.249258742,4.0,226856.50574647656
6533.0,1269694.66526495,240908.324714735,4.0,310666.1175753534
6534.0,1262537.15268162,237473.765351221,3.0,32171.63224980136
6535.0,1287426.57465911,248716.971826732,4.0,280877.695362243
6536.0,1288086.51891579,248700.779314712,4.0,239657.45141580052
6537.0,1277607.73048906,231232.092448831,4.0,386344.96041943936
6538.0,1277882.94904934,231224.493088812,4.0,263469.6972682477
6539.0,1280460.10335597,215895.085713118,4.0,71464.10116601046
6540.0,1269571.10609682,230097.55471965697,5.0,560043.884128734
6541.0,1269892.60024115,230089.385759652,4.0,271343.0118602727
6542.0,1271833.90405114,228667.506014198,3.0,201283.67592740417
6543.0,1272094.13784342,228664.884958193,5.0,1586613.1923607693
6544.0,1257029.95830798,251070.46814914,4.0,40406.22759058616
6545.0,1257035.67875598,251730.306677818,4.0,43971.374582151126
6546.0,1273787.78501314,251665.346549749,4.0,302065.7605808546
6547.0,1258880.09565388,208844.973833904,3.0,1482358.295539989
6548.0,1255369.92784229,256934.263163149,3.0,4806.346594653497
6549.0,1253655.16745652,216007.900433242,1.0,0.0
6550.0,1270600.06667387,230057.274271622,4.0,169740.7188398352
6551.0,1287836.16672353,176175.967976451,4.0,292879.6687159334
6552.0,1288080.19539578,176170.911592439,1.0,0.0
6553.0,1276463.17138389,253972.731704116,4.0,5527614.582072427
6554.0,1282827.7236464,254489.054776639,4.0,272938.9190200799
6555.0,1281263.8868448,220708.062678054,4.0,3755919.849547517
6556.0,1281576.18412511,220696.766102031,4.0,398088.0619138684
6557.0,1261445.96388051,197793.799422577,3.0,94359.41936048616
6558.0,1260320.23747934,256388.638266578,4.0,189684.6482205953
6559.0,1260052.86691907,256392.95289059,4.0,263645.10606363806
6560.0,1277017.55154444,220331.233365655,4.0,67538.69797253121
6561.0,1277008.88223244,220071.39925339803,3.0,6176.744279068934
6562.0,1277362.10597681,263240.532033607,3.0,41637.17660292631
6563.0,1270916.3442422,230052.402527615,4.0,205745.6105965072
6564.0,1271232.06571452,230047.38614361,4.0,235297.99916541675
6565.0,1277948.78783341,246000.285039946,3.0,51350.00559226029
6566.0,1278041.3651135,245997.407407939,1.0,0.0
6567.0,1266527.05246171,173940.671590164,4.0,108158.15181746482
6568.0,1267609.50737481,249497.643507525,4.0,1460426.7735852886
6569.0,1268493.59057572,235874.484389573,3.0,18916.542792163265
6570.0,1285311.68358494,206521.03655152,3.0,6499.546806936726
6571.0,1285297.41126493,205713.93485470104,3.0,36403.8244450084
6572.0,1275435.33061484,243110.256044984,4.0,29451.01295295672
6573.0,1275455.31019884,243649.989549547,4.0,145720.47036694063
6574.0,1271103.3389304,224324.150553748,5.0,825198.1393028427
6575.0,1283588.54361518,200570.514689431,4.0,1715063.638925341
6576.0,1283585.28934318,200246.195457101,4.0,1370686.3060854771
6577.0,1279656.39762715,215358.62619257,3.0,25404.18082285148
6578.0,1271968.85227528,224124.558105543,4.0,2213096.852724778
6579.0,1283057.09126264,227582.660445094,1.0,0.0
6580.0,1283098.42220667,227780.841501296,3.0,44059.77212365832
6581.0,1286358.07552202,195279.443580016,4.0,122856.7392608189
6582.0,1286653.51680231,194944.346427664,1.0,0.0
6583.0,1256806.67792375,253730.416567862,4.0,422871.8882898096
6584.0,1274197.68312556,253257.609079376,3.0,14670.292438234032
6585.0,1273474.73547682,239856.777961656,3.0,394752.2075058544
6587.0,1276217.69023164,229109.368990645,4.0,543505.6649037001
6588.0,1276539.84875996,229101.859166637,4.0,385163.45341611496
6589.0,1266100.53495727,270493.163209021,1.0,0.0
6590.0,1271269.85137856,205993.761350974,3.0,38284.6523376353
6591.0,1277236.87756068,250658.782900721,4.0,184715.2106520665
6592.0,1277240.35128868,251318.925941393,4.0,333171.35085758305
6593.0,1271891.3281792,254777.374072939,4.0,87911.81322645658
6594.0,1271974.36638728,254774.823224932,1.0,0.0
6595.0,1277735.31781718,225617.311707079,4.0,302801.6785773999
6596.0,1279667.71615516,232280.458785892,4.0,34639.13704217894
6597.0,1279583.81413908,232555.20662617695,3.0,5252.781748110303
6598.0,1286094.59769775,192926.686457604,4.0,1172140.809207948
6599.0,1257121.25533208,243321.7658052,3.0,736.5918289560158
6600.0,1280440.98892395,214849.176400051,4.0,156369.75122146285
6601.0,1280431.67199595,214374.606799558,4.0,273392.7697698933
6602.0,1253621.0625605,235887.123493597,3.0,1198015.997609567
6603.0,1253284.66627215,236604.91767032404,5.0,1164719.7486462817
6604.0,1282243.3471978,259798.074366078,3.0,236967.4404584546
6605.0,1262764.22506586,263312.85273768,3.0,209018.80452632107
6606.0,1262766.24669786,263482.814017847,1.0,0.0
6607.0,1277355.9409208,234449.204772115,3.0,145939.2698366202
6608.0,1258153.41635713,206522.269191518,4.0,51488.37078613973
6609.0,1257760.99683674,212223.536973357,4.0,138724.5085362848
6610.0,1257504.61418048,212231.668493375,4.0,77543.53415079003
6611.0,1256994.57321994,213182.640718341,3.0,43777.777744565166
6612.0,1256674.27005161,213193.815566361,4.0,226753.9628197858
6613.0,1282096.37042965,212661.726733804,4.0,9238.602875109573
6614.0,1279594.53420308,231177.770400763,3.0,191610.79408618365
6615.0,1275630.09368703,265581.978819996,1.0,0.0
6616.0,1275964.21867937,265573.936835989,3.0,42839.40597334373
6617.0,1283979.66361558,206535.529287532,3.0,19768.7793205333
6618.0,1284088.82380769,206534.370823532,3.0,5425.674515547148
6619.0,1284111.60588771,261149.28127946,4.0,82227.9611739656
6620.0,1284433.36083205,261245.877887562,4.0,104719.93425957268
6621.0,1261792.36874487,195157.952315882,3.0,1146326.676164739
6622.0,1282348.0536299,211541.845068663,3.0,39566.250522480885
6623.0,1282422.47705398,225578.13429904,3.0,46681.74463632341
6624.0,1272915.79858024,227551.991901055,4.0,277931.144568994
6625.0,1257432.3062764,243395.769901276,3.0,753589.27423587
6626.0,1266207.47767738,228758.874654293,4.0,78890.25013023481
6627.0,1267742.30462295,271781.083210349,1.0,0.0
6628.0,1269795.33598505,283701.200470552,4.0,166786.35235269915
6629.0,1281926.38617347,284707.639063582,1.0,0.0
6630.0,1282073.49222162,284705.441239581,3.0,169541.99999999997
6631.0,1288269.27379598,183806.040304258,3.0,55415.52447667832
6632.0,1288249.54579595,183158.375599593,1.0,0.0
6633.0,1294478.44244233,185211.048369706,4.0,224355.8773179313
6634.0,1275064.90975045,274802.20935744,3.0,101790.11957476486
6635.0,1275397.04261479,274789.845581427,4.0,183789.460620881
6636.0,1262638.34634572,279567.465938315,3.0,77979.6292693734
6637.0,1271089.04926638,275379.642254025,4.0,96323.9733946818
6638.0,1273742.20536509,272827.923275426,3.0,44817.08681858435
6641.0,1283991.7649276,200565.144897416,3.0,684593.917147699
6642.0,1262775.65252186,194473.640059188,3.0,762675.4923280118
6643.0,1262442.69028153,194479.384763196,4.0,1915529.2898976435
6644.0,1270374.78168164,245924.37476787,4.0,64115.76876408304
6645.0,1283360.92665495,264379.292546764,4.0,140478.41179451795
6646.0,1279477.55417097,200885.035009757,3.0,41897.04693505405
6647.0,1260276.3274633,189831.209718436,3.0,42389.99999999999
6648.0,1279358.55570684,216324.830289558,4.0,739416.2496880748
6649.0,1263467.59140258,230677.730400264,4.0,1012753.0594951753
6650.0,1272409.07941173,228900.564638436,3.0,230676.10849459344
6651.0,1263758.22404288,266522.069124967,3.0,42414.0
6652.0,1256213.39267515,249033.286195055,3.0,21533.89420070063
6653.0,1258521.3657335,189438.611702025,1.0,0.0
6654.0,1284913.80774453,199438.216384262,4.0,81502.48073385793
6655.0,1284907.33235253,199187.935744017,4.0,747460.619222152
6656.0,1282892.15756646,260103.371006384,3.0,371574.1481979996
6657.0,1278038.5022655,278752.793361485,3.0,65015.33288810434
6658.0,1278198.28504966,279029.010001764,1.0,0.0
6659.0,1279051.56684253,244840.052142754,3.0,181550.4028586365
6660.0,1279055.66687454,245039.649134964,3.0,28916.813141492225
6661.0,1292812.97664863,186476.892914996,1.0,0.0
6662.0,1271830.41982713,280004.746194765,3.0,165095.2609801588
6663.0,1272156.26430747,279992.647506759,3.0,82748.60225599552
6664.0,1271950.79851526,177847.677546158,4.0,617943.7412350919
6665.0,1270421.6224497,174571.501350805,4.0,111586.26855774336
6666.0,1270711.20094599,174568.071270794,3.0,42420.0
6667.0,1270787.54398607,271728.136778295,1.0,0.0
6668.0,1270807.03409809,271996.911818564,3.0,76373.75708004033
6669.0,1275324.04114272,284482.37371935,1.0,0.0
6670.0,1279900.7894994,225569.866587028,4.0,713086.8062299872
6671.0,1280200.45887572,225563.27605901696,3.0,50428.46300165561
6672.0,1273533.60997288,251394.198453471,4.0,111361.3972474085
6673.0,1262474.95888956,251646.43646973404,3.0,294814.42534958967
6674.0,1262313.54487339,251649.287861735,3.0,444432.22757586825
6675.0,1277635.86623308,233493.277539134,4.0,454355.87058903486
6677.0,1261097.48720814,261873.389120206,3.0,100166.2605948235
6678.0,1276663.62668009,232808.630306438,4.0,836415.6846453372
6679.0,1286756.39392242,247503.391601488,1.0,0.0
6680.0,1285868.99737751,208652.355785698,4.0,25876.84223467705
6681.0,1281329.28402886,254653.336632803,3.0,4925.190793336831
6682.0,1281329.41266887,254851.76895301,3.0,76891.87059370024
6683.0,1259439.02762245,194540.802299246,4.0,5033795.930947177
6684.0,1259412.41085443,193886.138618588,4.0,4349306.033277665
6685.0,1256767.83056371,215645.968784869,1.0,0.0
6686.0,1259199.7134462,257541.794107765,3.0,169541.99999999994
6687.0,1259202.90832621,257736.40031597004,3.0,84777.99999999997
6688.0,1282612.73945418,198953.414911777,3.0,15705.318838406214
6689.0,1282631.54323019,272353.918986931,3.0,86516.20414464196
6690.0,1282754.84153433,272544.444555134,1.0,0.0
6691.0,1284009.0887036,283086.930645928,3.0,499741.37936270976
6692.0,1262044.50141712,188189.773684755,4.0,1130043.0215479354
6693.0,1265356.57879651,244987.270958915,4.0,104768.0257677885
6694.0,1282031.37714958,264390.81913878,4.0,988363.426037415
6695.0,1261783.34608886,210822.860619932,1.0,0.0
6696.0,1261557.25860062,210826.634891927,4.0,111428.16099731677
6697.0,1273811.76722117,240172.321257979,3.0,22579.412251214468
6698.0,1274322.56184569,240161.84656997,3.0,2622.75683384047
6699.0,1264917.41726007,246967.165296942,4.0,42840.73209929185
6700.0,1265157.22846031,246960.838192925,4.0,131863.60514545263
6701.0,1273981.85189334,247425.375025406,3.0,96587.10493258722
6702.0,1274113.24235748,247421.447217405,3.0,34818.65327387414
6703.0,1275556.42911096,228369.529309899,4.0,227070.51778461976
6704.0,1275878.25887129,228361.544733882,4.0,172453.8736607361
6705.0,1277769.18226522,238945.962536722,4.0,669328.2965762952
6706.0,1272439.13419576,211737.07438086,3.0,48097.39375191043
6707.0,1272437.68305977,211416.934220538,4.0,521940.19084805617
6708.0,1276721.81983215,246574.013552532,4.0,129399.28655780488
6709.0,1272476.6268678,228899.948510438,3.0,102838.18219339038
6710.0,1265717.07281289,249765.434675798,4.0,116311.88149307706
6711.0,1266086.66916525,249767.806067809,4.0,203167.697757552
6712.0,1274302.08581367,266704.269509152,5.0,5848925.281814064
6713.0,1274309.87717368,267031.10842149,3.0,44702.0259052616
6714.0,1256287.86237122,200201.138433054,3.0,298849.5873221785
6715.0,1287349.99801902,189996.729718596,4.0,150078.93055770037
6716.0,1277688.13189714,246569.558832526,4.0,76421.6722825348
6717.0,1277712.01336916,247133.989425108,4.0,25897.56402341094
6718.0,1273574.41406892,242381.711852238,3.0,45412.19647863584
6719.0,1273831.92696519,242482.669036344,4.0,409713.2832566481
6720.0,1273264.2880526,232205.871969819,4.0,25942.528018201785
6721.0,1282608.59219018,227026.999836519,3.0,38182.54497783684
6722.0,1263360.55293846,270807.791817352,1.0,0.0
6723.0,1263174.77572228,270827.310473368,3.0,84778.0
6724.0,1264369.2822195,287032.418841958,3.0,103426.67085547392
6725.0,1264371.19690751,287148.958938077,1.0,0.0
6726.0,1279068.63077855,273765.390924379,3.0,693541.8461220245
6727.0,1279399.41388288,273753.487692371,4.0,810503.5182612865
6728.0,1257100.95485206,204592.366533548,4.0,540030.4439147078
6729.0,1256740.32470769,204606.613253564,4.0,518956.5597121288
6730.0,1279866.43660337,231457.829857051,3.0,1236050.7038051607
6731.0,1285199.97574483,200548.28307341,4.0,1101280.1068685586
6733.0,1275109.11570249,222686.202392071,3.0,516340.9418606567
6734.0,1289406.41683714,248668.39352268,4.0,468265.0566125013
6735.0,1260946.33629599,254355.968760505,4.0,716716.1590166022
6736.0,1274650.76984602,232758.410274386,4.0,539445.3890054589
6737.0,1271471.49112277,248564.41112257505,3.0,103298.4360169474
6738.0,1260774.88451982,194512.508411229,4.0,1059537.2743322316
6739.0,1255667.32585859,197128.112765908,1.0,0.0
6740.0,1255484.7802584,197133.298749909,4.0,72522.92159501316
6741.0,1265548.34314871,265635.547908053,3.0,474.92585633609065
6742.0,1265740.87786891,265532.159043953,4.0,643404.8165405939
6743.0,1257858.50813283,197673.655294463,4.0,159155.45424009484
6744.0,1257197.53667615,197718.201150507,4.0,82360.80490412025
6745.0,1257751.25149272,241078.740074903,4.0,209742.61063452545
6746.0,1262143.24829721,255699.740665883,4.0,297072.17409748764
6747.0,1281055.70489259,226968.291292459,4.0,323650.6629872257
6748.0,1281071.6017886,227389.331740886,4.0,281575.8479711846
6749.0,1256401.10160334,205281.452422246,4.0,1111942.9943694985
6750.0,1255610.96669053,243813.630253702,5.0,248933.51893230109
6752.0,1262337.76100142,253003.063991114,4.0,776531.6708188916
6753.0,1277226.04620066,249618.254515648,4.0,16189.562615481944
6754.0,1277233.14655267,249982.513588026,4.0,44970.21661920839
6755.0,1266670.25758186,227902.275933415,4.0,169255.15954270473
6756.0,1252867.53686371,240559.432042375,4.0,280406.60726566066
6757.0,1272053.79473937,220916.784662262,4.0,142840.22694374304
6758.0,1277051.95007248,272520.155211106,3.0,89032.62053048535
6759.0,1262612.4963617,168595.420832679,3.0,42657.85317460317
6761.0,1279999.7834195,229175.597854719,4.0,804687.0251674978
6762.0,1283097.61715068,209550.077386618,3.0,152165.98355474358
6763.0,1283405.18835099,209545.767690614,3.0,272807.320278478
6764.0,1285264.77222489,186233.073522747,4.0,203566.5421302964
6765.0,1264760.9375799,211024.056076139,3.0,31424.92626472136
6766.0,1264915.70730805,210664.42490775895,3.0,77307.92218053699
6767.0,1257448.36688441,237538.920039281,1.0,0.0
6768.0,1257267.25770022,237536.936807275,4.0,156321.5469268205
6769.0,1281227.45842876,194258.357370958,4.0,259668.4015451829
6770.0,1285706.44326535,205158.216134131,4.0,924903.3917278976
6771.0,1285685.93478532,204890.869189858,4.0,1282851.1280820295
6772.0,1280733.98764426,222582.010647967,4.0,1613015.7335267812
6773.0,1280724.50246024,222357.641047731,1.0,0.0
6774.0,1275798.3114792,225295.321498752,4.0,579335.5383634152
6775.0,1267998.06891121,262168.252352506,1.0,0.0
6776.0,1275816.24063122,216410.523985654,4.0,182708.3953774462
6777.0,1281633.35231717,263579.687233955,3.0,120463.28300864129
6778.0,1267964.75204718,173607.248357818,4.0,566101.0210128367
6779.0,1271248.40952255,282018.089620829,3.0,96984.49802172396
6780.0,1271250.52696255,282110.289236918,1.0,0.0
6781.0,1280812.16076434,227403.812700897,4.0,456095.0984974607
6782.0,1280828.48748435,227834.997213349,4.0,515940.0794317668
6783.0,1265410.18103656,234975.267044663,4.0,100315.99682784158
6784.0,1265710.14730887,234968.636516646,4.0,127664.952023895
6785.0,1251244.43145406,238421.369768187,4.0,44036.73481230775
6786.0,1280576.74847609,203952.969860896,3.0,47915.479206949305
6787.0,1279773.27077927,221081.695126429,4.0,435589.0371463944
6788.0,1279759.92133926,220751.38639009,3.0,24487.831366228234
6789.0,1267550.18103875,237939.00880768904,3.0,21295.351277493835
6790.0,1275438.69311084,265944.660804376,3.0,1700634.2323913705
6791.0,1252372.34524721,213320.58203049,3.0,244247.51541816976
6792.0,1280710.91654024,230049.100063607,3.0,1202449.1020681255
6793.0,1280722.97030024,230473.789856046,4.0,1714942.1878643609
6794.0,1257173.28413212,258439.222716689,4.0,1104686.556171295
6795.0,1257322.30416428,258706.08082896503,3.0,37758.08487262695
6796.0,1274246.05413361,218174.333779454,4.0,378886.91369138943
6797.0,1274234.9567256,217627.939218894,3.0,195857.258430964
6798.0,1253149.80137601,216402.303569645,3.0,751974.9610076838
6799.0,1260778.32579982,253028.11384715105,3.0,28431.209121330063
6800.0,1256282.45814721,254405.763640553,5.0,3908635.613123621
6801.0,1255954.86531489,254720.208888873,4.0,3953234.054994082
6802.0,1272300.84837162,265147.782467559,3.0,188363.45587097335
6803.0,1254371.32022525,216901.724434152,3.0,1461131.1323675497
6804.0,1273093.19518843,244793.776622713,4.0,491998.80544107285
6805.0,1273112.61413245,245457.017071396,4.0,71878.93318877184
6806.0,1265919.20164509,276454.103375137,3.0,242673.6809930702
6807.0,1266491.36983767,276260.97646293,4.0,264109.2453940948
6808.0,1265482.73598064,239670.633641466,4.0,298917.89030136034
6809.0,1260738.83312778,205129.579398096,4.0,542771.8433089111
6810.0,1273613.75026096,264674.616771072,4.0,106403.25978267234
6811.0,1274286.17413366,264655.372419044,4.0,184978.39061123648
6812.0,1276693.52722412,222071.24597545,3.0,217765.60904512036
6813.0,1269581.79275283,230523.28643210203,4.0,432120.71042226936
6814.0,1280856.46969238,204178.536005124,1.0,0.0
6815.0,1284331.15142395,209532.791050598,4.0,306765.8296978864
6816.0,1284325.17932793,209102.832266167,4.0,1296495.2745764796
6817.0,1255584.6908505,252555.124918655,4.0,179445.9737489706
6818.0,1255588.65571451,252815.123446926,4.0,184322.7255688696
6819.0,1274399.33630978,209736.292938814,4.0,614017.4972066181
6820.0,1274374.60139774,209073.792906135,4.0,501058.25769173936
6821.0,1264666.73732381,174933.656807169,4.0,4183311.9372594617
6822.0,1262879.23236197,193803.586618498,3.0,78691.67623553697
6823.0,1262774.23485786,193805.405498505,3.0,10670.248216865828
6824.0,1269418.63531266,278949.687953681,1.0,0.0
6825.0,1266679.48100586,262862.043329209,4.0,170979.16881058793
6826.0,1273008.27378035,203626.65914055696,3.0,52262.70330681454
6828.0,1281483.09804502,264395.117314786,4.0,150531.8920451936
6829.0,1257305.44496426,200962.313089833,3.0,876921.0322262796
6830.0,1256823.90915577,201078.604545951,3.0,832836.9507542865
6831.0,1276990.87538442,253299.918391421,4.0,581945.8101683985
6832.0,1277256.25381669,253294.764855415,4.0,696516.0279943778
6833.0,1261150.5317522,251037.075509101,3.0,58864.07728042294
6834.0,1260882.45616792,251042.512821108,3.0,45413.913351421535
6835.0,1272187.25342751,234786.041380465,3.0,160347.62059587485
6836.0,1272516.78590783,234779.642468452,4.0,33152.52992474463
6837.0,1279961.80153146,227858.068701372,4.0,556080.1713436594
6838.0,1279973.11058748,228283.987485811,4.0,597778.0107183055
6839.0,1266674.95313385,243605.607405499,4.0,269968.35021722224
6840.0,1267035.43825422,243600.818669483,4.0,459909.1573972844
6841.0,1264771.81585191,263570.321409941,3.0,51238.114684613625
6842.0,1264388.35268351,263579.812545955,3.0,583875.8775850727
6843.0,1266714.8870859,259815.728510097,4.0,4640321.785812017
6845.0,1280678.7870042,213711.010382891,4.0,67897.74055109396
6846.0,1264162.41809128,232706.560290337,4.0,1235283.8959358206
6847.0,1264185.42564331,233069.141282707,4.0,848010.5177758724
6848.0,1272320.89521964,245478.312943414,3.0,4679.556931136262
6849.0,1272340.39621165,246143.120368093,3.0,15064.96255627837
6850.0,1261767.14077683,265643.943556055,3.0,564562.2029662308
6851.0,1264983.47326012,258933.606909186,4.0,156714.15212811955
6852.0,1276677.6968881,285667.692888573,3.0,163254.18546874938
6853.0,1276883.59512831,285826.346776724,1.0,0.0
6854.0,1275724.90847112,272123.843658701,3.0,497740.4572890529
6855.0,1276384.2735918,272100.483786672,3.0,150508.22511304088
6856.0,1262053.77072912,191812.825144455,4.0,281862.6154505714
6857.0,1267789.918383,282072.558356881,4.0,5990563.777115905
6858.0,1267809.76350302,282724.949141547,4.0,608277.3377005872
6860.0,1291052.57562283,181372.163309768,3.0,63879.58242067992
6861.0,1291044.55597481,181061.209837452,1.0,0.0
6862.0,1273005.27410033,220280.746581614,4.0,72720.57076912434
6863.0,1275395.27723879,273018.746059611,3.0,84777.99999999997
6864.0,1275724.35039112,273006.796619609,4.0,339165.0048165635
6865.0,1270064.77771333,269418.396999925,4.0,475180.922769937
6866.0,1270397.52638566,269411.714567915,4.0,360218.2701101981
6867.0,1273147.98744449,239058.41277684303,3.0,204801.8337763054
6868.0,1260921.68343197,253025.81099914,3.0,41353.18309198552
6869.0,1270112.98494537,262120.04147245,1.0,0.0
6870.0,1268917.47812815,229687.683167249,4.0,684766.1123960672
6872.0,1256876.78109182,256569.738298774,3.0,45025.73533737314
6873.0,1282556.42924613,233619.191011265,3.0,87615.78125527696
6874.0,1282565.00499013,233973.581731632,3.0,16199.933558823022
6875.0,1276724.10463215,223627.611609042,4.0,491655.85952176806
6876.0,1270680.21476996,244034.334893927,4.0,107506.27278771358
6877.0,1267269.85054247,249218.28446725,4.0,15693.812365012527
6878.0,1285724.26444936,205430.10010241004,3.0,98363.73096873374
6879.0,1261301.81751236,169422.436897531,1.0,0.0
6880.0,1260811.14531985,169185.738849282,3.0,89826.15798213724
6881.0,1271222.12184252,175125.359527364,1.0,0.0
6882.0,1271890.90526719,175125.887719378,3.0,97155.21845086115
6883.0,1279619.66674711,170478.518754616,3.0,42085.82323232327
6884.0,1279605.37113109,169863.58396998,3.0,45755.93179786168
6885.0,1281247.08767678,251232.506165311,3.0,21908.39255951316
6886.0,1265554.68862072,253215.660343334,4.0,1086169.065248142
6887.0,1272803.94808413,232511.264738128,4.0,122953.63610454608
6888.0,1272981.25413232,232585.80854621495,3.0,36668.56963805258
6889.0,1270643.06494592,206010.810886994,4.0,91128.52289115636
6890.0,1270982.95006627,206001.565830991,4.0,279165.1069437848
6891.0,1259297.7992063,188536.879285112,1.0,0.0
6892.0,1285380.46752101,190238.009078845,4.0,3179370.934220434
6893.0,1257179.31037213,206561.083079562,4.0,1537955.6577621994
6894.0,1256818.55913976,206575.28448757497,3.0,512942.6106173417
6895.0,1259851.39261487,241777.122219622,3.0,42389.99999999999
6896.0,1263032.42007414,259648.459837928,4.0,827597.2424584592
6897.0,1278992.87826647,208306.192137346,4.0,1777853.9089599166
6898.0,1279324.50425081,207627.264648646,4.0,710706.9449288571
6899.0,1268658.85303989,245697.275439635,4.0,41588.385865442055
6900.0,1265057.18570819,264225.927042603,4.0,292711.6594040192
6901.0,1275375.97867876,230379.755551949,4.0,86006.68664486877
6902.0,1282587.57715015,210526.693259627,4.0,557530.7083567529
6903.0,1282588.76870215,209900.609866977,4.0,67442.64009770524
6904.0,1254201.71657708,207704.724488735,3.0,63652.83034098551
6905.0,1275954.53528737,230845.108000427,4.0,124246.10486241202
6906.0,1260397.18154342,259797.06553407,3.0,676797.0177497794
6907.0,1260411.29469545,260377.738238677,4.0,157132.86758112215
6908.0,1268900.37777613,282054.97275686305,6.0,1234387.4515210525
6909.0,1268901.53592014,282311.519509137,3.0,45472.60524442789
6910.0,1258670.16368566,260150.814782441,1.0,0.0
6911.0,1259148.77987815,260452.769214749,3.0,145545.18000542806
6912.0,1281105.83794864,228280.678429797,4.0,390470.0609364523
6913.0,1259019.03242202,203184.851972103,4.0,515116.3761454258
6914.0,1258995.449766,202520.307331428,4.0,376442.8076379538
6915.0,1277921.16684137,257918.803196147,4.0,3954993.097324901
6916.0,1278062.93164152,257914.444284141,4.0,2651528.390999739
6917.0,1279752.17759524,217502.776402771,3.0,71411.58543456493
6918.0,1279907.0890834,217498.51457876,3.0,29139.507304548824
6919.0,1277021.17490445,222338.677463725,4.0,390857.3246394876
6920.0,1277015.60172045,222067.945111439,4.0,235600.31590596997
6921.0,1262757.43536985,193137.345785812,3.0,27518.04423483852
6923.0,1262634.87197772,264503.897602901,3.0,42397.99999999999
6924.0,1262637.56746572,264953.888195351,3.0,42585.99999999999
6925.0,1274372.08568574,231242.92150484,4.0,142491.35941414745
6926.0,1274631.00152601,231237.312288836,4.0,170435.78497318155
6927.0,1280712.75999624,251568.749301642,1.0,0.0
6929.0,1267625.03223883,226598.168348074,5.0,1252034.3070761417
6930.0,1257829.5921648,250428.756468475,3.0,81441.44635574344
6931.0,1257840.65552481,251064.774901137,4.0,76816.98847491811
6932.0,1268233.34302345,245040.089134961,4.0,63818.79473543857
6933.0,1261301.80247235,255711.223609895,4.0,746332.9568159711
6934.0,1272369.15173168,220603.722645938,4.0,102173.3059877896
6935.0,1272363.19467568,220298.079573631,4.0,19876.5516935472
6936.0,1269709.00446497,241447.102507278,4.0,228878.919606356
6937.0,1280738.03359626,216842.573010087,4.0,105807.69070952892
6938.0,1271989.7866753,267375.830853835,3.0,10119819.87697279
6939.0,1271996.72920331,267647.228294119,1.0,0.0
6940.0,1257395.55600436,203920.171332851,4.0,467600.34679143294
6941.0,1289757.0004535,190999.300855622,3.0,519137.4591718461
6942.0,1266628.2717898,287081.882330015,3.0,331179.8395126681
6943.0,1266781.73866996,287077.946650013,1.0,0.0
6944.0,1266407.27940558,178725.419883057,4.0,31418.823623764805
6945.0,1269401.60478465,179173.955755517,4.0,320332.3659539516
6946.0,1276923.29644035,260599.6206709,4.0,124219.48343340062
6947.0,1277577.49068102,260577.987198874,4.0,340135.77513649367
6948.0,1276357.93016778,221434.601238787,4.0,1565272.7157489783
6949.0,1264921.96023606,254558.39288871,4.0,208959.68462156807
6950.0,1264263.11146739,254571.361400723,4.0,130694.12091450737
6951.0,1266388.97732556,243221.158061102,4.0,272125.7627056488
6952.0,1266675.42884585,243213.299757093,4.0,389951.8536730023
6953.0,1259221.67075823,199181.527296007,4.0,2971121.06703954
6954.0,1284926.91200055,200226.91827307604,3.0,521664.31099057145
6955.0,1294158.743946,188492.794101059,3.0,1226508.6528944697
6956.0,1256771.89059572,189926.305014521,4.0,67626.76023309302
6957.0,1284970.0316806,249835.107379869,3.0,22841.97408849033
6958.0,1285060.93900868,249832.59294787,4.0,10264.387301120874
6959.0,1274607.23941398,285183.876952067,1.0,0.0
6960.0,1262096.97405717,286139.043673053,3.0,720481.4948222708
6961.0,1267408.63339061,234310.783139974,3.0,169158.96663353228
6962.0,1267484.72350268,234309.093539983,4.0,2633662.9215664803
6963.0,1257098.74358805,220494.346517831,3.0,845724.12407193
6964.0,1256489.20278743,219879.093205199,1.0,0.0
6965.0,1267346.92292655,244624.378030539,4.0,126371.72980016704
6966.0,1275903.05605531,217893.21883516,4.0,739366.5143371111
6967.0,1262195.39088927,237075.841574803,4.0,142517.45517882315
6968.0,1280086.65561159,217899.965907171,4.0,96877.31967115504
6969.0,1280346.51372387,217892.503315166,4.0,103325.32468915536
6970.0,1280406.60677992,207433.575752452,3.0,5711.501183951557
6971.0,1280402.46796392,207197.252040207,3.0,4086627.624182897
6972.0,1265461.66814062,233121.860322759,4.0,246039.33509039387
6973.0,1265469.27242862,233423.763235062,5.0,636776.6020157639
6974.0,1276775.02738421,225696.906971157,4.0,869037.7746461823
6975.0,1271717.13925102,269096.983239591,3.0,49175.9640553391
6976.0,1272065.40299538,269083.580039591,1.0,0.0
6977.0,1279639.90418713,227866.856093377,4.0,291752.6972164362
6978.0,1259201.45853421,189505.370486096,3.0,1335019.5068655943
6979.0,1260390.06768742,192034.860792682,4.0,389876.7445332531
6980.0,1260206.41680723,192042.596344694,3.0,65565.93220196191
6981.0,1266158.30750133,209864.174858943,1.0,0.0
6982.0,1284502.45452811,241174.380971,3.0,85068.13333333333
6983.0,1284512.10182412,241307.404651135,3.0,190478.32384672255
6984.0,1288175.96000388,246571.787504539,3.0,12433.071910533625
6985.0,1289041.54483676,247281.140721262,3.0,16157.656899335512
6986.0,1251331.49001415,248379.63921839,3.0,169541.99999999997
6987.0,1263418.78903453,266261.7835567,4.0,209238.5682244068
6988.0,1263434.08164254,266922.226757377,4.0,85083.94933561738
6989.0,1271228.94430652,242727.173164591,4.0,256627.2758730084
6990.0,1270447.25924972,248687.251442701,3.0,112617.76735171412
6991.0,1274629.79909401,232062.951009676,4.0,194062.2983860084
6992.0,1267638.38129485,259529.877053797,4.0,5766684.39704008
6993.0,1267642.43447885,259794.045502067,4.0,2339938.0046936115
6994.0,1271641.77029094,263074.835201427,3.0,45642.11000296768
6995.0,1279932.88594744,216310.548497543,4.0,228751.59444851108
6996.0,1278757.88204223,174180.016614407,1.0,0.0
6997.0,1279406.42866689,282448.173717275,3.0,42674.87619047619
6998.0,1288668.89664438,185332.735729828,4.0,84778.0
6999.0,1288660.73363638,185078.175921559,3.0,142437.41500264045
7000.0,1277821.75564127,263225.277505592,3.0,45228.38650113038
7001.0,1281497.61734104,171958.020068124,1.0,0.0
7002.0,1270862.45752215,286660.28047359,3.0,371442.2105269004
7003.0,1273076.59384441,274487.294029117,4.0,88588.1221547636
7004.0,1276248.71218367,204087.540101022,1.0,0.0
7005.0,1293737.56103358,183245.653615683,4.0,849220.3221789647
7006.0,1264390.94717953,203097.555524021,4.0,141473.84057470728
7008.0,1278214.57503368,205178.526790142,1.0,0.0
7009.0,1261623.54455268,247142.08491312,3.0,177413.59332915716
7010.0,1260926.78186397,247157.050737128,4.0,194173.76767134693
7011.0,1259644.94352666,248282.851314291,4.0,157492.32897550604
7012.0,1272848.86494818,245464.140079394,4.0,61612.92039056938
7013.0,1277234.95493667,237822.673447579,1.0,0.0
7014.0,1277396.70860083,237824.272807568,4.0,80307.56604763262
7015.0,1272102.12760341,247479.527793467,4.0,27950.182330933298
7016.0,1272110.00920342,247741.32945773,4.0,16812.35713158311
7017.0,1257471.90326844,216519.350225762,4.0,92950.19101737488
7018.0,1257132.07978009,216526.915793762,4.0,66366.5683908658
7019.0,1255142.38992205,205961.358214945,4.0,172993.54879207374
7020.0,1254811.0486737,205972.226950958,3.0,134544.8894990629
7021.0,1265312.69105247,240319.389226124,3.0,205671.5665808058
7022.0,1269142.54564838,228265.883165792,4.0,215821.65844604705
7023.0,1268827.04529606,228552.689374074,4.0,148694.42613244994
7024.0,1281536.51129308,225626.562011078,4.0,100041.78305015278
7025.0,1283512.0890871,195913.647356659,4.0,294302.2681337828
7026.0,1283495.56678309,195263.101051986,4.0,1084384.0249034788
7027.0,1277356.4245048,213835.248655006,4.0,34265.76010734065
7028.0,1283115.4297587,235281.11978097295,3.0,36094.3310199684
7029.0,1283126.7689587,235714.246565416,3.0,1827.0603963120943
7030.0,1258642.05642164,201938.644482821,4.0,865732.83700696
7031.0,1270467.74737774,284867.365399748,3.0,47635.83593679599
7032.0,1294380.02369022,180864.640365243,1.0,0.0
7033.0,1294374.63751422,180590.043820962,4.0,423896.4197971543
7034.0,1280758.76415628,179378.67319572,4.0,583367.1319135096
7035.0,1293040.37645686,180356.622380733,4.0,5142788.1366670765
7036.0,1277566.31487301,279027.812497765,4.0,167823.9732806777
7037.0,1277590.92108104,279279.529490024,1.0,0.0
7038.0,1282895.68249446,236132.035749838,3.0,60735.71393664378
7039.0,1283068.27135864,236113.001957819,3.0,21192.63333333333
7040.0,1270922.6539382,230472.197664052,4.0,60449.984117744905
7041.0,1257704.14064467,238380.35178414,3.0,126593.6833898103
7042.0,1257716.12490068,239046.055144832,4.0,1125491.626487529
7043.0,1286625.29773028,191812.815672457,3.0,173001.44502728517
7044.0,1276452.74424787,212533.228301674,4.0,225569.92705167012
7045.0,1276715.81458414,212528.012045667,4.0,150064.49229864267
7046.0,1280885.49164441,256836.234171048,4.0,559112.6175441948
7047.0,1281562.41087711,256818.146939024,3.0,378828.9121556646
7048.0,1258172.45994115,246959.67646493003,3.0,48385.24970215189
7049.0,1258182.26966916,247389.600817367,4.0,46827.63460713296
7050.0,1265437.84273259,232141.490209758,4.0,176575.19019678776
7051.0,1283866.75667146,254086.155320227,1.0,0.0
7052.0,1276780.18981621,268543.976519033,4.0,18469.487481444725
7053.0,1257831.4577008,244720.52510263,3.0,141773.17774909345
7054.0,1264575.80964372,170035.640994161,4.0,524413.9924749263
7055.0,1256273.25641921,199337.883584172,3.0,164044.21478587642
7056.0,1265686.89143685,285889.67439279,1.0,0.0
7057.0,1265691.83927685,286087.327576995,3.0,128839.23082635658
7058.0,1294380.17889023,179158.079467505,3.0,125285.65828052883
7059.0,1294258.1148261,178792.166827127,3.0,146216.44804422307
7060.0,1278980.16639446,267155.329349607,4.0,597348.3784338776
7061.0,1255870.55939479,217960.79745923,4.0,615954.2436182175
7062.0,1255691.09744261,217968.732499242,1.0,0.0
7063.0,1254674.02435356,199981.86163282403,3.0,84777.99999999996
7064.0,1254619.68950552,200186.77068904,1.0,0.0
7065.0,1266288.91415747,257579.906875804,4.0,278845.53445210506
7066.0,1276284.87749571,258630.333244875,4.0,85062.47649599522
7067.0,1259397.10711041,259067.775293335,3.0,171903.56420388428
7068.0,1268463.85732768,241734.694507584,4.0,676654.422921856
7069.0,1268766.24388801,241725.690859571,4.0,238008.06163224688
7070.0,1261987.82109706,209102.41850616,1.0,0.0
7071.0,1261923.343209,238799.917864576,4.0,107128.52620829224
7072.0,1266724.66756591,232129.767841741,4.0,196288.38438595383
7073.0,1267046.57374224,232121.674017742,4.0,727352.7195486057
7074.0,1264235.77361137,253238.153783366,4.0,510961.0369347673
7075.0,1287615.29510731,200491.308801353,1.0,0.0
7076.0,1288052.86374775,191773.425976425,4.0,274455.07341098256
7077.0,1288329.58534804,191740.55826439,5.0,179666.28951057675
7078.0,1270261.92036954,205214.675014183,4.0,77851.98200780434
7079.0,1270253.77105752,204919.203781888,4.0,115098.23176317968
7080.0,1281755.0581093,247244.695281222,4.0,202459.1586977884
7081.0,1281762.5187173,247904.630001903,4.0,169884.6468202597
7082.0,1276462.57099988,226131.064283594,4.0,421767.7736337488
7083.0,1255350.53251426,255810.155833989,4.0,1760714.2531291118
7084.0,1255356.11421026,256465.34220266304,3.0,82507.42717488723
7085.0,1265862.62142102,243624.459053516,4.0,172961.48461725234
7086.0,1267544.53009474,253182.386487305,4.0,2428551.855901039
7087.0,1267497.8858707,251563.665973648,4.0,306966.6660164938
7088.0,1267504.7595347,251823.198261917,4.0,400977.8497062809
7089.0,1284401.81235202,252493.954486594,3.0,70376.04632366792
7090.0,1255554.97897847,250709.157492772,4.0,284317.5270727696
7092.0,1257450.83178042,258433.550844684,4.0,939772.8589066776
7093.0,1264658.04311579,174606.379238844,4.0,81386.83553692054
7094.0,1270449.97969772,282031.609300837,4.0,816037.6426253588
7095.0,1271423.88587472,171245.4729314,3.0,256263.4961713784
7096.0,1271731.38328303,171238.561507389,4.0,738282.1597757566
7098.0,1276375.9425838,277512.562576219,4.0,131148.17070560998
7099.0,1271088.04273838,272224.889418796,4.0,260430.9558132513
7100.0,1271750.61752306,272201.962954774,4.0,1168481.6227097437
7101.0,1264660.80785179,191761.740600407,4.0,1288234.141065092
7102.0,1264376.5817395,191769.052280411,4.0,2033178.6795819576
7103.0,1268881.42276812,190436.710775048,4.0,1120056.9206272317
7104.0,1268924.20388816,189783.525110379,3.0,83899.49510193638
7105.0,1256604.72521955,237339.107111081,4.0,86016.79670407722
7106.0,1256196.30902714,198281.022847086,3.0,45815.9086323796
7107.0,1268577.03953581,208026.374089062,3.0,109038.85446162944
7108.0,1268910.73700815,208019.781577051,3.0,23654.583732468534
7109.0,1262275.96944936,266295.206020728,3.0,27134.06089774097
7110.0,1258632.51382962,251051.011125118,4.0,46048.61795024531
7111.0,1274192.01515755,237481.730855227,4.0,264486.981561185
7112.0,1274452.23838982,237476.60880722097,3.0,204272.51135064688
7113.0,1271647.74040295,264067.397506446,4.0,753732.6551997978
7114.0,1255604.64189053,253742.088759869,4.0,85255.22509053272
7115.0,1255616.71049854,254413.707512558,4.0,118082.86174792044
7117.0,1270509.57041779,212149.435405284,3.0,147333.8956161428
7118.0,1281333.03500487,208692.674249738,4.0,391199.1509075565
7119.0,1278923.7655624,225222.574618667,4.0,852924.1498982301
7120.0,1279354.70201084,269790.696776316,3.0,172088.71028668992
7121.0,1267219.64625442,250279.434292331,4.0,60793.59189520255
7122.0,1281911.51775746,230389.527519956,3.0,420824.6084723276
7123.0,1268004.30839922,231784.232097387,4.0,11656132.626592316
7124.0,1268326.07876755,231776.213409379,4.0,6037941.201593419
7125.0,1276979.10572042,202818.139779732,3.0,3211861.1235498264
7126.0,1281461.904829,209631.419146702,3.0,26846.128626170943
7127.0,1281784.23295733,209629.208522707,3.0,12708.57955798218
7128.0,1258708.3617657,203863.378180802,4.0,2468712.5718119824
7129.0,1258373.74858136,203879.102212816,4.0,2102148.9956743075
7130.0,1263279.47037838,170721.269922867,3.0,46988.923608951125
7131.0,1263103.5140902,170726.445410863,1.0,0.0
7132.0,1281599.11257315,286582.932505503,1.0,0.0
7133.0,1275063.37567045,273035.636491627,3.0,42390.0
7134.0,1272266.39403558,177183.687401474,1.0,0.0
7135.0,1264084.7381552,286666.137433589,3.0,211918.0
7136.0,1289167.02950889,184305.76305677,3.0,255365.0872901124
7137.0,1273222.04862857,176512.824296787,1.0,0.0
7138.0,1273648.83448499,176498.15140077504,3.0,829025.1239302092
7139.0,1262499.78724158,277396.1339681,1.0,0.0
7140.0,1280872.70066839,256505.580282703,4.0,260261.7676228681
7141.0,1279863.30629936,255208.566137373,3.0,668973.0925579636
7142.0,1280195.6190037,255199.591417372,4.0,1313789.227249651
7143.0,1275401.3821988,231219.369056806,4.0,71599.03894212912
7144.0,1275649.16383106,231212.997664809,3.0,5500.652333750072
7145.0,1278719.10911418,254070.586168215,3.0,18193.897687002544
7146.0,1278813.32844229,254296.654584438,3.0,398771.4665816156
7147.0,1263598.71089071,193790.270650491,4.0,174582.34372310055
7148.0,1263424.24010652,193793.453434482,4.0,798073.1122409744
7149.0,1267158.61585435,199493.92595233,3.0,254290.0
7150.0,1266964.84100616,199447.039232284,3.0,375347.8420835465
7151.0,1264964.9837881,246306.804400265,4.0,349009.35486441525
7152.0,1265389.96126054,246292.969840243,4.0,476185.5966756049
7153.0,1262109.72797719,194485.130491197,3.0,1330065.892206711
7154.0,1262093.77853717,193817.728634506,4.0,2128125.420932519
7155.0,1274957.97855034,265006.915331408,3.0,256542.74029663036
7156.0,1288227.64691593,187236.110259771,3.0,288883.9227035547
7157.0,1288497.25491621,187245.440243781,4.0,553975.3276710561
7158.0,1272494.52248381,198121.07731092,3.0,109668.0479508572
7159.0,1286060.38905771,185418.560369909,1.0,0.0
7160.0,1286162.43449782,185416.481009915,3.0,84777.99999999999
7161.0,1255218.64566612,236659.415270388,3.0,35960.844981945425
7162.0,1270393.30360167,224259.310105681,4.0,242339.24958461255
7163.0,1287005.20640267,205663.494662642,3.0,56780.54100155719
7164.0,1284635.24524824,209098.485770166,4.0,800418.1630762008
7165.0,1284629.18163225,208669.552905723,3.0,54261.03240580018
7166.0,1270422.65131369,271404.247689962,4.0,279984.9253129274
7167.0,1270423.89214569,272003.970250577,3.0,189205.78351303635
7168.0,1269007.70404825,264267.91878666,3.0,2133040.2523856843
7169.0,1269221.89188847,264310.969538704,3.0,195339.91040215667
7170.0,1262359.92829745,189799.462710395,3.0,68545.39476111207
7171.0,1271506.3798268,246166.700080112,4.0,907123.2770448684
7172.0,1271408.27045071,246436.604016393,6.0,13640246.37348138
7173.0,1257647.87933262,219204.91867651,3.0,55255.12845789059
7174.0,1270947.40421024,204607.838277563,4.0,272047.1892633121
7175.0,1281559.90169311,223852.410329267,3.0,937673.984976956
7176.0,1281979.39788553,223660.626649067,4.0,927126.755418808
7177.0,1258739.80330174,188226.41106078,1.0,0.0
7178.0,1274865.36453424,253498.622711629,4.0,299917.8396328684
7179.0,1281503.59698905,254848.012089014,3.0,142543.66404226987
7180.0,1262817.6967459,249544.579763576,3.0,61275.14448018932
7181.0,1262171.83741724,249558.691315591,4.0,131985.65719640066
7182.0,1276914.23250434,260704.322239012,3.0,193366.1198585404
7183.0,1277704.01080915,270509.706825048,4.0,1703049.853349402
7184.0,1278073.62911353,270531.039433062,4.0,2090525.972133656
7185.0,1269275.70942453,225514.870938972,4.0,10351011.687375126
7186.0,1279333.22668283,268064.267462537,3.0,35742.79933183153
7187.0,1279339.10361083,268463.807686955,3.0,26475.498529142347
7188.0,1259187.37130219,189193.388149783,4.0,2490387.375078097
7189.0,1257812.75952478,189238.90968582,4.0,873571.5257490444
7190.0,1286361.88550602,195492.429052234,3.0,20347.14317757776
7192.0,1277849.9402813,230124.502815694,4.0,205731.7031322065
7193.0,1277869.85528933,230783.735072359,4.0,208764.3571018997
7194.0,1258037.27882101,256451.230010644,1.0,0.0
7195.0,1259488.6036225,254371.850936517,4.0,229487.5538298629
7196.0,1287219.73190689,249554.445875585,1.0,0.0
7197.0,1287239.73446691,249778.821427822,4.0,1422605.660183549
7198.0,1280278.64441179,199309.835776135,4.0,220178.67626486783
7199.0,1280246.65791576,198890.652543709,3.0,6645.929792108938
7200.0,1283406.39206299,181227.014637619,3.0,104524.55481557777
7201.0,1283769.57836737,180895.156077281,3.0,46227.23506728203
7202.0,1287019.74086669,186593.43301111495,3.0,34868.67638720064
7203.0,1257721.76234069,192275.660856932,4.0,222062.61028948685
7204.0,1257060.14493202,192290.66079294696,3.0,107297.61960861358
7205.0,1258398.38800539,260549.000382841,3.0,585069.07011983
7206.0,1257215.32541217,259806.594366089,4.0,1587634.3864795335
7207.0,1279394.87909888,205349.838790327,3.0,38326.999392836646
7208.0,1260959.06820001,255027.152441189,4.0,443984.20734515047
7209.0,1272884.84722021,254621.728056774,3.0,127784.10380401208
7210.0,1273533.95090088,225778.429467246,3.0,62115.06791463957
7211.0,1280352.41362786,269759.412360281,4.0,555983.6493600315
7212.0,1275164.59359056,225737.656603202,4.0,205933.1013357386
7213.0,1266408.13246159,243610.806509495,4.0,352343.597840664
7214.0,1281839.03564538,195934.655484676,3.0,493522.2849876101
7215.0,1282121.68569368,195927.78905268,4.0,671058.8815310573
7216.0,1272718.57650004,274525.269965157,1.0,0.0
7217.0,1267649.29303886,242730.411308601,4.0,417456.9848515374
7218.0,1277172.3084086,201930.696962819,3.0,459507.4821845213
7219.0,1277083.86239251,201866.131842747,3.0,5092077.018956386
7220.0,1266693.77719788,264186.125314564,4.0,485643.5179994937
7221.0,1270693.97195397,198956.726207778,3.0,31720.329493087556
7222.0,1274068.60402143,207314.91130434,3.0,57425.98340257402
7223.0,1264292.51991542,256171.340474367,3.0,42734.1387429772
7224.0,1277588.68492104,260245.55577454,4.0,195905.69770669568
7225.0,1272097.27070741,238192.484391958,3.0,83234.29066818
7226.0,1280600.08274812,202315.177219212,3.0,125330.56070446486
7227.0,1272568.64805189,204362.09466131,4.0,2969658.733704911
7228.0,1265575.98878074,195080.023355812,4.0,1920957.1728328948
7229.0,1267913.57169513,240964.892202795,4.0,334395.10802673106
7230.0,1270633.69713791,176556.942952842,3.0,84778.0
7231.0,1257452.91939642,235955.859237656,1.0,0.0
7232.0,1257108.90794006,235964.174501672,3.0,169542.0
7233.0,1279242.11039473,251835.938741922,3.0,48097.03566180902
7234.0,1279512.19218701,251730.304437816,4.0,124951.14770922622
7235.0,1272760.40056409,235835.579941541,4.0,76142.35614681608
7236.0,1255909.53897883,209238.516682297,4.0,575569.5490159806
7237.0,1282724.94924629,211534.90318065896,3.0,43219.57466553624
7238.0,1272786.37330012,251714.964853793,3.0,336489.955864478
7239.0,1273069.39179641,251789.399093881,4.0,206275.5082139683
7240.0,1273071.14699641,236369.457830086,3.0,598393.7768713555
7241.0,1269023.89988826,240923.525482744,4.0,119216.20296563325
7242.0,1269239.45419249,240920.587178752,4.0,138861.59745142443
7243.0,1261857.15466492,254344.916600496,4.0,1303304.60396129
7244.0,1276351.38091977,221128.772118479,4.0,90527.59113223554
7245.0,1258278.40035726,211831.120396957,4.0,237282.759378372
7246.0,1257511.66698048,248862.274354875,4.0,264147.6489949824
7247.0,1256882.54979584,248876.295346886,4.0,152586.10870224683
7248.0,1280196.2790997,225669.363739133,3.0,19867.86149200372
7249.0,1261276.58858433,253019.20306313,4.0,236590.0838728052
7250.0,1261038.21309608,253023.939319134,3.0,51119.687177794665
7251.0,1261238.5194643,237330.044135064,3.0,22165.337145817048
7252.0,1271215.53816251,242262.589420125,4.0,416693.8609366813
7253.0,1262383.20644146,255136.678521305,3.0,143913.21848487997
7254.0,1262395.17853747,255696.303673878,4.0,412546.5278779914
7255.0,1264748.83722788,251605.856501684,4.0,122452.69074179269
7256.0,1279408.0959309,223841.85167326,4.0,638512.1626787537
7257.0,1255300.41155422,253744.917815879,4.0,112270.42340280196
7258.0,1258417.2557174,187583.140020132,1.0,0.0
7259.0,1288311.82586001,190519.900919139,4.0,906386.3648595124
7260.0,1277500.12440895,236757.045286477,4.0,107098.33133948172
7261.0,1282803.92447838,194598.456059307,4.0,847895.9589010838
7262.0,1282826.2069104,194147.323130846,4.0,2226919.241416679
7263.0,1283254.61644684,196159.074684903,1.0,0.0
7264.0,1283253.05875084,195904.616508648,3.0,50043.17502013258
7265.0,1285656.5503373,255895.855482087,4.0,779439.2036107001
7266.0,1280979.8539485,224745.409242183,4.0,205502.4603739441
7267.0,1280992.69087651,225165.270938605,4.0,272554.0297824769
7268.0,1265434.32401259,266865.563205317,3.0,147073.56483890954
7269.0,1265446.4995646,267527.597637996,3.0,551560.758169096
7270.0,1279588.01817109,212261.593293399,4.0,5157769.675399183
7271.0,1253970.83843285,250893.335924953,3.0,330574.5232086774
7272.0,1260694.03395973,258372.354428619,4.0,1053859.718601367
7273.0,1260725.04931976,259703.692349985,4.0,929813.9787441422
7274.0,1282891.86361447,258768.271613017,3.0,496532.6081055517
7275.0,1275740.08031113,243639.48036553,4.0,110909.85272233657
7276.0,1276019.86981542,243629.215597525,4.0,47213.79895874013
7277.0,1271751.11390705,275145.990157798,4.0,375267.26476816245
7278.0,1269932.3553772,286482.692249402,3.0,42390.0
7279.0,1284393.199808,286722.295769647,3.0,338949.0
7280.0,1262017.45488909,258266.1000925,3.0,3153421.568109064
7281.0,1278200.00357766,202399.557571307,4.0,645345.6650022331
7282.0,1278976.89567445,202353.350019246,4.0,384511.9203190165
7283.0,1283848.79609545,253165.194551289,4.0,95034.40279980798
7284.0,1262141.00087322,195808.484156549,4.0,94450.5245135478
7285.0,1261807.75876087,195814.37094055105,3.0,45409.48556628382
7286.0,1252471.46710332,211654.139148772,3.0,62225.61755192078
7287.0,1260961.67517601,248786.942834795,4.0,165162.17372460937
7288.0,1260313.63447134,248800.51038681,4.0,199158.3521253896
7289.0,1275616.50443901,262630.981760979,3.0,50044.27386910319
7290.0,1287393.21222708,189952.819702551,3.0,49659.95189973384
7291.0,1287779.84006748,189945.281974554,1.0,0.0
7292.0,1264187.55421931,211038.231948152,1.0,0.0
7293.0,1264047.53085917,211041.513740152,4.0,158732.41962021388
7294.0,1266377.55870156,264855.258115262,4.0,285209.74278634886
7295.0,1256229.31753916,250963.360053033,3.0,37944.89165607904
7296.0,1262835.93156193,236392.544742107,4.0,149856.66343320196
7297.0,1278776.69497025,236725.050278455,3.0,41775.13020287059
7298.0,1273108.04651645,211089.740364194,3.0,25752.734988176573
7299.0,1273104.94878845,210451.01197955,3.0,14506.095292609476
7300.0,1267546.51275074,267146.372357607,4.0,471659.1555047771
7301.0,1267585.25803079,267477.266373947,4.0,2650520.2824884774
7302.0,1282853.52639842,210519.308107615,4.0,360428.82985846815
7303.0,1279146.45343463,230327.954463899,3.0,234406.19142773715
7305.0,1283488.99430308,245891.489007831,3.0,151611.03981658397
7307.0,1286639.5253783,251121.475573197,3.0,145382.15881830815
7308.0,1286645.13689831,252131.81080623003,3.0,55545.15710054787
7309.0,1281959.75327751,284955.932183832,1.0,0.0
7310.0,1282090.21823764,284949.673367828,3.0,84777.99999999999
7311.0,1279189.96287468,173771.751653984,3.0,271481.2740342872
7312.0,1292277.08500007,187399.986227944,3.0,36220.60776555445
7313.0,1291854.22919165,186742.16766727003,3.0,5357.629926405388
7314.0,1270444.32683372,280703.016787484,4.0,2160806.2610601783
7315.0,1265668.48958082,260898.82182321,5.0,2589825.239684077
7316.0,1266377.73879756,242761.721324638,4.0,85200.09005555007
7317.0,1271999.1448833,205696.492294669,4.0,28250.039921915224
7318.0,1276378.69253579,246023.936559975,4.0,62287.94154838739
7319.0,1276395.37989581,246583.860976547,4.0,43506.42119959858
7320.0,1270024.02974528,215869.726545095,4.0,95077.37841523172
7321.0,1270254.21464153,215865.798737094,3.0,54001.94827560515
7322.0,1276364.48427978,221740.640663102,4.0,359001.72111126385
7323.0,1256580.95625952,236755.247398481,4.0,300089.71807116235
7324.0,1256832.59715578,255208.878457382,4.0,824472.4509728265
7325.0,1276712.32639214,251321.171061397,4.0,429797.40002931136
7326.0,1281984.51865354,204177.029125124,3.0,63165.87083262189
7327.0,1277368.17516081,214435.620111629,4.0,112746.54099893838
7328.0,1277362.58591281,214135.733583316,4.0,47515.315564989054
7329.0,1265324.08702047,243637.223149523,4.0,118299.46566208253
7330.0,1286705.89728238,205410.427910388,3.0,274815.7112354762
7332.0,1261514.24196057,249041.062067062,3.0,218312.52038604103
7333.0,1261519.78000858,249306.92440334,4.0,98234.8550542102
7334.0,1266214.89002939,250304.655028358,3.0,10351.694623883868
7335.0,1269548.6143848,208007.155337036,3.0,42456.518106747055
7336.0,1281855.1730534,284296.601495162,3.0,375706.8545981693
7337.0,1282108.93766166,284287.348247156,3.0,149672.86514963463
7338.0,1279384.25381887,272433.167499021,4.0,823830.9373499787
7339.0,1279392.69573888,273093.841739684,4.0,994554.093985682
7340.0,1268650.13451189,252982.22975109503,3.0,161837.43132849468
7341.0,1279004.77196248,174126.279846355,3.0,84826.6973851202
7342.0,1272826.08715616,249272.86769929496,3.0,77172.10061948813
7343.0,1261046.10711209,200465.520769313,4.0,564319.1576055898
7344.0,1285414.07737705,244278.754670188,3.0,601828.6206744709
7345.0,1260636.48093568,251678.123061761,3.0,27725.405772724564
7346.0,1282026.83974157,207454.665608481,3.0,41175.83366479454
7347.0,1282387.39314994,207446.296840474,4.0,86304.21331335645
7348.0,1274918.32805429,222996.75592839695,3.0,178912.52800762956
7349.0,1266313.10801348,259561.671613827,4.0,1659274.074766404
7350.0,1266676.81201386,259552.94655782,4.0,3363346.804310915
7351.0,1262365.24260144,267612.963270083,3.0,89557.39974134248
7352.0,1262127.29258521,267619.742790088,3.0,56063.14135739285
7353.0,1278216.43954568,246808.25553678,3.0,356112.5352817383
7354.0,1278575.75212204,246779.153904751,5.0,404881.0125803479
7355.0,1254914.85232182,252040.579062134,4.0,108086.37733980476
7356.0,1281511.09996505,251890.283061981,3.0,133063.75927798983
7357.0,1258844.29686984,248300.870962307,4.0,232448.46245618712
7358.0,1258201.63376518,248314.922162324,4.0,177430.7807397931
7359.0,1286331.35865799,247560.788785547,4.0,651410.1471566056
7360.0,1286606.97856227,247638.982897624,1.0,0.0
7361.0,1284666.06444828,286654.807385579,1.0,0.0
7362.0,1277862.12268132,281369.707732171,3.0,137830.39032420586
7363.0,1277577.74328902,281275.576660067,1.0,0.0
7364.0,1285835.36524948,253617.05816774105,3.0,165945.98407118366
7365.0,1262810.8059939,191129.381303757,1.0,0.0
7366.0,1281617.74834916,208695.062729746,3.0,209394.92544551837
7367.0,1260233.98698327,251683.673909768,4.0,637086.9914921167
7368.0,1259969.38256699,251687.684405774,4.0,91791.89759758452
7369.0,1272682.55262801,269550.605064064,3.0,22591.71352637857
7370.0,1272811.84702814,269689.886280209,3.0,40905.53355372535
7371.0,1275197.02136658,217399.415058658,4.0,46651.970336469225
7372.0,1273944.6669333,246292.103344247,3.0,354498.3278804527
7374.0,1255186.52598609,196710.696957469,3.0,604409.3430400507
7375.0,1255356.58960226,203009.956291929,3.0,122880.61585613244
7376.0,1255156.96598606,203017.943811938,3.0,43995.02699370169
7377.0,1264577.25092371,246582.304880545,3.0,92406.68549463549
7378.0,1256564.20329951,198799.25606361,4.0,123547.85498221531
7379.0,1277678.17029713,268516.253127009,4.0,55943.660667859454
7380.0,1277679.68933713,268633.524551123,3.0,25220.61604324484
7381.0,1258398.95786138,204537.94208549,4.0,1898442.563946012
7382.0,1258067.15472504,204552.17171751,4.0,474580.56324394286
7383.0,1287619.87155531,201148.526978016,3.0,132126.6700791597
7384.0,1281048.36038058,269038.36589554,4.0,425708.8909710156
7385.0,1281387.60972492,269060.231047556,4.0,372465.9969385477
7386.0,1268237.01758346,245175.378223106,4.0,115253.30694277988
7387.0,1262790.68560988,234849.831588537,4.0,52029.032333386895
7388.0,1270984.78014627,244452.651950359,4.0,180069.0806248369
7389.0,1258118.36458109,286321.01800923,3.0,564696.0351737201
7390.0,1262219.4062493,166777.61833483,3.0,383280.4889855264
7391.0,1261406.55684046,251031.855029106,4.0,413529.7705593871
7392.0,1284856.71008047,190598.756087214,1.0,0.0
7393.0,1284756.57836838,193861.749562562,4.0,75766.72874359094
7394.0,1285112.87257674,193851.75909854504,3.0,12358.497610490607
7395.0,1281599.96722914,227377.302236885,4.0,22752.008985222477
7396.0,1260793.26410383,240342.581418157,4.0,387072.5379301935
7398.0,1275902.1574313,253988.187704131,6.0,11963487.822197298
7399.0,1254328.23926522,235887.931557596,3.0,4032958.086742312
7400.0,1254203.21654509,235889.963045597,4.0,1893798.005678757
7401.0,1264874.72017202,238671.185192436,4.0,57365.21217109801
7402.0,1272165.24792348,263707.261762083,1.0,0.0
7403.0,1255057.14825796,257482.246651709,1.0,0.0
7404.0,1265160.28650831,248542.32913854704,3.0,292104.9060505603
7405.0,1265445.6091326,248523.875442535,4.0,485780.1827570112
7406.0,1265531.07121269,252134.569334224,3.0,91324.73695848836
7407.0,1272540.13067587,253447.68875958,4.0,444043.2648844048
7408.0,1272546.44856387,254099.543736234,4.0,518130.06314052304
7409.0,1282158.84735772,249890.736243933,3.0,70145.01310286846
7410.0,1273597.09246895,243391.016301274,3.0,272352.84402734006
7411.0,1273598.88018095,243608.010285497,1.0,0.0
7412.0,1260388.02832742,198485.875775293,3.0,145323.35797554575
7413.0,1260363.2229514,197820.805246606,3.0,26468.801946373547
7414.0,1260754.6608398,193850.489082545,4.0,353265.99390281085
7415.0,1280430.31833194,223801.897369221,4.0,393971.0284339897
7416.0,1261042.29079209,188175.547636732,4.0,166076.86952497403
7417.0,1282332.96934189,174346.910950571,4.0,656247.2864594096
7418.0,1282326.99398188,174036.958502263,3.0,715169.5702585054
7419.0,1282091.23263764,174354.543782577,3.0,72633.81215538378
7420.0,1280375.39519589,271085.117385641,4.0,2574711.8050549924
7421.0,1281067.19826859,272222.532426804,3.0,908244.8094796976
7422.0,1269404.33182466,201208.900866076,1.0,0.0
7423.0,1264810.05201195,232818.088290453,3.0,745378.9224313294
7424.0,1280903.70124443,248587.760178596,3.0,30634.703152163805
7425.0,1253446.86966431,251310.637621388,3.0,169542.0
7426.0,1253653.18486452,251547.36811763,1.0,0.0
7427.0,1257617.81834058,196610.415613368,3.0,133471.25565035027
7428.0,1277249.78892069,204490.553733438,3.0,89936.08477952116
7429.0,1274071.91762143,231647.448225245,4.0,113280.31425731172
7430.0,1283777.41433537,260400.777534693,3.0,189210.4628158909
7431.0,1284009.1221756,260392.264766678,3.0,120663.4027914278
7432.0,1275424.23845482,222985.622040376,4.0,209107.6047027858
7433.0,1256805.51389176,199869.413376704,3.0,22991.01259745693
7434.0,1265454.6465086,237140.225318879,4.0,332299.8619497592
7435.0,1284345.19436796,205193.960454166,4.0,551511.9766797274
7436.0,1283377.13983896,207825.51194486,4.0,1208300.6085884406
7437.0,1283373.09363095,207396.469192415,3.0,63438.08457041531
7438.0,1279505.14495499,252590.542838693,4.0,348383.472499264
7439.0,1279497.15449099,252919.407351032,1.0,0.0
7440.0,1260896.64151195,235097.41674079,1.0,0.0
7441.0,1281058.91218859,275690.107854351,4.0,218865.4782391368
7442.0,1264145.36861926,280826.232467607,3.0,52207.14694543829
7443.0,1263989.17860311,280831.372179613,4.0,148626.42741104463
7444.0,1263518.56701863,210421.44903551,4.0,96650.95927261891
7445.0,1260383.89418341,287065.208473995,3.0,77285.12348070448
7446.0,1260118.78544715,287072.233050004,3.0,68263.55855403775
7447.0,1250189.36502098,241699.663403541,3.0,306886.51738366147
7449.0,1278124.72024958,217544.365586802,4.0,393174.8111585061
7450.0,1278436.8413379,217535.101458803,4.0,156162.14931882135
7451.0,1274710.11423008,209731.241738811,4.0,2144310.032219434
7452.0,1275017.8767264,209726.240138799,4.0,269314.4210432758
7453.0,1257127.19331609,205251.985606223,4.0,855110.5729159015
7454.0,1256766.60905971,205266.25459823,4.0,936362.5881417335
7455.0,1266411.51038159,238745.147944525,4.0,46233.18125142157
7456.0,1266681.78974186,238739.318568513,3.0,1123130.5282655149
7457.0,1285102.02252872,259744.280510023,4.0,129655.42911750924
7459.0,1283328.58547091,253175.8241833,3.0,83611.73482751682
7460.0,1273332.02053268,236415.190054134,3.0,665409.2060650098
7461.0,1266240.08458941,254268.273080409,4.0,3428534.8736354555
7462.0,1283465.84966305,234831.436324507,3.0,365952.1890696109
7463.0,1257258.41782822,199949.205184788,3.0,47796.17332616456
7464.0,1257253.63402021,199770.629440606,1.0,0.0
7465.0,1295389.58663526,181699.024494097,1.0,0.0
7466.0,1295720.97639561,181686.750894085,3.0,552759.5589444378
7467.0,1251666.91260649,248572.444914579,1.0,0.0
7468.0,1273196.53291653,216474.425105706,3.0,177363.33377681344
7469.0,1273446.27486879,216468.220433712,1.0,0.0
7470.0,1255446.69046636,199781.176320612,4.0,495735.3410154359
7471.0,1255212.47472212,199786.72064063,3.0,327420.47100196115
7472.0,1271651.85784295,264731.595971122,3.0,302256.29526233964
7473.0,1294038.46893787,187322.783283859,3.0,40156.88602095387
7474.0,1294210.62477806,186871.187763393,4.0,45033.95613517795
7475.0,1277589.36728904,258921.462269172,4.0,2873912.4678958235
7476.0,1281013.07801254,212220.308301359,1.0,0.0
7477.0,1281153.56754868,212215.889357358,4.0,97869.37227007626
7478.0,1258861.87984586,249098.207283124,4.0,541867.0420739325
7479.0,1284735.99737635,261335.983039647,4.0,160712.80477926717
7480.0,1254851.50825775,248132.353586137,4.0,47403.33486298597
7481.0,1280584.6250841,251245.288949326,3.0,82375.23076944442
7483.0,1277884.49464934,231519.792353123,4.0,357142.7105175641
7484.0,1266527.36119771,198210.793983012,3.0,1052456.2044064717
7485.0,1266265.24657343,198212.73132701204,3.0,83640.0175000507
7486.0,1264456.54845959,235259.94461295,4.0,225711.11038906893
7487.0,1279040.83161052,233339.997666985,3.0,191405.97860078848
7488.0,1268046.83127926,226430.677851915,3.0,14866.467114131556
7489.0,1276055.61970347,222359.480599746,4.0,639144.8602769674
7491.0,1281310.20799685,214009.623311192,3.0,840330.9354923766
7492.0,1281324.61970887,214355.995983541,3.0,928934.3445307232
7493.0,1270003.21681726,241439.093035281,4.0,346615.424738162
7494.0,1270297.64273757,241431.381099269,4.0,505165.1697763288
7495.0,1276358.39435977,233526.746339172,4.0,498336.4008181191
7496.0,1276932.57496837,259272.941885546,3.0,84777.99999999999
7497.0,1276930.41816837,259581.36479786,1.0,0.0
7498.0,1271753.08139506,209716.220426798,3.0,266461.6660210657
7499.0,1273599.74731696,248761.392690778,3.0,296908.28637379303
7500.0,1273617.82802097,249528.944947556,4.0,1188010.0015564845
7501.0,1287639.94496332,202051.14656294897,3.0,318072.2020104772
7502.0,1287634.63757132,201802.699202687,3.0,538113.1190419833
7503.0,1255042.80150595,235876.015909582,3.0,119601.48181394284
7504.0,1267905.49329512,240669.234986484,4.0,504914.7158507127
7505.0,1255294.66646621,243815.781549707,4.0,97480.6178357726
7506.0,1280477.13055599,181705.840430111,1.0,0.0
7507.0,1280672.81094019,181711.711854115,4.0,103502.21737583396
7508.0,1261672.18653673,266313.359876752,1.0,0.0
7509.0,1284156.77151977,249854.616883889,4.0,279580.012298571
7510.0,1259559.13795857,199172.958719999,4.0,11766307.84048687
7511.0,1259542.36663055,198507.32422331,4.0,11685854.24460866
7512.0,1258691.89885369,192596.234681264,3.0,34761.11375578439
7513.0,1280440.95250796,259173.47590144,3.0,127798.08824230036
7514.0,1280448.89868397,259490.996221766,1.0,0.0
7515.0,1265124.56414028,268198.939782679,3.0,101123.13302763892
7516.0,1275536.99147893,227516.962397024,4.0,161437.7538534598
7517.0,1275614.03531902,258318.83782056,4.0,642626.5672453581
7518.0,1276289.3400237,258298.802108541,4.0,812164.1408527067
7519.0,1292087.41965587,185449.048177943,3.0,224920.53940970224
7520.0,1256736.26467568,191958.795320615,4.0,122576.569526872
7521.0,1287524.13779521,188660.748469234,4.0,1280383.468613349
7522.0,1273514.35870886,224673.74793011,4.0,686011.6035336604
7523.0,1273843.3082132,224665.950426102,3.0,607806.4183938205
7524.0,1259772.8977028,194533.66847524,4.0,1144804.7181137044
7525.0,1257415.23574838,242417.474924281,5.0,2158080.9764354937
7526.0,1283482.32793507,194584.258939296,4.0,1676827.8180583166
7527.0,1272332.36139566,225406.963994861,4.0,294028.6674153767
7528.0,1272609.62072393,225571.210715026,4.0,387378.70011617406
7529.0,1281840.12556539,226482.75420396,4.0,237691.8358440456
7530.0,1286340.401986,191820.53906446704,3.0,406454.4953140165
7531.0,1278793.75794627,207161.883400172,3.0,337610.45866053173
7532.0,1280702.99398023,195317.66233204296,3.0,84778.0
7533.0,1280699.55890822,195144.272571877,1.0,0.0
7534.0,1286968.64185864,204317.456645265,4.0,903332.634808562
7535.0,1286962.05197063,203929.086660862,3.0,290650.823188545
7536.0,1255338.77699424,255336.397241503,4.0,4224598.539559165
7537.0,1281617.46815716,222037.056023404,1.0,0.0
7538.0,1281613.50457315,221926.051031291,4.0,121719.8032155514
7539.0,1287838.71718752,184055.475504518,5.0,2320082.5140625983
7540.0,1266756.49591795,173288.105637491,4.0,13762.392111620376
7541.0,1264630.02743576,171341.231587499,3.0,726971.2567837813
7542.0,1264606.35652374,170778.033890918,4.0,356349.2087608076
7543.0,1282597.77529417,191474.97740010903,3.0,296213.7943220221
7544.0,1275625.31775102,230425.079648003,3.0,28456.39578028155
7545.0,1275942.01759134,230416.452319995,4.0,130001.89610584753
7546.0,1276114.87813553,215424.79201664,3.0,28280.251053123207
7547.0,1276303.11755972,215420.275024638,3.0,21369.67167494296
7548.0,1258182.63971716,207189.401352212,4.0,266808.45872602385
7549.0,1256545.01206748,258721.938364968,3.0,44893.12546430413
7550.0,1256550.88381149,258991.959485248,3.0,42735.93333333332
7551.0,1256354.87401929,258921.812989175,4.0,1892638.47993037
7552.0,1265271.72132443,195756.280508503,4.0,8584199.788806291
7553.0,1264957.0182201,195766.014780506,4.0,5396091.340911116
7554.0,1280117.87372363,245882.723567829,3.0,448810.05376244825
7555.0,1280603.77759612,245290.748399228,3.0,217905.2857422716
7556.0,1289303.61030903,190615.104119226,3.0,33783.45767139415
7557.0,1273223.84517257,255396.532985568,4.0,87370.82453345062
7558.0,1273230.47512457,256061.846266255,3.0,70896.83552881013
7559.0,1263452.04484256,234837.037028521,4.0,134849.73541820102
7560.0,1277920.90207337,251643.323637724,1.0,0.0
7561.0,1277921.83186537,251957.618614048,3.0,47974.37853839772
7562.0,1268040.39595126,232416.966370031,4.0,3627671.34272181
7563.0,1268342.28638357,232408.913570032,4.0,10014178.302576073
7564.0,1268356.01374358,226130.948123604,4.0,45478.00104262415
7565.0,1279561.16191505,257206.350523427,4.0,376578.6019654968
7566.0,1279564.58450706,257537.63692376,4.0,195292.77714943505
7567.0,1259189.88048619,252361.434358463,4.0,68756.99403149394
7568.0,1264686.28093982,193098.471865773,4.0,2214891.5457916823
7569.0,1278338.62136981,223287.530584693,4.0,325199.53487693274
7570.0,1278343.94386581,223593.940376997,4.0,182734.5449811793
7571.0,1253747.99177662,241860.457323715,4.0,117087.4131412584
7572.0,1253762.90416063,242520.015084386,4.0,86377.74654543863
7573.0,1265776.53495693,232827.241186455,4.0,181498.90073225083
7574.0,1262060.12573713,189458.201590046,3.0,42427.96666666665
7575.0,1262057.93213713,189280.746229872,4.0,164577.90158214368
7576.0,1260474.9589515,281569.327380374,1.0,0.0
7577.0,1265319.38135648,281380.189652175,3.0,212764.9777923893
7578.0,1265811.92631698,281370.36194016,3.0,543796.6823106086
7580.0,1280344.29714786,220318.917397648,3.0,6677.434991917152
7581.0,1263247.62666635,189785.956534386,3.0,44607.79766624151
7582.0,1263061.10500216,189787.23109439,1.0,0.0
7583.0,1278638.08601011,226530.968668014,4.0,153516.38084808583
7584.0,1272962.7217163,266017.297156438,4.0,102827.06142546666
7585.0,1272040.53553936,244417.894830331,4.0,116913.82514245973
7586.0,1262339.02608941,261261.679039568,1.0,0.0
7587.0,1258382.80765337,239035.80912882095,5.0,4560234.434927514
7588.0,1262077.78384915,253007.239543125,4.0,469089.9534880866
7589.0,1260623.77821566,255032.45004119,4.0,388040.255843004
7590.0,1260293.92451933,255037.424761206,4.0,292535.1662064554
7591.0,1251043.75964585,240594.517930418,4.0,23761.0540738534
7592.0,1251058.92105387,241260.46641109895,3.0,31879.7978134241
7593.0,1287002.20281868,205480.432006449,4.0,304528.82987469254
7594.0,1265387.80375654,264217.377218604,4.0,410285.5332065385
7595.0,1281653.2814052,204994.63936595604,3.0,18561.430840989888
7596.0,1281647.24498919,204728.24026168897,3.0,4878.446553117292
7597.0,1263164.66685827,269572.383560091,3.0,2697205.6320331013
7598.0,1263941.90020306,270185.221576706,3.0,423738.0
7599.0,1260666.38506371,257045.724859253,3.0,103757.73729770193
7600.0,1260669.96938372,257217.725499436,4.0,118971.99272448232
7601.0,1274513.08472589,215838.775825068,4.0,290181.49886062066
7602.0,1281681.19769323,223570.613656983,4.0,127164.0
7603.0,1264969.40926011,250301.616628349,4.0,124151.51081013224
7604.0,1282935.5196785,261742.96614407,3.0,398319.9540315691
7605.0,1257125.61494808,259520.285245791,3.0,107380.94297783736
7606.0,1256845.19945979,259525.949565798,3.0,668702.8545859985
7607.0,1264206.01514733,238363.46269612,3.0,386560.79945702816
7608.0,1263878.383275,238369.188392133,4.0,300010.6804266263
7609.0,1282247.77465381,257522.247547746,3.0,31724.07687781439
7610.0,1288328.88717203,191185.68107982,4.0,554083.4027149725
7611.0,1288619.85965233,191177.989815816,3.0,583102.8176847171
7612.0,1274525.18904589,251385.828085467,3.0,146118.05250735467
7613.0,1256915.91555586,250436.971380487,3.0,200185.58635164943
7614.0,1283545.64703913,242567.190508425,4.0,700563.4256317712
7615.0,1283579.62438317,243526.787693411,4.0,2291599.503858008
7616.0,1282327.18758188,202545.85817945,4.0,3224441.8529002755
7617.0,1282324.33714989,202284.609027177,4.0,59626.212351418544
7618.0,1258039.41987702,195390.586044118,1.0,0.0
7619.0,1258132.62371711,195239.64082796904,3.0,113344.56109863138
7620.0,1285002.81670463,204367.397829309,4.0,867371.4508123941
7621.0,1280691.61798021,214369.312527552,4.0,164496.5042153928
7622.0,1253335.23766419,211998.189005136,3.0,133868.5179500884
7623.0,1279936.18348344,217290.482514545,4.0,321965.7304632962
7624.0,1276890.13381632,261928.502208263,4.0,3118359.3206645525
7625.0,1295370.35469924,185827.532018334,3.0,286090.1804053123
7626.0,1295816.34170771,185808.22168231,3.0,331554.1498056675
7627.0,1291982.65152778,187689.044340238,4.0,171858.73160628378
7628.0,1271384.84165068,181774.283246174,4.0,7149306.489842722
7629.0,1271726.55256303,181769.500782177,3.0,2115005.3029490453
7630.0,1284727.38451235,242890.023212761,4.0,91067.9824137182
7631.0,1255697.89597061,193643.306746334,4.0,923966.3294116596
7632.0,1255357.80713826,193485.978618175,4.0,679510.5874349542
7633.0,1269750.253425,213569.490638733,4.0,64784.38874083059
7634.0,1269978.28113724,213565.004430741,4.0,120201.96951239707
7635.0,1282817.24396639,253847.163703978,4.0,316943.3975644571
7636.0,1274997.31800638,245403.85969533,4.0,222953.7366773075
7637.0,1275267.25547865,245396.477487326,4.0,196259.50416066023
7638.0,1262110.83364119,245056.502126977,3.0,351513.3335774823
7639.0,1277047.98584849,271198.093577757,4.0,8035410.394361847
7640.0,1256056.03638698,241491.928875327,3.0,394274.41893379786
7641.0,1264552.26513168,199048.207679868,4.0,1284575.647368686
7642.0,1277961.59685741,265865.605508283,3.0,328293.2594370911
7643.0,1277973.92165743,266550.372868985,1.0,0.0
7644.0,1253565.20374444,236898.096230626,4.0,126218.15976221982
7645.0,1270663.15870595,206924.189959928,3.0,62062.82753658078
7646.0,1281331.06425287,254151.759224296,3.0,168933.94347473086
7647.0,1258547.24138154,198687.754623502,4.0,708401.1314866086
7648.0,1285453.43654509,255489.827385664,4.0,268384.0000000697
7649.0,1285406.64268903,255678.810617864,3.0,197739.333333287
7650.0,1271985.1616513,179138.124779478,4.0,802089.6169463692
7651.0,1272633.78961997,179128.171755478,4.0,707340.5013393759
7652.0,1278187.80210565,285469.547288358,3.0,508438.0
7653.0,1278305.81503376,285468.752024367,1.0,0.0
7654.0,1270772.82321805,169368.155809477,3.0,214874.040722394
7655.0,1271090.35141037,169041.967137143,3.0,396979.8870267549
7656.0,1283564.20083116,183637.021936089,3.0,31186.758703079337
7657.0,1283765.67091136,183628.477040082,3.0,40212.95926805546
7658.0,1261670.93520874,187833.574260384,3.0,187380.8068568021
7659.0,1261035.45847209,187846.92824439696,3.0,99639.4299107533
7660.0,1274910.62821428,244210.605230108,4.0,349043.321851038
7661.0,1275190.44792658,244200.233518109,4.0,262474.22954769287
7662.0,1281529.64716507,265054.784643456,4.0,306741.19911564054
7663.0,1278315.97541778,226540.150364026,4.0,49062.180114799725
7664.0,1279311.3950028,259201.44857347,4.0,3433493.5684690056
7665.0,1280612.85138813,202613.578499526,4.0,455287.5546022147
7666.0,1281400.94335693,196321.09862107,1.0,0.0
7667.0,1265783.62750095,233117.97648274904,5.0,299650.5299593573
7668.0,1287628.98368332,201570.674754456,3.0,154855.00849592307
7669.0,1258884.07664588,250161.878708214,4.0,2522386.137944181
7670.0,1295084.95303495,183603.772336051,4.0,94476.58650601184
7671.0,1266875.79652606,252657.638518766,4.0,565445.4644463847
7672.0,1258043.03728501,238374.284840137,5.0,2701901.0185818914
7673.0,1257899.15306087,238376.86064814,1.0,0.0
7674.0,1275065.09515844,275239.473293886,3.0,91274.13638048076
7675.0,1280777.35666829,180491.75562886905,3.0,1877068.0047159048
7676.0,1254896.61974579,250974.863669038,3.0,40902.720120859296
7677.0,1274357.34130172,243374.630189255,4.0,919206.4665989524
7678.0,1274602.27845398,243369.302445248,3.0,518758.07856969535
7679.0,1276972.8649524,250659.902324721,4.0,209802.17864564847
7680.0,1256467.18480341,216542.019153789,4.0,31975.016782141727
7681.0,1262874.90692197,237724.384615466,4.0,267791.55476507894
7682.0,1259390.0100224,191208.598007843,4.0,3603462.757462448
7683.0,1259118.92227812,191214.072439849,4.0,1723698.7315050028
7684.0,1274788.11506216,247401.795697376,4.0,27979.96393516137
7685.0,1275053.43339844,247394.146097377,4.0,97184.28365382372
7686.0,1284963.92569658,210384.003915474,3.0,39520.02320190591
7687.0,1279877.17343538,264469.281858861,3.0,141534.74268744237
7688.0,1276567.97074398,229524.29699108,4.0,92654.46801772986
7689.0,1276576.369976,229824.202527389,4.0,81337.94925698746
7690.0,1258888.40304588,250418.009460464,4.0,392812.5898928306
7691.0,1258899.33251789,251046.426165119,4.0,161992.73553993503
7692.0,1274082.48914145,207871.456072897,4.0,167112.16952421487
7693.0,1269677.55601694,265181.964483589,3.0,49457.21951978799
7694.0,1280622.99513215,229624.912287176,4.0,917074.62251846
7695.0,1272865.7228682,252908.970359027,3.0,3657.925829703781
7696.0,1273412.27333276,252888.666295007,3.0,19246.48819852995
7697.0,1257884.82371686,214809.949776009,3.0,1209401.4172120134
7698.0,1257857.67318884,214442.805519626,3.0,832981.4048263102
7699.0,1269323.66897658,262137.902016476,3.0,6857.270740376007
7700.0,1265206.45111635,238665.940776438,3.0,26259.113733450817
7701.0,1265304.92862046,258264.015420511,4.0,98610.96866092844
7702.0,1282302.47110187,262424.733120769,4.0,582499.5519499755
7703.0,1270920.04241821,256434.808122635,3.0,136443.87563533607
7704.0,1271581.24318688,256414.645754606,3.0,144007.26703750505
7705.0,1272961.3690123,265354.939907759,4.0,135609.8489302776
7706.0,1273218.14475656,265347.766339764,1.0,0.0
7708.0,1255198.8543701,197141.425085917,3.0,276944.04550461285
7709.0,1281424.85964496,209908.53767499296,3.0,41582.82736565894
7710.0,1271074.22648236,194391.991291106,4.0,5243.367584031233
7711.0,1255568.34704249,216562.67688180495,3.0,48144.99442171502
7712.0,1255556.84477048,215911.47214514003,3.0,12832.06023098608
7713.0,1275568.32440697,249122.302387148,4.0,1465537.6020857072
7714.0,1271238.85739453,230467.384032041,4.0,109801.27587858091
7715.0,1270670.33752196,224423.093273848,4.0,229965.06258502093
7716.0,1286708.92384237,283423.097302273,1.0,0.0
7717.0,1286629.7751063,283555.705302402,3.0,340308.02061908983
7718.0,1272039.43646735,181258.237037659,3.0,52303.09845536084
7719.0,1272018.78590733,180451.335404828,4.0,1402329.2921725488
7720.0,1291080.85114285,182026.750894442,3.0,91652.9926468762
7721.0,1264470.7495476,178230.766698554,3.0,91831.00000003734
7722.0,1270423.4836977,272733.059019327,4.0,1154396.4139323118
7723.0,1263325.41124243,280543.475155324,1.0,0.0
7724.0,1263330.14845844,280850.431891635,4.0,446762.8424778276
7725.0,1267487.40388669,285783.302232683,1.0,0.0
7726.0,1267488.12638269,286057.635352969,3.0,469738.7630642587
7727.0,1268113.04177533,241742.154411584,4.0,480874.6669212079
7728.0,1285411.67059304,244101.99089400505,3.0,430541.12536576175
7729.0,1285665.61785731,244097.735982001,4.0,439357.6225257117
7730.0,1276234.82667965,237321.401447058,3.0,347579.0691014447
7731.0,1276660.67852008,237310.561255053,3.0,1936593.0464898304
7732.0,1275705.02821511,269912.120712429,1.0,0.0
7733.0,1276369.86808778,269889.957064405,3.0,280130.62437416846
7734.0,1280509.11935602,226991.037916481,4.0,400451.5100579961
7735.0,1283847.84524745,245886.038895831,4.0,73374.83238708225
7736.0,1255946.26883487,237351.14154309,3.0,4237.458654835689
7737.0,1257533.6019565,249925.286387965,4.0,1672024.4454987417
7738.0,1256905.20496385,249930.516659975,4.0,1991541.460720036
7739.0,1266520.0210377,195050.945979774,4.0,652513.9953931093
7740.0,1282319.99071787,201510.616770387,4.0,96634.38926575084
7741.0,1283052.01420663,206842.83904784903,3.0,794851.5658889967
7742.0,1251467.37852629,215370.341392577,3.0,306320.6868146083
7743.0,1269084.23928033,270843.637897387,4.0,237367.70314651012
7744.0,1280178.02617168,254550.975288704,3.0,1300089.2243734335
7745.0,1282382.91974194,207152.388616174,4.0,199860.0762186793
7746.0,1285430.99072106,192361.342777014,3.0,56241.44401920304
7747.0,1285419.73024106,191955.289144605,4.0,142067.54709030603
7748.0,1271714.34430702,268914.275975406,4.0,1063502.111600806
7749.0,1267789.43742301,281186.551955983,4.0,7866242.091396087
7750.0,1286104.56908976,282830.262869656,3.0,53281.64444444444
7751.0,1286381.14829004,282821.107029647,3.0,578.0444444444445
7752.0,1281039.51097257,274006.325452626,3.0,578773.9442363005
7753.0,1264245.41994737,170035.487458155,4.0,486242.45726492687
7755.0,1279185.82937066,221104.79119046,4.0,1018033.900267609
7756.0,1268387.86142361,245702.605167642,4.0,1039692.504135682
7757.0,1263658.33450677,201765.888898656,1.0,0.0
7758.0,1271612.12075491,212110.093325242,4.0,10399920.29766683
7759.0,1271612.57413091,212017.166989148,3.0,10307806.858298045
7760.0,1283246.67814283,258738.546620995,3.0,165689.5257054782
7761.0,1268708.79582395,227789.187293306,4.0,247467.68044525356
7762.0,1278226.73119369,247134.706993103,3.0,254376.7469148147
7763.0,1278202.54488966,255919.145786107,4.0,81920.84546243417
7764.0,1271751.94129905,271371.438345924,4.0,509661.8044216174
7765.0,1285845.64179349,206939.91104795,4.0,478000.6743438251
7766.0,1257731.13206869,259371.947901636,4.0,297794.4552296008
7767.0,1257736.72099671,259629.780733898,3.0,37857.46670724741
7768.0,1256199.11414713,249654.075955689,4.0,323296.2251544509
7769.0,1256202.84579514,249914.50885196,4.0,2362800.666198472
7770.0,1267078.37489428,233383.113059029,4.0,867872.4580603881
7771.0,1267078.74628627,233693.288675338,3.0,58291.82508110136
7772.0,1281903.84095745,244077.845293984,4.0,13653.765318848358
7773.0,1279204.13439469,249283.32830731603,3.0,21033.904834635137
7774.0,1284451.30041607,234364.862116039,3.0,73965.52616176165
7775.0,1256258.89129919,253066.034999177,4.0,120215.5162880956
7776.0,1256270.6736992,253735.888951868,4.0,382006.3814717709
7778.0,1292352.90733615,182152.276590571,3.0,6070.18669401041
7779.0,1275394.84907879,284479.076823354,1.0,0.0
7780.0,1275460.79973486,284476.005975351,3.0,62488.58910154537
7781.0,1281795.37170935,224254.995161682,3.0,571911.7785300129
7782.0,1281793.03308535,225137.508826584,4.0,498285.0385454032
7783.0,1284563.98918417,259747.155518025,1.0,0.0
7784.0,1284802.92275243,259753.77260603,4.0,151194.67780650462
7785.0,1277808.89311326,255267.413817436,3.0,2085688.1677402395
7786.0,1289404.45197314,248403.820594415,4.0,207142.91208004663
7787.0,1262125.6495772,195152.51372388,3.0,1687683.0192528327
7788.0,1284726.28345634,240562.894954383,3.0,42482.0
7789.0,1256860.96784382,245293.279535219,3.0,111437.95094083383
7790.0,1282337.01497389,191983.233912632,3.0,1288919.6411118838
7791.0,1282336.9907179,191782.98303243503,3.0,514498.8059030831
7792.0,1281569.37542111,196599.285053357,4.0,233096.77334099365
7793.0,1280016.62034751,268591.789063081,1.0,0.0
7794.0,1279512.333627,219408.975380719,4.0,508670.2300690826
7795.0,1273323.48971666,230850.492192432,4.0,272875.4905528633
7796.0,1273335.95064469,231265.43094486,4.0,206451.90440754543
7797.0,1276934.89157636,258941.663997203,4.0,3090026.0252328445
7798.0,1283996.6163196,207818.739976853,4.0,874622.734477147
7799.0,1267555.45431876,253714.13707985,4.0,320375.3110409977
7800.0,1267560.91659077,253980.024632126,4.0,124265.91296752314
7801.0,1278607.59724207,222916.085784316,4.0,581573.804342912
7802.0,1278616.07097009,223281.204504684,4.0,505127.9771566997
7803.0,1281730.38066928,274611.546701252,3.0,106530.58415593451
7804.0,1269782.23755305,181796.843566209,4.0,7628362.022348808
7805.0,1270103.39051338,181792.475118205,4.0,7701262.673268981
7806.0,1264787.07793193,235253.331812948,4.0,351978.4699472289
7807.0,1264508.64676364,252037.452086136,4.0,33204.536710508575
7808.0,1278861.22796233,214105.57550329,3.0,43141.71575853141
7809.0,1284910.83001654,206525.567687526,3.0,37238.839258494896
7810.0,1254445.77417734,215426.544656634,3.0,141761.6925251251
7811.0,1278400.62028186,210702.704715803,3.0,42390.0
7812.0,1278543.56127401,210694.65421979097,3.0,276035.3697212026
7813.0,1278382.57599385,201412.393538296,4.0,62262.58005356503
7814.0,1278286.28850575,201936.75405082095,3.0,20544.87777963297
7815.0,1278966.67199445,201871.083906755,3.0,3384.214498278717
7816.0,1272180.0690435,230032.709983602,4.0,1179699.711582257
7817.0,1265678.16702084,261560.906111881,4.0,1260971.1983897686
7818.0,1276548.99960797,259284.890685558,1.0,0.0
7819.0,1284393.36089601,195897.692348644,4.0,1324238.4175771284
7820.0,1284333.35315195,195247.546299979,3.0,1346148.257839221
7821.0,1281641.11020519,204457.393733412,4.0,421507.5091623844
7822.0,1281628.90482917,203918.662148863,4.0,59197.13841995903
7823.0,1275282.34962267,251359.889461443,4.0,157364.4857330917
7824.0,1275590.34667899,251349.416053429,3.0,113394.22887612386
7825.0,1278453.45644192,229669.41449523,6.0,598358.5922135167
7826.0,1278446.26092191,230109.204959676,4.0,191424.12229124387
7827.0,1270939.71000223,247513.925041497,4.0,229085.4048424746
7828.0,1270661.21316995,248176.60645017,4.0,235740.99210704307
7829.0,1262525.17271361,237068.736614808,4.0,156949.34653467903
7830.0,1269260.25534451,230531.31497611105,4.0,227846.65329283636
7831.0,1257334.70147629,253725.015671864,4.0,357372.1441735698
7832.0,1279343.88351484,206022.976519004,4.0,192043.0529881979
7833.0,1279336.54751483,205753.44685474,3.0,60288.568760284106
7834.0,1283826.11763142,249860.679219902,4.0,317615.58785356244
7835.0,1260971.70762402,255715.7272259,4.0,489778.7413675567
7836.0,1259408.73501442,259536.829117805,1.0,0.0
7837.0,1259410.47024642,259606.808637887,3.0,95711.1667698942
7838.0,1259113.94954212,285652.642392546,4.0,44786.38751394794
7839.0,1258513.58166949,285671.857560575,4.0,382190.4563173666
7840.0,1275743.57311115,281178.294035971,3.0,121739.87058914162
7841.0,1270592.81336187,256806.61413902,4.0,648140.2394540374
7842.0,1270924.54929821,256797.350395009,3.0,282961.4131966717
7843.0,1275185.14706257,226589.677852064,4.0,328481.13342166913
7844.0,1275510.63954291,226581.624092057,4.0,328192.0361541248
7845.0,1276172.06341559,249633.868339673,4.0,113371.21508552744
7846.0,1255580.7279065,252295.132662401,4.0,151914.78248440413
7847.0,1254919.30211382,252300.695350394,4.0,245462.1058670432
7848.0,1290256.87085401,189488.549942076,4.0,321346.0598630769
7849.0,1290468.66272622,189668.020726264,3.0,53874.97027980924
7850.0,1258109.19792509,194582.859003291,4.0,588213.3419679754
7851.0,1256876.91990782,248610.454706624,4.0,300153.51293019805
7852.0,1276983.80095242,203999.67642094204,3.0,458958.6488673118
7853.0,1276981.43346441,203936.626052871,3.0,169542.0
7854.0,1261286.39696833,252357.452406451,4.0,273688.0161064867
7855.0,1277979.52959344,212503.300493643,3.0,299545.2938343998
7856.0,1256678.34582762,239827.538217634,3.0,40118.78697243377
7857.0,1271864.02347517,230037.665695608,3.0,974079.7389572612
7858.0,1273414.33074076,277953.497040674,4.0,146700.98135914595
7859.0,1270092.72875336,274735.71412538,3.0,78125.89913629333
7860.0,1283177.48044676,252012.092214108,3.0,273190.40420564363
7861.0,1252005.27836683,238179.903015941,3.0,321.98477727278936
7862.0,1251854.31510268,238323.267240092,3.0,100383.84593914512
7863.0,1284756.18764837,201533.036994413,3.0,162163.22249991624
7864.0,1254245.67779313,251768.02315785,4.0,197221.2330945829
7865.0,1265580.42775674,254545.898168698,4.0,260986.27512532403
7866.0,1281550.11532509,256482.401530683,4.0,169666.96997359095
7867.0,1256480.15523542,195768.87039651,1.0,0.0
7868.0,1275764.19019917,214258.881999448,6.0,986737.3601834566
7869.0,1276136.41912755,214278.125711471,4.0,490764.4019016512
7871.0,1253963.72393684,210646.577547744,4.0,197362.15430251937
7872.0,1253943.00220881,209962.293771043,4.0,454519.171528946
7873.0,1276932.38604036,257616.453371838,4.0,3534140.648121723
7874.0,1260611.69066365,254360.158712506,4.0,650272.4701252888
7875.0,1266098.04087727,232819.68080245,4.0,199733.7028195429
7876.0,1265321.81969248,259586.474045858,3.0,48227.17639952036
7878.0,1274535.1398299,227533.018781036,4.0,398136.0270771124
7879.0,1273331.82072468,180908.456237286,3.0,911.9256940514384
7880.0,1264044.69591516,191775.354744419,4.0,2365990.088758434
7881.0,1276681.9232561,282830.007637665,3.0,35056.27112176623
7882.0,1272811.49106014,248784.5071228,4.0,191955.4064423414
7883.0,1255880.7620828,205952.787718937,3.0,164206.41030394062
7884.0,1260324.48451936,249332.33413136,4.0,207142.1057301637
7885.0,1259666.53635868,249346.78552337,4.0,233218.50636476255
7886.0,1281096.46137263,197087.880573854,4.0,114500.40632624572
7887.0,1281269.93478081,197083.261501864,1.0,0.0
7888.0,1264612.20657174,244090.214701995,4.0,794240.2730401324
7889.0,1285179.19040081,192368.316153035,3.0,23988.799745768956
7890.0,1279462.57618695,220762.696726099,3.0,6301.229845597348
7891.0,1279696.7098832,220753.790550098,3.0,55347.57427464712
7892.0,1268409.65111963,270114.712840647,3.0,1666797.2803044606
7893.0,1268678.64203191,270109.414280638,3.0,206284.7659321979
7894.0,1258325.65750931,202555.640643463,4.0,1776180.257238699
7895.0,1258851.88867785,248566.644082576,4.0,301560.12499768543
7896.0,1266359.75588554,263532.217793897,4.0,140935.36174954404
7897.0,1281774.89439732,250560.088884622,4.0,103276.52805006148
7898.0,1267016.4278222,243205.469101086,4.0,748957.4361426882
7899.0,1275610.11538301,212899.098254055,4.0,350330.2666398059
7900.0,1279611.26777111,222391.92015177,3.0,5050.986076718555
7901.0,1279304.4166988,212122.21364525,3.0,5196217.909965608
7902.0,1261891.51485696,237963.854887724,4.0,87484.75334477889
7903.0,1277490.26117693,248825.697330847,4.0,1411294.4257836768
7905.0,1258348.39594133,203217.052036136,4.0,2031266.1207233605
7906.0,1269772.35934503,227692.635293201,4.0,115350.93835320776
7907.0,1269457.3901287,227979.276125491,4.0,72259.187093655
7908.0,1262407.47805749,256477.796858683,3.0,290876.71629126073
7909.0,1282916.57612649,200580.015937433,4.0,2026829.8121137863
7910.0,1284652.65433627,242468.916780338,3.0,180434.4266852595
7911.0,1271387.74520269,252884.660023004,3.0,39425.40049266168
7912.0,1271064.09457836,269398.702151909,6.0,1081198.3740497888
7913.0,1271721.43582703,269377.752071887,4.0,117310.22568850516
7914.0,1278123.80261758,235658.20234136295,3.0,41093.53925445456
7915.0,1258716.78595771,255929.518458113,4.0,1731981.770704321
7916.0,1275325.35704672,237562.38755931,4.0,122477.42352961587
7917.0,1275468.81643887,237767.528167516,1.0,0.0
7918.0,1264780.21540391,197074.734909847,3.0,180430.92484685924
7919.0,1264504.51159564,197073.000317842,4.0,319553.49561611214
7920.0,1264966.5651001,257612.036091834,4.0,162124.46994750865
7921.0,1290271.18810202,185855.854770362,3.0,1005299.1442466016
7922.0,1269368.24036862,244883.507758811,4.0,74786.57291822074
7923.0,1271384.87909068,252594.034294695,3.0,47499.22631800437
7924.0,1270711.81707399,245311.86545524,3.0,39723.27964582243
7925.0,1271007.75973029,245304.250671238,4.0,228650.83595184097
7926.0,1254815.33475371,245145.133167073,4.0,2096454.9449239385
7927.0,1266654.12471783,198371.70969517497,3.0,1163174.4200031278
7928.0,1265066.39172421,197076.536445856,3.0,117398.33493397602
7929.0,1265051.0918842,196416.561021179,3.0,97277.6696495327
7930.0,1283469.05663906,247558.020401537,4.0,17018.425793984432
7931.0,1272981.58520432,251150.94040522,5.0,930547.1846475138
7932.0,1276513.36619994,268552.961351037,3.0,18506.794686522404
7933.0,1283810.9857914,248532.590002537,3.0,146106.67936315696
7934.0,1263981.1668271,280280.390035048,4.0,304749.4356195421
7935.0,1268278.3944795,225914.28617137705,3.0,449270.2704449871
7936.0,1283032.12479861,205891.627718881,3.0,205235.8877049415
7937.0,1265433.30110058,248028.921714023,3.0,310065.5212215221
7938.0,1271266.31793857,244019.240749925,4.0,101401.43522916683
7939.0,1271278.70046657,244445.040430352,4.0,174229.1641818149
7940.0,1281184.87129271,213220.057614386,4.0,2054500.3131715555
7941.0,1262718.17559381,245575.314735517,4.0,322473.4854596154
7942.0,1262125.3149212,245592.631343529,6.0,538850.3980462583
7943.0,1255603.70883453,201075.125185937,4.0,215895.5860254492
7944.0,1260836.46941587,261944.86764827403,3.0,143628.102840228
7945.0,1258663.82282166,260783.450367078,1.0,0.0
7946.0,1258297.25270928,256216.572026402,3.0,57592.79007382823
7947.0,1258304.25430928,256630.883194834,3.0,6194.210450023807
7948.0,1261607.42647266,246371.078896329,4.0,1123619.1069067395
7949.0,1263496.2268586,236379.484070092,4.0,167122.51256742928
7950.0,1271083.72318637,194701.941755414,3.0,25564.061380992487
7951.0,1264064.61943519,177768.396586075,3.0,550830.0
7952.0,1263979.8052911,177957.009386271,3.0,339012.6666666667
7953.0,1287207.83661088,206498.547783494,1.0,0.0
7954.0,1293812.73184964,184942.660081431,3.0,306083.2328596173
7955.0,1268310.56926353,260306.484414592,3.0,1205221.7556057456
7956.0,1269401.53099266,246213.986352161,3.0,69896.61214669043
7957.0,1253318.95984018,249777.48907581,4.0,127164.0
7958.0,1253290.92937616,249779.051123813,1.0,0.0
7959.0,1278621.31436209,223587.620185003,3.0,236514.9142941416
7960.0,1259198.6973822,208486.254729539,4.0,2853325.8671703786
7961.0,1279281.85669877,226512.619291991,4.0,312518.6157479327
7962.0,1264877.89406002,252419.479862526,3.0,111663.06034487144
7963.0,1265017.41342016,252417.16786252,3.0,198728.24133337117
7964.0,1265284.01527643,268194.627142668,3.0,92623.93478030313
7965.0,1265788.39812495,268180.984134659,3.0,695380.4894291622
7966.0,1277450.0417849,246565.877424523,4.0,80046.65305509433
7967.0,1253798.58448067,210653.004043758,3.0,113634.9658644314
7968.0,1264911.17418805,254025.970104173,4.0,134642.46864703594
7969.0,1264916.70500405,254294.424632445,4.0,3310901.106764113
7970.0,1258020.884133,212215.265677348,4.0,184049.58323307036
7971.0,1258013.10461299,211833.811724961,3.0,69439.72277471595
7972.0,1278651.48786612,227028.507676527,4.0,189810.14406348573
7973.0,1279567.88601106,258532.151036784,4.0,199922.44884060745
7974.0,1279742.28556325,258527.50342077,1.0,0.0
7975.0,1289074.59238879,181421.098541811,3.0,962031.7214589928
7976.0,1263974.8847151,187914.008180469,4.0,904712.1025268388
7977.0,1275485.36760688,188466.497845039,3.0,93073.9023097787
7978.0,1268633.82878387,274760.099853396,1.0,0.0
7979.0,1271588.9679229,278505.190481231,3.0,104169.59296418716
7980.0,1260005.05309503,253701.617719829,4.0,316162.7862194606
7981.0,1269757.01553701,271416.542601973,4.0,116773.26195702888
7982.0,1278044.9550015,271162.23930572,4.0,4816204.500359258
7983.0,1278019.62796147,174113.143718332,1.0,0.0
7984.0,1278020.94226548,173788.572518006,3.0,110822.71358255627
7985.0,1274988.70027837,207438.705672458,4.0,297425.7675929072
7986.0,1275701.5551271,207419.432072446,3.0,187697.22672581847
7987.0,1253717.87798458,240543.377642363,4.0,89113.04216631927
7988.0,1253392.87139226,240549.48029837,4.0,315960.0244297489
7990.0,1266866.50193405,189774.493622378,4.0,271597.7653158859
7991.0,1266884.58231807,189113.712117702,3.0,132207.8655723292
7992.0,1270181.12753744,276060.412878722,3.0,14743.195879948342
7993.0,1270092.26846536,276729.217679411,3.0,61714.25219276398
7994.0,1266380.28017356,175919.790376186,3.0,121024.7017832487
7995.0,1266367.87332554,175261.49277551504,3.0,185911.75080866
7996.0,1267314.95639852,173937.016742155,4.0,40197.17406876661
7997.0,1269581.67563283,255509.068153679,4.0,3429351.182431924
7998.0,1265710.04919687,249508.403699547,4.0,68172.03735042033
7999.0,1253132.49039999,240554.412394375,4.0,160143.9206417972
8000.0,1253137.80988799,240872.751338691,3.0,72238.41958375314
8001.0,1262945.60036203,240322.403370127,4.0,241220.90189924708
8002.0,1262958.62986605,240831.456810653,3.0,37208.40253003039
8003.0,1272635.03928396,265364.280451775,3.0,42390.0
8004.0,1278124.30194558,214664.940879866,1.0,0.0
8005.0,1278118.23832957,214420.114255607,4.0,592969.4876776369
8008.0,1278392.85029785,216347.536913589,4.0,133318.78287528217
8009.0,1278385.68562585,216087.637201324,4.0,57906.81612260401
8010.0,1280282.69228379,199974.458112821,3.0,1072330.817240184
8011.0,1278932.99391441,216335.412241578,4.0,281742.22091503633
8012.0,1278990.57413846,267814.907398283,4.0,449370.5265121365
8013.0,1279329.49311481,267804.333638281,3.0,284458.1757934565
8014.0,1256651.3229156,201973.144386858,4.0,352907.1232671936
8015.0,1256285.67862722,201993.748994887,3.0,93129.61216553368
8016.0,1273202.72382854,216784.463570029,3.0,106444.91606268613
8017.0,1273422.01246877,216779.100050032,1.0,0.0
8018.0,1283675.64383927,175618.864103884,4.0,374451.6063024524
8019.0,1284468.26035208,175592.77360785,3.0,169542.0
8020.0,1293973.38733782,188086.828020647,4.0,412707.4263686726
8021.0,1294068.07418591,188301.905652866,3.0,453245.9699805232
8022.0,1272582.58629191,187751.318196297,1.0,0.0
8023.0,1269354.24632061,176916.882857203,3.0,479367.2916634564
8024.0,1280199.8289237,283795.36987865,1.0,0.0
8025.0,1272625.28504395,242044.327083901,4.0,239712.72161252832
8026.0,1272637.02385996,242449.51390031,6.0,18393853.29368927
8027.0,1259152.42154215,287375.837466314,3.0,22082.15640838322
8028.0,1259335.53667834,247222.789489195,3.0,8422.605740187135
8029.0,1281840.75052539,249896.46129994103,3.0,44752.3366971389
8030.0,1284849.69235247,240614.864682436,1.0,0.0
8031.0,1276895.09932032,256289.880890489,4.0,659897.3642963718
8032.0,1272061.34296337,270031.30682455,3.0,39905.640685454695
8033.0,1276241.63019966,229531.945887089,4.0,186123.2517446093
8034.0,1273886.97771725,240908.48913073505,3.0,113003.25525981006
8035.0,1261989.19972105,202468.525955364,1.0,0.0
8037.0,1263338.15402645,249667.422387704,4.0,351485.28643706103
8038.0,1261411.97181647,261019.420031324,4.0,115781.8353004437
8040.0,1282371.95385394,206564.290055558,4.0,1382723.6380887665
8041.0,1276887.65413631,247492.192817479,1.0,0.0
8042.0,1279698.64460319,230075.405471638,4.0,552732.692898249
8043.0,1280020.80172352,230067.598367631,4.0,1189255.6211797332
8044.0,1252507.50441535,212585.212749735,1.0,0.0
8045.0,1256232.95696317,258602.49439685,3.0,3183075.7761327773
8046.0,1255629.74326655,258838.53561309,3.0,3466129.6540649747
8047.0,1267452.46334265,248953.086514965,4.0,166410.62022460977
8048.0,1278425.6035139,204965.160709932,3.0,61529.35829814651
8049.0,1278678.72505015,204404.062469348,3.0,252431.25889845507
8050.0,1271166.10392246,249892.531507939,4.0,86280.50480953477
8051.0,1271394.45912269,250164.500788212,4.0,14784.172713543405
8052.0,1281914.53810947,230462.771488041,4.0,405813.2404408206
8053.0,1282317.09996587,230453.159648031,4.0,3278825.578608558
8054.0,1271688.49528299,253479.320567608,4.0,75410.24174352073
8055.0,1279811.82514732,221995.77429536,4.0,130361.8851222613
8056.0,1279792.85369129,221566.221334934,4.0,120252.41847195652
8057.0,1276628.38271205,231555.917601153,4.0,409545.2701365411
8058.0,1276644.80524006,232145.846177757,4.0,493329.39477050334
8059.0,1286378.56000203,203276.814404204,1.0,0.0
8060.0,1254572.68860947,217478.831250742,3.0,3005376.3034058744
8061.0,1273725.60434107,221494.483670861,3.0,2626516.1657326343
8062.0,1273836.8945172,224298.727705732,4.0,86107.62676483417
8063.0,1268664.41892789,232400.921122015,4.0,8117354.326586827
8064.0,1267518.13841473,235549.166501239,4.0,186206.83552752156
8065.0,1267749.86859097,235544.072357237,1.0,0.0
8066.0,1257886.45558886,253719.909367859,4.0,283073.849088049
8067.0,1257897.95293286,254387.52972053,4.0,1086468.8380370806
8068.0,1256530.99869147,253064.048439175,4.0,276386.9820434452
8069.0,1256542.67024349,253733.119927868,4.0,478804.9205616572
8070.0,1275215.29464661,209723.441930801,3.0,262964.85113914445
8071.0,1275188.19000657,208964.27610603,4.0,229477.93473898197
8072.0,1280591.26354811,265098.340355501,4.0,150971.07567092482
8073.0,1257319.40458028,201456.046658337,3.0,463396.5463072454
8074.0,1273744.65976509,277941.63419266,4.0,88016.10419708256
8075.0,1281092.02137262,181656.249006063,3.0,52199.00550182382
8076.0,1262068.50365715,264464.63590686,1.0,0.0
8077.0,1282489.51923005,227794.784349307,4.0,46425.97800711111
8078.0,1282661.72595023,227790.871325299,4.0,77378.04207485318
8079.0,1272519.13957185,238659.095976427,4.0,284644.52533148375
8080.0,1272829.22590816,238652.683560416,4.0,462727.7335912343
8081.0,1268091.8935513,240953.280362785,4.0,438705.907351853
8082.0,1265842.70378901,271155.397769704,3.0,1191110.694826879
8083.0,1263134.53764224,231150.946912736,1.0,0.0
8084.0,1257521.95274049,237002.895526737,1.0,0.0
8085.0,1257314.78774828,237005.620902732,4.0,544625.9515944317
8086.0,1281107.79692464,194280.114874989,3.0,84777.99999999999
8087.0,1265642.5329088,246784.232944757,3.0,140157.61671459107
8088.0,1284123.42675173,234813.675812498,4.0,196530.59430023932
8089.0,1259326.11216633,246796.890416756,4.0,73334.86574615315
8090.0,1259125.22019812,246621.321840584,4.0,92340.33179932804
8091.0,1274937.74303032,259332.833149597,4.0,2105209.760263721
8092.0,1256246.64457919,252290.068022385,3.0,40107.61370745392
8093.0,1269690.16132894,170655.820258796,3.0,734683.5381589504
8094.0,1266065.49438123,281006.853779793,1.0,0.0
8095.0,1266249.20164542,281081.665683866,3.0,335651.24992436834
8097.0,1277217.40511265,283743.829270601,3.0,96882.5770674222
8098.0,1277882.74501733,179421.165547773,3.0,182038.98861882303
8099.0,1260785.96029583,238992.853800774,3.0,11940.413762604294
8100.0,1272068.54731539,216589.274961829,4.0,160523.64537568056
8101.0,1272339.25707565,216583.942929819,1.0,0.0
8102.0,1274113.04517348,231248.552736849,4.0,130983.2489713629
8103.0,1280074.03653958,205311.731590286,3.0,325199.7164608389
8104.0,1286099.94873776,195793.83526054,4.0,652465.0297189903
8105.0,1254937.17475384,258250.771708488,3.0,3741313.0942385984
8106.0,1284557.69030418,250506.327860564,4.0,55184.81962268408
8107.0,1284558.02630417,251167.766837239,3.0,19325.59105540422
8108.0,1282420.04793398,225255.587354705,3.0,52929.181850985166
8109.0,1282416.00921398,225398.99189885,3.0,30605.56651822886
8110.0,1284134.02841574,247862.342001855,4.0,378532.7852930903
8111.0,1269229.67633647,208013.480777055,3.0,60916.14329563046
8112.0,1260247.40528728,200486.451521337,3.0,70728.27534635764
8113.0,1258288.68317327,259360.393789634,4.0,236176.63986614408
8114.0,1281639.57606119,222553.415895939,3.0,1433426.3695654883
8115.0,1289150.46394087,189170.850101754,4.0,620757.0210272123
8116.0,1289441.42957318,189166.813749745,4.0,486805.5518324725
8117.0,1252478.14883132,211347.95930846,3.0,84777.99999999999
8118.0,1259526.79485454,189842.555126444,3.0,621243.5192138426
8119.0,1262489.55664957,196458.11833322,4.0,803128.8015795829
8120.0,1262474.24432956,195802.596732542,4.0,992945.7672794136
8121.0,1283466.37625505,237073.927910805,3.0,48889.22499269356
8122.0,1283571.11059116,237398.789415136,1.0,0.0
8123.0,1287974.31437168,188649.285877213,3.0,598861.7799150981
8124.0,1280911.30489244,257497.88012372,4.0,254788.87213833464
8125.0,1275193.70411858,229229.117150769,4.0,835709.678220438
8126.0,1255824.83241875,216942.324754193,4.0,353360.3852135534
8127.0,1285850.37606549,255812.574138001,1.0,0.0
8128.0,1266053.64727722,264862.881155267,4.0,370146.3819470556
8129.0,1281631.71750118,198639.528383449,1.0,0.0
8130.0,1281590.31826913,198617.796159431,3.0,84777.99999999999
8131.0,1256537.35952348,207908.739144936,3.0,146536.85977166216
8132.0,1256367.9379553,207912.238152951,3.0,49261.98412880082
8133.0,1262563.24349765,238351.898408115,3.0,215927.8101333941
8134.0,1269554.43422481,253543.283063665,4.0,5872406.298451718
8135.0,1281814.91302136,254905.931257069,3.0,99317.79254847288
8136.0,1278231.8981697,257577.399355799,3.0,72398.20792071926
8137.0,1278237.7787457,257909.156220138,3.0,934163.3954618544
8138.0,1266982.78814217,260074.185342357,4.0,138232.97679540186
8140.0,1272782.53406811,252234.885430336,4.0,171812.01672883585
8141.0,1271088.74513838,274600.87841323,3.0,106168.53260094304
8142.0,1271751.59979506,274582.893901214,4.0,748549.2059769336
8143.0,1269806.76971306,285687.993688583,3.0,120753.43893526544
8144.0,1282032.06150158,191792.174584433,3.0,134406.193594183
8146.0,1255083.15638599,191860.771576509,3.0,508438.0
8147.0,1282935.49113451,242866.689900741,3.0,88.72878787878787
8148.0,1282942.86284652,243240.134701118,3.0,21838.46796770599
8149.0,1282555.93875012,255138.182457298,3.0,43155.49840119315
8150.0,1264833.12836397,270192.301576719,4.0,71764.31873752469
8151.0,1264846.63261999,270853.701833397,3.0,36728.14465787122
8152.0,1281774.35468532,192967.781497642,4.0,167604.00229759127
8153.0,1259729.20816675,253039.59051916,4.0,212311.02491482568
8154.0,1259741.06243876,253703.997943833,4.0,237427.54774195823
8155.0,1263054.80548215,261143.204223454,3.0,254290.0
8156.0,1260816.62525585,241691.268395528,4.0,682872.2877394236
8157.0,1286329.90361798,202486.80185939404,3.0,87919.08485811083
8158.0,1274474.08184585,223670.75752908,4.0,1133494.8935741675
8159.0,1262878.27831396,285531.34408842,3.0,1198217.316646488
8160.0,1262806.81258589,285432.382040322,3.0,104270.997319178
8161.0,1283659.04678325,178602.34762693904,3.0,102107.91543392914
8162.0,1277094.03493653,175132.227623373,3.0,381066.2526890789
8163.0,1277080.12357651,174466.904806703,3.0,665125.2996695992
8164.0,1281233.84262076,236203.412581921,3.0,455046.1445268191
8165.0,1278371.47698584,237534.003431275,4.0,364488.2266708413
8166.0,1287949.72128364,202044.208898932,3.0,261468.2025208805
8167.0,1266000.28714916,228076.5840296,4.0,37865.64553128036
8168.0,1258116.09066109,251719.682037801,4.0,41683.97561510248
8169.0,1253264.17577612,210675.369099781,4.0,60639.252066115645
8170.0,1252963.53667182,210684.579403788,4.0,243633.6334702467
8171.0,1277815.63589726,228566.908830091,4.0,519493.9759142716
8172.0,1281671.78431721,220696.067606032,1.0,0.0
8173.0,1276142.54181555,214600.086671799,4.0,266784.0925924876
8174.0,1273886.46558924,235502.204645202,4.0,1267924.548670713
8175.0,1275843.66309525,223945.748441368,3.0,95623.351289383
8176.0,1276099.39160751,223938.28815335,4.0,400004.20228854805
8177.0,1252615.51964746,241228.327083066,3.0,132264.86110859225
8178.0,1262639.66096972,232998.561378628,3.0,330683.8563522498
8179.0,1279662.63775516,228718.633886248,4.0,329948.6926011757
8180.0,1279984.40645948,228709.83631824,4.0,683300.7639863697
8181.0,1275673.69695108,254662.540344819,3.0,6164.784451600759
8182.0,1280674.3966042,211241.560908347,4.0,1847371.4957765543
8183.0,1257114.34787607,189915.222326517,4.0,105011.30461631827
8184.0,1273518.26885286,251915.247926012,4.0,212248.70127665403
8185.0,1262749.50359383,211070.297484174,4.0,1367999.3151694846
8186.0,1285674.61625731,178656.085098982,3.0,425523.4669413873
8187.0,1285842.60147348,178740.64657107004,3.0,118993.35344817003
8188.0,1285981.86003363,278974.271889716,3.0,149541.60870321468
8189.0,1286213.58560187,279182.260689929,4.0,107247.17742992744
8190.0,1283636.17574322,170386.765986517,3.0,169542.0
8191.0,1293667.4899935,187237.311347768,4.0,22860.077631389355
8192.0,1281051.03692459,223449.332440853,3.0,1105831.6568574558
8193.0,1269340.32574458,213577.675662741,4.0,220578.25050352103
8194.0,1261612.57348068,237969.961511731,4.0,41221.31595435021
8195.0,1272596.59121992,260065.15948635305,3.0,3099490.565423252
8196.0,1272944.37886828,260054.605374336,4.0,1932026.1053813847
8197.0,1278447.76453792,251947.252790034,4.0,92629.46524177704
8198.0,1278713.47103418,251942.012342036,3.0,60080.20423286879
8199.0,1275143.97426254,214887.565072089,4.0,223605.52337205652
8200.0,1275391.93765478,214881.434832081,4.0,111612.5096424951
8201.0,1282859.12742244,256451.443258643,3.0,52531.62525743839
8202.0,1282913.91999848,256480.498618677,1.0,0.0
8203.0,1277421.66917686,245344.208559275,4.0,131617.9911344846
8204.0,1277436.72031288,245992.741423935,4.0,86182.52159168656
8205.0,1280346.08588386,267772.421574235,4.0,244650.70125410944
8206.0,1280785.12434831,267763.969222233,4.0,108592.64350478529
8207.0,1277993.04005745,212851.98055800804,3.0,618256.1142044765
8208.0,1278247.16620171,212845.596430004,4.0,716067.5084697029
8209.0,1262717.5410978,191800.448888451,4.0,565327.0935818051
8210.0,1281845.5914214,196592.56786935,1.0,0.0
8211.0,1282134.6994537,196585.536445349,3.0,45921.4979135436
8212.0,1280140.43340364,218811.258388102,3.0,47919.68574611882
8213.0,1258553.95325354,198951.787263766,4.0,679394.4026990262
8214.0,1269250.4236645,224293.64008972,4.0,111787.82956293072
8215.0,1282288.68895784,253197.075127319,3.0,66656.95777634117
8216.0,1282291.99993385,253858.727991998,4.0,58027.511000522085
8217.0,1272063.74616338,245276.967279211,4.0,174523.44322430916
8218.0,1261847.26359291,287507.810906455,3.0,42451.14285714285
8219.0,1253016.03491187,245982.697455928,4.0,2096606.668667672
8220.0,1253057.31433591,245984.768623933,1.0,0.0
8221.0,1271347.06091464,200868.64857773497,3.0,106031.09747189362
8222.0,1271826.49560313,200343.696577191,3.0,52167.47383920013
8223.0,1283994.90105559,241020.392746851,1.0,0.0
8224.0,1270807.32638609,222780.497496173,3.0,22356.0397935074
8225.0,1270895.34693018,222778.506008163,4.0,79659.36490687038
8226.0,1272176.66686749,225670.412635133,4.0,617880.6349892984
8227.0,1260369.9732874,251053.125941128,3.0,149657.23727701718
8228.0,1260222.59824724,251041.416373104,4.0,816505.1835021712
8229.0,1263570.93898667,252981.8330791,4.0,1266549.085776785
8230.0,1273580.48165293,257714.588347942,4.0,708765.1971584017
8231.0,1274256.29918963,257694.868283927,4.0,1262051.0093979433
8232.0,1276363.09023178,269223.931847721,3.0,204293.2419082732
8234.0,1272263.21131559,226788.73551628,4.0,431386.6244634502
8235.0,1259442.84944645,215122.220112324,3.0,55513.12237496865
8236.0,1272584.74968392,252425.967414528,4.0,70295.99695084113
8237.0,1278281.43512975,263210.021953568,4.0,287224.31128637283
8238.0,1282878.66284645,257243.269755453,3.0,13743.57138154114
8239.0,1279395.09369089,229191.63855873,4.0,230503.828785734
8240.0,1276983.27666442,252638.56799075,4.0,511622.3944243633
8241.0,1279089.82130657,207350.714376375,3.0,188203.9722692085
8242.0,1285802.23705745,251802.656309888,4.0,52714.60381333888
8243.0,1285783.07040143,252465.832822561,4.0,1114855.5612350695
8244.0,1279464.04959495,249278.928051308,4.0,19966.965317597897
8245.0,1261617.97341669,246875.62872085,4.0,436263.8569006601
8246.0,1268608.65559983,258449.497340694,3.0,86009.38523834404
8247.0,1268952.72350419,258441.043260694,3.0,81017.20539123293
8248.0,1267789.518447,276764.330127448,4.0,1762410.3306615397
8249.0,1267772.73470299,277426.433808133,4.0,189281.59898668737
8250.0,1280138.05055565,218755.723028049,3.0,77885.30449606877
8251.0,1280395.74623591,218748.002900034,4.0,110106.28109472932
8252.0,1271847.07467516,213527.585230693,1.0,0.0
8253.0,1272007.72363532,213525.071118698,4.0,276321.58662083506
8254.0,1282038.40172559,254506.815608665,4.0,56346.62797368956
8255.0,1282295.96550186,254501.557368651,4.0,68315.58530494363
8256.0,1281864.87878141,213831.274895012,4.0,180617.52010811848
8257.0,1281938.51775749,213580.276046753,4.0,195784.3398214844
8258.0,1284165.97324777,194569.598523289,1.0,0.0
8259.0,1281578.49548513,257273.958971485,3.0,61091.7466090118
8260.0,1282238.31833379,257258.385211483,3.0,23193.296166709628
8261.0,1268251.04311948,255285.046009451,4.0,1582235.100747255
8262.0,1276995.47314443,221114.848598465,3.0,28897.986215246103
8263.0,1277035.17055246,220840.693270177,3.0,14581.757040146793
8264.0,1258228.80074121,249644.683891684,4.0,323786.584108949
8265.0,1263756.85527487,193787.384890482,4.0,299076.0046788434
8266.0,1256587.60976353,245113.687407047,3.0,435292.2299058262
8267.0,1264099.99831522,266903.446981356,4.0,183818.9962852448
8268.0,1271121.55640242,210520.234955609,3.0,739920.5613510228
8269.0,1270576.01259385,210080.54778716,1.0,0.0
8270.0,1255091.149538,204631.839237586,4.0,736563.9249218534
8271.0,1281447.09254098,244723.719022647,3.0,398821.3410497213
8272.0,1281672.89490922,244697.849006608,4.0,1410602.3283661122
8273.0,1263604.29815471,254583.552312732,4.0,70625.24752458345
8274.0,1276193.0377516,252985.86059910097,3.0,419276.6640603308
8275.0,1276841.66015227,252967.781943083,3.0,378284.8731300459
8276.0,1255763.11337869,194337.582907051,3.0,57928.53855403355
8277.0,1255581.53597049,194425.796283141,1.0,0.0
8278.0,1268841.99928008,189157.091637745,4.0,146633.47066493102
8279.0,1268815.92158405,188463.145205036,3.0,61053.4104116006
8280.0,1268904.13137615,282886.141077712,4.0,31231.35325640937
8281.0,1269345.50289659,282862.288405702,4.0,167838.50454825297
8283.0,1277278.44140072,181246.620909646,3.0,89181.70699947674
8284.0,1277266.5425207,180890.789293274,3.0,12862.482441581918
8285.0,1269599.76056086,169152.34326525,3.0,229046.98612113672
8286.0,1256567.26633951,235974.739493683,4.0,191692.4543542108
8287.0,1255905.92803483,235986.4169337,3.0,76763.08414263545
8288.0,1278895.14489037,221602.68981497,4.0,1841508.0923013096
8289.0,1274874.20050226,254687.39167285,3.0,430013.3531325684
8290.0,1275199.35928659,254677.28472884,3.0,466022.8299396735
8291.0,1264905.85591605,253759.535927892,4.0,200153.98885540443
8292.0,1265565.04260473,253750.788215891,4.0,238171.34804078544
8293.0,1278994.52229847,268074.649350554,3.0,76286.32174438205
8294.0,1284173.56019178,256818.59577103,3.0,111488.41436760408
8295.0,1255590.69411451,217971.034643248,3.0,366510.1340143376
8296.0,1258818.76938182,247022.716720998,4.0,467049.6721930884
8297.0,1287439.65632312,248968.010418981,4.0,537068.5357257545
8298.0,1256437.71638738,215882.859025106,4.0,42612.64181068561
8299.0,1282322.96313389,202028.057346925,4.0,138766.8678870852
8300.0,1274432.0671898,281930.944788739,4.0,207056.0718427674
8301.0,1274006.60216537,181737.588718146,4.0,74736.59150018117
8302.0,1273997.74814935,181406.6136778,3.0,29969.97751457744
8303.0,1273077.02136442,231271.064160869,4.0,245317.33627015573
8304.0,1275129.46674252,213936.889487118,4.0,941655.316998183
8305.0,1264411.17514753,265569.44569999,4.0,501694.8334579542
8306.0,1264078.7503152,265578.769475996,4.0,343461.82843907655
8307.0,1283658.03987125,267080.397701532,3.0,218376.10123279103
8308.0,1283700.34099129,268319.778758809,4.0,388428.9348585855
8309.0,1275768.00971916,213600.386254773,3.0,244534.40078857384
8310.0,1281585.70022112,197824.957182616,3.0,108852.35526742385
8311.0,1276466.53323989,254639.658808798,4.0,113658.34931524604
8312.0,1276469.74981588,255306.879289478,4.0,149684.00703993192
8313.0,1281587.16114913,198075.67974287304,3.0,23675.15407644109
8314.0,1274575.34706195,235494.10096518704,3.0,782367.8078134917
8315.0,1274587.43205397,235973.614437684,4.0,109060.23305424787
8316.0,1268183.5711834,237435.133223176,3.0,44803.588050672384
8317.0,1268086.7485273,237673.737063423,1.0,0.0
8318.0,1251745.32188657,210743.82439585,1.0,0.0
8319.0,1263313.61041042,243275.850157157,4.0,99037.80725608276
8320.0,1261870.00304894,255012.932025179,4.0,402036.2470215383
8321.0,1286137.12614579,255213.700985387,3.0,28.0
8322.0,1286141.24160179,255388.922425568,3.0,42391.0
8323.0,1265300.72388445,280113.271250874,3.0,64025.35796664973
8324.0,1265143.67569229,279800.818834558,1.0,0.0
8325.0,1289106.99910884,182497.605614915,4.0,946652.60249535
8326.0,1259138.70442215,286002.047512904,1.0,0.0
8327.0,1280322.10169183,170460.736290589,4.0,166996.57240003807
8328.0,1269435.01028869,180933.14711731704,3.0,114499.68522791997
8329.0,1254116.075361,243174.250669047,4.0,335272.1268962532
8330.0,1253776.75580865,243179.951405063,4.0,97463.58528981794
8331.0,1265791.41386895,268346.127494827,3.0,556162.7894921058
8332.0,1266413.70788559,268332.916870818,3.0,42390.0
8333.0,1266249.95102142,254796.327800959,4.0,187672.6831096097
8334.0,1273100.07966843,204012.104900956,5.0,4045058.992224001
8335.0,1256617.62083556,237758.516071513,4.0,175120.78571641343
8336.0,1256630.48662758,238178.549031943,4.0,445082.9090974026
8338.0,1262196.03229727,210288.005707383,3.0,50294.70421052254
8339.0,1261990.91325706,210291.426955387,1.0,0.0
8340.0,1280866.1393244,256225.969978422,4.0,76931.56035490402
8341.0,1285318.94534495,197220.576509997,3.0,146560.1271187379
8342.0,1285525.52825716,197218.154557988,4.0,463036.0698586312
8343.0,1276303.48568772,264597.641538993,4.0,138656.4882399286
8344.0,1266934.39121412,256110.66738629303,3.0,37387.88431696715
8345.0,1271400.6739707,246169.72664012,3.0,159726.0379038939
8346.0,1265370.79396452,245508.135407448,3.0,42963.16185084564
8347.0,1265728.37265289,245500.295215443,4.0,377850.4689960077
8348.0,1283840.45356743,263221.701057583,4.0,130898.39034087834
8349.0,1285915.73190556,244094.292461991,3.0,334733.4492605458
8351.0,1271087.93310638,276045.047438711,4.0,125219.9184475242
8352.0,1267634.42923084,259199.635901466,4.0,62655.20040142674
8353.0,1280163.61119567,223574.923032984,3.0,84516.55802304142
8354.0,1266190.17028536,244950.059118867,3.0,59914.33224734024
8355.0,1276301.99589571,231564.594721168,4.0,149967.64360557747
8356.0,1276318.82853574,232154.523681775,4.0,154094.35151823785
8357.0,1260584.26288763,200477.834433332,4.0,950182.5085860807
8358.0,1254437.84764932,253112.47915923604,3.0,74052.846330276
8359.0,1285216.58598484,251409.099637493,3.0,84777.99999999999
8360.0,1285216.95641685,251499.098165572,1.0,0.0
8361.0,1256550.32605149,218397.216851681,4.0,89782.69496895507
8362.0,1275965.10872737,265268.40889968,4.0,264382.4140221708
8363.0,1263614.24010673,250325.980468377,3.0,34083.93120799554
8364.0,1274055.23166941,232181.350753799,4.0,312116.93411346554
8365.0,1260136.17520717,261679.26944001,3.0,130189.75198715832
8366.0,1268079.15998329,286892.663193822,3.0,40238.18064898577
8367.0,1270891.99685018,280832.555283621,1.0,0.0
8368.0,1276134.72325554,205769.654534757,1.0,0.0
8369.0,1276297.76491971,205609.285446584,3.0,84778.00000000001
8370.0,1264475.19044361,232332.845153958,4.0,2490543.3983262246
8371.0,1272336.06053166,179789.581484154,1.0,0.0
8372.0,1272651.34533198,179784.830828145,4.0,87398.852412541
8373.0,1281736.00140528,274998.810701638,3.0,10091.403634753631
8374.0,1253967.30204885,214860.012688056,1.0,0.0
8375.0,1280918.65394844,245935.228719875,3.0,20809.500803475425
8376.0,1259453.05712646,206486.010695487,4.0,15923262.497581728
8377.0,1259122.99088612,206496.892231494,4.0,154875.1841800289
8378.0,1282596.54035017,236665.720998392,3.0,227712.2087020068
8379.0,1267752.85611096,270792.45754534,4.0,2059510.044116752
8380.0,1268417.74487965,270777.734153315,4.0,981748.0387275276
8381.0,1272958.36805229,264031.804098412,4.0,227984.65146639623
8382.0,1261230.68119228,199129.888639957,4.0,178875.10393354238
8383.0,1259538.57629456,246518.294832483,4.0,48650.18742925684
8384.0,1270641.62923393,242752.782316625,4.0,262854.1941585431
8385.0,1274078.23717344,230090.696799651,3.0,7621.159523493978
8386.0,1274088.01374945,230414.07209599,4.0,303361.97180414427
8387.0,1276455.23864788,252648.61099875,3.0,289124.0691816739
8388.0,1262626.08196171,254336.34316048,4.0,4111143.16372513
8389.0,1271575.34718688,255931.147066116,3.0,77481.5596157349
8390.0,1282779.54527836,229370.872414917,3.0,46377.37209585479
8391.0,1282627.2332142,230003.567007571,1.0,0.0
8392.0,1254999.0201299,217279.094098538,3.0,123414.12010263855
8393.0,1254670.29340957,216818.914258063,1.0,0.0
8394.0,1280672.16166019,221047.676822394,4.0,52974.701216165085
8395.0,1261664.10877673,249037.880307063,3.0,217577.65544105132
8396.0,1264574.0875957,229371.504606918,4.0,59035.09974626251
8397.0,1264298.73706743,229380.006942928,3.0,44359.49941121173
8398.0,1279010.06623448,174442.642406672,3.0,220743.8232895236
8399.0,1274401.93176576,273936.379724547,4.0,1865803.7226327453
8400.0,1274400.87531777,275263.464013919,4.0,1164234.610966909
8401.0,1295743.35885963,183577.631664023,4.0,132501.6959235852
8402.0,1276776.0638002,216127.474705353,4.0,81522.99805839857
8403.0,1267607.74391882,256623.219514832,4.0,27183.52896946844
8404.0,1268267.60446349,256607.30482681104,3.0,29168.49722569985
8405.0,1280324.62463583,251249.719093323,3.0,187919.28992488628
8406.0,1288105.8118438,246818.934320793,4.0,58175.85906812667
8407.0,1288073.38310777,247115.735537097,4.0,22848.73978235411
8408.0,1263447.49994655,246325.403824285,3.0,124563.85610694913
8409.0,1272949.05208428,231582.03401719,3.0,79411.75354230498
8410.0,1272969.36082031,232215.079649836,3.0,28264.785440649863
8411.0,1277920.38303338,207212.369480222,3.0,25058.752044399396
8412.0,1281774.85170932,228682.97219021604,3.0,65384.51997377637
8413.0,1281781.39993332,228948.650142491,3.0,33812.15040563631
8414.0,1283157.37715073,249208.869811237,4.0,312590.9127718305
8415.0,1283488.01068707,249202.677235231,4.0,520299.756961174
8417.0,1278075.94015354,178429.81975475,3.0,70537.3673652175
8418.0,1281162.0635487,236449.336614162,3.0,729921.2336815667
8419.0,1279850.08882736,222888.612440288,4.0,791205.6631611274
8420.0,1274689.23039007,238614.235496387,4.0,153734.34266983313
8421.0,1270459.86385773,199386.666304216,3.0,148298.07142857145
8422.0,1270408.16478568,198965.565119788,3.0,264660.6310220553
8423.0,1265248.7787964,251596.606837675,4.0,352699.1276879969
8424.0,1259790.00560682,256397.194362596,4.0,68277.13913352259
8425.0,1259527.13898253,256401.437114596,4.0,66138.01529841872
8426.0,1277845.39077729,250643.022452697,3.0,175303.79180389747
8427.0,1287092.58848277,207353.309832379,3.0,10594.09082837552
8428.0,1279705.2780752,270835.554569378,3.0,46052.96291257488
8429.0,1279910.20287541,270829.253769368,1.0,0.0
8430.0,1252612.10723145,241059.070506886,1.0,0.0
8431.0,1282213.38002977,229851.842591405,3.0,459247.3045151772
8432.0,1282501.31878206,229500.330143049,3.0,176127.80699134397
8433.0,1265147.3498683,269356.941703871,4.0,1863576.4161499967
8434.0,1265809.55882898,269339.932871848,3.0,2565504.372841356
8435.0,1279362.43461885,269126.545223624,4.0,949434.8674794995
8436.0,1279513.00421901,222007.253271386,4.0,212697.91560135596
8437.0,1274280.96382965,205410.37997438,4.0,191212.42918309613
8438.0,1286064.05177772,283701.714518547,4.0,211924.0
8439.0,1286206.65126586,283731.316182584,1.0,0.0
8440.0,1273089.87826043,278959.525521696,4.0,832265.2668786175
8441.0,1266094.84401326,281181.171027973,1.0,0.0
8442.0,1266247.34506942,281178.144467965,3.0,418974.3739054948
8443.0,1253624.0510405,250460.428660512,4.0,935898.1841283686
8444.0,1253624.04777649,250684.165428743,1.0,0.0
8445.0,1267140.48107034,276110.481998786,3.0,248779.25922643248
8446.0,1267128.22974232,276774.004623458,4.0,1460173.1636029764
8449.0,1289182.83098091,184825.31224130103,3.0,30703.385877042347
8450.0,1272292.28113961,178484.973866805,1.0,0.0
8451.0,1272454.69349177,178481.59953080103,3.0,84778.0
8452.0,1272055.20318736,225242.998810694,4.0,242527.05454944333
8453.0,1259238.75011824,199847.376704693,4.0,5022937.3463996295
8454.0,1273757.69650111,209487.38887456097,3.0,63833.29592243011
8455.0,1273538.25502889,209088.157706156,3.0,163052.6022763491
8456.0,1257562.58320452,209177.228426248,4.0,2740202.3022622904
8457.0,1257236.71414819,209184.010250241,4.0,1789700.4764368602
8458.0,1278011.73324147,249091.348403111,3.0,32644.6074526333
8459.0,1258093.57098107,250426.075700477,3.0,81612.9335285023
8460.0,1275353.31992674,213282.850446448,3.0,69305.62747125521
8461.0,1275338.16709472,212904.474894062,3.0,192561.06087422057
8462.0,1280024.89554752,269455.24435997,1.0,0.0
8463.0,1272147.66264346,220581.278805912,4.0,251554.9231752637
8464.0,1272129.44382745,219658.817044973,4.0,451549.6905674408
8465.0,1286784.10317045,249376.594547406,3.0,84778.0
8466.0,1278376.26335384,271391.403849944,1.0,0.0
8467.0,1264056.19293918,284807.731991693,3.0,38079.22970253143
8468.0,1277350.47570479,220324.049941659,4.0,24075.190242389705
8469.0,1284065.19916767,190288.535222903,1.0,0.0
8470.0,1284668.43910429,190269.871542886,3.0,160470.38279169626
8471.0,1260319.12951136,249066.432755083,4.0,381788.1763675048
8472.0,1259661.38218267,249080.895347103,4.0,462161.61815997947
8473.0,1276817.02335225,265241.773123652,4.0,228912.90694316456
8474.0,1261013.91191207,251671.772021756,3.0,34332.250334895936
8475.0,1256052.56259498,194594.389179304,3.0,151374.64325013928
8476.0,1255770.67869069,194605.351419315,4.0,108343.86556041685
8477.0,1276181.30808759,227502.226205006,3.0,81012.97349452326
8478.0,1277017.24050444,268537.08179903,3.0,21079.49964255121
8479.0,1270539.92043382,261639.59955196097,3.0,996106.6449095416
8480.0,1270543.97624183,261807.066432133,1.0,0.0
8481.0,1268648.11812788,231768.052641377,3.0,1436013.1495915412
8482.0,1268968.7375842,231759.927713364,4.0,469479.47137442086
8483.0,1260159.65546319,196505.134333268,4.0,352997.87080246786
8484.0,1277027.46392846,222644.192280024,4.0,338238.2964096172
8485.0,1256099.71408303,190992.057143614,3.0,29917.34808858084
8486.0,1256103.91158703,190683.590839297,4.0,111403.45029150772
8487.0,1266824.78289402,242005.89732386204,3.0,124911.45875955308
8488.0,1270315.00324959,218934.988116235,3.0,3311731.271453454
8489.0,1270299.87595357,218174.904979452,4.0,773323.8425984809
8490.0,1280943.40358047,213915.071311086,4.0,259517.32485678757
8491.0,1281097.65689263,213932.658191115,3.0,33305.50880203155
8492.0,1264801.64548394,232498.381282121,4.0,581425.6049836876
8493.0,1264479.5700276,232506.171938136,3.0,160173.99510335492
8494.0,1264176.3324593,210405.627211496,1.0,0.0
8495.0,1264037.55453916,210408.738763496,4.0,78403.5309128967
8496.0,1274286.74533366,263993.925570369,4.0,186700.54678921623
8497.0,1257346.45110831,254393.006776541,4.0,1734357.1530400857
8498.0,1275123.76690251,230385.878623962,4.0,133943.9060348108
8499.0,1265957.66647713,257587.825531811,4.0,220098.93185215467
8500.0,1273478.31186083,265340.194819748,1.0,0.0
8501.0,1273613.63314097,265336.195203751,4.0,169943.05980255318
8502.0,1257954.63594092,201252.328898132,4.0,362465.3174725501
8503.0,1283282.36742286,257048.726203263,3.0,148151.73829395857
8504.0,1262981.59569007,256475.298874676,4.0,53424.34570852593
8505.0,1275138.16779852,224634.916698068,4.0,324698.7819235669
8506.0,1281341.44575688,207175.78394419,3.0,1810560.6212158788
8507.0,1269046.10718429,241717.358251557,4.0,116427.47023373692
8508.0,1255925.79645085,253068.48088719,3.0,10863.203635899952
8509.0,1277122.43941656,203080.616259992,3.0,540731.4382393021
8510.0,1266831.87537402,242289.050348148,3.0,53427.71850484993
8511.0,1276516.30123994,236250.140517965,1.0,0.0
8512.0,1276713.82642414,236423.874086142,3.0,50543.743451254544
8513.0,1280560.65862007,210569.603595659,1.0,0.0
8514.0,1280595.16114812,210316.180875406,3.0,43034.248512987855
8515.0,1264797.01655594,246708.699632674,1.0,0.0
8516.0,1264585.00356372,246900.536496863,3.0,45872.80866021108
8517.0,1282938.49503851,274961.825869605,3.0,57806.82802852598
8518.0,1277600.17932105,213530.504142702,4.0,63211.45414370488
8519.0,1277754.7705532,213527.79585470297,3.0,81480.3924143913
8520.0,1266803.48401399,275612.048014268,3.0,84777.99999999999
8521.0,1266708.3684299,275923.086734593,1.0,0.0
8522.0,1271236.89182653,190678.633207291,1.0,0.0
8523.0,1264835.46929197,233366.090787008,4.0,1011361.3612474644
8524.0,1264515.77041164,233374.044515014,4.0,216583.56203390512
8525.0,1269929.3455852,256825.176123038,3.0,608871.373712059
8526.0,1269988.67288125,240900.405162722,4.0,407879.763302443
8527.0,1274083.35691744,209741.428746819,4.0,364084.51807407785
8528.0,1267140.76356633,248700.376754716,3.0,3231962.1159050013
8529.0,1274585.67845395,219300.726548612,3.0,120469.75687422746
8530.0,1274574.89400595,218734.18242003,4.0,199568.6491307519
8531.0,1257273.87613223,237746.61648750296,3.0,124150.91743846996
8532.0,1257266.05526823,211850.820492983,4.0,162586.3872577498
8533.0,1256966.72745992,211858.885772988,4.0,59959.5794123086
8534.0,1271387.22449869,228834.716318369,4.0,280956.6489173552
8535.0,1271071.96894637,229121.460190669,4.0,241196.582996173
8536.0,1281677.58815722,259818.794110104,1.0,0.0
8537.0,1281907.65657346,259810.369598091,4.0,84997.60689146878
8538.0,1274931.59410231,257675.407675907,4.0,1845942.4933002812
8539.0,1276049.64824747,222078.102231458,3.0,340385.5129618554
8540.0,1255170.44854608,200315.231681168,3.0,435391.1523218507
8541.0,1277347.93439279,261913.32601624695,5.0,3131349.606365316
8542.0,1276892.99372032,262373.813312709,4.0,101219.03810277584
8543.0,1266736.74039792,178039.426218361,4.0,77717.38042072541
8544.0,1256543.26441948,240501.985002324,4.0,471248.973207168
8545.0,1256557.5743715,241099.605866924,3.0,77403.70971083756
8546.0,1287016.52038668,202471.119491369,3.0,47228.37549648509
8547.0,1287170.73395485,202467.596803367,3.0,78799.06561652331
8548.0,1269119.03812836,226412.067611888,4.0,344673.67555668275
8550.0,1281696.75084524,206009.269895002,4.0,740576.2279576298
8551.0,1281692.79807724,205267.253638238,5.0,5069714.677844106
8552.0,1286789.66189046,195000.075003728,4.0,460947.7068964799
8553.0,1261647.5373207,256226.497210413,3.0,70358.92788857096
8554.0,1279245.24492273,217516.13499477497,3.0,1158628.420410203
8555.0,1255773.88304269,197620.268286407,3.0,159689.09754926537
8556.0,1255494.09654641,197458.511038244,3.0,96514.91118986029
8557.0,1283242.52070282,199256.588160083,4.0,1835333.4717933869
8558.0,1278912.21996239,222030.7384554,4.0,1837543.9387060532
8559.0,1262540.78884162,199097.076351926,3.0,1226377.9534849783
8560.0,1275963.09989537,265929.485956356,4.0,1116181.717533117
8561.0,1275977.72024739,266589.431813031,3.0,45725.70830267847
8562.0,1275438.79288684,223654.612505063,4.0,943940.18433136
8563.0,1275445.71442284,223954.831769377,4.0,656202.9451636801
8564.0,1294381.39834623,180934.716013327,3.0,36083.15071347689
8565.0,1295008.39188287,180561.489708945,4.0,482947.1779448147
8566.0,1274864.81439024,230392.924191967,4.0,192074.21064314432
8567.0,1270347.01534562,197666.723198459,3.0,49615.66355610267
8568.0,1270346.36702561,197146.532669917,1.0,0.0
8569.0,1276260.47787967,256972.525883183,4.0,228994.54605909792
8570.0,1283106.97670269,245897.696623847,3.0,1599443.3205183612
8571.0,1283268.78111885,245894.833135843,4.0,2339146.60686009
8572.0,1254713.77296162,240523.420970336,4.0,31615.061927969764
8573.0,1274494.00146186,214596.603087783,4.0,129269.5359826876
8574.0,1269780.92856103,215114.222480327,4.0,248211.23618707247
8575.0,1269765.59851302,214354.41262354,3.0,18668.629722072063
8576.0,1280357.48940387,268941.026887432,4.0,758692.6808219565
8577.0,1264443.86141957,231078.586528674,4.0,408705.90082673344
8578.0,1255895.66134682,208580.594121635,4.0,994356.6117874916
8579.0,1265373.81630053,245633.731631577,3.0,36166.972969076494
8580.0,1272486.41297981,229439.612766996,3.0,774.4879146535434
8581.0,1272488.66885181,229596.247647151,4.0,450161.61180716974
8582.0,1264432.18397956,243140.908845022,5.0,1472676.3254599369
8583.0,1266022.09943719,251407.317493483,1.0,0.0
8584.0,1269789.31633705,282842.336661667,3.0,360445.3269407271
8585.0,1286170.11558582,177935.966762245,1.0,0.0
8586.0,1286322.44499397,177933.25021824203,3.0,43742.86270683596
8587.0,1261068.91543213,260361.850494653,4.0,174785.24611856506
8588.0,1260851.0444559,260367.114878654,1.0,0.0
8589.0,1267904.34564711,189001.338357583,3.0,89420.26775111812
8590.0,1269390.56676865,189785.572342381,3.0,142118.038992285
8592.0,1266626.83217381,235568.768165261,4.0,467719.8414392807
8593.0,1264385.33239551,192435.902649105,5.0,3155790.7727600746
8594.0,1287196.20013086,186156.164914668,4.0,113827.3247066252
8595.0,1281385.16844492,269726.341256246,4.0,786310.1414513728
8596.0,1266226.7565254,196393.938365147,4.0,194862.60733716047
8597.0,1274869.55743025,219295.958868608,3.0,62790.37064230036
8598.0,1280454.93247597,252572.957878679,3.0,143676.7378946179
8599.0,1275727.63711113,222081.659607455,4.0,868591.048000633
8600.0,1252388.82422324,212581.508685723,1.0,0.0
8601.0,1252325.60745516,212284.205453426,3.0,711798.5940024935
8602.0,1259500.55703051,255054.109113216,4.0,176433.97179345033
8603.0,1259512.44778253,255737.107385918,4.0,104629.14086988868
8604.0,1290300.94586205,188586.68005316,3.0,8765.59286718003
8605.0,1262911.025258,252992.585015103,4.0,1154154.1277635884
8606.0,1266471.15070166,168402.054048494,3.0,84778.0
8607.0,1266468.00638165,168260.689824343,1.0,0.0
8608.0,1275064.39595845,275684.687246338,3.0,76914.06628798347
8609.0,1285514.08243315,248437.865778446,3.0,46393.74563641587
8610.0,1264568.8736437,199709.420288548,3.0,1305646.9523902177
8611.0,1265531.27070069,193742.241274431,4.0,815365.2178865429
8612.0,1284298.80601591,203016.35949192903,3.0,84778.00000000003
8613.0,1284298.34009591,202990.199811906,1.0,0.0
8614.0,1265725.26078089,250029.784180075,4.0,31574.688924005128
8615.0,1265958.37745312,250040.74117209003,3.0,4886.739006019337
8616.0,1262758.23127384,202971.42950788105,3.0,142809.59403412553
8617.0,1283537.22220713,265360.229571775,3.0,261491.24704921737
8619.0,1259609.62045462,201168.195202038,3.0,6995786.05442785
8620.0,1271554.43384285,230462.591008037,3.0,551856.2808531207
8621.0,1282832.5044464,251739.045173824,3.0,24532.750306114
8622.0,1283100.02489468,251733.724341825,3.0,6837.707037849754
8624.0,1265632.26718079,172651.389412835,4.0,1440186.444546647
8625.0,1282417.48492599,273677.039372295,4.0,1087323.8423794606
8626.0,1282551.87839812,273902.807628512,3.0,171738.42978539984
8627.0,1271638.54161894,178366.508522689,1.0,0.0
8628.0,1265279.05988443,241713.000939563,3.0,65266.5020777569
8629.0,1265292.60452445,242325.029612184,4.0,93582.82366102522
8630.0,1258195.90934917,197919.33395071296,3.0,45991.90493368331
8631.0,1258810.44323781,200321.55520117297,3.0,49865.06293995838
8632.0,1258600.66122159,200330.127361178,1.0,0.0
8633.0,1263767.05738688,266912.836037368,4.0,136320.4390995155
8634.0,1264933.97860408,234592.82262826,1.0,0.0
8635.0,1264937.02910008,234807.815972492,3.0,49349.24941314832
8636.0,1261313.02980037,241041.519338876,4.0,141263.264813047
8637.0,1261324.75184838,241697.113835543,4.0,110209.20215012127
8638.0,1274034.5178134,205948.70074293,4.0,784534.2108989757
8639.0,1285940.86963359,243334.39927721,3.0,40893.76502170991
8640.0,1286129.25478578,243330.257261217,3.0,239044.3082427122
8641.0,1250295.41993308,242045.954987898,3.0,575.1613267511301
8642.0,1257356.88675632,202808.292035714,4.0,285988.62450985366
8643.0,1257351.34806831,202600.755331501,4.0,609704.2151204536
8644.0,1261525.54282458,249572.589875609,4.0,160039.63638206813
8645.0,1279078.10418656,231754.910305366,4.0,103834.06460868336
8646.0,1277419.79743285,216111.999633342,4.0,144551.28615208704
8647.0,1277395.02911283,215403.976464614,4.0,100642.96041167444
8648.0,1283608.1023352,202517.599043414,4.0,2045894.680092832
8649.0,1283604.6229752,202193.047811091,4.0,659593.7001938609
8650.0,1274403.07806978,271287.910985842,3.0,10982971.038606066
8651.0,1265709.00625287,176584.604008868,4.0,786311.946655951
8652.0,1258623.65526961,187248.48357178303,3.0,63037.44674035787
8653.0,1258279.51088527,187260.680371791,3.0,123.33333333333331
8654.0,1277624.65330507,214729.973903924,4.0,120845.7949243868
8655.0,1277874.24434532,214724.378767923,1.0,0.0
8656.0,1269238.7347044798,229679.56931123097,5.0,738301.2634401898
8657.0,1269249.5453925,230105.706271678,4.0,155309.70393434944
8658.0,1287040.89465871,191171.775287807,1.0,0.0
8659.0,1289428.45485316,188610.395189181,4.0,50775.01870851715
8660.0,1273520.7760528603,225040.597274482,5.0,694689.3062547927
8661.0,1273697.88562106,225036.380122483,1.0,0.0
8664.0,1268422.92503965,240942.712106764,4.0,727155.1786751653
8665.0,1268744.48375998,240932.444778755,4.0,125176.98123563998
8666.0,1274871.32683825,254294.508600444,3.0,77519.07705385707
8667.0,1254487.82198538,251489.628725573,1.0,0.0
8668.0,1264804.49885994,245333.131823272,4.0,374685.3155554168
8669.0,1256543.12361948,198035.528894827,4.0,60310.228846780745
8670.0,1264220.47082734,169420.280737534,4.0,11318.326293990234
8671.0,1263902.31594703,169434.326625541,4.0,66325.88842692487
8672.0,1267335.10731053,174924.263143167,3.0,5787093.489789907
8673.0,1282047.16153359,233127.005986765,4.0,3913293.502861554
8675.0,1262095.31952918,285863.334232762,3.0,915857.5554559652
8676.0,1281808.53766136,225617.084635079,4.0,374895.2216774572
8677.0,1267749.93092696,179186.80087553,3.0,110518.49518196048
8678.0,1273442.37330079,178653.532266989,1.0,0.0
8679.0,1288714.55238843,187893.042292446,3.0,587489.9891135432
8680.0,1288826.97472455,187895.065908447,3.0,516059.0406823001
8681.0,1275667.08440706,253334.569591463,3.0,20734.838023574062
8682.0,1264636.63537177,257620.179771841,4.0,47340.810493975245
8683.0,1261471.49962454,233230.135074869,3.0,84778.0
8684.0,1261283.02692033,233077.877154708,4.0,297326.00057115586
8685.0,1277525.54328898,237821.074343577,4.0,38534.82739807611
8686.0,1272773.61643611,211414.068428531,4.0,181528.98776433905
8687.0,1263349.46007445,258974.96902123105,3.0,100657.8566507241
8688.0,1266212.94186938,252669.653238773,4.0,903484.362563496
8689.0,1271818.68299513,197621.573694408,4.0,176392.8986177451
8690.0,1272478.5642118,197601.305406392,4.0,194205.00231296133
8691.0,1291366.21280715,183586.195952028,3.0,43566.71730178641
8692.0,1291293.48525506,183229.346287668,1.0,0.0
8693.0,1280120.38751562,246046.181935996,3.0,36999.98812455132
8694.0,1281776.97836532,223020.70236042104,3.0,195098.6587179241
8695.0,1281904.12998146,223020.17384842,3.0,405306.95457419584
8696.0,1272289.41566761,244402.860078305,4.0,110109.26402265954
8697.0,1284823.95193644,193377.102842063,1.0,0.0
8698.0,1285118.25644875,193370.193082049,4.0,88644.58754365666
8699.0,1256783.02377973,252401.5586465,4.0,132366.3368449269
8700.0,1256519.08035547,252405.961526513,4.0,156621.02889565253
8703.0,1274349.24651772,208142.631113186,3.0,150674.39418591073
8704.0,1254143.53168103,244429.179566339,4.0,470460.2754577209
8705.0,1258150.47773314,253717.730871856,4.0,249280.07231987573
8706.0,1258161.99242114,254385.047160536,4.0,776862.8314358547
8707.0,1257971.86653295,201900.784642786,3.0,25433.879024814672
8708.0,1272434.43013176,280652.898771435,4.0,951566.025352733
8709.0,1260189.68624721,210923.574988022,4.0,712387.9935582242
8710.0,1260646.82608768,236756.538406476,4.0,103573.00691532213
8711.0,1260370.87191141,236761.385510489,4.0,72395.98717788424
8712.0,1253720.47606459,215698.437136918,1.0,0.0
8713.0,1253369.41609624,239570.968489364,3.0,184004.86497593884
8714.0,1286758.19315442,247806.932017803,3.0,250748.23119753372
8715.0,1286949.46899462,247803.248305798,4.0,222829.3484441887
8716.0,1271339.52152264,196855.770109624,1.0,0.0
8717.0,1276529.52395995,206149.205959141,3.0,209716.12949461903
8718.0,1261445.9468565,237504.296743244,4.0,26359.080285889184
8719.0,1261439.7135765,237974.570407733,3.0,46047.960958867465
8720.0,1273285.51800463,263360.523905724,3.0,38459.13397083082
8721.0,1273613.98482096,263351.459969714,4.0,29655.99996726944
8722.0,1271170.36145847,232252.935201868,4.0,380200.2839460588
8723.0,1271572.64638688,232250.486753866,3.0,436882.13378608704
8724.0,1256442.22787538,188957.889589533,3.0,479649.8108277891
8725.0,1276048.79659946,234152.288355812,4.0,17740.70319105589
8726.0,1255592.58486651,253071.037943184,4.0,28132.48615297239
8728.0,1254250.05865714,252042.788662136,4.0,20260.14332490463
8729.0,1262154.20234522,247130.708273098,3.0,146641.17961538248
8730.0,1260583.01123962,287200.060250133,3.0,65927.42094809325
8731.0,1260379.59005541,287556.064474493,1.0,0.0
8732.0,1285346.69171298,277409.511568114,1.0,0.0
8733.0,1285414.21126504,277479.251920179,3.0,84777.99999999999
8734.0,1278439.50962591,177113.676713407,4.0,108298.36335980124
8735.0,1278424.19205789,176454.947112739,3.0,20777.885787494062
8736.0,1267610.82199882,284320.893399194,1.0,0.0
8737.0,1264951.18718009,187122.993971661,4.0,1265225.061373943
8738.0,1282740.01747032,233970.590243623,4.0,7606.76400947271
8739.0,1253422.93136029,241865.917995721,3.0,589246.1649052822
8740.0,1253438.1203523,242525.433708385,4.0,1484174.916521368
8741.0,1255172.62704208,216183.816465423,3.0,642943.0479804532
8742.0,1255168.14313808,215924.116497144,3.0,365418.9226071802
8743.0,1256070.36637101,200135.598848984,3.0,345253.1450504025
8744.0,1274890.68306227,243670.831661567,4.0,360014.77032532974
8745.0,1275170.45253456,243660.517421558,4.0,226813.9890947629
8746.0,1274054.79858142,206761.605639771,3.0,78703.13913571442
8747.0,1279818.53343531,263954.70713833,4.0,915673.820963355
8748.0,1282190.31679775,228668.902686194,3.0,63438.621360167264
8749.0,1255738.37987466,204646.817221597,4.0,766591.098605403
8751.0,1263987.23082711,242867.899884745,3.0,917536.4221323852
8752.0,1252654.48835151,237135.345766872,3.0,21473.968497179085
8753.0,1261590.80151266,238561.03613632903,3.0,53175.85645754146
8754.0,1253110.56815997,208075.57018511,4.0,211924.0
8755.0,1252939.89859179,208082.237833112,3.0,769154.9953089757
8756.0,1285447.99628909,205165.263366133,3.0,285082.6023910252
8757.0,1258592.30493358,247757.471473753,3.0,5021.786945287317
8758.0,1287492.33273917,187440.633139983,4.0,207435.625529416
8760.0,1253506.28163238,245586.649391517,3.0,204775.2833711752
8761.0,1263527.64644264,211053.990412161,4.0,339311.3024021502
8762.0,1253982.51491286,211313.043020427,4.0,216269.9869494761
8763.0,1269780.58865704,280713.329747498,4.0,1053786.6997290638
8764.0,1265537.28017269,252408.588790506,4.0,901047.674507178
8765.0,1263250.54922636,243379.130797267,4.0,116087.23135881312
8766.0,1274958.20325434,263018.362241372,3.0,1417.5458889614476
8767.0,1275345.16248673,263009.831041366,3.0,9043.246853322116
8768.0,1286262.24960192,199873.21062471,4.0,438989.3578899386
8769.0,1286635.6349463,199864.102720708,3.0,192423.23824759855
8770.0,1277597.05887304,232118.621217728,4.0,487595.49949432816
8771.0,1252985.62089585,211351.917004466,3.0,271348.9578659609
8772.0,1256444.65437138,194822.174139544,1.0,0.0
8773.0,1273359.26424471,244786.66935870104,5.0,1862403.925168672
8774.0,1275197.46066259,229655.212063208,4.0,358432.54512502823
8775.0,1278943.00991443,200403.213825256,3.0,184683.92398419435
8776.0,1254334.78390522,211956.967949092,4.0,109651.56580988228
8777.0,1254314.9804492,211298.141196415,4.0,231680.84307161628
8778.0,1282131.95698969,196446.879869208,3.0,81700.5672939712
8779.0,1270756.68907404,277652.818512365,1.0,0.0
8780.0,1270760.38257805,278044.956816763,3.0,520095.1090721242
8781.0,1260456.46787949,286023.239768937,1.0,0.0
8782.0,1260124.71261515,286033.216792941,3.0,84647.57142857143
8783.0,1268576.78558381,189166.881973743,4.0,845532.9599273254
8784.0,1268263.74846348,189178.37931776,3.0,419646.5570783595
8785.0,1285018.73958464,278706.046737432,3.0,3820821.081624678
8786.0,1275410.53080681,282969.828245804,1.0,0.0
8787.0,1271103.7181944,280027.441362798,4.0,1561034.5901294353
8788.0,1268268.23697549,169170.432481274,3.0,42397.99999999999
8789.0,1275695.69330309,232834.564642459,3.0,63418.15585963554
8790.0,1277518.54693696,222328.088919714,3.0,56309.95078803234
8791.0,1260297.14371933,248002.567409992,4.0,911794.253762235
8792.0,1262715.5423778,209750.683658823,4.0,1489511.9343252822
8793.0,1268946.65560019,257911.615548149,3.0,339641.29405238293
8794.0,1268949.78552018,258176.480508417,3.0,378176.1647842527
8795.0,1282107.53478166,226253.83964373203,3.0,779.5933955467949
8796.0,1284966.83091259,251504.663797587,1.0,0.0
8798.0,1262680.34263377,258325.68326057505,3.0,58675.3871150777
8799.0,1263593.18596271,254050.488440186,4.0,45619.84046181052
8800.0,1263598.78897071,254319.60991247,4.0,3210123.061466261
8801.0,1266668.93866985,238218.81373597705,7.0,3260962.031189745
8802.0,1256067.655459,215216.149072424,4.0,61977.033156895166
8803.0,1277844.09516129,213233.80231839404,3.0,228832.42182911327
8804.0,1273877.02270924,225770.167707235,3.0,21360.84517490088
8805.0,1273887.34450124,226195.930267662,3.0,369397.70321434585
8806.0,1270023.60619329,279666.315154418,1.0,0.0
8807.0,1271880.26129919,174551.925606787,3.0,251472.1845523024
8808.0,1271867.71403518,173883.922342107,4.0,603905.7382556485
8809.0,1273086.34648442,231579.326305181,3.0,49002.62092216475
8810.0,1273807.82437316,247695.282289684,1.0,0.0
8811.0,1274118.94251747,247686.113649681,4.0,55632.98934763183
8812.0,1258611.2897656,216782.314898029,3.0,2158257.617007173
8813.0,1258454.26678944,216451.117393687,3.0,1997246.0186884257
8814.0,1282204.32460576,229601.34339115,4.0,211354.46610557396
8815.0,1278415.82168987,236437.02199015,3.0,82317.29358341293
8816.0,1268887.02219212,245692.894255638,4.0,555899.5920935152
8817.0,1281380.58284491,228692.212062225,4.0,261455.1926945209
8818.0,1285082.9553287,259085.248381346,4.0,169835.86802624902
8819.0,1273547.3652368898,226514.35023599904,3.0,50867.60598635966
8820.0,1273406.07742876,226753.959644243,3.0,69726.82614554626
8821.0,1274157.85976551,249160.35089919,6.0,3217693.887120642
8822.0,1263732.42717884,263999.884226382,3.0,81139.14380739347
8823.0,1263734.68113084,264260.129730642,3.0,84266.2335028123
8824.0,1274269.19186163,212241.658957377,1.0,0.0
8825.0,1277938.1386174,177116.87191341803,3.0,260359.78336545912
8826.0,1277932.11660139,176871.126377165,1.0,0.0
8827.0,1279078.42962655,176450.604904726,3.0,190560.9238009615
8828.0,1279084.52473056,176078.699176341,1.0,0.0
8829.0,1282269.41145383,171027.557027176,4.0,2507991.975772337
8830.0,1277666.22968911,244675.615790591,4.0,480874.20316050405
8831.0,1271215.33381051,240658.945962474,3.0,47953.07466904113
8832.0,1264778.98378792,267545.921414003,4.0,403198.32453967485
8833.0,1264446.88605958,267555.828550026,4.0,436088.1082449436
8834.0,1272799.82014813,248524.762930527,4.0,384110.8894398696
8835.0,1277939.9958974,205440.850374416,3.0,21509.537811184317
8836.0,1277295.57656874,264564.910658956,3.0,167455.20545869903
8837.0,1273111.32210045,224089.967001513,4.0,106048.55131761948
8838.0,1263995.34365912,174935.700135171,4.0,4124770.981615409
8839.0,1263985.76292311,174609.622054845,3.0,14868.386847144424
8840.0,1258466.65258145,195227.62015596,4.0,285011.71465381666
8841.0,1267465.90558267,249473.701939508,3.0,71194.3554362676
8842.0,1286233.21945788,245838.582895786,3.0,406.75807285772976
8843.0,1285821.16710547,197213.386237994,3.0,236392.7241565876
8844.0,1285818.36921746,197034.758973807,1.0,0.0
8845.0,1275663.95384707,241617.788203463,1.0,0.0
8846.0,1275674.20843907,241847.44324369705,5.0,35999457.49785664
8847.0,1263475.59799458,195784.906812534,4.0,2760926.8482140657
8848.0,1281975.49926153,252328.278262421,1.0,0.0
8849.0,1255964.38365088,202003.944194898,4.0,55849.20196991904
8850.0,1257839.00816481,196867.318013638,4.0,331487.1924901883
8851.0,1275833.18674323,217080.417362332,3.0,337424.7452678437
8853.0,1262430.60138552,207109.849672124,4.0,389671.2697414673
8854.0,1262114.89104919,207118.662344128,4.0,453854.1781516274
8855.0,1275323.35871072,247386.322929367,4.0,82905.65790524792
8856.0,1262104.51933718,253674.820855811,4.0,693637.3568268111
8857.0,1262934.83300203,271039.903561592,1.0,0.0
8858.0,1265513.29630066,240976.52343480295,6.0,10252188.724858165
8859.0,1273905.80677326,229240.007838786,3.0,1117505.5608709443
8860.0,1273909.41272527,229666.026015222,4.0,899801.6306589905
8861.0,1274168.41285354,236404.064742118,4.0,246105.71115445587
8862.0,1267626.52075084,258539.100476786,4.0,92500.78967205404
8863.0,1267630.47479884,258869.395773128,4.0,257005.81366082435
8864.0,1262912.999338,192466.210681126,3.0,59344.96236633139
8865.0,1256593.70390753,245451.04171139,4.0,541762.0755885757
8866.0,1256625.27504356,245794.25854373,1.0,0.0
8867.0,1281207.03103673,281179.144787967,1.0,0.0
8868.0,1263628.96279474,187133.48837167,3.0,507779.0755806791
8869.0,1279733.80754723,273738.912972346,4.0,1308695.4329400803
8870.0,1273084.82155642,277965.821840674,3.0,92183.31501258138
8871.0,1282234.79238179,260457.455614746,3.0,630732.3786388051
8872.0,1282158.64460571,244067.554989964,3.0,18338.14509871513
8873.0,1276435.48805586,249622.594035655,3.0,53829.56409325258
8874.0,1279760.92434725,198373.45478317104,3.0,82003.27302925696
8875.0,1277816.84652127,229044.785822585,3.0,552794.640025406
8876.0,1277836.88255329,229698.507295251,4.0,188590.347360648
8877.0,1280619.17817214,204941.674565896,4.0,409708.67616928334
8878.0,1256286.06147522,237764.559719518,3.0,120270.6557410074
8879.0,1255958.18153888,237770.839527518,4.0,113040.60347651796
8880.0,1256958.43216391,238172.471271932,4.0,631534.9792508153
8881.0,1265516.70474868,251606.838133693,4.0,80702.52375178649
8882.0,1261564.73040862,244497.202734411,1.0,0.0
8883.0,1263781.9861549,267573.289094031,3.0,82116.76698104898
8884.0,1263465.34698658,247114.689969093,4.0,90809.3418185294
8885.0,1278304.73695377,266844.781061292,3.0,1015735.8806469364
8886.0,1282940.56031851,202259.94598715,3.0,29557.783082113787
8887.0,1282939.90188651,202198.432003096,3.0,2191.21029142102
8888.0,1290010.05702975,188594.53861317,4.0,37225.55917876795
8889.0,1280895.71730842,204935.852421895,4.0,233974.44076249457
8890.0,1280892.55724442,204746.175621703,3.0,25101.04874209732
8891.0,1269455.2946407,227106.849372596,6.0,1470194.2483145583
8892.0,1274132.57694949,190631.008311257,4.0,259051.39731572176
8893.0,1276842.58994427,281840.904596642,3.0,153566.44229099207
8894.0,1277732.50808918,281797.49922061,4.0,355998.0795783664
8895.0,1268864.99499211,189783.265270382,3.0,47014.40071624324
8896.0,1275720.45861512,277868.688464582,3.0,634149.2896219093
8897.0,1285007.02668864,254163.050168306,3.0,13.766666666666664
8898.0,1263780.9309869,211961.090317085,1.0,0.0
8899.0,1280915.94566044,230043.650911614,3.0,1358490.6815235568
8900.0,1265476.29770863,249761.107251793,3.0,29923.5332008388
8901.0,1265482.46698864,250008.48075605897,3.0,14037.656803844568
8902.0,1279651.27129115,228292.743005812,4.0,296834.9730022175
8903.0,1268391.56484762,236316.78307803,4.0,214839.5008310208
8904.0,1268518.33559975,236367.180262089,4.0,312411.693938568
8905.0,1281506.73842904,253877.384760007,4.0,154257.37795853062
8906.0,1287936.82989164,187226.78443576404,3.0,165965.4213966755
8907.0,1283904.9189755,261838.300608173,4.0,195410.93664358897
8908.0,1271972.04357128,263396.769601762,3.0,84778.0
8909.0,1272240.47608356,263389.363137752,1.0,0.0
8911.0,1273561.7109649,242294.385644153,3.0,265.54071810542405
8912.0,1263023.19076212,205726.35866271,3.0,63478.4927745847
8913.0,1262722.31831381,205734.840326712,4.0,279069.1076527644
8914.0,1267668.11287887,262176.082048506,1.0,0.0
8915.0,1272351.49918768,242207.376940057,1.0,0.0
8916.0,1271040.74392232,254160.209016308,4.0,456144.7768584716
8917.0,1271039.05169833,254797.815032959,4.0,1080064.243316369
8918.0,1256815.09949176,242746.034348622,1.0,0.0
8919.0,1270606.63620989,230480.317408055,4.0,45430.567129043055
8920.0,1292287.13812009,184475.27652894,4.0,765531.3260600242
8921.0,1292061.42893586,184249.24056071,4.0,1238751.138441637
8923.0,1285093.48518471,178941.958187282,1.0,0.0
8925.0,1265818.99876498,269856.982088372,3.0,2016530.225968269
8926.0,1266427.9421256,269825.245256349,3.0,1596175.799708051
8927.0,1252967.46409582,239660.080489457,1.0,0.0
8928.0,1252561.0649914,239715.642409518,3.0,60444.628293418886
8929.0,1286331.74547398,246824.922800794,3.0,42406.0
8930.0,1286560.29165022,246820.313904792,1.0,0.0
8931.0,1274624.089782,263322.924609691,3.0,1119097.2730111636
8932.0,1274623.242998,263984.366850361,4.0,70476.10212988222
8933.0,1285084.07539271,248425.62923443303,3.0,42020.35711224622
8934.0,1264302.57924344,200378.227329224,4.0,294852.6774434431
8935.0,1264292.28401142,199956.321024805,1.0,0.0
8936.0,1272589.80907592,200053.028800905,3.0,114493.547857623
8937.0,1272582.14801991,199798.011264637,5.0,255047.92459864527
8938.0,1280913.15660444,258828.711485088,4.0,1751318.3220015017
8939.0,1258185.63939716,255757.667769939,4.0,1851572.7125707732
8940.0,1258188.69315717,255938.406586125,4.0,1757495.1365777948
8941.0,1280100.02239561,209950.123531029,4.0,376804.40414378577
8942.0,1280160.24140367,209570.251274645,3.0,3777.278045376545
8943.0,1265595.76138875,170737.162594885,4.0,267406.9455763963
8944.0,1267236.62654243,265496.571523905,4.0,466386.7503291351
8945.0,1273165.9358605,242106.007083952,3.0,143479.89050842394
8946.0,1281512.36242905,193573.937466264,4.0,57836.97125190271
8947.0,1281787.29823734,193567.95519425,4.0,102194.04886449232
8948.0,1251092.96854191,214063.349903241,4.0,1981577.441764189
8949.0,1280418.56997994,213707.354510874,4.0,197992.65043380013
8950.0,1271808.68139511,278013.344336733,1.0,0.0
8951.0,1279638.81893913,280618.342739403,1.0,0.0
8952.0,1264138.68650725,235708.689445406,4.0,157148.27557758824
8953.0,1277653.6752571,267195.909957647,4.0,2121561.112191862
8954.0,1257437.2534124,257767.920315996,3.0,64851.446901884425
8955.0,1257178.31133214,257773.123004004,3.0,125658.91748625856
8956.0,1264006.87415513,243669.392045557,4.0,184147.67534300857
8957.0,1263745.58167486,243674.249645561,3.0,64506.18456238922
8958.0,1261051.4719121,188617.162613183,3.0,97622.50108813075
8959.0,1283966.95820756,203026.782723948,4.0,158641.05838861686
8960.0,1278458.75532192,207519.124104545,3.0,42390.0
8961.0,1278659.45177013,207506.176328525,1.0,0.0
8962.0,1282570.42687814,284270.521815136,3.0,169541.99999999994
8963.0,1282576.87961414,284427.322647303,3.0,84777.99999999997
8964.0,1256445.65597138,188693.811061263,3.0,89994.14533628499
8965.0,1280070.58085957,270703.318281248,1.0,0.0
8966.0,1280364.48645988,270694.35636124,3.0,79920.85895226878
8967.0,1284694.63161631,235657.082917362,1.0,0.0
8968.0,1253951.39817683,243839.568877742,1.0,0.0
8969.0,1264252.22237937,254038.29388018,4.0,93064.198804405
8970.0,1273590.55806895,230843.930528432,4.0,248809.36023505707
8971.0,1273841.4404372,230837.833376423,4.0,220818.3213438689
8972.0,1262245.94327332,241584.219371423,1.0,0.0
8973.0,1257153.42198811,216893.43509014,4.0,161425.78473163937
8974.0,1282826.5356144,249214.984627232,4.0,576927.9085171566
8975.0,1277687.87269713,218525.336339816,1.0,0.0
8976.0,1273524.16709287,232197.812961817,4.0,36151.19449836391
8977.0,1286394.21024205,244081.218989983,3.0,91438.1779565912
8978.0,1286642.3665943,244055.59863795305,3.0,40306.10063343016
8979.0,1270937.68177822,249620.36241965,4.0,325575.25094221253
8980.0,1263642.99626675,256722.248506933,4.0,66659.81690243357
8981.0,1257954.99645293,187395.43966794,3.0,201008.2669010393
8982.0,1278183.45304964,252615.834806725,4.0,603597.5749774247
8983.0,1284099.5297917,233934.072291598,3.0,8582.621813944634
8984.0,1281416.33407696,197054.642749831,1.0,0.0
8985.0,1258511.9986295,258951.53964521,1.0,0.0
8986.0,1271697.046771,180456.208108827,3.0,1631091.9697665237
8987.0,1278479.29106595,236143.731237859,3.0,21603.04615928246
8988.0,1269845.1551211,208001.272777036,1.0,0.0
8989.0,1267397.0458066,178034.878634349,4.0,176995.1891179815
8990.0,1257689.28176466,257444.911099672,3.0,164900.85258582
8991.0,1257170.86877212,257455.20076367297,3.0,84777.99999999997
8992.0,1262111.41072918,234862.996580541,4.0,213734.6997447726
8993.0,1279941.33439544,221560.503510922,3.0,10727.714328348
8994.0,1280091.7534036,221554.591766909,4.0,152223.89158053484
8995.0,1256893.81155585,249408.039027438,3.0,63335.747351709535
8997.0,1273887.03582925,260357.528638646,1.0,0.0
8998.0,1262786.70468187,248747.01803475604,3.0,34867.200853927934
8999.0,1258644.75101364,215143.120336354,4.0,56884.24918900922
9000.0,1267340.31761454,244264.046382174,3.0,51904.19208563599
9001.0,1282188.61170974,282765.507093593,1.0,0.0
9002.0,1265785.79345295,281887.187028691,3.0,1924704.0993098384
9003.0,1277879.63378534,220707.198486045,1.0,0.0
9004.0,1278009.93829747,220704.893334046,4.0,2073309.4071426624
9005.0,1255085.65411399,193382.750842065,4.0,165165.57576464696
9006.0,1271274.83333057,227193.977500692,4.0,1398787.251468732
9007.0,1254174.21334505,207284.243336305,4.0,288469.1228928628
9008.0,1254136.18652903,206624.197127625,3.0,88571.81463621107
9009.0,1272911.80152425,257069.739579275,3.0,43870.40719287762
9010.0,1288060.66425976,192056.788280711,3.0,129857.81922883925
9011.0,1274224.01381359,228811.22723034,3.0,74115.58274502344
9012.0,1286354.91475402,200201.185345054,3.0,116613.80939820838
9013.0,1263117.13015422,267591.54010205,4.0,1605467.7989583272
9014.0,1255193.71817811,201088.145537958,3.0,41083.087356748256
9015.0,1253487.55920036,244714.011694625,3.0,53973.89205851633
9016.0,1274285.56286965,265316.820227727,4.0,294662.99672662624
9017.0,1274284.95262966,265978.195524409,4.0,415950.6139752753
9019.0,1279428.38629892,247101.619121075,3.0,927384.4096293708
9020.0,1269527.55044878,224457.810393885,4.0,195690.4052742053
9021.0,1258526.34864551,186694.543091223,4.0,55036.573059156486
9022.0,1267254.81809445,236795.856934518,3.0,62167.16250680101
9023.0,1267259.75671846,236969.747622699,1.0,0.0
9024.0,1281698.56908524,212673.685005814,4.0,92509.86849386607
9025.0,1274133.93720549,213641.045262814,3.0,209287.85535751304
9026.0,1286914.36179459,200059.168896899,3.0,175806.30063632634
9027.0,1277221.74565665,249288.94347532105,3.0,28238.725567108668
9028.0,1277793.71928924,260570.875646874,3.0,112372.49760362996
9029.0,1280938.99481246,213781.985614955,4.0,367845.6686174428
9030.0,1281120.84089266,213819.490126997,3.0,35314.86002109886
9033.0,1266428.7032776,244054.75281395,4.0,259849.24976412047
9034.0,1259752.66711077,254369.01042451,4.0,244698.93387672323
9035.0,1282559.24518213,225064.644186512,3.0,68260.24881857664
9036.0,1282581.73299015,225557.576923013,1.0,0.0
9037.0,1280448.47967596,251247.617397323,3.0,66716.70283273603
9038.0,1280448.98789996,251576.566837654,1.0,0.0
9039.0,1283399.17324698,209115.81057018004,3.0,1454578.0190101285
9040.0,1272798.62821212,202715.345347628,3.0,83823.22656466455
9041.0,1272666.54251599,202160.872387052,3.0,80353.9738004089
9042.0,1258338.98390932,213803.339598984,4.0,99300.82546687
9043.0,1284788.63737641,264471.988866866,3.0,5251357.114128683
9044.0,1265213.78250836,238975.952936754,3.0,21836.89686329385
9045.0,1265219.76542036,239212.810088992,3.0,60212.2170794891
9046.0,1273310.98872465,230435.265312016,4.0,518976.82313593646
9047.0,1262358.82724144,285277.293080166,3.0,82779.27279788752
9048.0,1253143.568416,241217.367083043,4.0,210256.47371744752
9049.0,1271106.95051439,195964.531068712,4.0,562554.0524532415
9050.0,1271714.31313902,195927.249020666,1.0,0.0
9051.0,1259173.34736618,197187.229757965,3.0,1996472.469111576
9052.0,1263020.24682611,252449.455542549,3.0,61414.62873403516
9053.0,1262899.58532199,252451.389238551,3.0,456133.7900417564
9054.0,1255040.00950594,203353.529092282,4.0,361551.9777668701
9055.0,1264431.57277957,234376.262692049,3.0,32739.82053662892
9056.0,1264221.75594735,234380.578916043,3.0,84282.97453852928
9057.0,1260087.91018312,236766.214566499,3.0,67561.46263741478
9058.0,1267446.32132664,248692.470258698,4.0,4057857.103952805
9059.0,1278020.29490547,223899.25736931,4.0,329395.396729479
9060.0,1278351.88447382,223891.884057313,3.0,143020.75303330785
9061.0,1286696.45408235,184725.081137195,3.0,506326.98980347696
9062.0,1287237.94253092,184719.120817199,3.0,425859.3244247507
9063.0,1274047.9724694,206487.991367489,3.0,110880.5658781023
9064.0,1284904.00032052,201204.061954081,4.0,545950.3407889523
9065.0,1260903.40496795,203725.959812656,3.0,693.0832129972771
9066.0,1261148.45661619,203471.465540394,4.0,233379.50413100305
9067.0,1270244.85118552,255488.577081665,4.0,14321678.648161624
9068.0,1267150.30718234,249087.175859109,4.0,25257.44455185617
9069.0,1267153.55684635,249220.985587239,4.0,6491.528717646959
9071.0,1265651.67959681,259577.545277849,4.0,145697.0443071435
9072.0,1265824.53521299,259573.39340584,3.0,52983.24481155512
9073.0,1280266.85311578,259881.122430161,3.0,92890.37770206336
9074.0,1280753.28518027,259869.073918149,4.0,71476.52617838267
9075.0,1284696.37702431,249841.593587875,3.0,21729.593062740947
9076.0,1263386.90820248,245029.137006953,3.0,26926.94047316607
9077.0,1263246.51409034,245032.213166952,4.0,69181.66749236237
9078.0,1271761.52363507,210462.870539561,3.0,84301.62346628153
9079.0,1271760.24869107,210346.332683444,4.0,495930.9291431293
9080.0,1263584.2886827,212421.102861568,6.0,14047674.938026696
9081.0,1263681.3449388,279508.011986256,3.0,432967.0830142581
9082.0,1262592.20471367,279459.515346214,3.0,315765.08535804733
9083.0,1268716.72395195,178021.332074344,3.0,25632.69163593252
9084.0,1268713.64753595,177870.631914183,3.0,59599.69344194472
9085.0,1273270.47109261,220277.511701614,1.0,0.0
9086.0,1269114.06763236,280723.415059507,4.0,182710.82108264609
9087.0,1263540.51153065,191116.80459974697,3.0,67965.9922968166
9088.0,1263532.06308264,190449.129079059,4.0,178523.01022431778
9089.0,1273076.89899641,273981.546316594,3.0,278110.90948800434
9090.0,1280075.86527558,275058.067469701,4.0,139604.96913856443
9091.0,1256393.55305932,192644.89829731,4.0,453502.8832572675
9092.0,1281772.16409332,207460.576648489,3.0,107298.9665276026
9093.0,1276705.23359212,204518.475589469,4.0,69668.21701841104
9094.0,1287413.34931509,205654.956614628,3.0,84777.99999999997
9095.0,1287530.78246722,205652.500230625,4.0,227073.29985058823
9096.0,1276731.54060015,254633.203448787,4.0,1970284.4951688407
9098.0,1262916.77623402,253260.102199376,3.0,88649.39456514595
9099.0,1269376.37124862,240020.827817827,4.0,164977.8365771373
9100.0,1256193.84381112,249375.069939405,3.0,14823.158526314244
9101.0,1255531.05744244,249386.947571412,4.0,49061.81908204476
9102.0,1275730.62104712,208374.104713425,4.0,149251.10462554282
9103.0,1276606.25772002,208171.138889208,3.0,108902.93273131548
9104.0,1273198.27339654,225208.317402661,4.0,514233.7390936628
9105.0,1285865.14009751,185553.031282052,4.0,661620.4745526852
9106.0,1284812.06086443,250500.433204561,4.0,37253.35017601892
9107.0,1284812.44275244,251162.07032524,3.0,11767.259588455378
9108.0,1274854.89343023,227253.393692747,4.0,161185.9737757079
9109.0,1274857.22251824,227530.145757034,4.0,221546.07623525208
9110.0,1276453.68747987,216135.316561371,4.0,61500.80110367653
9111.0,1276436.76530385,215417.068304628,3.0,16389.39119272281
9112.0,1257736.26890071,287435.219546378,1.0,0.0
9115.0,1269911.57457717,169201.383201301,3.0,141621.4010903271
9116.0,1270180.36280145,169191.361249298,3.0,64872.914731041295
9117.0,1260910.79696795,246386.385968342,4.0,1352016.7960203364
9118.0,1277764.65471321,217033.904658288,4.0,88924.56429618092
9119.0,1261142.77386419,234882.207204565,4.0,126172.85210569092
9120.0,1251326.39785413,211956.037197083,4.0,311356.0410103464
9122.0,1282854.76262243,209898.648586974,4.0,67900.88776162239
9123.0,1283102.47571068,209896.709258974,3.0,21893.76818890644
9124.0,1278251.32658571,219763.496981084,4.0,2125059.580130741
9125.0,1261397.96336846,260353.900670648,4.0,197238.6414436974
9126.0,1257903.20227687,187543.054836094,1.0,0.0
9127.0,1277881.58719334,216100.537105337,3.0,113333.14841448252
9128.0,1278047.7633855,215386.693008602,3.0,111447.91688094789
9129.0,1272957.20926829,263369.583937734,4.0,125438.73095567206
9130.0,1272957.7994763,263700.467138067,3.0,360761.2668407033
9131.0,1265230.65348437,284770.600535646,3.0,39800.880233806136
9132.0,1269724.19371298,179169.346155509,4.0,339194.374533276
9133.0,1282570.32191813,260445.127870739,4.0,661777.6372894886
9134.0,1282892.22579047,260433.305022731,3.0,580565.5973232359
9135.0,1262887.56861798,238197.950247958,3.0,59360.1092172128
9136.0,1262891.52432999,238345.896808103,3.0,340886.09295060777
9137.0,1277690.43864913,224210.13634564,3.0,25174.31296139626
9138.0,1265409.54487656,231054.133472636,3.0,391085.46681066166
9139.0,1286051.8392337,255498.578681678,3.0,169508.0
9140.0,1275539.24575093,246048.917807996,4.0,199888.5724907433
9141.0,1268906.29086414,254741.39090490303,3.0,43910.80145230648
9142.0,1272052.55224337,244821.656174734,4.0,171799.83430784708
9143.0,1272194.93880351,235153.012452841,3.0,145860.0999802804
9144.0,1280794.92255631,268273.834630758,1.0,0.0
9145.0,1280637.05906816,230051.05935961,3.0,902465.5617321808
9146.0,1280500.56754802,200644.993537501,3.0,272631.1344582266
9147.0,1259488.44848651,240365.142442182,4.0,959838.6121065876
9148.0,1259499.70499851,241048.218154877,3.0,276565.0130185589
9149.0,1277268.1412407,245998.162031949,4.0,64071.94163461644
9150.0,1253378.11292824,239887.709353685,4.0,440375.1552287813
9151.0,1273738.79563709,275121.813389763,3.0,131769.77275430603
9152.0,1261289.85495235,280289.483859062,3.0,606153.9711614848
9153.0,1272934.73490027,277306.59182401,4.0,346778.2005621236
9154.0,1270475.34148975,286240.964057148,3.0,73230.86790215514
9155.0,1275828.53682323,205371.669446349,4.0,807984.100340741
9156.0,1275808.51947922,204571.541445524,4.0,865213.9774481882
9157.0,1283103.63283068,209980.035211056,3.0,4676.316982608874
9158.0,1283411.20409499,209975.725835055,3.0,243995.0037304628
9159.0,1249256.94530803,213623.774990797,3.0,2590452.360710005
9160.0,1250073.86588486,213043.235150203,3.0,2511476.5133851264
9161.0,1270619.6056819,231317.423968911,4.0,197160.7800005151
9162.0,1269298.61483255,259490.69798176,3.0,3462628.3796583856
9163.0,1276786.34034421,214586.844559774,4.0,142357.61790812106
9164.0,1256298.65565123,238184.699943945,4.0,319900.77664160857
9165.0,1280712.46668424,224513.451993942,3.0,46497.19401844742
9166.0,1280720.02380425,224753.301274195,3.0,16761.96557212378
9167.0,1264628.21866776,256960.839547172,4.0,85911.09736607279
9168.0,1262745.89533783,282400.376917228,3.0,1279649.7993020508
9169.0,1269339.66008058,282048.255572855,3.0,164175.0799376267
9170.0,1273257.8270606,269609.76109612,3.0,160395.88255807408
9171.0,1273309.69643666,270054.650632575,3.0,445787.424261021
9172.0,1255523.36912245,248906.311666921,4.0,178984.3691165094
9173.0,1286660.81965032,249378.913139403,3.0,155984.9271093589
9174.0,1273255.3284366,230097.914271668,4.0,390438.5984585291
9175.0,1274870.73919025,243131.238573015,4.0,28527.30769954832
9176.0,1275150.47749454,243120.850476995,4.0,35132.5027188226
9177.0,1259165.63875817,196789.935613558,3.0,268639.76615555363
9178.0,1278070.21509753,216356.43976159405,3.0,75504.45439353783
9179.0,1275795.93752719,204097.409541041,4.0,992959.6224818282
9180.0,1275247.55602264,249428.687923461,4.0,663814.5728597422
9181.0,1265619.51198077,197717.644414499,4.0,9430392.141201992
9182.0,1265347.35409249,197719.676862508,4.0,3904757.846690702
9183.0,1269387.63896063,240439.98250626,4.0,131072.99087502915
9184.0,1280919.45087644,190763.547383383,3.0,2131462.892712192
9185.0,1282724.80255829,212167.994445309,3.0,15567.119530283104
9186.0,1282770.75391833,211615.844620734,3.0,4290.723659114192
9187.0,1276306.81311172,264116.598850504,4.0,172676.12807617063
9188.0,1253171.15696003,207953.106504992,1.0,0.0
9189.0,1283540.79603113,196150.037948906,4.0,215531.61162473555
9190.0,1264008.66877913,252045.742070138,4.0,93372.11926221986
9191.0,1284129.35750373,187583.789684132,3.0,84778.0
9192.0,1277496.83077694,177892.563946202,1.0,0.0
9193.0,1265843.281901,188881.684021458,1.0,0.0
9194.0,1282329.17049389,227798.427421302,4.0,124117.62190932932
9195.0,1267148.63063835,283407.314198256,4.0,271584.37237305363
9196.0,1267752.29150297,283397.940566242,3.0,4497.499832830102
9197.0,1280778.0958683,226515.265627995,4.0,345266.2770563932
9198.0,1276385.6682798,275314.262157962,3.0,52839.58678753266
9199.0,1277923.76133738,275138.748045787,1.0,0.0
9200.0,1254041.61027293,239876.404201671,4.0,789820.1050296382
9201.0,1283730.87833533,194235.209722936,3.0,2282627.7650627005
9202.0,1283725.06796731,193975.185338676,3.0,683925.5181307103
9203.0,1264516.58897164,270861.506633401,4.0,332793.58446106967
9204.0,1257116.26358807,243122.39607700697,3.0,43882.93296151115
9205.0,1271128.86808242,222773.459736168,4.0,282576.3124995049
9206.0,1271450.89041875,222766.58741615704,5.0,765010.701914398
9207.0,1276268.02808768,230408.292575985,4.0,130831.5436967756
9208.0,1280032.28895554,264461.980738848,4.0,833652.0226655338
9209.0,1279417.4207309,265152.446531564,3.0,32622.80937765676
9210.0,1279321.8851788,265294.407171711,3.0,79185.05440311001
9211.0,1266708.9199179,231501.908513099,4.0,7885657.622135201
9212.0,1280854.26988438,255700.758393884,4.0,312431.8718560596
9213.0,1278226.01989768,257245.734011456,4.0,307663.9662156253
9214.0,1278877.56716235,257226.281275436,4.0,417122.7650434939
9215.0,1283790.55539139,184510.622896984,3.0,78987.5910211258
9216.0,1294382.36391424,187367.0273159,4.0,119000.07030223582
9217.0,1295020.55393088,186946.864755481,4.0,318807.8273179229
9218.0,1269090.35608034,181148.05578954503,3.0,72063.24142751457
9219.0,1259828.71715885,190469.120503083,3.0,102490.29693525212
9220.0,1259710.11203873,190520.39205513903,3.0,117937.95706700672
9221.0,1284294.8223999,200560.959233418,3.0,1091465.0700675198
9222.0,1268225.48119944,253702.473719835,4.0,336291.4524405055
9223.0,1287014.52857868,195435.579068169,4.0,146452.57894814512
9224.0,1284804.03264043,195890.98137264,3.0,35878.23621419008
9225.0,1264085.4527152,266242.364932671,4.0,281924.52460714977
9226.0,1284222.92723183,260776.72659108,1.0,0.0
9227.0,1282637.42809421,262544.350016892,1.0,0.0
9228.0,1284462.96313608,190928.599927559,4.0,290219.31223326
9229.0,1263081.47639418,265607.408196032,3.0,258799.4370754106
9230.0,1263085.45501818,266271.493508711,4.0,455596.4676525748
9231.0,1274222.49541359,226613.659420103,4.0,805029.477957724
9232.0,1257030.27523598,214339.431375533,3.0,384522.081782884
9233.0,1268566.07070379,243669.782125562,4.0,109300.48612850062
9234.0,1284025.14476763,209824.064074904,1.0,0.0
9235.0,1284015.11596762,209107.178058162,3.0,1323175.607269469
9236.0,1278881.75839436,257557.898363784,4.0,148869.43844207033
9237.0,1282587.72742215,259111.522557378,3.0,66858.57048566657
9238.0,1270277.62801754,229644.437151194,4.0,309632.42892013374
9239.0,1255288.2524502,217476.487442732,3.0,27784.663775969635
9240.0,1272736.15947607,204599.775301561,3.0,134383.05981293597
9241.0,1279651.04626715,266474.663684919,4.0,388287.8662671444
9242.0,1261549.11428061,210562.850635663,4.0,40080.36128691885
9243.0,1269371.48772863,224721.158298165,4.0,644370.3669615148
9244.0,1269648.58366491,224885.038554326,4.0,1422728.1684184358
9245.0,1259444.09488645,187338.779315874,1.0,0.0
9246.0,1286970.30029064,204662.781445622,1.0,0.0
9247.0,1282700.38956627,268354.237702832,3.0,43028.73102742857
9248.0,1261745.61386481,193156.889721841,4.0,1669891.7087037754
9249.0,1263853.98333897,248990.668147013,4.0,344813.37159973255
9250.0,1258073.27805305,241072.827690899,4.0,69017.81353404387
9251.0,1258085.03856507,241739.191851586,4.0,33567.18880292786
9252.0,1272419.05413175,226525.348251998,4.0,839699.4483564869
9253.0,1265815.42199698,227422.447196931,3.0,10626645.301075708
9254.0,1257167.52656412,220203.90779753,3.0,390650.5078229276
9255.0,1257462.79402043,219956.87944528495,3.0,170902.50738445585
9256.0,1282345.71737391,175008.159655258,4.0,357551.7304124549
9257.0,1283659.12089525,174959.979303196,4.0,94286.45797562336
9258.0,1257293.91875625,251068.219765142,4.0,46238.90058600779
9259.0,1272768.9596041,210453.826571554,4.0,10815.173922374628
9260.0,1284114.70041572,196424.210301176,1.0,0.0
9261.0,1264403.57213953,193105.12178579,4.0,1801037.6934512618
9262.0,1268989.84350424,244630.728686541,3.0,77005.80675980588
9263.0,1277952.70450541,263220.932033584,3.0,15466.423214125234
9264.0,1263238.62929034,244505.042286411,4.0,243810.7040507256
9265.0,1282369.49126193,269036.353479534,4.0,112258.233521784
9266.0,1281616.77228516,227799.519901305,4.0,32434.06404918113
9267.0,1270284.28708956,230072.786719635,4.0,164486.5308829316
9268.0,1267116.95351832,193026.177401707,3.0,149018.9467784299
9269.0,1266802.36561398,193035.985145718,4.0,467736.64795292506
9270.0,1276324.80357574,206985.243335992,1.0,0.0
9271.0,1256407.41789134,215205.123536408,4.0,140689.68667139745
9272.0,1269795.79857706,215874.255057096,3.0,207473.11990513952
9273.0,1264324.86199546,188693.987253264,4.0,505783.67350279976
9274.0,1268265.88593549,246224.553584173,3.0,6686062.327239779
9275.0,1277638.94821708,202782.48269169,4.0,2753830.719883968
9276.0,1284746.18105637,193504.571130186,1.0,0.0
9277.0,1284883.95148851,169744.040545866,4.0,321300.98884724674
9278.0,1285407.99571304,169632.959713742,3.0,84778.0
9279.0,1270845.16721813,276485.283471167,1.0,0.0
9280.0,1271087.81598638,276480.761167154,3.0,259155.45215803868
9281.0,1264749.20433189,287019.281753957,4.0,1341106.6293626705
9282.0,1250744.04175754,213418.314126581,4.0,957929.1899748554
9283.0,1280633.94982015,237381.74224712,1.0,0.0
9284.0,1280202.74201171,216303.839185536,4.0,149506.31989780552
9285.0,1281584.44953312,230471.329568043,3.0,375288.0446060026
9286.0,1265693.03678085,234348.875236019,3.0,231350.87605030276
9287.0,1259166.15773417,251041.820533112,3.0,63592.63527767629
9288.0,1264623.67735575,244549.994606465,4.0,645812.3915798301
9289.0,1278400.82501787,216657.333521903,3.0,77948.94689796279
9290.0,1275594.05176699,248435.333298445,4.0,485551.5879938303
9291.0,1275597.64459899,248691.508018702,3.0,59993.52732187666
9292.0,1287096.02253076,185195.407601684,3.0,42298.974478300406
9293.0,1287504.24902719,184838.245297313,3.0,1214.3563371982457
9294.0,1286411.56256206,249799.971635833,3.0,69370.8256064543
9295.0,1276962.7336884,249620.314227656,3.0,35367.566236359016
9296.0,1276969.20223241,249987.935220033,4.0,65429.59568021558
9297.0,1273930.52229328,178474.279338807,3.0,84778.0
9298.0,1274190.80062956,178480.599210814,4.0,2294081.483139187
9299.0,1283285.41068687,274967.393741608,3.0,42528.15871419431
9300.0,1290850.35552661,182854.985775292,3.0,311446.1929773696
9301.0,1291129.67424691,182845.144943282,3.0,169076.53154508065
9302.0,1277081.82501651,215401.182864621,4.0,186143.9574195547
9303.0,1263712.46788283,191781.665464431,4.0,2291085.31025521
9304.0,1275432.11371882,223347.596056744,4.0,224518.7568850643
9305.0,1252735.49769558,238109.042599872,4.0,84070.18013940784
9306.0,1277073.32140051,236767.522342488,4.0,649010.9061088128
9307.0,1277245.38437669,236763.298278496,3.0,79894.54119887383
9308.0,1251139.56258994,215236.766480446,3.0,429900.4344316934
9310.0,1257590.29021256,210496.228427589,4.0,1266413.5129434825
9311.0,1280746.11398026,222869.090776265,4.0,1311369.3007606769
9312.0,1281025.39519656,222863.353304252,1.0,0.0
9313.0,1266505.47902168,198370.110911176,3.0,2290740.966720985
9314.0,1254410.5869133,241190.666347027,4.0,155607.5838759699
9315.0,1260247.49712728,261048.14470335803,3.0,151078.55332941742
9316.0,1287782.40070747,192385.113721043,3.0,5366.317549536105
9317.0,1287765.60185945,191782.385272428,3.0,41045.26503921924
9318.0,1257831.80842081,196598.519357353,4.0,223293.17151181967
9319.0,1262266.88484134,239359.78384915003,3.0,324026.52327947546
9320.0,1262275.27952935,239720.49181751895,3.0,581275.2797848884
9321.0,1270564.92830583,239988.139561787,4.0,120554.60500397476
9322.0,1270576.45777786,240407.906090215,4.0,66710.74981546198
9323.0,1286612.02937828,249795.216115832,3.0,257390.85610114707
9324.0,1271882.20024319,196543.777981311,1.0,0.0
9325.0,1286872.36089854,202474.412099376,3.0,113353.23401804543
9326.0,1262967.68561006,243800.039085701,4.0,2521612.8021238944
9327.0,1262968.08260207,243832.001325727,4.0,126181.61648993664
9328.0,1275329.41023073,247704.340977699,4.0,174827.80813076984
9329.0,1275583.48152699,247700.719601691,4.0,216267.4654469648
9330.0,1278784.94527426,201030.925825894,3.0,9120.38471242952
9331.0,1279987.0190035,263886.683330268,3.0,101440.04537222542
9332.0,1280323.99634783,263750.467714131,3.0,73821.43999010003
9333.0,1287808.9944995,248192.946994185,3.0,85711.50909013505
9334.0,1270236.5913455,254835.065272987,4.0,8194928.836354302
9335.0,1257088.12355605,191270.474871904,4.0,397650.6197069023
9336.0,1257105.21238805,190652.992823273,4.0,237617.4385240768
9337.0,1282285.47404584,245910.783535853,4.0,53957.98143862928
9338.0,1278988.58533847,218037.977107316,4.0,323818.99273768684
9339.0,1279248.16121073,218030.249427304,4.0,2401793.884953552
9340.0,1274244.83890161,257030.115003243,4.0,155254.0082248174
9341.0,1274250.54392561,257362.467387587,4.0,757221.6476213685
9342.0,1271046.59857833,255463.804153636,4.0,15522583.970308008
9343.0,1286465.61203413,206933.636103943,4.0,264721.77839176526
9344.0,1260666.56483971,278417.597841144,3.0,499236.64368895406
9345.0,1261115.79332016,278568.282257304,3.0,8150.757612291107
9346.0,1269364.12164861,177359.51024965904,3.0,399632.4932463907
9347.0,1269429.83870468,274746.898765385,4.0,47085.76780235103
9348.0,1269761.28356902,274741.255757377,3.0,176548.7512251625
9349.0,1267263.26526245,241123.42538695,3.0,204792.3525741285
9350.0,1260381.44765541,251682.413109764,3.0,30778.26122206452
9351.0,1282324.42873389,242984.739244863,3.0,162043.190105438
9352.0,1282945.62527852,243380.107501268,3.0,70151.58595807721
9353.0,1278544.38969001,220693.087254032,4.0,3728044.972766363
9354.0,1259115.96131812,187611.044852152,3.0,476783.733098717
9355.0,1275386.98130278,218718.879636005,4.0,43843.37269244317
9356.0,1252698.84361555,236980.83293470705,3.0,341633.063519763
9357.0,1277258.8748727,180655.06698903404,3.0,46265.81095900481
9359.0,1257775.37251675,212925.665486082,4.0,157563.91282214248
9360.0,1279652.22930714,219434.323092744,4.0,703092.6593564565
9361.0,1274818.5421342,207853.482376888,3.0,44248.147935193054
9362.0,1284613.80435222,245213.485743135,4.0,52504.29347643432
9363.0,1270660.66430594,226334.980827808,4.0,519499.7110417786
9364.0,1282832.2357744,252022.111222118,3.0,334507.92114029825
9365.0,1282580.39571014,208313.274761349,3.0,17962.174604066407
9366.0,1262723.96957782,245841.258799791,4.0,288579.3010150602
9367.0,1281573.95711711,257147.36639536903,3.0,97669.0094255531
9368.0,1286326.23929799,243325.925549209,3.0,197311.5165915061
9369.0,1266710.23454189,239216.504617006,4.0,1277796.581117831
9370.0,1270150.94814542,223404.780376807,3.0,333984.1654328797
9371.0,1270811.37496209,270100.729288623,3.0,1973.2136587074272
9372.0,1270819.8834421,270732.382857278,4.0,15459.8072067211
9373.0,1272574.4833159,199523.11385636,4.0,127164.0
9374.0,1273165.3807245,199511.020096347,1.0,0.0
9375.0,1279017.9093705,238042.4088718,4.0,97982.51721411884
9376.0,1256254.48841919,252810.000438914,3.0,46481.500328580245
9377.0,1252192.58345503,213184.68955034,1.0,0.0
9378.0,1270935.52926622,231312.499424905,4.0,151152.83001802745
9379.0,1270938.20510623,231486.601121083,1.0,0.0
9380.0,1275064.15973444,273630.79143624,3.0,84777.99999999997
9381.0,1275285.27743067,273506.635532111,1.0,0.0
9382.0,1262751.33104984,270805.078601345,3.0,254298.0
9383.0,1274916.66040629,257011.081275225,4.0,114354.29729482542
9384.0,1275588.56882298,256991.803707197,4.0,101595.9556980385
9385.0,1257569.19837253,251069.493365139,4.0,221005.15075017384
9387.0,1275240.20927063,210421.271243513,3.0,141121.63893017138
9388.0,1257875.26301284,253066.121975183,4.0,157637.99122350826
9389.0,1282808.76863837,253186.447159305,4.0,326832.5918791389
9390.0,1272886.29010022,254753.679288909,4.0,110713.81836445526
9391.0,1255923.41949084,209898.871306986,5.0,1356035.1817563383
9392.0,1280591.98303612,228693.767134219,4.0,803413.665628611
9393.0,1251887.73135872,211915.545101047,3.0,84778.0
9394.0,1251970.76828679,211553.89294067,1.0,0.0
9395.0,1266716.8519499,231816.807457417,4.0,195631.1078701505
9396.0,1265337.16183649,284242.843415111,3.0,64563.025594235965
9397.0,1269926.02340919,187140.078259677,4.0,575397.123488047
9398.0,1269888.64190514,185804.845042303,4.0,7201776.447341423
9399.0,1276385.1299118,272984.016523585,3.0,167735.281286027
9400.0,1273101.83659644,281970.991636783,4.0,192020.51032994373
9401.0,1282294.57145385,255144.410745308,3.0,112618.77524077371
9402.0,1268273.74353549,257135.877563357,4.0,183940.94894091343
9403.0,1278846.90546632,254939.500729099,3.0,1127113.717129998
9404.0,1260897.40791194,210837.764171943,5.0,422346.2034025369
9405.0,1264052.82122718,192442.817337111,4.0,1826392.990275926
9406.0,1284951.61145657,209524.094218597,4.0,61204.65894607423
9407.0,1263274.80541837,246330.530736282,3.0,238153.8170427277
9408.0,1277752.88696921,249096.67909111097,3.0,143914.66439656666
9409.0,1259452.91799046,252356.871734455,4.0,143984.54191205505
9410.0,1259201.0832382,253045.045559168,4.0,98060.56471486764
9411.0,1280924.06796445,257828.750844061,4.0,780989.8843406279
9412.0,1280927.77465245,258161.943420395,3.0,94828.72402632024
9413.0,1280928.78252445,283515.794006363,1.0,0.0
9415.0,1289977.91206972,170354.343778491,4.0,3598.704569908972
9416.0,1270756.68312204,286006.702360913,3.0,59267.64159451624
9417.0,1270757.58341004,286333.318233252,1.0,0.0
9418.0,1281348.16492489,227805.370653316,4.0,97719.53692950842
9419.0,1282499.85817407,228240.780189767,4.0,85988.25669468407
9420.0,1282839.58483042,228232.731677756,4.0,120049.3123396218
9421.0,1282014.43654157,213900.997839078,4.0,49273.91266985106
9422.0,1280269.73561178,230060.806431621,3.0,38467.476076867904
9423.0,1280351.15871586,230058.645983621,3.0,98643.29393787084
9424.0,1278928.9928904,261231.32710354,3.0,113186.95269158349
9425.0,1279953.86751546,216872.200210124,3.0,3417.2435107689344
9426.0,1280213.27839573,216861.903698117,4.0,229329.1942142572
9427.0,1263072.95671417,206472.449735478,1.0,0.0
9428.0,1276368.07679178,221912.428375289,4.0,538869.9955415414
9429.0,1257090.15075605,240423.02289024,4.0,703618.6785784947
9430.0,1257103.36925206,241088.995626912,4.0,169685.0793923441
9431.0,1263487.41911459,198411.349375218,4.0,2046015.074138212
9432.0,1262460.94416954,250344.915764391,3.0,140469.23714306895
9433.0,1262467.87325755,250988.633973062,4.0,289007.58239840314
9434.0,1283639.86143923,203864.138628796,3.0,249342.6218931522
9435.0,1283633.27123122,203587.284228519,4.0,53754.728444168846
9436.0,1281797.48780534,195686.475196421,1.0,0.0
9437.0,1275777.99787918,203416.850180343,3.0,261469.49302277705
9438.0,1287695.30611539,191783.09196043,3.0,42315.80285544173
9439.0,1255807.28425872,216556.935441792,3.0,284658.42924827244
9440.0,1264941.29054008,255632.844857812,4.0,680031.0291494927
9441.0,1270912.49809819,225277.85602672404,5.0,2011022.7246822151
9442.0,1252433.90351927,238182.912551939,4.0,7015.585261978279
9443.0,1255395.89693031,203999.763076946,4.0,366557.4801886147
9444.0,1286746.83456241,195426.664060161,4.0,235326.834050968
9445.0,1271147.01995444,233005.681442648,4.0,85218.269619858
9446.0,1271099.7729784,233186.291938826,1.0,0.0
9447.0,1272616.72171594,178478.313770801,4.0,296676.0
9449.0,1281190.72230072,245929.39441587,3.0,6536.192047616941
9450.0,1271892.02865919,205976.236486956,3.0,9045.748807943912
9451.0,1286953.69600262,247574.035505563,1.0,0.0
9452.0,1286952.04441862,247663.60254564896,3.0,84777.99999999999
9453.0,1285457.35846509,205709.835078686,4.0,225339.07690576723
9455.0,1266258.96644543,239654.013929442,5.0,3899937.020909791
9456.0,1280015.23679551,229641.119583189,4.0,1006072.5661203522
9457.0,1269022.70827226,266118.59750855,4.0,2278878.578785902
9458.0,1277186.06264862,205926.23424691,3.0,20945.11284696182
9459.0,1277305.43941675,205982.690822974,3.0,15225.246368825849
9460.0,1270009.60920127,227435.384796932,4.0,628034.5468766708
9461.0,1256118.21539505,259266.011453524,3.0,24230.79028027988
9462.0,1255633.99293055,259047.940669313,3.0,144366.78966232258
9463.0,1270317.35070559,232137.681185752,3.0,56146.8529687309
9464.0,1270318.39467359,232189.285729811,1.0,0.0
9465.0,1265740.12490889,250951.57662901297,3.0,134415.84705020627
9466.0,1265741.7991489,251283.965045363,4.0,79445.30559777602
9467.0,1276839.98661627,252641.304886743,3.0,327253.3019981632
9468.0,1264032.95121115,260350.969598636,3.0,313176.48553420923
9469.0,1268366.41099159,233350.211234987,3.0,7241134.607875673
9470.0,1268374.51633559,233666.19619531895,3.0,3248382.400297774
9471.0,1275891.1433513,251669.139829755,1.0,0.0
9472.0,1266042.07838121,245753.62903969,4.0,362091.80229817535
9473.0,1282309.94188587,178805.818347141,3.0,610040.9777125006
9474.0,1267818.39671902,284723.801751599,4.0,104842.0573826967
9475.0,1279175.92876266,173101.072869301,4.0,378945.8746849702
9476.0,1279167.54527465,172660.680740848,1.0,0.0
9477.0,1293139.03866495,184314.69976078,3.0,132860.50090862217
9478.0,1254187.35049707,249125.391667143,4.0,1168571.5911666462
9479.0,1277000.10700043,219808.325909123,4.0,69024.79705717042
9480.0,1264269.8713394,199055.067903876,3.0,942716.3646268748
9481.0,1274170.42238954,249754.298163787,3.0,94151.1740813017
9482.0,1253629.77609649,237231.069286972,4.0,231853.39187135195
9483.0,1259993.28963901,253038.030135155,4.0,195274.97960026815
9484.0,1277581.39519303,212860.120654017,3.0,41912.12215263414
9485.0,1281706.44633324,269052.497095555,4.0,80212.79536062924
9486.0,1282037.97062159,269044.425287545,4.0,129369.74993420843
9488.0,1274685.56639007,209068.439242125,4.0,1674659.5633922075
9489.0,1274999.99979839,209063.572490126,4.0,1196919.1973762074
9490.0,1278596.70585006,247104.823473081,3.0,21974.427406505587
9491.0,1278909.64549838,247104.343217075,4.0,3489094.7262250963
9492.0,1274266.90181363,259021.337725282,4.0,1369761.477503964
9493.0,1274938.07275832,259001.513277262,4.0,1938985.3416072384
9495.0,1263741.59217085,265042.441795453,3.0,510228.2387816871
9496.0,1273781.94085313,227124.061596617,3.0,50244.46812934888
9497.0,1257496.45635647,211845.014092967,3.0,39474.86978826739
9498.0,1272000.73477131,205865.528006852,3.0,11194.632292294596
9499.0,1279943.64837945,216620.027537867,4.0,28844.557944662043
9500.0,1281722.71762927,273967.696908593,4.0,620127.4360157618
9501.0,1281727.12345327,274332.311372966,3.0,182814.5875454415
9502.0,1277893.89292134,179736.173484087,1.0,0.0
9503.0,1284095.4205437,170377.50678651,1.0,0.0
9504.0,1265081.13841222,283601.00117445,3.0,111457.41319695444
9505.0,1265029.38129218,284116.523094982,3.0,82905.6161818444
9506.0,1287515.1479712,192699.288313374,3.0,16885.45222341921
9507.0,1287502.72576319,192588.499449253,4.0,42997.66217731343
9508.0,1273481.40869282,240179.113257989,5.0,131297.5649171497
9509.0,1287537.75750722,185722.85310623,3.0,3776.8253352601214
9510.0,1259958.02922298,251027.921973094,4.0,64006.27446771047
9511.0,1285759.2561294,242672.67390054505,5.0,169628.43177226314
9512.0,1260145.16106318,212769.066061914,1.0,0.0
9513.0,1260090.32490312,212770.434189916,4.0,169485.19896397178
9514.0,1285166.19040079,248326.813170329,3.0,46384.69187511542
9515.0,1287445.67302713,246305.402864262,3.0,42398.47619047618
9516.0,1281976.00812553,226476.887387961,3.0,51981.52030254275
9517.0,1262037.40106511,259384.744509652,1.0,0.0
9518.0,1287588.54675527,204301.660421252,5.0,876715.1239287399
9519.0,1271768.54693107,224362.36540179,3.0,860928.4170788996
9520.0,1293861.2284897,186557.580083072,4.0,48910.2668811255
9521.0,1289517.99008524,186792.796147317,3.0,205062.44887244568
9522.0,1286749.68365042,246634.794288591,3.0,87554.42357707252
9523.0,1275835.61720724,246600.43211256,4.0,76041.7525020262
9524.0,1276480.8911919,255638.542969823,3.0,35063.17808907523
9525.0,1262259.88580133,239059.05642484096,3.0,146983.1587132299
9526.0,1284406.70502402,193871.52639456105,3.0,99849.1067109744
9527.0,1254385.46819328,191875.904760525,3.0,84777.99999999997
9528.0,1254144.18812902,191888.247608542,1.0,0.0
9529.0,1267594.18027081,255566.038521737,4.0,160967.29475726697
9530.0,1274020.33176538,266377.502468809,1.0,0.0
9531.0,1274294.20920566,266369.28531681,3.0,60265.88113171678
9532.0,1256124.34301105,244434.88561435,3.0,85962.09654083072
9533.0,1267874.48190309,249571.778227597,3.0,2399147.3976825224
9534.0,1266024.80023719,262877.382849231,4.0,180136.65305535833
9535.0,1274743.70597412,212221.03630136,5.0,9048787.971737038
9536.0,1269898.39940916,254188.560952336,3.0,46847.46055185956
9537.0,1279061.93394655,273105.955531701,3.0,1222171.557816082
9538.0,1275388.92747878,261045.17420736,3.0,52203.21689470115
9539.0,1263615.31588273,255111.436729282,4.0,335056.6702305209
9540.0,1263620.82506673,255375.379129544,4.0,299320.8008060267
9541.0,1282751.50623833,234410.288164079,4.0,2438352.9113694816
9542.0,1255963.54800288,211241.733132347,4.0,580186.0620842441
9543.0,1251039.52770984,212749.7531019,4.0,883672.280824877
9544.0,1250717.11068551,212762.70356591,3.0,375302.7488533153
9545.0,1264460.82039559,268216.892486691,4.0,468501.6753827827
9546.0,1261545.50538461,239372.079785153,4.0,67921.71999131178
9547.0,1261554.79767261,239732.255593523,4.0,147797.80366707296
9548.0,1253788.94966467,235331.361125022,1.0,0.0
9549.0,1278005.84972146,213230.911566392,3.0,271134.24016967707
9550.0,1274565.49867794,218168.302291453,4.0,257784.1376754463
9551.0,1271494.6518268,228953.39164649,3.0,127732.07814958954
9552.0,1271293.65880258,229138.247582674,1.0,0.0
9553.0,1272403.59096372,201057.053057924,3.0,82285.3159490707
9554.0,1272326.45496364,200727.430721581,3.0,92449.1190746746
9556.0,1284375.30681598,283905.959894761,1.0,0.0
9557.0,1284377.28972799,284208.564567074,3.0,169541.99999999997
9558.0,1266292.37745346,240725.50257054003,3.0,3825897.932839272
9559.0,1266674.11684586,240632.765930444,4.0,8647780.96830113
9560.0,1259206.0799102,208838.228105888,4.0,2926269.3729193467
9561.0,1272145.12849946,250712.935028777,4.0,221310.3980941259
9562.0,1272421.97477174,250726.889396787,4.0,333924.4604459914
9563.0,1272462.60625978,197081.503933862,4.0,87345.97212843221
9564.0,1256563.43593951,208564.009865612,5.0,1190171.7628357436
9565.0,1267454.43217465,199087.641343907,1.0,0.0
9566.0,1273054.24088439,243461.137197345,3.0,52493.729298652455
9567.0,1254826.91350573,206452.514055446,3.0,257058.13209867064
9568.0,1254815.01225771,206092.187655076,3.0,136306.08358950668
9569.0,1279654.62009116,224541.03234598003,3.0,194897.89347666828
9570.0,1279669.21618716,225206.404698655,3.0,54235.8607577225
9571.0,1279808.3812433,210297.099851385,1.0,0.0
9572.0,1279791.30713129,209966.617931053,3.0,456121.4178953864
9573.0,1281683.96607722,245450.48983939,3.0,308511.9412941689
9574.0,1281704.61894125,245920.004335865,4.0,256264.30090799968
9575.0,1259975.272295,213083.932878241,1.0,0.0
9576.0,1259859.15767089,213082.952910244,3.0,84778.0
9577.0,1266209.25687738,237433.354663178,1.0,0.0
9578.0,1266379.04919755,237429.465895176,4.0,78891.82716409334
9579.0,1280352.97561187,268431.357958913,4.0,295744.55613484135
9580.0,1281748.24121329,217744.64072302,4.0,293126.19285728293
9581.0,1281890.02278143,217738.227027014,4.0,91292.41806442576
9582.0,1274605.91525398,230399.971103966,4.0,226785.2809841225
9583.0,1266246.84932542,197712.960318506,4.0,151035.42788934495
9584.0,1258173.85789315,255071.115641236,4.0,624773.435288956
9585.0,1264758.51569189,252033.245750129,4.0,112724.6811532637
9586.0,1275114.6032545,230081.678431645,3.0,35823.44504830093
9587.0,1275200.83864659,230080.95107165,3.0,93122.0150249225
9588.0,1256451.26851539,194724.746171445,1.0,0.0
9589.0,1281777.72703733,249239.947507262,4.0,89551.20671093668
9590.0,1282051.56441361,249233.396979257,4.0,143035.21799253995
9591.0,1269254.34136049,241459.658923298,3.0,18812.37068905909
9592.0,1269414.66417666,241455.340075299,4.0,111743.79548221592
9593.0,1270290.67518556,259467.545149744,3.0,93172.21436038658
9594.0,1258276.40362126,258819.714109078,4.0,743474.2727174143
9595.0,1258282.54403727,259090.054461345,4.0,67074.16560105367
9596.0,1254980.42070588,216862.898450106,1.0,0.0
9597.0,1255011.33404991,212592.826893732,4.0,165684.17903826566
9598.0,1254992.82064189,211934.281613067,4.0,218711.150445302
9599.0,1285779.93689743,279344.558546096,3.0,838003.5634242616
9600.0,1288523.61645223,202029.762754917,3.0,84778.0
9601.0,1288522.10528423,201957.990914851,1.0,0.0
9602.0,1256006.31568293,239449.845353246,3.0,2448.7774612565013
9603.0,1275519.66968691,245389.373871326,4.0,173270.92175050869
9604.0,1275799.5569192,245381.12254332,4.0,151620.5681096802
9605.0,1281242.53420478,253882.298104018,3.0,94315.4556005739
9606.0,1275867.85074328,212544.884109691,4.0,548811.7028084497
9607.0,1276453.94635987,205351.528390318,4.0,654958.1519034052
9608.0,1276727.67020015,205336.226950303,4.0,310770.92893313203
9609.0,1279156.97669864,220667.01384601,4.0,202732.53101694435
9610.0,1257500.90813246,248330.546098337,4.0,235077.32657108823
9611.0,1271534.54968284,243128.723501012,4.0,46465.10013199445
9612.0,1271548.05560285,243585.718317479,4.0,49681.81430743787
9613.0,1266452.92042963,239186.747496977,3.0,34225.2171936956
9614.0,1282059.40626961,229209.272350758,3.0,28118.693485354022
9615.0,1276096.03762351,223334.252632737,4.0,572187.0013024787
9616.0,1278716.87948219,253928.529016063,4.0,39641.61001234558
9617.0,1264307.34532343,280291.146899059,1.0,0.0
9618.0,1284988.36960061,253615.916151747,4.0,21468.02360664149
9619.0,1295160.69370703,185836.809202343,3.0,204212.52708255427
9620.0,1271751.21528305,272535.882571116,3.0,1479003.4559470303
9621.0,1281934.75724548,245446.422639385,4.0,38788.12811257593
9622.0,1282787.54982236,245903.350831851,4.0,1174332.8739139445
9623.0,1282072.23135762,193561.755066246,4.0,150550.74348032865
9624.0,1256623.14973156,211219.149836332,4.0,1123204.6929834322
9625.0,1256293.27837123,211230.434316337,4.0,748880.3007050875
9626.0,1287088.02873877,189199.858933777,3.0,178294.6797973937
9627.0,1260636.84087168,239662.125161454,3.0,28308.52295608979
9628.0,1260459.38218349,239665.31965746,4.0,222480.53104922464
9629.0,1281088.31570862,227811.029725328,4.0,286258.3381285321
9630.0,1278220.24434568,268499.084870979,3.0,17561.156431010586
9631.0,1278066.37228152,268964.94970347,3.0,55534.04133593692
9632.0,1274194.09784555,244762.54046267303,3.0,192665.37431481996
9633.0,1282321.17119788,201767.116290659,4.0,48586.245337477085
9634.0,1263397.98001051,285315.665048212,3.0,428777.8636780137
9635.0,1263183.28324229,285321.716568217,1.0,0.0
9636.0,1285753.7453454,178470.55818679897,3.0,230752.02396927844
9637.0,1274052.83173342,285745.790808648,3.0,82894.54400576848
9638.0,1274835.29112622,285713.150808617,1.0,0.0
9639.0,1283539.09164713,258209.427580446,3.0,43661.0613106372
9640.0,1269486.29163274,270548.705417082,4.0,121341.00409184804
9641.0,1253778.29782465,243990.446829885,1.0,0.0
9642.0,1253773.23612864,244162.324142069,4.0,101039.25641180055
9644.0,1252198.50076704,248200.791794196,3.0,84771.99999999997
9645.0,1276279.8181037,251983.080502078,3.0,294481.9178292625
9646.0,1271864.80197117,226197.285915673,4.0,1043498.331872905
9647.0,1273875.23922123,253011.445559129,3.0,114084.03835265482
9648.0,1274195.38066156,252997.73394312,3.0,3970.7644663728006
9649.0,1283192.22649477,201548.141314432,3.0,36376.212903741965
9650.0,1261315.92509638,237507.862055257,3.0,1535.3289319237767
9651.0,1262420.6660255,234057.941155717,3.0,3675.2924898765946
9652.0,1262428.1062815,234413.952548087,4.0,28863.429600750464
9653.0,1248869.41225162,214287.757263467,1.0,0.0
9654.0,1281920.01023747,213215.718030378,4.0,633376.2791664355
9655.0,1287547.42745923,251380.843829453,3.0,150195.64660146
9656.0,1270805.12069009,285342.753240228,3.0,3246.1162166163404
9657.0,1271128.65880242,285336.516376227,3.0,30854.734882210378
9658.0,1276478.36786389,260851.180863157,1.0,0.0
9659.0,1284060.32057565,279268.732242018,3.0,2231510.4325259384
9660.0,1275398.02719079,275671.367118329,4.0,95618.48088111111
9661.0,1275399.79787879,276552.739023238,3.0,500096.98073574726
9662.0,1263372.70641048,191119.14642374203,3.0,107479.64237679086
9663.0,1275132.66687052,224402.952217832,3.0,107555.2884033901
9664.0,1274148.19339751,223677.907097086,4.0,51585.42196372259
9665.0,1254581.59638548,252033.962934121,4.0,22125.5814910886
9666.0,1264484.42993161,232698.46025832,3.0,94773.1059840153
9667.0,1280195.1160277,215899.927249119,3.0,28274.10117670957
9668.0,1260804.85296784,241025.292010859,4.0,524512.872246547
9669.0,1277258.78168869,253957.085048094,4.0,2877027.920639221
9670.0,1263168.03031427,231587.676065192,4.0,660509.5815657887
9671.0,1281481.13087702,247250.048305228,4.0,670434.9268919862
9672.0,1269659.24305691,239587.202409387,3.0,14152843.277327666
9673.0,1269670.40248093,240012.747817814,4.0,170356.43898599054
9674.0,1279325.61253881,264533.876546919,1.0,0.0
9675.0,1283022.9584626,286727.294105649,1.0,0.0
9676.0,1269093.57720034,272535.473739117,1.0,0.0
9677.0,1270806.27915409,272253.899210826,3.0,145786.73959906475
9678.0,1278610.99289007,283554.292950407,1.0,0.0
9679.0,1278827.0003143,283548.735830396,3.0,180857.52411739423
9680.0,1264144.22161126,231975.700897589,4.0,1618314.276950252
9681.0,1263822.14487493,232008.721505627,4.0,1536506.6354628282
9682.0,1258866.49725387,249364.816371396,4.0,227612.31862143372
9683.0,1280763.82156429,249258.173875287,4.0,212123.1103756909
9684.0,1271747.84619506,195306.369980037,4.0,246425.47243313547
9685.0,1272071.04728338,195302.981884032,1.0,0.0
9686.0,1276079.39231148,245372.77284731,4.0,107414.1788133279
9687.0,1276359.21291977,245364.39063929,4.0,36767.77490942215
9688.0,1278812.05714628,245803.349039748,4.0,197359.77146475887
9689.0,1261254.9134483,283701.328086555,3.0,84778.0
9690.0,1260768.25232781,283686.674518541,3.0,410686.3309959921
9691.0,1287182.15782686,185794.05080229,1.0,0.0
9692.0,1280159.26405966,223444.20712885296,3.0,86154.26383574997
9693.0,1274128.22200549,244088.473901987,4.0,874650.5358636194
9694.0,1274143.45362151,244763.989934683,3.0,289503.525911156
9695.0,1279117.4534986,222615.217943996,4.0,99560.7205869161
9696.0,1272616.86545995,263378.976961747,1.0,0.0
9697.0,1276191.2923436,227928.236829445,3.0,26464.389019465183
9698.0,1274204.68216556,254046.739704192,4.0,131940.8206868185
9699.0,1277510.01119295,249976.833204016,4.0,138628.39578461225
9700.0,1282891.93708646,259101.27750136,3.0,308018.72486868047
9701.0,1266871.54359806,234322.708003983,4.0,62874.622635998334
9702.0,1257106.61136407,255776.496121958,3.0,791914.7448023837
9703.0,1265154.87345231,200353.983937204,3.0,9347.423213241062
9704.0,1254476.28918536,191872.63410452,3.0,339037.99999999994
9705.0,1263044.63850614,178177.723818496,1.0,0.0
9706.0,1291516.5966793,183471.384495914,3.0,43541.27290043289
9707.0,1266278.11370945,187131.157043666,3.0,342483.24484646367
9708.0,1265948.39550112,187129.197747663,4.0,236125.51554911773
9709.0,1285549.03840119,243452.737325341,3.0,612379.3690259424
9710.0,1285789.54611343,243337.727021217,3.0,359189.82681900787
9711.0,1283646.18623924,186917.860531449,1.0,0.0
9712.0,1284393.690624,186104.126962617,3.0,76406.3983705815
9713.0,1281855.15666941,191797.506296441,3.0,42800.20567797793
9714.0,1274359.55358973,230825.087712407,4.0,185756.2070353807
9715.0,1274618.49003799,230818.7071044,4.0,187129.8687031553
9716.0,1257299.64803626,251728.015349805,4.0,43185.32028382104
9717.0,1278814.66636229,212265.448973402,3.0,2646669.1831271844
9718.0,1278942.70943442,211981.493837118,4.0,2727458.8757312344
9719.0,1278970.12831445,202032.728578925,4.0,310377.8127493433
9720.0,1265667.93150082,199027.444287851,4.0,1673940.2370042123
9721.0,1277110.06738454,214259.007631451,3.0,116322.026497409
9722.0,1277107.70655254,214140.901903316,3.0,47843.17106398013
9723.0,1255780.62486671,215904.19432112604,5.0,255780.8248935444
9724.0,1255752.94934668,215226.36065644,4.0,95209.0613689356
9726.0,1262946.77949804,193802.4166345,3.0,162870.9005299041
9727.0,1267730.15735894,234303.689315975,4.0,2773115.907526961
9728.0,1282329.63014188,275700.490062356,4.0,110020.44096191177
9730.0,1272680.94802001,180895.851245284,3.0,46585.49256389481
9731.0,1272879.28946021,180891.500205278,1.0,0.0
9732.0,1261313.11472836,281666.878036469,4.0,654632.0386786999
9733.0,1280307.18009181,169847.67452997,4.0,64973.72646451465
9734.0,1271248.53713854,270725.519049272,1.0,0.0
9735.0,1283349.00607893,197914.256510705,5.0,1988954.7689166423
9736.0,1254258.58979315,252577.786294684,3.0,50625.99519604931
9738.0,1260230.76554327,260601.744318902,4.0,339433.59186826024
9739.0,1259802.44189481,256967.040635183,3.0,53255.35541364214
9740.0,1259539.71440655,256971.236155182,3.0,27585.76958752086
9741.0,1258773.28912577,194559.246203274,4.0,735750.663555822
9742.0,1283125.5163507,228168.125149682,3.0,83017.68045009252
9743.0,1268176.78967939,227837.858077347,4.0,122490.8500713558
9744.0,1268393.41687962,228076.074781597,4.0,178797.7362289233
9745.0,1263561.45572267,247647.99697764203,3.0,40648.18203564957
9746.0,1255885.1968348,244461.842926368,3.0,77452.67242474995
9747.0,1255878.26211481,245067.427630991,3.0,203440.0980530774
9748.0,1257739.40010071,240395.165034205,4.0,844679.9749414496
9749.0,1270887.20715417,240876.133546695,4.0,1423894.792679601
9750.0,1264133.97393125,231562.963809162,4.0,2057879.6851234897
9751.0,1287477.22125116,182337.680366755,3.0,6095683.36436969
9752.0,1274657.57560603,181726.548078135,4.0,168046.47207443282
9753.0,1274477.27870984,181399.478509799,3.0,62637.20461968298
9754.0,1269988.70865725,174576.752998814,1.0,0.0
9755.0,1281354.43097289,207937.75712896895,3.0,3380908.062776896
9756.0,1270793.46424207,232611.77078624105,3.0,80307.01000252382
9757.0,1270860.3892981398,232581.01853020492,4.0,427474.58584228536
9758.0,1277951.8104894,237810.492007568,4.0,236772.69948515776
9759.0,1279009.10399449,261858.95046418897,3.0,74782.98319052652
9760.0,1269168.06065641,198349.694975153,4.0,74189.87980688734
9761.0,1269424.66116868,197701.763198495,3.0,7746515.180498667
9762.0,1274545.36914192,217111.910738364,4.0,55944.95977561963
9763.0,1274506.43186188,225328.160026774,4.0,846724.520380372
9764.0,1269422.60740867,227575.070237085,4.0,81942.11003802413
9765.0,1272307.72856362,222517.907095894,1.0,0.0
9766.0,1251417.02921423,211952.390861079,3.0,227733.075431402
9767.0,1265495.34526065,240189.226410002,3.0,225729.04792090144
9768.0,1270713.972914,245397.159279332,3.0,20536.957218683176
9769.0,1272933.24210027,229180.753054723,4.0,3084320.257902483
9770.0,1256774.96502772,258717.280252963,1.0,0.0
9771.0,1255403.49206632,241832.306475684,4.0,739766.226649963
9772.0,1284379.05875199,246936.0443369,3.0,8174.601501893343
9773.0,1284634.06188825,246933.772976905,4.0,403805.97455139767
9774.0,1269010.67512025,240450.780714259,3.0,15483.28506848782
9775.0,1261496.41360855,235760.859301463,4.0,326041.0504091432
9776.0,1278368.62130584,214415.613967597,4.0,1020551.781790115
9777.0,1278343.75128981,213224.256718382,3.0,1059611.9358086742
9778.0,1276208.92255162,236788.74109451505,5.0,326543.3642933989
9779.0,1265744.3762369,236208.460453928,4.0,62177.78390661485
9780.0,1271135.63941042,223079.43912847296,6.0,616540.2156887015
9781.0,1264852.6195,237693.114663437,4.0,1094823.2622116362
9782.0,1264868.70346801,238351.880360112,4.0,1280500.8210142618
9783.0,1281516.46380505,205868.59623085,3.0,12947.640198934178
9784.0,1255770.07632269,206505.291847497,3.0,60676.50197316591
9785.0,1260235.37706326,191186.682039812,3.0,44369.27979397768
9786.0,1264064.82679519,285359.015064254,3.0,164372.83585280954
9787.0,1264065.38877919,285402.571352288,3.0,208717.9943501258
9788.0,1264931.46378808,186459.550770983,4.0,698999.0205536411
9789.0,1272651.05765198,227161.990364656,3.0,26227.82301448668
9790.0,1278176.19884163,231783.41481739297,3.0,11160.825036078642
9791.0,1278490.02034596,231773.393185377,4.0,41893.485761690805
9792.0,1276295.95845571,262615.626816958,4.0,132393.15600922235
9793.0,1278625.4026181,259551.809405819,1.0,0.0
9794.0,1278827.69490631,259544.571581811,4.0,781552.5679061784
9795.0,1278056.75973751,228336.473245859,3.0,41874.786201296345
9796.0,1270852.13176213,197650.972606435,1.0,0.0
9797.0,1270389.22129767,253510.427511632,3.0,201599.97768637235
9798.0,1271050.96401834,253827.57515996703,3.0,321509.1451606069
9799.0,1278715.77285819,253267.425655395,4.0,73583.54757946785
9800.0,1259093.6103421,212181.160397321,4.0,203623.8425708693
9801.0,1265678.28350084,237135.823782876,3.0,839.2647907663768
9802.0,1255411.01334633,242162.25860402,4.0,77699.66384332361
9803.0,1271889.38821121,245281.451823205,4.0,44067.65246411685
9804.0,1271880.9837312,246156.18302410803,3.0,36936.73411879019
9805.0,1282002.40242955,273943.148108557,3.0,203749.17849291163
9806.0,1265439.75089259,286590.428889513,3.0,71067.5684540548
9807.0,1271784.21387509,284147.583063006,4.0,253724.210999129
9808.0,1271786.47441909,284464.42203933,4.0,35705.356422352226
9809.0,1275720.94847113,271244.036681801,4.0,10724110.280691134
9810.0,1275725.53605513,271507.338314071,3.0,638507.1291744414
9811.0,1279500.87596299,276926.694607615,3.0,68449.79047345472
9812.0,1273990.56907734,258698.253372952,3.0,180451.14264500813
9813.0,1265315.08868447,281114.772563905,4.0,386108.0571243356
9815.0,1265303.93322845,242787.873132661,3.0,54983.1351761679
9816.0,1271977.87921929,207772.102984801,1.0,0.0
9817.0,1272565.04862788,207762.253896788,3.0,156322.91323202266
9818.0,1283868.63359946,269367.756359875,5.0,4069718.3063611686
9819.0,1257261.00573222,219297.518228605,4.0,97481.8744048904
9821.0,1274266.78206964,219306.081876606,4.0,912655.9833967042
9822.0,1273569.01771691,256717.087418929,4.0,89840.38340523811
9823.0,1255399.60265832,257941.552828178,4.0,108546.76253460528
9824.0,1277651.5850171,267084.036165535,1.0,0.0
9825.0,1269683.39627294,224194.549465612,4.0,172706.52977991497
9826.0,1281303.52198084,236476.066534191,3.0,192202.72186901065
9829.0,1269115.72708836,281384.315988183,4.0,166847.5415586941
9830.0,1269783.11224104,281375.748372167,4.0,882619.7687012597
9831.0,1260797.56298384,188397.347060964,1.0,0.0
9832.0,1260798.46915984,188180.489588737,3.0,84777.99999999997
9833.0,1258900.23082189,209809.312458888,4.0,9904513.31799968
9834.0,1274109.04850148,283899.559638754,1.0,0.0
9835.0,1288242.29088394,182920.182511359,1.0,0.0
9836.0,1263587.6259627,253783.387255922,4.0,93684.88912971818
9837.0,1262928.28145002,253795.100791931,3.0,55371.11374612883
9838.0,1274922.94085431,212028.351629153,3.0,792985.4366624204
9839.0,1262032.11856911,187168.185843706,4.0,885672.8252437875
9840.0,1262780.07575387,170313.108002439,1.0,0.0
9841.0,1262620.0383137,170380.49040252,3.0,69748.87427051272
9842.0,1271936.64433925,278193.373520911,1.0,0.0
9843.0,1272783.62891611,280432.026195198,1.0,0.0
9844.0,1272764.32645209,280643.99790743,4.0,216267.6601359754
9845.0,1288689.99174841,247641.246001631,4.0,11254.654876263896
9846.0,1289043.85325277,247638.980913624,4.0,13184.10184810505
9847.0,1285428.47660907,245855.174447805,3.0,24954.859840427023
9848.0,1271892.87576321,237773.023591518,3.0,12755.705134993854
9849.0,1270468.57348974,194943.409147665,3.0,140716.9664120228
9850.0,1270725.01816201,194948.763131678,3.0,246971.09193795905
9851.0,1276747.18559217,247683.181617677,4.0,85978.54209539066
9852.0,1277163.8937526,247754.35601773896,3.0,34007.89407071509
9853.0,1273735.02891709,249525.270131558,1.0,0.0
9854.0,1263775.12983489,194456.397307172,4.0,556414.9692763407
9855.0,1255711.96227463,203987.269636929,4.0,413836.0743952002
9856.0,1265788.68586895,241531.373355374,3.0,51646.04097312761
9857.0,1265806.76292497,242313.22839617697,3.0,24043.90897750436
9858.0,1279329.40908282,210844.047627941,1.0,0.0
9859.0,1279687.50354718,210832.727051929,3.0,106455.2002571692
9860.0,1268905.77508815,226739.552220225,5.0,1296067.8561988408
9861.0,1267070.72657426,245991.285679936,4.0,105116.21382817748
9862.0,1253282.01404814,216498.646545738,3.0,915606.7143038164
9863.0,1256537.24304348,243332.294637218,1.0,0.0
9865.0,1274950.57535033,205873.890566856,4.0,699971.1683288859
9866.0,1256367.83657931,257256.33273147,3.0,307069.3621429488
9867.0,1256071.042211,257262.211323485,1.0,0.0
9868.0,1270180.87755345,248345.163890347,3.0,136272.95409185495
9869.0,1273932.3749653,237486.812199235,4.0,357745.1564225744
9870.0,1276551.80210397,229281.416222826,3.0,18803.8729446136
9871.0,1276902.31288832,229274.009118825,3.0,17399.925628214114
9872.0,1261574.27005664,240328.925290138,4.0,175072.2377395445
9873.0,1272090.8576514,209712.680458784,1.0,0.0
9874.0,1287469.58310716,186575.89137910295,3.0,49305.705701749226
9875.0,1287649.47021134,186569.980659097,1.0,0.0
9876.0,1284958.99462458,201858.55897875095,3.0,602792.9505591207
9877.0,1262457.16330554,267610.343814075,3.0,357265.2493789272
9878.0,1275617.58482301,203678.086532608,1.0,0.0
9879.0,1264726.57181986,264234.477250621,4.0,165862.50363973438
9880.0,1270291.34808156,275828.282446489,1.0,0.0
9881.0,1270423.9091697,275825.142350495,3.0,61809.00270692993
9882.0,1278973.23922645,227020.12578851,4.0,315093.0376201708
9883.0,1271298.96913859,254789.911480948,4.0,393839.6604325335
9884.0,1275773.92440717,237392.325223133,1.0,0.0
9885.0,1273408.07678875,246114.456688061,4.0,1099583.144493916
9886.0,1273797.11768515,264007.835650384,3.0,45786.2249769951
9888.0,1272211.12677152,224979.812954426,4.0,63499.12425840775
9889.0,1267191.74308638,197703.400958493,3.0,890734.2830462408
9890.0,1285838.19628948,258400.974140644,4.0,490479.352926887
9891.0,1286027.30387367,286143.491161048,1.0,0.0
9892.0,1267533.80996674,190436.457207054,4.0,611425.0978798853
9893.0,1277204.39269663,283115.979477957,4.0,101586.88853952845
9894.0,1259585.19171859,245443.710383371,3.0,26664.21607278437
9895.0,1259589.4705666,245644.084655583,4.0,58034.94951471064
9896.0,1284301.41228791,203183.133444101,1.0,0.0
9897.0,1275329.55263072,264624.831747025,1.0,0.0
9898.0,1268893.89752012,253950.07820008704,3.0,195603.97262402883
9901.0,1257592.14518856,252388.217142493,4.0,98669.989247681
9902.0,1282041.8610536,265747.211396173,3.0,308247.9261703237
9903.0,1254439.53040133,215220.913488433,3.0,394186.6727810477
9904.0,1277627.96863307,265354.233859763,3.0,150061.35267980667
9905.0,1264196.84228332,206447.536391452,4.0,1441466.456647385
9906.0,1264178.1329713,205698.190790683,4.0,835137.906196024
9907.0,1266192.46065336,229207.598494753,4.0,20587181.77917427
9908.0,1285799.42995344,251140.050037205,4.0,183377.2607898732
9909.0,1259336.37296635,192277.877048939,3.0,3814638.252352217
9910.0,1280406.48108391,198189.564734995,1.0,0.0
9911.0,1280404.42367592,198106.62815889705,3.0,47081.43551687438
9912.0,1275561.33887096,241186.46231502303,3.0,312382.386729464
9913.0,1275885.72863129,241688.877995536,5.0,34859790.62336451
9914.0,1281175.1560927,247256.474097237,3.0,68403.29538560807
9915.0,1274277.26859765,261009.340991318,3.0,171042.6336772459
9916.0,1284654.56908827,195893.423932642,3.0,49702.23734884904
9917.0,1283752.29459135,257503.376187727,3.0,84778.0
9918.0,1283754.53676735,257672.873915896,1.0,0.0
9919.0,1260234.07063127,246161.67051211,3.0,22849.38983112432
9920.0,1259600.83011861,246176.06123213505,3.0,752.179164528246
9921.0,1280799.23001233,280682.775059462,1.0,0.0
9922.0,1273492.00773284,240681.829802498,3.0,5812.1229706652775
9923.0,1264607.97661974,172438.195620626,1.0,0.0
9924.0,1264602.95921174,171990.062948167,3.0,239373.2385570468
9925.0,1276158.14085557,283774.219670624,3.0,255234.69794608816
9926.0,1254892.1705938,250714.81528477403,3.0,273261.59328186075
9927.0,1263064.50333816,243684.021293581,4.0,139155.08047915544
9928.0,1263036.86129013,243684.226349577,4.0,2683519.843932295
9929.0,1263868.00401099,198402.359551206,3.0,1023863.9841689382
9930.0,1256879.41430783,193424.769466117,1.0,0.0
9931.0,1256857.5003238,192635.0751293,3.0,69058.99113243681
9932.0,1260130.55447115,195184.743291914,4.0,162271.3751817195
9933.0,1256840.64566779,244122.478446022,3.0,136465.7206175752
9934.0,1266443.47652562,228108.600669622,4.0,186255.29156295775
9935.0,1277541.49240899,229078.512094617,3.0,329257.5938859069
9936.0,1277560.789625,229705.87503926497,5.0,315976.883125859
9937.0,1260415.90167145,191181.781175807,3.0,240331.58238887324
9938.0,1260431.54595947,190665.169335291,3.0,1099543.699098214
9939.0,1276180.76811959,250663.29765272103,3.0,226033.84909407643
9940.0,1283606.2683512,195911.099452659,3.0,3517.8898286815597
9941.0,1276280.41387969,258961.864765227,4.0,3145271.509658468
9942.0,1264100.83063522,230235.021279797,4.0,5590321.44441889
9943.0,1287462.87085114,181869.604910284,3.0,11251770.52074362
9944.0,1262077.75991315,277786.7011365,3.0,714095.5326963824
9945.0,1261624.51210469,277357.347664058,1.0,0.0
9946.0,1269451.5528807,181801.342254207,4.0,6121885.70518271
9947.0,1265799.22455697,278754.042001486,3.0,57732.505842781335
9948.0,1265811.75441298,279449.818194196,3.0,391401.00482019066
9949.0,1274092.09118946,234175.115747839,4.0,738736.498688906
9950.0,1283066.06598264,233521.729635164,4.0,668289.2186670987
9951.0,1283406.349759,233512.291939154,4.0,600329.8854823365
9952.0,1255882.63056281,235081.95485276,3.0,33062.420454466344
9953.0,1253984.91024086,237815.162919566,3.0,84403.16652388906
9954.0,1262445.53770553,233113.333410755,3.0,290588.5165686085
9955.0,1277919.33682537,266552.145476997,1.0,0.0
9956.0,1261680.23671274,251660.444981739,3.0,75879.26648281864
9957.0,1277773.52607322,222060.683287427,4.0,1191381.0033388722
9958.0,1278738.04677822,217313.510354578,4.0,34084.041291172696
9959.0,1281816.24370937,211552.398220673,3.0,245802.1459507018
9960.0,1284900.14764853,198813.261631623,4.0,144131.31119181894
9961.0,1263694.5000748,260085.215870366,3.0,179134.46965547343
9962.0,1263700.29335481,260268.161342561,1.0,0.0
9963.0,1263074.79133818,264491.994754881,3.0,126957.99999999996
9964.0,1259585.6930306,192269.642808929,3.0,148988.05295641435
9965.0,1265515.65098867,193073.692089751,4.0,527560.1331201216
9966.0,1265499.90327665,192404.371577069,4.0,639698.9705671961
9967.0,1278277.06341773,221143.241878495,3.0,2813.832586140901
9968.0,1250811.79714961,215103.211024314,3.0,595515.919889067
9969.0,1262093.01872917,268284.274886772,3.0,87822.8017221235
9970.0,1262081.65719315,268414.145030901,1.0,0.0
9971.0,1277061.3628085,224223.558553651,3.0,27976.70837333068
9972.0,1288077.78957178,247645.589169636,3.0,20701.47863260568
9973.0,1270512.99960178,227872.748765379,4.0,67680.26203353803
9974.0,1270205.58251348,228168.873821691,4.0,71496.80079843922
9975.0,1256238.28137918,198543.868159354,3.0,90798.23704253048
9976.0,1255548.67715447,250448.596020505,4.0,503456.4141223456
9977.0,1274553.85733393,217619.494674891,4.0,191192.22084410075
9978.0,1282461.68895802,205252.534150228,1.0,0.0
9979.0,1283017.03788659,205228.561094195,4.0,49975.10714186711
9980.0,1282439.704382,226534.94799602,3.0,23007.892055290475
9981.0,1259279.76023029,201176.885826051,4.0,8665510.188797183
9982.0,1270801.20107408,222486.212631866,4.0,71471.14358511222
9983.0,1270800.96389009,222474.822551861,4.0,124844.11503891616
9984.0,1265697.51050887,262885.071809232,4.0,765716.3409910405
9985.0,1281884.69074944,243563.736749455,3.0,424147.2325205373
9987.0,1277103.77311254,213944.073551118,3.0,107977.0691282358
9988.0,1288092.96505979,249492.289843529,3.0,104838.33785426966
9989.0,1294049.30061789,179360.483243704,3.0,64071.77992261656
9991.0,1265324.85937248,281902.952404708,3.0,681865.072625464
9992.0,1271458.74833876,178677.049899012,3.0,84778.0
9993.0,1271522.85253082,178622.086122945,1.0,0.0
9994.0,1265095.24830024,245397.756079331,4.0,110078.11778258852
9995.0,1263132.98282623,268252.028230727,4.0,2059831.1806098984
9996.0,1282076.14214163,262433.08288078,1.0,0.0
9997.0,1252572.57513542,240067.94948187505,3.0,51973.92159572409
9998.0,1268293.69361551,258853.54214111,4.0,364591.98171341146
9999.0,1269331.77784058,213143.782478303,4.0,299547.8067151147
10000.0,1275121.97887051,223963.050201386,3.0,394280.3066791111
10001.0,1263808.02807492,190444.642551064,4.0,227874.50219147824
10002.0,1283314.6577269,183647.573104098,3.0,40975.19874905639
10003.0,1282148.2069737,181142.72247754,3.0,9652.863304537415
10004.0,1272775.1925641,211734.07438086,3.0,28342.666239593076
10005.0,1264875.29822001,280815.579219595,3.0,52854.19466006989
10006.0,1278530.28505,174623.782438859,1.0,0.0
10007.0,1278527.854266,174450.181414679,3.0,83515.26064097897
10008.0,1281448.41273299,217754.834963024,4.0,293144.9278460318
10009.0,1283767.25983936,255631.740473807,1.0,0.0
10010.0,1255925.63043486,236666.244326383,3.0,110605.54252467371
10011.0,1256846.09347579,217407.402578667,4.0,6809.208834942345
10012.0,1280122.47116363,286688.469401613,1.0,0.0
10013.0,1266681.75396587,244509.142318428,3.0,36468.26861416478
10014.0,1279659.60594715,267134.860549584,4.0,387040.8864214568
10016.0,1258414.46634141,253715.553399846,4.0,196328.787485407
10017.0,1263991.70353112,243048.919852927,3.0,95615.07442224809
10018.0,1263721.43997884,243052.64823693,4.0,937027.7748468916
10019.0,1258357.54717334,250423.397556484,3.0,293739.87080103724
10020.0,1277518.93240896,252628.43615073,4.0,727336.948722468
10021.0,1277521.43634497,253289.645111412,4.0,784937.1386846316
10022.0,1282322.13932589,249887.573811933,4.0,391396.0969795321
10023.0,1263112.65937021,194627.021307334,3.0,153178.47445459018
10024.0,1282913.97247849,211864.33230099097,3.0,103194.73875563036
10025.0,1282902.86783847,211528.168268651,4.0,221590.76923974705
10026.0,1279642.28805913,265814.386116236,3.0,174889.27481582944
10027.0,1264126.12388325,235266.286180958,3.0,185838.4876254912
10028.0,1263442.49892254,194462.135803178,4.0,912517.9344007432
10029.0,1263431.98519453,194077.110010773,4.0,656673.6972756239
10030.0,1283677.79801527,207105.020296112,1.0,0.0
10031.0,1283675.75212727,206963.957895979,4.0,1502777.951954479
10032.0,1255241.39069015,235606.267429307,4.0,3929.71164616381
10033.0,1280214.98245972,225194.677018642,4.0,262011.35320605015
10034.0,1280208.00709972,225371.715418831,3.0,36884.58901320117
10035.0,1267166.36881436,249740.471091777,4.0,478892.6988306205
10036.0,1267190.92023839,250009.78488405,4.0,63323.05576946523
10037.0,1271976.98680329,212059.662605196,4.0,371615.6668900174
10039.0,1264019.12311514,189774.218998373,3.0,8872.387475085414
10040.0,1290424.30291818,182311.489838734,1.0,0.0
10041.0,1290395.68487015,181393.00970979,3.0,403901.9106765713
10042.0,1257766.07069273,168296.264608383,3.0,57772.25839951356
10043.0,1257326.79664429,168223.383520305,1.0,0.0
10044.0,1273398.73758875,242298.08375616404,3.0,209422.54061183773
10045.0,1263936.75025105,240988.851818815,4.0,1241746.8490155055
10046.0,1263940.34506705,241139.046698973,4.0,334300.159020879
10047.0,1268925.45092817,228027.40790154,4.0,210892.3046069235
10048.0,1257528.17219649,249659.572019696,4.0,323796.5983736639
10049.0,1264885.20503603,242852.690284729,4.0,165923.9563475549
10050.0,1279487.86745098,263169.991169527,4.0,1563199.1579138483
10051.0,1265423.44151658,247630.347057611,3.0,86318.39914420532
10052.0,1255680.2638426,238520.094248295,4.0,151151.11286183723
10053.0,1254782.23478568,254424.843320578,3.0,125601.64094916804
10054.0,1254783.83516969,254590.388280749,1.0,0.0
10055.0,1260921.27171996,246891.383280858,4.0,369852.107761236
10056.0,1280894.64447641,229619.108127177,3.0,1323672.707373233
10057.0,1278742.03429821,234080.375139743,4.0,142654.8785739038
10058.0,1278429.9909699,234569.092644244,4.0,390273.7124039166
10059.0,1271912.91083522,196838.315773606,1.0,0.0
10060.0,1269681.74436894,240432.098986238,4.0,127376.4265072904
10061.0,1256190.24867512,217946.662675217,4.0,175387.4519370401
10062.0,1270584.62673786,256142.472762331,4.0,633280.5191333785
10063.0,1263254.89105035,169720.313569844,4.0,83089.31592631285
10064.0,1262778.30602586,169750.569057867,1.0,0.0
10065.0,1281683.88569322,171697.758115858,3.0,190365.77995766964
10066.0,1284969.17536059,202507.348419413,3.0,412817.4877615004
10067.0,1275987.49157539,242781.20452465105,3.0,99660.84514712356
10068.0,1276289.25343171,214903.046352103,3.0,36417.126152457306
10069.0,1276469.94040789,214898.641168103,3.0,35784.93201033939
10070.0,1269560.46737681,229671.398751229,4.0,289602.4956379582
10071.0,1256460.6447714,195062.639227793,3.0,319970.61964865786
10072.0,1255784.3735387,195090.112251818,4.0,258060.4176088535
10073.0,1271621.11877093,273658.976780266,3.0,125474.94154700026
10074.0,1281725.19564527,282827.824213654,3.0,75638.58951815445
10075.0,1282018.15468557,282825.106389657,1.0,0.0
10076.0,1277143.17887259,177120.51204142,4.0,582282.8842366016
10077.0,1272717.88030805,221820.579095185,4.0,22271.400378033264
10078.0,1272879.92594022,221816.608983189,3.0,13810.763334276058
10079.0,1265427.09732458,247779.026225775,4.0,221182.63543196357
10080.0,1279668.41305116,267793.75949426,4.0,304376.7470129699
10081.0,1279671.93004316,268053.829190537,3.0,22979.71779735277
10082.0,1269575.48766483,228742.184670269,4.0,74295.39934136366
10083.0,1254562.19651346,250876.656500936,3.0,74083.18897408471
10084.0,1254557.75689745,251318.313781396,3.0,108534.84809760156
10085.0,1272386.55256371,252220.69157432,3.0,186389.0875545246
10086.0,1285725.67091337,168977.949921072,3.0,328927.07316266274
10087.0,1270726.22949001,279816.323666573,1.0,0.0
10088.0,1271103.95640239,279812.343378574,3.0,1618024.0953527277
10089.0,1268610.20023984,228314.326941833,4.0,201928.01769479152
10090.0,1275272.49823067,265698.55667612,1.0,0.0
10091.0,1260383.25770341,237507.513319254,4.0,32490.63514656689
10092.0,1263965.18263508,247103.979313076,1.0,0.0
10093.0,1263257.03114636,234402.112996072,3.0,103267.0720868012
10094.0,1269421.28196867,241706.752299547,3.0,31088.059492771023
10095.0,1285677.91251332,204350.292229295,4.0,1080927.517139002
10096.0,1251028.73865384,239928.590505734,4.0,8790.440953606543
10097.0,1250756.62505355,239932.847017735,3.0,64394.44751140559
10098.0,1268078.3233113,228362.431517884,4.0,242184.76926961183
10099.0,1270052.54808132,245410.497839347,4.0,163627.84810812908
10100.0,1277690.99212115,223607.150041014,4.0,212661.72010596667
10101.0,1278012.95276147,223600.33736901,4.0,399037.55678570736
10102.0,1262866.20023395,268252.464902729,3.0,319265.92901036725
10103.0,1262875.25367397,268631.468743116,1.0,0.0
10104.0,1274272.11608563,260014.984062299,4.0,1601770.65864594
10105.0,1272159.63243547,279780.85365054,1.0,0.0
10106.0,1261844.76951291,287308.817562252,1.0,0.0
10107.0,1268264.40990348,189001.492533579,3.0,394421.3295759893
10108.0,1272752.58200409,210086.784331173,4.0,24300.448112003734
10109.0,1259124.03517413,247061.417073041,3.0,51955.45992466725
10110.0,1272755.49637209,246925.110256895,4.0,183360.42143726992
10111.0,1278795.91314627,231200.096096799,4.0,387551.4329792768
10112.0,1266460.48503764,270547.658825085,1.0,0.0
10113.0,1266771.98116596,270543.435401082,3.0,254290.0
10114.0,1276267.02514368,259956.459198236,4.0,148393.99704354265
10115.0,1255037.18012995,213520.812942684,3.0,124168.74058117394
10116.0,1254382.75952128,213544.031374708,1.0,0.0
10117.0,1274161.93650152,208419.604937464,3.0,176266.41146665535
10118.0,1255288.3600982,253073.248567194,3.0,27492.31192176252
10119.0,1266575.58782175,255590.670393765,3.0,62857.701538563306
10120.0,1266598.45886178,255989.25714618,3.0,39893.38040849571
10121.0,1273241.11026058,228393.62665392496,3.0,63770.136478400455
10122.0,1261627.5383447,255706.773817882,4.0,388370.289859505
10123.0,1271290.15813059,244842.039342761,4.0,372427.0919995039
10124.0,1271301.58328259,245296.675183222,4.0,476102.9274309304
10125.0,1258522.73974951,285909.842648819,3.0,85283.94418914415
10126.0,1270928.92101021,171256.596899405,4.0,390933.120592369
10127.0,1252809.03894366,216183.441745415,3.0,42917.15793031335
10128.0,1252779.26307163,215325.19182454,4.0,631600.459560442
10129.0,1266559.39754973,189442.284982026,1.0,0.0
10130.0,1264346.94564347,201743.512002632,3.0,84778.0
10131.0,1264897.88222004,244313.408814222,5.0,214258.93039886773
10132.0,1282680.25606225,242871.549164742,3.0,7836.972922725617
10133.0,1271958.62955527,200341.065985188,3.0,26723.591740966185
10134.0,1282363.74982193,206261.598727256,3.0,42907.50935796911
10135.0,1272074.04862739,221834.512151197,4.0,73041.68096408674
10136.0,1273592.11083694,236411.309158131,4.0,388402.1462895188
10137.0,1273908.49605326,236410.363238126,4.0,311592.79311312595
10138.0,1277589.69996104,258259.415996507,3.0,74188.54360462373
10139.0,1277945.8022974,258248.486268491,1.0,0.0
10140.0,1274767.22763814,246621.241776586,3.0,36190.79026771612
10141.0,1265974.76881315,250298.546100348,4.0,177171.58884141062
10143.0,1276532.15090396,212106.04474924496,3.0,154769.37911790743
10144.0,1264803.99127594,210390.108555481,1.0,0.0
10145.0,1269322.58596857,256180.798458368,4.0,980127.1623860784
10146.0,1274270.49336563,192132.237560794,5.0,2293265.590406185
10147.0,1274380.43640575,191844.9464885,3.0,1183754.5885150696
10148.0,1278331.92588179,178931.643883273,1.0,0.0
10149.0,1278785.44921026,177771.718058079,4.0,88745.83299801279
10150.0,1271783.37989108,256106.157882303,1.0,0.0
10151.0,1267981.5843672,197007.975549772,4.0,84778.0
10152.0,1267810.24644703,197013.118269786,3.0,211910.0
10153.0,1269228.12126447,229252.479262799,4.0,74270.72073523456
10154.0,1256535.53865948,197762.816510558,3.0,23596.542246125893
10155.0,1266329.47806151,244946.991534874,3.0,90742.83314941556
10156.0,1283395.11750299,233072.416226715,4.0,206161.6678750122
10157.0,1285054.18278468,177450.089449748,1.0,0.0
10158.0,1274827.45650221,249436.740403473,4.0,930582.8795856572
10159.0,1254577.08067347,251759.090741843,3.0,14111.56866340099
10160.0,1254854.71363376,207295.421192318,4.0,428540.7832272001
10161.0,1274090.25880545,218177.331795454,3.0,42655.30731500311
10162.0,1267971.03153518,242722.219756588,4.0,462385.9461979193
10164.0,1271880.33541119,241812.947627664,1.0,0.0
10165.0,1277189.16959262,235718.672357425,1.0,0.0
10166.0,1277222.94188066,235765.407205462,3.0,43205.293193284335
10167.0,1279741.23967524,207148.401416168,3.0,54995.10792442457
10168.0,1262262.49111333,239170.958120957,3.0,180838.6000335814
10169.0,1275597.858487,257323.715771541,4.0,324087.0564569204
10170.0,1259656.11383067,213363.243662521,1.0,0.0
10171.0,1259631.31888665,212874.45460602603,3.0,56576.89317941341
10172.0,1264540.82186767,246042.923375994,6.0,2362877.966423963
10173.0,1264544.87895568,246314.298864275,4.0,171944.39057402834
10174.0,1267038.01764622,266163.230916589,4.0,1417597.219373774
10175.0,1260395.11498342,259711.944957986,4.0,896944.2399088254
10176.0,1268724.50411196,178410.300458729,3.0,9548.42333645618
10177.0,1258835.15971783,168568.930016652,3.0,67729.07035406836
10178.0,1258343.99965332,168607.158944696,3.0,1028.0249941545198
10179.0,1282554.88691013,275568.880398229,4.0,71705.2895690825
10180.0,1267365.18731056,245464.635183394,4.0,376341.6582406993
10181.0,1278251.74853772,260224.338302508,4.0,95194.97654945418
10182.0,1276909.70725633,229516.289439067,4.0,192700.0272502013
10184.0,1271807.79486711,266945.724421397,3.0,622507.6189158144
10185.0,1272316.18885164,266929.725445375,3.0,961682.0694099946
10186.0,1259098.7527421,187231.503603771,4.0,392138.2164321212
10187.0,1259082.39581409,186711.41246724097,3.0,147790.11340702453
10188.0,1279773.49682727,250596.325684652,4.0,380716.5359363184
10189.0,1280033.50053954,250591.624628648,4.0,719290.1193504602
10190.0,1274858.29208624,216743.970193982,4.0,28940.680747219634
10191.0,1260493.93335153,251680.522997767,3.0,16350.773673760536
10192.0,1257739.69014871,259766.970110044,4.0,676144.9681219005
10193.0,1263551.13655466,252053.27851814,3.0,165920.1062354409
10194.0,1262643.16784973,255131.090233296,4.0,1152878.3809215438
10195.0,1256722.70205167,192637.961337298,3.0,29386.370780289824
10196.0,1270304.39038557,231322.353760913,3.0,103492.64702743477
10197.0,1270420.0394737,231320.545056909,3.0,172449.5061028295
10198.0,1260512.50807154,242789.317036659,3.0,908593.2100919056
10199.0,1277079.90866451,237033.840678766,4.0,680075.5982651574
10200.0,1281120.68076465,228697.613278225,4.0,450226.77395063854
10201.0,1281057.20025259,206888.293063894,4.0,1370101.4595044295
10202.0,1276410.38571982,223930.234649345,4.0,836476.993761834
10203.0,1263820.64157894,236157.768933862,3.0,22653.45450865037
10204.0,1284291.53766389,260368.986622661,1.0,0.0
10205.0,1264488.01783562,269546.625736058,4.0,2890535.822590126
10206.0,1286198.63353784,247691.481137678,4.0,1155130.267938448
10207.0,1280453.19986796,224521.536345959,4.0,258061.24755515397
10208.0,1280474.26047599,225183.918554634,4.0,359324.8110835214
10210.0,1277721.78962517,174458.70928669,3.0,266800.0274419062
10211.0,1278154.98885761,174454.115814686,3.0,183453.85641297
10212.0,1278857.83263433,174445.022310674,3.0,159706.43171395472
10213.0,1278611.03948209,173780.124709994,3.0,49039.72112126329
10214.0,1283997.9283196,281869.09224467,3.0,169542.0
10215.0,1284132.97919974,281914.325076729,1.0,0.0
10216.0,1285269.9736969003,252630.83211873495,6.0,437510.1678545582
10217.0,1285724.04198536,252622.585462734,3.0,777905.9506577655
10218.0,1267907.17047912,271781.705546349,1.0,0.0
10219.0,1256591.88438754,219327.45090062905,3.0,1847.5110969612103
10220.0,1256571.09078752,218861.996756151,4.0,5755.231568599204
10223.0,1260506.55991155,197157.582845926,4.0,1012947.2110980118
10224.0,1282386.21042995,233455.054563105,4.0,3687553.200991623
10225.0,1264727.46717986,246971.527536944,4.0,94735.42299546774
10226.0,1264587.46250772,246974.743024945,3.0,69451.67625457645
10227.0,1284903.52588852,192234.673080891,1.0,0.0
10228.0,1275395.27557479,272520.333387107,1.0,0.0
10229.0,1280215.81413972,220734.37922208,3.0,72771.66712410327
10230.0,1271661.54257897,179142.750123486,3.0,60281.27966661679
10231.0,1274149.04184552,287018.670809954,3.0,246970.8193498976
10232.0,1283825.01919942,250657.762292713,3.0,27813.069946121133
10233.0,1283994.8275836,251179.812085256,3.0,686.2003379919017
10234.0,1261533.23639259,210034.912715122,3.0,2181.3105948170014
10235.0,1260873.36791192,210046.100043133,3.0,38088.93446424773
10236.0,1279648.53081115,231736.628513336,4.0,171174.7174735072
10237.0,1263380.52042648,191787.970872432,4.0,3462171.365986902
10238.0,1275840.85995924,217383.73761864,4.0,704234.4348445667
10239.0,1256388.76368332,258055.492860287,3.0,85541.34465909857
10240.0,1256052.88937898,258062.287164301,1.0,0.0
10241.0,1270844.97886613,249623.77483566097,3.0,79709.95236359516
10242.0,1279209.51596269,236980.116390705,3.0,92011.14845946932
10243.0,1282011.46642956,231789.877729401,4.0,45907.35153510318
10244.0,1282024.19705358,232229.67248185,4.0,83177.05674658084
10245.0,1275391.25919078,241925.637675777,4.0,219827.26878360347
10246.0,1263570.19223468,239000.311464787,4.0,490910.84474506654
10247.0,1284641.32435225,209528.442634597,4.0,166589.46067885918
10248.0,1276136.33835955,260623.077950925,1.0,0.0
10249.0,1278728.5569862,218044.800275326,4.0,39464.65180336035
10250.0,1285599.98220924,256805.92581901,3.0,42395.0
10251.0,1285483.93715312,256968.96389918,1.0,0.0
10252.0,1278506.27032997,264091.692098469,1.0,0.0
10253.0,1278509.50520998,264525.140034914,3.0,82843.3221561534
10254.0,1293160.75380097,185127.199729607,3.0,42390.0
10255.0,1293147.62720896,184632.246321112,3.0,79222.1398380424
10256.0,1287633.44563532,192561.207225233,4.0,9713.074283901378
10257.0,1272923.00523625,228388.608605906,4.0,190747.19627238467
10258.0,1269194.26468843,270762.926473305,4.0,15451.613398132413
10259.0,1280173.04524368,212549.112397701,3.0,1483868.3910102851
10260.0,1263862.11556298,237706.123815447,4.0,366292.04960871296
10261.0,1263533.02141865,237712.071591467,4.0,315461.36942243046
10262.0,1275629.31647103,263299.90924966295,6.0,1012973.9517210122
10263.0,1275971.41317537,263284.982081652,3.0,223939.26799160108
10264.0,1277952.35116141,224827.540314272,3.0,170178.28854296956
10265.0,1253029.87081589,239438.605865225,3.0,186349.34243903405
10266.0,1252815.14979167,239446.199081242,1.0,0.0
10267.0,1256300.48765123,239024.171048805,4.0,370507.67304605385
10268.0,1255994.25238693,239030.109672815,4.0,283976.1771795
10269.0,1260932.30583198,247423.319281399,4.0,189965.5844006285
10270.0,1278450.05720991,253272.311159387,3.0,79130.56808252865
10271.0,1273099.64990844,251528.57874161,4.0,227994.31459186928
10272.0,1273516.07851687,251653.371189743,4.0,103424.4131164963
10273.0,1281770.09580532,248571.113202587,4.0,123308.51317923942
10274.0,1271878.00113919,244826.348078743,4.0,89408.56620484988
10275.0,1259798.19127081,195190.101883918,4.0,680582.9496016322
10276.0,1270628.97144191,205464.470726445,4.0,59778.86009662755
10277.0,1254465.27836935,215946.58561717,4.0,533576.9751560184
10278.0,1254454.84662534,215673.498896897,4.0,248652.43559635084
10279.0,1285140.61862476,250492.66648455,4.0,133204.81633250066
10280.0,1267327.62865452,174595.248678833,4.0,1029808.6669064224
10281.0,1277355.06136879,178149.08445847,1.0,0.0
10282.0,1273007.60382834,190351.34155896297,3.0,22797.04475948506
10283.0,1272999.55499634,189704.62104630505,3.0,16484.671374206624
10284.0,1261278.20311233,239376.62602517,3.0,7235.296695584051
10285.0,1263166.23146626,236386.2658941,4.0,178016.39908902728
10286.0,1277428.56351288,265360.743043765,1.0,0.0
10287.0,1269829.86936109,225842.953307301,4.0,5480587.158911025
10288.0,1281365.4280289,228275.288349792,4.0,311422.31750232005
10289.0,1273108.75422844,271329.49453789,3.0,4727851.586101002
10290.0,1281425.74316496,229605.878495157,4.0,123198.82450080168
10291.0,1281432.36716497,229761.281759322,1.0,0.0
10292.0,1274490.65170187,249145.658995166,4.0,892097.8394823403
10293.0,1268843.26212808,197707.947582498,3.0,7742460.007702556
10294.0,1272484.61406781,229321.029342875,4.0,72383.95311652588
10295.0,1284185.62118378,257730.205115959,4.0,1772085.9723401528
10296.0,1284195.12934379,258449.094140694,3.0,541666.8370521831
10297.0,1295392.50036326,181868.662958279,3.0,152164.65588343877
10298.0,1278172.55871363,176011.376808286,1.0,0.0
10299.0,1278169.50719362,175788.686952055,3.0,235406.20851856683
10300.0,1282888.95481446,277234.459791929,3.0,706570.2543332014
10301.0,1273774.87102912,284064.176726922,3.0,1209800.0288213475
10302.0,1272625.38872395,262052.74009639,3.0,6299529.642005817
10303.0,1259411.96336642,282128.732116938,1.0,0.0
10304.0,1282789.35327835,172336.032740518,1.0,0.0
10305.0,1292765.77562457,187514.04901206505,3.0,151797.40510488194
10306.0,1287200.18861088,248722.544050738,3.0,90006.27383793127
10307.0,1272359.27998768,238662.463080436,4.0,161172.12542629035
10308.0,1272367.92037168,239074.720808849,3.0,74265.83949619769
10309.0,1281851.13503739,211881.493709013,3.0,2500.764679525883
10310.0,1282092.56825365,211877.535373002,5.0,83302.41090747241
10311.0,1254680.41212958,239201.790440992,3.0,56593.45828011166
10312.0,1254491.76163338,239205.085032985,1.0,0.0
10313.0,1279873.12223537,204973.895301938,3.0,84777.99999999997
10314.0,1271040.17272232,267813.587526292,3.0,86817.5327812752
10315.0,1271374.73669067,267802.83066228,1.0,0.0
10316.0,1256256.82531519,243798.922285691,4.0,338040.5482006643
10317.0,1283506.21932709,255904.39020209,3.0,535674.1919427131
10318.0,1284077.97241569,255889.894202068,1.0,0.0
10319.0,1257252.90992421,195449.256508186,3.0,842513.1123668542
10320.0,1271310.37989061,225869.082523331,5.0,2035899.24727261
10321.0,1260132.10237516,209898.846090972,3.0,512672.1026722381
10322.0,1263559.42487466,238690.701864466,4.0,460455.3147594495
10323.0,1275799.13304721,284460.253079325,4.0,1097667.799277508
10324.0,1279461.87045895,280471.979859248,1.0,0.0
10325.0,1266667.26609385,174597.346470833,4.0,1048761.281594902
10326.0,1282343.25350191,274987.017741635,3.0,60083.73618768882
10327.0,1278068.64786552,286105.711705014,3.0,84778.0
10328.0,1278102.01848955,286107.024665013,3.0,169542.0
10329.0,1277882.60524133,256592.303866789,3.0,781566.7647878346
10330.0,1279566.14783506,257869.420412108,4.0,755687.9719258243
10331.0,1266806.42167799,249749.173875779,4.0,364046.5977858731
10332.0,1283069.88915065,253840.92319198,3.0,92558.57938136616
10333.0,1251601.89334242,211372.477964491,4.0,197852.78841153093
10334.0,1251439.41897425,211377.460556492,3.0,1702244.06970508
10335.0,1288807.26874052,187254.609523788,3.0,429695.9574106424
10336.0,1255514.58864243,248374.550962374,4.0,35368.12675353417
10337.0,1254856.19817775,248388.475442395,4.0,55119.298248807616
10338.0,1274877.43999025,230812.399712399,4.0,156032.17266828145
10339.0,1281711.90566126,206579.257543579,4.0,2463065.34376117
10340.0,1270674.25451395,270735.013129279,4.0,17604.506197085426
10341.0,1262117.1498652,254342.018360496,4.0,1710511.245552007
10342.0,1267733.31121494,283731.243670583,3.0,94157.48316369572
10343.0,1267991.64075121,283726.448406577,3.0,177080.033235814
10344.0,1282358.41810992,175669.321383923,4.0,137685.29833232012
10345.0,1275058.21125445,277893.531920612,4.0,720656.654650282
10346.0,1273545.00894889,223998.186329424,3.0,50124.957034258754
10347.0,1268421.61892764,244901.790510818,3.0,28162.157659527868
10348.0,1285447.33222508,255229.900089398,3.0,42402.66666666666
10349.0,1285514.72057715,193046.452281728,3.0,86054.63270985417
10350.0,1285462.2465931,192978.784121647,3.0,5155.782660424654
10351.0,1253051.33302391,208198.141449243,1.0,0.0
10352.0,1258239.82659721,250176.259636223,4.0,2555757.429498034
10353.0,1258245.05757323,250424.53899647304,3.0,417722.67992001865
10354.0,1272818.21675615,230443.180640012,4.0,640663.3055534221
10355.0,1266592.95921378,234328.893347993,3.0,3656.21043583231
10356.0,1268079.4568793,179184.269035533,4.0,311995.7757044059
10357.0,1276106.55039151,237326.858791068,1.0,0.0
10358.0,1257408.97987637,215175.081232384,3.0,23787.010085616745
10359.0,1257069.82371603,215183.694096386,4.0,387428.7762080394
10360.0,1255073.29161797,241837.563371688,4.0,414880.36068284576
10361.0,1255081.66563399,242497.501996353,4.0,53706.72904049536
10362.0,1283189.87084676,201224.120962098,3.0,246730.3394330516
10363.0,1256899.44310784,249673.926323712,4.0,296573.4797196214
10364.0,1285030.00403266,205720.33210270095,3.0,73129.49631264019
10365.0,1285026.40627265,205568.583430544,3.0,140875.71332674802
10366.0,1253674.94403255,211984.923917115,4.0,195986.7480956407
10367.0,1272772.2175241,212344.355597481,3.0,162102.85967970922
10368.0,1272575.0407559,226262.022363737,4.0,728475.597663865
10369.0,1266948.23339014,236492.394278213,4.0,101463.60124581865
10370.0,1281582.53778912,197282.097662061,4.0,337107.53941103216
10371.0,1274100.53342946,230831.454816416,4.0,206785.7571466753
10372.0,1278692.40940216,270635.329609171,5.0,1565281.6594997342
10373.0,1272787.01534812,234773.945252448,3.0,64820.17610154981
10374.0,1285887.46688153,169924.88733004,3.0,412937.739829336
10375.0,1285695.08665733,169343.659489453,1.0,0.0
10376.0,1264193.81207532,233382.028451025,4.0,524708.1552010974
10377.0,1263816.47165893,191112.048375741,3.0,4856.924889456132
10378.0,1263704.62801082,191113.975479737,3.0,105436.19778750488
10379.0,1286712.71520238,281915.499284729,3.0,1558938.7945046157
10380.0,1270070.94110534,246201.116656154,4.0,604264.7748228179
10381.0,1270077.56542534,246470.14500843,4.0,10158307.096172355
10382.0,1283521.29049511,268666.769863158,3.0,300845.5631217724
10383.0,1262734.98231383,246346.732848302,4.0,524343.0679263878
10384.0,1265654.68318081,247279.21355325,3.0,22384.225323008013
10385.0,1284077.68998368,190942.473207563,1.0,0.0
10386.0,1253632.5989445,244711.692782626,1.0,0.0
10387.0,1283164.73510274,249872.621107906,3.0,214333.41532651335
10388.0,1267095.09860629,271467.717002019,4.0,269922.70572389103
10389.0,1267096.15371029,271745.235530317,1.0,0.0
10390.0,1266631.82327782,287400.347226337,3.0,4690251.899815788
10391.0,1269180.10360043,246966.692208931,3.0,524564.9045097796
10392.0,1281012.76498854,248585.65125060096,3.0,6055.067487021242
10393.0,1281201.57401273,248581.991474584,3.0,17238.74821981586
10395.0,1274303.53234167,226932.084956422,3.0,44003.159114988914
10396.0,1272939.07211627,229645.218975201,3.0,31111.65122594244
10397.0,1256976.11459592,255779.010553956,3.0,382535.091571224
10398.0,1256982.44163594,256046.636986241,3.0,232658.0095820889
10399.0,1260375.2826634,192539.417849198,4.0,938945.427337411
10400.0,1278598.58316207,222625.892824009,4.0,667970.8543892974
10401.0,1262458.93072954,195147.07404387,4.0,2905861.675260193
10402.0,1269857.00811312,218943.871316239,3.0,200470.49089691183
10403.0,1255304.16649821,211264.283660382,4.0,453194.9451872552
10405.0,1262112.02884118,266960.145349413,4.0,601239.6356308435
10406.0,1265176.67754832,270845.896777391,3.0,48776.92630476246
10407.0,1264774.79121192,234810.988836497,4.0,646666.5688895461
10408.0,1285547.03974518,259731.24806201496,3.0,154868.7005101741
10409.0,1283575.59974316,199251.621312082,3.0,1070765.1226079585
10410.0,1267962.76843117,230137.883999705,4.0,1735711.8436993428
10411.0,1268283.9938395,230129.839391693,4.0,360675.0675549882
10412.0,1255510.07190643,248109.249650106,4.0,41832.25010357859
10413.0,1263565.21489067,252711.263734818,4.0,1629650.998410094
10414.0,1283598.69651119,236488.174118206,4.0,278286.3835478717
10415.0,1274049.06795742,273949.397772565,4.0,3161037.9020398324
10416.0,1274047.31730141,275275.949261919,4.0,1513973.7458880213
10417.0,1286818.96697849,248334.969970345,3.0,53897.87169506656
10418.0,1286948.12877062,248148.644274145,3.0,19358.1611524031
10419.0,1277856.3884093,254109.86956025695,3.0,95972.43479597406
10420.0,1287779.09267546,189563.77189415705,3.0,28655.65003231101
10421.0,1258697.75939769,259622.0920939,3.0,55089.491976637895
10422.0,1258294.57226127,259619.667261899,4.0,58908.07471031099
10423.0,1276271.48773569,259624.928061903,4.0,95678.6273890743
10424.0,1276750.05893618,259609.883773878,1.0,0.0
10425.0,1276162.86130357,217375.700242639,4.0,193234.92463533583
10426.0,1282691.41190226,212542.845069692,3.0,28507.85027208457
10427.0,1264720.98948386,240738.68529056,4.0,1900809.855090168
10428.0,1280279.78879578,199891.508160725,1.0,0.0
10429.0,1284149.12876776,193420.849530101,5.0,108073.09847146344
10430.0,1284403.42944001,193062.934201732,3.0,2790.902498125135
10431.0,1272238.33829156,228902.77065444,5.0,1308125.1770341443
10432.0,1281214.08217275,222890.359448284,1.0,0.0
10433.0,1281315.50783685,223024.56456841496,3.0,84778.0
10434.0,1257852.51043682,207861.329160899,4.0,1553519.5125608114
10435.0,1271088.73893037,272737.070795327,4.0,1469388.2295979706
10436.0,1282391.94892596,284071.298774928,3.0,254898.6645160968
10437.0,1280987.26962851,215884.81902511403,3.0,59110.42802259632
10438.0,1273960.91915733,203854.235140786,3.0,13827.296268558111
10439.0,1274064.45669343,203878.96832481,3.0,16236.777768208209
10440.0,1283043.99225461,232641.98793827,3.0,81747.4763235355
10441.0,1275300.93618269,252119.616950214,3.0,750.9026376228541
10442.0,1254254.44419314,252317.770102412,4.0,45107.39104098128
10443.0,1276559.77490398,201532.524546415,1.0,0.0
10444.0,1255703.02493063,240506.769770324,4.0,259870.36021211164
10445.0,1269301.29924855,174583.37866281,4.0,962456.3204153996
10446.0,1289750.42797349,189866.305782467,3.0,23554.27711450368
10447.0,1256952.8416359,211201.803788319,4.0,940557.3817089364
10448.0,1274385.09848575,195243.946875975,4.0,443821.9443507017
10449.0,1260435.48131947,190535.189239144,3.0,1069544.5546326204
10450.0,1262138.29520921,246359.414896309,4.0,757341.93398698
10451.0,1286048.5495697,244555.770862475,4.0,104449.05335351598
10452.0,1286104.16851376,244629.055150539,3.0,31057.513951670408
10453.0,1258189.83587717,247766.170609757,5.0,84234.77065192274
10454.0,1263983.71012311,280455.309651226,3.0,100657.57919069976
10455.0,1263722.29495484,280467.231827244,1.0,0.0
10456.0,1267571.73150277,188662.804533228,3.0,61867.18283964641
10457.0,1269423.23761667,279572.318290323,1.0,0.0
10458.0,1269775.47614503,279566.874386325,3.0,63143.7783765839
10459.0,1267018.65188621,285655.73685655,1.0,0.0
10460.0,1267167.57777436,285653.340568557,3.0,222260.20610752323
10461.0,1256936.67139588,259255.24178952,1.0,0.0
10462.0,1256556.8398435,259265.827709526,5.0,1333465.937536426
10463.0,1254790.20060968,205340.906374305,3.0,285057.7573511714
10464.0,1257443.4912364,195943.930428684,3.0,53740.88573807901
10465.0,1257437.1503724,195706.51622045,1.0,0.0
10466.0,1272027.28030734,243975.878957868,4.0,97896.5264853158
10467.0,1267318.98167852,264171.76345855,4.0,640846.4129409968
10468.0,1283560.90425515,265037.823043436,3.0,1332975.2655478627
10469.0,1259514.66589452,208831.922697887,5.0,19616536.37951891
10470.0,1265982.02308515,176764.979945049,3.0,309887.855956233
10471.0,1262985.42737009,204408.808837354,4.0,657592.4338328047
10472.0,1262684.47325777,204417.325189367,4.0,489329.3146118753
10473.0,1280654.98060417,218739.101012036,4.0,52039.26070091175
10474.0,1280631.96492416,218413.402835697,4.0,306080.8932727532
10475.0,1295209.86157908,182849.661679283,1.0,0.0
10476.0,1295734.82049161,182799.831727237,4.0,328608.35432157386
10477.0,1266462.35742164,270817.936201364,3.0,38431.52821662369
10478.0,1266471.98174165,271480.172746032,4.0,42638.595646924245
10479.0,1263706.98660281,245022.124590948,3.0,43072.488650977866
10480.0,1278875.76300235,223275.284568682,4.0,1094837.6182598933
10481.0,1284073.83795168,205868.601542845,3.0,125691.12066025689
10482.0,1279868.03404337,204655.078021616,1.0,0.0
10483.0,1268929.62705617,208984.247178048,3.0,421933.4466786818
10484.0,1268591.66155182,208757.335561812,4.0,5132173.176206014
10485.0,1262089.71882516,233983.848739639,3.0,313553.5809615957
10486.0,1261777.41764085,233989.799843654,4.0,981109.0706517496
10487.0,1272724.71762006,222126.453207508,4.0,63173.48162924116
10488.0,1277528.97375298,255275.659193441,4.0,2236059.260489808
10489.0,1278448.82034591,252610.72715871,4.0,473414.62243364734
10490.0,1255393.97341031,201996.238850892,4.0,173740.4150089098
10491.0,1255277.38633819,201653.30643454203,3.0,63877.19160955035
10492.0,1272585.21982791,257412.270395637,3.0,1310859.7035781636
10493.0,1263582.13021868,276489.972431168,1.0,0.0
10494.0,1262188.01623327,210024.12833111,3.0,13130.704572507952
10495.0,1270039.10974531,216629.62491387097,3.0,58247.49054025123
10496.0,1270269.18443353,216626.230929866,3.0,87270.33541781742
10497.0,1256888.18070784,249142.16689916,4.0,733974.2980718149
10498.0,1261505.59140056,197134.717373908,3.0,893551.0646335867
10499.0,1261490.42807256,196477.65900524,3.0,209959.3524876281
10501.0,1279502.83692299,219110.623572409,4.0,1052593.0950055209
10502.0,1284056.91411166,210865.688971967,1.0,0.0
10503.0,1271584.19134688,256656.394938856,3.0,396449.5788760008
10504.0,1281746.28025329,246579.971888542,4.0,205992.2495076665
10505.0,1278368.90808983,238270.397608027,3.0,111074.61316723912
10506.0,1255126.37251404,202247.487043142,1.0,0.0
10508.0,1256095.51625903,191300.524343938,4.0,137745.7245144851
10509.0,1257177.47702813,236747.342246473,4.0,408152.2442827123
10510.0,1284993.37779261,203842.173124775,4.0,500967.22204690153
10511.0,1285398.80838503,243218.306349099,3.0,134396.1909030729
10512.0,1276212.14994362,212887.196430042,4.0,227335.57192537963
10513.0,1271104.2470904,222450.768791839,6.0,265355.9799900696
10514.0,1276808.13759224,214890.001424089,4.0,68051.04183719693
10515.0,1261447.48292051,233996.231907651,4.0,114760.08689735938
10516.0,1261450.13648851,234122.783523783,3.0,4849.273016527832
10517.0,1283139.40083072,265557.598275974,3.0,143820.96055712635
10518.0,1283110.95929469,265713.612420127,3.0,42390.0
10519.0,1286125.57664178,243589.405677482,3.0,12008.39576329276
10520.0,1276715.88741614,251981.190390065,4.0,259867.2585094045
10521.0,1276719.23423214,252643.61951075503,3.0,88032.02427399272
10522.0,1253452.33027232,243185.401901066,3.0,1510504.5435547174
10523.0,1274956.38930234,265958.617156386,4.0,337011.7015096744
10524.0,1274958.86341435,266066.34694849,4.0,5645673.997634804
10525.0,1273940.0091413,246097.733680055,4.0,1194880.2281001792
10526.0,1262141.97463322,234419.470564082,4.0,187433.9820854129
10527.0,1262096.19850516,234420.374820083,4.0,300059.8984985326
10530.0,1270709.14878599,194387.955195099,3.0,64493.61563323899
10532.0,1256040.20931497,190161.99346277103,3.0,63417.17706043377
10533.0,1264764.9448119,196418.269373178,3.0,38549.28224216845
10534.0,1264489.21207562,196420.102717176,4.0,148850.39197029776
10535.0,1278969.76121044,266494.210884929,4.0,1018479.9042457618
10536.0,1272564.08568388,255416.918777585,4.0,180407.2035001173
10537.0,1272893.96856423,255406.725881577,4.0,90972.968325723
10538.0,1269208.36830445,206953.177415967,4.0,108188.14611525464
10539.0,1269527.31128077,206947.111815959,3.0,298012.6065646408
10540.0,1262203.59722528,251006.566709071,4.0,643585.3646355228
10541.0,1262210.55127329,251651.098229736,3.0,498115.45566640166
10542.0,1277130.89055257,203345.558660269,3.0,486712.82027528994
10543.0,1255065.74044997,241507.748075351,3.0,84046.7790997864
10544.0,1285266.24006489,254313.670328453,4.0,15984.27314470924
10545.0,1285265.43232089,254601.16844075904,3.0,34.16666666666667
10546.0,1283302.87788689,237078.332710817,3.0,4515.962610205333
10547.0,1273827.77643718,242289.019180149,3.0,78117.06791852518
10548.0,1274087.65285344,242293.41022014603,3.0,112192.17477881044
10549.0,1258441.24419743,194571.051579282,4.0,658415.3572828199
10550.0,1254787.14096169,243824.63844572,4.0,269743.6164065637
10551.0,1251590.45769441,238240.267112002,3.0,203105.4498973016
10552.0,1283884.95020749,203860.11635679,4.0,184742.25812244831
10553.0,1284316.42572792,203853.032388791,3.0,140121.21674480365
10554.0,1277573.89816903,230132.074335694,3.0,291197.128098906
10555.0,1270008.95659328,215109.685712323,4.0,251516.8388477315
10556.0,1268016.98948723,251812.296373904,3.0,400698.3576175101
10557.0,1275509.4961189,254001.74079214,4.0,583522.5454043235
10558.0,1275527.18904692,254667.069176823,3.0,184669.46686837825
10559.0,1268440.30558367,278081.037456796,3.0,461399.8462667526
10560.0,1260966.09213601,287279.824858218,1.0,0.0
10561.0,1280665.12556419,282728.974037558,3.0,5984295.480123005
10562.0,1262974.06877807,187148.670451686,5.0,834112.0590769831
10563.0,1268334.09611155,232089.149793699,4.0,7591193.339634402
10564.0,1268656.10436788,232081.019553691,3.0,2906391.09751104
10565.0,1285165.24064079,193246.895801932,3.0,132160.99034370764
10566.0,1271168.95563446,232928.262626559,4.0,301357.083777398
10567.0,1270923.04664221,256676.489722878,3.0,202339.71290749536
10568.0,1259225.55626222,186702.614899233,3.0,84777.99999999997
10569.0,1259610.47447063,212164.592845306,4.0,401478.4787373093
10570.0,1263413.89828251,265597.416132018,3.0,75739.10775644425
10571.0,1277612.39679305,214130.25134331,4.0,83305.82036824532
10572.0,1277885.99794534,256260.422970459,3.0,999203.7056620148
10573.0,1266655.62046184,237682.846311435,3.0,854354.4800280946
10575.0,1268203.63051142,252482.685750589,3.0,17016.444345435102
10576.0,1254233.07120112,251327.704501405,4.0,596668.2391188884
10577.0,1264469.5169076,250310.615988359,4.0,92514.45733804617
10578.0,1280613.17100413,211903.546765029,4.0,255811.4882559988
10579.0,1276855.29464829,281410.855252206,3.0,71012.28572961078
10580.0,1293700.73767354,182164.897582576,3.0,1016643.153507742
10581.0,1273308.06418066,178779.700971112,1.0,0.0
10582.0,1285884.15910552,205427.201798394,4.0,1443.6131250317055
10583.0,1256844.66729979,207230.156232253,4.0,967510.100366629
10584.0,1256403.93065934,207245.55642426,3.0,191908.862737958
10585.0,1274291.64062966,249150.97297917295,3.0,359418.0058961367
10586.0,1275172.40101457,216426.517393664,4.0,42113.04551310924
10587.0,1280620.72473215,205289.343174264,4.0,731499.1900624032
10588.0,1284418.84153603,194220.758650929,4.0,2390620.0518024573
10589.0,1257442.69104441,258007.470652238,1.0,0.0
10590.0,1274531.32024591,226606.018012092,4.0,698205.6796981735
10591.0,1276316.62475973,213263.997134432,4.0,225713.4746189296
10592.0,1276387.4576558,212883.729870036,4.0,143791.4060071039
10593.0,1265718.70468488,235278.585700974,4.0,68995.52551208065
10594.0,1254677.24348958,202045.467394933,1.0,0.0
10595.0,1284027.14284763,264135.255618513,3.0,42397.99999999999
10596.0,1270727.11627401,245917.13591986903,3.0,163801.88363509148
10597.0,1282548.74847811,253191.760503307,4.0,458718.1441029261
10598.0,1268279.88689551,257664.711163893,4.0,131335.6593900893
10599.0,1268044.51761526,245178.839471102,4.0,177649.23542879295
10600.0,1277396.98348084,204749.068997711,1.0,0.0
10601.0,1277687.53605713,204741.226501703,3.0,148208.92549097457
10602.0,1276036.22149545,215162.625872374,4.0,59201.16250683739
10603.0,1276029.38616744,214909.228432104,3.0,41077.66296640841
10604.0,1275435.56095083,213281.77076643697,3.0,31008.024937813705
10605.0,1277376.46188082,223912.838745326,4.0,103974.62816040571
10606.0,1280288.06956379,262484.204480827,4.0,111202.27255108676
10607.0,1271773.95832308,281732.070548534,3.0,50742.705975031626
10608.0,1274411.88709378,279801.688850567,4.0,725859.1724163474
10609.0,1270674.94443396,272513.90657109,1.0,0.0
10610.0,1264563.28215569,239295.74660107505,3.0,80441.56771799785
10611.0,1264574.38282771,239690.584361494,3.0,121440.78236650502
10612.0,1270047.86366531,179164.754667506,4.0,197572.5951396372
10613.0,1270034.1796333,178511.615850836,3.0,139488.28618124928
10614.0,1285434.40147308,246513.435568467,3.0,137394.737749526
10615.0,1280112.45311561,221984.208407357,4.0,62948.57681065887
10616.0,1265104.28830025,199037.94815985896,3.0,34383.38589780621
10617.0,1253273.42512013,236055.15498176205,3.0,2948.430759757736
10618.0,1260397.19107942,193199.408377886,3.0,137430.91828806236
10619.0,1280363.40933987,205965.997318953,4.0,258944.24285933815
10620.0,1281020.99302055,210570.192203671,3.0,1686999.4378830092
10621.0,1286946.09529862,248464.216114476,3.0,50079.72072790684
10622.0,1287424.48838711,248452.47038646,3.0,169970.48297425604
10623.0,1275528.69067892,205379.227846354,4.0,66184.20806656081
10624.0,1274741.59775011,211710.00455683505,3.0,3722131.595676514
10625.0,1282910.41241449,229978.413855538,5.0,2081630.5389155908
10626.0,1255685.54499461,203327.723076254,4.0,333841.4845546683
10627.0,1255669.44528259,202866.353923783,1.0,0.0
10628.0,1266168.73662134,244060.580909967,4.0,120630.38273061856
10629.0,1285066.36288069,196009.797052756,1.0,0.0
10630.0,1265481.87972464,269528.929224044,3.0,1816221.234357156
10631.0,1272232.58833955,232270.672417894,4.0,208452.4178342358
10632.0,1272219.52734753,232584.205538213,3.0,652646.211765766
10633.0,1283045.35244662,282587.033685416,1.0,0.0
10634.0,1260408.78224744,205138.1748541,3.0,84777.99999999999
10635.0,1281416.44921295,182991.090863422,3.0,225694.3621620348
10636.0,1270918.9941622,280032.47547479,3.0,66176.25682571877
10637.0,1258597.78883758,200690.831361547,3.0,415689.5152800685
10638.0,1266473.65822165,241782.644523636,1.0,0.0
10639.0,1269298.08798455,242591.631724462,1.0,0.0
10640.0,1269221.69214447,258169.66553241,4.0,440959.0103709523
10641.0,1262817.6773539,209079.841482148,3.0,112827.45496763378
10642.0,1262690.59300178,209082.881162137,3.0,1200053.7427110395
10643.0,1280965.99833249,224145.245721564,4.0,261134.9728534456
10644.0,1264664.3554358,192428.009273097,4.0,2254914.402329492
10645.0,1258908.0241019,251546.218805626,3.0,44140.81240839694
10646.0,1258641.22870964,251550.793269634,3.0,6318.224312152297
10647.0,1269105.69336034,189147.213365734,4.0,262880.9577325536
10648.0,1269081.07556832,188464.217013031,3.0,94463.8540937177
10649.0,1277686.49176913,223301.128984705,4.0,336082.34091605275
10650.0,1279569.89125906,258863.574269116,3.0,2005339.68559815
10651.0,1274821.66322219,249136.940147161,4.0,1055566.808610859
10652.0,1275241.79557464,249128.648819149,4.0,1235595.4808795168
10653.0,1272608.38251594,215058.128400266,3.0,67131.16814783799
10654.0,1272593.25528392,214298.158479482,3.0,18839065.79954776
10655.0,1265572.76996472,243631.016493514,4.0,763195.8802907284
10656.0,1280337.09605984,229632.536927193,4.0,155765.72894634932
10657.0,1270470.55902575,285183.848408073,3.0,42578.66330891331
10658.0,1270470.69489774,285349.885784239,3.0,80671.05039448563
10659.0,1261292.14532034,283923.306646779,1.0,0.0
10660.0,1269757.23435302,271911.231242478,3.0,55477.498189567785
10661.0,1269939.3015532,271908.201034471,1.0,0.0
10663.0,1266601.86302179,256255.264186442,4.0,90322.81022511989
10664.0,1264974.99063613,258271.768380508,4.0,144867.69253426496
10665.0,1278215.42021768,207195.395144209,3.0,31249.34015044319
10666.0,1269497.23192075,271421.341129974,3.0,26674.85428693831
10667.0,1258106.06275709,195506.284988239,1.0,0.0
10668.0,1273948.84606931,203360.401156291,3.0,27352.59406272909
10669.0,1274957.49394234,265297.445251703,4.0,382164.8022949316
10670.0,1283329.55763091,265719.936196133,1.0,0.0
10671.0,1283547.89574313,265699.880772114,4.0,611550.9887172994
10672.0,1274130.3059735,248215.536178216,3.0,123459.66753662778
10673.0,1274803.47621419,248195.333490193,3.0,28477.53672132164
10674.0,1257668.48099664,243104.190764979,4.0,3461930.230191916
10675.0,1270054.45163332,217404.566290662,4.0,229231.77150811997
10676.0,1275840.27794324,205850.733126834,3.0,86931.96583971304
10677.0,1281547.54905309,197566.86547035,1.0,0.0
10678.0,1287930.41453162,186982.756083518,3.0,123318.10797947962
10679.0,1253871.39932875,252054.357558146,1.0,0.0
10680.0,1276313.34687173,266579.301253021,3.0,25528.874124593684
10681.0,1270091.11262536,246997.91064097,4.0,1217975.3360099427
10682.0,1270754.10110603,246984.698096961,4.0,981000.1771783406
10683.0,1280514.70431603,249920.09349195697,3.0,49118.89619437981
10684.0,1280283.58994779,227849.585437357,4.0,128926.88780534404
10685.0,1285199.90291283,188268.786676824,4.0,582854.1899065495
10686.0,1285325.48569696,188263.295540825,4.0,7287716.0296365395
10687.0,1271606.94059491,236398.259622112,3.0,88655.33401606436
10688.0,1276669.47346409,282170.991892993,3.0,304555.8517017594
10689.0,1283268.07084686,172327.527524501,3.0,42396.0
10690.0,1258710.4401657,239695.716265485,4.0,1272398.314082218
10691.0,1280842.28831637,255181.299833342,3.0,285711.4239809319
10692.0,1281008.09305254,225644.292635098,4.0,238751.4373846035
10693.0,1284223.13062383,198001.791102797,3.0,174145.47673825122
10694.0,1284884.3363205,197988.770814776,4.0,444520.59205030976
10695.0,1255711.51081863,200145.843264997,3.0,5328.375005480663
10696.0,1272379.14481971,194361.13925907,4.0,163545.3698443813
10697.0,1285226.16108885,206946.812935963,4.0,722555.1400143721
10698.0,1260625.00887166,251047.756917119,3.0,105851.750028791
10699.0,1276758.43589619,215409.381648615,3.0,10988.132078583863
10700.0,1276837.24511227,215407.498448625,3.0,31598.208254515324
10701.0,1285547.29363318,248494.827634498,3.0,47065.58530167052
10702.0,1286501.85670616,204058.618564993,1.0,0.0
10703.0,1254136.21308902,216894.35669013896,3.0,101647.23813512262
10704.0,1253834.39843272,216452.431377694,3.0,100286.57541141268
10705.0,1265076.02686022,265550.82861197,4.0,256522.95303270945
10706.0,1265085.44740424,266213.237060651,4.0,619780.2999095775
10707.0,1278630.20281009,225228.875802681,4.0,365121.092587078
10709.0,1281928.12473348,199274.771200106,4.0,412358.0286125908
10710.0,1281924.51385348,198954.88371177003,3.0,149409.9251297612
10711.0,1259155.36119016,250413.873972461,3.0,92020.21001359726
10712.0,1267101.3899343,273289.79834789,3.0,294803.5012679651
10713.0,1269741.661553,213135.524622291,4.0,224987.2211699571
10714.0,1272058.66117138,210135.76519522103,3.0,147484.3609455575
10716.0,1257666.90909263,256416.52633062,3.0,449773.92497740913
10717.0,1282318.29190187,209153.049034223,4.0,63272.46081007518
10718.0,1281668.52057321,263097.614657462,4.0,1273101.5292102164
10719.0,1269959.08600122,194940.989179656,1.0,0.0
10720.0,1270204.71313748,194942.155835658,3.0,86655.4069780271
10721.0,1272552.03947587,194998.026171714,3.0,172680.12323741306
10722.0,1272897.29598823,194964.70796369,1.0,0.0
10723.0,1275308.6277667,212142.924621284,3.0,42430.56845268991
10724.0,1262736.86717783,251641.821941718,3.0,57124.26485342929
10725.0,1271482.59838678,211044.940236151,1.0,0.0
10726.0,1255575.61341049,234544.176676214,4.0,5451337.220575908
10727.0,1255582.6186585,234814.090212494,4.0,128948.35361614962
10728.0,1269720.33022498,241872.672555715,4.0,285539.6042610534
10729.0,1258561.77347755,212198.092813328,4.0,241476.8101807229
10730.0,1273540.20773289,226122.090523586,4.0,415234.0533294474
10731.0,1266462.81706963,227220.091932714,3.0,82131.26207224138
10732.0,1275102.7613984903,222380.54914376096,4.0,1343233.2733137603
10733.0,1252215.51318306,212288.122125432,4.0,1077154.566631805
10734.0,1251960.57411079,212299.269453436,1.0,0.0
10735.0,1263270.21649037,252445.450294554,3.0,699200.237649201
10736.0,1268058.56811127,227074.571548566,4.0,704670.6245710128
10737.0,1257886.53693286,198734.032447547,4.0,598668.661286131
10738.0,1287236.43597092,253624.896119758,1.0,0.0
10739.0,1273402.00856474,245884.666159824,3.0,319636.92979733285
10740.0,1264257.60919538,266899.002437353,3.0,18101.09698810967
10741.0,1263587.3903787,239620.868009418,4.0,382015.9442238085
10742.0,1254682.98134558,212604.366925746,3.0,78104.1159733261
10743.0,1262904.82973799,233101.648738742,3.0,101395.71124585254
10744.0,1277719.84639317,247393.796657369,3.0,35888.082957796774
10745.0,1272367.12645169,224716.54383415,4.0,684912.4141797132
10746.0,1263353.43217045,259229.460029498,4.0,6378824.363931743
10747.0,1281775.16537333,251222.585269302,4.0,68612.67124941488
10748.0,1281775.19686133,251569.609205648,1.0,0.0
10749.0,1281608.58764514,205561.412486538,3.0,3244.864720174061
10750.0,1261541.13757659,210298.927947387,3.0,1860.9437949531664
10751.0,1267167.33073436,286391.560537308,3.0,512096.4609885124
10752.0,1265584.10718074,188698.656821266,3.0,397716.0446198514
10754.0,1257797.00989276,213818.635470986,4.0,117343.1629605775
10755.0,1256248.45955518,252410.475638509,3.0,38830.61764908368
10756.0,1267334.27499053,243934.424301833,4.0,406971.099435435
10757.0,1267490.3189587,243931.112301826,4.0,502590.6829046205
10758.0,1250853.07234965,239283.242665067,3.0,204211.94537109515
10759.0,1250568.52303736,239317.27837710097,3.0,43235.68306538991
10760.0,1278187.66367365,232080.075681686,4.0,106224.92335711948
10761.0,1278498.67845796,232044.882465661,4.0,24952.50619308766
10762.0,1255809.51849873,235603.019045293,3.0,1318.204998240794
10763.0,1275668.91282307,267921.232646391,1.0,0.0
10764.0,1275103.1137825,217913.92910718903,3.0,185437.76135425185
10765.0,1275369.88683876,217907.066579178,3.0,60837.57573685374
10766.0,1282008.34367757,254867.342393026,1.0,0.0
10767.0,1256060.50614698,206951.129863963,3.0,61309.30569966419
10768.0,1277192.96684062,266559.650372997,3.0,142151.2306680142
10769.0,1266787.32983798,248969.477938995,4.0,189959.5677437373
10770.0,1279096.40729058,207595.355912626,1.0,0.0
10771.0,1260385.80752742,237682.664551437,3.0,40509.67291480877
10772.0,1265759.58058892,232154.150945768,5.0,1256991.8990411316
10773.0,1283160.83353475,249520.616243556,1.0,0.0
10774.0,1273754.39730111,196211.960700959,5.0,634320.2416397678
10775.0,1261552.62020062,287004.070169941,3.0,79893.58800591496
10776.0,1279420.02245891,275744.397134408,4.0,47617.77434504412
10777.0,1263523.59556264,189781.758326381,3.0,38408.197815945925
10778.0,1279095.68223457,276416.54343909,4.0,308326.77934921026
10779.0,1277077.52120851,206889.0492879,3.0,84347.44837157326
10780.0,1282605.62956618,235294.811364979,4.0,42487.21111111109
10781.0,1277021.08562446,268869.925319359,3.0,148536.73219485025
10782.0,1275142.01163852,242892.369644761,4.0,70158.96620368167
10783.0,1275426.92677481,242883.221676752,4.0,47940.10157470148
10784.0,1273565.19422892,256384.399418578,4.0,32157.71524246414
10785.0,1282369.78297393,270366.881608903,3.0,21950.68169135084
10786.0,1252351.49551919,241233.80765906,3.0,132256.5072035544
10787.0,1282576.99545415,247228.608369201,4.0,4661711.308706212
10788.0,1282584.48332615,247888.432497874,4.0,4166585.0949623752
10789.0,1271813.80209912,227999.639581516,4.0,191603.62293136065
10790.0,1256810.92297976,188619.107765183,3.0,46446.93285879072
10791.0,1285992.42828964,195700.318012446,3.0,822993.4013947382
10792.0,1272386.5627397,252616.91781471705,3.0,12034.897991307573
10793.0,1281113.81663664,194661.737083375,1.0,0.0
10794.0,1280131.40357964,246765.568304732,3.0,5760.925543550215
10795.0,1275889.19058329,228787.433630317,4.0,119108.78093641395
10796.0,1258037.94838901,285689.92412059,4.0,212340.59216777372
10797.0,1257498.47376446,285708.812888607,4.0,92113.66938735722
10798.0,1278212.53503367,219276.312916577,3.0,1123.9947867120484
10799.0,1274823.4387742,214588.642767787,4.0,215805.77677399453
10801.0,1262977.32170607,256208.449658394,4.0,80277.3724981147
10802.0,1289137.51610085,188618.211829185,4.0,15669.218312423927
10803.0,1276862.0705203,219807.536533132,3.0,83682.71289053017
10804.0,1268731.10647996,240459.635050267,3.0,79988.33599400957
10805.0,1263729.98621884,263623.911873996,1.0,0.0
10806.0,1285012.43513663,204908.184133872,4.0,1629783.676763395
10807.0,1269531.54123278,226656.524828136,3.0,18801.292274857948
10808.0,1285095.68102472,248350.498802349,3.0,82715.22650106694
10809.0,1273045.22578038,194244.598522946,1.0,0.0
10810.0,1292498.19277631,184362.861744836,3.0,23673.886360938573
10811.0,1273152.40798849,240212.100714013,4.0,60806.36001936072
10812.0,1280612.31897213,203282.820612207,4.0,100410.39549633082
10813.0,1286009.14112166,199526.096832365,3.0,11511.41513321078
10814.0,1286242.10790589,199525.03942436,3.0,148140.61832579953
10815.0,1273004.83909234,268007.002502486,4.0,239866.1730003898
10817.0,1250422.16342121,213431.406926602,3.0,498901.21532323456
10818.0,1254871.16995378,249733.91237177,3.0,3216526.4928648663
10819.0,1254204.90947309,249753.104947791,4.0,4420465.431698752
10820.0,1270091.17361736,244477.562670395,4.0,153340.61400761106
10821.0,1272817.68325216,227117.055708617,3.0,100797.0969312316
10822.0,1270775.72312206,281030.551891819,1.0,0.0
10823.0,1261359.03133641,172895.371877089,3.0,567547.8711217039
10824.0,1261338.1550484,172439.712036625,1.0,0.0
10825.0,1268322.33105555,176285.918888554,1.0,0.0
10826.0,1277516.68735296,251971.603126064,4.0,270838.1383846628
10827.0,1275575.47301497,221145.92399050304,3.0,69380.97302290448
10828.0,1256674.26115562,202792.736259699,3.0,47216.68613888155
10829.0,1256299.41545923,202706.746307611,1.0,0.0
10830.0,1276503.49906392,227494.857501,4.0,76188.25683137761
10831.0,1272969.32734831,235505.642277196,1.0,0.0
10832.0,1258190.35786118,257819.10290804497,3.0,18224.84922197708
10833.0,1257872.23517284,215163.14395237,3.0,317714.2638241032
10834.0,1268255.30097547,226024.44207549104,3.0,12815.16840030133
10835.0,1267940.17534316,226311.38805978,3.0,24027.776313788057
10836.0,1267721.70724693,233679.092835337,3.0,104846.8718553991
10837.0,1268072.56971128,233672.154147327,4.0,6990023.476959093
10838.0,1266538.99178971,268165.252486646,1.0,0.0
10839.0,1254071.00950496,212169.441933304,1.0,0.0
10840.0,1254064.95964895,211969.26119710496,3.0,56085.28980867285
10841.0,1262212.1434653,210815.702539921,3.0,94454.5199309684
10842.0,1262204.05226529,210551.844107643,3.0,18699.985982021808
10843.0,1271088.39998637,272468.723915055,3.0,44896.13521860592
10844.0,1271438.37630674,272457.43226704,1.0,0.0
10845.0,1268255.51556748,225900.589659363,1.0,0.0
10846.0,1275431.10392682,281895.633172706,3.0,45520.49217551201
10847.0,1276368.08696778,278180.656720906,3.0,256062.86768941872
10848.0,1286368.34547402,282355.205077171,3.0,21951.177777777782
10849.0,1261531.0634646,250357.387188405,3.0,110099.36254212934
10850.0,1255104.15472201,243819.105645716,3.0,46124.99306548985
10851.0,1258799.6994938,199872.078720719,3.0,360452.99496463226
10852.0,1263101.16759419,266931.61453338,4.0,775371.276079953
10853.0,1264234.21687536,250965.089397028,4.0,463291.5467058648
10854.0,1287276.09760295,205657.82765463,1.0,0.0
10857.0,1257040.750948,195349.811836079,4.0,1694341.0988417403
10858.0,1270738.53259403,270069.137160599,3.0,56926.15153963343
10859.0,1272847.22360417,200322.93152117697,3.0,34302.99447729137
10860.0,1254697.90851359,239861.862889662,4.0,810274.7134459069
10861.0,1276442.09861585,225279.036442727,4.0,782724.9419345811
10862.0,1266411.02814159,232457.863970086,4.0,98683.21488482418
10863.0,1266732.66033392,232449.88726607,4.0,182678.54901761696
10864.0,1265880.60132505,277656.047824368,1.0,0.0
10865.0,1266783.54212597,271473.94669804,4.0,301117.92287654674
10866.0,1261306.61802436,169689.730657801,1.0,0.0
10867.0,1278762.89221823,177114.625257403,3.0,63480.78911134551
10868.0,1278733.21772221,176452.691176727,4.0,134995.53419004448
10869.0,1258419.5808374,286598.833113521,4.0,70436.12105521567
10870.0,1283647.05862324,192902.658937573,1.0,0.0
10871.0,1283987.91193558,180695.655149072,4.0,227713.6175085985
10872.0,1284195.05683179,180506.377964884,3.0,271047.7373110713
10873.0,1288015.32576372,249552.95640358297,3.0,872158.4988269446
10874.0,1258913.58250192,251865.885813951,3.0,10163.396778591688
10875.0,1258646.78186163,251870.24734996297,3.0,35493.54798155264
10876.0,1256289.55197123,244753.670062676,3.0,34809.61808826855
10877.0,1283537.44300713,193152.582969829,1.0,0.0
10878.0,1261568.54372063,268093.013830572,1.0,0.0
10879.0,1260083.26877511,212940.652302101,1.0,0.0
10880.0,1270056.26987332,268755.549575254,3.0,342628.0185379027
10882.0,1275896.97765531,255323.09215349,3.0,50949.14911928307
10883.0,1266221.47236539,237123.174822852,3.0,8414.181849188328
10884.0,1270403.44529767,269875.909832403,4.0,549130.5366148072
10885.0,1271752.16805106,274029.066252649,3.0,1151063.0482866853
10886.0,1269312.25688057,276741.03623943,3.0,200986.67709238816
10887.0,1291096.34195887,180576.429356948,3.0,554716.8328464455
10888.0,1264395.98263553,281040.902611822,1.0,0.0
10889.0,1269969.65944123,213131.021390289,4.0,282818.9259613612
10890.0,1270199.07864147,213126.443278283,4.0,963315.7417813898
10891.0,1279958.76575546,265805.150276229,4.0,236888.24537557227
10892.0,1279991.60594749,266464.824132904,4.0,333155.05346814246
10893.0,1281764.65522932,203914.41907684496,3.0,40791.6315610624
10894.0,1283941.47404754,232616.20125024,1.0,0.0
10895.0,1265629.69534078,246283.27691224203,3.0,83693.45480499903
10896.0,1265632.71569279,246402.388912365,3.0,229810.7649895509
10897.0,1280332.33196384,266454.989188895,4.0,289201.7905217632
10898.0,1264018.71370713,282161.298324972,4.0,93502.6267145162
10899.0,1264030.26551515,282368.045653194,1.0,0.0
10900.0,1266813.15691,250019.114292055,4.0,65773.53843417685
10902.0,1276996.50168842,254626.689016774,4.0,2970441.9536089944
10903.0,1255984.20976292,206843.723271847,3.0,37283.98997392756
10904.0,1258084.54147707,193925.285818622,3.0,55966.12112499737
10905.0,1282852.61497442,256187.500858381,3.0,24811.04405191536
10906.0,1255171.49910608,242166.123756021,1.0,0.0
10907.0,1280433.08108395,230481.840352058,4.0,144737.00831643678
10908.0,1272730.97778006,225998.593051463,4.0,825623.9179635292
10909.0,1285438.78368108,192643.282169312,3.0,32107.838667227505
10910.0,1268390.34897561,234291.143715963,4.0,743372.3967443871
10911.0,1251841.87254266,237925.253927678,4.0,243194.3663975594
10912.0,1273705.98763706,194639.76831536004,3.0,54597.35299523919
10913.0,1281471.044925,263973.735618353,3.0,94454.5539522046
10914.0,1281256.7340128,264134.058818519,1.0,0.0
10915.0,1281090.28089263,181713.39031811096,3.0,6318.471163590652
10916.0,1274211.39832558,192133.106680781,4.0,1554084.4116495545
10917.0,1276552.18501598,179094.849259436,3.0,641469.6578450609
10918.0,1287827.38323551,192679.53407335296,3.0,92500.19281267356
10919.0,1270475.69784175,247526.047089517,3.0,27758.028457788987
10920.0,1279508.059323,218023.683475301,4.0,1201186.2145067698
10921.0,1259359.46743037,212172.690957308,4.0,364020.6244492036
10922.0,1259348.84208636,211779.009996906,3.0,999.9400843575464
10923.0,1285071.1912327,251156.28882122,3.0,28563.01982563036
10924.0,1280474.20735599,225363.512346819,4.0,194834.7341449577
10925.0,1278252.73637772,260389.718526676,3.0,28163.341340612733
10926.0,1271560.83576286,230882.564256474,3.0,520271.4144664699
10927.0,1264000.44074713,281608.925780416,3.0,44511.00516743797
10928.0,1263649.84234676,281618.913620427,1.0,0.0
10929.0,1259731.64611875,261707.958336025,1.0,0.0
10930.0,1264845.21495599,168989.919393092,3.0,84778.0
10931.0,1264784.81745192,168728.460576817,3.0,134464.61745815337
10932.0,1265321.79473247,281642.071380451,4.0,1131415.0354043727
10933.0,1264661.10903579,281639.985428438,4.0,1024815.1531658432
10934.0,1260367.9831434,285442.469912335,1.0,0.0
10935.0,1260123.75555915,285449.149016351,4.0,89312.54422799432
10936.0,1264645.05297178,258279.521276519,4.0,36675.80290619248
10937.0,1277629.56344907,205462.087558433,4.0,220716.66164219857
10938.0,1277873.83621733,205448.38125442,3.0,126793.70774161528
10939.0,1265191.41834834,248966.415922984,3.0,132354.1758565522
10940.0,1279627.68345112,210965.509964079,3.0,1479641.183990691
10941.0,1259267.24349427,211766.335436895,3.0,167619.99721841628
10942.0,1282049.95026961,254763.283256918,1.0,0.0
10943.0,1258870.81219786,213788.326158956,4.0,129133.21428684457
10944.0,1262186.27805726,250348.599796399,4.0,786254.6484189903
10945.0,1276418.01042384,247356.41912134,4.0,74598.65148795978
10946.0,1276423.15768784,247686.815793678,4.0,130827.06176871258
10947.0,1266048.26538922,246013.594415963,4.0,2010862.3803979475
10948.0,1261561.95287262,287517.513690457,3.0,39693.61996062693
10949.0,1261276.95504834,287526.209178463,3.0,44656.40814518811
10950.0,1259727.07888675,204486.299845442,4.0,1457496.730441977
10951.0,1259394.0877824,204495.344389454,4.0,14753258.22078673
10952.0,1265549.54065271,252949.59627907,4.0,1545206.0730456966
10953.0,1257293.01488425,238387.734952152,3.0,44230.21223063699
10954.0,1265161.4719163,236841.44407056304,3.0,29578.70010389846
10955.0,1260854.47952791,197808.552318603,3.0,36801.65325247925
10956.0,1260839.50941588,197149.961789921,4.0,544974.9182514175
10957.0,1281785.07871734,249897.507891938,3.0,21005.128460318607
10958.0,1278364.71122582,237267.919975013,4.0,278244.5230526924
10959.0,1259980.84087101,252347.716918454,4.0,133818.54353100513
10960.0,1259716.87946273,252352.294326454,4.0,217769.21251725263
10962.0,1271957.03473927,268433.404550925,1.0,0.0
10963.0,1285238.46681687,242365.14398022,1.0,0.0
10964.0,1285166.05132879,243012.774572894,3.0,42498.24646464647
10965.0,1269493.59640074,258162.851900399,3.0,260819.3791330729
10966.0,1269501.01700875,258824.326333076,4.0,1145923.8630854278
10967.0,1274124.73285349,247955.838833943,3.0,66116.28393492753
10968.0,1261423.79172048,261763.853888094,3.0,40635.537161036285
10969.0,1266619.9174858,284740.207191616,3.0,339326.62412648706
10970.0,1270151.38609742,169708.723681822,1.0,0.0
10971.0,1270190.30731346,169653.84982577,3.0,88837.12483115142
10972.0,1288201.6945319,184780.571185261,3.0,323091.1875680711
10973.0,1293128.93204094,183941.697200403,4.0,205684.81974712477
10974.0,1262070.81175314,176387.026920661,3.0,23.2
10976.0,1284985.01427262,203380.910276309,3.0,231591.1287821164
10977.0,1285663.2648973,203374.507716298,3.0,83281.22141420984
10978.0,1259573.62608659,211137.11950025,3.0,24774.3769705041
10979.0,1266079.66135725,266186.008132622,4.0,995309.9740239969
10980.0,1268083.0847833,240626.051370442,4.0,550075.2205386478
10981.0,1271306.0517626,255414.085433587,1.0,0.0
10982.0,1278415.63468188,234089.338723749,5.0,198932.0079243648
10983.0,1266433.90404561,277016.492687702,1.0,0.0
10984.0,1268216.88734344,253170.42162329,4.0,2971594.169273172
10985.0,1264455.66525958,205690.979846671,3.0,50445.125862215165
10986.0,1267312.46788651,263509.964929879,3.0,71785.3680595825
10987.0,1254178.36918506,248804.336498812,4.0,306312.3992432388
10988.0,1262403.96759349,256216.232122406,4.0,263645.18895212456
10989.0,1277349.38552879,222637.010200024,3.0,40019.21465189627
10990.0,1265418.74404457,235285.220196977,4.0,93118.7940784863
10991.0,1274214.08568558,255106.154297277,4.0,103692.56470807148
10992.0,1274877.26021425,255086.51948125695,3.0,178676.93531980863
10993.0,1265588.71383674,188449.54251702095,3.0,438635.3651730935
10994.0,1258644.01738164,251710.708981797,3.0,62660.37676814415
10995.0,1286960.38137864,202145.726403043,1.0,0.0
10996.0,1284944.46707256,209025.335050091,1.0,0.0
10997.0,1258655.42160565,252369.712246463,4.0,63397.98546460447
10998.0,1264017.17265114,211849.616140977,1.0,0.0
10999.0,1264011.43089113,211692.24769282303,3.0,69753.11906351535
11000.0,1276795.89778422,212100.87674923203,3.0,100120.75850179908
11001.0,1257190.68304415,197447.444798231,4.0,48099.89138515164
11002.0,1256527.95670746,197490.101886272,3.0,13562.370653303298
11003.0,1285884.79430553,256277.792698473,3.0,460923.075947011
11004.0,1286002.94368166,256352.549434543,3.0,184386.76132819752
11005.0,1272921.33861226,225044.454234496,4.0,553321.880825313
11006.0,1271203.5769465,250693.16869275304,3.0,120648.74956903375
11007.0,1264472.9043636,245016.94545494,3.0,142776.78835808948
11008.0,1265528.30711669,241624.473899469,4.0,1474302.891860752
11009.0,1265544.2595007,242319.539116174,4.0,1275911.6193615976
11010.0,1272020.82597134,225933.920283407,4.0,885716.9516060574
11011.0,1272297.95365162,226097.990811571,4.0,822358.2920661998
11012.0,1266111.20785329,267510.860101968,3.0,856036.662124902
11013.0,1271089.82289837,277044.153359741,3.0,503054.2579081528
11014.0,1271379.41317068,277034.277391732,1.0,0.0
11015.0,1264237.29265136,266237.942404673,3.0,187334.27118402213
11016.0,1267008.7713742,189775.117942378,1.0,0.0
11017.0,1271099.03185838,278523.092369244,3.0,2083918.836407641
11018.0,1276069.04754348,281491.078868285,1.0,0.0
11019.0,1282035.38630159,232669.638434291,3.0,139321.65196209002
11020.0,1285612.36864126,200869.636097729,3.0,325832.3255126645
11021.0,1286335.21036999,204606.744453564,4.0,249123.00930576105
11022.0,1286477.34854613,204603.211013556,3.0,236843.05095896157
11023.0,1260302.63741533,248268.409778267,4.0,137187.39353391668
11024.0,1280459.76773998,258175.383356422,1.0,0.0
11025.0,1267654.65060686,260850.825535148,4.0,198290.1752675831
11026.0,1280693.56908421,223913.671705335,3.0,117456.20670346948
11027.0,1269062.5854563,242236.4021561,3.0,37870.01213831258
11028.0,1269064.57169631,242316.576812178,3.0,38932.90451229838
11029.0,1277293.92991273,181727.193454131,4.0,478809.8763319282
11030.0,1285491.39577712,277561.27374427,1.0,0.0
11031.0,1284249.94451186,235250.063076943,4.0,46640.044047124655
11032.0,1273613.56357296,265727.13402015,3.0,240298.42687800663
11033.0,1273948.35358931,265717.416196138,1.0,0.0
11034.0,1284373.27929598,189435.07890202096,3.0,563015.5942587492
11035.0,1265332.50865248,197078.210301846,4.0,5255725.427990999
11036.0,1258602.4324856,211160.315020278,5.0,1179139.6135403682
11037.0,1274552.99147792,217415.050834671,3.0,61641.7571825508
11038.0,1274545.15192592,205673.935878649,1.0,0.0
11039.0,1285120.68524875,194207.296762913,3.0,1649108.0835299045
11040.0,1280882.28524441,200834.366529703,3.0,1.0
11041.0,1280996.33030052,200704.273281559,3.0,46210.71132406775
11042.0,1279870.37260337,231025.244128615,3.0,2126586.096290307
11043.0,1274883.43736626,231625.060833231,3.0,84036.03979068737
11044.0,1254721.35171361,254425.980792582,3.0,42523.81904761904
11045.0,1265752.93201292,236518.306598231,4.0,41293.82587276446
11046.0,1263690.79044281,282172.835732982,3.0,83990.31125780939
11047.0,1263348.97713046,282184.406549007,3.0,603550.9424876942
11048.0,1282313.13938987,173331.76240553,4.0,5973196.113504818
11049.0,1278772.41874625,219732.205973044,4.0,112766.4804182871
11050.0,1278766.79705024,219412.050772727,3.0,83418.56453134574
11051.0,1274402.31166977,273059.238155663,4.0,1024990.0517020248
11052.0,1279718.98085922,272421.775499001,4.0,320765.98607685906
11054.0,1277743.42111319,175792.81687205998,3.0,396964.6576438926
11055.0,1269514.37720077,244880.823022798,3.0,49935.08136489824
11056.0,1270290.50820956,287130.047578067,1.0,0.0
11057.0,1257891.86141287,204559.153989509,4.0,28963.512603209147
11058.0,1271816.72139512,242709.637740582,4.0,253330.5145766124
11059.0,1263918.21815504,240175.373097986,3.0,352008.4598457474
11060.0,1266780.32561396,260078.508542359,4.0,120648.75414594752
11061.0,1281540.65599708,256218.548026413,4.0,67552.62497810806
11062.0,1282056.94726162,209904.451402992,4.0,133810.372451623
11063.0,1255068.16035397,244678.59179058703,3.0,22556.059253259868
11064.0,1254960.07004987,244680.67447859,3.0,111019.551678086
11065.0,1287606.06777929,203183.368068099,4.0,54556.49148558042
11066.0,1288027.72013173,203539.663940474,3.0,28432.274272960167
11067.0,1266888.79063807,237400.344551146,3.0,115652.25770003974
11069.0,1279485.44223498,201368.930050239,4.0,64563.89812725898
11070.0,1259380.50480638,258397.983996645,1.0,0.0
11071.0,1263015.76490611,172659.638372853,3.0,125949.52033004545
11072.0,1261983.09175305,260682.545342982,1.0,0.0
11073.0,1263311.32106641,172646.985892832,3.0,6269.198247263823
11074.0,1270798.84613009,272726.985867321,3.0,1073250.4261931886
11075.0,1273224.35474056,272484.966283068,1.0,0.0
11076.0,1273742.43602109,272471.634635061,3.0,122839.8336980394
11077.0,1264092.43140322,191107.293111742,3.0,153477.40762171612
11078.0,1265718.41271688,264208.826370597,4.0,881336.4393091649
11079.0,1277698.40549715,223905.75900133,4.0,158998.34263151386
11080.0,1266089.18065326,232466.141474083,4.0,338607.3791673544
11081.0,1278167.51672962,231511.486881107,4.0,126615.6659247298
11082.0,1262159.88240923,247397.246449381,4.0,300995.9700567893
11083.0,1262165.91031325,247680.161585674,4.0,202494.5749551016
11084.0,1263905.80836302,239615.93917740896,3.0,243778.7126449872
11085.0,1274017.16446938,249395.188339427,3.0,3472661.681035658
11086.0,1271137.31397043,286655.306073576,3.0,932968.54487757
11087.0,1287672.48921937,249846.881651893,3.0,118667.68037266002
11088.0,1287998.61421169,249801.913907841,1.0,0.0
11089.0,1273382.81893273,284390.930007264,1.0,0.0
11090.0,1281504.68754904,254520.262712672,3.0,135168.8568548663
11091.0,1287623.92237131,253023.211575136,5.0,8731218.910374725
11092.0,1262751.96848984,247128.984881103,4.0,183102.37514334984
11093.0,1274223.46590959,217119.83457838,3.0,38613.57472214604
11094.0,1282472.83852604,200592.489345446,3.0,1858311.493341659
11095.0,1264090.14199521,229810.048031375,4.0,63987.15604461108
11096.0,1283620.1967992,203033.084867954,4.0,18532.85810889778
11097.0,1269872.46801713,255500.083257675,4.0,6028823.541287152
11098.0,1254533.66044943,236358.548070073,3.0,183117.15355434528
11099.0,1254611.9244495,236720.448294446,4.0,782910.9859417229
11100.0,1258340.67088532,218179.378387466,3.0,371694.22683636495
11101.0,1258328.36381331,217874.14177914,3.0,83755.61984263817
11102.0,1281852.8528614,186474.289906994,1.0,0.0
11103.0,1265974.16183715,258908.988861173,4.0,190376.32956917043
11104.0,1278243.31647371,285248.369560137,4.0,14390632.658197772
11105.0,1270935.40984222,240398.22634621,3.0,78534.79677842694
11106.0,1287707.54886739,249238.52657926097,3.0,683362.0340485238
11107.0,1274275.59275764,260677.420350984,4.0,185509.3663058679
11108.0,1269808.11780907,244875.356526792,3.0,20400.970352457047
11109.0,1269315.70961656,252952.16645506,3.0,2134675.4458823
11110.0,1273364.06341271,236835.789926559,3.0,202453.62248523088
11111.0,1262364.29930544,259166.429949433,4.0,496921.0534312917
11112.0,1262372.15920946,259664.706173941,4.0,296217.64720249764
11113.0,1276147.98501556,214906.489936113,3.0,70842.27908974017
11114.0,1280415.84786794,207961.22164098904,3.0,97597.65270353189
11115.0,1277748.6586812,248830.143218845,3.0,794521.3459965789
11116.0,1278855.39596233,213805.763150975,1.0,0.0
11117.0,1283495.45785508,249866.609331906,4.0,336291.1180972449
11118.0,1266716.62788591,266170.872644603,4.0,1230864.1589548131
11119.0,1259550.96605456,210455.386635557,4.0,1326621.1656051772
11120.0,1259239.99095024,210461.880395561,4.0,1810676.890065714
11121.0,1264474.0864436,195774.508860514,4.0,4874305.905191792
11122.0,1267967.21758318,251552.218165636,3.0,302806.4044818313
11123.0,1267550.41591875,280748.517395526,3.0,84777.99999999999
11124.0,1267787.176623,280744.276883528,3.0,140592.4248195636
11125.0,1267093.23243029,228823.361374363,4.0,209060.85290077107
11126.0,1269982.52459325,248192.996210188,3.0,23361.08281488988
11127.0,1266626.49719781,172657.450404838,4.0,2661976.942366344
11128.0,1265798.11498897,281631.99163644,3.0,1166747.0156982627
11129.0,1257447.95056441,205239.237254202,4.0,570924.2332736853
11130.0,1280995.16460453,216284.134161517,4.0,71928.83439989443
11131.0,1281211.97260475,216285.290641516,1.0,0.0
11132.0,1277715.92216916,174124.381862342,1.0,0.0
11133.0,1293893.81959373,187984.11531654,3.0,43530.07240284546
11134.0,1283196.89676678,177852.494826168,1.0,0.0
11135.0,1276254.90411967,201651.108930528,1.0,0.0
11136.0,1279820.76345132,222385.52091977,4.0,69045.00416725529
11137.0,1256984.01609993,239011.905320793,4.0,710167.3954744461
11138.0,1255692.50985861,206460.933639452,3.0,13644.985771798798
11139.0,1281704.04543725,268121.605958596,3.0,111267.49199158132
11140.0,1281994.04908554,268114.226054594,1.0,0.0
11141.0,1282353.23212591,263731.905090109,3.0,63437.27739995932
11142.0,1282518.89516608,263725.084226102,3.0,17264.16961224799
11143.0,1273230.80875657,227059.110940546,4.0,395187.585582364
11144.0,1279741.05657125,247286.624625266,3.0,1336398.0204097172
11145.0,1270014.71384127,241864.921899706,4.0,390156.5705507337
11146.0,1270157.73483342,281098.985491887,1.0,0.0
11147.0,1280430.97516395,173740.970853955,4.0,942896.9335025864
11148.0,1280512.11865203,173404.640165612,3.0,675627.0187058952
11149.0,1271751.49285106,274867.413965508,4.0,533222.369051095
11150.0,1271936.96261124,274870.943821505,1.0,0.0
11151.0,1280110.91769162,285203.287640095,1.0,0.0
11152.0,1280407.90892392,285190.866072074,3.0,85694.37777777774
11153.0,1259453.54173446,285643.904856548,3.0,1612524.4239889288
11154.0,1273584.11909293,230095.033375666,4.0,254117.20527109707
11155.0,1262792.99959388,249013.130035028,4.0,314411.34499051207
11156.0,1271390.09067468,268059.211718529,3.0,196371.0262521052
11157.0,1271400.49912269,268572.41837506,1.0,0.0
11159.0,1282186.96409374,184665.814193144,3.0,287112.8098608116
11160.0,1259217.08483823,189847.266742453,4.0,1413175.309523979
11161.0,1265469.64778863,249500.154355526,4.0,79470.5729682974
11162.0,1254477.01980937,217415.726738676,3.0,3042597.12109815
11163.0,1276990.99186443,257949.076732188,1.0,0.0
11164.0,1264519.67396365,197726.020990521,4.0,530575.1808773921
11165.0,1268297.52894352,259183.756349444,4.0,113116.39446859836
11166.0,1268527.01534376,242908.458540782,3.0,16938.227175595315
11167.0,1268913.16548815,242962.531884834,3.0,22633.63186470675
11168.0,1279017.0724425,237784.33821553,1.0,0.0
11169.0,1268652.69751988,260827.566079125,4.0,1216748.7065668858
11170.0,1270844.56254613,201418.8577943,1.0,0.0
11171.0,1271112.0961144,201125.922049999,4.0,113459.18906016264
11172.0,1280595.56633212,211304.095244423,3.0,1229039.2238705447
11173.0,1280403.39775592,284037.510486901,3.0,381382.0
11174.0,1280620.31430013,284033.925526887,1.0,0.0
11175.0,1288690.1075884,183232.267183676,3.0,7076.96958179476
11176.0,1285206.95904084,177014.92234531,1.0,0.0
11177.0,1277932.77279338,216359.654673591,4.0,206241.9564930029
11178.0,1255504.93769842,247807.647217795,3.0,29986.039644214456
11179.0,1261662.38634473,257027.03826724,4.0,503229.5324075817
11180.0,1253777.14755265,209967.942091048,3.0,326470.2639455433
11181.0,1253761.58422464,209508.881930575,1.0,0.0
11182.0,1264431.25386757,242014.36682786,4.0,27793.4793324069
11183.0,1264425.78538756,242339.887148201,4.0,8330.576827380164
11184.0,1267400.32631861,233374.684963018,4.0,974845.7238893432
11185.0,1258621.52464561,250420.718132481,3.0,52588.82830502444
11186.0,1255635.51421055,236929.227046654,4.0,50234.41410264607
11187.0,1272086.0889474,242023.71818786897,3.0,364782.6576490002
11188.0,1272105.70206742,242701.012396574,4.0,432935.43983256223
11189.0,1261910.89668098,238403.372712165,3.0,28449.05619064756
11190.0,1262628.71645771,170811.559394956,3.0,318931.9054999582
11191.0,1262170.58026524,170836.438306972,1.0,0.0
11192.0,1265377.28644453,176583.667624861,4.0,886797.6523563474
11193.0,1270115.17752138,282838.619797677,3.0,42727.01069094306
11194.0,1270107.54302537,283101.380757943,1.0,0.0
11195.0,1265006.77271615,205032.032325998,1.0,0.0
11196.0,1264722.11255586,205037.068038002,3.0,287838.8034200257
11197.0,1272033.55691534,204401.397125348,3.0,1729895.649655127
11198.0,1278850.15417032,234232.463395894,3.0,426261.2244928286
11199.0,1266891.50878207,253457.35736759,4.0,276792.0783153936
11200.0,1267549.99006276,253448.193719581,4.0,298263.4713534045
11201.0,1290314.32282206,189154.707765743,4.0,307102.9806671299
11202.0,1290374.99923813,188584.67941315504,3.0,49470.6325614737
11203.0,1259825.62755884,257221.011259437,3.0,1983121.687077712
11204.0,1264531.63127567,247986.052081987,4.0,1051572.1610183616
11205.0,1264093.70762722,247921.489521921,5.0,1352121.7291459248
11206.0,1261195.19735225,199796.207488641,4.0,325485.6322433097
11207.0,1250157.37692495,214845.682000041,3.0,4120356.3737028535
11208.0,1276993.65029642,253962.309432104,4.0,4474761.377621369
11209.0,1280618.05484414,200923.12550579,3.0,38561.28867593224
11210.0,1281541.24722908,194317.368379027,3.0,30692.46206135138
11211.0,1271656.72696295,224651.654170081,3.0,40222.38195364577
11212.0,1260383.13923942,192761.763193429,3.0,105610.35864420098
11213.0,1278101.63628156,286240.25212115,1.0,0.0
11215.0,1282051.4072936,217730.739859,1.0,0.0
11216.0,1274721.8782621,267018.404421464,1.0,0.0
11217.0,1265098.28599624,266875.124485329,4.0,146426.76221115692
11218.0,1256980.14313993,217401.58107465497,3.0,83817.33362627937
11219.0,1285663.62771331,281926.492052734,3.0,1155316.9588584532
11220.0,1273738.55346109,275286.852109939,3.0,320007.99665576936
11221.0,1270651.63115393,177322.964713618,1.0,0.0
11222.0,1258966.55254996,206502.039559498,1.0,0.0
11223.0,1259594.81079061,211818.801548943,4.0,26245.53526710961
11224.0,1274735.00357412,245411.094255343,4.0,234703.9199291873
11225.0,1264536.90653966,238357.678952128,4.0,760980.6385045781
11226.0,1276268.83941568,261181.62175948903,3.0,820687.4481698793
11227.0,1277235.59666467,268530.200583011,3.0,52011.03736744713
11228.0,1274232.4878616,202699.068163604,4.0,44296.57268615286
11229.0,1274775.04978216,202707.648515612,4.0,343503.35450356954
11230.0,1271087.56241837,271889.987530455,3.0,105767.9387490114
11231.0,1281671.71116522,233048.901154682,3.0,44883.89017225187
11232.0,1260123.08042315,286346.015705258,3.0,359536.3379076103
11233.0,1295374.75399525,187243.466163784,4.0,752662.1940374733
11234.0,1266864.37495805,280758.957011536,1.0,0.0
11235.0,1265824.86263698,281109.086867899,3.0,252527.57799233735
11236.0,1253573.00752044,250904.556724966,1.0,0.0
11237.0,1286482.11065814,247979.360817969,3.0,377819.35809097806
11238.0,1277688.98552914,228925.478942469,4.0,889725.737774529
11239.0,1285973.86528163,202494.934723392,3.0,144158.57538516354
11240.0,1262805.5983139,270497.401417032,3.0,339022.0
11241.0,1272691.08939601,270015.817032546,3.0,124195.01969752397
11242.0,1280357.86540388,205696.506374672,3.0,140910.2839297977
11243.0,1276964.6435124,265046.348291457,3.0,104412.25854033323
11244.0,1263767.30077888,167082.842463136,3.0,719644.0949019565
11245.0,1267925.91844714,171977.732644156,3.0,1442179.584098611
11246.0,1267597.0093268,171985.676196158,3.0,93076.486096935
11247.0,1265749.48286091,266039.057604462,3.0,512973.2646011403
11248.0,1269127.80747236,189784.418806389,3.0,126584.57304531458
11249.0,1264276.2226994,170791.519458935,4.0,240637.43033195747
11250.0,1286796.44633846,252444.841014549,3.0,1209793.2790869384
11251.0,1284384.88032,242478.400364339,4.0,452912.78699053393
11252.0,1286820.30880249,190530.82277514003,3.0,2196184.928815048
11253.0,1271770.78443508,203487.342852414,3.0,204848.7521256965
11254.0,1274365.89509374,194624.108283341,4.0,151983.91335570268
11255.0,1274481.64318985,194621.37305133,1.0,0.0
11256.0,1282958.90579054,203044.412931964,3.0,45883.51158416108
11257.0,1262116.61642519,245322.540655255,4.0,377260.948282316
11258.0,1281362.83282889,273994.17786862,3.0,537795.4943660897
11259.0,1290474.56691822,183895.67268835,3.0,38184.22231078341
11260.0,1290753.93511051,183885.538544342,3.0,67899.32895257423
11261.0,1253493.53296036,210665.03188376097,3.0,23465.301187322897
11262.0,1277992.65490545,226549.36623603097,3.0,29664.90960298602
11263.0,1255889.23881881,235341.87030904004,3.0,179471.7377797192
11264.0,1260246.50531928,252359.460982457,4.0,629847.8513823779
11265.0,1261697.79543276,258848.37580511,3.0,401317.15405668976
11266.0,1261704.08343276,259181.247869447,3.0,639217.976467638
11267.0,1284142.74527974,202513.690563411,4.0,1268831.9397414934
11268.0,1276169.04632758,217886.243795156,4.0,416045.2044136431
11269.0,1281496.14655703,248576.24478659,4.0,469230.0023230868
11270.0,1256924.95491588,258444.14495669297,3.0,1103110.6379161614
11271.0,1272101.01867542,223058.426392451,4.0,3306914.012228444
11272.0,1277872.60556133,205886.479110867,4.0,84805.99999999999
11273.0,1268492.22244772,242249.8620601,4.0,427999.707523669
11274.0,1268782.66411202,242243.046508104,4.0,238531.60687301285
11275.0,1278187.48652165,285643.098456547,3.0,423738.0
11276.0,1268276.8078555,257399.649019614,4.0,76973.2738280721
11277.0,1254902.21680181,251308.350517377,3.0,72250.5922138956
11278.0,1262584.72439367,239843.172969639,1.0,0.0
11279.0,1257232.75056419,199045.051199868,3.0,85939.54180090813
11280.0,1275466.98309486,214572.997135773,4.0,57347.34697650782
11281.0,1267284.27671848,268864.622471362,1.0,0.0
11282.0,1257852.80573283,217893.28648316895,3.0,45001.514620902686
11283.0,1257824.49872479,217363.965650618,4.0,131000.22318981252
11284.0,1264057.83697118,246064.575280011,4.0,1166796.1829339657
11285.0,1257198.87069215,217902.067603171,4.0,211072.1892422832
11286.0,1278760.45157823,229674.580127224,4.0,125315.73237884077
11287.0,1263829.33514695,282167.961364985,3.0,45530.3212721184
11288.0,1273026.34622836,221201.785750553,4.0,276245.73641872924
11289.0,1270421.2881137,282987.068309829,3.0,44699.01806252715
11290.0,1277506.84940095,189148.474869728,3.0,1624097.2695958137
11291.0,1277762.94930521,188670.497781247,3.0,462551.58317444666
11292.0,1287425.5388831,176184.487656459,4.0,208881.74465250908
11293.0,1276296.04575171,215156.454672366,4.0,50107.17525491477
11294.0,1283687.76819128,205541.611014515,1.0,0.0
11295.0,1276869.06002429,206497.276423499,4.0,229549.7172996908
11296.0,1266063.59902123,265524.496003941,4.0,314897.2779441931
11297.0,1264577.12791571,200040.01312089,3.0,166589.2373939422
11298.0,1271251.42168255,231307.573920906,4.0,172652.12633504035
11299.0,1275733.76639113,222366.579991743,4.0,1229892.2656960224
11300.0,1284952.63443257,251821.011893913,1.0,0.0
11301.0,1284938.46316856,252220.038966313,3.0,84778.0
11302.0,1266963.03294216,258554.985340804,3.0,27982.91298782837
11303.0,1256343.51120327,256327.391994521,4.0,658750.1613004146
11304.0,1256143.82000308,256331.309306532,3.0,708331.8424531124
11305.0,1264619.87620376,256307.2542665,3.0,128733.76168264708
11306.0,1264294.60945143,256316.447802514,3.0,56694.57984179672
11307.0,1263609.80701873,254847.494713008,4.0,43085.28750528549
11308.0,1252169.090719,238602.128232375,3.0,1316.2376159043642
11309.0,1252189.47587103,239245.492777035,4.0,61386.35916785454
11310.0,1271017.79877031,213544.217422709,4.0,246223.7180422941
11311.0,1274266.54258163,258690.082812935,4.0,59036.64329075871
11312.0,1286285.08249794,200526.492097378,4.0,372424.267435675
11313.0,1286565.86675423,200519.712577373,3.0,229519.57993058497
11314.0,1282495.73279805,228133.249565646,3.0,44529.44244372465
11315.0,1284589.8559362,205579.95347856,4.0,274545.8767688894
11316.0,1284583.5200002,205187.77383016,3.0,158244.822227092
11317.0,1270560.39742583,213548.877838716,3.0,1809879.20011288
11318.0,1258391.46934937,252374.15154247,4.0,117817.98436644004
11319.0,1258403.31056538,253057.847031176,4.0,133718.0081806671
11320.0,1256818.36227576,254398.531000555,4.0,2775390.668641843
11321.0,1267675.90059088,231540.250657141,1.0,0.0
11322.0,1267682.23063889,231792.453537405,4.0,855688.0320341752
11323.0,1265993.28913316,176585.29591286197,3.0,301187.31997675233
11324.0,1273300.77285264,179775.248812139,3.0,65014.92334309592
11325.0,1275594.56485499,277873.410896584,3.0,391088.8461117422
11326.0,1271095.99678639,278035.435856745,3.0,1800391.738912221
11327.0,1290750.09459852,169491.358945608,3.0,1553.53092410387
11328.0,1272637.09995596,274178.550540805,1.0,0.0
11329.0,1272413.97541173,274836.743757471,3.0,42841.7981546649
11330.0,1283928.09875153,170100.001762226,1.0,0.0
11331.0,1278426.61004189,285728.933592632,1.0,0.0
11332.0,1281403.12870094,174376.269798607,3.0,59478.02146553152
11333.0,1255604.75248252,244468.313710377,3.0,11319.954549945363
11334.0,1255609.53891453,244668.162990585,3.0,787.2128272354862
11335.0,1277007.00690444,205484.543238461,1.0,0.0
11336.0,1266053.65156522,229333.859678879,3.0,120057.7669343254
11337.0,1257356.18038832,255771.65164195,4.0,1324904.132408026
11338.0,1276053.79493546,276528.223951206,3.0,397875.68874056096
11339.0,1271263.89502656,205446.898630425,4.0,85447.76684267586
11340.0,1281941.30412549,204450.574469402,4.0,436365.915246133
11341.0,1254661.82588956,238538.789800301,4.0,59379.85626315783
11342.0,1281272.65682881,248580.60696259103,3.0,39437.18060165009
11343.0,1275367.19986276,241273.087147102,3.0,49581.045055465096
11344.0,1277863.79231332,259243.931773514,3.0,241656.36900077763
11345.0,1277864.51141731,259574.84876585,3.0,83582.3223267654
11346.0,1259128.31530213,187885.37502843104,3.0,616125.8797750039
11347.0,1274622.385078,264645.749059036,3.0,48340.690893618535
11348.0,1259271.90429428,247742.49150572703,3.0,16971.172941805013
11349.0,1266440.18654162,234332.286052004,3.0,1941.1619244532997
11350.0,1262183.04836126,250090.501940131,4.0,1417763.6377160563
11351.0,1265636.13662079,246535.720624492,3.0,205311.02689185904
11352.0,1263209.4794023,237940.86019969,3.0,77727.3412725505
11353.0,1255626.74358654,254985.891385153,4.0,4079353.199235714
11354.0,1260119.72445515,286909.911513835,3.0,83996.42124557027
11355.0,1259452.89731847,286929.292057857,3.0,64759.01152233427
11356.0,1279750.97516325,275733.1632144,3.0,23445.8071793849
11357.0,1258923.14480592,246447.63550441,3.0,57368.17316573176
11358.0,1251926.37206276,240578.2102184,4.0,144025.52290769952
11359.0,1270648.41892993,258794.217469051,3.0,2117058.800996196
11360.0,1261436.3300885,285885.786648795,1.0,0.0
11361.0,1260781.15191182,285906.929944813,3.0,179165.35022588776
11362.0,1263992.46993111,281068.693587855,3.0,50948.03457895632
11363.0,1269765.54993702,277400.898704097,4.0,625657.6239127527
11364.0,1266108.55300528,280566.336659342,1.0,0.0
11365.0,1266287.23409346,280562.936019346,4.0,99991.31616377617
11366.0,1284585.1125122,173612.116133824,1.0,0.0
11367.0,1284947.66227257,173601.157157809,3.0,396210.20110071904
11368.0,1264297.77220343,248276.597106278,1.0,0.0
11369.0,1282771.71551834,271961.086154535,3.0,549181.7031389632
11370.0,1271475.45336278,281599.719764397,1.0,0.0
11371.0,1265055.31658819,229784.720991343,4.0,232284.8301177516
11372.0,1265377.17489253,229776.693471327,4.0,263691.069470122
11373.0,1276830.82680826,215143.058000356,4.0,50533.35044876804
11374.0,1267522.03767873,237585.224743336,1.0,0.0
11375.0,1267435.36139064,237941.908071697,3.0,64557.07862597538
11376.0,1280616.02463613,263632.544385999,3.0,34728.989364814464
11377.0,1269870.00843313,256161.99961035,4.0,449450.9908288995
11378.0,1262217.58506529,199105.148159921,1.0,0.0
11379.0,1275922.94514333,279934.241746694,1.0,0.0
11380.0,1263908.55972302,169692.742113814,3.0,71535.91393548131
11381.0,1269425.92990467,271422.657417983,3.0,109674.91257124471
11382.0,1263315.71671441,280000.368594766,3.0,84778.0
11383.0,1282517.71411008,276512.148879185,3.0,231494.722793931
11384.0,1277192.69848862,207784.295176819,3.0,275110.9972137765
11385.0,1278063.64389752,208100.342793137,1.0,0.0
11386.0,1266386.41527757,265516.831299931,4.0,384727.9335355573
11388.0,1280111.41900362,259533.564733803,1.0,0.0
11389.0,1256839.09353979,196520.823293284,3.0,2084.1263587346125
11390.0,1257321.89802028,195949.8562527,3.0,24349.45594203033
11391.0,1280877.1615964,247262.708657235,3.0,50480.243753843606
11392.0,1268377.5054556,240079.18890588,3.0,23139.451559396715
11393.0,1286354.86752202,195100.172923833,3.0,44770.3554650355
11394.0,1271587.61681889,226033.144859508,4.0,1268041.9495391625
11395.0,1282428.30150199,245920.448239863,4.0,136612.0640696302
11396.0,1280398.39020391,281683.581460491,4.0,1360622.5361509006
11397.0,1280401.29740392,282759.750229582,3.0,1443021.7213774284
11398.0,1277048.00818448,271529.171658084,4.0,1651072.4222922742
11399.0,1262711.1300258,283523.601046368,3.0,43179.66060606061
11400.0,1262193.68125726,176939.629161224,1.0,0.0
11401.0,1262223.1837853,176750.068201035,3.0,59515.82297514241
11402.0,1271001.06289829,177854.05290617,3.0,84778.0
11403.0,1270984.17253028,177230.161385521,1.0,0.0
11404.0,1283067.88755065,207828.89351286003,3.0,1207223.6916845916
11405.0,1280214.49951573,281691.480404496,3.0,49291.93659619432
11406.0,1254875.22275378,235348.94480504104,3.0,14107.314768623904
11407.0,1258265.65040524,211498.009868622,3.0,310699.41872042697
11408.0,1271986.1773953,226624.733212113,4.0,394119.1629737997
11409.0,1254910.18627381,251767.880757853,4.0,49416.50336840134
11410.0,1288808.92691652,187744.302132294,1.0,0.0
11411.0,1251797.73449463,215564.382288784,3.0,200338.36886285964
11412.0,1269215.50974447,244078.248493984,3.0,54352.21698301803
11413.0,1278961.27890643,258879.423613131,4.0,5566116.615511178
11414.0,1281697.72946924,266993.462533444,3.0,136344.5928337091
11416.0,1284907.91468853,241659.623787507,1.0,0.0
11417.0,1286245.2676499,204608.98195757004,3.0,270153.2252377575
11418.0,1283086.53676666,236819.08816655,3.0,49.96666666666667
11419.0,1278659.49017014,267824.5025343,3.0,426282.308583784
11420.0,1258059.88502903,193267.711033955,1.0,0.0
11421.0,1275001.96895039,267941.73031041,3.0,284655.7373007818
11422.0,1275321.97189471,267931.385222405,3.0,42390.0
11423.0,1286683.37145835,185204.313137695,3.0,123354.36090604778
11424.0,1257459.16150843,244940.372142866,3.0,123693.55631047396
11425.0,1264635.03133976,245014.118702933,3.0,567326.3291878032
11426.0,1269871.20888112,229236.128286779,3.0,24386.39535517398
11427.0,1278714.36869818,252605.716726705,4.0,421290.3744739741
11428.0,1273528.11589287,252884.362806991,3.0,48600.49180151265
11429.0,1273210.10866055,277295.326095998,3.0,25161.266285144808
11431.0,1283345.44108693,206544.193671539,4.0,1117427.4646473427
11432.0,1280318.02719583,277546.811472252,3.0,598622.8258955528
11433.0,1279900.21305141,278632.374289364,3.0,246117.80927676425
11434.0,1264757.8762679,172466.058084652,1.0,0.0
11435.0,1264894.91633204,171993.625956163,4.0,449039.2270504141
11436.0,1265000.32094014,259859.977470145,3.0,5680693.242279852
11437.0,1264345.86692347,259878.148030162,3.0,5403375.464062728
11438.0,1279713.65177122,206001.904710993,4.0,151051.99746082872
11439.0,1263831.23012295,232349.055777967,4.0,3430220.4483675966
11440.0,1255147.95913805,195360.585788086,4.0,326191.7596341699
11441.0,1273109.67512445,196970.130813748,3.0,41871.49608551291
11442.0,1275530.08139892,177779.817770094,1.0,0.0
11443.0,1264756.8946359,176674.328872964,1.0,0.0
11444.0,1265320.64286047,173946.40029417,3.0,85383.05482507427
11445.0,1254663.83836956,211945.668109074,4.0,151432.19503385376
11446.0,1281331.58617286,227383.41250889,4.0,53944.76277057875
11447.0,1275253.33195864,249728.676211759,4.0,71596.20564060296
11448.0,1277665.91935311,267856.080198333,3.0,249140.7262853069
11449.0,1268918.49880016,255529.55960971105,3.0,500451.66179108754
11450.0,1276138.24914356,216402.741521642,4.0,83195.06728769279
11451.0,1254476.92470537,206464.349319458,3.0,70176.7709609036
11452.0,1275285.88799068,246057.030640006,4.0,242366.8886784861
11453.0,1274962.95160635,266244.05690068,3.0,3571320.4195513963
11454.0,1275403.0642468,266231.05626066,1.0,0.0
11455.0,1255338.62934625,245136.731311068,4.0,65183.83970158792
11456.0,1274231.3540376,229663.453215212,4.0,819179.7979911861
11457.0,1274235.10501359,230089.35324765704,3.0,45914.30234652389
11458.0,1287408.7666591,205375.730438352,1.0,0.0
11459.0,1277033.76242447,222950.17301634,4.0,192772.3811283816
11461.0,1259927.43216695,282194.149653003,1.0,0.0
11463.0,1274874.89573425,217407.23656266896,3.0,35764.14679375809
11464.0,1274867.30450225,217103.986194357,3.0,5940.913610478321
11465.0,1267741.43524694,269800.043528318,3.0,2449348.5559525136
11466.0,1280591.75762811,198637.958847448,3.0,336951.0446964275
11467.0,1280978.3431645,198630.39814344,3.0,250630.32414998548
11468.0,1288084.36601979,248436.289010435,4.0,118590.2318174503
11469.0,1261395.54768845,189156.332789734,3.0,1015430.5794244824
11470.0,1282059.06015761,249892.541043937,3.0,75030.39458725929
11471.0,1283216.3937908,183651.785712108,3.0,22690.44406514336
11472.0,1266193.41898936,169692.962273806,1.0,0.0
11473.0,1295724.4353396,181853.771566257,3.0,469439.40212562686
11474.0,1279752.89087525,249933.57995598,4.0,394605.92806886736
11475.0,1279994.52357949,249929.309299976,4.0,505691.6706491117
11476.0,1254473.81545736,216198.206481427,4.0,1289858.2150017417
11477.0,1254279.52643317,216217.750417456,1.0,0.0
11478.0,1281400.89017294,196215.312060967,1.0,0.0
11479.0,1267799.37572701,196346.34265309604,3.0,42390.0
11480.0,1267798.82551901,196312.580925062,1.0,0.0
11481.0,1262782.95594588,240806.692394629,3.0,23163.012826289083
11482.0,1268537.44247976,281391.321556181,3.0,45772.66125735109
11483.0,1270759.91313805,174942.096103176,1.0,0.0
11485.0,1272303.12920362,264049.277826428,4.0,1502621.9085495905
11486.0,1275235.70635863,179097.653739437,3.0,812678.3687883213
11487.0,1271996.78533131,274497.998029128,1.0,0.0
11488.0,1275063.59544645,273202.34548381,1.0,0.0
11489.0,1284603.30278422,282673.0643415,3.0,164446.7126960448
11490.0,1271548.04312284,230042.568223611,3.0,713886.6909012365
11491.0,1265305.45092446,242845.44030071804,3.0,52494.06504875768
11492.0,1256097.90403503,215894.130705118,4.0,45708.03721028018
11493.0,1268885.75313613,253420.963127553,3.0,323704.86717519053
11494.0,1268889.70526412,253690.054455817,4.0,364597.5432617789
11495.0,1288602.74586031,190512.211639121,4.0,537537.6859036877
11496.0,1277195.16959263,265038.76102744,1.0,0.0
11497.0,1256798.28419575,200100.59532894203,3.0,25262.659192334744
11498.0,1283873.51321547,242445.473900303,3.0,708848.8133345874
11499.0,1283894.61420749,243520.363181412,3.0,1795146.9988016638
11500.0,1283706.2540153,264861.092099264,1.0,0.0
11501.0,1273425.58987677,246905.04043287,3.0,289092.1306316983
11502.0,1255519.11485043,248640.411314651,4.0,285850.11394674133
11503.0,1263492.2658986,244109.689070016,4.0,160087.35747355246
11504.0,1270208.23640148,213560.40603072903,3.0,80656.21467445906
11505.0,1254923.75318582,252560.803702667,4.0,451407.4262603741
11506.0,1278768.62738624,230100.647199661,4.0,331486.1228006319
11507.0,1278907.55039439,230096.95823966,5.0,220490.62482437305
11508.0,1277992.79954545,214122.378959298,1.0,0.0
11509.0,1276704.56952813,202429.575939327,3.0,6601250.479098574
11510.0,1263230.42487434,243379.308333263,4.0,2790134.479336062
11511.0,1264943.01265208,192420.125113085,4.0,1459765.8665353607
11513.0,1284766.84608038,194214.469626918,3.0,1740719.8961001446
11514.0,1293476.54746531,188873.980661452,1.0,0.0
11515.0,1269247.24849649,283423.037590265,1.0,0.0
11516.0,1293175.89914499,185671.675378174,3.0,84777.99999999999
11517.0,1293200.37312903,185666.095026165,1.0,0.0
11518.0,1256120.86006705,207254.578696266,4.0,206742.48437277225
11519.0,1274924.12888631,257343.304315567,4.0,515085.4169269804
11520.0,1272836.04907617,231584.248929188,4.0,161377.13819641905
11521.0,1269480.58660874,270093.632840618,3.0,43469.59415604288
11522.0,1269513.83716877,270092.521288618,1.0,0.0
11523.0,1280972.2247005,221035.848406389,4.0,85797.19908650174
11524.0,1280959.16665249,220721.120022058,4.0,97625.39562802047
11525.0,1271853.37253116,192774.761529446,1.0,0.0
11526.0,1273629.64850098,266660.279493108,3.0,5736552.350742646
11527.0,1262066.00004114,239363.015849158,3.0,70568.72374524335
11528.0,1285474.69504111,252472.292406574,3.0,239466.31945193777
11529.0,1278654.12140213,267494.613125965,1.0,0.0
11530.0,1263310.90897042,243058.515308931,4.0,2981357.7933807936
11531.0,1262809.1524259,243065.406060949,1.0,0.0
11532.0,1281717.01292527,213761.385614932,3.0,123019.62542058156
11533.0,1272842.78034018,249832.551283866,3.0,105473.89478112248
11534.0,1273520.67038886,252186.508854285,4.0,85977.59713550561
11535.0,1265960.55134113,198494.9882873,4.0,15601692.040135786
11536.0,1277893.82994534,232109.824609727,4.0,371043.34986716433
11537.0,1279587.97157907,225942.893083408,4.0,350971.8141782302
11538.0,1262597.73847368,252998.888503119,4.0,2119683.4289061083
11539.0,1284938.48780856,252483.138230592,3.0,192441.81081210024
11540.0,1275605.564215,262166.581440508,1.0,0.0
11541.0,1262380.50826547,268232.147718713,3.0,128546.43713589825
11542.0,1270335.9428336,242769.23831664,4.0,271260.43549826887
11543.0,1268637.56798387,206964.690183982,3.0,64611.35801700928
11544.0,1268889.43160012,206959.609799966,4.0,47697.59183099886
11546.0,1276372.18898378,277845.023504555,4.0,258442.06908966455
11547.0,1278184.83167365,286106.35701701,3.0,254290.0
11548.0,1278321.94162579,286105.970905021,1.0,0.0
11549.0,1265525.48529269,169080.190497175,1.0,0.0
11550.0,1257523.11542849,207879.24640891,4.0,1922142.3088821964
11551.0,1257512.56394048,207209.351432219,4.0,1571504.6348097457
11552.0,1263102.4484262,237952.846055701,1.0,0.0
11553.0,1262881.10244197,237956.112487704,4.0,73213.28864153143
11554.0,1265858.60010903,193065.410553738,3.0,49646.14061705151
11555.0,1276115.02251953,246592.32254456,4.0,63187.88412959092
11556.0,1279422.84101892,255493.903161675,3.0,50360.94432543239
11557.0,1279553.90405905,255490.29196167,1.0,0.0
11558.0,1272246.69822757,238664.834472433,3.0,66987.05685035598
11559.0,1257426.59133239,191261.094327897,4.0,574539.0407896684
11560.0,1266103.60714927,168397.35363248,1.0,0.0
11561.0,1264620.43197976,187121.02091565696,3.0,1076570.6904456825
11562.0,1270776.98885006,283347.579094186,3.0,110987.78121076782
11563.0,1271118.47211441,283350.147990197,4.0,78337.49962405993
11564.0,1266489.37540567,278517.196689248,3.0,45597.4111427617
11565.0,1266711.97636589,278514.341393247,1.0,0.0
11567.0,1261691.23831275,277968.446480677,1.0,0.0
11568.0,1261681.33316074,277987.354256704,4.0,687911.5573406619
11569.0,1273775.97272512,210206.454027295,1.0,0.0
11570.0,1273898.98002125,209744.425482824,3.0,145051.8383483176
11571.0,1277885.32076134,221037.609558389,1.0,0.0
11572.0,1276250.40440767,229831.893151388,4.0,119873.11689827513
11573.0,1288840.88122055,188423.061620995,4.0,45435.87842698824
11574.0,1257090.89616404,201552.736770436,3.0,42731.08563195914
11575.0,1257086.56842004,201396.151170269,1.0,0.0
11576.0,1259747.97514276,193877.225914568,4.0,1226887.6402514805
11577.0,1263504.72157861,199495.704128325,1.0,0.0
11578.0,1263370.58999448,199076.916287899,3.0,169541.99999999997
11579.0,1274857.62309423,252383.21157448,4.0,99751.82875397618
11580.0,1274902.46059829,252540.251958638,3.0,4099.619395766279
11581.0,1264296.40900342,256441.293690637,3.0,22300.974433204785
11582.0,1280398.22258791,197856.580798656,4.0,286637.4936771011
11583.0,1260652.70531969,256383.251450583,3.0,127225.20358093946
11584.0,1257807.67658077,188912.319157496,4.0,1411462.8134622574
11585.0,1269426.53092867,280056.662098825,3.0,68135.80519783054
11586.0,1269777.53809704,280051.178898811,4.0,128682.38876553366
11587.0,1269099.79243234,276939.532879636,3.0,51156.93971822892
11588.0,1269100.94532834,277246.027343944,3.0,42437.83333333335
11589.0,1271451.49669075,175886.628328145,3.0,305023.22867996176
11591.0,1264836.60049197,240973.661226794,3.0,14573256.02323778
11592.0,1264410.82084355,246317.003888279,1.0,0.0
11593.0,1278348.95500182,269159.42867966,4.0,82286.52572984902
11594.0,1259642.17847066,234195.526499853,3.0,262408.8741171876
11595.0,1259620.10109463,234193.646563858,3.0,13532000.396737088
11596.0,1275714.26475911,234817.450788498,3.0,383224.9179960572
11597.0,1275892.5071913,234812.189924493,3.0,95141.18310774006
11598.0,1286457.14323412,251125.561525196,3.0,34278.381270894984
11599.0,1265047.7654202,263563.486785933,4.0,109990.91469100075
11600.0,1270210.56350549,194031.439482734,1.0,0.0
11601.0,1272354.30622767,242303.644780159,3.0,830953.754044916
11602.0,1272365.71537969,242693.377900556,4.0,392260.0878566677
11603.0,1268906.45688014,252472.022070572,3.0,2077381.5918279896
11604.0,1269094.48696034,224557.035929993,4.0,128450.91756621776
11605.0,1282013.45887756,245915.465007856,4.0,36509.294646544455
11606.0,1269359.2591206098,228504.168414026,6.0,485861.0900214927
11607.0,1253720.3185606,215169.625232384,4.0,498325.6843097815
11608.0,1282043.87577359,182533.276462957,1.0,0.0
11611.0,1272714.38494805,251868.653237954,3.0,271871.01386014867
11612.0,1272959.1459083,252034.068214133,5.0,217303.5971533475
11613.0,1267883.5455191,233976.233635634,1.0,0.0
11614.0,1275235.32408662,248797.169202805,4.0,59919.39422926385
11615.0,1278243.84498571,258901.261501163,3.0,3126489.37884023
11616.0,1256512.79363546,196944.67513372,3.0,182287.9124461024
11617.0,1285152.72486478,191852.759480506,4.0,81614.86256973981
11618.0,1256910.08547586,257887.959420115,1.0,0.0
11619.0,1273838.8419732002,242792.660524666,6.0,42874866.98640673
11620.0,1278409.18552987,217017.235410273,4.0,98611.91514868342
11621.0,1274231.0863256,217422.86677068504,3.0,96829.07555789118
11622.0,1275136.45554252,230807.131680384,4.0,111831.35080319578
11623.0,1264367.92490749,261599.057663918,4.0,1087741.280189418
11624.0,1275874.04165527,234156.992099822,3.0,20774.918500983335
11625.0,1270947.52920224,224587.313754022,4.0,218579.56869485785
11626.0,1270791.77688207,224850.68559429,4.0,112297.41958556834
11627.0,1278458.41349792,205575.525318548,3.0,179036.3337972439
11628.0,1285871.02464151,245846.05009579696,3.0,664.494914962993
11629.0,1272528.01752385,239071.390120849,4.0,144897.0935007774
11630.0,1282846.04281442,255921.128698111,4.0,559231.2065597773
11631.0,1274021.50206938,205416.802246392,3.0,995690.0743082796
11632.0,1274735.39634211,208117.347657159,1.0,0.0
11633.0,1283299.95430288,236956.149542689,3.0,41348.11630529847
11634.0,1280933.56537245,230464.151712045,4.0,1673620.8896135946
11635.0,1262663.17277776,256212.713402405,4.0,460675.01297542127
11636.0,1278027.21324149,249966.288244009,3.0,17774.70734479556
11637.0,1262750.94685784,264950.82157135,3.0,162781.88352647566
11638.0,1262752.91767384,265616.039108038,4.0,604787.9494070425
11639.0,1270380.93720165,246195.24395214,3.0,47267.16451651965
11640.0,1269514.04452877,226376.433179855,3.0,15061.901616572566
11641.0,1265324.80196448,174274.482918501,4.0,164530.13095898365
11642.0,1269243.68452848,172287.031844467,3.0,250423.24535606877
11643.0,1275922.45003933,252663.613878772,3.0,671574.53657823
11644.0,1270992.74366628,264085.507394463,3.0,458934.9122852319
11645.0,1277589.02610503,259583.50950186,4.0,233034.0977177706
11646.0,1265767.65604493,232474.23824209,4.0,695299.9532036367
11647.0,1280194.0812757,224529.615705967,4.0,304943.65734237
11648.0,1256502.21558744,196474.229245231,1.0,0.0
11649.0,1279689.62623519,204696.441477656,1.0,0.0
11650.0,1264071.1860272,193111.97279378804,3.0,179134.16513234968
11651.0,1250071.55682886,245015.538990945,3.0,56718.277337932486
11652.0,1250132.64367692,244884.276782811,3.0,44675.67629029173
11653.0,1280127.77791564,206910.25459991404,3.0,533376.937065432
11654.0,1280121.82745163,206643.960839644,3.0,128276.17726693288
11655.0,1293876.75860171,181268.703533664,4.0,1101280.6400116556
11656.0,1268841.74142408,226247.981339723,4.0,254079.877838923
11657.0,1273525.31768487,252609.482422709,4.0,107478.20875744772
11658.0,1273415.39045276,196507.205565274,4.0,215257.78812337277
11659.0,1281511.67769305,228938.11638248,4.0,229654.38480064552
11660.0,1284980.3000326,203120.845828041,3.0,79210.0579542428
11661.0,1272924.73131625,242763.789868638,4.0,263338.85389700206
11662.0,1272945.14040428,243464.22974135,3.0,71413.50320920482
11663.0,1263517.78289063,251626.810165703,4.0,136168.79265927192
11664.0,1269641.59710489,260806.194751114,4.0,2316103.0310571254
11665.0,1287212.86445089,186585.879603103,3.0,28285.30182034616
11666.0,1282652.40998222,283789.146454647,1.0,0.0
11667.0,1287996.1804837,184054.892848521,4.0,1282721.5242587249
11668.0,1268145.47115137,284718.918871596,3.0,99717.73995842632
11669.0,1268146.93015936,284984.695895866,1.0,0.0
11670.0,1293823.01101767,185240.117809728,4.0,252522.3591353761
11671.0,1265667.07620482,247774.010161757,3.0,53866.11732595655
11672.0,1270796.10040207,249506.89451554403,3.0,145855.43185051763
11673.0,1270842.41822612,249535.047987565,4.0,172789.45467170168
11675.0,1272659.81125198,227978.331549495,4.0,210829.16930218312
11676.0,1251863.62153469,238609.324392378,3.0,65254.79710787105
11677.0,1273890.38226125,244511.497966424,3.0,1681562.8362005707
11678.0,1273908.20869327,244770.817326695,4.0,451550.27173161134
11679.0,1263102.0337702,238194.029991955,1.0,0.0
11680.0,1264316.20522745,244095.426605999,4.0,419440.53220744064
11682.0,1273180.11198851,204302.425861254,4.0,720123.9951879091
11683.0,1269764.20779303,276735.32065542,3.0,429672.08422517584
11684.0,1274867.50168625,280167.452242941,1.0,0.0
11685.0,1275068.67448646,280157.768850923,3.0,76621.51356984011
11686.0,1290207.06842196,171707.842403874,3.0,59432.10629621966
11688.0,1283287.14854287,205221.527046189,4.0,411268.425452545
11689.0,1278602.74124207,212294.48206143096,3.0,2615497.027018768
11690.0,1268048.42212726,232736.149474367,3.0,998300.265916442
11691.0,1284634.10323225,241623.934187472,3.0,105442.39286019508
11692.0,1284876.65164849,241795.943339646,1.0,0.0
11693.0,1264671.80849181,191101.58117573,4.0,663916.1929825984
11694.0,1282555.18412612,269696.959752217,3.0,123093.78824338272
11695.0,1253959.39555284,206160.685255155,1.0,0.0
11696.0,1253742.53705661,206078.230983064,3.0,401775.6137725778
11697.0,1274873.22507825,254558.62092071804,3.0,38326.930439570526
11698.0,1279930.33471543,268444.924166933,1.0,0.0
11699.0,1274473.37848584,266634.819205076,1.0,0.0
11700.0,1274971.59007035,266619.78778106,4.0,3502370.3764268826
11701.0,1264873.94161202,248972.297778994,3.0,196253.79721986817
11702.0,1264686.66577183,248975.37752299,3.0,163560.6007615667
11703.0,1263996.04637912,281329.457492128,4.0,280945.21693638107
11704.0,1267392.1082066,233072.712098703,4.0,274638.35436457675
11705.0,1255278.3538902,199346.998720169,4.0,697098.0565236254
11706.0,1276705.21388014,249993.356468037,4.0,142741.93545998115
11707.0,1255122.50281803,205328.761734307,4.0,381676.21397259634
11708.0,1276939.52479237,258279.109564528,4.0,971497.9699525932
11709.0,1257033.35593998,202710.877507612,4.0,643598.5165997045
11710.0,1270650.00715393,206279.90579927,4.0,239534.02122781973
11711.0,1268295.02174352,235882.795429587,3.0,31828.948347164096
11712.0,1279691.09996319,204345.897861287,3.0,550137.6947517975
11713.0,1259378.61405438,212879.851278037,4.0,220589.0147710128
11714.0,1282942.43763052,202522.001219422,4.0,2284261.8157550106
11715.0,1277458.10348091,227045.484700531,4.0,466687.2029859495
11716.0,1261264.32484032,253686.161719814,4.0,584029.5603176468
11717.0,1259122.11651812,259343.125821605,1.0,0.0
11718.0,1281503.76038104,249246.369075269,4.0,384469.0751462355
11719.0,1271802.77457911,197101.773245871,4.0,296658.0
11720.0,1277551.478265,217850.85083513,3.0,349845.099333044
11721.0,1277375.01932082,214735.570319936,4.0,67652.16382118751
11722.0,1262252.65258533,238794.486120567,3.0,91116.81090845268
11723.0,1267672.63979088,245457.675567389,4.0,294195.60940111405
11724.0,1262373.01751345,205086.403590053,4.0,128039.26123026849
11725.0,1262354.34788144,204426.668997377,3.0,135979.18905269812
11726.0,1274989.48370238,252698.1479588,4.0,57246.2847086993
11727.0,1255274.24099419,209918.686283007,4.0,1050188.0631726906
11728.0,1284042.49580765,195252.574523985,3.0,1178371.3603858587
11729.0,1278570.74098603,246332.334896281,3.0,162973.97425801354
11730.0,1286287.71308994,184860.589041337,1.0,0.0
11731.0,1282220.00172578,276244.931918919,1.0,0.0
11732.0,1282011.18098956,274252.298060879,1.0,0.0
11734.0,1273051.98072439,230442.329568014,4.0,582194.2952508967
11735.0,1267980.71070319,283938.109078795,1.0,0.0
11736.0,1270005.40152127,258150.026172385,4.0,127037.24240646083
11737.0,1283089.52262266,196399.72543714903,3.0,106666.53304720044
11738.0,1283507.4037111,196393.935421154,3.0,199319.6752764092
11739.0,1279241.07692273,251268.652085349,4.0,170952.02772830197
11740.0,1279511.52421901,251263.868661344,3.0,101151.90782393212
11741.0,1276227.15250364,255977.850682169,4.0,2485857.939641032
11742.0,1276138.40991154,247362.295409337,4.0,86994.52314520763
11743.0,1251608.75619043,211596.428300723,3.0,3642.7930013174273
11744.0,1278381.56389785,232991.522018626,3.0,15615.837915275692
11745.0,1278707.83065018,232982.510178611,3.0,44065.796891904654
11746.0,1280734.21138826,272234.49402681,3.0,909300.4512795592
11747.0,1278448.42527391,276440.095183119,3.0,134840.63308545685
11748.0,1276387.91595981,276515.6987032,3.0,378191.578529569
11749.0,1284917.57280053,199680.39968051,4.0,76519.18771721168
11750.0,1268606.76292783,188462.296117023,3.0,51527.72066733154
11751.0,1262725.65392981,187699.76677224,3.0,53876.05595865216
11752.0,1256571.55241951,199063.26342389,4.0,85157.09657693906
11753.0,1256270.4601312,199071.326719895,4.0,226839.64848223724
11754.0,1280758.40889227,202494.00096339,1.0,0.0
11755.0,1260397.83869544,187860.214324415,1.0,0.0
11756.0,1283058.85311864,207414.25197643,4.0,35123.35666353098
11757.0,1276300.11922371,220322.23202166,4.0,278935.0478830992
11758.0,1276595.67967202,220347.387541682,4.0,184635.77235711156
11759.0,1273819.20914118,230092.932319656,3.0,100289.8502544073
11760.0,1265685.54206085,248518.779314533,3.0,10186.937903291822
11761.0,1279160.66533865,246517.91390447304,3.0,1302672.7599939555
11762.0,1279171.41273065,247105.469809085,4.0,1654423.2644479794
11763.0,1286275.15142593,191562.0930482,1.0,0.0
11764.0,1286268.98643392,191086.43423171304,3.0,96531.05972385131
11765.0,1268907.72523214,283527.032790378,3.0,29597.290437353797
11766.0,1294533.33933839,186821.813491344,4.0,132476.753623464
11767.0,1273754.6725651,279724.885906488,4.0,1125321.3603800775
11768.0,1274212.02462958,279961.961874723,3.0,399093.7519949459
11769.0,1284826.11430444,189764.383094355,3.0,316893.7219123295
11770.0,1257762.80099674,241744.89297159,4.0,159143.5054250864
11771.0,1257774.34819674,242410.94506827,4.0,204368.46081696145
11772.0,1249805.50031659,214115.699535295,3.0,43081.68095016095
11773.0,1277101.49855253,213840.98484700904,3.0,49594.20764799297
11774.0,1281571.76159711,259848.804222122,3.0,54621.63330247213
11775.0,1252379.82979122,211106.200588211,1.0,0.0
11776.0,1262573.45936966,251644.702197731,3.0,397825.301535302
11777.0,1263626.97329074,255669.916281849,4.0,500908.2226604176
11778.0,1263630.99204274,255933.905914113,4.0,122006.89053810168
11779.0,1294368.96071422,187446.30993999503,3.0,53874.78284852429
11780.0,1273742.0026131,273131.601483732,3.0,83862.92140351098
11781.0,1271764.71953908,195860.274108604,1.0,0.0
11782.0,1271757.28549106,195616.216508359,4.0,698638.6602427029
11783.0,1263991.86365911,193113.498105794,4.0,104848.1287663132
11784.0,1261865.65597694,237082.336358815,4.0,150553.6734705001
11785.0,1273270.20766862,239779.038313583,1.0,0.0
11786.0,1266430.74890961,270020.364616543,1.0,0.0
11787.0,1262357.57988144,284999.637463883,3.0,42402.0
11788.0,1262092.17424917,285001.164055884,3.0,44743.727202112495
11789.0,1267529.15678273,264167.009858549,3.0,1304646.2206871728
11790.0,1280645.12134017,219400.982612714,4.0,113701.94718150535
11791.0,1280907.78489244,219456.385044768,4.0,186693.85038823856
11792.0,1283855.85215946,257500.236795723,1.0,0.0
11793.0,1268015.36350323,244111.198254019,3.0,18200.20297548693
11794.0,1282315.13113387,208681.572233737,4.0,87414.18657053987
11795.0,1282314.33618987,208296.57402533304,3.0,107443.78508231632
11796.0,1284782.9746564,259094.401853353,3.0,134038.550984457
11797.0,1280735.91910025,259166.172733426,3.0,52388.600240579945
11798.0,1263029.58378613,247659.720049649,3.0,144454.92304995414
11799.0,1269277.77963252,213578.881998748,4.0,195057.0751181326
11800.0,1271349.72824265,210629.336395726,4.0,1084150.6554551057
11801.0,1270588.45214586,213118.829134271,4.0,1677649.0076507467
11802.0,1275206.0666146,267274.606661737,1.0,0.0
11803.0,1284975.4680326,244547.63934245697,3.0,216464.5196495325
11804.0,1284108.14399971,266195.232836634,1.0,0.0
11805.0,1272181.8941955,250136.522164181,3.0,8042.580367318932
11806.0,1259330.86147834,216652.998929903,1.0,0.0
11807.0,1265716.04951687,200337.508225188,3.0,93084.8945335368
11808.0,1282791.70335837,265723.645828143,3.0,102557.79621958366
11809.0,1282794.31622237,266349.82867679,3.0,56886.710349430505
11810.0,1261200.98967226,236425.376358137,3.0,87527.54233501448
11811.0,1283227.87897481,235797.622693494,3.0,131810.48148944648
11812.0,1283308.18623888,236106.575781822,3.0,86409.76903532135
11813.0,1256120.85053106,244277.56503818897,3.0,50368.52080015405
11814.0,1259172.61117418,188866.459637448,3.0,1516676.1404140752
11815.0,1271301.5258746,261429.347647741,3.0,514338.2174535599
11816.0,1275266.28568666,250840.772404909,4.0,248568.59184568515
11817.0,1276181.6614316,250827.586036891,3.0,259882.0337967904
11818.0,1275863.29989527,247696.69009769,4.0,199275.9251024752
11819.0,1276143.30821556,247692.729457676,4.0,164091.91378849317
11820.0,1270109.47313738,256156.45957835004,3.0,43272.87998599294
11821.0,1273215.95154056,217447.512082711,3.0,42435.0
11822.0,1273382.75333273,217443.091794699,1.0,0.0
11823.0,1274255.48587762,210756.749195859,1.0,0.0
11824.0,1274421.47832578,210754.592715859,4.0,88331.83357993602
11825.0,1275711.78507911,242874.075372741,4.0,138788.79307935733
11826.0,1258270.26390925,258549.371836796,4.0,180323.07672824716
11827.0,1257713.52387668,258559.691964805,3.0,136435.88332553385
11828.0,1268544.74564777,243244.051373124,3.0,21965.998637934037
11829.0,1255066.39395396,204013.063556954,4.0,240676.66335804763
11830.0,1288793.19565251,192118.490552768,1.0,0.0
11831.0,1285119.20787275,260338.24518263305,3.0,37254.57061666868
11832.0,1276172.68543158,218134.141971409,4.0,725122.6978820956
11833.0,1263301.7072424,247937.43204993,4.0,506275.0853235643
11834.0,1283244.79564683,243533.673517421,4.0,3198140.3061107653
11835.0,1280659.10655618,218860.43086816405,3.0,1315.2471899558766
11836.0,1271877.28721918,252589.404726699,3.0,150266.30969069744
11837.0,1276061.05407147,281165.918419957,1.0,0.0
11838.0,1267167.22347036,287392.433562338,3.0,4871431.834540627
11839.0,1278290.97381775,265193.670851603,3.0,48972.25607504039
11840.0,1275579.27979897,256659.901498869,4.0,110042.19620936044
11841.0,1280013.33522752,268291.90413478,1.0,0.0
11842.0,1266756.40734194,233391.28758703204,3.0,936899.7298223226
11843.0,1281765.85401331,213704.891918883,3.0,268175.90541782166
11844.0,1256110.08445103,243801.378349692,3.0,272423.7573657904
11845.0,1281946.59052549,230786.036576375,3.0,2365831.986537216
11846.0,1255078.22172998,245140.874031067,4.0,207138.98588072247
11847.0,1255084.18428999,245486.691887423,1.0,0.0
11848.0,1254869.04694577,235089.029284775,3.0,63228.28610833184
11849.0,1267077.71575826,246251.151024207,3.0,148986.57712536448
11850.0,1264767.28695591,252421.255094528,3.0,23759.48378192486
11851.0,1291807.63149559,185459.85227395603,3.0,543441.9717717771
11852.0,1281920.64505348,261124.016895428,1.0,0.0
11854.0,1264962.2363961,196099.368124843,3.0,28646.602206427822
11855.0,1271165.81093046,231930.783649534,3.0,152543.31920860437
11856.0,1271318.49304262,231929.843361542,1.0,0.0
11857.0,1270386.93387365,232056.078305662,4.0,367738.594214979
11858.0,1256496.55907543,250440.53995649505,3.0,224711.51682898492
11859.0,1260152.63741519,193507.218426198,3.0,11515.900414406358
11860.0,1270379.42206565,198445.97395125,4.0,656748.8970717653
11861.0,1287074.25024275,188672.462325245,3.0,874775.4691123795
11862.0,1275270.02648667,221764.531991124,4.0,572157.4100124557
11863.0,1266866.85694206,229029.233310565,4.0,75326.03338689699
11864.0,1251847.78134267,241898.062891752,3.0,4472.563196004093
11865.0,1273906.71160527,248487.18264249,1.0,0.0
11866.0,1256250.56649919,252550.029174656,3.0,53400.26771683474
11867.0,1271738.25169905,194996.688187718,4.0,201621.6877834029
11868.0,1281419.38783696,212207.529101342,3.0,7109.809827125038
11869.0,1264955.7741241,245775.568943724,4.0,252817.32777171352
11870.0,1255389.4852183,200278.208513126,1.0,0.0
11871.0,1255385.7867223,200155.955136999,3.0,50320.17131984039
11872.0,1284211.52531181,197233.289086014,3.0,81955.6358216257
11873.0,1282850.34924643,209149.072650209,4.0,82504.66277244553
11874.0,1273233.14245257,224517.642969951,4.0,807640.6548664737
11875.0,1266639.52177382,173287.891749486,4.0,327103.767667024
11876.0,1262391.65098548,283531.861846372,3.0,127552.0
11877.0,1262218.8311453,283535.634518385,3.0,5704252.668389569
11878.0,1285710.45836934,168298.532640383,3.0,245268.37603756343
11880.0,1274746.78309412,212990.70177415,3.0,2338905.074666188
11881.0,1270621.2539379,232407.309922025,3.0,65144.34745167793
11882.0,1270691.80299397,232393.25123401004,5.0,734792.0627788056
11883.0,1280281.2385878,247275.245745257,3.0,374497.6598035374
11884.0,1276356.31237577,268557.91085504,4.0,149273.44588617003
11885.0,1271223.87217851,224750.878682181,3.0,26962.84528971628
11886.0,1280124.51679564,222376.24040775,3.0,9372.772388580024
11887.0,1284142.14124775,235146.16566883,4.0,131400.73290620116
11888.0,1278803.14770629,231491.567649096,3.0,119282.9824678286
11889.0,1268373.4920156,281178.368851975,4.0,9960596.706325904
11890.0,1273458.00978081,239051.967208833,4.0,2196323.018807749
11891.0,1277048.88972048,271859.297610432,4.0,1261936.396171268
11892.0,1255374.86384229,213898.42337507,4.0,132288.82862072444
11893.0,1273407.89074075,208946.316809997,3.0,48863.39772365054
11894.0,1273558.79826091,233530.34115517105,3.0,113380.75853195216
11895.0,1277915.71045737,219364.997396678,4.0,5982803.443977969
11896.0,1278213.84242567,219359.872788668,3.0,174481.26293352243
11897.0,1265955.40369312,256927.149307132,4.0,173532.52048605029
11899.0,1271112.20702641,195631.612476364,4.0,1342498.6379100934
11900.0,1271102.7109624,195321.716412053,3.0,523766.82032733824
11901.0,1278426.41093789,278527.651729256,4.0,1211994.7301716127
11902.0,1279064.88799454,278157.78241688,3.0,1084602.7691744268
11903.0,1269469.64209671,264562.885698959,3.0,3642.54017035859
11904.0,1254153.48867303,217030.138258278,3.0,291776.4792985695
11905.0,1254092.54256098,216941.755858198,3.0,250583.63315911664
11906.0,1276995.25957642,232799.744482428,4.0,990087.353280768
11907.0,1273576.65650092,257381.568059608,4.0,1173729.6845349583
11908.0,1274109.02450147,249456.027123481,4.0,1400544.3540387996
11909.0,1274162.24459752,249366.953139395,4.0,80480.43157434318
11911.0,1281488.59442903,247909.981681898,4.0,560058.4612895105
11912.0,1271979.13182729,212117.835085258,4.0,330496.3193564439
11913.0,1274510.29573388,187483.310836032,1.0,0.0
11914.0,1262458.76996154,243599.718637496,1.0,0.0
11915.0,1282948.78310253,243540.076333433,3.0,79345.15163358985
11916.0,1257250.50704421,212515.834637657,3.0,27576.903361918863
11917.0,1256980.66966793,212524.24929367,4.0,22287.541497118065
11918.0,1274847.18936622,250843.010548905,4.0,234044.7065584024
11919.0,1275438.33522283,253341.425847471,3.0,186777.9722259367
11920.0,1274957.98443834,263068.815169424,3.0,62904.28071417281
11921.0,1273239.20050058,258389.368188635,1.0,0.0
11922.0,1252646.77545549,242554.58391642605,3.0,828521.2602591026
11923.0,1270088.86622536,261118.162303433,1.0,0.0
11924.0,1259249.44432625,255741.182841927,4.0,156043.46229238182
11925.0,1259264.27338228,256405.6782666,4.0,101099.44624031642
11926.0,1275855.98725526,213272.99483043,3.0,278596.3770013861
11927.0,1271213.27966651,248572.108594581,4.0,62422.60422951452
11928.0,1271102.56337839,248835.565426856,3.0,36776.8020169848
11929.0,1259422.19005443,214448.487887636,3.0,23928.61064963029
11930.0,1260116.49053514,284426.265559301,3.0,127052.31428571428
11931.0,1259447.52400646,284445.01621531,3.0,296287.35194805195
11932.0,1284724.11616035,175584.351719841,1.0,0.0
11933.0,1278316.47608978,285639.731032535,1.0,0.0
11934.0,1262127.8804892,245854.396207795,4.0,195144.5706189309
11935.0,1272375.7960197,220909.834902257,4.0,78105.26055680211
11936.0,1270709.732466,194304.605627015,3.0,162327.85136485135
11937.0,1271516.18065882,214319.528847501,1.0,0.0
11938.0,1256523.02589147,197312.75116609,4.0,1465053.224371106
11939.0,1276734.55506416,255299.126329467,4.0,81302.31504451158
11940.0,1279192.74437867,265486.3027879,1.0,0.0
11941.0,1282115.43500566,195589.340924323,4.0,45758.13294310134
11942.0,1282108.94687766,195285.484540015,4.0,1014650.719763664
11943.0,1283759.47436735,233943.075875595,4.0,80928.79178798845
11944.0,1277026.53868046,220591.097685933,3.0,8032.900043602212
11945.0,1263935.40612306,170805.365858942,3.0,117649.34483288706
11946.0,1266662.29860584,276781.856015474,3.0,63086.22141945109
11947.0,1280737.50604425,285117.654615998,1.0,0.0
11948.0,1273281.65285262,272151.397066727,1.0,0.0
11949.0,1273742.7404691,272140.304266721,3.0,251783.62616783244
11950.0,1277926.83941738,277123.908815816,3.0,13274.644959479823
11951.0,1258985.94486998,259615.911997885,1.0,0.0
11952.0,1281514.89030105,191806.777912453,1.0,0.0
11953.0,1283590.77785519,244056.731181964,3.0,43339.1728587565
11954.0,1284085.82873569,244046.601581946,1.0,0.0
11956.0,1275166.14904656,208400.419593439,3.0,97297.73561803876
11957.0,1254795.9965777,244693.286958605,4.0,1736634.428010335
11958.0,1272431.68965176,279982.252178743,3.0,44799.34127583658
11959.0,1272433.16209975,280321.023827091,3.0,1023115.0317798085
11960.0,1271306.9366266,177851.99940216503,3.0,217348.33162451585
11961.0,1282011.21279757,175683.47747994997,3.0,22328.95666217317
11962.0,1274755.62002213,273923.938828543,3.0,1067389.583430908
11963.0,1282593.92294216,186140.041202649,1.0,0.0
11964.0,1282565.92460613,185934.00984244,3.0,118378.96933299006
11965.0,1262586.22967367,252335.394742429,4.0,1299359.910753881
11966.0,1281005.57638054,216831.884050086,3.0,43876.42733767238
11967.0,1266324.9288775,173941.621414155,3.0,24081.08813684504
11968.0,1262095.69226517,167915.057311982,4.0,693516.3417827099
11969.0,1270127.7362414,280044.80488281,3.0,186346.20362629867
11970.0,1282546.36921412,245918.671663865,4.0,86621.758479738
11971.0,1256710.30505966,257782.435644016,3.0,84777.99999999999
11972.0,1256381.78371532,257788.959292024,4.0,186136.7984376397
11973.0,1260134.84611917,241036.83626686,6.0,2159520.812800262
11974.0,1269993.86148925,214349.810575545,4.0,90548.821737542
11975.0,1270223.67140949,214345.167247534,3.0,45561.21329137365
11976.0,1282037.15730959,268377.089350864,3.0,140839.66699133223
11977.0,1282255.45081381,268369.571014851,3.0,141230.2998934738
11979.0,1263224.86391433,250332.98078838,3.0,572059.4590847093
11980.0,1280400.19602792,197936.141630724,1.0,0.0
11981.0,1266073.31518124,231833.070881441,4.0,1682294.793086248
11982.0,1263515.22353062,237049.556518778,4.0,423242.03949812776
11983.0,1256930.80886789,258984.274493247,1.0,0.0
11984.0,1274046.1597974,276603.627663285,3.0,736954.4590475241
11985.0,1282725.2894703,178873.232939214,1.0,0.0
11987.0,1284265.27852787,200886.701057747,3.0,42886.75994250392
11988.0,1284546.65459216,200882.88742575,1.0,0.0
11989.0,1255570.35721849,200149.874112993,4.0,567032.9245989746
11990.0,1279131.28645861,258213.140220448,1.0,0.0
11991.0,1281540.70521308,209157.963018224,4.0,115367.80488590142
11992.0,1283746.28051133,233502.863203153,4.0,335572.2294797882
11993.0,1256577.12553951,216909.168978155,3.0,1184.8998890406235
11994.0,1283091.01638266,209131.496202201,4.0,1586757.6006292943
11995.0,1273759.73259711,238611.638056383,3.0,185304.0572112859
11996.0,1273760.12498112,238650.967400417,3.0,20530.27112477314
11997.0,1278506.87596197,254609.24088875897,4.0,2668068.202860517
11998.0,1256965.89808391,199308.112000138,1.0,0.0
11999.0,1256578.88931552,199329.931840152,4.0,54734.64937175989
12000.0,1258139.28675711,253061.985463172,4.0,148560.12819059944
12001.0,1264457.26333959,247134.517361104,3.0,14084.239975524
12002.0,1282195.26066975,191953.562744603,3.0,690214.2808682154
12003.0,1281951.48492551,202560.847939461,3.0,3302356.244818265
12004.0,1281949.9009255,202298.8586272,3.0,62200.95823139283
12005.0,1255952.63075487,257797.481596023,1.0,0.0
12006.0,1271280.13355458,246704.969648674,3.0,1310833.1370766168
12007.0,1268574.1989598,243822.158125713,3.0,46021.25282091726
12008.0,1268837.16337608,243811.964269713,1.0,0.0
12009.0,1258383.57565337,192260.631352916,3.0,299374.4285247743
12010.0,1262781.81392987,244122.425582021,4.0,139148.30365999864
12011.0,1265934.3279811,177513.594217822,4.0,2024209.6011694735
12012.0,1258873.35453387,208496.768521547,4.0,2945872.5796346227
12013.0,1274860.79634224,227953.267997473,4.0,162158.5826350856
12014.0,1275725.29624712,271742.805706307,3.0,558072.2385058056
12015.0,1285344.22649698,279487.564498246,3.0,852697.7592749273
12016.0,1281319.26700485,171706.257123873,3.0,52716.78049974156
12017.0,1273614.41528496,237492.294183239,4.0,126585.3020756464
12018.0,1294422.92877828,183110.087983549,3.0,463912.96665912005
12019.0,1258123.76778111,287413.065690354,1.0,0.0
12020.0,1262959.77156205,189790.33675839,1.0,0.0
12021.0,1259020.23415002,192589.281913251,4.0,802352.9799859939
12022.0,1284109.05606371,189799.184182391,3.0,84778.0
12023.0,1283031.69401461,268342.820422828,3.0,304771.4642726964
12024.0,1283302.38278289,268333.492678821,3.0,324759.5918850647
12025.0,1264799.38372394,235695.681637391,4.0,200173.6074662425
12026.0,1255493.1661144,192678.995001346,4.0,248821.8061285286
12027.0,1261671.15242474,264655.043651044,3.0,339021.99999999994
12028.0,1275993.0020394,232163.19753778,4.0,477263.59067919175
12029.0,1280803.32678032,207951.386376992,3.0,55372.63874124719
12030.0,1278330.18437779,222922.22191231,4.0,321689.69859465363
12031.0,1278323.63980179,222631.548952013,3.0,4491.408187634257
12032.0,1264143.15306726,268886.578823388,1.0,0.0
12034.0,1284305.32825591,176885.80151318,1.0,0.0
12035.0,1280145.41241165,180157.078764528,4.0,831824.2593404646
12036.0,1269682.07275294,284953.940375835,1.0,0.0
12037.0,1269801.92356905,284952.897111833,3.0,45648.055193250446
12038.0,1266171.83601335,271486.170378044,4.0,54753.99725355166
12039.0,1266181.45937335,271813.853450388,1.0,0.0
12040.0,1271112.0184184,281853.377364665,3.0,44286.47962038813
12041.0,1271388.35576269,281836.309140638,1.0,0.0
12042.0,1272228.32587555,215065.649360269,3.0,43384.89394793929
12044.0,1265100.28599624,245629.161455572,3.0,54954.40436564628
12045.0,1265163.64311631,270184.098184705,4.0,131028.16058561862
12046.0,1255217.71587412,197800.37062259004,3.0,400917.0547541872
12047.0,1284879.6860805,255243.234041408,3.0,70637.33333333765
12048.0,1253116.81948797,239891.581993699,3.0,169390.9549535161
12049.0,1280761.03974028,260182.957118466,3.0,25952.177718581966
12050.0,1281567.77106911,260163.038526446,3.0,36445.78281376772
12051.0,1273246.92190859,203206.428996131,4.0,28442182.872665115
12052.0,1275663.66546306,252673.168310776,3.0,6186.172479630062
12053.0,1253525.8436164,246541.546096504,3.0,580023.9994180086
12054.0,1263225.40388232,243682.828397572,3.0,24441.0953726888
12055.0,1270778.86616206,247518.338097498,4.0,139612.87873352808
12056.0,1254942.27612984,209929.630155012,4.0,894586.0185287392
12057.0,1270001.61412926,270170.680264696,3.0,6055.737001501145
12058.0,1265703.80119686,249256.181427285,4.0,40810.71298349
12059.0,1283686.39839928,246646.027184606,3.0,84778.0
12060.0,1283386.73529497,246688.420144647,1.0,0.0
12061.0,1287242.23712292,202871.123267785,4.0,108500.67324131742
12062.0,1264482.04279561,196114.186300859,3.0,33151.199707991866
12063.0,1283581.99347118,266045.714756474,3.0,294281.08694954624
12064.0,1271170.43166646,228596.627934128,4.0,194909.89190770476
12065.0,1270855.40011413,228883.342878416,4.0,235981.40114373
12066.0,1273234.02597257,227544.440349042,4.0,390291.8395663768
12067.0,1287493.81632318,203616.712324545,4.0,142820.26721798276
12068.0,1268289.05911951,171326.070179477,3.0,2016214.8163351784
12069.0,1268182.24337541,171329.286435485,3.0,1937180.2839717416
12070.0,1266674.24311785,174927.194919169,4.0,5216906.492713768
12071.0,1265099.74532424,231538.747681141,4.0,4264677.135973024
12072.0,1269371.03595261,215122.431760326,3.0,184090.32111245944
12073.0,1262934.03345002,254062.616312206,3.0,8471.266830106908
12074.0,1274388.01643775,239032.768808812,4.0,188770.15468638705
12075.0,1285243.41305687,208232.311049268,4.0,102561.29571761168
12076.0,1274497.75410187,224882.842330322,3.0,20640.78667002211
12077.0,1257278.13597223,213833.406095013,4.0,55045.34749218104
12078.0,1259063.80266206,186121.66494663095,3.0,166.66666666666669
12079.0,1270220.84139349,283947.139926806,1.0,0.0
12080.0,1289695.73088543,166888.483934939,4.0,164783.82989360407
12081.0,1285975.53753762,197210.895741984,3.0,158553.3770370626
12082.0,1256603.16157155,200213.475713059,3.0,127772.1133990814
12083.0,1267740.79710294,243584.363053471,3.0,73819.91899356506
12084.0,1278145.1834816,230772.57072036,3.0,34411.61574381956
12085.0,1262067.65456913,205095.043974057,4.0,145722.41834424148
12086.0,1272565.06341189,198760.951039568,1.0,0.0
12087.0,1271306.8700026,245507.041583449,1.0,0.0
12088.0,1283056.75135863,207137.094408154,3.0,37688.14773696733
12089.0,1283493.93555108,251189.41963726297,3.0,58213.612942192914
12090.0,1267620.29636683,229293.584862843,4.0,293609.8903756687
12091.0,1267628.44235083,229720.056735277,4.0,5239940.125682292
12092.0,1266866.24836606,197041.450877815,3.0,80152.75804090625
12093.0,1267737.59665495,269466.516295969,3.0,2306047.0004151245
12094.0,1268401.56939162,269452.970055968,4.0,4412731.586278939
12095.0,1258840.60918984,248033.35313803,4.0,1181913.8829910916
12096.0,1266778.00439796,226933.238812417,4.0,1835183.7329063
12097.0,1251592.14537442,210992.175884098,4.0,84864.86312993051
12098.0,1251332.60911815,210999.716876104,3.0,1432790.4006587395
12099.0,1272391.10475571,270021.391816542,4.0,173285.65149832368
12100.0,1260329.84080736,249598.285363629,4.0,314435.1436645412
12101.0,1259671.96419869,249612.812915653,4.0,339832.5660964886
12102.0,1260836.6596878802,242909.98609277603,6.0,4463681.488387521
12103.0,1260856.9910159,243134.516781017,4.0,14218423.585886933
12104.0,1270374.48868965,244863.841134787,4.0,157722.13626953406
12105.0,1282821.2692464,194039.926010743,3.0,42736.2246291032
12106.0,1282822.5251184,193894.536250591,1.0,0.0
12107.0,1282534.9598061,265731.714756146,3.0,222398.9425688072
12108.0,1284764.41593638,282424.779093251,1.0,0.0
12109.0,1268944.33246419,278477.273233205,3.0,54059.16478702997
12110.0,1295993.13428389,182529.572398961,1.0,0.0
12111.0,1262985.82365808,256739.239290938,3.0,29529.163271221987
12112.0,1274128.6537495,194629.737851351,1.0,0.0
12113.0,1257153.23299611,205901.494470879,4.0,1310251.5491842218
12114.0,1279296.91903478,200669.782529533,1.0,0.0
12115.0,1279829.06233133,200659.363585517,4.0,134543.30974345308
12116.0,1275720.12498312,243099.681580976,4.0,71912.31926272373
12117.0,1273477.65016483,215798.703377023,1.0,0.0
12118.0,1261629.09968869,247407.806513384,4.0,296256.180933762
12119.0,1285384.87110502,256596.8885068,3.0,64915.74685996482
12120.0,1283176.97651076,252518.937014624,3.0,80230.51749172762
12121.0,1256760.50966771,250438.294516489,3.0,142150.3764593912
12122.0,1289701.55898143,187952.029428512,4.0,179056.34253779778
12123.0,1267173.89502236,237669.696999416,1.0,0.0
12124.0,1281283.79628482,249249.85003528,4.0,61727.90395650077
12125.0,1281294.78905283,249906.317235947,3.0,11416.180684944842
12126.0,1269049.56254429,255525.509433702,3.0,562116.7801063429
12128.0,1282021.04972558,223092.944024488,4.0,176015.2963213296
12129.0,1282401.11820596,223329.145304739,3.0,967558.1880953718
12130.0,1274377.16146174,179759.214764118,3.0,503146.8288854595
12131.0,1283975.69772758,286533.905049458,1.0,0.0
12132.0,1269266.91384052,187147.310899675,3.0,341738.98221875826
12133.0,1287434.45427512,176857.131945148,4.0,770956.4414174878
12135.0,1264940.88209209,263162.928513527,3.0,4159.011952923349
12136.0,1283441.79526302,236492.312870204,1.0,0.0
12137.0,1255508.45808242,191012.915703639,3.0,94987.73377944088
12138.0,1278163.02168962,249228.22443525505,3.0,52629.76305208503
12139.0,1278282.04306574,249226.034803256,1.0,0.0
12140.0,1260930.36029598,211661.04628478,3.0,35158.94975630592
12141.0,1260765.49475981,211666.388492793,4.0,58449.43788462917
12142.0,1257466.56438842,243759.593005657,3.0,215364.8028378276
12143.0,1257135.65328409,244182.37655808,3.0,112801.34252726268
12144.0,1270682.59505796,271399.447177961,3.0,94201.04954919088
12145.0,1285432.62950507,246316.584240273,3.0,32225.28012369161
12146.0,1266826.77137402,250288.79352434,4.0,90158.06260356608
12147.0,1278742.63698621,283784.670742646,3.0,327363.220899828
12148.0,1279032.14853851,233061.715426698,3.0,113554.65768652232
12149.0,1256636.84918758,211872.098380998,4.0,507113.3409407487
12150.0,1280689.7872602,223793.671961203,3.0,147301.8962530746
12151.0,1281669.80012521,244560.899758473,4.0,582718.382641195
12152.0,1266056.11710122,236627.876966357,1.0,0.0
12153.0,1264587.68893972,211575.985100701,4.0,164109.4979370731
12154.0,1267122.49188632,280572.229971349,3.0,47055.67995294469
12155.0,1267451.32657465,280480.829267249,1.0,0.0
12156.0,1267775.74423899,278090.258256808,3.0,244184.36217329017
12157.0,1264696.18737184,283329.581462175,3.0,342531.4567406119
12158.0,1264026.44727515,283349.298582196,1.0,0.0
12159.0,1288330.70867604,202916.541123822,3.0,19780.99160586669
12160.0,1288269.28819597,202036.271554932,3.0,132215.356530655
12161.0,1254395.75260928,240530.191658348,3.0,35400.98000173166
12162.0,1256853.13091581,239434.478953227,1.0,0.0
12163.0,1277356.32120879,222943.171352342,4.0,86512.16062638788
12164.0,1286101.50220975,197208.86393398,3.0,49775.595356680125
12165.0,1281432.55058897,212682.032781824,4.0,92716.16164875074
12166.0,1280437.85407595,254677.696504831,3.0,24245.62846004062
12167.0,1270981.78737827,262762.230849117,3.0,4917987.759884895
12168.0,1271639.88312294,262743.854913086,3.0,152459.24497825874
12169.0,1279477.05842696,230415.864735991,3.0,68715.09629447303
12170.0,1271291.72965059,254151.944248289,3.0,113787.06094410967
12171.0,1258380.05405337,251715.195189804,4.0,212200.19156343705
12172.0,1265714.17585288,237669.417191416,1.0,0.0
12173.0,1265682.91146885,237889.314343646,3.0,1532422.2176467543
12174.0,1265335.01028448,244079.272813976,3.0,48980.96634420898
12175.0,1266054.97566122,246273.636848226,3.0,1685077.9071313343
12176.0,1285238.33196887,247999.991665989,4.0,177076.30350796226
12177.0,1290412.69107817,182927.328495353,3.0,504034.31358332135
12178.0,1278460.41938592,177773.05668208,1.0,0.0
12179.0,1266709.22865389,272800.307851389,4.0,144893.7241661638
12180.0,1281243.65458877,282534.172565356,1.0,0.0
12181.0,1281204.89158073,282980.297365814,4.0,515151.98399366223
12182.0,1258688.72726968,260468.464766756,3.0,1111011.583382659
12183.0,1269174.00260842,246719.26750467703,3.0,217003.063203188
12184.0,1285223.25984085,261484.12575981,3.0,320023.99184101314
12185.0,1259255.78851826,200513.178497374,4.0,6948537.520899935
12186.0,1269740.43025699,258851.58841310404,3.0,1141901.0746976566
12187.0,1269746.70616101,259480.240381747,3.0,4746.413927435965
12188.0,1281045.15762858,176390.79236066304,3.0,54167.75427296949
12189.0,1281589.85862114,176367.93412064,4.0,151408.60613369863
12190.0,1279212.8552267,174123.626918346,1.0,0.0
12191.0,1264316.76753144,270701.290057242,1.0,0.0
12193.0,1281585.58374113,257506.974267736,4.0,143033.5787211238
12194.0,1280147.79429966,213324.59969449,3.0,43076.48488891663
12195.0,1252993.42403185,211633.28257276103,3.0,312682.3527648762
12196.0,1252746.2361916,211642.806476772,3.0,2080.6612190666574
12197.0,1280678.4539482,223433.944024846,3.0,71584.95116304478
12198.0,1267091.51659028,271136.136969686,1.0,0.0
12199.0,1266018.68311718,235271.951140955,4.0,46439.25756638287
12200.0,1255593.29353851,200735.412929595,3.0,104800.86074265077
12201.0,1261033.28036009,187741.95141229,3.0,49062.01445093031
12202.0,1260779.55645582,187712.847796261,1.0,0.0
12204.0,1270432.3553777,198373.032191172,1.0,0.0
12205.0,1277645.91020109,266780.428805232,1.0,0.0
12206.0,1272375.9663237,269200.39411971,3.0,53516.56871608715
12207.0,1272676.680308,269238.011207744,3.0,8527.732372272574
12208.0,1253341.72355221,238562.482984334,3.0,31880.52285471125
12209.0,1270760.76907404,247248.483313233,4.0,445902.3027966172
12211.0,1282454.32934202,213213.092430368,3.0,261877.53883801828
12212.0,1271711.26981102,268713.417415202,4.0,114771.71216611918
12213.0,1264153.13764328,232340.952097967,4.0,3351237.5751610016
12214.0,1265462.56318061,282504.060117334,1.0,0.0
12215.0,1281084.25599661,180657.68804504,3.0,84778.0
12216.0,1291129.1998149,183767.145712227,3.0,85805.46711366353
12217.0,1270771.31205006,282026.678868845,3.0,596557.6351214318
12218.0,1270775.81957006,282981.897749811,3.0,133927.66756328032
12219.0,1279441.29861893,279823.044498578,3.0,124156.02293149012
12220.0,1258707.3391097,187900.261108458,3.0,56218.10137330219
12221.0,1280234.10117975,210929.050060034,3.0,1225363.6147689056
12222.0,1261641.1767447,247973.949745968,4.0,853509.9316934429
12223.0,1267348.20702255,244694.39723061,4.0,357086.75514303066
12224.0,1274769.73349415,213297.880974457,4.0,1750227.227255074
12225.0,1269291.48728053,212894.65044604204,3.0,38517.45865178964
12226.0,1272635.65509196,208567.434697613,3.0,46467.24560601388
12227.0,1255749.58883467,193858.838138551,4.0,140337.57771369335
12228.0,1272582.8671239,252028.167990118,3.0,223025.6454606163
12229.0,1280707.59366024,195609.915644348,1.0,0.0
12230.0,1273770.61675712,223021.85359241095,4.0,1070958.1156968724
12231.0,1279781.52005927,210624.043147728,4.0,96696.45056864922
12232.0,1263188.99127428,232365.496353984,3.0,2569397.580191073
12233.0,1278494.28050596,200406.359809265,3.0,100217.2669291208
12234.0,1278487.01804195,200059.91398491,5.0,4082401.482475191
12235.0,1270284.45278555,217399.901970655,4.0,666967.2855818182
12236.0,1271621.53445092,273746.664588362,1.0,0.0
12237.0,1265439.0251326,232185.229665801,4.0,593729.5818091531
12238.0,1260993.17642404,233887.943459541,1.0,0.0
12239.0,1260761.4363918,233708.770915359,4.0,123591.54725052913
12240.0,1281122.62892465,258135.031100377,1.0,0.0
12241.0,1281593.58502114,258132.960572377,4.0,293177.8054368191
12242.0,1251023.03791784,239524.443945318,3.0,11303.860183037148
12243.0,1274875.19199026,254822.42124098504,3.0,357452.2667746286
12244.0,1280127.50201163,180156.667052522,1.0,0.0
12245.0,1281382.72326092,270393.660424933,3.0,347698.4067948775
12246.0,1277796.75928925,284575.949335456,3.0,148109.49003621453
12247.0,1264304.01297143,256969.221435174,4.0,153121.26768055875
12248.0,1264753.01239589,287435.163418382,3.0,3044368.747665901
12249.0,1264089.88017121,287446.240858391,3.0,2318486.999564853
12250.0,1297408.34010933,184943.360241428,3.0,1540136.2060978806
12251.0,1263176.88004227,198585.862143397,3.0,160130.53962208758
12252.0,1258664.44483766,215824.244689047,3.0,69723.04216214149
12253.0,1296245.27911614,184333.410672799,4.0,378504.1921137565
12254.0,1296232.98260413,184075.895728543,4.0,307963.21085587016
12255.0,1276205.22309561,283153.774677992,3.0,48798.36503970426
12256.0,1276176.03973559,283411.30504626,3.0,119901.4904461244
12257.0,1295150.11597902,185180.228849664,3.0,448262.6441978408
12258.0,1283570.81433517,276217.208846897,3.0,136598.18895806957
12259.0,1269712.10814497,170082.825314209,3.0,312400.2013018446
12260.0,1270465.00459374,170077.326946199,1.0,0.0
12261.0,1258001.00163698,284922.014615804,4.0,204070.34555068487
12262.0,1257787.08112475,285153.622104034,3.0,28294.082360769506
12263.0,1272437.05214776,281987.873172805,4.0,494300.02525148325
12264.0,1272440.33758776,282615.015573442,3.0,235189.40246983804
12265.0,1289935.52992567,168770.492640868,4.0,85401.19533957425
12266.0,1275638.19435903,230853.619808435,3.0,13402.087224606688
12267.0,1279648.28773914,219105.152788401,3.0,728537.6540507108
12268.0,1261831.95920891,253011.188983127,4.0,345365.36083221406
12269.0,1264583.43364371,211461.496844575,3.0,45508.87834692848
12270.0,1274832.46763821,215767.676880985,4.0,134124.80346522457
12271.0,1264440.00548357,194444.962299153,4.0,478522.7877008029
12272.0,1272883.44466022,250994.335093066,3.0,419921.33171432937
12273.0,1264436.72823557,248979.487091005,3.0,90964.16156895131
12274.0,1284000.7727996,208094.195785135,1.0,0.0
12275.0,1284378.07910399,284345.003607213,3.0,84777.99999999999
12276.0,1284380.836992,284821.741847694,1.0,0.0
12277.0,1275724.18271112,276540.579919219,3.0,440172.2536948294
12280.0,1264714.45437986,284124.402006984,4.0,207364.69497809585
12281.0,1264434.43530756,284130.210391,1.0,0.0
12282.0,1290936.5447107,180838.110573217,3.0,43574.18283485587
12283.0,1270716.729458,193608.356346294,3.0,321860.380197363
12284.0,1261515.97527258,236419.006630138,4.0,211124.13914286703
12285.0,1265996.25694117,250627.90994069,1.0,0.0
12286.0,1266297.00471747,258240.487932488,4.0,456967.24144175526
12287.0,1279535.07961103,204006.323396951,3.0,44873.03546223337
12288.0,1262131.52944921,239722.895977512,3.0,183466.27587167968
12289.0,1261820.05405688,239728.03344953095,3.0,121681.68129494449
12290.0,1262501.32298559,258329.889660567,1.0,0.0
12291.0,1276711.90316014,222957.159192353,4.0,234466.429861934
12292.0,1285992.76716964,197929.039614722,3.0,84777.99999999997
12293.0,1265464.00407661,249266.121651292,3.0,28904.96257352894
12294.0,1264522.64509965,237699.277351454,4.0,380848.6895609308
12295.0,1275530.61157493,191120.474871755,1.0,0.0
12296.0,1275229.55378261,190676.297271296,3.0,278513.3686102241
12297.0,1263157.99063426,231196.291360795,1.0,0.0
12298.0,1284157.11071976,255575.138233751,1.0,0.0
12299.0,1267929.63070314,251222.15122129,3.0,320011.31848252274
12301.0,1254293.88304117,210632.095947728,4.0,244649.1318738037
12302.0,1254272.63574515,209951.118603036,4.0,582316.6843881513
12303.0,1282487.42086205,246259.595888212,3.0,14051.713521428472
12304.0,1282793.20467037,246359.73444831403,3.0,349973.4686764001
12305.0,1263149.43325825,268937.54855144,3.0,2204339.3277545413
12306.0,1262627.40087372,269425.226055935,3.0,84778.0
12307.0,1258588.13526958,210475.502411574,4.0,1820606.9905777925
12308.0,1263691.56311481,283484.46101433,1.0,0.0
12309.0,1263367.42001048,283378.518358216,3.0,424501.315969062
12310.0,1275397.84050278,273396.303755999,1.0,0.0
12311.0,1280814.18662034,282574.868693396,3.0,9011226.66688488
12312.0,1280915.07782044,282990.135893822,4.0,5108702.421194865
12313.0,1264687.96100383,260928.83129523703,3.0,43022.15131111812
12314.0,1264361.11261949,260938.839167237,4.0,1185560.2380515616
12315.0,1275906.77029531,218141.27643542,4.0,149778.47151047725
12316.0,1265445.5716926,232482.74384211,4.0,726648.1909134488
12317.0,1263004.0982821,205068.567046031,3.0,95778.4446259361
12318.0,1257286.36496425,214016.053711191,1.0,0.0
12319.0,1255300.52739421,194144.303738847,3.0,42320.21644351287
12320.0,1267941.83051115,172624.403876811,5.0,4173414.90371049
12321.0,1275464.43551086,273506.439308107,1.0,0.0
12322.0,1288652.17325236,184818.277169302,3.0,241419.87453814023
12323.0,1270865.37585814,286837.41564177,1.0,0.0
12324.0,1257261.31574821,237326.879463062,3.0,72139.89625514741
12325.0,1272408.16312373,187055.85176359105,3.0,403124.7427332216
12326.0,1271495.9454588,281740.047508538,1.0,0.0
12327.0,1262015.04349709,280387.468243167,1.0,0.0
12328.0,1281307.78969285,192240.672376901,1.0,0.0
12329.0,1278117.19698557,235409.72714109704,3.0,27779.889441130126
12330.0,1255275.22230619,236932.922918662,3.0,2846.504301411087
12331.0,1261884.20189695,241700.808363542,3.0,82068.86299487224
12332.0,1259903.27869493,199830.028608665,4.0,380402.2301309749
12333.0,1257288.40925224,250433.802420482,3.0,47069.10837849438
12334.0,1278867.47436234,222910.33941631,4.0,871353.3008760455
12335.0,1253441.53436831,216098.360913321,1.0,0.0
12336.0,1258690.12522168,254380.081272528,4.0,406565.6356848256
12337.0,1272531.41419585,235513.97462920804,5.0,218829.60165730608
12338.0,1273449.1649808,238639.798120409,3.0,116096.80279669758
12339.0,1264465.72330759,231967.151329577,4.0,1271175.3572982822
12340.0,1277606.28754506,213830.391055003,4.0,65761.67544821416
12341.0,1277753.70853721,213827.151183009,1.0,0.0
12342.0,1272815.28434014,270078.184712604,3.0,203771.2185297355
12343.0,1286539.8697622,196079.365500823,3.0,89217.04298533882
12344.0,1281034.82892457,249910.88907595,3.0,33326.2053171533
12345.0,1279677.32869917,268453.046854943,4.0,54344.26932297838
12346.0,1262805.3148579,249278.8683393,3.0,29608.3459727774
12347.0,1273737.51966909,276615.08436729,4.0,432249.59971842624
12348.0,1292267.33076006,185162.161969647,4.0,1540383.66978645
12349.0,1268764.169392,275421.074958071,3.0,170041.33675750284
12351.0,1261278.16304833,168196.153568283,3.0,443341.8476014393
12352.0,1259158.89533417,209584.260746658,3.0,143098.9128631061
12353.0,1288642.66016436,188692.84779726,3.0,103699.20746396529
12354.0,1283772.04985537,246585.955440551,4.0,2118330.448278944
12355.0,1273177.15960452,215496.36276871,3.0,203531.86520609085
12356.0,1265749.43754891,251620.832501709,3.0,18566.811134105566
12357.0,1262414.0767775,233742.6881634,3.0,21154.54678719684
12358.0,1258063.29219703,216683.363985926,3.0,124840.61942311875
12359.0,1257793.63293277,216686.06312193,3.0,167971.92918716598
12360.0,1279767.68876326,218016.961043298,3.0,103189.45158666608
12361.0,1282581.59353414,234414.695012078,3.0,2496920.287981849
12362.0,1274321.97029369,221479.370518833,4.0,3693853.6674070014
12363.0,1270094.16049735,275398.119246051,3.0,94391.36621735424
12364.0,1266732.66398191,177806.394538119,3.0,76360.11202451031
12365.0,1266372.24798155,177793.750826105,1.0,0.0
12366.0,1281681.83417323,214349.600271538,3.0,56027.283530414046
12367.0,1281456.22175699,194431.992827147,4.0,330470.5193354209
12368.0,1283112.16403069,251197.003957272,4.0,68899.27134539803
12369.0,1267883.8368471,237441.997991189,3.0,66516.69132200965
12370.0,1281221.05164476,283241.121622086,1.0,0.0
12371.0,1272351.20753968,283490.966614336,1.0,0.0
12372.0,1272445.23288377,283490.73627834,3.0,132619.54219090735
12373.0,1267495.2427987,285391.092376277,3.0,301994.07907472126
12374.0,1290863.87162262,181949.282862365,3.0,143971.41061385916
12375.0,1272557.39473988,221823.982679188,4.0,17248.770522475883
12377.0,1266813.786158,241566.890987411,1.0,0.0
12378.0,1256022.25590695,196685.92895744703,3.0,1088049.7530849285
12379.0,1253604.47728047,249769.92318780703,5.0,6880138.309730228
12380.0,1282351.58156592,212654.570253804,3.0,30637.1780768637
12381.0,1278634.1201221,271141.051337689,3.0,3358576.4771960364
12382.0,1261730.72548079,245863.148463801,3.0,4411.960911112751
12383.0,1275768.50943117,223947.511577368,3.0,141431.88888518585
12384.0,1281783.27526133,223260.421400666,3.0,45685.84158979558
12385.0,1273383.39704473,242664.32350052905,3.0,354799.4568756524
12386.0,1265918.27550109,188450.653109014,4.0,539968.6316017888
12387.0,1282316.15244588,228920.560350463,4.0,292408.0112326209
12388.0,1282422.58892599,229531.457055077,3.0,317861.8233631489
12389.0,1273382.89445272,280624.007763401,1.0,0.0
12390.0,1266899.78897409,287131.067930073,1.0,0.0
12391.0,1267167.09092636,287129.068890065,3.0,104885.66916516202
12392.0,1286415.16921808,284684.982295558,3.0,84778.0
12393.0,1286337.211394,285018.284759909,1.0,0.0
12394.0,1264920.80798006,168918.962145016,1.0,0.0
12395.0,1264132.56055525,276408.348879084,3.0,1080732.573404869
12396.0,1287881.59641957,181357.335597754,4.0,5798743.649873907
12397.0,1287872.11379556,181039.22532542,3.0,3574180.513033543
12398.0,1269046.49099229,267794.224070266,3.0,4788789.745760977
12399.0,1271757.36254707,202831.432067737,4.0,24218911.44446509
12400.0,1271741.19953905,202041.56288293,4.0,237690.75478020223
12401.0,1286746.76038641,246138.355312094,1.0,0.0
12402.0,1272444.54161976,283300.709142148,3.0,55535.84616540829
12403.0,1278440.4571459,177581.882793888,1.0,0.0
12404.0,1277813.80485727,227907.28054142,4.0,649416.4661304364
12405.0,1278049.22828151,271824.465994388,4.0,2188633.6364568183
12406.0,1255953.41385888,218889.221140191,3.0,78678.71004353916
12407.0,1273913.08427727,230092.152799651,3.0,42366.33400270568
12408.0,1260603.86423165,261039.393407345,1.0,0.0
12409.0,1258872.60880587,249630.941491663,4.0,329550.86238321423
12411.0,1258096.11792508,205212.321030185,4.0,455527.33908112167
12412.0,1278487.49151395,205573.955462545,1.0,0.0
12413.0,1259144.57578215,195728.913788468,3.0,12083.362310023464
12414.0,1282532.7871981,245810.779503748,1.0,0.0
12415.0,1276271.58712769,257304.126907527,4.0,215467.46004122667
12416.0,1281688.08025323,251903.999285996,1.0,0.0
12417.0,1255369.72867428,203340.152516261,4.0,421573.0044316042
12418.0,1254454.57660934,254067.757112205,1.0,0.0
12419.0,1281150.66495669,264410.4322588,3.0,114261.2254204066
12420.0,1282849.35052642,228653.347614184,4.0,164229.79259844255
12421.0,1279447.56703494,260523.339326814,3.0,719630.4940098914
12422.0,1282826.91391839,227787.117725298,3.0,52034.78518138344
12423.0,1282968.15737455,227783.909085289,3.0,56493.27425176442
12424.0,1274592.06622997,211391.743692502,1.0,0.0
12425.0,1263479.94148259,209752.022538826,4.0,6350865.63066141
12426.0,1272099.59288341,218139.208851412,4.0,109820.81544053416
12427.0,1259147.90519015,207159.998856172,3.0,541029.6240091998
12428.0,1273424.56005277,250091.975028142,3.0,432572.4984029791
12429.0,1262962.53335406,255388.06380155697,3.0,113841.639601883
12430.0,1253200.31177606,208321.89978537,1.0,0.0
12431.0,1252811.11567967,208336.450569376,3.0,831729.3049943584
12432.0,1284152.85382375,252498.980662599,4.0,223471.29367958245
12433.0,1284152.17798376,253158.994807273,3.0,92019.95064387275
12434.0,1276131.67698354,216142.964497373,4.0,83003.5333802651
12435.0,1282098.88159765,226028.098907501,4.0,58818.36287184495
12436.0,1274595.25061397,253368.861495495,1.0,0.0
12437.0,1263552.87370667,211825.807756945,1.0,0.0
12438.0,1271105.93867439,222472.483351856,4.0,395465.3635766649
12439.0,1277097.88799253,216119.971089348,4.0,255693.9593679899
12440.0,1281378.85055691,185327.057265818,1.0,0.0
12441.0,1278589.62841006,199830.963008672,1.0,0.0
12442.0,1267159.83467035,249480.255731508,4.0,94526.63820915416
12443.0,1278393.00056987,233357.272930995,3.0,53824.34308321108
12444.0,1278719.2360902,233348.574114993,3.0,83170.1046244383
12445.0,1254342.90396923,212226.925069362,3.0,46584.52250579068
12446.0,1254141.72521703,212235.362701371,1.0,0.0
12447.0,1270197.56977746,264768.207107171,3.0,190908.51322274265
12448.0,1276253.27154367,236403.778662115,1.0,0.0
12449.0,1276321.93253574,236707.075622424,3.0,125602.24806153851
12450.0,1273607.15154095,260034.492862314,4.0,1751883.0546158222
12451.0,1277252.46181668,230308.362975881,1.0,0.0
12452.0,1255805.37219472,199027.021055847,4.0,98335.59942769642
12453.0,1265648.33342081,198497.296383306,4.0,15084430.186653752
12454.0,1267133.05259033,235557.634341255,4.0,1187247.86467335
12455.0,1269261.28452851,241711.012139559,4.0,42289.42935485359
12456.0,1249263.43644403,214125.074191302,1.0,0.0
12457.0,1257137.77827609,244418.897134334,3.0,42445.80829512599
12458.0,1281225.35641275,220283.41979761404,5.0,4008914.322445722
12459.0,1267005.51281419,242745.350892618,3.0,626332.605823077
12460.0,1267313.12964651,242738.213164613,4.0,1317018.5072669475
12461.0,1261371.84004043,258366.247484609,4.0,1387224.3026386967
12462.0,1255970.1001949,238190.789159954,3.0,229961.1634328849
12463.0,1262118.33098519,232940.699298576,4.0,1904806.569206628
12464.0,1291731.39085552,181349.016365752,3.0,85980.67779725727
12465.0,1291714.9709515,180732.995309114,1.0,0.0
12466.0,1286332.31174599,279050.038481787,1.0,0.0
12467.0,1284085.28473568,196072.248700827,1.0,0.0
12468.0,1257925.47357289,200201.369409055,3.0,1478685.461187312
12469.0,1274572.37662995,208137.65044117,1.0,0.0
12470.0,1281056.02738859,198162.208126962,1.0,0.0
12471.0,1281054.14514859,198089.626942888,4.0,135780.8404843188
12472.0,1275119.2416545,252693.352374807,3.0,7085.093717570511
12473.0,1270765.01547405,168908.797472998,1.0,0.0
12474.0,1273063.93182839,223037.39823243,4.0,3081058.3603261565
12475.0,1273145.73381248,223399.357784808,3.0,412269.08632719074
12476.0,1254182.35702507,206475.22695148,3.0,57619.48553408684
12477.0,1283316.6012789,205966.185606956,1.0,0.0
12478.0,1294393.38260224,179367.11351572,1.0,0.0
12479.0,1294494.71309835,179252.369003594,3.0,83965.6825228411
12480.0,1283522.39942311,257510.346299738,3.0,185708.4570260848
12481.0,1275415.35032681,242570.489388436,4.0,156636.12806009324
12482.0,1289754.62547749,190030.07378263804,3.0,6934.275054381824
12483.0,1278379.14232984,253846.300151989,4.0,197544.9236239064
12484.0,1272588.70571591,200328.122113183,4.0,214911.11672168004
12485.0,1261981.55895305,241612.88695545503,3.0,2263.6920461405903
12486.0,1274198.91410156,225762.030875221,3.0,118244.08231327498
12487.0,1262156.35357723,196464.453629225,3.0,181617.944954977
12488.0,1263684.7740588,259468.386685744,3.0,6428097.038381512
12489.0,1263922.14397904,240348.925610155,4.0,450023.7314071442
12490.0,1286096.44147375,196846.401405618,1.0,0.0
12491.0,1258209.88739718,198447.148863256,3.0,40790.58462939791
12493.0,1265122.29348427,229308.908958852,3.0,43629.44019517358
12494.0,1265044.49674819,229359.511198908,4.0,126925.449614511
12495.0,1270237.39806551,224522.614425957,4.0,143802.43359388353
12496.0,1274937.08357432,259995.475518271,4.0,1362601.6956895555
12497.0,1276747.53631218,220342.95675768,3.0,106746.28959000712
12498.0,1255074.01795398,234843.659684524,1.0,0.0
12499.0,1272414.84613174,271662.82753022,3.0,3144383.6506836456
12500.0,1272720.40626004,271653.795082211,1.0,0.0
12502.0,1270921.00497821,175891.217896149,3.0,74573.63631222764
12503.0,1270917.9334902,175608.542311862,1.0,0.0
12504.0,1294793.21082665,183355.762671798,1.0,0.0
12505.0,1293057.22023287,181303.172653705,4.0,221096.51712854105
12506.0,1261742.57648881,239368.397033155,3.0,16411.74962461205
12507.0,1274860.83992624,227090.498716578,4.0,289477.74842422624
12508.0,1257369.45731632,203260.65197219,4.0,606477.6591337293
12509.0,1285720.22508936,205703.024774686,5.0,94095.05081326888
12510.0,1258831.97174983,259895.206398174,1.0,0.0
12511.0,1256578.68784352,255786.69720996905,3.0,208138.28476164225
12512.0,1266706.84279789,245739.208431676,4.0,289785.09676519746
12513.0,1284219.03942382,243244.033005118,3.0,35751.40337130337
12514.0,1260559.7855756,199147.198911965,4.0,784989.6811861588
12515.0,1283989.50150359,207259.957320273,1.0,0.0
12516.0,1263956.08388308,187126.291891664,3.0,969241.8609523994
12518.0,1261296.19421636,169109.417185217,3.0,11820.389316373285
12519.0,1274441.77912581,283225.993686065,3.0,86963.68247932704
12520.0,1281143.78476468,264253.432258636,1.0,0.0
12521.0,1284058.77855965,190165.651958779,1.0,0.0
12522.0,1269918.61393718,210550.481611654,4.0,800099.9969275306
12523.0,1270467.88779375,210541.760139644,3.0,257338.2919604074
12524.0,1285015.99123263,260349.346878648,3.0,5526.038356962591
12525.0,1261212.76458426,198464.957183272,4.0,293553.7810033698
12526.0,1266526.7828297,276783.962959468,3.0,25565.14161337581
12527.0,1276706.37464812,247925.945201918,5.0,65035.67140464296
12528.0,1276712.26015213,248359.956786364,4.0,84702.91893996325
12529.0,1253681.20054455,251332.488629401,3.0,339022.0
12530.0,1273968.56875733,248750.059378758,1.0,0.0
12531.0,1266216.04657339,195727.06866847,3.0,157706.19511661003
12532.0,1278629.47481009,253929.914488062,3.0,86946.97211098215
12533.0,1285659.3002893,203115.961348027,3.0,104571.31903693656
12534.0,1280485.427772,217131.989074379,1.0,0.0
12535.0,1277193.95506462,282379.678805202,4.0,470249.2207228029
12536.0,1271247.81336254,213539.617998704,4.0,84737.65324053707
12537.0,1259634.78378265,206480.051719472,1.0,0.0
12538.0,1273550.9469329,255123.970873296,3.0,25607.82768606783
12539.0,1256537.85168348,242018.598763868,3.0,84690.77878989013
12540.0,1256488.05974743,242113.849899963,3.0,1820935.028202384
12541.0,1269073.45195231,193760.59749844705,3.0,4485406.978274168
12542.0,1268978.88324822,193151.064313829,1.0,0.0
12543.0,1276785.90303221,229819.258335382,3.0,44557.98313742079
12544.0,1276796.04735222,230150.482399717,1.0,0.0
12545.0,1274209.62667757,227111.524572611,4.0,200956.2238275635
12546.0,1274213.23230958,227535.82159704,4.0,515046.5139456156
12547.0,1280224.97689174,264919.259331316,3.0,184752.15577477013
12548.0,1252808.68783966,236344.696102053,3.0,36019.91936253304
12549.0,1257167.67587613,257318.317819536,1.0,0.0
12550.0,1276204.93637562,255314.756857485,4.0,2609710.6587262405
12551.0,1270046.28593731,245140.602671072,4.0,119102.25811195766
12552.0,1267744.34103896,201041.329025909,1.0,0.0
12553.0,1267515.49079873,201024.251649886,3.0,232475.38897573823
12555.0,1273770.70469312,283099.617621943,3.0,128780.3445450759
12556.0,1293392.03975321,182610.345839038,3.0,36291.993221837125
12557.0,1280658.13906817,281050.127315834,3.0,1176359.464008979
12558.0,1277324.54962477,212690.32442984,1.0,0.0
12559.0,1277920.33221738,283330.187094167,3.0,382345.6504049615
12560.0,1255902.57245083,235866.274149567,4.0,190496.9182395012
12561.0,1275423.78699882,221455.258966818,4.0,2105008.193406707
12562.0,1253980.21212886,237580.275623322,3.0,101632.68713700278
12563.0,1264258.63607538,252041.631542131,4.0,587389.0257418663
12564.0,1276221.22533563,284031.625302896,3.0,287030.04216538044
12565.0,1268494.71191972,287371.305626318,3.0,8485036.034252418
12566.0,1270596.84292987,287325.023258269,3.0,8602489.387758765
12567.0,1271898.14379521,175527.45059979,3.0,161444.0050752405
12570.0,1264811.61924395,236138.253541842,4.0,199890.4370730089
12571.0,1272436.10168375,211096.727564201,3.0,194497.2822811845
12572.0,1282918.0942065,233965.784163624,4.0,22572.807122325
12573.0,1276962.47781639,231249.806624845,4.0,415306.2460110639
12574.0,1273467.81714082,239526.792745322,3.0,463926.53080596594
12575.0,1273777.81125313,239520.405289307,3.0,51871.17722925315
12576.0,1254763.36803366,204643.070853591,4.0,949331.1183353582
12577.0,1265008.74385215,241808.75601165,3.0,39632.10803557096
12578.0,1265020.74385217,242329.530860186,3.0,925.1912697360513
12579.0,1283851.00147144,252505.11915861105,3.0,57689.18972309808
12580.0,1276019.97874343,212116.165133253,3.0,560621.1001850165
12581.0,1267786.23435099,282815.939733639,3.0,82475.28992795479
12582.0,1264703.07517985,283609.852182463,3.0,258651.50118504607
12583.0,1277719.78898516,272495.910155073,3.0,85772.65559834128
12584.0,1280175.11673169,281131.972947925,3.0,959826.8072621044
12585.0,1267493.8258387,272428.928395003,1.0,0.0
12586.0,1267493.09713469,272785.76852338,3.0,49435.06538230288
12587.0,1251308.40771012,248804.377842814,1.0,0.0
12588.0,1294891.50989875,187629.636660174,1.0,0.0
12589.0,1271875.88133119,236932.874662668,4.0,104446.03627444112
12590.0,1270066.34494533,243628.936109513,4.0,198803.50993860187
12591.0,1263954.89655507,240025.98826582695,3.0,1245853.1926658007
12592.0,1275986.7779754,216406.402257636,3.0,42523.66119095688
12595.0,1264246.73911537,253771.580535904,4.0,151949.17080279108
12596.0,1286559.72013022,247149.725297123,1.0,0.0
12597.0,1255716.42384264,214366.732815549,1.0,0.0
12598.0,1255701.36118662,213887.069711059,4.0,94016.68389668148
12599.0,1273139.13278848,238646.273832411,4.0,1652446.5491242858
12601.0,1261051.6342801,192514.659065172,3.0,1909812.2307697623
12602.0,1286039.76576169,283746.339798599,1.0,0.0
12603.0,1260270.2995593,253700.369015828,4.0,833195.6753734801
12604.0,1264288.83287542,255915.348218098,3.0,126779.22144105312
12605.0,1279245.68095472,225215.58089067004,3.0,20003.11832325533
12606.0,1280978.79756451,253887.12357603,3.0,167804.05371185608
12607.0,1282859.39187042,174329.48349455,3.0,169542.0
12608.0,1283646.60780723,174303.42218253,3.0,84778.0
12609.0,1281681.27084522,271700.33959426,3.0,737378.946082654
12610.0,1274952.42213434,181726.641902134,5.0,560853.1820698396
12611.0,1270109.79665737,282036.795988843,3.0,92986.51707899274
12612.0,1279405.51724289,223263.206808671,3.0,624214.270688389
12613.0,1274321.08184569,207034.610632047,4.0,94395.36573922074
12614.0,1279321.40485881,265823.343172252,4.0,280061.71476328606
12615.0,1274314.03954168,206757.571527764,3.0,77743.96688677765
12616.0,1274971.76031035,206743.453447744,4.0,149699.55622300252
12617.0,1263799.84631492,231094.590752691,4.0,746577.586114823
12618.0,1265819.46270098,259170.848573431,3.0,14854.44582688843
12619.0,1256591.12880354,209882.915018961,4.0,1687466.9051119357
12620.0,1284455.25779207,258182.675708428,1.0,0.0
12621.0,1264866.29988401,248549.677874565,3.0,412554.9620795348
12622.0,1262012.20752908,258351.268860593,1.0,0.0
12623.0,1279090.46501857,230092.102623656,3.0,72168.0273574658
12624.0,1283534.44467112,256133.753914326,3.0,495358.6299167634
12625.0,1283525.70483111,256411.345914602,3.0,510045.34888926806
12627.0,1271906.36421122,211481.049292594,3.0,760747.0244935718
12628.0,1257382.74070834,286988.423513919,1.0,0.0
12629.0,1257172.40259613,286993.316249922,3.0,169542.0
12630.0,1268882.85816012,277251.844559953,1.0,0.0
12631.0,1281431.34354897,283794.834454656,1.0,0.0
12632.0,1281055.00409259,281655.800660461,3.0,44824.56101227752
12633.0,1277197.73618463,178783.767915115,3.0,65616.05150517018
12634.0,1286087.63148974,255982.388090163,3.0,862515.5856323983
12635.0,1274879.19915827,255350.523897529,3.0,91485.16795968282
12636.0,1261766.44752884,265755.441412181,3.0,42543.99999999999
12637.0,1287027.6889627,186891.702771425,3.0,89233.83904156483
12638.0,1268010.22276722,243919.335469812,3.0,15076.628268324905
12639.0,1257872.41725284,198206.219519004,3.0,83705.79220625244
12640.0,1257211.45795617,198252.92614305,4.0,123948.60203468573
12641.0,1280412.86559592,221972.650967345,3.0,47213.36871329021
12642.0,1280411.66450793,221955.961751327,3.0,20973.12132166211
12643.0,1257175.66237213,188606.71870917096,3.0,82991.88994234345
12644.0,1257310.38915627,188396.966836959,3.0,41157.85326581987
12645.0,1269428.44593668,274081.293516695,3.0,165107.8038223856
12646.0,1273738.1863571,275758.513550416,3.0,19148.482550954555
12647.0,1286658.42886633,282812.647765636,4.0,95356.8777777778
12648.0,1276269.81682369,180411.647148788,1.0,0.0
12649.0,1276588.42866401,180411.201004788,4.0,345805.1931324644
12650.0,1269485.86283274,257500.326971725,3.0,74578.90502685109
12651.0,1282807.85292637,247570.951153561,3.0,21550.14127437477
12652.0,1269450.54334471,227338.707868844,5.0,51830.47697487736
12653.0,1257635.7953646,255193.411961362,3.0,459462.531703406
12654.0,1254428.25155331,245154.864175081,1.0,0.0
12655.0,1274960.80267835,263313.412481681,4.0,1102070.1572557413
12656.0,1279852.31813936,246771.62142473497,3.0,38110.25324416533
12657.0,1264050.54461917,245647.366447583,3.0,60985.671718813785
12658.0,1278563.52709803,200576.45529744,3.0,40307.651354613066
12659.0,1274422.83691779,211073.676044181,3.0,42728.2
12660.0,1261750.82973681,261364.816319674,3.0,138863.68837245795
12661.0,1265016.90065216,175593.825767845,1.0,0.0
12662.0,1264684.22775581,175593.826727852,3.0,42570.50790996837
12663.0,1284786.6498564,182878.56612731505,3.0,302928.6059828629
12664.0,1284810.80460843,249838.881331876,3.0,1689.376233103132
12665.0,1274047.20773341,216453.50555369296,3.0,84778.0
12666.0,1274206.52075757,216449.588241681,4.0,1026814.6651608612
12667.0,1256692.04265964,207722.155848756,3.0,172471.24603098925
12668.0,1271219.88465852,229284.117022827,3.0,32783.57072138402
12669.0,1286136.51526579,205694.368902668,4.0,259409.3109900249
12670.0,1255621.15958653,255805.236537993,4.0,1624048.1033028532
12671.0,1255624.56675455,256741.660218954,3.0,175843.53293252978
12672.0,1282052.29606161,209154.65530622,4.0,113929.04634611886
12673.0,1285546.79136118,207800.763656825,4.0,254364.0582899318
12674.0,1287133.75865881,249372.956403404,1.0,0.0
12675.0,1257785.61424476,216512.601873755,3.0,15320.166411940843
12676.0,1272048.30686736,215569.373456791,3.0,46418.416003580205
12677.0,1286681.51449834,201366.162690237,1.0,0.0
12678.0,1282995.35123058,204418.971205369,4.0,768291.8535426345
12679.0,1273817.95851718,222721.647512108,4.0,1861582.4165462917
12680.0,1255415.30467433,258474.560252726,4.0,3712820.660602591
12681.0,1287195.07974687,191796.976120442,3.0,43422.5545915727
12682.0,1269437.59684868,264135.977090523,1.0,0.0
12683.0,1269432.99486469,264276.373826668,3.0,55435.48853439732
12684.0,1265438.79940459,200345.647361204,3.0,8831.158873399645
12685.0,1256280.49456322,198806.85478362403,3.0,143506.09572778002
12686.0,1274723.2201501,252388.005878493,1.0,0.0
12687.0,1254041.30582492,207988.709449023,3.0,47606.500561761175
12688.0,1273191.37150854,216214.56078544297,3.0,249669.0857049676
12689.0,1273474.31646882,216207.553297445,1.0,0.0
12690.0,1273687.34098104,194034.883066729,5.0,171889.41492565745
12691.0,1274347.23339772,194019.158650726,4.0,425673.6277445908
12692.0,1255691.85501061,257536.147771761,1.0,0.0
12693.0,1274863.26911025,279898.333714664,1.0,0.0
12694.0,1275064.42520645,279898.332370654,3.0,155150.23601403253
12695.0,1286506.15654616,279446.333266199,1.0,0.0
12696.0,1262279.82116136,279740.890450493,1.0,0.0
12697.0,1270722.78686601,281709.108628511,1.0,0.0
12698.0,1271111.32645041,281703.880276501,3.0,121816.96218854886
12699.0,1275189.28581458,217096.38254635,4.0,18151.489800188832
12700.0,1287822.96825951,201565.863746449,1.0,0.0
12701.0,1264268.4683954,254835.307064995,4.0,83887.65699206399
12702.0,1285133.83417676,257713.140859947,1.0,0.0
12703.0,1281920.22444548,244565.203246474,4.0,164318.18886119785
12704.0,1282291.75193384,244937.626734853,1.0,0.0
12705.0,1273356.0585487,250094.395956144,3.0,178973.97281856628
12706.0,1280768.81401229,260497.598910794,3.0,2946183.5117952027
12707.0,1281563.71858911,260482.11238277,4.0,2957679.653236649
12708.0,1266069.24535725,285903.454872802,1.0,0.0
12709.0,1267662.43537487,232745.999522373,3.0,16246.27550230336
12710.0,1281589.17260513,258477.545532718,4.0,357285.6521191718
12711.0,1272275.9464836,243943.083117843,4.0,121656.04730070944
12712.0,1279781.76121128,218503.758995786,1.0,0.0
12713.0,1279780.71564327,218436.276819721,4.0,652797.9916633496
12714.0,1266946.75147013,257167.68293938003,3.0,26015.755293515853
12715.0,1259850.39261487,212792.285517946,4.0,235605.6983921569
12716.0,1251749.99542257,241751.278123602,3.0,4506.27486068689
12717.0,1257770.61232474,216155.151505381,3.0,214700.9764861324
12718.0,1274158.07531752,214603.7188638,3.0,63268.00568904077
12719.0,1270260.46334553,253635.747127771,3.0,130258.48700581932
12720.0,1270681.73611397,254171.26540032,3.0,36891.16069931349
12721.0,1291291.98458306,185480.106865972,3.0,423889.7854811059
12722.0,1255572.33424249,216719.62804997,1.0,0.0
12723.0,1253476.80169635,237233.903910965,3.0,40435.67928508959
12724.0,1283064.15033464,183658.16036811503,3.0,31854.611735071005
12725.0,1276614.50770403,219685.612245008,5.0,498497.2663550499
12726.0,1280372.36633189,221058.803414404,4.0,138909.24362910975
12727.0,1278942.73074642,207153.441800162,3.0,45887.47480140991
12728.0,1286301.89152196,195968.769276708,4.0,555989.9133198907
12729.0,1280796.00198032,226980.073692471,4.0,446973.2659013501
12730.0,1279215.19506671,249943.115699992,3.0,236631.0924055354
12731.0,1270147.03838542,248390.575858399,4.0,190407.3897397282
12732.0,1273132.03403647,246120.704048067,3.0,32243.24433040246
12733.0,1250153.56751694,247882.775665879,3.0,84777.99999999999
12734.0,1250158.67970894,248230.818610236,1.0,0.0
12735.0,1255150.66973005,195115.486523837,3.0,77487.84477614757
12736.0,1253347.59459221,249476.170163512,1.0,0.0
12737.0,1263252.89597836,251632.563125715,4.0,664240.7948404743
12738.0,1278977.42719446,253923.952568054,4.0,368142.7473337794
12739.0,1279591.41221909,253912.666168049,1.0,0.0
12740.0,1286875.29721855,187454.95889999,1.0,0.0
12741.0,1281234.88396476,230480.104096055,3.0,535666.7186999908
12742.0,1266775.15076596,270811.759689361,4.0,508194.44299967727
12743.0,1273891.14507724,227538.65724504,4.0,734131.762191977
12744.0,1254086.94550496,241854.762795702,4.0,273908.2109746933
12745.0,1275064.19090246,271980.208138555,1.0,0.0
12746.0,1276433.63307986,248440.50814645,4.0,139673.71223709412
12747.0,1274401.22142977,276590.448591277,4.0,1169213.697018295
12748.0,1277661.87436111,251962.794102058,3.0,46845.31514153576
12749.0,1284422.79264003,249848.287859887,3.0,49242.89246834801
12750.0,1279962.39077947,263154.234625518,3.0,251517.22041809303
12751.0,1287927.58809963,253055.565239176,3.0,164125.51908615723
12752.0,1263053.25265016,244117.354414016,4.0,152070.14462713787
12753.0,1266623.77540581,256911.107387125,4.0,259833.86921088563
12754.0,1276406.32146382,268556.334407046,3.0,25092.80590769947
12755.0,1275779.94475918,283180.337942019,3.0,1006732.3813740212
12756.0,1263410.70404251,286156.454361066,4.0,2022028.1988264483
12757.0,1262934.14730603,286176.064601094,3.0,1365016.3166467429
12758.0,1256554.32669149,254401.272184551,4.0,3482384.7845747937
12759.0,1279899.6658514,215340.282064557,4.0,108600.39136520964
12760.0,1274587.60920596,210752.55169186,1.0,0.0
12761.0,1285386.39436902,257163.249915376,3.0,47399.658374522485
12762.0,1264322.99191545,258287.085884526,4.0,264479.18496692687
12763.0,1280356.97132386,270425.448456958,4.0,535377.2318566855
12764.0,1278793.62930627,168730.877856821,3.0,658713.468295035
12765.0,1269904.22059317,168881.983584985,1.0,0.0
12766.0,1276386.3306798,274755.571021393,3.0,90085.26125934036
12767.0,1275397.01867878,271254.824073806,3.0,10788362.985565566
12768.0,1275396.70207079,271515.765834078,1.0,0.0
12769.0,1271521.80395482,277356.242640063,3.0,169542.0
12770.0,1280069.19570757,274393.031053022,3.0,47527.3839808326
12771.0,1283310.45689489,255120.286137283,3.0,21449.201808416507
12772.0,1277967.03058542,247125.457009107,3.0,22396.409758345395
12773.0,1275108.7288865,218171.867283449,3.0,268227.8057812533
12774.0,1275252.54194264,218168.319699451,1.0,0.0
12775.0,1277529.45964098,237984.995623738,3.0,153222.4564875655
12776.0,1274938.73189431,258338.874876589,4.0,462937.0224770568
12777.0,1274488.72389387,224419.522393852,3.0,20202.06180118058
12779.0,1270445.69592172,280951.895891741,3.0,933572.7663322604
12780.0,1279424.94994691,276116.288142785,3.0,35705.51593494687
12781.0,1282763.52595033,282083.735828891,1.0,0.0
12782.0,1283471.94348706,197242.235582024,4.0,204238.4370312669
12783.0,1283814.15180741,197238.001662016,3.0,81881.34270610538
12784.0,1261635.0196247,247691.011633679,4.0,179065.56893718947
12785.0,1281435.94489297,217451.688274711,1.0,0.0
12786.0,1270801.44881809,232286.7005779,3.0,279177.0548154398
12787.0,1279069.34956256,238211.546983972,1.0,0.0
12788.0,1269638.38123289,200174.041409016,4.0,5221287.923765858
12789.0,1278071.24005753,285971.513176873,1.0,0.0
12790.0,1261324.12260038,282228.686677039,1.0,0.0
12791.0,1269099.45156834,276743.717647433,3.0,131455.1743897275
12792.0,1262740.16048983,246585.245168552,4.0,473511.03966825496
12793.0,1270679.07800196,190118.302966729,1.0,0.0
12794.0,1285332.62412897,173905.973158121,3.0,847237.8046440701
12795.0,1285461.79545709,173902.233382121,1.0,0.0
12796.0,1274402.65125377,272761.724939346,3.0,3584.3652370505733
12797.0,1278963.90393044,259210.727421477,1.0,0.0
12798.0,1281946.2529255,211219.325068325,1.0,0.0
12799.0,1282075.66610962,211215.933964327,4.0,106388.98413464418
12801.0,1277808.27826525,255097.42104926697,3.0,27742.91740218473
12802.0,1279479.29657097,211295.889548406,3.0,1561960.3205359192
12803.0,1279963.55577147,211272.442380384,1.0,0.0
12804.0,1261157.70596021,196484.530685246,3.0,148440.89154112493
12805.0,1260215.42800725,245363.67051129,4.0,57344.593241148286
12806.0,1260223.17731926,245629.725743562,4.0,151146.1626010551
12807.0,1265182.62212433,237687.178919435,4.0,704661.222416321
12808.0,1280458.85695598,231380.570144981,3.0,233519.0014510829
12809.0,1264814.91453995,233052.627554685,4.0,1046139.3268077822
12810.0,1284401.39961602,193692.831226379,1.0,0.0
12811.0,1273365.83570071,268872.947271362,1.0,0.0
12812.0,1272228.81438754,227570.756957069,4.0,344309.4518077969
12813.0,1282167.86834972,244317.404206231,3.0,41443.48856987997
12814.0,1282166.95724572,244631.939310551,4.0,101358.87140456989
12815.0,1277993.36127345,265503.436611921,1.0,0.0
12816.0,1277833.93900129,265869.7642923,3.0,396081.6971526565
12817.0,1286386.04166605,286014.318168923,1.0,0.0
12818.0,1273739.2821651,274789.094221428,3.0,39241.451026460665
12819.0,1274267.73547763,204866.54118982,1.0,0.0
12820.0,1280736.12313226,275700.354574367,3.0,245770.94954581268
12822.0,1284542.78252816,240181.152297989,3.0,42398.0
12823.0,1283769.53241536,196515.499837279,3.0,78923.78392500481
12824.0,1252290.36835113,209063.039050117,3.0,586259.3641714632
12825.0,1273507.6294288505,224314.24866573507,4.0,86363.86704482885
12826.0,1274961.63435835,232057.005153671,3.0,128757.46408612531
12827.0,1258113.6529651,242404.776492268,4.0,96255.30257894377
12828.0,1265319.89937247,281436.416596234,3.0,44627.333333333336
12829.0,1264918.78570805,281448.385364249,1.0,0.0
12830.0,1281989.50649354,281835.24878864,1.0,0.0
12831.0,1265117.47754826,232193.50684981,4.0,283439.7383744532
12832.0,1277762.43583322,256926.795003131,1.0,0.0
12833.0,1277867.62136932,256924.634875134,3.0,711651.1303259577
12834.0,1289152.73984487,192036.662008688,3.0,475676.06202267343
12835.0,1278602.77081007,265187.140355602,3.0,169541.99999999997
12836.0,1266274.43620545,256263.187066451,4.0,127550.70128426614
12837.0,1278610.30623408,263199.107905552,3.0,95802.64914127068
12839.0,1270239.3052655,223098.986008495,3.0,81756.48334819781
12840.0,1270583.69464186,223305.234648705,4.0,298711.0223661482
12841.0,1257197.26506016,207887.65095292,4.0,1541792.332713135
12842.0,1257187.40022814,207219.944584236,4.0,1603071.7963120183
12843.0,1262544.16215363,192473.39928913105,3.0,12588.401659668916
12844.0,1272035.39710735,202934.405635849,3.0,24502974.849159908
12845.0,1283797.5080954,170295.888546422,1.0,0.0
12846.0,1283797.5057914,169771.329249889,3.0,237758.06471504451
12847.0,1257511.05642048,286023.653464928,3.0,28391.4004908917
12848.0,1271534.56120284,283117.709141955,1.0,0.0
12849.0,1282101.09254165,174692.540518925,1.0,0.0
12850.0,1257939.69168492,200718.352001578,3.0,1530708.2011962405
12851.0,1271163.75185846,231561.582625166,1.0,0.0
12852.0,1268938.54929617,224820.363482267,4.0,132957.62019359594
12853.0,1272377.2999557,232331.617505953,4.0,487734.3485704261
12854.0,1272471.11275579,232371.118369997,3.0,326250.61294565845
12855.0,1278261.02309772,203573.61363650896,3.0,45886.554145271824
12856.0,1278843.51737031,213214.02676637503,3.0,137888.44022378794
12857.0,1259947.22967097,250401.013748452,3.0,43636.8340126074
12858.0,1262617.0734497,168745.419552833,3.0,82564.74740323119
12859.0,1264154.54244328,280009.263250768,1.0,0.0
12860.0,1268588.76427183,244095.180909991,4.0,107887.08831426516
12861.0,1278229.14783369,257389.750779614,1.0,0.0
12862.0,1269724.70884898,268762.378631249,3.0,698008.1088020495
12863.0,1273038.70942837,194655.567483366,3.0,51233.329309992536
12864.0,1254223.8149451,250443.48843649,4.0,2099160.018904496
12866.0,1270046.96312131,225476.367066935,4.0,8332261.484859691
12867.0,1262951.18135405,254860.133113027,3.0,7517.898901423147
12868.0,1286409.92019407,196062.177532807,4.0,535226.905214519
12869.0,1268697.64036793,235119.030244812,1.0,0.0
12870.0,1266352.23396553,262869.541313216,4.0,197688.19294297957
12871.0,1281356.61535689,231094.675744683,3.0,1972339.6782345525
12872.0,1282027.32729357,231081.281376675,3.0,991716.6707212328
12873.0,1280420.89017193,230056.796575621,3.0,103748.80460676558
12874.0,1269555.01464081,246211.303664163,3.0,73735.37017890571
12875.0,1273019.57298036,220895.841814235,4.0,609982.3968850311
12876.0,1284069.08268768,243247.248877123,3.0,79312.02504888548
12878.0,1267629.17662284,241765.125547618,6.0,902147.1773858306
12879.0,1265542.3179327,228492.659614027,4.0,20407183.87066365
12881.0,1273452.2489488,210065.990091145,1.0,0.0
12882.0,1265387.94551654,230202.421279773,3.0,6108962.423901982
12883.0,1285874.63027352,209079.967434138,4.0,230460.52959599072
12884.0,1273614.76402096,260696.717246994,3.0,66469.03168492591
12885.0,1264845.00599599,240650.973866463,4.0,138009.76095715744
12886.0,1268273.1733595,229703.638495266,4.0,797891.0950845832
12887.0,1253741.31792061,244517.724654436,1.0,0.0
12888.0,1279583.30489108,173766.020069987,3.0,42600.8
12889.0,1266858.10302204,171369.160995528,3.0,45325.79597070593
12890.0,1266843.63812603,171034.986467183,1.0,0.0
12891.0,1265055.33233219,210660.024651766,4.0,430484.1201181408
12892.0,1282404.70706996,227164.591388658,3.0,17657.159887396814
12893.0,1256294.73469123,255103.671353266,3.0,38604.09322161871
12894.0,1281245.23564477,252558.066550657,4.0,62238.561941429325
12895.0,1270483.39793776,197640.940478429,3.0,39767.91398039176
12896.0,1256179.18672311,189945.46731855,3.0,67660.86311436989
12897.0,1274678.08242205,236816.104230538,3.0,7098.597021583007
12898.0,1269653.4655209,199977.413184822,3.0,1980625.5139981643
12899.0,1270194.9277294597,198446.50086325404,7.0,8281856.163624315
12901.0,1263526.15825063,173970.237158194,3.0,113341.40255138597
12902.0,1276356.60760777,260616.569086909,1.0,0.0
12903.0,1294190.84922603,186545.104371071,3.0,6431.512277592257
12904.0,1285888.99936153,258397.290108636,4.0,6406541.670020706
12905.0,1266014.84484518,242770.570028633,4.0,208699.8291365164
12906.0,1257473.89110844,205888.677894875,4.0,698672.0582903653
12907.0,1282132.62201369,213214.67406237096,5.0,470612.0522058944
12908.0,1259937.11095096,258387.870460629,1.0,0.0
12909.0,1259947.43543097,258787.524861038,4.0,887194.0799341501
12910.0,1276371.45272779,222074.546455443,4.0,477948.9120301169
12911.0,1259979.807399,213755.23438292704,3.0,1277945.0530035328
12912.0,1276216.04395963,255646.288697824,4.0,2502614.861376782
12913.0,1262882.37706597,251637.319349721,4.0,1042086.2796812624
12914.0,1272363.36331569,237763.719463512,1.0,0.0
12915.0,1272500.31973182,237760.977383509,4.0,83796.3718839899
12916.0,1287309.37344299,246362.780720323,3.0,51655.18520233141
12917.0,1278904.45196238,219407.234836712,3.0,255521.78002237112
12918.0,1261343.51005641,257694.998523921,4.0,2128930.4251187327
12919.0,1264913.33655606,246785.273584753,3.0,122363.82007300056
12920.0,1269313.84907256,255517.343737692,3.0,838355.4691382274
12921.0,1267426.95620663,179525.747691885,3.0,6910.853671670436
12922.0,1267384.54161459,177384.014121681,4.0,1831447.0624799207
12923.0,1267376.14398257,176933.672809228,4.0,2201932.068539896
12924.0,1260905.66576795,235772.556453481,4.0,335772.3114243888
12925.0,1264824.01194796,236580.520742297,4.0,329155.6307678494
12926.0,1265665.12964483,260634.566462934,3.0,1344168.2314033825
12927.0,1266327.26026951,260618.58879891,4.0,1379956.5979173451
12928.0,1274901.75755829,256346.824378535,4.0,68614.4300285376
12929.0,1265380.24996454,199032.805823848,3.0,45581.77266891517
12930.0,1264485.13988362,269373.950535879,3.0,1655248.760766697
12931.0,1279021.3496905,269798.086856321,3.0,85967.49513373712
12932.0,1284203.67756781,259094.921597362,3.0,351584.06340380415
12933.0,1272593.75589192,200473.803585336,4.0,2925372.6660070494
12934.0,1281781.29990132,209156.292746216,4.0,82716.16672580119
12935.0,1282817.11967839,195270.156476006,4.0,1131528.8212492303
12936.0,1271093.21265838,195011.78105174,3.0,421744.2560871805
12937.0,1273561.37074091,256051.713402241,4.0,62183.90714531838
12939.0,1285149.25606477,192651.793657318,3.0,200056.5530861556
12940.0,1281169.07666869,229830.783263385,1.0,0.0
12941.0,1281198.12812473,230035.682143599,3.0,84778.0
12942.0,1267083.25316627,270306.863368839,1.0,0.0
12943.0,1267087.94507028,270805.582857355,3.0,561397.3364711145
12944.0,1267493.5830227,276104.676942781,3.0,186964.62807096037
12945.0,1250698.7406375,242601.45649246903,3.0,62273.36348089992
12946.0,1277977.62834543,225978.162651449,4.0,294098.10938738706
12947.0,1279739.56940323,211952.817677081,1.0,0.0
12948.0,1282411.47673397,227338.929948837,3.0,45688.428765273056
12949.0,1254630.83254552,237388.821607128,3.0,58236.305489555714
12950.0,1254312.8869452,237394.240231141,3.0,27347.712820582077
12951.0,1281751.2910693,204865.335493818,1.0,0.0
12952.0,1281775.92914931,204454.331397399,4.0,329868.8412445836
12953.0,1282139.81817369,243557.57367745004,3.0,357568.1445356772
12954.0,1282144.8440937,243693.723693579,1.0,0.0
12955.0,1266101.45950127,270538.380617067,1.0,0.0
12956.0,1266130.09527729,270824.697673365,4.0,138203.73850873497
12957.0,1276925.62520835,260266.772542551,3.0,48778.13748342553
12959.0,1252446.81359929,238256.160424024,3.0,20627.381620618267
12960.0,1252510.08348735,239239.848745018,4.0,204739.0148670108
12961.0,1266409.20958158,278288.463569015,3.0,95289.7967613887
12962.0,1267115.10379031,278276.529552996,3.0,149180.8188882678
12963.0,1279411.2298189,198520.560767323,3.0,161433.83727469834
12964.0,1284548.71692815,247475.758769453,3.0,2078452.819750164
12965.0,1272165.10289948,249576.792627603,4.0,603755.9774665656
12966.0,1293496.88506532,188368.087284938,1.0,0.0
12967.0,1277565.038265,285953.637848854,4.0,15095792.860517172
12968.0,1270553.53003383,239563.476393357,4.0,14458665.805579646
12969.0,1282546.88627011,224972.501274422,4.0,67493.04794946127
12970.0,1257072.65046802,194121.954042822,3.0,230342.10810474708
12971.0,1281418.56959696,243845.860525742,1.0,0.0
12972.0,1270989.86737828,206270.830343261,4.0,687840.9736833684
12973.0,1281080.33964461,210214.048523307,3.0,156493.6554775987
12974.0,1281878.34066942,171036.854243189,3.0,166154.3873595718
12975.0,1281882.98079742,170613.810146749,1.0,0.0
12976.0,1254001.51945688,211971.76743710003,3.0,100697.80267785797
12977.0,1278370.60063383,215470.556368679,3.0,45732.98634471215
12978.0,1280583.2976601,210194.54529129,3.0,4909.566811854503
12979.0,1254631.71145752,215213.44961641697,3.0,190986.56840644497
12980.0,1282710.64543828,224724.883994162,4.0,1235835.238005787
12981.0,1271595.4757629,245289.076783225,4.0,870383.5287769283
12982.0,1269215.12779246,257639.910715863,1.0,0.0
12983.0,1287061.44217874,202866.67840378,1.0,0.0
12984.0,1269728.94763298,269170.166535676,3.0,198800.79551480545
12985.0,1267089.13963029,237950.649895698,3.0,42390.0
12986.0,1258307.28810129,257385.206139609,3.0,66149.87407169075
12987.0,1273950.80242132,263731.556354105,1.0,0.0
12988.0,1259677.3913347,249878.807475924,4.0,937927.4342938452
12989.0,1268052.50807928,284999.111575887,1.0,0.0
12990.0,1283535.19238313,182928.992559358,3.0,346016.8071570361
12991.0,1267167.05643037,287060.066777989,3.0,81189.9381350945
12992.0,1267342.54430254,287058.357081994,3.0,60824.00230326581
12993.0,1283932.44908753,282346.487573162,1.0,0.0
12994.0,1276120.18687153,225287.052826732,3.0,374597.1054820615
12995.0,1267760.47454298,271454.424714014,4.0,1492815.9712417026
12996.0,1273244.47640459,231576.19478517803,3.0,15215.764649678056
12997.0,1274855.42431024,217627.47368289495,3.0,71012.44200532934
12998.0,1289049.61933278,248412.547890425,3.0,25425.53916306705
12999.0,1266208.97994938,277271.728719965,3.0,1080044.8076014682
13000.0,1267111.6467663,277134.757199824,3.0,1102318.149245302
13001.0,1281314.16364485,181088.360045478,3.0,75070.58648944854
13002.0,1281307.31954885,180479.578156859,1.0,0.0
13003.0,1276435.03659986,217879.26843515,4.0,155706.3842666605
13004.0,1265064.43633221,260387.744766682,3.0,311589.6507815219
13005.0,1258119.3737971,243736.238381624,4.0,397305.47797602863
13006.0,1278707.46085818,265841.30835627,3.0,98453.5387879139
13007.0,1278710.63378619,266052.283972487,1.0,0.0
13008.0,1267338.66993454,244174.201710075,3.0,96566.05169074454
13009.0,1262968.05175406,209521.562058598,1.0,0.0
13010.0,1273899.16440526,226689.432924166,3.0,47979.99074706332
13011.0,1270027.7226733,242291.294764146,4.0,356752.36558772874
13012.0,1275849.77599126,212119.543053254,3.0,589195.9319041191
13015.0,1273610.95762096,260365.609982654,3.0,126588.5542459498
13016.0,1273743.7467411,260361.722814649,1.0,0.0
13017.0,1278944.24191442,263849.404482231,4.0,169900.14573839982
13018.0,1274798.55627818,247940.835249931,3.0,2374.1555192548467
13019.0,1274056.10827741,240618.62090644205,3.0,10593.244070657074
13020.0,1274842.39448622,218162.910931438,4.0,126154.04753687888
13021.0,1274837.10379821,217919.9970112,3.0,43656.5423947055
13022.0,1263185.20977029,237055.950246781,4.0,323343.2843205945
13023.0,1265207.44126035,240643.567402467,1.0,0.0
13024.0,1277186.54296862,178436.89949876102,3.0,99850.72768230332
13025.0,1284756.81228837,179993.078764349,3.0,1969042.6257920184
13026.0,1278375.99205784,248916.571826935,1.0,0.0
13027.0,1278675.35794614,248911.248690933,3.0,169542.0
13028.0,1266658.61194985,240940.004138768,5.0,701566.1921105518
13029.0,1250688.39913349,242160.210028023,3.0,238.11373082687783
13030.0,1282516.89811008,228661.568094194,3.0,56482.23752876266
13031.0,1284356.10572797,240316.910250127,1.0,0.0
13032.0,1284518.64972813,240389.65482620904,3.0,127062.0
13033.0,1254893.03996979,236745.659494475,1.0,0.0
13034.0,1282035.32793359,191953.249400601,3.0,56942.833822008666
13035.0,1253922.0068168,209302.472266376,3.0,47813.67242856538
13036.0,1253922.9907528,209156.398410216,1.0,0.0
13037.0,1282425.51481399,224088.436121508,4.0,130122.6877560978
13038.0,1253258.47568011,208069.79130511,3.0,84778.0
13039.0,1253318.95420818,207947.553416982,1.0,0.0
13040.0,1274091.28210145,242422.475564286,4.0,159667.49738845066
13041.0,1282891.79007846,258435.266364679,3.0,84778.0
13042.0,1272262.50987558,243483.470509365,3.0,70375.66901318502
13043.0,1289410.62912513,187960.119924515,3.0,286855.23131161585
13044.0,1266069.17316523,286048.840408951,1.0,0.0
13045.0,1266069.15774123,286080.173400983,4.0,155852.8414584175
13046.0,1262805.39588189,244512.813614428,4.0,140304.96212880712
13047.0,1274664.90987805,222387.956567764,4.0,572198.9974954228
13048.0,1255066.97142597,257802.807676032,1.0,0.0
13049.0,1282044.0273896,248565.90161857,4.0,133794.59044262997
13050.0,1270648.95435393,264776.151683167,1.0,0.0
13051.0,1270652.56395394,265194.401475608,3.0,57026.759420900926
13052.0,1282595.97868617,261493.116927817,3.0,187589.8696333297
13053.0,1275618.36504702,262709.961601064,3.0,46493.56487172613
13054.0,1278765.92402624,229959.778399527,4.0,304605.55319289083
13055.0,1256747.4001637,215194.090704396,3.0,218327.51621375812
13056.0,1265682.25630084,237259.630951002,4.0,141174.32370192706
13057.0,1265769.90404493,237132.989094868,4.0,43947.24975310976
13058.0,1271555.45841886,247757.955697745,4.0,33159.87928796597
13059.0,1268661.98193589,261948.428352281,1.0,0.0
13060.0,1277770.72031322,221880.008791253,1.0,0.0
13061.0,1275105.2781345,236336.596006051,4.0,38768.323126067626
13062.0,1260470.95043951,240348.068970159,4.0,49427.05919771357
13063.0,1284353.34227197,171464.066979617,1.0,0.0
13064.0,1284370.55679998,170980.176227123,3.0,152987.18436616083
13065.0,1273078.29854842,273026.321547627,1.0,0.0
13066.0,1285010.58278464,187546.900596097,3.0,84777.99999999999
13067.0,1275064.53151044,273913.072716534,4.0,846382.1395241173
13068.0,1262153.14000922,256219.635322407,3.0,44589.99445529244
13069.0,1285420.07276906,187048.710323587,1.0,0.0
13070.0,1260055.28131908,204477.386117429,4.0,813861.2046639329
13071.0,1285416.73484905,191845.798200488,4.0,2064440.8850771915
13072.0,1279887.35813938,218806.748884097,3.0,5461019.043708396
13073.0,1279887.28722739,218801.094676092,1.0,0.0
13074.0,1280254.84261976,249924.707315966,3.0,40412.04570371563
13075.0,1277438.49196088,219798.566421121,4.0,63090.45151508258
13076.0,1277257.7852727,219374.955732688,3.0,107400.17671928764
13077.0,1287499.90163518,184723.44561719903,3.0,62920.7038295251
13078.0,1287491.33830717,184497.42539297,3.0,105725.86887349894
13079.0,1265869.36087704,244526.764014438,4.0,67103.7431220378
13080.0,1282699.31084627,229499.192351043,3.0,316053.37050812715
13081.0,1282315.06092587,230004.636575565,3.0,853029.7059528992
13082.0,1282682.27807824,212644.050253794,3.0,24713.94310141557
13083.0,1282436.313022,226436.386139914,3.0,119944.44398637472
13084.0,1262358.36695343,258833.602877095,4.0,990990.8350021824
13085.0,1265138.10910028,233047.753186688,3.0,390875.88257153775
13086.0,1273878.60338123,235179.201380864,4.0,1897340.7897517723
13087.0,1277116.72850455,204261.882629201,1.0,0.0
13088.0,1260905.84029596,246147.4284641,3.0,20505.18457819089
13089.0,1260281.82775131,246161.308976114,3.0,14211.8664336718
13090.0,1269229.07268848,258830.906685084,3.0,809643.4677728812
13091.0,1285303.08646493,187486.910580024,3.0,122564.9156221213
13092.0,1263040.29930614,212157.756237298,4.0,895973.4806859823
13093.0,1271087.75365038,276712.990031391,4.0,420504.48898311774
13094.0,1293164.50938499,185267.149297759,1.0,0.0
13095.0,1287183.39341086,205659.766982645,1.0,0.0
13096.0,1271080.19070637,270727.696521267,4.0,75529.01228991407
13097.0,1278476.00991394,207630.876872659,4.0,409552.9308127987
13098.0,1266528.12305371,237423.21527116,3.0,34675.78501818676
13099.0,1283525.57260711,257750.214907974,4.0,959904.8799091746
13100.0,1265221.40945236,239285.899817079,3.0,23314.88793002742
13101.0,1264651.66583578,202415.772803321,3.0,197795.142944454
13102.0,1267297.1342545,196361.38495712,1.0,0.0
13103.0,1275484.27147888,235483.430053174,4.0,476244.37646459485
13104.0,1275698.5472551,235478.703077167,1.0,0.0
13105.0,1266949.84132615,257431.934395656,3.0,30154.33453470082
13106.0,1279632.09945112,263512.269377872,3.0,1026489.0014020008
13107.0,1284556.14342417,249844.902003884,3.0,14024.61580900742
13108.0,1283647.97759923,170996.451747149,3.0,357962.5778131771
13109.0,1272446.83461177,283794.395478651,3.0,358062.2684984628
13110.0,1285835.88723348,253685.764407814,3.0,83975.61136064453
13111.0,1275371.19653477,262715.520001069,1.0,0.0
13112.0,1271049.22814634,268342.228870824,3.0,76344.02702917308
13113.0,1271249.92037055,268335.693126813,1.0,0.0
13114.0,1275174.87839057,226163.725595638,4.0,318210.8970805732
13115.0,1271678.85515498,252620.93387872,3.0,100725.1612757852
13116.0,1282411.33369397,234419.110692084,3.0,2581140.7309430046
13117.0,1270069.64088133,259472.703293741,3.0,59872.34788963683
13118.0,1270076.43480134,260134.677694425,4.0,8490470.316854227
13119.0,1272743.70936407,229563.607903123,3.0,66238.52156386476
13120.0,1283266.57049485,244576.177006483,3.0,4697656.539406627
13121.0,1259101.8317821,258271.284732506,1.0,0.0
13122.0,1287814.63264351,248442.89233845504,3.0,127903.24908187002
13123.0,1278880.35359436,271793.831178367,1.0,0.0
13124.0,1277671.21855313,181237.663213626,1.0,0.0
13125.0,1295355.68186723,186102.308338612,1.0,0.0
13126.0,1286055.0764177,184061.64446452295,3.0,895713.9169424688
13127.0,1283105.07673468,274973.11617361,1.0,0.0
13128.0,1261276.35236032,254351.8369205,4.0,887306.8584996153
13129.0,1260362.7400074,258380.13855662904,3.0,867132.172676164
13130.0,1278007.16536947,223294.311768696,4.0,609079.3767265221
13131.0,1254878.87760177,250195.346548244,3.0,799356.7238979952
13132.0,1274936.42149432,260658.119550958,4.0,173829.78050446018
13133.0,1286559.75949022,191814.543352455,3.0,233816.78495724584
13134.0,1286536.0131222,190817.320567444,3.0,163893.78221005076
13135.0,1286135.34265779,175943.83460021,1.0,0.0
13136.0,1276925.32895236,181727.185198128,3.0,65535.35335720949
13137.0,1276925.28888835,180756.104813144,1.0,0.0
13138.0,1280637.84415616,277861.456208572,3.0,16038.383213718638
13139.0,1254038.39996892,207709.038472742,1.0,0.0
13140.0,1285747.45990539,243596.44369348895,3.0,58797.67303830373
13141.0,1265792.37809296,237756.678503513,1.0,0.0
13142.0,1252110.97436695,246569.114928529,3.0,6242116.759147953
13143.0,1252120.04918295,247010.14814497496,3.0,6574998.525568912
13144.0,1278102.90040956,284568.48347944,3.0,84778.0
13145.0,1278251.45720971,284564.80827944,1.0,0.0
13146.0,1268603.96235183,244378.098286286,4.0,167618.6915572557
13147.0,1256063.74563499,241821.694955662,4.0,1678487.0290422328
13149.0,1286032.99212968,184940.084337428,1.0,0.0
13150.0,1272359.41617969,268441.07315892,4.0,1281575.1797430357
13151.0,1278515.01541798,265188.97830759,1.0,0.0
13152.0,1271658.39953896,215076.950544283,4.0,16411167.1209848
13153.0,1255818.70448275,201708.36345858904,3.0,37505.44713389845
13154.0,1276302.60677572,262971.400065333,3.0,65789.45948803078
13155.0,1272608.56753993,178113.873258427,1.0,0.0
13156.0,1272768.59448411,281979.453524783,3.0,65629.43504682428
13157.0,1260294.72144732,188140.569076702,1.0,0.0
13158.0,1270729.84561801,228112.023261636,4.0,39937.581066056126
13159.0,1270422.17726569,228406.991133928,4.0,142725.37175659623
13160.0,1287804.42099549,247664.394545645,3.0,1489.5788626426695
13161.0,1273315.50578065,248769.404466778,3.0,139653.00155938824
13162.0,1278805.07845828,255238.091385409,3.0,1981943.4482330307
13163.0,1264889.88484403,239291.078953072,4.0,70804.15392462305
13164.0,1264900.37431604,239683.369513482,3.0,88820.69400580188
13165.0,1272347.61662766,268028.527366504,4.0,1758282.6634403444
13166.0,1275179.35179856,227527.31542103,4.0,156462.6997833147
13167.0,1275310.2498467,227522.062493026,4.0,182800.94239601644
13168.0,1263972.2370351,242176.864556029,4.0,6268519.371071491
13169.0,1271894.67595521,251026.571573094,3.0,151750.73813749943
13170.0,1276043.59941545,220195.738837525,3.0,139915.720509017
13171.0,1274958.59698234,264636.127043024,4.0,212973.72579612653
13172.0,1271897.18315521,199812.434176654,1.0,0.0
13173.0,1266653.96727784,229318.328862861,4.0,95167.05874593584
13174.0,1266678.69393386,229743.841823295,4.0,20832606.810281742
13175.0,1262655.15799375,255692.707897872,4.0,958816.9467696768
13176.0,1258108.78454909,243156.136493042,3.0,3838719.6458326513
13177.0,1278769.24127424,175783.507816046,3.0,46067.35279728468
13178.0,1288144.73401985,181903.172078311,1.0,0.0
13179.0,1254697.67587359,253106.292791218,3.0,77849.15390110003
13180.0,1284624.31910424,203847.914308786,3.0,116122.11022832528
13181.0,1261339.9851284,242612.513260484,3.0,1168600.6823929187
13182.0,1276988.27071242,246006.064239949,4.0,130252.7115988236
13184.0,1268775.58673601,171311.420963466,3.0,2056594.7400113032
13185.0,1262620.8913697,170563.679010704,4.0,156967.1450465373
13186.0,1262273.84055336,170577.177314714,1.0,0.0
13187.0,1280721.16748424,274370.384461001,4.0,232444.5556045397
13189.0,1263247.57316235,169267.202273369,3.0,47599.90788106125
13190.0,1274871.63653426,229231.88188678,4.0,890272.5496881091
13191.0,1274876.26053426,229657.991903216,4.0,499668.0081268016
13192.0,1274525.9101979,176467.997928753,3.0,1923076.154890564
13193.0,1284745.42451236,243772.927597672,3.0,72962.90232800152
13194.0,1273898.28050126,235990.481253698,4.0,106492.17427134264
13195.0,1260967.25162402,249052.674291074,4.0,293748.3049897248
13196.0,1270269.15128154,205474.428742453,4.0,39695.90210099718
13197.0,1271775.33528309,282004.694996819,3.0,175900.3942214652
13198.0,1260628.89335167,192030.307320684,1.0,0.0
13199.0,1258854.71875785,285904.640920803,1.0,0.0
13200.0,1263516.78129062,169428.02972953,1.0,0.0
13201.0,1282392.50271796,284277.009303138,3.0,248754.9715749628
13202.0,1256539.13974749,258451.91762869095,3.0,1177885.4738509418
13203.0,1256295.58544323,258456.825404704,3.0,1312461.1754870217
13204.0,1279856.29157935,199291.760320112,4.0,297700.52525123616
13205.0,1265813.19895698,269527.091016039,4.0,4449898.064614769
13206.0,1266976.13495816,269238.016775742,3.0,3843826.052916035
13207.0,1252585.12694342,236589.335654303,3.0,14109.86539879951
13209.0,1262947.25521004,287112.381274045,1.0,0.0
13210.0,1283757.59903935,171328.620707482,1.0,0.0
13211.0,1273614.23845297,262535.246080875,3.0,59365.56203142076
13212.0,1273964.72952533,262528.472128868,1.0,0.0
13213.0,1265279.69079643,256288.605626479,4.0,58661.94728830509
13214.0,1280618.30022013,283785.395798638,1.0,0.0
13215.0,1273557.5446929,255718.877497897,3.0,9209.968921890686
13216.0,1265454.42602861,232834.304802462,4.0,194573.2412278452
13217.0,1256650.80157159,212535.610189676,4.0,312730.8726197178
13218.0,1283088.41503866,196319.733501077,1.0,0.0
13219.0,1276374.5882158,234143.516387805,4.0,161125.95980596467
13220.0,1273856.75666121,203350.217412278,3.0,84438.73714472498
13221.0,1283330.89555092,252515.796278626,3.0,45410.54355113757
13222.0,1279811.33989932,175100.989159346,3.0,290983.29203763173
13223.0,1279809.92223531,174430.266406655,3.0,356864.8591781758
13224.0,1277958.20748141,238068.307431832,4.0,466524.68876500666
13225.0,1271409.7471227,271586.934282154,1.0,0.0
13226.0,1276896.80440833,229093.539614633,4.0,318094.2872478237
13227.0,1273046.69790839,222119.31931948703,3.0,67190.63030512155
13228.0,1275540.48888694,205858.536582842,3.0,7755.976450650443
13229.0,1253979.13238485,207833.21831286,1.0,0.0
13230.0,1265503.63460466,250941.262709007,3.0,29580.19536850339
13231.0,1262196.32791327,172734.948964924,1.0,0.0
13232.0,1268659.18865588,213590.811150759,4.0,120930.4835044233
13233.0,1269220.43326446,213579.98798275,4.0,121628.51447388304
13234.0,1275181.72152656,254013.049528152,4.0,613575.0362258658
13235.0,1258746.15894973,193904.907578602,4.0,294236.94686160167
13236.0,1284063.94623967,192675.850041345,3.0,98907.0187223848
13237.0,1264704.47741984,176358.20944863596,3.0,171480.76294896117
13238.0,1265982.39114915,259569.605629846,3.0,147435.4447436642
13239.0,1275145.10021453,214580.46830377,4.0,256783.165345416
13240.0,1274213.59422958,281520.65096432,1.0,0.0
13241.0,1271479.32209878,248824.292530835,4.0,83501.46550718826
13242.0,1281521.73542106,255690.842425868,4.0,323916.9332812141
13243.0,1261786.59837686,234426.50275608903,5.0,857280.8806708371
13244.0,1258265.01290125,258287.82246053204,3.0,49167.07355931366
13245.0,1263312.97066641,279853.004754618,1.0,0.0
13246.0,1267378.13118258,245984.449071929,4.0,534366.5796350269
13247.0,1271063.21009836,215848.726545066,3.0,17707.77750102666
13248.0,1271048.45189033,215088.928528294,4.0,236141.712008221
13249.0,1255364.40713827,256746.854714945,3.0,42549.66931574367
13250.0,1260038.62288706,190712.06488733,3.0,30039.736235497672
13251.0,1262829.91453792,261148.814463466,1.0,0.0
13252.0,1283390.41478297,260414.996350706,3.0,340062.110255298
13253.0,1270320.71384159,207796.949064821,3.0,104301.34903527936
13254.0,1261929.903209,250352.038132399,3.0,26355.75910291191
13255.0,1260636.03376767,255720.308217898,4.0,363795.6119663405
13256.0,1250968.81948577,242075.334187925,5.0,1131105.0471815094
13257.0,1275495.85803889,236845.410598576,3.0,314852.48107974057
13258.0,1275541.84415095,237343.937191084,3.0,136947.8945210073
13260.0,1272703.76254803,181755.823598161,4.0,412447.895200196
13261.0,1283141.32211073,211525.219148651,4.0,85841.57931071524
13262.0,1269347.9615206,244753.860014677,1.0,0.0
13263.0,1272173.17931549,229590.648223147,4.0,1098552.175690014
13264.0,1261410.32324047,265765.809476182,1.0,0.0
13265.0,1264741.35492387,241597.922091439,4.0,334102.3213429883
13266.0,1282989.27123056,227121.45929262004,3.0,128568.84047006424
13267.0,1277774.24421722,239252.117097035,4.0,4570514.685680773
13268.0,1255206.35235411,256468.32511466704,3.0,416136.6175843401
13269.0,1275840.02405524,204571.989957526,1.0,0.0
13270.0,1282992.99558257,232162.42556977304,3.0,250643.2961944664
13271.0,1273122.53336446,197061.230653837,3.0,118597.37413538416
13272.0,1280887.37810841,204435.421637386,3.0,189747.76312257457
13273.0,1257667.85629264,186396.466930911,1.0,0.0
13274.0,1262754.88714585,266281.176196709,4.0,438386.2573500968
13275.0,1280889.74585241,219038.224788338,4.0,231412.72559731465
13276.0,1280877.5080284,218728.466196015,3.0,17426.639077044707
13277.0,1261587.06103265,238411.39370417604,3.0,15594.65748417151
13278.0,1262418.9809695,233977.294627637,3.0,3676.853500613327
13279.0,1262127.3378972,233983.100067645,3.0,191861.75188343195
13280.0,1255971.8374109,202252.615939155,3.0,767.341202714933
13281.0,1263028.72484213,211638.191692755,4.0,7548964.875554854
13282.0,1263009.23863411,211065.691212177,4.0,6128128.602816798
13283.0,1281297.97081283,201488.616834372,1.0,0.0
13284.0,1281326.87001286,201271.643842146,3.0,72555.93150222137
13285.0,1267309.8507985,226884.860956371,4.0,25120.196199863592
13286.0,1276773.6435762,213950.183119133,4.0,159615.127590548
13287.0,1263826.77047494,236373.041190088,3.0,15863.69816819179
13289.0,1280323.86117983,281414.27259621,1.0,0.0
13290.0,1266892.93329409,285398.60879229,1.0,0.0
13291.0,1258502.47670949,285359.938904256,4.0,1244810.21820577
13292.0,1265366.41310053,229351.305502892,4.0,111594.35387623808
13293.0,1282307.86969386,231781.742241383,1.0,0.0
13294.0,1287388.93235508,251395.44286947,1.0,0.0
13295.0,1271554.06801885,254142.369784281,3.0,26414.70867877559
13296.0,1281744.02470128,277242.531279936,1.0,0.0
13297.0,1295272.02221914,185524.090354025,1.0,0.0
13298.0,1276691.55839212,204254.576517195,1.0,0.0
13299.0,1286381.55545804,185468.370993957,3.0,121346.41866674752
13300.0,1275858.48754327,247370.332145348,4.0,96742.96692097906
13301.0,1286997.73331466,196070.760572821,3.0,62947.24952505239
13302.0,1254768.18102567,215208.099920422,3.0,40519.13815406446
13303.0,1282353.04607791,271969.894474536,3.0,523436.6547515907
13304.0,1257603.63267657,253070.199351192,4.0,200938.1553720481
13305.0,1279577.21113107,225576.983323038,4.0,385923.0372483044
13306.0,1263620.52580273,199897.780416742,3.0,2602137.829003065
13307.0,1254974.28720188,211275.688140392,4.0,337822.5923691624
13308.0,1271259.94129856,205187.397190154,4.0,132051.90557228084
13309.0,1285839.70188949,206514.953223512,3.0,47086.96207403192
13310.0,1286149.1388818,206511.543815508,4.0,58148.8849868409
13311.0,1260552.35447159,257048.031291261,3.0,67932.5935639517
13312.0,1260334.40509537,257052.471611261,3.0,47611.203055407495
13313.0,1282057.94495761,192082.813112736,3.0,49229.07334269628
13314.0,1267304.6585425,242277.749484137,4.0,1497276.270908366
13315.0,1267478.48823868,242273.668140128,3.0,8464.651503493034
13316.0,1274339.8314777,232767.595938399,3.0,693946.2881473721
13317.0,1256358.67024329,219338.331156641,3.0,22336.38581241853
13318.0,1262596.24637768,240319.73994612705,3.0,199052.74584504543
13319.0,1286790.96601845,251781.466677874,3.0,42197.41598233647
13320.0,1266820.57291001,191366.442552,3.0,187726.2990116286
13321.0,1266828.31268601,191098.160887733,4.0,649608.8396216418
13322.0,1272633.27749196,265694.90771611,1.0,0.0
13323.0,1263976.0421551,174280.158438504,3.0,15858.354142261602
13324.0,1275623.77541502,230373.347807944,3.0,36045.518775921766
13325.0,1260172.6741512,241702.685675547,3.0,2213478.8873551805
13326.0,1258421.74026141,205199.12551017097,3.0,1439481.6279945937
13327.0,1293193.85120901,186329.492594838,3.0,159069.46565773987
13328.0,1293186.79412101,186071.631282583,4.0,529661.329020076
13329.0,1257801.94691677,216865.032914117,3.0,204954.32692714917
13330.0,1275940.70264734,227893.78153340504,3.0,79697.8862981962
13331.0,1259928.05648695,260115.764990404,4.0,883308.3731288179
13332.0,1271395.4312187,228254.205341771,3.0,164117.18083757826
13333.0,1268397.97163162,234699.65181237497,3.0,83009.1042628419
13334.0,1284493.38201611,265635.379972056,4.0,4457575.155938768
13335.0,1284309.61107191,250512.146420568,4.0,115168.3233777892
13336.0,1284308.67475192,251173.375093251,3.0,28730.261173157465
13337.0,1260594.73168764,284108.088086963,1.0,0.0
13338.0,1261433.9977365,285719.271512613,1.0,0.0
13339.0,1260782.28938383,285737.315800637,4.0,827172.8442981775
13340.0,1271919.63621123,176656.423080936,3.0,77795.4792061319
13341.0,1278151.05349761,174158.796838388,1.0,0.0
13342.0,1259768.58506279,205813.1786948,3.0,523896.43636194966
13343.0,1259436.03875844,205821.876230806,4.0,15802796.079965388
13344.0,1274044.40587741,202704.407043606,3.0,33392.51491895405
13345.0,1282514.44307008,235297.260196984,1.0,0.0
13346.0,1268613.45713584,258845.803325102,3.0,416593.5677608243
13347.0,1281511.22297305,251227.5967253,4.0,222200.217372992
13348.0,1279754.69337125,198123.367358923,3.0,42414.0
13349.0,1278221.99429768,233231.080226868,3.0,58604.09017820192
13350.0,1277116.60677655,214580.80980777703,3.0,56029.85499458308
13351.0,1274533.18379791,247409.301233396,3.0,33506.96879392239
13352.0,1266217.10135739,228314.644189835,4.0,71022.30892453316
13353.0,1266433.75934161,228552.982622087,4.0,83882.16607442578
13354.0,1274829.0909982,278403.312721133,1.0,0.0
13355.0,1275056.71787845,278398.491857126,3.0,44991.28498406035
13356.0,1268429.68452765,273201.826763809,3.0,165549.52658945706
13357.0,1269093.11230433,273189.487179786,3.0,85959.33215053487
13358.0,1272135.72171545,282613.275477439,1.0,0.0
13359.0,1264133.88305126,249664.581171706,4.0,661627.3340671494
13360.0,1283946.87263955,268311.284358799,1.0,0.0
13361.0,1257981.36515696,217356.974866614,3.0,45001.51462090268
13362.0,1276998.45804043,255079.561785251,3.0,932102.7608687222
13363.0,1292091.73133588,188980.491573557,3.0,72356.6596732561
13364.0,1273755.75160511,279939.505554706,3.0,647804.6719741646
13365.0,1275511.86853491,271755.691530317,1.0,0.0
13366.0,1264068.76509918,285594.579224497,3.0,352631.043383562
13367.0,1276809.75237624,226551.191068038,3.0,62949.1924698333
13368.0,1284154.72198376,251176.782901242,4.0,194557.2378852253
13369.0,1279155.72210664,278534.283601269,3.0,1025459.09890257
13370.0,1265343.0712765,234356.645924032,3.0,48573.75728981872
13371.0,1265673.29137284,248023.953202024,3.0,43739.98641806184
13372.0,1251914.98364675,210040.57281112703,3.0,1287727.7966124895
13373.0,1260281.21392731,238335.577576101,1.0,0.0
13374.0,1260114.23037514,238338.435880095,4.0,511407.83863401366
13375.0,1280341.55276385,265195.911363602,3.0,50606.67014346954
13376.0,1280325.22437984,265795.675204217,4.0,192149.49963897897
13377.0,1280684.80108421,219065.18075636,4.0,35313.09826185881
13378.0,1258913.98538192,210468.723851562,4.0,1826074.6611197037
13379.0,1279708.69215521,271105.748297662,4.0,2654574.363069081
13380.0,1271571.32817887,223533.751576945,4.0,1252073.549310541
13381.0,1271848.69605115,223696.615705103,3.0,818129.33613303
13382.0,1270511.70955379,259462.38706973204,3.0,4380705.529711593
13383.0,1294466.97793032,184839.943793327,3.0,56082.820526688985
13384.0,1258480.60534947,217246.513490498,3.0,84778.0
13385.0,1262734.13520983,192469.693625137,4.0,55795.43543117784
13386.0,1267371.41265458,210040.807435125,1.0,0.0
13387.0,1268616.17854385,210016.458379105,3.0,9814751.606815351
13388.0,1255875.76899479,234812.04266049,3.0,121659.1810788444
13389.0,1268190.51140741,235665.717413366,1.0,0.0
13390.0,1277894.16428135,221548.172822908,1.0,0.0
13391.0,1278024.15020148,221546.175446913,4.0,1248714.5515040744
13392.0,1270271.92331354,223832.000281245,4.0,373621.643579667
13393.0,1273932.19550928,245772.93111971,3.0,884465.0693304933
13394.0,1277406.27845685,244680.948782593,4.0,248857.888599775
13395.0,1260060.57200709,187210.942003742,1.0,0.0
13396.0,1278885.95199436,257889.514556125,4.0,817077.5080045137
13397.0,1264718.23953186,263601.587073967,1.0,0.0
13398.0,1279526.28633101,222394.51695177,3.0,64736.96772911352
13399.0,1280566.42271608,280547.367187321,1.0,0.0
13400.0,1283653.47097525,174663.538918898,1.0,0.0
13401.0,1259214.63274223,198905.73779171697,3.0,1053997.83425679
13403.0,1288250.26989195,201500.987842381,1.0,0.0
13404.0,1283021.4525426,205409.897734389,4.0,663073.4835356555
13405.0,1283855.81113546,257740.201851964,3.0,1228071.5606318836
13407.0,1263076.12599418,201784.80915467403,3.0,88309.13892948943
13408.0,1286542.0593942,175125.139687374,1.0,0.0
13409.0,1274255.56523763,211075.719372183,1.0,0.0
13410.0,1271556.53688286,213099.572302252,1.0,0.0
13411.0,1279000.92780247,268474.565510958,3.0,108981.9753964884
13412.0,1254190.62966508,238547.247080311,1.0,0.0
13413.0,1275180.25336657,216736.351761982,4.0,12644.401249723487
13414.0,1272834.44933216,249553.141107589,4.0,844756.1343914795
13415.0,1262523.19402561,201311.684802189,3.0,76769.4504580227
13416.0,1262075.46231315,233544.8164832,3.0,711.8891609592465
13418.0,1271707.84235501,235855.577317566,3.0,142880.88030096047
13419.0,1265586.41527675,195746.545660481,4.0,4027454.817021722
13420.0,1281692.66649324,212475.967245623,1.0,0.0
13421.0,1260523.92637555,260365.361278653,1.0,0.0
13422.0,1284232.71033584,170375.011426508,3.0,84778.0
13423.0,1284246.72639985,170982.965219125,3.0,137848.8875400861
13424.0,1284769.08620839,183586.24452804,3.0,45174.19440129692
13425.0,1264048.80516317,245546.931247488,3.0,55966.94861214765
13426.0,1273046.31109238,279964.26862672,1.0,0.0
13427.0,1265274.90110043,190439.109751046,3.0,98145.60220411292
13428.0,1271695.904691,254137.192952275,3.0,3597.887982644096
13429.0,1259105.15754211,194547.934523255,4.0,976838.0564727976
13430.0,1272415.84350774,222745.30332014,1.0,0.0
13432.0,1254947.34793785,200170.410177022,4.0,55702.6299826346
13433.0,1265543.4671807,252681.587958783,4.0,1334094.8528869192
13434.0,1262897.024298,252330.254006431,3.0,1050540.7144945394
13435.0,1254865.40982577,249398.502323434,4.0,61656.14254317976
13436.0,1254195.47939308,249415.98885144305,3.0,66611.20604379257
13437.0,1286155.6300178,206937.075783953,4.0,342454.8413468144
13438.0,1282201.13170975,198681.577471495,3.0,74069.0496060769
13439.0,1273504.46174885,231570.988129169,3.0,4880.716987395048
13440.0,1255670.77661058,242488.76183635,3.0,35248.355571099215
13441.0,1260118.16669515,287238.532250181,3.0,25033.693523858925
13442.0,1259452.33859846,287256.910874188,3.0,24365.801953210997
13443.0,1282230.15033379,196445.462525204,1.0,0.0
13444.0,1271684.97752298,177849.461994156,3.0,193884.12994400368
13445.0,1267188.17681438,237392.876391128,1.0,0.0
13446.0,1262708.4653217902,244242.808878154,5.0,2735668.044412381
13447.0,1259174.75159018,251541.645365626,3.0,69434.12970725654
13448.0,1279880.02937138,212405.106125548,4.0,4110046.3241909663
13449.0,1251237.04796605,238968.575656742,1.0,0.0
13450.0,1283626.73779121,203310.361860231,3.0,860.4882193630813
13451.0,1274863.22674224,226597.731292084,4.0,385416.0556081551
13452.0,1270435.07422571,282834.172949672,3.0,105686.16070967194
13453.0,1274620.61342999,190620.258295238,3.0,9313.589969357936
13454.0,1274856.26322223,190195.841526806,3.0,82745.057836987
13455.0,1254846.03612974,247814.105905801,4.0,113799.81749291335
13456.0,1254150.24848104,247822.930673808,4.0,210184.9926459456
13457.0,1283055.02892663,233081.859106719,3.0,39869.56774311044
13458.0,1272777.23947611,231691.58499330297,3.0,5091.428260651028
13459.0,1270107.11518538,228693.592286229,4.0,104701.5770002436
13460.0,1270265.39736153,228867.555870399,3.0,5742.375629495318
13461.0,1259874.24266289,198498.907583311,4.0,564417.5193255271
13463.0,1262703.14378579,205077.059782043,4.0,127247.35477867926
13464.0,1285447.03206508,257042.471611261,1.0,0.0
13465.0,1267455.50276665,237333.70461507104,3.0,4507629.128840842
13466.0,1278781.60441026,206720.349511728,3.0,26390.070429909974
13467.0,1276715.53836013,248601.728306606,1.0,0.0
13468.0,1264086.9654832,287038.689177975,3.0,50620.34108407946
13469.0,1280961.09151649,167971.65398404,1.0,0.0
13470.0,1257486.53315645,285394.839128286,4.0,141022.93378275065
13471.0,1264454.16817158,267901.304518372,3.0,167868.33128641464
13472.0,1271571.00664288,255575.244857758,1.0,0.0
13473.0,1271762.54168306,210782.693707883,3.0,19755.47332232122
13474.0,1260035.08419906,203813.530820742,4.0,1497247.6634611425
13475.0,1267334.08369453,280851.242899641,1.0,0.0
13476.0,1260434.23888747,203802.40979673,4.0,234210.85918179003
13477.0,1273171.73278852,242310.812396169,1.0,0.0
13478.0,1277660.93637711,251646.026037723,1.0,0.0
13479.0,1272441.72638777,282872.164693698,3.0,159035.89995425488
13481.0,1271786.0410111,275371.006798029,1.0,0.0
13482.0,1262701.01648979,244685.3880786,4.0,87441.5026195349
13483.0,1274327.5552537,221785.000791147,4.0,1994567.7536979043
13484.0,1274852.49349423,251374.763125449,4.0,138021.49714511188
13485.0,1258174.13315715,217880.220883146,3.0,43096.21374649677
13486.0,1264071.36349919,211690.786380813,3.0,272027.8622674895
13487.0,1265617.97918078,256935.247099146,4.0,124493.57957648396
13488.0,1257611.55062857,211512.388108626,4.0,291217.4926221708
13489.0,1279204.67116269,221590.115350947,4.0,1233349.1302310054
13490.0,1270317.69745758,202237.676355138,1.0,0.0
13491.0,1257441.1506924,215860.618961081,4.0,32379.43476283433
13492.0,1284154.43225576,251406.72926949,3.0,152531.54450478638
13493.0,1264633.17405976,171990.396964163,3.0,322870.35878841364
13494.0,1264630.14225176,171675.435299844,1.0,0.0
13495.0,1285913.37888156,258395.522364646,3.0,84777.99999999999
13496.0,1281856.6307814,222118.148439497,3.0,42442.61666666667
13497.0,1281932.69919749,222116.097239494,3.0,74780.22738396598
13498.0,1278666.57810614,260211.063998505,1.0,0.0
13499.0,1277245.48248868,180243.572396606,3.0,57248.40820550959
13500.0,1266671.68209386,242754.553644627,3.0,118240.11531514292
13501.0,1280899.86623642,278676.472657412,3.0,13424.878587286074
13502.0,1286161.52371381,207364.933192387,5.0,104434.36965434218
13503.0,1270979.23685026,262431.365696773,3.0,4986992.918249217
13504.0,1274633.64914201,244220.929646119,3.0,443029.8250685137
13505.0,1272715.10475604,209477.949962541,3.0,23768.41349498976
13506.0,1270485.44811375,222787.619160175,4.0,72367.77378974958
13507.0,1250761.58044556,239468.483113259,3.0,112870.39509961908
13508.0,1255167.85245007,196058.318332806,3.0,447646.58246961486
13509.0,1270492.15544176,223093.639256492,3.0,80268.67453212567
13510.0,1268432.89380766,276090.480398759,3.0,1219564.49156705
13511.0,1264649.32266778,174277.311974511,4.0,74945.1469944996
13512.0,1270772.43736206,175892.480040163,3.0,324439.7650985389
13513.0,1294498.43226635,185865.719602376,3.0,43685.480396001054
13514.0,1285681.95936131,204622.988485575,4.0,502497.9445700553
13515.0,1263116.78769022,200409.740033269,4.0,2315881.639942713
13516.0,1262951.09111404,200414.17478527097,3.0,102610.91913853122
13517.0,1283075.78643066,208256.279497296,3.0,3032111.9862429327
13518.0,1261333.56976838,242201.941228062,4.0,50919.47224782317
13519.0,1261336.5654804,242393.718124256,1.0,0.0
13520.0,1255341.23920225,245355.168879285,1.0,0.0
13521.0,1273652.375541,267593.538758054,3.0,277104.29801993456
13523.0,1274061.75890142,207040.566984057,4.0,80992.91100055639
13524.0,1255738.77712266,193077.509625748,3.0,39798.4422568221
13525.0,1255883.46813081,192929.75928960703,3.0,48615.85149146205
13526.0,1274342.20421371,207865.590600893,4.0,106218.82717453327
13527.0,1284718.53612834,255086.860025257,1.0,0.0
13528.0,1280349.61637986,213342.888718501,3.0,763.472366036057
13529.0,1258662.20406966,217858.516499132,3.0,84778.0
13530.0,1278417.48837788,255912.758010104,1.0,0.0
13531.0,1271842.86699516,218144.263635427,1.0,0.0
13532.0,1282367.11231793,169177.08105728,4.0,1139363.126943108
13533.0,1282530.7678701,168548.08694464,4.0,493343.5799336179
13534.0,1275530.00792693,271513.413450077,1.0,0.0
13535.0,1282501.69017406,173793.235878006,1.0,0.0
13536.0,1274307.01758967,206481.383431479,3.0,122271.7094517409
13537.0,1274965.01202235,206466.475975469,4.0,226176.4743010382
13538.0,1262344.24260142,261540.046271861,1.0,0.0
13539.0,1254023.2641609,239213.315688998,4.0,217853.2730505193
13540.0,1259208.03856622,198641.510655448,3.0,466894.7896246093
13541.0,1268289.85739151,258523.220924765,3.0,62525.45924617816
13543.0,1286015.41740966,284570.005783439,1.0,0.0
13544.0,1278412.96344988,238792.032680571,1.0,0.0
13545.0,1278417.01887389,238930.32708071204,3.0,42856.029904513394
13546.0,1281035.46182056,197339.790782124,4.0,313741.4324285328
13547.0,1271632.33265893,261419.46156773003,3.0,675501.3555433266
13548.0,1268079.4152153,287193.338458136,3.0,184138.85773470384
13549.0,1260123.12336715,285270.834776163,1.0,0.0
13550.0,1273104.70565245,282259.738069072,1.0,0.0
13551.0,1280181.82636368,219834.134293154,5.0,227585.8054079564
13552.0,1280325.77983584,219828.575573146,3.0,80146.15495194562
13553.0,1285457.49984109,199430.364416257,4.0,67426.22685205315
13554.0,1276441.25874385,249998.777012035,4.0,101967.50744532463
13555.0,1258614.0981496,216200.255377427,1.0,0.0
13556.0,1289190.80013292,185084.638129577,3.0,4226.215590292069
13557.0,1266218.9504454,169947.273122072,1.0,0.0
13558.0,1275929.34373534,218736.040980026,1.0,0.0
13559.0,1276602.96703203,259283.209597543,1.0,0.0
13560.0,1281267.98790081,225635.572507098,4.0,139178.8471541568
13561.0,1260106.76778314,194526.534651235,4.0,644526.7239204869
13562.0,1275429.05074282,261972.448320299,3.0,3711700.250093263
13563.0,1286244.8772499,255540.455609724,1.0,0.0
13564.0,1261383.97450444,259688.381693959,4.0,656857.0859389112
13565.0,1283465.30406305,247229.255665213,3.0,35542.26628085112
13566.0,1283245.96723083,261095.278143406,1.0,0.0
13567.0,1270996.24568228,244849.905134767,4.0,344473.52306732105
13568.0,1284186.2353278,195901.693308651,1.0,0.0
13569.0,1268791.41508803,181817.433070228,3.0,5580284.305974321
13570.0,1269114.76420836,281047.258899838,3.0,42431.66666666666
13572.0,1255457.32265837,236151.58787787,4.0,56793.67292284932
13574.0,1285425.44742505,199662.438400492,4.0,96348.2263029042
13576.0,1270503.98616178,227231.798300728,4.0,1102783.4953384344
13577.0,1270781.20670606,227395.678556889,4.0,837850.7818116231
13578.0,1260362.5224714,216220.139537454,3.0,165548.94539594027
13579.0,1283770.29785536,277379.734416083,1.0,0.0
13580.0,1272310.08913963,262549.121664897,3.0,1837476.8578676968
13581.0,1274069.39307743,267879.801606357,1.0,0.0
13582.0,1264224.66634735,252700.538358808,4.0,2080677.361908848
13584.0,1279658.13580315,232008.937697619,4.0,29000.890987116603
13585.0,1263874.33668299,205706.120518684,4.0,85027.72754039479
13586.0,1287172.59027486,246205.594032153,1.0,0.0
13587.0,1266800.60478199,269078.266759574,1.0,0.0
13588.0,1282589.81958215,191175.070199803,3.0,127164.0
13589.0,1282764.32710233,191169.657463804,3.0,84778.0
13590.0,1263994.03396311,243148.146029025,3.0,71024.72963324867
13591.0,1259621.33239064,212453.483981594,3.0,48159.84060308286
13592.0,1261600.16900066,254347.7821365,4.0,1059176.8836029554
13593.0,1282516.00966208,256718.887290925,1.0,0.0
13594.0,1270834.46117012,277101.518415794,1.0,0.0
13595.0,1273318.69048466,180431.69111681,4.0,365181.6104844455
13596.0,1269490.31332874,174582.108966812,1.0,0.0
13597.0,1285278.40275291,277605.78580831,3.0,127163.99999999996
13598.0,1275451.21183084,283677.928150535,3.0,201360.0240135909
13599.0,1263638.88407475,172627.995428815,3.0,45423.45093637037
13600.0,1255933.60253087,236926.121766657,3.0,83684.85561819955
13601.0,1286775.77907445,249791.212467834,3.0,395342.0619068797
13602.0,1271824.45361914,201857.51833874,1.0,0.0
13603.0,1272770.4664841,210773.82497187,4.0,60273.4976598172
13604.0,1272945.02520429,210772.38797988,1.0,0.0
13605.0,1288695.53472441,188630.371573195,3.0,48894.49762399652
13606.0,1275182.96856657,227950.398237467,4.0,158209.13230685823
13607.0,1262352.66781743,258507.818748757,4.0,5565691.263707958
13608.0,1291388.87648717,181360.78833375903,3.0,110103.6211419332
13609.0,1278265.00639373,286403.349593326,1.0,0.0
13610.0,1257626.64643659,286544.835161462,1.0,0.0
13611.0,1257287.16643624,286553.036953479,3.0,254290.0
13612.0,1256635.62473957,201392.343426272,3.0,90881.4963443921
13613.0,1255946.95421088,201414.094658285,4.0,52968.11781184064
13614.0,1263762.47697088,286673.736793593,1.0,0.0
13615.0,1267328.03383853,243593.992237478,4.0,741141.9967621973
13616.0,1267187.12631838,176439.437288716,1.0,0.0
13617.0,1280234.85970774,210629.802635729,4.0,73703.93540900957
13618.0,1273207.64082055,254345.941880494,4.0,397441.5528166033
13619.0,1268617.91377585,244637.811694548,4.0,284078.8953338011
13620.0,1273526.20517288,225352.442138806,4.0,470994.9654013937
13621.0,1285533.38259317,168982.844897076,1.0,0.0
13622.0,1262675.26852176,280701.110291481,3.0,205417.6476026404
13623.0,1262179.94538526,280713.088979498,1.0,0.0
13624.0,1283692.34099129,176284.727592558,3.0,585721.3869569853
13625.0,1293853.45159368,186296.200050816,4.0,131147.23288401522
13626.0,1270092.07819335,277123.095823824,1.0,0.0
13627.0,1257030.83856398,285186.001304075,3.0,84778.0
13628.0,1256948.47325189,285804.8054647,1.0,0.0
13629.0,1278067.35090552,228561.094814092,3.0,133668.98512449226
13630.0,1282053.33804561,228942.341790482,3.0,9036.56472746724
13631.0,1257708.20957267,192551.503161222,1.0,0.0
13633.0,1273894.70571725,227961.786013469,3.0,85887.53989117587
13634.0,1277511.39698495,279540.884626299,3.0,42528.333333333336
13635.0,1278687.75097016,249593.901555628,1.0,0.0
13636.0,1259147.25424615,195863.43154861,3.0,78697.77389102257
13637.0,1274375.46360575,216755.779858008,3.0,10665.237084241084
13638.0,1259182.28861418,197580.321854368,3.0,251415.87332370225
13639.0,1287038.07808271,252759.195702866,1.0,0.0
13640.0,1278982.87762646,271071.503945619,1.0,0.0
13641.0,1268555.49988778,213159.701774314,3.0,66542.11988855281
13642.0,1268659.85630389,213157.11745432,4.0,101071.04248453028
13643.0,1274183.55358955,215569.638224781,1.0,0.0
13644.0,1257719.39293268,258830.443069085,4.0,803839.3684657975
13645.0,1265013.90430015,233361.130211011,3.0,72869.43370883264
13646.0,1271115.30872241,282573.850005403,3.0,268743.5706544773
13647.0,1267471.30686267,241768.559915617,3.0,34597.457345118244
13648.0,1266862.88452604,286316.688985229,1.0,0.0
13649.0,1290335.39693409,249111.333619133,1.0,0.0
13650.0,1271928.52952324,197097.178749874,1.0,0.0
13651.0,1254709.17520161,235881.815461591,4.0,5158807.169572412
13652.0,1275096.09176648,222088.509719461,5.0,1973678.873664597
13653.0,1254602.6320975,209940.50381901895,3.0,774519.6012557744
13654.0,1278852.74962632,180058.622956425,4.0,482967.56413487816
13655.0,1289912.25606966,181404.06282980705,3.0,423350.89408203634
13656.0,1275376.18245476,252117.03032621703,3.0,13247.182544033063
13657.0,1284596.98092821,201534.305090412,1.0,0.0
13658.0,1275578.48351097,214569.599503756,4.0,17278.877925368943
13659.0,1273583.35627693,242795.678892672,3.0,457408.21464159817
13660.0,1282355.12287791,232220.538657844,3.0,43197.9436796305
13661.0,1257176.12502813,217392.863890648,4.0,259081.42444021264
13662.0,1265294.27972445,233126.11689876,3.0,25256.227497585693
13663.0,1256134.36688307,244886.368302807,4.0,392063.6010128422
13664.0,1284761.99833637,244552.762670472,3.0,937587.6598363124
13665.0,1261319.47466438,279872.308818638,3.0,23888.152862331404
13666.0,1261196.10154425,279987.669458747,3.0,572328.7199998236
13667.0,1265823.47486098,233866.177379519,3.0,128417.50410258668
13668.0,1275527.01055092,227079.02991657,4.0,388104.8052762834
13669.0,1282059.28454161,192961.417657629,3.0,104683.82477611557
13670.0,1272254.73790757,257422.207419649,4.0,1918502.435425385
13671.0,1273048.22648439,194965.435643688,4.0,124323.12089421514
13672.0,1278274.34917773,235296.160740986,3.0,19912.988119982507
13673.0,1275063.01176645,276565.363663241,4.0,574445.4272474552
13674.0,1265911.38935708,196403.63289316,3.0,58094.43788581372
13675.0,1286324.93254597,188565.085941136,1.0,0.0
13676.0,1276554.50520797,254637.54431279,4.0,1969222.4773706656
13677.0,1267480.86750269,243590.42730948297,3.0,256594.9482755976
13678.0,1269206.95032045,247586.153265566,3.0,1713585.8591346864
13679.0,1269446.9373927,247579.804849565,3.0,673043.8023040979
13680.0,1282698.64415827,206116.964231104,1.0,0.0
13681.0,1273388.99806874,224254.203545675,4.0,108573.76297608948
13682.0,1275094.53631048,281907.490132719,4.0,82232.01565661997
13683.0,1253005.32623985,212010.129613146,5.0,752930.3447433866
13684.0,1261009.20951205,238322.951976091,3.0,215254.6723753559
13685.0,1250558.64054136,239019.1057688,1.0,0.0
13686.0,1279688.33753118,216627.466833875,4.0,88027.39874688264
13687.0,1261583.29629664,238261.348392025,3.0,15815.10878597976
13688.0,1250999.9743018,212331.16238147,4.0,2278559.643392606
13689.0,1270298.01643357,230920.089120507,4.0,340879.6025164845
13690.0,1276380.2444078,277180.537295878,4.0,291517.65941520943
13691.0,1279893.25407539,283831.560086682,1.0,0.0
13692.0,1279893.2446034,284347.049879208,3.0,952919.7017186738
13693.0,1270706.69636999,272255.231882825,1.0,0.0
13694.0,1268324.56401555,172628.546276808,4.0,4262070.688726507
13695.0,1282019.00774157,173690.235429898,3.0,1366989.748628764
13696.0,1281797.99474934,173099.430181295,3.0,1105451.1042889357
13698.0,1267518.30116673,280086.44027485,3.0,83065.04341943344
13699.0,1285952.9496336,178865.330411196,1.0,0.0
13700.0,1273763.15154111,196498.884989262,4.0,142229.72426645953
13701.0,1263351.28458646,250330.707828388,3.0,62782.650926011214
13702.0,1260083.5364871,193868.314170569,4.0,369142.6596899108
13703.0,1281202.90866874,213854.615695029,3.0,419554.7980690256
13704.0,1280827.83455636,209156.217610225,1.0,0.0
13705.0,1291367.21773514,182836.655151263,3.0,87683.33110429713
13706.0,1251895.73366272,237533.529959276,4.0,525498.7607615936
13707.0,1251802.26307063,237507.798055246,3.0,34940.760156043725
13708.0,1282341.57631791,211208.966156319,4.0,47732.913682474646
13709.0,1285540.77958518,197976.339710772,4.0,454925.9933702677
13710.0,1275675.20351107,205855.030982837,3.0,24329.486620134205
13711.0,1262956.85751405,255124.097465292,4.0,356033.72211611905
13712.0,1286338.52006599,204796.438277751,3.0,31976.47234424266
13713.0,1258024.442533,285376.180056274,4.0,218408.98380795628
13714.0,1270127.09156939,279853.409874618,1.0,0.0
13715.0,1281892.20153344,205257.394758224,1.0,0.0
13716.0,1282341.0901099,205245.891462222,3.0,49897.14764815392
13717.0,1272001.14622732,268703.886599198,4.0,1168663.516867317
13718.0,1273790.36178115,232189.67318581,4.0,177749.26112730213
13719.0,1263867.59453899,237929.418279678,3.0,78041.4434340068
13720.0,1280301.17125981,201086.227201954,3.0,8699.57918893843
13721.0,1265357.70839651,186459.523186982,3.0,392716.9358384754
13722.0,1267256.88734245,189496.261878088,1.0,0.0
13723.0,1282052.56114961,283119.042837963,1.0,0.0
13724.0,1271893.8882432,254985.489529148,1.0,0.0
13725.0,1281543.91186908,195298.71353203096,3.0,308480.8652494489
13726.0,1269226.30001648,240444.30730626,3.0,30631.41267740616
13727.0,1268163.15716739,236236.536485955,4.0,272399.717154043
13728.0,1292536.24589634,185151.638001636,3.0,15378.21514031659
13729.0,1260828.24925587,282237.452373058,1.0,0.0
13730.0,1262986.41917808,277174.103567868,3.0,793332.9091668634
13731.0,1258297.65520528,259755.425854027,3.0,61122.78780621496
13732.0,1254485.87382537,206612.949127614,3.0,91028.33417196805
13733.0,1281436.31993297,244345.541294247,1.0,0.0
13734.0,1274182.29406954,225336.064218789,4.0,1032533.1359432556
13735.0,1275792.4581672,214884.18945609,4.0,238409.60797165125
13736.0,1268270.67364749,256871.582203075,4.0,236187.71584076676
13737.0,1274263.42610162,258358.910588607,3.0,259798.43181051424
13738.0,1255337.51088224,202530.505475432,1.0,0.0
13739.0,1277296.78360873,175130.601959378,3.0,267484.6737192462
13740.0,1270591.02891387,170011.574818134,1.0,0.0
13741.0,1283655.88601525,285098.823319986,1.0,0.0
13742.0,1278497.56690596,238942.309992716,5.0,4492931.719827948
13743.0,1282984.28927857,266344.183620781,1.0,0.0
13744.0,1281284.89631683,267754.347846225,3.0,186750.9761547151
13745.0,1254208.8340171,239210.061096996,1.0,0.0
13746.0,1272782.60491611,236915.02890265,4.0,191227.88645688628
13747.0,1268382.13310361,233966.854691625,3.0,131527.74625755256
13748.0,1256001.34320293,203315.097412243,4.0,276395.96645215503
13749.0,1255983.29865891,202864.615363777,1.0,0.0
13750.0,1253855.24220873,208326.876425371,1.0,0.0
13751.0,1280988.57439652,221368.125270724,1.0,0.0
13752.0,1261280.08695233,239735.921577528,3.0,59012.31403512983
13753.0,1262090.76906517,206262.811335251,3.0,334940.7155736372
13754.0,1261907.84093697,206267.95930326,1.0,0.0
13756.0,1283509.4433911,196519.311165273,3.0,160197.61567582452
13757.0,1273209.87870856,217144.6806584,3.0,176306.4780962722
13758.0,1273395.14341274,217139.802386388,1.0,0.0
13759.0,1276426.31352784,224602.147034034,4.0,910283.4807267092
13760.0,1276965.08146439,264575.85581097,4.0,193626.62653310163
13761.0,1254928.20297784,252820.913142934,4.0,831801.3817272163
13762.0,1255756.03433868,201635.268098518,3.0,25908.27442512154
13763.0,1267991.08305521,243578.36958146104,3.0,67344.77743722445
13764.0,1278978.87276246,252227.31192632,3.0,406892.68087214895
13765.0,1289698.63802144,180468.991212845,3.0,159378.90069519225
13766.0,1282200.86924575,184932.375025421,1.0,0.0
13768.0,1279510.669563,180058.302764416,4.0,621167.0693220332
13769.0,1258855.84733385,255927.18149811,1.0,0.0
13770.0,1266068.24106924,284748.46018362,4.0,292632.62848270446
13771.0,1262326.30500141,241718.086891562,3.0,44401.506922548426
13772.0,1262395.61424948,241834.101419687,1.0,0.0
13773.0,1256842.67881979,196653.293181419,3.0,28665.04462033192
13774.0,1260222.90333526,199155.855423972,4.0,184968.44645560303
13775.0,1271293.41797058,215844.290577069,3.0,35542.05058444123
13776.0,1274937.41330232,259664.156349942,4.0,166115.5357043079
13777.0,1280307.80741982,248599.273266613,3.0,56144.89083857938
13778.0,1269725.29412898,257493.97759571704,3.0,108976.45229867456
13779.0,1265111.07076426,267536.805574,4.0,491943.4498732996
13780.0,1278858.53932233,222620.544408008,4.0,796422.4538653414
13781.0,1255937.60285087,253738.983479872,4.0,37709.04981173718
13782.0,1286954.56941062,174696.736998931,3.0,103010.17570635346
13783.0,1266538.94289371,280558.586323336,1.0,0.0
13784.0,1259209.75907822,168705.463264793,3.0,154886.7724283672
13785.0,1274210.51877357,226873.090012357,4.0,102063.34657079766
13786.0,1273573.17982893,228816.65667034703,5.0,725194.0399776115
13787.0,1273766.20466112,228815.097630352,3.0,380336.90052415896
13788.0,1273586.31365293,252607.441078708,1.0,0.0
13789.0,1272970.1111563,266358.861444801,1.0,0.0
13790.0,1253846.28387272,246451.727664411,1.0,0.0
13791.0,1280753.91967627,217066.724754319,1.0,0.0
13792.0,1270755.32817803,273808.526988417,1.0,0.0
13793.0,1271088.58539438,273803.205452412,3.0,46944.37800402146
13794.0,1254877.10531378,250079.440564126,3.0,803960.9897640418
13795.0,1267879.55275109,250893.160052955,3.0,487140.561224178
13796.0,1270593.52664188,203226.971972153,1.0,0.0
13797.0,1255243.88342616,215921.653905153,3.0,198750.73005686383
13798.0,1280406.78885992,219076.633172378,4.0,203088.96051335536
13799.0,1279117.3478346,219399.285076708,4.0,556522.6715081298
13800.0,1275592.28466299,251679.409525767,1.0,0.0
13801.0,1255472.43286639,196702.223869473,4.0,1042793.7949823226
13802.0,1283082.48396666,254313.60076046,1.0,0.0
13803.0,1270666.22628994,264467.630338863,1.0,0.0
13804.0,1260824.61571987,196491.409981251,3.0,164120.8580052753
13805.0,1258870.88374987,198399.845119208,3.0,10194.207319008425
13806.0,1263719.68573883,250324.084788382,3.0,15318.1689288553
13807.0,1272095.8074114,200851.430145711,4.0,837830.4198699854
13808.0,1272174.77445149,200866.834305733,3.0,79927.31292858052
13809.0,1269495.90315275,204279.407813221,4.0,9391296.429222152
13810.0,1269532.36177678,204282.916677222,3.0,5510554.116151498
13811.0,1285251.54323289,185773.287346274,3.0,298626.58184124227
13812.0,1281476.28178902,218438.332307726,1.0,0.0
13813.0,1267746.24983895,193006.560313687,3.0,136152.8070862462
13814.0,1267735.78692694,192341.048824996,3.0,1186450.0412535083
13815.0,1271058.23992234,227559.758557066,3.0,125560.56458210896
13816.0,1264209.58698733,177821.359722137,1.0,0.0
13817.0,1266799.93681398,249489.330547526,4.0,97853.71008163146
13818.0,1291034.3942468,181012.023277402,1.0,0.0
13819.0,1266801.97943799,192010.915320665,4.0,598752.824015298
13820.0,1266330.3747655,270367.579464898,1.0,0.0
13821.0,1268282.95351951,257928.794620156,3.0,138571.893347817
13822.0,1284640.35680026,241914.293867767,4.0,84822.03809523811
13823.0,1284974.6871686,241905.971051753,1.0,0.0
13824.0,1272246.08990756,224288.762521714,3.0,2051828.6686720687
13825.0,1273185.62578052,242780.265196651,3.0,446833.1097176033
13826.0,1273205.26059654,243456.922669336,3.0,171130.27706094115
13827.0,1276768.23672819,267269.543685734,3.0,2447493.9962972747
13828.0,1284585.0268802,242736.685228601,3.0,16.533333333333335
13829.0,1277696.96357715,204111.415045053,3.0,1365310.0064382134
13830.0,1277674.40095313,203622.019076556,3.0,1439930.0968269438
13831.0,1272730.48626006,182784.627311215,3.0,42687.61411367321
13832.0,1280809.43762833,245459.161455393,4.0,138510.7938905603
13833.0,1256409.50153935,200251.745921105,3.0,298639.3731234408
13834.0,1273216.72120456,221197.518038556,1.0,0.0
13835.0,1252260.3992631,215847.38536107505,3.0,22079.85252618183
13836.0,1259441.45347846,283607.981782451,3.0,42473.18095238095
13837.0,1259107.5581181,283616.367574468,3.0,74222.98932178933
13838.0,1269644.0538089,189112.991989702,4.0,207440.26694838487
13839.0,1255148.46269006,217482.78203474,3.0,196660.24504561076
13840.0,1259539.97757456,209927.156683013,6.0,36014247.678455666
13841.0,1265596.84599675,196413.30150117,4.0,5706332.655132751
13842.0,1283552.39116713,255114.537785277,4.0,529683.4313990452
13843.0,1259940.71363896,205808.676742792,1.0,0.0
13844.0,1277951.1707454,238264.993384033,4.0,1149125.7285693714
13845.0,1258831.09904583,190902.597303525,1.0,0.0
13846.0,1282078.03878163,230669.48201625,3.0,3277539.8262577304
13847.0,1256301.58838724,202542.934595451,3.0,411018.4002549533
13848.0,1262544.79965763,237732.283175483,3.0,79273.6769471468
13849.0,1273832.03589319,234177.298147842,3.0,1123401.3356554385
13850.0,1279238.59365873,238037.229095787,3.0,16899021.629789263
13851.0,1264118.25252324,248985.057586998,4.0,777964.9342277878
13852.0,1275714.10987912,270578.047881112,3.0,84777.99999999997
13853.0,1276376.64600779,270555.974089086,4.0,520998.9993475869
13854.0,1275209.1391266,235486.66038918504,3.0,631993.3020206016
13855.0,1275232.53541462,236334.784998044,4.0,108926.80627728852
13856.0,1271088.26680237,274719.020237356,3.0,74501.33958390862
13858.0,1282672.84761424,194149.756858855,3.0,510561.98740204016
13859.0,1255321.93872224,211923.080205053,4.0,322662.34359262994
13860.0,1272080.81400339,222140.45346351,4.0,168289.55641500338
13861.0,1286656.11558633,192910.915833578,3.0,519818.2669910014
13862.0,1255776.48374669,197711.037758499,1.0,0.0
13863.0,1257922.07562089,255761.75141795,3.0,1462366.804740351
13864.0,1274460.85746183,237920.440615669,3.0,4387146.237639647
13865.0,1266362.64503753,246266.913072214,3.0,2475967.3322773864
13867.0,1268767.104112,180496.878636867,4.0,164359.33940460408
13868.0,1268754.94603199,179840.104684204,4.0,149315.51585128813
13869.0,1268808.81400004,204217.820357159,1.0,0.0
13870.0,1293690.24327353,181830.046254233,4.0,1568198.207602133
13871.0,1262604.08688968,168346.327136427,1.0,0.0
13872.0,1272414.96491574,272181.07911475,3.0,2224889.0394318053
13873.0,1263732.84484285,244664.60657458,4.0,62487.50341519781
13874.0,1277661.14604111,215397.37512061,3.0,121601.18991002002
13875.0,1273003.17010033,233146.836002782,1.0,0.0
13876.0,1266733.00778992,234946.031524628,1.0,0.0
13877.0,1253821.03100869,212198.441229329,1.0,0.0
13878.0,1253814.4738887,211979.212301105,3.0,104782.97830335466
13880.0,1267786.562415,275437.231758088,3.0,928711.9502899636
13881.0,1275999.92267941,243088.966060966,3.0,25314.26129726049
13882.0,1286463.14387412,195789.537980527,3.0,175083.5203359845
13883.0,1271783.83921909,247214.491889194,4.0,74410.36876132087
13884.0,1260204.27216724,187456.882420003,1.0,0.0
13885.0,1265489.48996465,250292.299060345,4.0,119242.00931762
13886.0,1279192.94578667,269795.660040319,3.0,32315.15390946424
13887.0,1282082.00364563,211547.033420667,4.0,195214.09318364636
13888.0,1285829.24947347,255686.248569861,1.0,0.0
13889.0,1267389.67185459,177657.240937963,3.0,213268.82616072343
13890.0,1281052.96799658,275853.334542513,1.0,0.0
13891.0,1264142.36074726,280673.430547446,1.0,0.0
13892.0,1284303.54873592,170067.352546185,1.0,0.0
13893.0,1284299.4864639,169758.720993876,3.0,59108.60195162357
13895.0,1273109.57573245,211409.924748525,3.0,62190.37782932309
13896.0,1276568.64427999,179752.260012105,4.0,200990.7508802757
13897.0,1272621.14629194,178799.421419129,3.0,381382.0
13898.0,1254874.52988978,249929.453043967,3.0,2783176.0915063224
13899.0,1273595.73323694,259041.161533296,3.0,710439.8863490344
13900.0,1280190.75909969,226087.442971557,3.0,10554.780371887186
13901.0,1278041.6479295,227905.935389414,4.0,197754.47423025
13902.0,1276438.69247186,248787.671154797,1.0,0.0
13903.0,1265609.59863676,256279.279866472,4.0,52566.12732473689
13904.0,1273818.69995718,233525.005859166,4.0,844178.0182944782
13905.0,1278241.48114571,233888.32829155,3.0,17377.367602446902
13906.0,1272023.31774734,214309.440271497,4.0,18881336.66144885
13907.0,1278814.36127429,200261.44998511704,3.0,20028.7032575243
13908.0,1281806.16594936,221487.58011885,3.0,241290.2635814249
13909.0,1281897.92300545,221487.101462841,1.0,0.0
13910.0,1269964.46424122,240004.668713808,4.0,166570.7329555307
13911.0,1272414.43736373,271833.868874401,4.0,3067582.058559356
13912.0,1284151.50444776,253815.693943948,3.0,149620.3142525752
13913.0,1284582.2299522,189042.142389625,1.0,0.0
13914.0,1262262.11255334,172130.889124304,1.0,0.0
13915.0,1266697.73354988,193039.247225717,1.0,0.0
13916.0,1272394.93317172,227568.834013075,4.0,316663.37584797194
13917.0,1279325.03148282,267489.696453959,1.0,0.0
13918.0,1271584.07979488,244834.173870757,4.0,374248.0147206516
13919.0,1278655.26873013,268484.513030976,4.0,365829.0221387817
13920.0,1270779.82123406,190285.706166893,3.0,632576.949424559
13921.0,1267343.44030254,244434.410542339,3.0,69590.04426580152
13922.0,1253197.88688006,208192.251401231,1.0,0.0
13923.0,1262086.09648916,233912.75344356903,3.0,346646.3076878959
13924.0,1264262.59505139,211994.573837131,3.0,468085.61371628026
13925.0,1284627.45196824,196797.31750156,1.0,0.0
13926.0,1284436.03731205,187981.630068541,1.0,0.0
13927.0,1268269.26225549,187800.790516347,3.0,85451.1273678996
13928.0,1264589.52881172,179121.452267468,1.0,0.0
13929.0,1275050.77035843,215451.926160663,3.0,47562.23917880104
13930.0,1274373.32517374,244082.944365978,4.0,848575.7417724517
13931.0,1274628.363702,244077.20420597505,3.0,497004.42258858925
13932.0,1276339.76287176,244702.803054616,3.0,20584.719337433075
13933.0,1258841.94320583,207833.367944866,4.0,4604263.641843098
13934.0,1258813.65488581,207170.179592192,4.0,5302560.242600746
13935.0,1257690.20074067,203248.012292176,4.0,619706.5992278963
13936.0,1254970.74486588,237789.869031534,4.0,85379.73720014165
13937.0,1281751.5672933,191962.906872615,3.0,43244.06522106008
13938.0,1279631.58105113,222893.444760293,3.0,297539.77501039207
13939.0,1273784.33816513,205944.779206932,1.0,0.0
13940.0,1264422.44612356,230227.087583795,4.0,5615671.733697936
13941.0,1274428.40088581,236397.844262108,4.0,181606.1594259608
13942.0,1261691.39191276,258519.521788761,3.0,45281.42368147066
13943.0,1286996.61689867,249530.553587556,1.0,0.0
13944.0,1287023.4734107,249784.638003826,3.0,472125.9463422781
13945.0,1255619.34070654,245132.22379106295,3.0,44164.56425320113
13946.0,1279524.24338701,216630.860817879,1.0,0.0
13947.0,1262272.05610535,193848.035002545,4.0,1073631.2603260567
13948.0,1275950.39685535,204093.57062903,1.0,0.0
13949.0,1259044.92867805,192245.508344904,3.0,718485.44046697
13950.0,1255651.81769857,258470.136380717,1.0,0.0
13951.0,1269588.97515284,247542.993201524,3.0,702147.1858484647
13952.0,1280300.58233181,202626.060739532,4.0,372945.0621749606
13953.0,1257024.45897998,250436.04811649,3.0,55498.10229968112
13954.0,1258654.00394164,187418.667251959,1.0,0.0
13955.0,1280873.47161239,218618.436883911,3.0,25012.186413557443
13956.0,1282039.0621416,251481.095925555,1.0,0.0
13957.0,1261305.14660037,278598.886161327,3.0,2281.6699706333548
13958.0,1286015.49478567,173570.067045778,3.0,512503.9440227796
13959.0,1286930.0244506,173543.338405758,4.0,271171.6908568123
13960.0,1269012.95992026,201006.964609876,1.0,0.0
13961.0,1265511.90391667,251288.717365369,3.0,23969.285161621647
13962.0,1285546.60467318,198344.859647155,3.0,90347.40074295804
13963.0,1263570.79626667,234031.838179693,4.0,268032.9204383049
13964.0,1281945.28742149,201525.265410408,3.0,1143.8996816892184
13965.0,1281943.7362535,201254.242306128,4.0,171609.5639673394
13966.0,1284295.7052799,202847.552771762,1.0,0.0
13967.0,1284782.3814404,252643.03749474895,3.0,42390.0
13968.0,1264226.86909935,171742.779043913,1.0,0.0
13969.0,1255938.86403486,207261.071496278,4.0,65198.305733912406
13970.0,1280861.11078039,193980.294906676,3.0,84777.99999999999
13971.0,1280791.22866832,193677.987770364,1.0,0.0
13972.0,1255886.0619868,234276.190691948,1.0,0.0
13973.0,1255885.5767388,234542.040868208,4.0,5692848.403776067
13974.0,1281229.56050876,224407.662873834,1.0,0.0
13975.0,1271634.44747494,262553.579648897,1.0,0.0
13976.0,1281823.88146937,226037.946651503,4.0,306660.2974082644
13977.0,1281531.27212507,214980.302480176,3.0,40751.93370510354
13978.0,1281483.26239702,214306.101071492,3.0,93933.07148534156
13979.0,1284104.54655971,189695.200758293,1.0,0.0
13980.0,1283303.24204689,267955.486854434,1.0,0.0
13981.0,1282368.76358193,268365.665478855,3.0,52162.36337522154
13982.0,1268313.63748753,260570.655806869,3.0,956482.674528964
13983.0,1271126.88645042,270726.537737265,1.0,0.0
13984.0,1268245.31908746,242243.599596098,4.0,354067.93924383115
13985.0,1264145.95882727,204404.445957348,3.0,790401.2034229175
13986.0,1278423.79999389,249324.674035355,1.0,0.0
13987.0,1282821.44838239,252526.22738263,4.0,384612.3095663863
13988.0,1268545.24433577,193207.447033882,3.0,4408970.473592456
13989.0,1255334.81469025,236412.95088613,3.0,9084.974937927298
13990.0,1258706.2433017,195482.099644214,1.0,0.0
13991.0,1260775.42128782,212207.082253337,3.0,203001.22951935284
13992.0,1264307.45060344,211035.421580151,1.0,0.0
13993.0,1279336.43404283,215405.916752622,3.0,30903.96073348092
13994.0,1257750.31088471,191594.31807223,3.0,5649.927457366212
13995.0,1257764.66781273,191251.684855878,4.0,902526.5275904222
13996.0,1289363.75584508,183729.542128175,1.0,0.0
13997.0,1254926.05763383,256472.062650666,3.0,495981.7107653376
13998.0,1271295.1026426,200354.635201201,1.0,0.0
13999.0,1272772.0698761,211093.846284211,4.0,97599.68157695672
14001.0,1254641.98896153,237796.282407552,3.0,17638.196722172317
14002.0,1273868.24453323,244094.314093992,4.0,2153491.031690475
14003.0,1257888.65475686,209170.492874235,4.0,4543500.480042489
14004.0,1281130.93241265,209910.437898993,3.0,81554.70489979706
14005.0,1265990.78878115,228520.579166055,4.0,85327.77223424138
14006.0,1264719.46391585,250306.113332361,4.0,121497.4239861894
14007.0,1284351.42495996,244561.494574472,3.0,1060752.1705764872
14008.0,1294461.90049031,184715.599537194,1.0,0.0
14009.0,1260972.86807202,249318.544435352,4.0,141607.42393577233
14010.0,1276282.69535169,257635.688251868,4.0,3025204.6515414026
14011.0,1282680.86470225,223926.22191333803,3.0,1005152.8262069992
14012.0,1273334.38859668,220581.97070992,1.0,0.0
14013.0,1262766.63940185,284995.043351874,1.0,0.0
14014.0,1269278.84984052,173599.650277808,3.0,120665.97314734028
14015.0,1268622.21924785,173603.367845818,4.0,49391.33602032031
14016.0,1272679.27902801,277317.160080016,3.0,84778.0
14017.0,1266337.25335751,261544.873663872,4.0,459135.4331791128
14018.0,1256549.70563549,198271.292223066,4.0,136843.97455975774
14019.0,1274953.05464633,262434.278080776,3.0,304508.362124589
14020.0,1275394.31461479,262423.110464767,1.0,0.0
14021.0,1260274.09155931,246905.228080869,4.0,433783.8060398013
14022.0,1257879.59306085,198470.343359277,4.0,238041.5690543037
14023.0,1259358.99530236,192576.816441238,4.0,4171028.4210617095
14024.0,1265747.81847692,239664.81412145504,3.0,393857.9557376842
14025.0,1270828.34014611,271396.75424996,3.0,148368.1795861522
14026.0,1268512.20209575,228839.150366381,4.0,126480.55108764708
14027.0,1271867.28721918,197099.41631788,1.0,0.0
14029.0,1268221.12913544,233966.855651632,1.0,0.0
14030.0,1274160.24261352,214712.277711913,1.0,0.0
14031.0,1268075.05559929,245178.290287107,1.0,0.0
14032.0,1262760.99997786,238205.323879972,1.0,0.0
14033.0,1282052.4755176,222881.252824277,1.0,0.0
14034.0,1273975.43557334,194633.374011353,1.0,0.0
14035.0,1276936.80396037,263255.786625624,4.0,73366.55291305542
14036.0,1287713.92909141,204082.573893026,3.0,243457.2139292818
14037.0,1287513.0285472,203900.92928484097,3.0,66279.60348424074
14038.0,1257286.37475625,238166.39351192105,3.0,668165.6519767019
14039.0,1286071.75225772,247297.149233282,1.0,0.0
14040.0,1277782.27013724,227043.597852543,4.0,723915.7069895597
14041.0,1253702.53251258,216622.861201867,5.0,179371.051443816
14042.0,1250066.99062085,247884.516465873,1.0,0.0
14043.0,1280404.56377192,284335.5869672,4.0,874329.4350520073
14044.0,1266299.60350147,277968.69940868,3.0,48474.2725921739
14045.0,1266795.15793398,277892.309520602,1.0,0.0
14046.0,1273553.6817809,189692.040374294,3.0,7193.887274938708
14048.0,1263290.02154639,171132.426211283,3.0,109331.33251518304
14049.0,1263100.9625382,171142.509859294,1.0,0.0
14050.0,1266530.77489372,195717.333436459,4.0,682859.8161783712
14051.0,1262745.92458583,246850.812528819,4.0,468259.1377638148
14052.0,1278730.5920582,212656.867469802,1.0,0.0
14053.0,1268062.47166328,175228.291751474,4.0,10229864.400616644
14054.0,1284951.46508858,283863.394646719,1.0,0.0
14055.0,1289977.38451771,190247.554678857,4.0,70918.02338459974
14056.0,1269704.54449695,267432.545285895,3.0,10093241.540552163
14057.0,1269709.85220897,267780.631878257,3.0,3041380.4591456177
14058.0,1282250.55942181,277305.269648001,1.0,0.0
14059.0,1258785.84618178,286943.896409869,4.0,35178.38503353672
14060.0,1269997.37131326,223104.222872496,3.0,41676.92247779699
14061.0,1269889.86795315,226373.271131843,4.0,1142064.225803419
14062.0,1254901.0675538,251234.862133309,3.0,2532.755364014836
14063.0,1273166.0575885,214935.808144137,3.0,42813.00000000001
14064.0,1273311.99691665,214932.235280141,1.0,0.0
14065.0,1283551.15494314,269853.403976366,1.0,0.0
14066.0,1285045.57484867,257173.548091382,3.0,31073.627155550468
14067.0,1260889.28426394,245349.222383276,4.0,52410.07655513835
14068.0,1272930.27166827,203265.831428185,4.0,24700073.2036904
14069.0,1265062.97239621,284775.492567658,3.0,46830.71116934191
14070.0,1266234.82340541,281430.050452232,3.0,2664490.082367876
14071.0,1269101.56081635,277410.389840111,3.0,251284.8256818157
14072.0,1292192.40371999,183142.030831575,1.0,0.0
14073.0,1276385.67154381,271883.82055445,3.0,531306.3392129014
14074.0,1266768.87415795,270280.47796081,3.0,169542.0
14075.0,1255071.42646597,257948.239484176,1.0,0.0
14076.0,1277181.28940062,237563.451815307,3.0,10089.13173471285
14077.0,1275549.23979895,220840.53352618203,3.0,217957.4923776412
14078.0,1285328.83244896,179489.100779846,3.0,2953511.8288913285
14079.0,1255297.5976022,215919.906897143,3.0,43297.27957024192
14080.0,1286800.39545846,194598.963963315,3.0,516458.6380707116
14081.0,1270016.99403328,271411.740105972,3.0,76673.82078548217
14082.0,1258415.3505654,193915.095226616,4.0,228507.81436722935
14083.0,1284142.58713575,188238.878260806,3.0,11444723.15007737
14084.0,1272655.43429199,227565.957405075,4.0,290437.9082371749
14085.0,1251941.50159878,241242.316843078,4.0,183913.34093501908
14086.0,1278913.0998984,220323.554581657,1.0,0.0
14087.0,1275113.7078945,213289.310094446,4.0,1097689.2089567462
14088.0,1282304.59180586,228664.583838195,3.0,238372.8966238568
14089.0,1290296.48135005,189871.133494467,1.0,0.0
14090.0,1255488.7546584,192857.517305523,3.0,171646.27717565448
14091.0,1257356.15222831,237083.122726813,3.0,778303.0911742642
14092.0,1267669.37860687,243586.028013483,3.0,99269.95963362497
14093.0,1269272.28024052,257506.419835731,1.0,0.0
14094.0,1259352.13770236,203168.812292084,4.0,14269349.648939865
14095.0,1272141.88773146,248804.475954816,4.0,133672.88177802926
14096.0,1254495.73404938,238541.771048307,1.0,0.0
14097.0,1267250.10782245,266821.553733274,3.0,69063.14739890085
14098.0,1254487.91644938,244652.742126569,3.0,1172073.425604283
14099.0,1272417.12702774,195600.589564338,4.0,1144379.0993662584
14100.0,1265140.82890829,269025.901383519,3.0,294757.71698459185
14101.0,1261949.79984902,283609.464726463,1.0,0.0
14102.0,1261874.24784894,283744.152150601,3.0,84778.0
14103.0,1287680.36614737,184716.390833199,1.0,0.0
14104.0,1280475.578044,217889.261523157,1.0,0.0
14105.0,1270514.46283379,224686.480858117,4.0,126095.24544484858
14106.0,1266311.98372549,233739.844963387,1.0,0.0
14107.0,1269781.31864104,173345.461477548,1.0,0.0
14108.0,1279293.06700277,180354.403180733,1.0,0.0
14109.0,1279293.06565878,180058.40868441798,3.0,507571.5484069276
14110.0,1271148.25061044,210657.111307755,3.0,838474.9741381649
14111.0,1287141.88857882,286235.113689154,3.0,353157.41501974605
14112.0,1283947.50188754,170989.705699131,3.0,113200.6031739256
14113.0,1274406.17125377,279243.509521991,4.0,4665058.158938076
14114.0,1260576.01322362,233607.95747526,1.0,0.0
14115.0,1271106.65489839,280693.857043475,3.0,216661.8375945927
14116.0,1285485.11200112,283324.80981417,1.0,0.0
14117.0,1280082.12249158,205711.880710691,3.0,84777.99999999999
14118.0,1282360.94111793,206149.098311141,3.0,403793.9839029842
14119.0,1254917.14787382,203027.53830795,4.0,164267.7766456048
14120.0,1261585.75069664,245334.216495261,4.0,619691.1541631853
14121.0,1266271.03722945,255997.169530183,3.0,95578.8521740775
14122.0,1271466.93829076,179145.456107482,3.0,156263.20789272911
14123.0,1274509.75045387,250057.2316681,3.0,34106.134685294244
14124.0,1255913.19081883,236246.41904595503,3.0,37669.41963890139
14125.0,1284074.65779167,243516.691245407,3.0,1506142.1102046953
14126.0,1255307.02377822,216470.987153709,1.0,0.0
14127.0,1264372.76874751,281618.332564414,1.0,0.0
14128.0,1252085.72342291,209342.994506404,3.0,1249829.8077860414
14129.0,1264392.12567551,280630.32603541,1.0,0.0
14130.0,1274902.39928629,278251.396368966,1.0,0.0
14131.0,1275057.17259844,278244.778640971,3.0,90994.92463596976
14132.0,1277621.94399306,201747.34925063,3.0,334558.5274199556
14133.0,1271986.7328513,243115.401005,1.0,0.0
14134.0,1279361.73516285,230536.112864107,3.0,72216.75437687321
14135.0,1259470.16701448,207153.79117617,3.0,16530241.617896184
14136.0,1272297.36216362,178807.721899137,1.0,0.0
14137.0,1270621.5282419,175892.73789615897,3.0,407597.5251273998
14138.0,1270621.4494579,175235.648999482,1.0,0.0
14139.0,1285527.34585716,186220.474162728,3.0,34612.35091372784
14140.0,1259565.23306258,213768.373454943,1.0,0.0
14141.0,1271743.49253105,225769.663387224,4.0,934121.2643853473
14142.0,1264403.56657153,264906.236419305,4.0,973783.7932081324
14143.0,1280618.45638014,203617.109956548,1.0,0.0
14144.0,1283164.89977475,180384.173484758,3.0,84777.99999999999
14145.0,1276472.05855189,284428.855831295,4.0,2149780.8987388825
14146.0,1289456.65690118,184236.662192702,1.0,0.0
14147.0,1251667.94998249,212724.024781868,4.0,1270465.9162911477
14148.0,1280712.54841223,273703.739468321,3.0,685237.3689477136
14149.0,1272910.87634024,235834.461221531,3.0,592884.225756721
14151.0,1259889.22224692,213951.584335133,3.0,1194721.4665143392
14152.0,1265998.47447717,260890.849087194,3.0,393556.8244610871
14153.0,1265007.21265215,247788.551793784,3.0,91406.29885018432
14154.0,1252337.07100718,240569.62397839097,3.0,30634.10056329544
14155.0,1273741.0774291,277275.013519973,3.0,83250.54209818036
14156.0,1285871.02496152,242548.357548416,1.0,0.0
14157.0,1263754.95108287,286141.730649054,3.0,127905.4240248802
14158.0,1282337.2584299,272302.391882882,3.0,81539.93519911793
14159.0,1282433.51314999,272134.518538713,1.0,0.0
14160.0,1254864.88259377,249109.910707131,4.0,1083161.0985839693
14161.0,1268938.63755217,230539.386784121,4.0,278051.7394429175
14162.0,1272215.40165153,254118.233016267,4.0,193983.57914276049
14163.0,1272219.28293154,254442.457144588,1.0,0.0
14164.0,1273755.17483711,258485.126204729,4.0,127164.0
14165.0,1284444.67283206,251170.296309248,3.0,19960.732529384943
14166.0,1263000.5812261,257660.558971882,4.0,88569.63283493761
14167.0,1267242.98020644,266158.350660592,4.0,1732284.9287611963
14168.0,1278974.94066645,266823.310341269,3.0,50560.0073423449
14169.0,1266660.24215785,260874.856319174,3.0,80083.00915205521
14170.0,1280856.22623637,218198.338963479,3.0,4498.013444877419
14171.0,1262287.20957737,265124.198531523,1.0,0.0
14172.0,1284390.611904,282405.011413231,1.0,0.0
14173.0,1271857.25150716,173331.076709539,4.0,207555.33698310883
14174.0,1271844.91685115,173302.329381511,1.0,0.0
14175.0,1277689.32837714,279433.884498179,1.0,0.0
14176.0,1284871.45184049,169109.634977207,3.0,257362.97025231775
14177.0,1290787.32384655,166851.069982901,1.0,0.0
14178.0,1258087.10742906,192267.364280924,1.0,0.0
14179.0,1283590.98815918,252510.47474262104,3.0,42349.81073364913
14180.0,1256311.16739525,195978.76300472,4.0,211924.0
14181.0,1255283.0411862,237201.488678932,4.0,98298.88940938385
14182.0,1283882.21465547,193396.35609008404,3.0,14626.186083992252
14183.0,1284392.60569601,192673.735161334,4.0,42949.10940480777
14184.0,1285921.80211356,244527.367342442,3.0,146768.3866868493
14185.0,1278071.21477753,204780.075461745,1.0,0.0
14186.0,1278100.17010556,204437.173253387,3.0,308701.81132560427
14187.0,1272648.30072397,215057.445328265,3.0,306082.6336456201
14188.0,1280658.93599617,220307.681237638,4.0,28074.109318932973
14189.0,1259758.76253478,189839.001334444,3.0,93218.02119243042
14190.0,1280358.68428387,212172.254285306,3.0,102808.4830440707
14191.0,1272902.05483623,256238.683834434,1.0,0.0
14192.0,1254945.00707385,253088.122871205,4.0,935681.9928119434
14193.0,1258115.45974909,214803.765712008,4.0,1926800.6802431103
14194.0,1281910.66380545,197600.676094383,1.0,0.0
14196.0,1270520.0405618,171318.959331468,1.0,0.0
14198.0,1283167.71014275,200252.428033099,1.0,0.0
14199.0,1260277.15715931,245894.88363184,4.0,72459.9089426843
14200.0,1281253.55161279,230033.3750076,1.0,0.0
14201.0,1281212.56902075,219444.86734876,4.0,4611837.650972198
14202.0,1273822.80856518,247429.452785417,1.0,0.0
14203.0,1276293.59269571,231267.30236886404,3.0,90837.15609624478
14204.0,1267777.41380699,244914.698286831,3.0,29663.835071293932
14205.0,1270739.67205001,231928.582177535,4.0,341256.57111609186
14206.0,1272276.6591236,259412.171901688,4.0,17861268.734474536
14207.0,1271689.87224299,228389.042333916,1.0,0.0
14208.0,1274793.68952617,247693.422385678,4.0,26490.04602945356
14209.0,1275059.46360645,247708.222257704,4.0,378534.5175659328
14210.0,1271165.53009845,210744.884427845,3.0,939242.2844366052
14211.0,1267743.29022296,227361.435804859,4.0,242237.22896767137
14213.0,1272072.79403539,227574.944605082,4.0,378081.7757722118
14214.0,1265042.88254018,263171.659777537,3.0,18608.14747600146
14215.0,1254509.12508941,207272.507848293,4.0,318733.8732737089
14216.0,1276341.22053576,282453.423765272,3.0,209655.5499035677
14217.0,1270837.96382612,249343.863667369,3.0,54445.58303957648
14218.0,1268266.59070349,188460.982773021,4.0,1225807.1809619763
14219.0,1267572.41489477,188458.18552503,3.0,918594.51223709
14220.0,1278787.22252226,287058.493273988,3.0,3975123.757676439
14221.0,1285564.2142092,176223.108968496,3.0,252460.35581177037
14222.0,1277380.75583282,259590.056701869,1.0,0.0
14223.0,1279223.1652427,237511.929959252,3.0,16756982.978761625
14224.0,1285938.16428958,185534.593266025,1.0,0.0
14225.0,1256265.45520321,207534.881672561,1.0,0.0
14226.0,1273067.12504441,195585.101052329,4.0,624765.8352099719
14227.0,1264684.84817182,282801.590997636,4.0,8549000.804883745
14229.0,1280267.81535578,237131.29847087,3.0,15429060.27392718
14231.0,1273345.2219407,231574.150177181,3.0,24988.3604490202
14232.0,1262088.88292116,233122.686114758,4.0,513021.6791975448
14233.0,1270564.23832184,227762.233885273,4.0,321528.60994779505
14234.0,1275316.89547871,267654.903110117,1.0,0.0
14235.0,1276700.40876013,234134.745123804,4.0,751193.863868921
14236.0,1276711.59410414,234719.406372398,1.0,0.0
14237.0,1285382.42092901,259076.109629333,4.0,256510.96607554925
14238.0,1272449.07608376,284430.392855301,4.0,51639.51560566469
14239.0,1272343.78757167,180446.414828822,3.0,548682.169199809
14240.0,1273618.75909297,235184.212516874,4.0,1675450.720095497
14241.0,1262562.77629764,167735.401183799,1.0,0.0
14242.0,1283188.52870277,277581.354384288,1.0,0.0
14243.0,1283855.13235146,277598.855376303,3.0,93816.09423418678
14244.0,1273739.7598611,274463.58996509,3.0,96855.41407598424
14245.0,1270144.42155342,270066.787720591,3.0,149288.61237771105
14246.0,1279509.12530699,198129.208830923,1.0,0.0
14247.0,1270830.82769811,249063.953459084,3.0,21360.44205590681
14248.0,1265813.96599698,179540.638443887,3.0,987544.5341663132
14249.0,1273522.66251688,252334.723126441,3.0,135611.81063517614
14250.0,1266520.9366857,278607.249041334,3.0,63774.30916821053
14251.0,1277107.78232855,175794.14756006,4.0,1012799.673300653
14252.0,1281672.79615721,173058.414821252,3.0,372258.9763318533
14253.0,1281678.94182122,172900.6707571,3.0,154294.3802028492
14254.0,1279369.35557885,270725.47834526,1.0,0.0
14255.0,1286793.69894646,252139.458742231,3.0,5172.137175779196
14256.0,1254056.81987293,240537.01380235,4.0,139919.65154188836
14257.0,1262729.77271383,246107.215280056,4.0,637749.9095080603
14258.0,1275210.18539859,244733.13630265,4.0,232364.7039292986
14259.0,1268883.17278412,242798.558508664,4.0,325417.9428123051
14260.0,1277986.74085744,269171.393863678,4.0,172160.34252939507
14261.0,1265634.00375679,243239.746285126,1.0,0.0
14262.0,1265823.34622099,243234.945389122,3.0,84778.0
14263.0,1289184.70010091,190496.82776711896,3.0,37566.16466052882
14264.0,1267531.56228673,229296.014302835,3.0,207833.5024020973
14265.0,1273230.13195658,221503.144726858,1.0,0.0
14266.0,1264737.79165988,285891.205912799,3.0,226727.66848606276
14267.0,1264409.42679554,285900.692440808,1.0,0.0
14268.0,1276936.31615236,230391.565919966,3.0,288113.69135155977
14269.0,1258043.90442102,217885.674259156,4.0,209066.5166486962
14270.0,1260793.74410383,214197.629135385,3.0,272678.60377154814
14271.0,1260484.88279152,214431.944975615,1.0,0.0
14273.0,1284310.22655992,249850.919411898,3.0,49534.76523759458
14274.0,1267162.66014236,284338.341207206,3.0,75292.16430357557
14275.0,1267421.12222262,284329.52891919,1.0,0.0
14276.0,1274148.77381352,287202.670170143,3.0,12823881.803598829
14277.0,1281183.23410872,278124.222096846,3.0,218928.07007167625
14278.0,1281193.99263673,279637.247954398,4.0,937608.9589317698
14280.0,1273961.63902932,286210.159001127,3.0,121538.33173283108
14281.0,1276883.81720832,255294.725753471,3.0,16259.810534340915
14283.0,1266425.4821576,267503.267269969,3.0,953719.5559515434
14284.0,1257517.06589249,249128.049139157,4.0,702414.4677773049
14285.0,1256336.49545927,256059.452602252,3.0,223357.64304405416
14286.0,1277659.05420111,236019.308901727,4.0,172706.3999624473
14287.0,1251882.66345471,212119.959117249,1.0,0.0
14288.0,1263774.04945089,230097.552415669,3.0,19078.62765278234
14289.0,1270632.3933939,257469.921851695,4.0,611784.0863443933
14290.0,1283656.96147124,198249.988159046,1.0,0.0
14291.0,1255148.36694606,206149.74599114095,3.0,206062.91223948213
14292.0,1269508.43659276,259485.80166176,3.0,77055.08750026536
14293.0,1257369.23683633,241751.841067597,3.0,47696.141446586655
14294.0,1263147.23114625,264397.55430679,1.0,0.0
14295.0,1257615.69136459,236741.534822464,3.0,645422.217963531
14296.0,1268027.41233525,176571.215528846,4.0,2852826.4785333117
14297.0,1257040.38346,236489.064550206,4.0,108956.83721748723
14298.0,1261309.87293637,188617.161269188,1.0,0.0
14299.0,1265774.06807694,228282.351005808,4.0,76912.5324071179
14300.0,1253498.82627237,207666.216712698,1.0,0.0
14301.0,1253151.782304,207653.976904675,3.0,495691.6188539386
14302.0,1255979.08541091,238514.608744279,3.0,168121.49724974
14303.0,1262609.56330569,239964.028713763,1.0,0.0
14304.0,1274325.11397369,232172.928481787,4.0,260187.93356794424
14305.0,1257783.74845275,242963.68087683604,3.0,303753.3192354794
14306.0,1292511.51034431,189077.15083766,3.0,2183.2815481149128
14307.0,1271823.78827514,178646.710058972,1.0,0.0
14308.0,1272194.85969952,187062.384499595,4.0,1969131.0823718936
14309.0,1257675.17386064,200611.70188947,1.0,0.0
14310.0,1271124.03441842,227448.67286095,1.0,0.0
14311.0,1287054.39232273,203800.727044731,3.0,261930.34734916556
14312.0,1265290.89847644,171353.226019502,4.0,1196020.9028016927
14313.0,1284954.83091258,173916.90915814,3.0,1118638.3505667252
14314.0,1272111.87499543,228906.48886244,3.0,40893.74421970751
14315.0,1273288.15973262,266007.533380434,1.0,0.0
14316.0,1263380.44791448,284183.713559046,3.0,70009.73672707216
14317.0,1265003.50039615,247638.354289621,3.0,62861.17441926443
14318.0,1268651.62731189,212178.01998131,4.0,144755.97210217782
14319.0,1274388.56696576,244756.881646678,3.0,272336.6269900871
14320.0,1275443.15864684,212141.169037282,1.0,0.0
14321.0,1261957.03440903,232468.811426088,1.0,0.0
14322.0,1261867.26032893,232399.499554023,3.0,362823.3304103844
14323.0,1261721.51389679,191819.02066446803,3.0,210095.2676838528
14324.0,1273413.91403677,271485.569354042,3.0,23171595.012171563
14325.0,1273742.91960509,271730.64301829,4.0,506132.9467142406
14327.0,1274585.83691797,242927.3043008,3.0,11405.77231556243
14328.0,1270052.34564932,202414.883331314,1.0,0.0
14329.0,1276785.34200822,219769.747925088,3.0,160456.63707338157
14330.0,1276794.50015222,219752.608213067,1.0,0.0
14331.0,1275510.57554291,287160.330970094,4.0,12403724.491937056
14332.0,1267821.32420704,197693.695934474,3.0,296658.0
14333.0,1294411.48129027,183369.301359817,3.0,44178.77196885471
14334.0,1294405.92551425,183217.912559658,3.0,68385.71394227276
14335.0,1269976.26212923,202607.716931507,3.0,5012291.411755909
14336.0,1270475.28964975,202357.04454726,6.0,27151825.671140928
14337.0,1280312.86777182,219542.17979686,3.0,1457.684067742293
14338.0,1281073.8993886,286241.947993159,1.0,0.0
14339.0,1271787.87563509,284645.763479516,3.0,458860.2461734006
14340.0,1276145.91679156,188950.348277524,3.0,5244.92199244652
14341.0,1276054.55083947,273877.786060497,3.0,180638.72055448467
14342.0,1264344.53489147,282395.763413221,1.0,0.0
14343.0,1271395.11851469,271382.46784994,3.0,339638.2928990922
14344.0,1271955.15710726,254127.73036027,3.0,73370.58862034744
14345.0,1283199.91775878,278782.163345516,3.0,148994.48159431943
14346.0,1272410.96721973,177045.959657341,1.0,0.0
14347.0,1280492.17055601,208713.848137766,3.0,107027.03630236966
14348.0,1280556.81836407,208711.444553763,3.0,118672.78044640509
14349.0,1278722.6586822,216650.244625896,3.0,84778.0
14350.0,1278940.50303441,216645.692497894,3.0,132212.9980213013
14351.0,1266938.99492612,172006.586212173,3.0,27940.84726920504
14352.0,1279177.72665066,225217.05724266203,3.0,50602.59470036267
14353.0,1255595.86211452,244067.940141976,3.0,6677.098294941659
14354.0,1281901.78911746,198402.576767206,1.0,0.0
14355.0,1273769.73029312,229241.186334789,3.0,1275266.0577526116
14356.0,1259453.05744646,286093.234393001,3.0,1572254.1173265856
14357.0,1277751.60287321,283504.017750353,3.0,453204.846637822
14358.0,1273776.91038913,284553.759127423,4.0,2895867.529766311
14359.0,1270878.53163417,273531.775564134,1.0,0.0
14360.0,1271088.03320238,273529.425804138,3.0,136075.3522830716
14361.0,1269172.79390442,168655.739616752,3.0,712052.8975258695
14362.0,1280867.65932439,266444.441348881,3.0,218613.878889792
14363.0,1281315.61510085,226959.964828447,4.0,33753.45060882371
14364.0,1254958.32073785,237207.698598951,4.0,87068.13870170104
14365.0,1272991.52843633,279780.473682538,1.0,0.0
14366.0,1286170.28224182,283504.649302348,3.0,694782.6391211374
14367.0,1290534.12947829,181389.83422178,3.0,322620.790586604
14368.0,1259035.55075803,283203.165014043,1.0,0.0
14369.0,1261591.30973665,245600.136879534,4.0,408567.5286497056
14370.0,1270902.70481819,202514.900227413,4.0,26276804.070306186
14371.0,1254526.49609742,245592.070959523,1.0,0.0
14372.0,1286642.9476503,200190.169985041,1.0,0.0
14373.0,1270932.80875422,257461.955643684,3.0,391416.2541049476
14374.0,1278053.9041215,272483.633995071,3.0,1108802.482700072
14375.0,1272217.40657954,189028.485941604,3.0,304375.806093527
14376.0,1271056.75768234,175890.064040154,3.0,107081.1350464476
14377.0,1276386.98911181,275632.532494292,3.0,24201.09330055585
14378.0,1284544.26451215,174273.623014495,1.0,0.0
14379.0,1283338.46508692,170393.10813053,1.0,0.0
14380.0,1272775.75749211,247721.526321709,4.0,33281.877111089365
14381.0,1265790.18423696,242906.969388783,1.0,0.0
14382.0,1258051.36112502,286004.685656905,3.0,35946.75302913613
14383.0,1264917.77982005,280262.121683031,1.0,0.0
14384.0,1265559.05444472,189941.496246547,1.0,0.0
14385.0,1262989.69277808,172992.945125192,1.0,0.0
14386.0,1282067.65036562,223252.87810465705,3.0,84072.92906202863
14388.0,1261561.66775262,279744.117138505,3.0,22686.90407040985
14389.0,1264778.33450791,281905.097748712,1.0,0.0
14390.0,1281502.56620504,255163.330361336,4.0,315020.2165973752
14391.0,1270937.08369823,190020.736246631,3.0,169542.0
14392.0,1268652.66603188,280068.45537883,3.0,80751.58755511208
14393.0,1269111.80030435,280061.540754825,4.0,63225.64714933433
14394.0,1265180.84420432,176583.04919286104,3.0,723981.5648867361
14395.0,1269616.03812887,187982.973876536,3.0,19982.36106006712
14396.0,1270426.5528817,181787.6955982,3.0,7988699.665875363
14397.0,1257102.17533205,285722.53269662,3.0,15049.818062204931
14398.0,1260900.66576795,199138.391231954,4.0,80402.30497102457
14399.0,1264798.08119594,169046.664353147,1.0,0.0
14400.0,1264953.34007609,278744.458385482,1.0,0.0
14401.0,1282766.12563033,274276.398412898,3.0,185832.5461514788
14402.0,1275063.19583045,271265.940873817,3.0,10865514.016140891
14403.0,1275063.66335045,271601.368970156,1.0,0.0
14404.0,1271308.6042746,216604.328721851,4.0,91861.26714298256
14405.0,1271615.48261091,216598.24904184,1.0,0.0
14406.0,1287147.84985882,204045.304964989,1.0,0.0
14407.0,1275540.21163894,284873.866071761,1.0,0.0
14408.0,1283035.03295861,182949.203759387,3.0,316872.4068622092
14409.0,1280627.33561215,205959.757190943,3.0,458052.052143494
14410.0,1277113.83020055,202810.753923714,3.0,2839334.6335610338
14411.0,1253321.94998418,249889.476083934,1.0,0.0
14412.0,1290219.99200597,190453.13957506404,3.0,365702.85960470414
14413.0,1264164.95876329,242344.629292205,4.0,11825.409034089624
14414.0,1254040.36291292,207963.199368998,1.0,0.0
14415.0,1250247.72514904,241775.752811626,3.0,347139.5246988916
14416.0,1280270.61029978,258313.419836551,1.0,0.0
14417.0,1266695.08394988,175920.10660018,4.0,169441.4212154506
14418.0,1285669.11916931,176220.929512501,3.0,209673.74094431155
14419.0,1257417.04413238,241751.009387597,3.0,15700.189139734874
14420.0,1281435.23199697,232820.995106459,1.0,0.0
14421.0,1295802.73082769,185390.132977888,3.0,199993.7947846292
14422.0,1296271.84404416,185377.561457872,4.0,455411.8117057784
14423.0,1268773.257008,180824.801517203,3.0,78184.9724200882
14424.0,1261362.83876042,188398.024564967,1.0,0.0
14425.0,1271123.35301042,284497.252311364,3.0,6723.23970891271
14426.0,1279918.59167542,218817.596948117,1.0,0.0
14427.0,1263811.36042693,260955.658303261,1.0,0.0
14428.0,1269760.78584102,246207.240304157,3.0,124591.58516920645
14429.0,1266094.34046127,280807.172115594,1.0,0.0
14430.0,1266256.00810944,280778.875603557,4.0,175730.70853456078
14431.0,1274579.78309396,261000.83308731,1.0,0.0
14432.0,1269796.21425706,204415.498117357,3.0,970181.6193792678
14433.0,1258863.76797386,168940.877473041,3.0,151787.7044542911
14434.0,1266258.18590143,186460.787634984,3.0,232346.97854504295
14435.0,1257284.52637224,238105.629543871,3.0,952606.2568987856
14436.0,1263383.17098649,284357.387095228,3.0,144941.9572148692
14437.0,1262883.02896997,284371.194519237,1.0,0.0
14438.0,1276155.58047156,248526.172018528,4.0,171229.6472252911
14439.0,1292336.10586414,180717.616045102,1.0,0.0
14440.0,1292329.75975212,180337.800556704,3.0,44761.11091617712
14441.0,1258061.22064504,240389.621034205,4.0,659404.7836800695
14442.0,1285454.52416109,193508.582906201,3.0,43243.60928452885
14443.0,1285684.49152133,193497.26501818,1.0,0.0
14444.0,1285869.48198551,196466.217789218,4.0,97898.51427891717
14445.0,1282912.09843048,284077.935574934,1.0,0.0
14446.0,1279975.92421947,285485.725080386,1.0,0.0
14447.0,1280409.01881193,285474.654872373,3.0,170160.37777777785
14449.0,1267536.04523075,236169.32701388,3.0,45977.88020239561
14450.0,1279044.13081053,214101.85735929,3.0,135961.5667816326
14451.0,1282767.58265434,282744.158037573,1.0,0.0
14452.0,1281065.54604459,284319.81269519,3.0,132807.87924680187
14453.0,1276627.37381604,181722.94475013,4.0,438945.0371827504
14454.0,1259047.09175004,260562.473726854,3.0,1124833.3278557293
14455.0,1250496.1823013,212771.00174191603,3.0,2360674.727218933
14456.0,1278060.16101752,280651.860435426,1.0,0.0
14457.0,1278283.84063375,280923.736147702,3.0,159314.66941203328
14458.0,1271327.84145862,178659.407210991,1.0,0.0
14459.0,1269316.92683256,281049.520019844,1.0,0.0
14460.0,1278125.67365758,230116.940511689,4.0,62193.26941284663
14461.0,1269536.2360808,224107.373081535,3.0,53474.81363379185
14462.0,1284362.24121597,241204.725739032,4.0,254500.2685296429
14463.0,1278915.07493839,200253.039553106,4.0,239433.3274443537
14464.0,1269192.92446443,247463.846705452,3.0,1136658.488453671
14465.0,1269432.95908868,247455.955313444,1.0,0.0
14466.0,1282327.79058988,277552.608400255,1.0,0.0
14468.0,1280411.19436392,286047.482520953,3.0,42854.833333333336
14469.0,1280767.67954829,286049.316824958,1.0,0.0
14470.0,1285437.26137707,286668.516377598,1.0,0.0
14471.0,1258778.78384577,187695.969524249,1.0,0.0
14472.0,1258383.09827738,240384.32938619,4.0,519035.885585786
14473.0,1271402.1100027,274041.997964665,3.0,335270.0947863921
14474.0,1271384.26686668,274361.972428992,1.0,0.0
14475.0,1272448.11941177,178250.764010578,1.0,0.0
14476.0,1263372.86295448,176300.908008575,1.0,0.0
14477.0,1263599.65380271,175837.502120107,4.0,223775.9468159689
14479.0,1279702.40965919,211679.204748809,1.0,0.0
14480.0,1280217.74066773,211718.96346885,4.0,1345607.321030866
14481.0,1255619.48509054,190699.38840732,3.0,78870.08566643747
14482.0,1271360.05989066,186618.778483137,3.0,6678445.04889555
14483.0,1271336.72069064,185772.287026271,4.0,3098149.6455162195
14484.0,1263892.47773901,238996.007720768,3.0,599990.9820682027
14485.0,1278744.76594622,213216.016910374,3.0,140494.64772387352
14486.0,1278731.1852102,212833.437965989,3.0,84778.0
14487.0,1271091.61617838,194956.161723673,3.0,337144.4085568666
14488.0,1259032.46608603,168279.827936366,1.0,0.0
14489.0,1275396.15480679,273901.242700517,3.0,558913.0264301935
14490.0,1266487.75562967,193045.794489726,3.0,90971.23743543377
14491.0,1265178.23959632,244289.587630197,4.0,86169.11060513473
14492.0,1276269.70002368,285786.721880689,1.0,0.0
14493.0,1276458.21439187,285779.933784679,3.0,2189247.037891072
14494.0,1278379.08357784,279376.617554128,3.0,208314.91389443987
14495.0,1278517.34444198,279770.501906529,1.0,0.0
14496.0,1279786.85177128,178679.974763006,1.0,0.0
14497.0,1281448.15846099,284309.919383183,3.0,60615.28625806909
14498.0,1281349.99826889,284539.858519405,1.0,0.0
14499.0,1278887.61177036,233344.083938986,1.0,0.0
14500.0,1257109.61264406,286038.889688954,3.0,1175.056593114488
14501.0,1260778.00983182,286450.879321367,3.0,328821.70969428465
14502.0,1264028.11229914,176050.68247231803,3.0,125820.51495660008
14504.0,1273714.49643707,244095.298669994,1.0,0.0
14505.0,1278469.35109794,235834.602277532,3.0,13938.448340307748
14506.0,1277230.93592867,284299.426583171,3.0,534672.0075246008
14507.0,1269043.76632029,228790.847326323,4.0,243269.38684400896
14508.0,1276364.01605578,278519.06843324,3.0,1681626.8198752324
14509.0,1255533.39139445,199034.867455855,3.0,3.0
14510.0,1280809.19090833,203945.390788883,3.0,96901.9617051094
14511.0,1280803.16831632,203737.581508666,1.0,0.0
14512.0,1268837.54392007,271433.524873987,3.0,26188.75348997733
14513.0,1268309.03479953,260174.39871846105,3.0,1449839.300969201
14514.0,1267117.40759832,279075.866193816,3.0,950641.3926032546
14515.0,1264300.21111542,256705.257082909,3.0,74279.62867110198
14516.0,1282819.00025439,248551.343602553,4.0,635935.8345035857
14517.0,1283171.60876675,285239.063192129,3.0,2807846.8534654174
14518.0,1283146.61702272,285772.85967268,1.0,0.0
14519.0,1270538.04017781,185790.414962292,4.0,5656360.596044153
14520.0,1286686.34848236,255041.649465203,1.0,0.0
14521.0,1285706.74835335,285998.710936904,4.0,1561441.34739045
14522.0,1281853.95295741,181641.583662048,3.0,83232.31687415995
14524.0,1270707.16452999,245127.804143056,3.0,13564.56170241233
14525.0,1270909.93445019,229632.31478318604,3.0,225564.76982718008
14526.0,1257590.63792455,286410.613657326,1.0,0.0
14527.0,1283480.60716707,170094.428962216,1.0,0.0
14528.0,1282441.897982,278490.203985214,3.0,849017.9413742882
14529.0,1278266.44504973,287075.341658011,3.0,4207450.128277268
14530.0,1272378.8399877,269356.232711866,3.0,129225.38774531608
14531.0,1260767.57354382,283544.651542395,3.0,414264.0210238939
14533.0,1283269.17945485,172598.881956786,1.0,0.0
14534.0,1269287.88952054,173927.642726138,4.0,849960.1826467235
14535.0,1272921.38616425,219785.24002111,4.0,139032.53402128775
14536.0,1264791.66813993,243134.857005015,3.0,42748.28099520077
14537.0,1283267.99404685,196573.294973329,1.0,0.0
14538.0,1283510.4929271,196569.359933332,3.0,51279.26564975425
14539.0,1272509.74917184,232387.387682006,3.0,286181.3351379067
14540.0,1258386.17411737,200099.694720939,1.0,0.0
14541.0,1282240.72153381,265740.961732164,3.0,323730.0979139166
14543.0,1266712.46154989,176768.229609057,3.0,356285.92132661724
14544.0,1262955.97725806,280012.570322782,1.0,0.0
14545.0,1257799.87536477,195254.31103599104,3.0,2488754.8779365118
14546.0,1266660.04305385,228346.956509873,4.0,199066.74149391789
14547.0,1259974.922535,242009.668011859,1.0,0.0
14548.0,1275715.64536712,233544.3194592,3.0,89719.73255195636
14549.0,1278601.58905007,259553.507901832,1.0,0.0
14550.0,1279793.59487529,203323.965508252,4.0,50422.93494823716
14551.0,1280053.16063556,203308.940292224,4.0,112012.54634201076
14552.0,1271758.55813107,222147.500055522,4.0,153572.50741677466
14553.0,1283783.62297538,276123.063374788,3.0,87354.8768792442
14554.0,1271121.97803441,284178.611543044,3.0,26472.96412829046
14555.0,1279824.32837932,180058.150508419,4.0,740381.2857891873
14556.0,1266011.01674917,274140.345548764,1.0,0.0
14557.0,1266477.57687765,274118.19367674,4.0,151981.66985836666
14558.0,1275409.78667881,280551.94952333,3.0,341655.47081160155
14559.0,1273413.05285276,277658.826384366,1.0,0.0
14560.0,1278203.95794566,283567.09967041,1.0,0.0
14561.0,1290458.14343022,183384.058543831,3.0,112975.36443449488
14562.0,1261816.79127288,234868.823396549,3.0,181114.83302240723
14563.0,1265380.77822053,274566.407053202,1.0,0.0
14564.0,1287480.90464316,191790.157560438,3.0,20885.861597952306
14565.0,1256885.57539584,249019.154995039,3.0,5051.244138731122
14566.0,1290487.64762224,248178.939442173,1.0,0.0
14567.0,1257008.33366796,213840.906447023,4.0,144420.7697752727
14568.0,1266211.16074939,188692.85566926,1.0,0.0
14569.0,1261391.91447245,188832.028277412,1.0,0.0
14570.0,1281477.00159702,280222.544658989,3.0,1289712.4648930463
14571.0,1269110.90168035,279729.298962489,1.0,0.0
14572.0,1271130.65809841,285633.830744535,3.0,283046.3003826006
14573.0,1271415.52529871,223796.863897204,4.0,2227338.587614585
14574.0,1257428.6585964,257387.208763614,1.0,0.0
14575.0,1279847.88972335,261416.222719729,1.0,0.0
14576.0,1276122.69867954,273345.072523952,1.0,0.0
14577.0,1276385.46783181,273353.691595957,3.0,65691.01703359054
14578.0,1272551.39742787,277322.451088026,1.0,0.0
14579.0,1263475.18231457,268697.164487183,1.0,0.0
14580.0,1282684.60025425,181905.539886311,4.0,817925.1148098247
14581.0,1280775.97279629,232686.806434318,1.0,0.0
14582.0,1272413.87768373,272518.906827107,3.0,1660774.7275263756
14583.0,1263687.9141548,281833.172052637,1.0,0.0
14584.0,1268272.5608155,175906.521320164,3.0,238833.2203653629
14585.0,1268259.28657548,175356.631719604,1.0,0.0
14586.0,1290897.84000666,180423.488684803,3.0,679194.7842865783
14587.0,1275818.13298322,202883.63667579004,3.0,211918.0
14588.0,1275772.19967118,202664.387459576,1.0,0.0
14589.0,1271088.95640238,274884.061581522,3.0,52110.199982652535
14590.0,1282083.81766164,174045.063462272,1.0,0.0
14591.0,1272007.68293132,282374.992789194,1.0,0.0
14592.0,1265927.4372291,186460.052082986,4.0,66823.83883032436
14593.0,1271002.48875429,265186.830659598,4.0,136038.55134356496
14594.0,1271005.66494629,265635.31859605,1.0,0.0
14595.0,1284622.40147224,191880.31256853,4.0,731006.614176417
14596.0,1277113.41714455,214440.81633563305,3.0,63411.04984511132
14597.0,1254862.65584177,248786.835570797,3.0,253310.7513639535
14598.0,1271542.46174684,277906.791120619,1.0,0.0
14599.0,1287814.45677151,175213.75863146796,3.0,210168.40005020815
14600.0,1270873.76197016,273889.131468505,1.0,0.0
14601.0,1271088.60536239,273886.488140509,3.0,77747.8823604045
14602.0,1274280.99698165,192484.822841153,1.0,0.0
14603.0,1278980.86713046,253260.853495389,3.0,332251.85173555894
14604.0,1272791.69150813,240387.190954193,1.0,0.0
14605.0,1268397.18391962,179478.590315834,1.0,0.0
14606.0,1278441.10476191,277103.602767795,4.0,108658.23667959902
14608.0,1268479.29726371,285377.678744271,4.0,738385.7726947592
14609.0,1265018.36490816,282983.16117382,3.0,266307.58284674486
14610.0,1272934.66040426,205580.50599056497,3.0,192655.7658494335
14611.0,1272951.60261229,205400.106374368,4.0,408332.741228618
14612.0,1284756.47302437,244292.808430195,3.0,688978.4391659715
14613.0,1257849.43370081,258253.533820495,1.0,0.0
14614.0,1254894.7680338,250866.654900923,3.0,82035.1832250858
14615.0,1275950.51723936,255653.542969838,1.0,0.0
14616.0,1260417.90557545,200481.594881341,3.0,77654.24000219093
14617.0,1270574.21432185,287210.051674142,3.0,124690.4564537228
14618.0,1270846.22597013,287125.23855406,1.0,0.0
14619.0,1270708.73080198,275762.049294427,1.0,0.0
14620.0,1267423.13041462,273691.390412301,3.0,335782.9540500801
14621.0,1267835.59614305,273225.784395829,3.0,36492.68036228618
14622.0,1277796.04568924,281112.163923904,1.0,0.0
14623.0,1277986.01183344,281164.515219957,3.0,72846.0973765687
14624.0,1259451.94915846,285328.641112223,3.0,1881552.8484075663
14625.0,1259103.2287741,285338.935704231,3.0,84349.87619047612
14626.0,1268056.63639927,178028.111914337,4.0,535700.5051109466
14627.0,1282136.35359769,212660.568589807,4.0,105851.89523658268
14628.0,1284025.22252762,256151.127610341,1.0,0.0
14629.0,1286762.36307442,248277.422194272,3.0,50754.23656648591
14630.0,1272076.22641939,283513.18901436,1.0,0.0
14631.0,1270477.82673775,175888.85732016,3.0,491455.08991816535
14632.0,1270444.32875372,175248.438311502,1.0,0.0
14633.0,1265812.87050897,279891.08533065,1.0,0.0
14634.0,1263027.30852212,194469.29919518495,3.0,92285.39537764627
14635.0,1278396.38962586,179867.947116226,1.0,0.0
14636.0,1284572.56364818,277558.926608264,3.0,378733.123120746
14637.0,1285243.74534488,277636.190608338,3.0,211870.0
14638.0,1281742.54860529,277556.948624268,1.0,0.0
14639.0,1281735.54406127,279006.622865751,3.0,400792.0348776142
14640.0,1280090.69529159,168964.075937063,1.0,0.0
14641.0,1262004.26263307,283837.004310697,4.0,5496129.328995907
14642.0,1264744.44055589,230218.779871792,4.0,5692917.296680162
14643.0,1265316.47946846,260644.990654945,4.0,1915604.0802646813
14644.0,1262479.29418556,232726.54288235295,3.0,2069120.2639690295
14645.0,1274832.09823021,208408.967497453,3.0,127337.17514998256
14646.0,1274995.06245437,208405.809673443,4.0,1170572.2409441927
14647.0,1268947.84913619,188463.625525028,3.0,56313.023025155
14648.0,1293662.8443615,180618.295725003,3.0,251509.36209014736
14649.0,1276873.8835123,279153.741009891,3.0,353283.08198388875
14650.0,1272410.02725174,283090.655381933,1.0,0.0
14652.0,1280034.05202754,251526.665717602,3.0,12395.348425142516
14653.0,1286303.86432196,280792.342739567,1.0,0.0
14654.0,1286412.66003408,280494.206547275,3.0,84778.0
14655.0,1279210.16620269,206695.876423702,1.0,0.0
14656.0,1280873.8758364,174395.976806626,4.0,956531.2368342614
14657.0,1285436.36934507,178679.658155009,4.0,422840.9433709047
14659.0,1287296.70585898,183767.117808223,1.0,0.0
14660.0,1287829.34816352,183765.197552219,3.0,45195.801363966144
14661.0,1258083.55491707,168162.043424234,3.0,63518.47927376625
14662.0,1288107.67795581,252091.946102187,3.0,531828.2485799773
14663.0,1261965.52356103,190542.192183152,1.0,0.0
14664.0,1270093.03390536,274070.508748695,4.0,451145.5508957363
14665.0,1283968.82598357,285877.879512787,1.0,0.0
14666.0,1264734.41661987,245779.459375724,4.0,512772.8226340548
14667.0,1271141.50878642,287310.751962245,3.0,9604679.628572589
14668.0,1275113.2295585,223656.813337073,4.0,1214150.97287613
14669.0,1270921.02469021,280438.110867217,1.0,0.0
14670.0,1271399.29374669,181590.708781987,1.0,0.0
14671.0,1265528.48196468,252020.32971811303,3.0,9407.75085225689
14672.0,1267691.66500691,232105.636641726,4.0,777100.81194337
14673.0,1274917.5091103,272484.103755072,1.0,0.0
14674.0,1286570.59705824,180008.072492376,3.0,169542.0
14675.0,1283612.73126321,237069.98429480204,3.0,115423.26433560815
14676.0,1280208.58354771,216613.239121854,3.0,7018.112585781399
14677.0,1254141.15958503,247509.32139349,3.0,243961.1246685982
14678.0,1274094.67218146,242600.749804467,1.0,0.0
14679.0,1273551.8865169,203279.139524207,3.0,331276.2721609108
14680.0,1267494.71358269,276522.7065752,1.0,0.0
14681.0,1268417.74129565,171556.573027715,1.0,0.0
14682.0,1256392.28240333,241310.419755146,1.0,0.0
14683.0,1279757.26649125,276220.268878892,3.0,119735.37999746006
14684.0,1265291.40369244,177518.756969824,3.0,394210.381083294
14685.0,1281352.80530889,175710.113255978,4.0,242103.6382079256
14686.0,1262577.83204167,200424.102529272,3.0,64077.11114799351
14687.0,1262559.33437765,199761.454912603,3.0,1870427.8164664144
14688.0,1273311.81682065,235181.74531686297,3.0,1409170.871935519
14689.0,1283213.52204679,233077.458210722,1.0,0.0
14690.0,1284986.97260861,182714.332207143,3.0,938106.3524896156
14691.0,1271005.1672183,190450.925623059,1.0,0.0
14692.0,1268079.19703929,287377.918810323,3.0,5135883.848906097
14693.0,1273229.24248457,218116.744339392,3.0,74684.27274822879
14695.0,1275226.91339861,285018.443223909,1.0,0.0
14696.0,1269577.34104083,195571.722492307,4.0,8329948.899518608
14697.0,1266674.54462186,243940.409901842,3.0,40334.938083310335
14698.0,1269884.90468915,262125.201600462,1.0,0.0
14699.0,1258125.92426111,257352.106811568,1.0,0.0
14700.0,1281276.99442881,221023.25295037,4.0,3609300.903876476
14701.0,1260481.39690351,237505.397799253,4.0,2266.003567094149
14702.0,1263785.0215469,286469.111897394,1.0,0.0
14703.0,1258415.33744541,217870.070931137,1.0,0.0
14704.0,1255928.69571486,236766.167014495,3.0,209409.5818670244
14705.0,1276198.28773561,277851.461456567,3.0,225889.78230018745
14706.0,1276189.5000236,278402.697553128,1.0,0.0
14707.0,1260778.00458382,287195.312538132,3.0,146995.07575713584
14709.0,1257038.33821198,257775.933692008,1.0,0.0
14710.0,1265229.69092438,239674.786857471,3.0,109592.70768555716
14711.0,1276068.59807147,222971.125080362,4.0,883255.9453636216
14712.0,1271936.81822725,279337.482770085,3.0,26928936.036800243
14713.0,1271937.59217925,279531.40987429,1.0,0.0
14714.0,1280913.62476444,283336.645078182,1.0,0.0
14715.0,1272088.37931541,183104.73854354,4.0,135241.4790208282
14716.0,1272052.40395537,181764.940078169,4.0,729195.0556704062
14717.0,1269428.12216067,280388.295635164,1.0,0.0
14718.0,1282811.33651038,247884.00536187,4.0,731010.311439061
14719.0,1271779.87761909,241405.889003247,3.0,50635.80560697014
14720.0,1278397.89260186,238418.091560185,4.0,13296968.957989989
14721.0,1269975.80382524,240424.215466231,4.0,106063.45905661212
14722.0,1284035.17791964,182908.888559341,3.0,60754.47828311769
14723.0,1274909.19256629,256678.918202877,4.0,68923.44121343186
14724.0,1283031.66611061,273880.259148493,1.0,0.0
14726.0,1274005.50046937,178968.858731315,1.0,0.0
14727.0,1271967.55832328,278492.463505223,1.0,0.0
14728.0,1268481.98065571,285703.74664861,4.0,1124474.3951503297
14729.0,1268908.49553615,285696.9156086,1.0,0.0
14730.0,1268229.77451146,253968.274040103,3.0,73234.40349249622
14731.0,1281558.3633251,256744.78386695695,3.0,76281.55835624033
14732.0,1254572.17846547,201845.524610728,1.0,0.0
14733.0,1254676.76713757,201615.032578498,3.0,68702.51185310847
14734.0,1279666.10623516,264476.418370873,1.0,0.0
14735.0,1261054.3508241,259696.260285974,4.0,815121.7983310403
14736.0,1255312.46339422,254417.339384571,4.0,198648.49609799933
14737.0,1272450.01310778,284615.22978349,4.0,568267.1261954715
14738.0,1266802.68612599,275452.851470113,3.0,1284143.2845886515
14739.0,1266669.31006186,242464.00241231904,3.0,245114.4744626164
14740.0,1270991.51960228,286001.973080903,3.0,134256.111194998
14741.0,1270992.69675428,286197.650841117,1.0,0.0
14742.0,1256674.13091561,257116.974395335,1.0,0.0
14743.0,1271680.52446699,179825.61815618,1.0,0.0
14744.0,1267357.75620656,175913.55805617603,3.0,142445.91216546312
14745.0,1284267.08063987,283090.813205928,1.0,0.0
14746.0,1285979.21337762,283203.108886048,1.0,0.0
14747.0,1285900.68499355,283284.671062127,3.0,778689.0391211382
14748.0,1269462.09553671,248096.280498087,4.0,43899.71810396311
14749.0,1254953.13897786,200398.344705254,3.0,236561.28239848727
14750.0,1279960.99839546,231115.251488701,3.0,3425726.226915916
14751.0,1272530.49387586,232086.458209693,3.0,41930.42888779019
14752.0,1274326.03883769,214600.16180779,3.0,12539.751567326122
14753.0,1278963.29273044,201712.331586599,4.0,93472.14872701422
14754.0,1279103.81996259,201703.229890585,1.0,0.0
14755.0,1264077.95831519,286249.597273156,1.0,0.0
14756.0,1296262.15246016,184841.12094532,4.0,467697.5617832734
14757.0,1274799.19147818,279386.336338133,1.0,0.0
14758.0,1281360.1383009,285082.974551961,1.0,0.0
14760.0,1282357.29644592,205999.025478989,3.0,460134.6820670045
14761.0,1281576.08146912,221013.80155836,5.0,337977.345506902
14762.0,1282465.10854203,186210.480050728,1.0,0.0
14763.0,1281540.28889307,281154.928979948,1.0,0.0
14764.0,1281725.59654127,281144.759379938,3.0,2638931.909506004
14765.0,1271314.91691461,171896.18326807,1.0,0.0
14766.0,1273269.53803661,280164.910290927,1.0,0.0
14767.0,1291485.12787926,181357.52292574904,3.0,27321.27680265783
14768.0,1268706.67179194,285374.286680266,3.0,69229.77519831523
14769.0,1262973.22167407,255952.461626142,3.0,40177.29693194448
14770.0,1285065.39334469,279492.521874249,3.0,925166.5451317374
14771.0,1265359.86122851,229093.298142642,3.0,30718.14271941688
14772.0,1274817.41650219,248919.059698939,3.0,30617.72319648488
14773.0,1258441.30550943,243731.84926162695,3.0,328573.78928640246
14774.0,1253777.43004864,251781.851893872,1.0,0.0
14775.0,1269791.95377705,228980.193054512,4.0,106733.93680595906
14776.0,1273572.83659692,257049.433851257,4.0,216254.2160286054
14777.0,1268289.09323151,258457.3493727,3.0,55236.65204733863
14778.0,1274641.85547802,284244.308247104,1.0,0.0
14779.0,1258901.1143419,217084.526610345,3.0,2236672.6061797296
14780.0,1277463.4571449,247142.16164912295,3.0,18188.1596693334
14781.0,1282199.44665375,272754.001227349,3.0,130085.52532601936
14782.0,1286244.93363389,199643.058176473,3.0,159321.7188309827
14783.0,1286692.61024235,199635.54508847,1.0,0.0
14784.0,1276304.44696772,205788.364486769,1.0,0.0
14785.0,1256371.24835531,241705.910059556,1.0,0.0
14786.0,1265887.02788505,191096.80229573,4.0,223367.74002339164
14787.0,1268858.5458401,285371.452696264,1.0,0.0
14788.0,1277395.52581684,178740.53437908,1.0,0.0
14789.0,1283286.10758287,182939.104751378,3.0,308727.1317262126
14790.0,1272083.7851394,271361.179209918,4.0,672548.226486361
14791.0,1263269.03242637,211061.007820174,4.0,4202267.071118844
14792.0,1278280.35346574,225236.550618678,3.0,120945.49425919614
14793.0,1291580.77171937,189128.577909708,3.0,159375.7255956053
14794.0,1278867.75186634,174811.529447049,1.0,0.0
14795.0,1270438.33438571,191288.50962393,3.0,3129742.15197338
14796.0,1280542.49036406,208205.915721253,3.0,125255.13621281755
14797.0,1282142.70662169,197030.995197803,3.0,222608.27049593368
14798.0,1278615.99122609,174087.396390304,1.0,0.0
14799.0,1253777.34147266,251550.544565633,1.0,0.0
14800.0,1253657.99030453,246577.341616541,1.0,0.0
14801.0,1280534.41650805,207958.39981699,3.0,89773.41751011458
14802.0,1262898.20279399,211622.375756741,1.0,0.0
14803.0,1258029.229285,238092.755239844,1.0,0.0
14804.0,1257894.56842087,238095.139111847,4.0,2579010.8226666125
14805.0,1263041.44170614,199084.913983911,3.0,1567998.265679665
14806.0,1257610.46301258,253722.200055853,4.0,337810.11418253754
14807.0,1266924.37220611,171367.176739529,3.0,28612.10403539905
14808.0,1286640.6657943,283921.477206782,3.0,169542.0
14809.0,1273633.19838898,248762.446194783,1.0,0.0
14810.0,1261457.05968851,234432.967588097,4.0,192587.02389059175
14811.0,1260978.48324002,249584.353331611,4.0,216810.7395657346
14812.0,1287024.10694669,172674.576356858,5.0,2544471.703351492
14813.0,1264086.25354721,286938.956121862,3.0,43157.42356988254
14814.0,1264962.8328761,279470.184274226,3.0,34898.86406024477
14815.0,1264910.45694005,211020.621708125,3.0,185827.00725187472
14816.0,1274895.30213428,211067.902476177,1.0,0.0
14817.0,1275055.03250244,211065.95066817096,3.0,46931.10099833448
14818.0,1281297.89004484,226500.226907983,4.0,269020.8452186046
14819.0,1282627.0140782,262284.280320629,1.0,0.0
14820.0,1284873.47545649,179881.143660247,3.0,3256466.0784255806
14821.0,1260571.95287161,168559.747296646,3.0,31231.005902948626
14822.0,1277874.34412132,286320.975385234,1.0,0.0
14823.0,1279772.75404327,176829.906985119,3.0,157108.94055544084
14824.0,1280000.3919955,176820.945705101,1.0,0.0
14825.0,1286944.71539462,283921.475286782,1.0,0.0
14826.0,1280217.34828372,217276.342802539,3.0,282035.7017864287
14827.0,1253965.12880084,250718.299188778,1.0,0.0
14828.0,1280197.68133971,220254.06421358895,3.0,109119.33661038174
14829.0,1264373.8504115,202552.371267453,1.0,0.0
14830.0,1263566.21949868,281345.259924144,1.0,0.0
14831.0,1276676.89311209,282601.525141433,4.0,832994.0981663223
14832.0,1284739.68569636,243502.909421384,4.0,1355317.6761594582
14833.0,1264836.36887598,237022.921446756,4.0,701876.72771452
14834.0,1282472.65612604,233538.696739182,3.0,905277.3953416396
14835.0,1275956.78955936,283162.711382002,1.0,0.0
14836.0,1255910.39888284,236146.458597854,3.0,38172.71698786674
14837.0,1268865.2174561,272248.017290831,1.0,0.0
14838.0,1268468.3248477,283719.692886576,4.0,997737.745925097
14839.0,1294748.4921066,183615.878960073,1.0,0.0
14840.0,1282756.21721433,190867.25227949,1.0,0.0
14841.0,1281931.57682948,199948.241280794,3.0,259205.6050770436
14842.0,1272262.69585958,258087.20146831905,3.0,6170899.826529052
14843.0,1272923.50328426,258067.516796306,3.0,4805554.198251321
14844.0,1275648.78456704,241235.952363074,1.0,0.0
14845.0,1278094.46111356,216030.625489265,3.0,37701.31280101508
14846.0,1278894.19999437,258550.544700801,1.0,0.0
14847.0,1271771.97637108,199539.539712369,1.0,0.0
14848.0,1276959.72191238,231547.10889715,4.0,539195.0849552017
14849.0,1278975.88063446,250610.746292666,4.0,998180.6500482062
14851.0,1272618.03902794,241794.52765964,1.0,0.0
14852.0,1275489.31903088,203784.069892719,1.0,0.0
14853.0,1280043.49791555,202641.263171554,4.0,474995.05975922366
14854.0,1281538.42143708,219857.582421184,3.0,305173.8347779648
14855.0,1281652.2371172,219851.68046917,1.0,0.0
14856.0,1264342.05623546,259613.000253886,4.0,670731.8870163732
14857.0,1263590.2985387,266526.968068972,1.0,0.0
14858.0,1254450.09929734,236910.065702632,3.0,130624.26504929485
14859.0,1264423.49898756,204397.54278934,3.0,48500.02160912494
14860.0,1250483.99401328,214969.641040176,3.0,2194320.0918198465
14861.0,1271708.30987501,207984.238985017,1.0,0.0
14862.0,1275668.61624707,231877.013089478,3.0,12161.35054660227
14863.0,1272792.12491612,248265.011826262,4.0,108818.60828186107
14864.0,1279999.5806675,266979.450437427,1.0,0.0
14865.0,1259620.91011864,192567.177977234,3.0,1186059.5701253922
14866.0,1268337.58199956,225949.277915418,3.0,12294.752404178194
14867.0,1280001.02092351,247281.128241256,3.0,361993.1865982449
14868.0,1264377.48561151,240983.624426812,3.0,1340920.1731764723
14869.0,1264584.92151572,200370.716865227,4.0,273187.48959488975
14870.0,1272991.09893233,223663.168281078,4.0,243646.84493903272
14871.0,1281086.51481262,217561.986898825,3.0,980029.1892521464
14872.0,1263469.73841058,250328.582452387,3.0,62065.09544638711
14873.0,1269997.24472126,257486.76601171505,3.0,59089.47251671724
14874.0,1274630.08875801,241798.292779639,3.0,42467.33333333333
14875.0,1274945.93458232,261654.18809597203,3.0,217641.5570126738
14876.0,1278294.19071376,265854.771588281,3.0,294653.80320359266
14877.0,1258713.95594171,246057.55755201,1.0,0.0
14878.0,1272759.40190808,200325.392129183,4.0,1835034.048438904
14879.0,1278947.62277843,207603.319816634,1.0,0.0
14880.0,1265907.06916507,275566.043470219,3.0,1183739.14068098
14881.0,1265909.12260507,275716.341070384,3.0,106306.75353542874
14882.0,1280928.20479645,201165.759234041,3.0,1.0
14883.0,1258210.83715719,208519.651977569,4.0,152429.98166815846
14884.0,1257874.68464485,208508.406601563,4.0,2540440.1794716576
14885.0,1269805.42385706,260821.646783128,3.0,1936799.7950921955
14886.0,1270085.66187336,170646.286754787,3.0,339038.0
14887.0,1257222.71542817,208526.564361572,4.0,1672203.1138133022
14888.0,1285147.76064077,191406.368632048,3.0,42563.92526701528
14889.0,1285406.85856104,191405.91423204503,3.0,2162328.865132543
14890.0,1260228.62384726,245895.70155184,4.0,53504.28563014553
14892.0,1280332.87365985,204383.370565325,4.0,685138.3645239866
14893.0,1268895.00510412,187144.70296368,3.0,203339.05724973712
14894.0,1268270.94667149,187142.190771684,3.0,96447.16258037784
14895.0,1281845.4798694,196446.562941208,1.0,0.0
14896.0,1287653.10048334,202636.621123537,4.0,357540.1565236622
14897.0,1268784.30718403,255533.70559370503,3.0,100039.40266536456
14898.0,1271138.34149043,223632.656857044,4.0,266020.5916450204
14899.0,1271849.26885116,229187.696926728,4.0,5126833.249848221
14900.0,1282610.53407818,197921.834238708,3.0,32753.546782855632
14901.0,1273106.32606845,250103.346036151,4.0,160726.7305621049
14902.0,1254512.3727694,245035.109806955,1.0,0.0
14903.0,1268221.18558344,253436.535927564,4.0,306373.721132342
14904.0,1271055.95224234,268734.961031228,4.0,112580.2250104643
14905.0,1273360.17829271,241406.103595242,1.0,0.0
14906.0,1262722.99152981,250340.61035639,3.0,12764.941353893228
14907.0,1279102.48729059,268471.335238963,3.0,63628.401161597
14908.0,1272246.78315556,256757.209082961,3.0,228937.64880913103
14909.0,1254961.88566586,245142.758831069,3.0,246784.9399362137
14911.0,1267368.84375857,250005.22027604296,3.0,124298.83380282484
14912.0,1270721.810866,268741.842887238,3.0,43073.872831063294
14913.0,1269310.95115256,212047.800781175,4.0,2813230.5006249733
14915.0,1269253.1047525,209201.433098271,3.0,314818.8913739292
14916.0,1288288.62246799,203397.808900326,4.0,275288.74551099184
14917.0,1278081.54975353,218180.984339461,1.0,0.0
14918.0,1272048.08773136,220659.090966001,3.0,114729.544035612
14919.0,1284946.41952057,209161.628362224,1.0,0.0
14920.0,1274537.6995099,203048.075011969,4.0,638303.4749925047
14921.0,1273781.67640513,217188.943058446,3.0,8218733.494232581
14922.0,1273896.87307726,216957.778450206,4.0,1231517.633586885
14923.0,1269351.1026406,253409.968375534,4.0,3597764.859851093
14924.0,1273934.97733329,217769.531091034,1.0,0.0
14925.0,1271204.1100665,178371.926506698,1.0,0.0
14926.0,1271197.15243448,177852.736298159,3.0,169542.0
14927.0,1269832.1761131,223107.066712499,3.0,35196.49113710557
14928.0,1270787.33662607,177855.487594172,1.0,0.0
14929.0,1261505.61533657,199788.082176626,3.0,100196.7608319932
14930.0,1269005.6616802495,200536.450753391,5.0,11855233.47568159
14931.0,1269283.17688052,231447.012961045,4.0,4900753.708174765
14932.0,1269284.46104053,231499.31305709505,4.0,9466234.036283275
14933.0,1275144.39154252,215295.541008502,4.0,110975.56748516974
14934.0,1254839.03977774,247418.678833395,4.0,4056500.5468653934
14935.0,1254509.72380941,247394.87768137496,3.0,4088767.252771352
14936.0,1269314.39928056,212173.396301314,4.0,218271.11718333565
14937.0,1294653.76263452,185858.939122364,3.0,54220.90487291894
14938.0,1269605.86193687,231489.14409709,4.0,15040244.725472378
14939.0,1269927.45284919,231481.68969708696,3.0,15058771.36271838
14940.0,1268792.00561602,236389.4909181,4.0,7218701.643397769
14941.0,1272456.76734778,216581.628625825,1.0,0.0
14942.0,1286418.39033808,196555.845885321,3.0,258491.05820721545
14943.0,1286416.98579407,196456.353277221,3.0,276161.46648598823
14944.0,1268962.12344021,231502.366497099,4.0,3936951.9842804833
14945.0,1268420.80529565,279408.137810156,4.0,1618889.489053163
14946.0,1268637.89047986,279404.62241815,3.0,1875698.6911199293
14947.0,1268895.82532813,229261.119006813,4.0,68974.69253421212
14948.0,1252598.58262344,240328.27108213297,3.0,100899.31237088412
14949.0,1289211.10323693,191151.363575786,3.0,45103.61756035527
14950.0,1286903.27846657,196544.969917312,1.0,0.0
14951.0,1268447.58801568,233348.198434994,1.0,0.0
14952.0,1268685.90155192,233340.999330983,4.0,6039356.848893894
14953.0,1268849.60657609,236401.45648612097,3.0,14536879.291181635
14954.0,1268869.18724811,235793.742757499,4.0,3554091.811323503
14955.0,1268931.39121617,235804.954021513,3.0,10877564.952126663
14956.0,1266450.90436563,272476.712075055,5.0,236685.44078660023
14957.0,1278862.48684233,282075.662996888,3.0,286603.0512158681
14958.0,1281931.48786949,200597.14156945,4.0,70622.3114997343
14959.0,1281929.63289347,200474.209089324,1.0,0.0
14960.0,1264540.22641167,203097.507332012,3.0,48500.057462109566
14961.0,1272176.51397149,239079.304744855,1.0,0.0
14962.0,1282617.33164619,168354.092576444,3.0,169542.0
14963.0,1282673.85747024,168234.643616319,3.0,84778.0
14964.0,1280721.89055625,169838.539041951,3.0,106348.142527755
14965.0,1277748.9877052,282364.738901183,3.0,291222.6353387747
14966.0,1277893.20952934,282349.227093175,3.0,221285.55930877864
14967.0,1264673.85905181,203097.464324012,3.0,240642.13110483295
14968.0,1268530.38148776,236656.23811838,1.0,0.0
14969.0,1268367.1685596,236990.562214717,3.0,95445.11095613144
14970.0,1278215.10098568,177115.101609409,3.0,179515.36321566868
14971.0,1284491.11795211,259367.912189633,3.0,84778.0
14972.0,1283491.52051108,234521.847012192,3.0,355633.04389322794
14973.0,1278920.4256584,208660.985993713,3.0,20062.31122163332
14974.0,1279143.90194663,208785.157385841,3.0,1620.178838175986
14976.0,1279262.00402674,208849.57684190603,3.0,17421.108766405123
14977.0,1279366.32569085,208584.627593637,4.0,1744317.5860374204
14978.0,1279058.23481055,208414.077705458,3.0,1654149.453353374
14979.0,1278746.64946622,209217.687306285,3.0,109223.17183596942
14980.0,1279025.9119945,209481.79930655696,3.0,149359.81685815126
14981.0,1279224.3043147,208980.775754035,3.0,1944.1002300213668
14982.0,1278978.25234646,209121.058570176,3.0,13497.022050974232
14983.0,1279122.25861861,209219.420938283,3.0,940.5368075251693
14984.0,1279815.94489132,179747.16100411105,3.0,53533.44246022853
14985.0,1290219.15763797,184705.774385184,3.0,74273.74896281688
14986.0,1290498.94189425,184708.214385182,3.0,1879527.0083345943
14987.0,1268746.35281599,233340.966818988,3.0,11059067.161020052
14988.0,1261037.67402409,275108.342285752,3.0,177818.3566812403
14989.0,1260371.15600741,276279.237262949,3.0,84777.99999999997
14990.0,1263282.66986638,274213.897548839,3.0,355406.2363763809
14991.0,1264230.68932335,274189.417292818,3.0,150415.63214151375
14992.0,1256836.27299578,201544.424130425,1.0,0.0
14993.0,1271627.14398693,260754.683967054,1.0,0.0
14994.0,1271042.68945833,253213.450039327,1.0,0.0
14995.0,1263282.40938638,274100.248844728,3.0,476611.26883836975
14996.0,1264077.8382512,271887.285770461,3.0,705092.9244831839
14997.0,1286053.2696977,245183.41393511,1.0,0.0
14998.0,1282295.55180585,263734.198082104,1.0,0.0
14999.0,1264936.58090807,248971.137330994,3.0,43429.47184955057
15000.0,1253962.96937685,237111.501606852,4.0,122892.82918409034
15001.0,1262246.50103332,273270.905995876,3.0,213391.0420403272
15002.0,1261341.7617044,275712.469070375,3.0,50274.70425129401
15003.0,1262376.56439346,274823.495757461,3.0,169098.34757005837
15004.0,1261264.45047233,276111.206734776,1.0,0.0
15005.0,1263070.14109817,199975.329856813,4.0,3489291.989301522
15006.0,1262709.4705698,199785.109760627,3.0,1882898.6135661856
15007.0,1279478.35564297,205745.541062728,1.0,0.0
15008.0,1269926.31473719,210942.723596051,4.0,790910.8341499773
15009.0,1269032.63736027,205779.068870768,4.0,623963.5901939323
15010.0,1268993.96292824,205778.408134758,4.0,9470909.051423091
15011.0,1268736.69803198,204437.366853386,1.0,0.0
15012.0,1282474.05996604,211205.494028315,1.0,0.0
15014.0,1266422.92702161,238125.94512789,3.0,1638242.4387924536
15015.0,1266427.0376136,238270.941864029,3.0,62364.01923575159
15016.0,1261936.964201,262201.451136544,1.0,0.0
15017.0,1285162.09888078,192254.353144914,3.0,46838.343440058416
15018.0,1266428.15671761,238319.671784088,1.0,0.0
15019.0,1284174.22815979,209534.990154609,1.0,0.0
15020.0,1262933.58295403,269495.283336014,1.0,0.0
15021.0,1284425.56524804,265730.872516155,1.0,0.0
15022.0,1269555.57860881,205764.568582743,4.0,543058.4925233609
15023.0,1262229.6391453,275332.367117986,3.0,84777.99999999999
15024.0,1262517.5214496,276126.409806803,1.0,0.0
15025.0,1263213.15063432,271895.931722462,3.0,163824.92237552343
15026.0,1260640.01930368,276765.249743447,1.0,0.0
15027.0,1281585.17625313,181104.5411015,3.0,130499.24097200192
15028.0,1254058.84348895,206166.889927164,1.0,0.0
15029.0,1253726.44656061,206306.540295303,3.0,423547.4062601231
15030.0,1267304.5135185,240244.353962049,4.0,10898755.920609271
15031.0,1265301.32164446,196417.227069169,4.0,6895686.971190303
15032.0,1252944.2351678,210017.960971102,4.0,152540.9890771713
15033.0,1252913.20931177,209660.261898741,1.0,0.0
15034.0,1267499.5026387,234857.562212542,3.0,669952.7849571928
15035.0,1267509.78020671,235239.000420928,1.0,0.0
15036.0,1264396.23492353,203308.727364227,1.0,0.0
15037.0,1262217.32093729,271980.944330558,1.0,0.0
15038.0,1266715.74532589,198761.189887568,3.0,48428.15791645334
15039.0,1266505.16049369,198493.219583303,4.0,18024538.51733365
15040.0,1259630.89207065,212796.693325952,3.0,94990.15200179032
15041.0,1259763.13002278,213085.892494246,1.0,0.0
15042.0,1261439.94026449,191157.562999785,1.0,0.0
15043.0,1272181.1533955,238665.49687244,1.0,0.0
15044.0,1263742.55972286,247644.908081636,3.0,49789.81879508696
15045.0,1266414.27844559,232623.466338247,1.0,0.0
15046.0,1266418.1905096,232744.734754369,3.0,63263.25175978455
15047.0,1281346.45983689,203928.610308871,3.0,252841.51531214823
15048.0,1284232.08697584,200562.257473424,3.0,317400.21410387574
15049.0,1266162.66052534,192385.621241048,3.0,440393.1479896977
15050.0,1264967.2107961,196417.06431718203,3.0,40793.02137713416
15051.0,1273294.45202063,197055.906877831,3.0,82894.2495767001
15052.0,1275518.60274291,218152.432915434,1.0,0.0
15053.0,1287306.86886698,199136.197631955,1.0,0.0
15054.0,1291667.63539945,189109.44837369,1.0,0.0
15055.0,1278111.51096956,212523.089165673,1.0,0.0
15056.0,1284556.62502417,277596.910480306,4.0,2949643.6224671137
15057.0,1257846.36739682,195780.778172523,3.0,2450364.607920536
15058.0,1278503.57087398,192668.059641331,3.0,386850.8177110312
15059.0,1278784.63788226,192020.513080671,4.0,512903.79446173256
15060.0,1263565.95767468,185148.794225633,3.0,235205.15572460133
15061.0,1263495.4362026,185150.474993631,3.0,187652.6566092529
15062.0,1278152.99576961,193512.775162205,3.0,303576.06743287377
15063.0,1284514.60281612,277666.562256381,3.0,1567069.635039125
15064.0,1276435.25087185,196965.981181741,3.0,196608.5108938019
15065.0,1282032.06546958,197270.718782052,4.0,501004.07554604096
15066.0,1266165.82615733,192223.516920879,3.0,102071.37905548127
15067.0,1277279.97458471,195617.46911636004,3.0,140088.95778036807
15068.0,1260680.89194372,187988.188788548,1.0,0.0
15069.0,1277658.95999311,194703.158267424,4.0,174162.5054202872
15070.0,1277862.59576932,194212.494586915,3.0,226231.0096417459
15071.0,1254491.10838538,246367.615024328,4.0,9835855.241948076
15072.0,1289498.53741322,190386.546870992,3.0,142020.0444561207
15073.0,1289472.02464521,190363.925814971,4.0,210161.4553118508
15074.0,1261920.75364099,232333.862241954,4.0,456358.7731471176
15075.0,1261755.18967283,232188.571169809,1.0,0.0
15076.0,1269076.48734432,184813.378225297,3.0,290319.63323332724
15077.0,1285075.8378887,277798.499344513,1.0,0.0
15078.0,1263812.63108292,185142.642993629,3.0,614882.7828920811
15079.0,1257780.36720476,238378.986920148,1.0,0.0
15080.0,1256048.72829098,244334.195502236,3.0,24834.822030625
15081.0,1256339.50525127,195313.425468042,1.0,0.0
15082.0,1266100.25054127,199019.388159841,1.0,0.0
15083.0,1264411.95306754,203588.31373252,1.0,0.0
15084.0,1279350.57311484,202332.627267227,1.0,0.0
15085.0,1271475.01112278,199022.278271839,1.0,0.0
15086.0,1291352.44314313,189135.074933723,1.0,0.0
15087.0,1274703.68607008,217922.816275194,1.0,0.0
15088.0,1275160.14450255,195225.417083949,3.0,42484.01658267995
15089.0,1275158.77471055,195162.900475889,1.0,0.0
15090.0,1256222.02454716,196230.798588976,1.0,0.0
15091.0,1281865.01753341,181121.223533511,4.0,274362.2291848728
15092.0,1281220.24159676,214357.725967541,3.0,137449.28901602834
15093.0,1256079.40605101,196225.191676974,1.0,0.0
15094.0,1266941.12286213,198751.430399567,3.0,42422.0
15095.0,1260524.02186356,211674.213580802,1.0,0.0
15096.0,1256486.29699543,195988.854204729,1.0,0.0
15097.0,1266476.97681366,192376.622905031,3.0,524723.6924422535
15098.0,1255717.42384264,202012.326402903,4.0,31009.79154429796
15099.0,1252919.38678378,213990.682383165,1.0,0.0
15100.0,1287995.92621168,204291.28314124,3.0,221270.36068684285
15101.0,1288286.98566799,204269.029573217,3.0,286373.6119568999
15102.0,1260544.00247158,211437.086412549,1.0,0.0
15103.0,1266979.66967817,198761.870335579,1.0,0.0
15104.0,1279373.32140286,222492.145047873,1.0,0.0
15105.0,1261100.36023214,232977.173282608,4.0,96131.47575840028
15106.0,1268369.1022556,266795.43962124,3.0,215961.43211456272
15107.0,1272119.63710743,250399.29528445,1.0,0.0
15108.0,1260432.23824747,209771.608778849,4.0,727496.6346459629
15109.0,1258276.00925326,238370.365928128,1.0,0.0
15110.0,1263390.5935145,284830.72443971,4.0,280621.62315577816
15111.0,1263081.68337017,284839.742807716,1.0,0.0
15112.0,1278032.86348149,280855.681875646,1.0,0.0
15113.0,1278165.65061763,281019.286483809,3.0,80877.4253478622
15114.0,1277567.15314502,280591.058707371,3.0,201141.7961524109
15115.0,1277704.36677715,280756.239123538,1.0,0.0
15116.0,1289433.35085316,184697.690417171,4.0,228153.7013446381
15117.0,1289451.44461319,185035.003057525,1.0,0.0
15118.0,1289323.22605304,184511.116976976,1.0,0.0
15119.0,1284394.93504,176057.960360333,1.0,0.0
15120.0,1284475.22067209,175836.513256103,3.0,84778.0
15121.0,1254814.76553771,235090.189412773,3.0,5288252.336084809
15122.0,1263461.27223457,263525.10726589,1.0,0.0
15123.0,1282580.60307014,259628.142589897,1.0,0.0
15124.0,1272875.88069221,239707.161449507,3.0,57279.611099745096
15125.0,1281901.04767746,260469.718334764,3.0,479704.927345555
15126.0,1271777.42456308,241285.011947125,1.0,0.0
15127.0,1281834.34047738,258483.987772733,1.0,0.0
15128.0,1264385.36516352,263290.188417658,3.0,607666.641432951
15129.0,1263841.42993096,263169.873729527,1.0,0.0
15130.0,1285066.3848327,192653.948153317,5.0,349162.4215555303
15131.0,1283148.63404673,258263.450812504,1.0,0.0
15132.0,1282593.30777416,234855.12816453,3.0,84475.60423648644
15133.0,1283010.08121459,180183.714540556,3.0,2014207.826933064
15134.0,1263850.51357897,261847.975744173,1.0,0.0
15135.0,1280123.60895564,188444.581877008,4.0,605052.754026515
15136.0,1267293.12119849,192041.239736691,3.0,28379.118774403338
15137.0,1267362.83294256,191974.815672621,3.0,54083.381904135495
15138.0,1267578.27806279,191369.758136004,3.0,121009.3171271836
15139.0,1267156.57553436,192006.052792653,3.0,60330.235499182345
15140.0,1285541.56332918,184691.983729169,3.0,813293.3415022972
15141.0,1283812.8414074,186033.877042547,4.0,12243726.54212929
15142.0,1285105.68492873,184755.59646523,3.0,10806218.443328226
15143.0,1274843.23403822,218201.455443487,3.0,83773.16641757518
15144.0,1260921.31959197,202385.222339287,4.0,34061.082671454744
15145.0,1261007.07568805,201957.138882846,3.0,77755.02938639614
15146.0,1284615.94246423,179766.463724121,3.0,1803301.4001196516
15147.0,1284979.5936646,177333.777001634,3.0,14345139.457521489
15148.0,1279698.34309919,194500.420155212,3.0,159803.38708947352
15149.0,1272951.92741229,179782.992940143,1.0,0.0
15150.0,1269615.90852886,231891.862433493,5.0,6141914.691554613
15151.0,1272274.97701159,278417.284177139,3.0,21727354.89373383
15152.0,1273050.19333239,280322.560851097,3.0,21025837.187629737
15153.0,1266608.53002979,226746.029916227,3.0,12885266.550351938
15154.0,1268961.3205602,231450.318369046,4.0,4239602.447026561
15155.0,1268117.39313534,181168.906477556,4.0,624953.0273414096
15156.0,1268110.94827133,180838.268013224,3.0,103561.83198181594
15157.0,1269604.61329685,231439.044129044,4.0,5663560.979074311
15158.0,1279693.43788318,229649.701279208,4.0,502548.9216005374
15159.0,1278537.977594,253794.009271935,3.0,117849.32192301778
15160.0,1280284.2290518,200648.623425514,3.0,388.86040214493016
15162.0,1260138.64695117,203210.142276123,4.0,1801036.959629445
15163.0,1268092.01623932,179847.148332208,4.0,139593.39002664087
15164.0,1268104.70155132,180507.629612878,4.0,128971.91124552376
15165.0,1268013.99735923,175906.787432179,4.0,2982558.931217144
15166.0,1268235.19735946,185804.738418311,4.0,6368429.745993515
15167.0,1268228.14782345,185535.162866026,3.0,356047.95087168965
15168.0,1271904.60043521,175883.986920148,4.0,746407.1103848994
15169.0,1272134.86673945,173879.299366102,3.0,811686.8323013376
15170.0,1266599.51786979,171376.906083539,4.0,1202697.7735597843
15171.0,1266669.32881385,226813.986140296,4.0,2849879.5490161474
15172.0,1286140.57888179,170683.30019483,3.0,150502.74161855903
15173.0,1286879.00032255,170150.339298278,3.0,118041.6576152954
15174.0,1273828.53854918,193036.465401709,3.0,50870.77849279673
15175.0,1274232.52530159,202670.245379582,1.0,0.0
15176.0,1262673.90762576,174004.192166224,4.0,2750778.514855747
15177.0,1262679.15760976,173343.062245548,4.0,2169783.099912318
15178.0,1260483.34378351,203278.961668208,4.0,183820.9869257963
15179.0,1295004.67207487,185844.037554353,3.0,123364.07632218018
15180.0,1262674.18288976,174977.769575223,4.0,3618045.831452168
15181.0,1265780.92964494,217852.54837112097,3.0,84777.99999999999
15182.0,1265780.66916494,217887.65915516,1.0,0.0
15183.0,1263131.21412224,175665.269543931,3.0,190893.0650548903
15184.0,1283270.83692685,258536.287164778,1.0,0.0
15185.0,1282891.82687846,258560.393468812,1.0,0.0
15186.0,1263296.0395944,171665.216483831,3.0,66972.91015354717
15187.0,1263300.0209064,171370.57801953,3.0,166400.353157865
15188.0,1265597.99953276,216818.466770068,3.0,63027.85705286027
15189.0,1282554.27007812,259820.974910095,1.0,0.0
15190.0,1263484.3968426,262750.371905103,1.0,0.0
15191.0,1283266.76115085,259934.228286222,1.0,0.0
15192.0,1282244.5308778,258455.562300697,1.0,0.0
15193.0,1281930.91180548,260088.037374377,1.0,0.0
15194.0,1272805.67544414,239747.621993542,1.0,0.0
15195.0,1263008.92893811,171713.504163876,4.0,146266.1437926143
15196.0,1262643.67933773,171732.053667903,4.0,1383635.9010118465
15197.0,1265663.37476483,246324.34641628,3.0,375901.98319780827
15198.0,1264298.86993143,171335.221731484,3.0,584832.5342294198
15199.0,1263948.65341906,171328.866467491,4.0,492432.6186943461
15200.0,1263393.6798505,284990.730007872,3.0,352278.2817574871
15201.0,1263140.55140224,284996.674199879,1.0,0.0
15202.0,1272964.7174283,280322.68321909,3.0,13597487.16098052
15203.0,1272195.62021151,278028.846288741,3.0,39958479.14499409
15204.0,1267480.98334268,212149.914381281,5.0,1514482.1171574353
15205.0,1291480.92250326,169852.916961968,3.0,35316.55753152054
15206.0,1266584.40145376,211851.581644982,5.0,10610938.25882982
15207.0,1283294.09279887,188206.911412761,3.0,3578565.556874929
15208.0,1279659.57836315,171089.407587245,4.0,3059442.371721844
15209.0,1279206.6403147,185797.723698303,4.0,476201.9769653014
15210.0,1279132.80978662,185597.922866091,4.0,522380.6781738108
15211.0,1288916.39354064,174599.534438834,4.0,127164.0
15212.0,1280268.27564378,181418.57790181,1.0,0.0
15213.0,1267112.4548943,234316.909795985,3.0,88709.02222030995
15214.0,1279261.54245874,185944.434354454,3.0,39323.61459175922
15215.0,1280632.50758015,173734.54173395,4.0,1411095.7134677256
15216.0,1286400.36281806,243143.162797019,1.0,0.0
15217.0,1281577.74482912,201264.660610139,3.0,120056.46936230578
15218.0,1255955.52246688,201704.081922591,4.0,85903.55289397095
15219.0,1262059.49053714,233123.025698766,3.0,636455.761874028
15220.0,1289195.58163692,174588.956070825,3.0,206972.50683717587
15221.0,1288571.62816428,174973.759079218,1.0,0.0
15222.0,1288877.83424459,174640.672166869,1.0,0.0
15224.0,1264817.39517996,216559.589649796,3.0,93460.28153659146
15225.0,1264326.14385146,216509.762321755,1.0,0.0
15226.0,1256041.65251496,193233.183545917,1.0,0.0
15227.0,1266074.49271725,217947.411667228,1.0,0.0
15228.0,1287592.69869128,194567.453179285,1.0,0.0
15229.0,1265601.67050876,216995.805970252,4.0,169542.0
15230.0,1282920.78022249,274864.430029511,3.0,45261.66751000513
15231.0,1261116.88714416,284114.71272698,1.0,0.0
15232.0,1261237.93738429,284273.140567139,3.0,5286645.662329584
15233.0,1263653.69668277,286949.870105878,1.0,0.0
15234.0,1282814.62687838,193322.22700201,3.0,42389.99999999999
15235.0,1283121.5127667,193751.480058447,3.0,2662805.0653598816
15236.0,1280372.42309989,206902.66573591495,3.0,572599.811723099
15237.0,1285228.41209686,201528.888386413,1.0,0.0
15238.0,1260432.66832747,286239.581209153,1.0,0.0
15239.0,1260122.88419914,286247.189785168,3.0,42450.0
15240.0,1263423.58365853,286965.952409893,3.0,2085500.6070292844
15241.0,1260778.32221583,286225.45032914,3.0,109191.33588209208
15242.0,1260445.16835947,286239.581209153,1.0,0.0
15243.0,1282900.48428647,196673.520509437,4.0,293865.5083483681
15244.0,1283041.48172662,196775.754557535,1.0,0.0
15246.0,1283262.98099084,189220.4021658,3.0,468836.8508322635
15247.0,1282454.58265401,189091.060917675,1.0,0.0
15248.0,1282909.91737448,197611.093758404,3.0,40435.896804054646
15249.0,1282076.48364563,201520.769026399,3.0,20940.40782917868
15250.0,1280418.22713193,206903.683783919,3.0,1301103.2591136403
15252.0,1281143.23321268,204742.54797369204,3.0,20992.91964892827
15253.0,1266173.15460534,193055.625145733,3.0,84778.0
15254.0,1266153.27991733,193049.156345725,1.0,0.0
15255.0,1282870.36198245,198662.435135469,4.0,85372.45416750161
15256.0,1279171.83692266,210001.097163081,4.0,796358.4730115123
15257.0,1279375.28466687,209988.845899075,3.0,550532.9279271952
15258.0,1277342.35109678,217557.899986818,4.0,247572.1720693397
15259.0,1282573.40326214,197481.803006262,1.0,0.0
15260.0,1282861.87417443,197481.37747027,3.0,67977.65545798207
15261.0,1281387.17497292,203926.54438886,3.0,57143.586058405584
15262.0,1279783.06207529,208344.772105381,3.0,6631.364985921793
15263.0,1266163.51121333,192460.779257119,1.0,0.0
15264.0,1279039.06681052,212470.535501614,1.0,0.0
15265.0,1279161.22930664,212465.22183761,3.0,1243418.28125737
15266.0,1281097.49874863,204740.14048570403,3.0,4395.834395060724
15267.0,1280536.65900405,206606.198791608,4.0,2638816.837522864
15268.0,1279192.69317868,211910.078285038,3.0,1606610.5540195832
15269.0,1280297.61618781,207200.341640219,4.0,5407810.063485228
15270.0,1281032.16326056,204941.304133907,3.0,26162.691712029133
15271.0,1281057.60972458,205020.393861979,3.0,51591.4042067406
15272.0,1282044.6628456,201778.649410665,3.0,43837.77885485752
15273.0,1283135.19116671,193981.042938679,3.0,56564.38541957274
15274.0,1279205.23775469,212329.398925468,3.0,1153400.9272607218
15275.0,1281960.66860551,202039.049794927,3.0,188458.38887169832
15276.0,1280200.8273237,207446.623944461,3.0,26660.0695326775
15277.0,1279954.79698746,207207.142472222,1.0,0.0
15278.0,1280247.04242776,207199.80948022,4.0,639588.3393446631
15279.0,1279201.90610668,212075.499533206,4.0,8044364.068049445
15280.0,1282124.87756568,201518.11712239697,3.0,125084.74899167025
15281.0,1282966.28211054,193738.827514425,1.0,0.0
15282.0,1283073.79827066,193720.857082412,3.0,73184.91164997949
15283.0,1282982.72499056,193294.677497983,3.0,108331.9144965534
15284.0,1279275.34981877,209586.011082664,3.0,78518.76223994569
15285.0,1280144.82937165,207452.243656471,3.0,46300.10476267923
15286.0,1279227.79417071,213517.789326683,3.0,600351.848079941
15287.0,1282815.63865438,193370.159994051,1.0,0.0
15288.0,1279121.11589861,209999.026955083,4.0,439537.1784350805
15289.0,1279384.03826687,209321.01850639295,3.0,40926.22302800102
15290.0,1280923.15692444,205284.141382247,5.0,869975.7580011705
15291.0,1283097.11321467,191968.082424626,4.0,239526.1404623437
15292.0,1282908.95641448,197482.338110268,3.0,79998.79755503628
15293.0,1283430.59449501,197477.633086264,3.0,41419.46733993416
15294.0,1279180.36639467,212822.293005973,3.0,1167452.1327430776
15295.0,1280881.21574041,205578.316678554,3.0,23144.753723665606
15296.0,1262765.25687386,194326.970427036,3.0,49632.426503741866
15297.0,1262691.48074578,194052.169082746,1.0,0.0
15298.0,1282916.35532649,196402.722173154,3.0,372113.7814159116
15299.0,1284591.4257922,277518.124560222,4.0,88933.2571156717
15300.0,1279214.36338671,212549.17377369097,3.0,1112989.911560109
15301.0,1282406.47186996,200595.732161447,4.0,2914114.0391221466
15302.0,1282906.07385448,197252.692222029,4.0,361576.1144230038
15303.0,1255150.37641805,194635.26015535,3.0,15600.255141550022
15304.0,1255094.07894599,194636.412667349,3.0,145897.35609842022
15305.0,1279225.37618671,212893.659982041,3.0,67316.78735798373
15306.0,1282911.83897449,197920.49145472,4.0,1829805.3894437032
15307.0,1281536.53791708,194625.781179339,3.0,253821.5710169036
15308.0,1265232.99108438,192411.907961071,4.0,903331.0060944416
15309.0,1282909.08435048,199261.560576081,3.0,1122659.1297146974
15310.0,1280967.51609249,205285.517062262,4.0,5201646.888565582
15311.0,1282264.43967782,197264.562942043,4.0,738457.6524024709
15312.0,1274660.57131803,267288.713221744,1.0,0.0
15313.0,1282814.79449439,195912.983612657,5.0,1589134.1865650937
15314.0,1282986.25414257,195908.771708652,4.0,290254.41258758947
15315.0,1274986.20453437,267259.634245723,3.0,364881.40370052186
15316.0,1274983.38431036,267134.863173589,4.0,487174.9488740128
15317.0,1251140.00911795,248034.60376203095,3.0,466118.0
15318.0,1292551.96109636,185432.386801928,1.0,0.0
15319.0,1282722.61919829,196661.70226942,1.0,0.0
15320.0,1282853.99161443,196660.695037425,4.0,116865.48465957606
15321.0,1287639.80915533,201007.886145875,3.0,84777.99999999999
15322.0,1283271.77395086,194591.168059304,5.0,2871925.155762119
15323.0,1283050.32787062,195911.10143666,4.0,639348.6812926602
15324.0,1288318.16870803,172878.385317072,3.0,126835.43333333332
15325.0,1288856.06458057,172879.453925073,3.0,42551.43333333333
15326.0,1282877.64217445,196665.410301432,4.0,3595660.6796379564
15327.0,1289450.68973318,172301.063652486,3.0,349691.0743824373
15328.0,1289599.45946133,172207.487716377,1.0,0.0
15329.0,1283017.82265459,195910.647996649,4.0,3611604.292629337
15330.0,1283295.96249488,194590.272699296,4.0,3253218.569386657
15331.0,1283323.6875509005,194589.346811309,5.0,2029982.6460469973
15332.0,1254960.90467386,200647.146753505,3.0,719199.7471449544
15333.0,1288290.583428,172673.953636855,3.0,211430.0
15334.0,1288428.05626014,172020.603236198,3.0,1132449.5798125917
15335.0,1289525.50291726,171955.608292133,3.0,839033.7477269847
15336.0,1260736.62839177,174949.70371919902,3.0,84495.54308807492
15337.0,1295435.77876331,183851.328304306,3.0,44057.40779943695
15338.0,1295746.22765963,183838.958256289,4.0,181092.48277830635
15339.0,1279192.55570668,213194.937934354,4.0,826731.6360079168
15340.0,1279233.34009072,213149.319566309,3.0,8077.772860782728
15341.0,1263084.06692219,173988.911974207,3.0,147820.45311207496
15342.0,1278733.86373821,248309.278770313,1.0,0.0
15343.0,1265725.87857288,166081.018334106,3.0,290979.914243432
15344.0,1270998.08158629,227029.33545252695,5.0,3458564.615628785
15345.0,1270933.59518622,227134.099356622,3.0,797558.6873121861
15346.0,1265848.86129302,271492.624458045,5.0,1156694.0929681845
15347.0,1280414.02015592,287004.236505941,3.0,3825606.6957043335
15348.0,1257386.90806834,284783.791767657,3.0,84614.68637196135
15349.0,1257161.49968411,285215.617688105,3.0,127321.53470111752
15350.0,1269770.76318502,278460.515409186,3.0,116758.26573911955
15351.0,1296224.20865212,183817.797872275,4.0,222450.6301457343
15352.0,1294049.54208989,188583.973045155,4.0,742279.5115915983
15353.0,1267494.1834067,284728.168535605,3.0,54681.28478409198
15354.0,1282160.86994971,201248.998850122,4.0,410748.54943815706
15355.0,1282187.51558174,201247.501826122,4.0,6493796.211993606
15356.0,1280482.502588,206607.781447604,3.0,507033.1307933166
15357.0,1280509.75353202,206606.985543609,4.0,18236040.337849226
15358.0,1255594.15241851,202038.885058925,3.0,186648.11005862945
15359.0,1282213.50079776,201246.041858122,4.0,2016329.1116052133
15360.0,1280272.55813979,207199.799944222,4.0,24215174.873115268
15361.0,1290234.96371798,181635.158510044,1.0,0.0
15362.0,1290294.83795805,181395.55626979505,3.0,485390.783819428
15363.0,1289653.27526939,184699.988657176,3.0,107180.97915893151
15364.0,1278503.83429797,181715.910318121,4.0,317508.1823223239
15365.0,1263838.08017096,282479.288853303,1.0,0.0
15366.0,1280947.42886047,205285.283462256,4.0,15359990.54431445
15367.0,1293991.16519383,188437.147509009,1.0,0.0
15368.0,1273579.00165293,242601.82071647,1.0,0.0
15369.0,1289654.61414939,184827.234161302,1.0,0.0
15370.0,1296415.89460431,183131.052527577,1.0,0.0
15371.0,1296666.47156458,183000.140015438,3.0,84778.0
15372.0,1296060.79988395,182524.560302943,1.0,0.0
15373.0,1296888.4498048,182487.766062915,4.0,1046675.1944933928
15374.0,1281138.89266866,185595.69029009304,3.0,91011.2968108151
15376.0,1281455.25100499,215699.082512915,3.0,811799.481490437
15377.0,1294996.24916285,185611.172210112,1.0,0.0
15378.0,1296453.98407635,182762.34225519,1.0,0.0
15379.0,1296866.19950077,182739.931567162,3.0,459090.0400614746
15380.0,1288854.64730057,172573.328868762,1.0,0.0
15381.0,1289262.81408499,172868.116325065,3.0,265427.69357433467
15382.0,1287948.73766765,173805.388070017,1.0,0.0
15383.0,1289230.21741295,172978.661413178,3.0,223177.00468544423
15384.0,1289864.9316536,172972.784741163,1.0,0.0
15385.0,1260755.70512779,201801.17523469,4.0,1069378.2257812817
15386.0,1260635.38448767,201804.241538689,3.0,377227.9015276635
15387.0,1272293.07736361,261399.71679972103,5.0,7279584.114757956
15388.0,1272209.52011552,262822.39571318,3.0,4775193.761365342
15389.0,1271937.76638725,261199.729663506,3.0,69386919.9957566
15390.0,1272609.32901193,263874.164290249,3.0,65266290.9393
15391.0,1272087.43243541,256190.01138638,3.0,2923770.558211834
15392.0,1272076.95281939,260283.57535857,3.0,5754914.014808176
15393.0,1274039.1651094,220345.059733674,4.0,13289494.871773023
15394.0,1275585.36114298,219632.918164954,3.0,12897092.491057882
15395.0,1271616.04689892,255470.20082564704,5.0,15676998.442481732
15396.0,1272543.94366787,254206.703352347,3.0,9584858.207039278
15397.0,1276301.30981572,219673.74350899496,3.0,652835.218751825
15398.0,1277558.332601,218697.206419989,4.0,1428982.131972038
15399.0,1272067.39243539,260613.440830916,3.0,39493330.454709694
15400.0,1272365.16414769,263263.939137623,3.0,38137340.1542391
15401.0,1268629.96132787,173930.802214146,3.0,415165.50638260174
15402.0,1267970.55812718,173933.967846155,4.0,688254.9830360783
15403.0,1262688.50570577,175689.57527194903,3.0,182622.1086140849
15404.0,1289959.38752571,172269.652964443,3.0,84778.0
15405.0,1290055.0684218,172131.421604306,4.0,407957.9969588941
15406.0,1289907.40205365,172253.959396437,1.0,0.0
15407.0,1287901.62457959,200803.640833661,1.0,0.0
15408.0,1287626.43910731,201002.987905875,1.0,0.0
15409.0,1279782.70348328,202325.25657922,1.0,0.0
15410.0,1290365.78496611,180452.108716831,3.0,821607.5485414896
15411.0,1292272.85306408,179840.364524201,5.0,7087165.890988597
15412.0,1270409.42072168,173908.741222128,3.0,265797.2024445638
15413.0,1268146.14507137,182510.952046931,4.0,1321438.9816997645
15414.0,1268131.12900735,181833.623982236,4.0,4763358.283075183
15415.0,1271382.01393868,233267.366946906,1.0,0.0
15416.0,1260227.98506325,242176.151596025,3.0,1716.6909758164368
15417.0,1260309.73226334,242343.574508205,4.0,2797.9191635834245
15418.0,1258354.56586134,238033.767527789,4.0,4462869.138013686
15419.0,1258674.06096567,237992.673063755,3.0,5165720.681388391
15420.0,1269194.11307244,200474.755329326,3.0,1981958.5102349832
15421.0,1275077.05541447,211819.57223694,3.0,4791.02634400012
15422.0,1260423.50762346,242213.749292076,4.0,10010.780679021422
15423.0,1259925.28880695,242284.539180145,3.0,14040.378387148005
15424.0,1268598.96567982,212178.133197308,6.0,888709.2291960658
15425.0,1294082.23917793,183871.84593632803,3.0,39082.75569682697
15426.0,1258255.22026123,234925.396772608,4.0,7292098.5424382435
15427.0,1257482.29072444,234903.469604582,3.0,2060.015771704033
15428.0,1293439.08596127,183903.622448355,3.0,33730.19789293274
15429.0,1283387.75795098,180436.694700807,3.0,2441689.1249881666
15430.0,1283484.27385508,180240.888300613,4.0,2517306.860497019
15431.0,1260009.33130303,240357.789738163,4.0,397025.792683507
15432.0,1267313.21822251,245175.328687102,3.0,141816.50544023636
15433.0,1267217.63217442,245000.75684692,3.0,13940.751232375893
15434.0,1259926.56931895,242372.790956229,3.0,653368.9443680245
15435.0,1269509.66264077,198282.513023078,3.0,9913726.516503504
15436.0,1293454.16692129,184142.251888603,1.0,0.0
15438.0,1264423.42250755,212117.518157259,3.0,74753.59231121527
15439.0,1264669.9502518,211569.77511669704,3.0,24287.0191941588
15440.0,1266719.53604591,229163.224542707,3.0,16976.08175136685
15441.0,1269868.28664114,198466.151423275,3.0,864767.2957499555
15442.0,1269661.23716892,198874.91276769305,3.0,749471.3927687772
15443.0,1266301.37150148,229327.33967886903,5.0,20790416.492775504
15444.0,1266521.98327771,229321.70582287,3.0,28417.023257976583
15445.0,1272137.50814745,235415.198565111,3.0,204269.25203022384
15446.0,1264540.31761168,212115.080461249,3.0,46141.01307453288
15447.0,1263357.72157846,212648.776269794,6.0,6054204.583367127
15448.0,1263634.80497074,212551.901453704,3.0,109312.6766509395
15449.0,1266627.66743781,229222.542366773,3.0,6342.779839151009
15450.0,1264707.37341985,212111.596557245,1.0,0.0
15451.0,1271811.90411513,219667.23272498,3.0,4587181.4081301885
15452.0,1271732.9295230398,217398.03777866103,4.0,13009392.045082057
15453.0,1265184.87934034,228099.949405611,4.0,28358322.482670534
15454.0,1265325.78487648,228254.286429778,4.0,20419021.602406792
15455.0,1275976.39250338,207412.001288429,4.0,949270.2963906848
15456.0,1263166.77508226,241746.615403593,4.0,12425764.773144975
15457.0,1261415.03748047,242899.77911678,4.0,12599492.108671408
15458.0,1277655.59583311,219100.983828396,3.0,10165745.416495409
15459.0,1277993.35141745,218789.157716081,5.0,14694357.883796727
15460.0,1284168.29868777,192675.178425342,4.0,47045.26490853251
15461.0,1284272.07935987,192229.36696888495,3.0,5012.046524655013
15462.0,1263323.77706642,212592.673677742,4.0,1089465.1093688032
15463.0,1281478.89298902,198619.915903434,3.0,196015.3917537928
15464.0,1264150.11498727,212901.521486059,1.0,0.0
15465.0,1285007.00243263,184533.975857005,3.0,39621327.69745167
15466.0,1267987.59678321,212216.691533357,3.0,2384865.690492373
15467.0,1267671.77003089,212152.057421282,3.0,739505.2042747353
15468.0,1280981.7873885,199149.017855972,1.0,0.0
15469.0,1280985.39334051,199599.901760429,3.0,629410.5144959482
15470.0,1280983.17714851,199262.230208084,1.0,0.0
15471.0,1281709.56511725,230023.364895582,1.0,0.0
15472.0,1273529.87211688,215672.711184889,1.0,0.0
15473.0,1295218.09844309,184525.615984991,3.0,93408.05813309769
15474.0,1270105.14372937,255825.018682003,1.0,0.0
15475.0,1280796.99046032,199300.448320121,1.0,0.0
15476.0,1295542.75367542,184309.780464783,1.0,0.0
15477.0,1267536.48811074,236201.00803791,1.0,0.0
15478.0,1275925.62815133,179798.875436157,3.0,6489.433430449254
15479.0,1254439.07043333,209945.76493902496,3.0,768119.3273043414
15480.0,1254398.35657729,208626.429321676,3.0,175027.90788648935
15481.0,1266070.32535724,286987.71912992,3.0,1163417.9263199477
15482.0,1266189.94225337,191996.005240649,3.0,58895.02998802422
15483.0,1266537.91108572,191443.099832088,4.0,47199.474326754535
15484.0,1266070.86673324,287408.63855435,3.0,4282339.54755172
15485.0,1266543.80606173,192007.729656667,3.0,67764.20988086444
15486.0,1266311.46334149,192004.508152649,3.0,13780.174003159113
15487.0,1259968.75427899,201822.70899471603,3.0,329440.2159092176
15488.0,1274170.91710953,240729.432042554,3.0,68231.94670855052
15489.0,1273704.23826106,241337.872747168,4.0,173627.63294771477
15490.0,1267535.72830275,191011.283767641,4.0,1197534.446100859
15491.0,1271084.90949038,221830.5301992,4.0,127164.0
15492.0,1271084.72248237,221813.19099918,1.0,0.0
15493.0,1284655.45062427,192668.613497332,4.0,455455.4563495387
15494.0,1280786.26086031,231422.110433012,4.0,5028233.341114956
15495.0,1267639.13822284,230571.670560151,4.0,26816355.868474435
15496.0,1271115.0616824,222161.382551536,3.0,105468.86984308432
15498.0,1268308.13124754,191092.009975716,3.0,84778.0
15499.0,1252096.40809493,240893.82244272495,3.0,43269.30218132916
15500.0,1252087.95407893,240575.184682399,3.0,5513.755944422658
15501.0,1282591.06367816,199937.460480779,4.0,2642285.071388644
15502.0,1282612.23161417,199938.216704786,4.0,1504320.1775058988
15503.0,1282565.16607814,199937.444096774,4.0,376222.9157103532
15504.0,1282893.51091047,198662.435135469,4.0,2049747.9919395328
15505.0,1282920.66310249,198661.858687475,4.0,451985.8437873647
15506.0,1268371.00126359,169168.249057278,3.0,42847.09842677652
15507.0,1285545.55084918,169628.075233743,1.0,0.0
15508.0,1268406.63236763,168820.252384916,1.0,0.0
15509.0,1285841.10374549,174398.109670624,3.0,315115.6245814593
15510.0,1286639.77837031,174386.942054614,1.0,0.0
15512.0,1268267.88958348,169154.073569253,1.0,0.0
15513.0,1260239.47453527,244375.339438289,1.0,0.0
15514.0,1260222.20323925,244391.081902295,3.0,2559549.9600888826
15515.0,1273704.64805305,241221.004203051,5.0,717393.9696186112
15516.0,1273697.91806905,241342.945259184,1.0,0.0
15517.0,1268182.4051674,191071.385399699,4.0,2610428.961726377
15518.0,1266651.11127783,192010.168248668,4.0,207591.9952438974
15519.0,1266669.47146985,191406.051064044,3.0,44439.472453303984
15520.0,1283130.37100671,191937.080504581,4.0,10997344.247954112
15521.0,1283161.53299074,191901.669112548,3.0,8604125.70455307
15522.0,1262876.18775398,283772.842326626,1.0,0.0
15523.0,1266300.56964548,191504.872056141,3.0,19660.19927931064
15524.0,1259991.31587902,202486.357635394,3.0,172353.57122805814
15525.0,1279511.006843,202672.985539585,3.0,832082.4403016255
15526.0,1282857.07001443,197251.731262028,4.0,317728.6092381953
15527.0,1282882.14444645,197251.913342029,4.0,3658549.201277848
15528.0,1276489.2828719,235955.88022966695,3.0,4781476.854449828
15532.0,1272396.76485172,229174.167134717,4.0,3447774.639668514
15533.0,1276162.43083957,218573.733907863,4.0,6924745.284608722
15534.0,1274860.57944624,218162.704851449,1.0,0.0
15535.0,1275109.66162249,218192.27073946604,3.0,351062.7039880369
15536.0,1282362.81740592,200598.049409449,4.0,316653.39023846167
15537.0,1282385.76454195,200597.175041452,4.0,4147481.665242588
15538.0,1277237.36671267,229713.863199264,3.0,4009.4712055405
15539.0,1275397.94616678,229653.80131121,3.0,164831.82540620904
15540.0,1275588.55467899,229541.250335097,3.0,6123.360911262975
15541.0,1281564.7720931,191963.961336613,1.0,0.0
15542.0,1277240.27512868,229808.497887373,3.0,78176.24800909686
15544.0,1279085.68684256,175780.652200043,3.0,94817.37561132028
15545.0,1279060.42476255,175469.407079726,1.0,0.0
15546.0,1279853.23583536,175769.055720031,3.0,237543.61273445637
15547.0,1287107.65011477,203124.320900038,1.0,0.0
15549.0,1271297.80248259,218914.149908215,4.0,284775.6165950284
15550.0,1281195.14815673,219865.037077188,3.0,2071417.6006638752
15551.0,1274338.74226171,216186.14420941504,3.0,822312.4870712707
15552.0,1271726.96958703,223270.89544867,4.0,938502.2304513488
15553.0,1271824.01765113,223328.584984735,1.0,0.0
15554.0,1264825.90429996,217717.103378981,1.0,0.0
15555.0,1264885.09642802,216671.23080191,3.0,43225.33159635212
15556.0,1280358.72005987,221546.899542913,3.0,18818.01634155969
15557.0,1280328.91333984,219899.520597219,3.0,43601.854117086754
15558.0,1277479.59519292,248125.873650119,4.0,464464.04180080106
15559.0,1276661.01221609,235883.927653581,3.0,822242.3762999843
15560.0,1277470.84850492,247628.208625615,4.0,147156.40757278533
15561.0,1282449.39238201,235041.029732719,1.0,0.0
15562.0,1277973.26975343,246560.040112525,4.0,167481.6840702506
15563.0,1278207.89855367,246552.148080513,3.0,188994.5435977245
15564.0,1286088.84966573,196462.265341222,1.0,0.0
15565.0,1267078.88145427,192004.017336652,3.0,37713.89201707103
15566.0,1267107.7891663,191202.86571984,3.0,608453.2108943595
15567.0,1266877.70635007,197712.203454494,3.0,967747.5995340884
15568.0,1286010.10700966,196462.962493226,1.0,0.0
15569.0,1254060.67158495,254871.492345035,4.0,12312319.567166938
15570.0,1268321.36055954,261380.06105569,3.0,76330.49131830977
15571.0,1274473.5392538498,242626.286508486,6.0,913681.1040874182
15572.0,1274704.15032607,242596.141228467,3.0,622011.6601559509
15573.0,1278275.59167373,280115.324754879,3.0,101583.72247338665
15574.0,1272907.95768423,178475.095914796,3.0,84778.0
15575.0,1266238.50519741,212207.566541344,3.0,299048.8625628865
15576.0,1265513.47774068,212673.458317816,3.0,167058.65835646846
15577.0,1265503.81764466,212399.756749541,3.0,4396.232270297358
15578.0,1281314.41068485,188984.358709559,3.0,871.0422366650341
15579.0,1280694.61702022,188473.68190904,3.0,322514.5217427411
15580.0,1274715.5584541,242822.322860688,3.0,12864.991017422337
15581.0,1283788.78764738,256406.195962608,1.0,0.0
15582.0,1284027.68844762,256407.761594608,1.0,0.0
15583.0,1273285.45861262,271901.856906474,3.0,23121594.3853262
15585.0,1265309.28951646,274159.329740778,3.0,68067.32205311561
15586.0,1265313.36465247,274411.992653042,1.0,0.0
15587.0,1285629.20096126,180435.815788805,3.0,39829955.07443895
15588.0,1266291.12676546,274547.349965185,1.0,0.0
15589.0,1266486.63850966,274556.667213187,3.0,63349.97589509696
15590.0,1260177.9467272,242026.634859875,3.0,1318221.6382451777
15591.0,1266294.15857346,274732.732813373,1.0,0.0
15592.0,1266489.55748567,274727.535949364,3.0,56154.81973247528
15594.0,1266492.89572567,274922.96276556,3.0,125467.03150292016
15595.0,1265900.80734107,275134.162765786,3.0,717065.8861817817
15596.0,1266137.88759731,275130.90362978,1.0,0.0
15597.0,1273742.97605309,271309.885641858,4.0,15368615.708309185
15598.0,1260169.6708232,240352.921002164,4.0,41818.5716454894
15599.0,1279146.99410664,210002.131979078,4.0,28408016.643409647
15600.0,1272084.6191234,271567.588554129,1.0,0.0
15601.0,1280709.11826824,271074.784073621,3.0,1424257.7296305029
15602.0,1293756.8494176,183888.369584352,4.0,664642.1049153334
15603.0,1281368.3915489,189292.518517882,3.0,2150706.823260732
15604.0,1281568.50962912,188532.93573309496,3.0,2931045.263841431
15605.0,1269664.70961691,197688.280958474,3.0,345665.7476316337
15606.0,1269651.6886249,198158.767166957,4.0,677475.3884129102
15608.0,1275326.49125472,286079.300312981,3.0,9752673.05043428
15609.0,1294336.00378618,184442.43505691,1.0,0.0
15610.0,1294104.75392994,184310.490736783,3.0,84778.0
15612.0,1257482.29072444,234970.828708649,3.0,158608.1459180343
15613.0,1257379.00714034,234973.074148655,5.0,378669.5252091537
15614.0,1270817.13246611,197241.872702017,3.0,345015.6535577193
15615.0,1271322.24337862,227446.074076951,3.0,9506721.48453882
15616.0,1273601.19749296,247519.946033508,3.0,25104705.135846384
15617.0,1274528.9029659,252354.107958451,3.0,13731841.336229067
15618.0,1274038.1873814,251126.435893193,3.0,134859069.2351104
15619.0,1273446.17182879,242840.059052706,3.0,180918375.89595225
15620.0,1273409.77426076,243284.896749169,3.0,5421242.91577493
15621.0,1273492.32562084,244735.092014655,3.0,4237018.088582207
15622.0,1276839.83500026,218478.508051768,1.0,0.0
15623.0,1273401.51838875,239798.738025591,3.0,2997936.352190192
15624.0,1277284.74258472,201184.30048205,3.0,25801050.44952617
15625.0,1271680.52280298,230734.349664316,3.0,4481751.381433241
15626.0,1276216.22405563,202457.75270736203,3.0,50328015.855398335
15627.0,1277924.41976938,218862.415444165,3.0,122260.83431044116
15628.0,1276264.39749567,218998.50242029096,3.0,490243.82168921054
15629.0,1276788.81708021,238184.09463194,3.0,13398819.706221078
15630.0,1277884.57996134,238361.71005612603,5.0,13773841.08379961
15631.0,1271688.14981098,215076.370832279,5.0,40969176.72390331
15632.0,1274173.24389353,195869.250428617,3.0,61962.964406548
15633.0,1274303.58219767,195863.657916605,1.0,0.0
15634.0,1271710.75768301,230180.395743743,4.0,154149649.3235999
15635.0,1269417.62347266,198541.277887344,3.0,85488.53028917169
15636.0,1269015.36606425,198689.561087504,3.0,34927.817685885486
15638.0,1275602.686583,284676.287703559,1.0,0.0
15639.0,1275796.97227921,284671.083991542,3.0,89439.90495435902
15640.0,1277035.60760847,218418.999315709,1.0,0.0
15641.0,1279690.91756319,213534.820430696,3.0,6835.826301587278
15643.0,1277674.32248913,219368.57122068095,3.0,1834477.7567757329
15644.0,1260230.85021526,242420.819756284,3.0,728079.6673240648
15645.0,1260186.39229521,242530.89431639,3.0,2581609.3267740016
15646.0,1269810.80740906,194768.469499484,3.0,16802634.55652161
15647.0,1259819.30378284,242374.622636229,3.0,725505.3645946225
15648.0,1282982.26073456,181355.849005759,3.0,9472814.633713445
15649.0,1268661.56759989,213742.522126913,1.0,0.0
15650.0,1257374.51664433,234903.469604582,3.0,56534.52378515413
15651.0,1268235.34628746,212079.117325217,3.0,1991098.9440086584
15652.0,1274858.96466224,252551.115766659,3.0,5371.1338141727
15653.0,1280736.97913226,188158.473204717,3.0,322514.5217427411
15654.0,1280887.90009241,188486.98206906,3.0,709961.0864382661
15655.0,1273681.20715703,220716.26504606,3.0,476871.2792595073
15656.0,1273598.90450095,221557.867734924,4.0,2087493.608134886
15657.0,1287683.00493138,175212.599207461,3.0,12152.002235382231
15658.0,1267495.95019069,285118.677592009,1.0,0.0
15659.0,1288328.79430804,174586.162086815,3.0,159581.18019699282
15660.0,1288622.31110834,173865.980134085,3.0,140409.03668473725
15661.0,1288618.58541232,173717.610021934,3.0,84777.99999999999
15662.0,1288520.73389223,173718.489957929,1.0,0.0
15663.0,1288774.76224449,173709.493285924,1.0,0.0
15664.0,1272883.06763622,234188.159075856,3.0,11631568.719515404
15665.0,1273284.41298063,236462.219110176,3.0,10161521.116067152
15666.0,1274044.2090774,204771.454725727,3.0,7681704.252872455
15667.0,1260746.68215179,175126.593767375,1.0,0.0
15668.0,1273529.36856487,243366.546541244,4.0,3021378.048652522
15669.0,1273268.77163661,218798.347284093,3.0,1595455.4226681176
15670.0,1273434.06194077,218040.82849931705,3.0,60025470.21979276
15671.0,1274747.32971813,252503.41899861404,3.0,13891587.537189446
15672.0,1271412.28843471,224797.240794241,3.0,147323588.25741035
15673.0,1271699.98309101,229532.444959089,3.0,150812349.3258789
15674.0,1271900.30456321,262413.755456761,3.0,8043.038002538984
15675.0,1271888.04177919,261934.02905626604,3.0,135017.86720819626
15676.0,1261303.01437636,174946.481895193,3.0,126657.54308807482
15677.0,1274873.22411825,238060.87799181,4.0,6948670.36129565
15678.0,1273102.45010044,235795.768037498,3.0,7202619.185943686
15679.0,1270337.7062896,177858.328106165,1.0,0.0
15680.0,1286711.55149038,285760.859032661,1.0,0.0
15681.0,1287260.86009894,285806.879320711,3.0,285714.9636920954
15682.0,1281878.46732543,218535.616851822,3.0,148474.9814363646
15683.0,1264825.31242797,165914.504925936,3.0,209193.53762005275
15684.0,1262001.07664907,174659.899494901,3.0,153426.66445839716
15685.0,1261990.38602506,174316.562278539,3.0,112485.39414816911
15686.0,1265574.11934073,166047.579806075,1.0,0.0
15687.0,1280405.62706792,284522.980951399,3.0,85274.28888888888
15688.0,1280619.32844414,284521.413335398,1.0,0.0
15689.0,1266391.68369357,166530.115230575,3.0,372987.5830049095
15690.0,1267845.49668705,167562.470431626,3.0,538021.0915270403
15691.0,1267549.03633475,167478.027999535,1.0,0.0
15692.0,1280022.51993152,181272.268845662,1.0,0.0
15693.0,1261493.52976856,174375.984678611,3.0,42686.00000000001
15694.0,1280399.10181992,283216.079702049,1.0,0.0
15695.0,1282889.46265446,274701.480269343,3.0,84286.76375608509
15696.0,1259750.39248677,234490.785764158,3.0,36507482.06978425
15697.0,1253327.84233619,251583.182005659,3.0,31423819.718666323
15698.0,1266406.81982158,166883.507550925,1.0,0.0
15699.0,1280050.01951556,284678.459991559,1.0,0.0
15700.0,1280405.87417191,284670.199831545,3.0,43284.33333333333
15701.0,1268485.56894371,167711.555807784,3.0,621130.4444742067
15702.0,1266551.73418973,211899.744973034,4.0,1439984.516019467
15703.0,1268968.8392802,272388.600330964,1.0,0.0
15704.0,1271806.04190712,201113.66316998,4.0,857309.1599544378
15705.0,1282887.53913446,197921.340158716,4.0,3635636.355928044
15706.0,1269351.4490726,218494.999827787,4.0,211918.0
15707.0,1269216.98283246,218070.759187341,4.0,127164.0
15708.0,1274869.30450225,198308.828927115,4.0,1945323.0740329304
15709.0,1275707.67653511,197462.569086239,1.0,0.0
15710.0,1269284.03678453,212560.094989702,3.0,10548.92820473871
15711.0,1269292.46328054,213144.66599831,5.0,256830.3947283335
15712.0,1281784.75884533,202569.436867476,4.0,10398135.546797218
15713.0,1261035.27248809,245096.215343028,3.0,58842.051051766335
15714.0,1283422.579391,210834.422283933,3.0,240055.01099183032
15715.0,1263354.26455446,243212.8289731,4.0,73392.01221073628
15716.0,1270478.99569775,222490.41403988,4.0,117949.6406331274
15717.0,1274209.28088558,226188.035931662,4.0,444186.82713639154
15718.0,1281839.75942139,221919.756439283,4.0,117709.92393679198
15719.0,1283265.48454285,228241.63842976105,3.0,42389.99999999999
15720.0,1280639.55148415,219060.955348358,3.0,13473.94633396478
15721.0,1280630.74278015,220308.954197645,4.0,21289.32063498183
15722.0,1283555.24057515,228207.804189727,1.0,0.0
15723.0,1260715.44439176,174238.258278459,1.0,0.0
15724.0,1283146.04287873,278044.56116876,3.0,85788.79981833631
15725.0,1283090.65222266,274608.745869249,1.0,0.0
15726.0,1267151.16145435,167151.507679209,1.0,0.0
15727.0,1266843.10564603,166682.376414731,3.0,455293.1082166092
15728.0,1279187.21580267,213020.94055818,3.0,928630.5983602868
15729.0,1279229.40997872,213019.849998176,4.0,110506.62453795322
15730.0,1270629.4442099,201130.094594002,1.0,0.0
15731.0,1290430.13363819,176553.782184839,4.0,16584961.500542635
15732.0,1289516.10426125,177107.38967339703,3.0,15614795.838693377
15733.0,1294244.25031409,179313.111659661,1.0,0.0
15734.0,1272591.31070791,200403.006785259,4.0,1460039.0226369817
15735.0,1265419.10455658,227890.100445405,4.0,6272118.714240014
15736.0,1260822.66986386,245092.89643101403,3.0,27133.178529651534
15737.0,1273245.11448459,205606.982598588,3.0,16237298.3589618
15738.0,1271071.26584236,208308.843977347,3.0,15753212.642656032
15739.0,1271361.00901066,222473.742871851,4.0,1706227.842693373
15740.0,1287020.8163227,280968.890963748,1.0,0.0
15741.0,1288323.08077203,174326.102566555,3.0,120134.6366976889
15742.0,1288609.60250032,174320.904742554,1.0,0.0
15743.0,1268747.36663999,168295.057568371,1.0,0.0
15744.0,1288767.10118848,185520.320370018,1.0,0.0
15745.0,1271853.70917116,201110.949633986,3.0,74397.6516004078
15746.0,1265988.47185315,211909.351565033,3.0,750931.7559238184
15747.0,1273127.48613247,213010.97601416695,3.0,179211.56946079983
15748.0,1273320.13637267,213009.98030217,1.0,0.0
15749.0,1257585.01494855,237818.450023577,1.0,0.0
15750.0,1257275.75043623,237823.64419958004,3.0,204422.1480215631
15751.0,1274469.13534984,198678.591615483,4.0,1551490.840337474
15752.0,1269131.36484838,212056.641293183,4.0,82347.3546111523
15753.0,1268741.56183997,211859.559692994,4.0,4557212.000397299
15754.0,1279391.59634688,176449.032744721,4.0,336917.68697752093
15755.0,1279397.15308289,176099.593128368,1.0,0.0
15756.0,1279690.84537119,173764.862245977,4.0,143127.0472263825
15757.0,1279678.45529117,173090.745829284,4.0,383910.6296058229
15758.0,1257239.4034282,199292.690752119,1.0,0.0
15759.0,1272684.58872402,200328.852737173,4.0,1226319.8914831106
15760.0,1272919.76939626,206306.080647305,3.0,137807.53134843486
15761.0,1261234.51613629,245608.322863549,4.0,110529.28688464568
15762.0,1261226.06832828,245341.966127276,4.0,61941.80031332324
15763.0,1260924.58794397,215936.668945163,3.0,4724685.948052329
15764.0,1279648.22930714,208740.305097789,4.0,27185036.82857668
15765.0,1279950.99775545,207988.801353022,4.0,24628404.959110968
15766.0,1271378.32657868,222701.876568094,1.0,0.0
15767.0,1269111.36292836,216236.307153463,1.0,0.0
15770.0,1269274.34718452,209996.444939077,3.0,334434.9031757729
15771.0,1268769.12478401,211028.509196132,1.0,0.0
15772.0,1273333.27019668,199730.03174457,3.0,1156862.7980561107
15773.0,1269277.69528052,212050.231565177,4.0,117868.89489214304
15774.0,1269278.10404852,211294.481740415,3.0,4570008.534207952
15775.0,1269281.57944053,212173.59150131,4.0,101223.22010573137
15776.0,1292039.12909584,172684.847012877,1.0,0.0
15777.0,1269200.30603245,215824.945425048,1.0,0.0
15778.0,1269673.41662493,202004.285762891,4.0,3918498.664156709
15779.0,1265605.04286076,187649.434868202,3.0,93199.42142182717
15780.0,1267350.73886254,272788.398795381,3.0,44487.65537350719
15781.0,1284829.94041646,186394.362930909,1.0,0.0
15782.0,1293711.73728955,188172.499444738,1.0,0.0
15783.0,1286928.18592259,286043.306648955,1.0,0.0
15784.0,1280050.19705155,173753.069285959,3.0,46009.8064752637
15785.0,1269758.44235301,272518.142411098,3.0,57380.85197994518
15786.0,1267350.19454256,272467.875147045,1.0,0.0
15787.0,1269892.77476916,272516.412107095,1.0,0.0
15788.0,1264343.49911547,281812.605140626,1.0,0.0
15789.0,1295591.69121146,185623.581938118,1.0,0.0
15790.0,1295809.44109969,185610.451058105,3.0,44628.04866849429
15791.0,1293546.97780138,185534.462706029,1.0,0.0
15792.0,1279696.2246352,174000.834534213,1.0,0.0
15794.0,1279737.98866723,207876.70279291304,3.0,43494.93507573728
15795.0,1260926.59619997,203367.457540289,4.0,35579.19739786582
15796.0,1260734.38922377,203329.083268255,4.0,49063.91473926922
15797.0,1282268.65190183,168554.060000643,3.0,42618.66666666666
15798.0,1273703.04568505,241346.791083187,1.0,0.0
15799.0,1277673.66008912,175792.962856054,3.0,479905.1091878773
15800.0,1293172.705865,185553.400690049,1.0,0.0
15801.0,1283121.7919347,168535.97603263,3.0,154614.1513622007
15802.0,1278504.72146598,176453.281704739,3.0,48942.317638409455
15803.0,1289580.87712531,185154.61112164,1.0,0.0
15804.0,1283140.02092671,277859.277392566,1.0,0.0
15805.0,1261089.45348014,212220.573389351,3.0,56212.17446506292
15806.0,1260953.35005599,212113.677581251,3.0,98223.77950385796
15807.0,1261115.46295217,202423.598915324,4.0,8753.615774530257
15808.0,1261194.66224825,202046.216130942,3.0,27661.494388970044
15809.0,1277843.2079933,189064.521269649,6.0,1652508.5208677533
15810.0,1271888.80523519,231958.852449566,3.0,300587.6327664633
15811.0,1278297.24844176,175787.449064046,3.0,154713.89305346255
15812.0,1281930.51673348,171552.251171708,3.0,84778.0
15813.0,1269768.70680103,278070.23304078,3.0,53094.8497979021
15814.0,1270056.95224132,278068.380368784,1.0,0.0
15815.0,1268717.39588796,234274.20611594603,3.0,3970520.585320882
15816.0,1260173.79882321,241798.432555646,3.0,3034914.6803261456
15817.0,1285209.77171284,279302.659026057,3.0,11915.703502403365
15818.0,1268651.62993588,212042.314893171,4.0,65915.90146872702
15819.0,1268651.21655989,211860.835596994,4.0,4525708.249242366
15820.0,1277409.50117685,206248.977031246,4.0,716421.4692486327
15821.0,1284865.84518449,168804.370848894,4.0,90063.1246176527
15822.0,1285376.13254501,168812.51388891,1.0,0.0
15823.0,1279734.91353123,207734.341192767,1.0,0.0
15824.0,1283522.32524711,168527.768736616,3.0,78318.86498244213
15825.0,1281376.42994891,180192.348396555,1.0,0.0
15826.0,1281566.1166051,180119.391852483,3.0,84778.0
15827.0,1284230.09158383,170206.105570331,1.0,0.0
15828.0,1266626.74090981,286942.386521876,3.0,246862.37284600135
15829.0,1266789.64810997,286939.799961865,1.0,0.0
15830.0,1273912.44882128,244948.411502868,3.0,40524.98913804904
15831.0,1273687.97285303,246104.872112051,3.0,1236122.230568208
15832.0,1267116.48043031,262189.172288522,3.0,900123.4908365868
15833.0,1278220.34834568,175484.429991737,1.0,0.0
15834.0,1273268.47570062,211997.639437124,3.0,2387079.793389692
15835.0,1273602.15774895,213459.664718628,3.0,4831258.160351687
15836.0,1290103.63885385,180059.520236418,1.0,0.0
15837.0,1281795.43730934,171433.997155592,1.0,0.0
15838.0,1277999.78482546,176457.74269673196,3.0,161204.68742697412
15839.0,1260575.55978361,202817.063619733,3.0,59117.19761793048
15840.0,1260689.56221573,202333.125635237,3.0,25743.492688273447
15841.0,1256127.17993906,193224.816761911,1.0,0.0
15842.0,1273910.81067728,252608.71045471696,3.0,3003112.220261379
15843.0,1273127.92184447,234814.175844491,3.0,1687918.5858113228
15844.0,1281499.44972503,169210.188577309,3.0,73264.87118341652
15845.0,1267471.79243067,197699.084030494,3.0,381382.0
15846.0,1276624.86956005,202551.36109145,3.0,6810556.165294286
15847.0,1272186.19665951,233433.583779082,3.0,10264204.440814205
15848.0,1271542.08081885,231982.968929589,3.0,12833489.782464338
15849.0,1272907.85630824,234772.604708448,3.0,10727740.48700537
15850.0,1273059.9249164,235844.819749549,4.0,4068841.2559104655
15851.0,1273746.0160531,248058.859314054,3.0,2253799.2196447817
15853.0,1273526.37349288,217714.443282977,3.0,107960453.73271015
15855.0,1273422.32875676,213090.413838252,3.0,11508411.929590654
15856.0,1274167.74622953,212614.29044576,3.0,4069320.596707223
15857.0,1271763.03544307,229535.829791084,3.0,9821323.464984214
15858.0,1270905.76126619,231675.178209275,3.0,13899378.560389508
15859.0,1272212.72126754,233177.532770813,3.0,13570485.848562146
15860.0,1273378.88197273,220372.38581369803,3.0,1334889.6732852508
15861.0,1271917.62731522,223858.96188128003,3.0,142862214.58947787
15862.0,1270545.26001783,231459.842657059,3.0,10916561.34398356
15863.0,1271669.54974698,230010.163167581,3.0,1229486.7584394575
15864.0,1281965.45369351,271437.77191399,4.0,58831.46989850033
15865.0,1282040.99814159,271433.861129984,3.0,89536.49023880454
15866.0,1281808.72172536,271441.187529996,3.0,67901.5035786843
15867.0,1281812.23289336,271638.9873382,1.0,0.0
15868.0,1281973.43167752,271638.552650198,1.0,0.0
15869.0,1283115.56031869,168292.208800375,1.0,0.0
15870.0,1281960.03308551,271219.115849778,3.0,36681.9207343587
15871.0,1282146.1816937,271691.247754261,3.0,222070.63333346177
15872.0,1281626.43078117,271051.185353607,3.0,596163.7804291027
15873.0,1281652.08095719,271225.208009779,3.0,334173.37642786524
15874.0,1281529.32102107,180275.455212653,1.0,0.0
15875.0,1281775.12927732,271439.939850003,3.0,97560.8003233072
15876.0,1288945.08902866,182008.686318427,1.0,0.0
15877.0,1289093.12806882,182002.95140641896,3.0,366125.8106469289
15878.0,1260580.24650362,202271.854083166,3.0,683429.3135635816
15879.0,1281763.2543333,271218.698505774,4.0,157659.6654054306
15880.0,1278483.02335395,175118.454375371,3.0,168214.3797792507
15881.0,1278879.82636236,175114.059047356,3.0,244819.81560593052
15882.0,1273481.19672483,211154.549260259,3.0,4474664.152724086
15883.0,1273714.92395706,212316.719821453,3.0,606920.3732106426
15884.0,1283788.06847939,168522.351072609,3.0,50895.38028691107
15885.0,1273245.75102858,239316.762665108,3.0,5806729.878279698
15886.0,1272295.32376361,233460.752995104,4.0,170441767.3025231
15887.0,1280148.13874766,207976.526729017,3.0,175487.60654527383
15888.0,1280143.58821966,207814.10612084,1.0,0.0
15889.0,1273621.15704498,213937.360975116,3.0,99071764.31268229
15890.0,1281417.47942096,168572.755168661,3.0,58329.35649128964
15891.0,1281414.35372496,168435.084832519,1.0,0.0
15892.0,1273607.10462895,248140.42245014,4.0,21174505.888593197
15893.0,1273953.99698131,250954.597941026,3.0,11119104.345633209
15894.0,1269572.79019283,219439.98088474604,3.0,16039421.787539417
15895.0,1281770.54495731,171555.826659709,1.0,0.0
15896.0,1268735.36631997,234376.49629204,4.0,3601595.069904852
15897.0,1281508.98150104,194471.668283179,4.0,401662.03164610127
15898.0,1284169.42534377,168808.170720905,1.0,0.0
15899.0,1277558.834233,205467.457286447,4.0,93630.46757509364
15900.0,1278239.58680969,175314.960487559,1.0,0.0
15901.0,1278235.42636169,175121.089191362,3.0,104015.75844018428
15902.0,1268347.38513558,212066.77281320104,3.0,9868099.407889
15903.0,1268704.02782394,211825.712652951,3.0,16204611.280991754
15904.0,1283786.52255937,168349.661152437,1.0,0.0
15905.0,1260641.04131968,203796.647620738,3.0,35434.43694915737
15906.0,1283518.2403191,168285.539872363,1.0,0.0
15907.0,1268620.99057585,210223.94650732,5.0,22727280.84128408
15908.0,1268679.23812792,212664.367757812,4.0,26888201.13355916
15909.0,1278493.14079396,176025.750760287,1.0,0.0
15910.0,1281773.61682932,194123.94981882,3.0,233927.9100250049
15911.0,1281722.97618927,281682.353428483,5.0,8994335.025395384
15912.0,1283750.35827135,285374.663000271,4.0,2640961.520132276
15913.0,1283761.80774336,285628.831768528,1.0,0.0
15914.0,1280721.61202824,198098.328318894,4.0,756558.0377088228
15915.0,1277968.69624943,203250.660868168,3.0,265803.0444773861
15916.0,1278035.90610549,203270.807172194,4.0,358711.7669451048
15917.0,1280728.04281224,197097.689917877,3.0,74986.72194277184
15918.0,1281029.87846056,197089.653501868,4.0,241072.59320343277
15919.0,1278868.72037834,200206.240129054,3.0,132551.46180435608
15920.0,1277486.36684093,203630.26611656,1.0,0.0
15921.0,1285610.49920125,170513.651234657,3.0,1074929.2472461285
15922.0,1281627.95500517,222314.759895697,3.0,921325.831447726
15923.0,1282071.04274963,222295.717591673,3.0,938619.3168329408
15924.0,1260388.06474341,201151.059458017,3.0,963352.728757627
15925.0,1278422.83020189,184160.07211262,3.0,84778.0
15926.0,1278476.56831394,183994.052400455,1.0,0.0
15927.0,1284017.48076762,201651.180482537,1.0,0.0
15928.0,1277760.90930521,175419.632871673,1.0,0.0
15929.0,1277758.9060412,175126.04720737002,3.0,102364.81983227798
15930.0,1281759.65849331,271088.477961645,1.0,0.0
15931.0,1281760.9002853,271133.888329685,3.0,54974.26585082312
15932.0,1281496.78534104,168947.01232104,1.0,0.0
15933.0,1282035.63500559,271216.935369775,3.0,15017.621203359771
15934.0,1283257.49049483,284621.141527489,3.0,304425.09594155627
15935.0,1283593.45273519,284616.901719496,1.0,0.0
15936.0,1278132.79077759,175122.157095373,3.0,68880.8433237063
15937.0,1280805.78674833,197845.72748664,4.0,635231.7170660188
15938.0,1280874.1048284,197843.907902628,4.0,439165.29573704384
15939.0,1285249.00256088,284167.254615024,3.0,580008.3876935999
15940.0,1277501.34290494,175600.368103862,1.0,0.0
15941.0,1265345.05482849,168190.352096274,3.0,2692243.571139675
15942.0,1283041.94233462,281589.881172389,1.0,0.0
15943.0,1283350.37254293,281591.749268398,4.0,1242878.9091043132
15944.0,1267955.50334316,229709.66307126,4.0,1490593.187974038
15945.0,1250149.25161293,244886.126830801,1.0,0.0
15946.0,1282894.94886246,283109.674069941,1.0,0.0
15947.0,1284429.74700804,279345.403730094,3.0,3874389.645222717
15948.0,1284358.91347197,279459.292562217,3.0,4996594.697664453
15949.0,1277883.80076134,204101.273349047,4.0,774464.6698352931
15950.0,1276478.2087599,217591.90158686,4.0,121258.29689343556
15951.0,1276615.45196004,217586.184722856,1.0,0.0
15952.0,1283148.33254273,281921.045844734,1.0,0.0
15953.0,1283295.16428688,281915.707604721,4.0,1119508.909104319
15954.0,1279836.39724334,199214.732608035,4.0,2216615.588408809
15955.0,1281861.52671741,180127.642156497,3.0,774076.3198685788
15956.0,1281031.25740457,170442.912162572,3.0,69362.30138130274
15957.0,1264198.85341932,279851.16417861,3.0,70403.8848461184
15958.0,1263974.67671509,279856.916434616,3.0,380367.3715407277
15959.0,1281965.20434952,262210.236224547,1.0,0.0
15960.0,1274416.25259778,280290.405395061,3.0,548084.7303394161
15961.0,1273748.4829331,278703.160593435,3.0,80676.65401544262
15962.0,1273986.80990934,278696.096593425,1.0,0.0
15963.0,1278358.56165782,201181.64825806,3.0,107722.78084647506
15964.0,1278424.59231389,201194.418946072,4.0,60994.96276696432
15965.0,1277270.6622647,207010.674696028,3.0,42538.17799558488
15966.0,1280507.17279603,198620.209215432,4.0,827879.3443169654
15967.0,1281054.14617258,195309.703356043,4.0,144012.11976254397
15968.0,1281120.18572465,195308.297852039,4.0,198753.02833115825
15969.0,1280861.84044439,198346.117183149,1.0,0.0
15970.0,1281060.62706859,198339.578495145,3.0,49771.77343512887
15971.0,1280957.41177249,197591.584254384,4.0,319440.54376970447
15972.0,1280714.60614024,196055.45772481,1.0,0.0
15973.0,1281046.87385258,196046.772412792,3.0,44823.01518479177
15974.0,1277119.67500055,208185.473161221,4.0,511757.77314154
15975.0,1277057.01368849,208179.442377225,3.0,84810.50224056299
15976.0,1277977.24152943,203590.068996519,4.0,89937.48989467337
15977.0,1277404.70168884,205036.141573995,1.0,0.0
15978.0,1277636.08671308,205029.865029991,4.0,82128.74034860951
15979.0,1262925.08100201,285611.013528511,3.0,1281588.3166465824
15980.0,1271087.85931438,276319.732558995,3.0,181385.22251996087
15981.0,1280330.58361185,208716.404233769,4.0,352813.3672737032
15982.0,1280008.46386752,270436.247944966,3.0,646084.5561719105
15983.0,1271019.00184231,266577.663813025,1.0,0.0
15984.0,1271025.72721832,266970.333637416,4.0,594702.6829434927
15985.0,1266922.90078211,192009.68498465404,3.0,91587.04186794865
15986.0,1288487.27040419,249775.446451813,3.0,700333.2609836312
15987.0,1288616.13165233,249772.274547815,3.0,697581.7932894344
15988.0,1271164.30603446,171571.297379732,1.0,0.0
15989.0,1258252.65270923,168522.184416607,4.0,68537.63642932769
15990.0,1258085.08182906,168672.420000762,1.0,0.0
15991.0,1271379.84101067,224487.753561914,4.0,133327.43876427977
15992.0,1280460.20575598,203025.363779947,1.0,0.0
15993.0,1280450.60242796,202620.063747525,3.0,198617.9604501924
15994.0,1283013.5651186,169789.095585912,3.0,406983.3980483757
15995.0,1283008.28691058,169463.404641569,1.0,0.0
15996.0,1278930.78623441,278697.743249431,1.0,0.0
15997.0,1278983.90156247,278955.328017697,3.0,71664.40495703217
15998.0,1266169.20279734,280349.399379119,1.0,0.0
15999.0,1266359.09943753,280342.01454711,4.0,142000.76508061533
16000.0,1263082.33265018,285605.366232499,1.0,0.0
16001.0,1278552.07340202,279277.131858021,3.0,138819.23252875957
16002.0,1278709.02450618,279551.241874307,1.0,0.0
16003.0,1270457.52497773,176191.29341647,1.0,0.0
16004.0,1260293.22077532,202474.686083376,4.0,1780467.4951332288
16005.0,1271107.0079224,218151.746259436,3.0,191787.73333082485
16006.0,1271095.88190639,217408.584338665,4.0,377717.6941891775
16007.0,1276741.32408817,179752.106476113,3.0,79705.40929534126
16008.0,1255949.41449888,254409.737720564,4.0,45702.003506759895
16009.0,1271546.67665885,171718.192419887,3.0,84778.0
16010.0,1271828.63800314,171712.552355871,3.0,705058.0923756349
16011.0,1255628.99293055,255114.170681283,3.0,68579.73123805512
16012.0,1284519.85971214,260320.842366606,1.0,0.0
16013.0,1279155.89663464,278807.222353548,3.0,388570.6193238764
16014.0,1273746.4957331,278307.364433035,3.0,42997.81099586491
16015.0,1281094.35929263,194273.663738981,1.0,0.0
16016.0,1289412.55034114,249760.570163801,3.0,551671.2165158193
16017.0,1281034.72428456,170685.294242829,1.0,0.0
16018.0,1267788.54699101,276422.130703107,3.0,42795.62063492062
16019.0,1266575.89226976,280328.749203101,1.0,0.0
16020.0,1262083.98231316,284352.080343217,1.0,0.0
16021.0,1270865.09534615,276322.856911004,1.0,0.0
16022.0,1279826.78015533,189512.130614102,3.0,23132.51707806904
16023.0,1278019.39135347,179420.817131773,3.0,251570.3379533147
16024.0,1267541.86276674,191935.851192579,3.0,1259.4465067875851
16025.0,1268501.55838373,191408.275448039,1.0,0.0
16026.0,1253462.13475233,208785.678985834,1.0,0.0
16027.0,1288094.68128379,249756.684339792,4.0,1669574.0946856453
16028.0,1267167.86455837,284732.564183608,4.0,397185.1516718281
16029.0,1283409.422271,208278.95789732,1.0,0.0
16030.0,1267167.60734236,285394.707224295,3.0,405346.7757428239
16032.0,1271548.69009885,172023.509732202,1.0,0.0
16033.0,1264419.73290755,279754.390738517,1.0,0.0
16034.0,1274696.45842208,280281.890707046,1.0,0.0
16035.0,1263600.0662187,284409.085527271,1.0,0.0
16036.0,1278985.23724246,189984.190390587,3.0,1478591.3162969784
16037.0,1268044.38347127,276418.056527093,1.0,0.0
16038.0,1264288.78961141,246446.560688406,3.0,371683.2182166297
16039.0,1264260.60394739,246448.496048406,1.0,0.0
16040.0,1262853.54346594,231554.83100915,3.0,51092.22317283049
16041.0,1262563.17034565,231598.051681206,3.0,128641.36776359912
16042.0,1283249.82841483,169783.985377908,3.0,322291.3980483767
16043.0,1283245.67359883,169595.601889715,1.0,0.0
16044.0,1274833.63461421,202627.409475535,3.0,143902.80280052812
16045.0,1268130.84881535,271658.477450222,3.0,103192.08469578798
16046.0,1274889.49112627,194306.258491009,1.0,0.0
16047.0,1258057.56944503,168635.224224731,3.0,276637.9929873151
16048.0,1257984.02890097,168735.906720832,1.0,0.0
16049.0,1273758.2794771,280442.303443223,3.0,313635.19853842293
16050.0,1274022.67134938,280436.099667206,1.0,0.0
16051.0,1267494.8215507,284921.743255809,1.0,0.0
16052.0,1271438.68606673,171721.086499885,1.0,0.0
16053.0,1282768.98259033,244438.088686347,1.0,0.0
16054.0,1282771.05907033,244582.051310495,4.0,4776657.268021144
16055.0,1277019.19916046,179581.98973994,1.0,0.0
16056.0,1265554.16074871,207156.067464173,3.0,550247.1171407573
16057.0,1265287.43882844,207158.39943216703,3.0,466090.0
16058.0,1267680.39761488,235886.181925595,1.0,0.0
16059.0,1267594.8702548,171825.275555998,1.0,0.0
16060.0,1279860.84831536,209520.132618591,3.0,2109.117305964321
16061.0,1279923.69759543,209270.877834335,4.0,88932.49076171892
16062.0,1279520.56946701,209683.677898765,3.0,65975.42668764977
16063.0,1279841.06489134,209592.672778666,3.0,26925.691428883903
16064.0,1280028.90674753,208767.787017822,3.0,454293.2833957915
16065.0,1279432.58277892,209343.22516241705,3.0,41029.15349015111
16066.0,1272687.12382801,268407.23559089,1.0,0.0
16067.0,1281445.93273298,269059.050567552,3.0,65417.79428422313
16068.0,1285490.06150512,278580.751377314,1.0,0.0
16069.0,1264745.88119589,286605.41736953,3.0,810172.5669415378
16071.0,1273751.68696511,279268.33006601,4.0,4755931.57798217
16072.0,1264740.55805987,286112.963353023,4.0,729443.9971016243
16073.0,1269119.35672036,282051.624660864,3.0,52214.59463258015
16074.0,1267471.96561468,276769.266767457,3.0,1539057.1836944688
16075.0,1279556.60383505,218852.972884148,3.0,6032220.756430646
16076.0,1276314.75800774,282881.530133709,4.0,1032099.4717951396
16077.0,1276385.7122478,272543.051851124,3.0,126117.61646031168
16078.0,1266573.99236576,279886.622418642,3.0,706150.1451796626
16079.0,1268484.77463971,286043.310232952,4.0,3413681.2446671585
16080.0,1269809.01604907,286023.594072938,4.0,858758.3182608725
16081.0,1273740.49899709,273959.23143658,4.0,736875.6794445594
16082.0,1267121.62219031,280323.522515088,3.0,44888.68202683077
16083.0,1267167.53150237,286061.920472965,4.0,821731.0962269256
16084.0,1266250.73412542,281002.071635783,3.0,253483.13788271465
16085.0,1276385.9346478,273865.996364489,3.0,122323.1908720182
16086.0,1279054.44805853,272445.679627031,4.0,2105268.1800055634
16087.0,1271133.12331443,286000.608216912,4.0,490249.6451248461
16088.0,1276384.3982638,271554.000650108,3.0,1397990.023466513
16089.0,1263358.58673047,282848.654869676,5.0,8078840.036713741
16090.0,1282246.5351658,279070.323217809,3.0,921692.6399311268
16091.0,1271087.70481838,273437.782348037,3.0,346028.21049673506
16092.0,1251712.96726254,241837.666731685,4.0,26364.80803792317
16093.0,1251425.35759825,241776.11172361704,3.0,3432.5477566310565
16094.0,1266326.92164551,286075.213080987,3.0,57965.00840693199
16095.0,1267127.26161432,282082.162004888,5.0,9084198.632313965
16096.0,1264803.68586794,243637.857965529,3.0,38238.62723105649
16097.0,1271088.64312238,274052.676748678,4.0,288622.2178713015
16098.0,1266502.03742169,275458.12635012,4.0,1233860.4529137593
16099.0,1268765.724848,274092.535628721,3.0,60654.17043698632
16100.0,1266299.54865347,276912.398735598,3.0,23064.577211617867
16101.0,1271120.53573041,283846.374678701,3.0,44536.60223332462
16102.0,1276663.77074409,281603.925780401,3.0,85606.45072454744
16103.0,1278658.11487412,280091.963218853,3.0,375475.79910911777
16104.0,1267166.96491036,286809.025945738,3.0,43166.076190476175
16105.0,1267155.62769435,283849.46389471,3.0,111188.53007364592
16106.0,1276345.63224776,268069.103110552,3.0,134053.13773488934
16107.0,1279093.31314658,276969.498703659,3.0,200666.12659266585
16108.0,1276383.3910318,276909.527311593,3.0,345946.9266209557
16109.0,1269784.12670504,282041.639124855,4.0,650899.0950429713
16110.0,1266198.50986937,277067.790159762,3.0,1030898.4238165204
16111.0,1265779.09335694,277479.213200182,3.0,1135214.091509095
16112.0,1271117.2532984,283039.880597875,3.0,48759.36266002104
16113.0,1267825.88484703,286053.120920956,3.0,746664.9230079266
16114.0,1263967.39191508,279498.714450255,3.0,895440.3238015589
16115.0,1282561.51750213,285435.168728322,3.0,3102730.3279650006
16116.0,1282302.90706986,285870.496600777,4.0,3647740.394831247
16117.0,1276386.0386478,272213.837898791,3.0,95514.16111067754
16118.0,1276356.49413577,279172.115665913,4.0,2985501.1534815407
16119.0,1271088.26449838,271391.953737944,4.0,290034.98217714374
16120.0,1264716.99703586,284281.556567147,3.0,119028.89924754924
16121.0,1264725.14826787,284785.349207669,4.0,95732.17344723924
16122.0,1277768.41484122,287091.453530028,3.0,4331924.061610454
16123.0,1273396.84286875,222114.18191148297,5.0,137828.85930420563
16124.0,1278572.57337004,280096.388434857,3.0,409253.4118879967
16125.0,1271112.79595441,282021.503316835,4.0,403834.09495298425
16126.0,1273737.85797308,276180.649550855,3.0,64756.52953877435
16127.0,1276381.6003758,280254.711955026,3.0,498578.638675082
16128.0,1274759.80536614,281919.417940736,3.0,105941.3972787428
16130.0,1272560.84357189,279313.07637006,4.0,7792622.056728998
16131.0,1278833.68601032,277996.185296714,3.0,123455.48024685802
16132.0,1264730.78212386,285133.611928016,3.0,131936.7008552248
16133.0,1265028.71262017,282791.470933616,4.0,8809489.484514281
16134.0,1265209.79428436,286098.655961007,3.0,51449.65443462722
16135.0,1261755.47050482,283138.793749973,3.0,1182456.6076912864
16136.0,1264630.79185176,279478.730514228,3.0,960632.284625268
16137.0,1282746.20345432,279248.359249994,3.0,760742.8781845594
16139.0,1257131.74550809,285406.658648297,3.0,85250.82554638339
16140.0,1271105.19160239,280361.74715513,3.0,1295451.692463292
16141.0,1277332.59877677,284868.84309575,4.0,630335.4812771535
16142.0,1260785.66141583,284772.713687643,4.0,5491738.544102289
16143.0,1266578.76791777,278772.264081508,3.0,826086.3337908346
16144.0,1267302.1834705,267483.725957945,3.0,1207203.0342667785
16145.0,1251283.3447981,242271.284908131,3.0,29567.23753903771
16146.0,1266225.88906939,277619.507216319,3.0,67984.43574483551
16147.0,1277712.61938517,280437.369683206,3.0,132577.6073813405
16148.0,1273645.07467699,281955.691796765,3.0,137991.64207457952
16149.0,1270756.79633804,274058.338828683,3.0,171078.55368724515
16151.0,1259453.20899846,286261.778009176,3.0,464346.8698561505
16152.0,1259451.78384647,287585.226458535,3.0,4908.83361762721
16153.0,1258015.792293,195774.049532518,3.0,2516438.069419377
16154.0,1286663.61881833,283175.850454018,1.0,0.0
16155.0,1276654.06572008,203633.070852563,1.0,0.0
16156.0,1278933.45157841,210360.110603452,1.0,0.0
16157.0,1279097.30783458,210349.934731439,3.0,89926.64677676838
16158.0,1252194.27407902,240572.81130638704,3.0,7240.29069472855
16159.0,1277903.71442536,234990.699108675,3.0,30688.979327517987
16160.0,1275349.82648674,277882.592336595,3.0,482608.2121979938
16161.0,1280717.20914824,205935.593158916,4.0,973364.8138646476
16162.0,1280744.52140427,205929.799558923,4.0,15290783.245913522
16163.0,1280889.59366041,205897.070278883,4.0,54989.97626800983
16164.0,1281575.48070112,203310.777860239,3.0,22627.834637843636
16165.0,1265122.90769227,171996.368740171,3.0,533322.4347301819
16168.0,1280847.91884437,205685.884358659,3.0,37452.887220876575
16171.0,1260823.89559187,202881.134403795,4.0,40890.67682056175
16172.0,1261020.42538407,202897.662211806,4.0,30143.585464341028
16173.0,1264837.69860397,215865.096913084,3.0,394301.8614105351
16174.0,1265241.33194838,212579.197005719,5.0,750710.1484619342
16175.0,1260073.2028551,242660.637164533,4.0,15243453.678408977
16176.0,1265875.56497304,211884.42612502,4.0,11400113.092107784
16177.0,1261268.65911232,202972.07577988497,3.0,111837.7512647072
16178.0,1268089.7442393,186145.699058652,3.0,301922.9452204133
16179.0,1271825.82731514,199792.447680637,1.0,0.0
16180.0,1269950.82289721,212039.438221171,4.0,807714.226763023
16181.0,1253389.49212825,244086.62775798104,3.0,1919397.751470317
16182.0,1266100.18455727,227275.980956778,4.0,3948876.562181639
16183.0,1266386.99735756,206170.468359157,5.0,12984398.852241872
16184.0,1267745.81380695,204327.50746128,1.0,0.0
16185.0,1265576.45335673,207753.211592779,4.0,13383621.586083252
16186.0,1283428.00326301,211322.721868441,3.0,1112866.465484073
16187.0,1269215.95755246,212173.850381315,4.0,70616.41552523412
16189.0,1263892.755243,247371.676017359,4.0,421954.8969247672
16190.0,1273147.07435648,213984.62727916203,3.0,250648.70109944345
16191.0,1273470.10981281,213977.198799163,1.0,0.0
16192.0,1281997.59404555,201803.282242686,3.0,12484.219516192636
16194.0,1280079.41317959,204687.627525643,1.0,0.0
16195.0,1280775.5577563,205921.109254912,4.0,257094.2599922077
16196.0,1265580.67575674,208404.87168945404,3.0,13503588.166410286
16198.0,1269155.8342884,216108.45140934,1.0,0.0
16200.0,1264701.49706784,211637.803532764,3.0,15355397.815163294
16201.0,1267746.21111895,209803.267850876,1.0,0.0
16202.0,1270568.58577785,212146.796301275,4.0,909652.5040683864
16203.0,1262701.06672978,263363.182081729,3.0,139407.15467658927
16204.0,1267276.76164648,198546.513151348,3.0,84778.0
16205.0,1267033.46353422,198496.292095304,1.0,0.0
16206.0,1261462.64004052,198458.205887258,3.0,292060.97343473905
16207.0,1261457.00880851,198107.871614903,1.0,0.0
16208.0,1261998.91293707,198030.060414821,1.0,0.0
16209.0,1261860.90532093,198033.416062832,3.0,44854.46453244813
16210.0,1261454.61482452,198092.225662887,1.0,0.0
16211.0,1261621.87626469,198454.75711926803,3.0,366650.0649540734
16212.0,1261609.06231268,198121.559934914,1.0,0.0
16213.0,1262296.84740138,195804.793212548,1.0,0.0
16214.0,1262406.11255349,206310.254855305,4.0,372207.2047814269
16215.0,1264812.14058796,207764.799176797,4.0,381396.0
16216.0,1264797.87549993,208412.684041455,3.0,254290.0
16218.0,1262055.27338512,198268.895935073,1.0,0.0
16219.0,1261867.60016893,198273.30239906895,3.0,79692.17322605282
16220.0,1269283.28977653,173760.751333967,3.0,209456.25563897297
16221.0,1262133.34148121,195421.234620154,1.0,0.0
16222.0,1266823.72350201,194372.577915087,3.0,84778.0
16223.0,1266815.43019,193871.686842561,1.0,0.0
16224.0,1268626.11915186,173768.312997982,3.0,56926.11662989226
16225.0,1264877.96625201,200362.113153219,3.0,76451.10546645557
16226.0,1264897.02590004,201162.548290029,1.0,0.0
16227.0,1263887.79498701,206293.498951286,1.0,0.0
16228.0,1264208.75562733,201748.171778634,1.0,0.0
16230.0,1264291.18161142,199937.210496783,1.0,0.0
16231.0,1268095.93943931,192789.28351345696,3.0,198465.2967491444
16232.0,1268091.3941593,192537.8506172,1.0,0.0
16233.0,1268276.06865549,192788.16671346096,3.0,4333473.521118314
16234.0,1269398.03659265,204686.062853634,3.0,55721.71898439357
16235.0,1268841.16664007,206361.000775352,5.0,200181.3221790918
16236.0,1268800.58763203,206364.521799356,4.0,9173738.184781598
16237.0,1268513.12068774,206380.372807384,1.0,0.0
16238.0,1262092.75101717,206333.142279327,3.0,370669.9936017446
16239.0,1269196.45630445,206348.861063346,3.0,38727.16269263353
16240.0,1269568.83384082,206333.200327322,4.0,484441.9237116855
16241.0,1270974.64299425,174564.43280679,3.0,114186.03377238513
16242.0,1271220.84197052,174561.032550797,3.0,45322.56543066938
16243.0,1262900.128298,206339.825287342,1.0,0.0
16244.0,1262738.03940183,206289.994375288,3.0,311959.49376177654
16245.0,1267430.09860663,198578.493695393,1.0,0.0
16246.0,1268121.56113534,194331.863739043,1.0,0.0
16247.0,1268097.80689532,192991.548857659,3.0,124457.93819219382
16248.0,1271082.75499438,216607.855953842,3.0,46499.49519291213
16249.0,1281574.58374111,200601.868929461,3.0,44610.150548549966
16251.0,1278425.22488989,205402.514502376,4.0,634184.411188646
16252.0,1283652.70527925,193976.635450676,4.0,1488484.5515072658
16253.0,1280126.00857164,201677.119746566,4.0,187738.97244677253
16254.0,1280292.5951958,201633.639490515,3.0,59336.10262389171
16255.0,1281066.35442859,198628.58649544403,3.0,215669.2293649799
16256.0,1267835.00625505,271664.141514227,1.0,0.0
16257.0,1280007.09311551,201710.646594599,3.0,4369.547845097884
16258.0,1285038.76544066,190908.136375532,4.0,1927114.728774849
16259.0,1285395.38809703,190895.041591525,3.0,2203497.5303205885
16260.0,1279783.25497128,202773.017155677,3.0,176159.82921546648
16261.0,1267320.16900653,174266.025958493,4.0,266205.3102917426
16262.0,1284385.59353599,192453.300281122,1.0,0.0
16263.0,1263860.68413898,168255.524512336,4.0,1381247.629246414
16264.0,1263628.07012273,167540.144031599,1.0,0.0
16265.0,1283519.90399911,193402.507002085,1.0,0.0
16266.0,1283701.71270329,193399.420410082,3.0,96577.7715532557
16267.0,1279787.00697128,202656.415363565,4.0,860552.3538411527
16268.0,1269901.82756916,194709.817723423,3.0,8683171.714306531
16269.0,1269925.41284919,195258.404539987,3.0,663961.5590333592
16270.0,1282265.52658983,168394.920864478,1.0,0.0
16271.0,1277998.87436146,176247.274280518,1.0,0.0
16272.0,1269809.90155306,195802.579964548,4.0,14730588.059902713
16273.0,1282250.5272938,197042.77234982,3.0,830065.3774994285
16274.0,1253918.15152079,217254.712914512,4.0,4633482.499892122
16275.0,1296102.49594799,186729.948211253,1.0,0.0
16276.0,1296188.37831607,186853.100147381,3.0,2100261.1209258297
16277.0,1264501.18058763,228721.700190261,3.0,8050153.984286013
16279.0,1263948.91690707,241469.901675314,4.0,12839056.425926987
16281.0,1277419.30040886,188227.199476793,4.0,624694.4763685268
16282.0,1282794.75615837,206251.827463239,1.0,0.0
16283.0,1283254.94719884,261401.63251172,1.0,0.0
16284.0,1267680.8808789,174370.550310597,3.0,41169.601422074265
16285.0,1267581.48017478,174262.951462492,3.0,916.1425920645512
16286.0,1270478.81099376,222481.89800787,4.0,45087.86503364761
16287.0,1280033.67442754,202072.651394963,4.0,209108.83305256703
16288.0,1281458.09644499,218885.641108185,4.0,5386664.375183015
16289.0,1276948.77970438,206621.669575617,4.0,896406.2321678251
16290.0,1268472.6552157,212111.670733243,3.0,35073225.68818242
16291.0,1294101.28148194,184237.573936701,1.0,0.0
16292.0,1283673.67078327,180614.779628992,3.0,11555086.897192424
16294.0,1275303.91813469,237173.08810290703,3.0,359203.6298075351
16295.0,1267999.08958322,174288.488486513,3.0,404065.5718998446
16296.0,1272912.77330025,178801.51095514,1.0,0.0
16297.0,1267686.0180309,174593.248038828,3.0,575978.761297453
16298.0,1277426.11602487,221720.71714308896,3.0,1359144.7399730885
16299.0,1263208.87767431,168122.301664203,3.0,925323.9475060508
16300.0,1282247.3097578,197921.457598716,3.0,267731.26580188406
16301.0,1277434.27999288,222063.602583438,3.0,1307472.8882151088
16302.0,1277514.76114497,222063.161623433,3.0,1259387.7102380334
16303.0,1272946.76504429,212098.372493237,3.0,312982.1316988824
16304.0,1272811.98149215,212100.763917238,3.0,9548642.697043844
16305.0,1279691.76236318,230853.602080435,3.0,217289.04024643888
16306.0,1279590.44729109,230960.86268854103,3.0,1577.8365217492817
16307.0,1279632.64076313,230796.786912382,4.0,145368.2889480519
16308.0,1256687.89174764,203287.646020204,4.0,318197.2659339854
16309.0,1271068.62283435,225014.612762451,4.0,135055.05086759644
16310.0,1274476.30072585,198769.558591589,3.0,852854.1733154269
16311.0,1256669.75331561,202627.386883527,5.0,770404.3099793037
16312.0,1275149.66616654,248531.525682539,4.0,1289925.8402795903
16313.0,1275344.23730274,248459.86117047103,3.0,647642.934473582
16314.0,1274484.86366986,248869.427570879,4.0,601281.5667127365
16315.0,1268516.53636774,242710.093804583,4.0,165539.23025232577
16316.0,1270854.08350614,227933.24406144,3.0,44245.51568261036
16317.0,1267636.57982284,230146.092639714,4.0,13038683.538313068
16318.0,1271118.4337144,228090.247325614,4.0,99467.00389863848
16319.0,1274812.35544619,248655.585522667,4.0,1582359.9716754623
16320.0,1262830.09104992,249810.392883852,3.0,414463.13212559535
16321.0,1262842.48605794,250076.14629212,3.0,643205.2446435239
16322.0,1270100.03320137,219699.196565017,4.0,14509253.18862387
16323.0,1270084.97809735,218939.338516235,4.0,2797599.014244141
16324.0,1288405.12653211,203767.726148695,3.0,374549.1226112676
16325.0,1288715.47565243,203757.448260695,4.0,416567.3929504021
16326.0,1266055.04426922,227227.76124472904,3.0,11743023.849823063
16327.0,1256871.22499582,207896.249672934,5.0,914382.723235698
16328.0,1281885.58969343,202301.825539201,3.0,270123.2264996172
16329.0,1277057.82015249,208453.869321495,3.0,481740.3789280251
16330.0,1264787.49130793,231959.420705572,4.0,2127613.8018938582
16331.0,1259117.11063012,255742.992249921,3.0,57932.08357754483
16332.0,1257102.36202006,215870.83150509,4.0,152156.65636208814
16333.0,1256071.706595,242151.59786801,3.0,110412.56666688329
16334.0,1275596.884407,229847.311455414,3.0,86042.10070583192
16335.0,1268728.90699196,229077.265694618,4.0,174869.54643390488
16336.0,1272127.26833944,229180.805214718,4.0,2802780.708602109
16337.0,1270954.16830625,228356.638237879,4.0,103120.04289183336
16338.0,1260337.82077537,257212.465339422,3.0,1744921.5826899775
16339.0,1265557.37822071,228044.242525563,4.0,78763.17798109469
16340.0,1254864.93443376,248920.766386941,3.0,133670.59657535364
16341.0,1256406.34864335,234539.25149221704,3.0,7224181.377744077
16342.0,1256164.0092511,234540.549412206,3.0,6140917.887092895
16343.0,1285533.27462517,197598.549502388,3.0,498301.0422850814
16344.0,1273580.51346093,229668.932511225,4.0,958915.8522901786
16345.0,1270756.56043404,225541.207194999,5.0,12059893.698964285
16346.0,1273558.8067729,227135.808988631,4.0,230366.24844441848
16347.0,1269833.8001131,206303.053063303,4.0,371603.4006828115
16348.0,1279587.60972308,259897.946238175,3.0,3206979.716417145
16349.0,1279129.67033061,211410.33422052895,3.0,122713.84364173122
16351.0,1270711.71832199,223088.620568484,4.0,245710.80664016787
16352.0,1278955.13260244,249947.659379989,4.0,1540268.6964682303
16353.0,1268502.66635174,242447.536556304,3.0,87329.34827970352
16354.0,1277470.84818491,247569.510577559,4.0,95512.83540805492
16355.0,1277727.00351317,247627.577393621,4.0,42957.71607566415
16356.0,1275809.66879122,216150.706961378,4.0,157186.43662548065
16357.0,1265601.09898876,255614.235257789,4.0,199963.4407909973
16358.0,1277768.58444121,249971.551668018,3.0,81409.26273520368
16359.0,1277843.16402529,249970.011316016,3.0,48459.81100011393
16360.0,1272096.87307541,228396.70838192097,3.0,242551.95728666725
16361.0,1276199.66111161,254284.363256425,4.0,3478932.549119824
16362.0,1281963.78540552,201913.224578798,3.0,88554.05624133584
16363.0,1268295.29303952,228600.901854128,4.0,308928.1745886265
16364.0,1283793.62361538,234808.644324481,4.0,370081.5357751775
16365.0,1268316.70443153,260834.826879144,4.0,1092561.208530479
16366.0,1270227.9329135,254181.850040331,4.0,5955415.945735153
16367.0,1276976.45746441,232137.01750575,4.0,714771.6075333767
16368.0,1262855.13232994,237062.344870791,4.0,241053.14888473932
16369.0,1267038.54750223,231808.671009421,4.0,510962.1718599347
16370.0,1270427.7487857,223568.689496979,4.0,475480.39724100864
16372.0,1263006.3036581,199475.143808305,3.0,1606396.55602869
16373.0,1259327.72010234,202504.783747405,4.0,12148961.593897391
16374.0,1267720.44510293,250566.812980622,3.0,1199809.1691899516
16375.0,1265752.11044492,266193.818436623,4.0,1420677.8548248513
16376.0,1283081.04364666,212805.301197961,3.0,1321807.4031169545
16377.0,1283135.18892671,212254.993613392,3.0,1132511.0662450814
16378.0,1255895.05833882,235570.736677274,4.0,43193.17524660032
16379.0,1278894.73644237,214405.3931676,4.0,298501.1870383566
16380.0,1260995.18954404,250364.574516416,3.0,411992.881737338
16381.0,1273214.61458056,217380.033554643,3.0,30541.27791821127
16382.0,1273212.04536456,217252.040658504,3.0,218562.47809627207
16383.0,1270976.68664226,262100.500544429,4.0,7038706.481367755
16384.0,1260378.84202342,256648.260090858,3.0,17822.128971238075
16385.0,1272798.50744413,215055.217680261,3.0,606891.6080985512
16386.0,1269123.87998436,205505.892614484,3.0,91670.6322513496
16387.0,1274287.02091765,203635.49901256,3.0,16768.42982380502
16388.0,1265688.93182085,229343.114910886,4.0,94534.82775464286
16389.0,1287229.44646691,193003.521913677,4.0,922213.964384838
16390.0,1287525.6906272,193051.790521726,3.0,783757.4631906854
16391.0,1279221.2783947,222017.872023389,4.0,2225931.797938517
16392.0,1260303.68439133,250381.11256443,4.0,1021971.4948294898
16393.0,1277526.81887297,206022.530311003,3.0,124997.34125494827
16394.0,1277556.298169,205886.529606864,3.0,118765.36157068638
16395.0,1269168.47864041,226935.948124424,4.0,1124740.4255681995
16396.0,1270073.45585734,244869.653102785,4.0,139295.16456755335
16397.0,1268263.02999948,256213.54380241,3.0,304267.5323387887
16398.0,1260050.03459908,234728.267556399,4.0,48629.44596551944
16399.0,1270589.96625787,255477.913081646,3.0,14265754.981988473
16400.0,1275178.64344656,227444.429404944,4.0,128671.55328223744
16401.0,1272038.37118734,215069.548304275,4.0,51498.91733124017
16403.0,1276177.2543276,250004.198260054,4.0,55147.48287770691
16404.0,1271090.43147437,222472.443287849,4.0,97836.74735378304
16405.0,1283247.56825483,194228.469626933,4.0,3150270.0997264395
16406.0,1283595.85068719,194237.670394942,4.0,2543875.6936676227
16407.0,1285512.25760114,196470.066493228,3.0,160866.4619093433
16408.0,1273078.79826042,205396.528646365,3.0,279804.009220084
16409.0,1273378.57195672,204927.709701896,4.0,1119301.8264248592
16410.0,1270810.4012021,222921.95714432,3.0,67116.60000325528
16411.0,1287335.97120301,251104.380469173,3.0,1559130.2699462052
16412.0,1285535.65945718,206943.365767956,4.0,671414.6126065151
16413.0,1271784.80081908,241586.946731433,3.0,99691.34550729246
16414.0,1270287.08043356,227598.171869099,5.0,809397.0619796924
16415.0,1260038.84496707,234894.186148569,4.0,552242.7842274861
16416.0,1266667.91313384,242293.089004144,5.0,342004.381983362
16417.0,1278415.60447387,215379.278352588,4.0,205937.17051417156
16419.0,1281511.01663706,252552.882166654,4.0,120818.88095227307
16420.0,1278676.44255415,200522.70374538,4.0,11469.044807416243
16421.0,1276466.05784789,254549.5090487,4.0,2054840.7410361995
16422.0,1275566.96191096,228800.357150331,4.0,129490.32410334104
16423.0,1273495.30136484,240838.658538669,3.0,96770.33974311464
16424.0,1288098.36333179,250102.97042015204,3.0,62662.4857430535
16425.0,1288101.1090598,251085.709557161,3.0,486245.6932974412
16426.0,1279845.88511534,246336.767280295,3.0,85845.01002852563
16427.0,1274773.80568615,246865.526064828,3.0,25285.55492170188
16428.0,1279397.64581889,222898.616984293,4.0,1067389.9481028768
16429.0,1274235.2785176,249245.055411264,3.0,397172.7716881621
16430.0,1289874.89786161,186950.30833947696,3.0,168221.21608793546
16431.0,1289988.76147774,186788.236467317,3.0,287431.9285082293
16432.0,1256032.91766696,240501.21597831,4.0,311160.11913471494
16433.0,1267319.67063852,228617.283038154,4.0,169561.55928298185
16434.0,1282834.00972641,249878.573875919,4.0,464284.61621884553
16435.0,1266046.25815721,241439.278379276,3.0,84491.67102589764
16436.0,1274020.80818138,225340.205274791,3.0,981324.2939815464
16437.0,1258722.30006972,240378.194538191,4.0,1237238.9948782723
16438.0,1258734.04938173,241061.67709888503,3.0,178628.6116766143
16439.0,1279985.13253948,207984.955209017,4.0,352239.9608810491
16440.0,1265575.31850873,254281.91576843,4.0,3360002.819949813
16442.0,1276198.14079161,253977.959992111,4.0,5837286.389964211
16443.0,1260372.4463754,258779.33753302705,3.0,887427.5279345923
16444.0,1274669.30360605,244748.726510659,4.0,294699.934643094
16445.0,1274930.22763832,244741.222894654,4.0,272125.92848227266
16446.0,1260947.40419999,211968.840973094,3.0,58719.23256225197
16447.0,1260943.43408799,211911.61665304,3.0,22218.489022184134
16448.0,1261611.42026468,233862.765347525,3.0,153776.19702330677
16449.0,1265180.58730833,245326.603631258,3.0,67892.62521664715
16450.0,1269612.96395287,226209.446683675,4.0,918217.9894401616
16451.0,1271322.04849862,217404.08993867,4.0,400207.0693339328
16452.0,1269960.27102523,224358.527129784,4.0,192988.1651816253
16453.0,1269804.42718506,224621.804506049,4.0,259205.71319138096
16454.0,1263295.52023439,247653.858481646,3.0,63353.83118718053
16455.0,1277709.88645716,205030.094341993,3.0,232928.2455626772
16456.0,1268099.03230332,192330.761464983,4.0,4104880.701317368
16457.0,1267753.06743896,229094.384478629,4.0,195635.9655358893
16458.0,1268747.13566399,245955.674543902,4.0,1223006.951887146
16459.0,1269135.38846438,246219.203248173,5.0,8909282.026246686
16460.0,1266722.24503791,246268.914096221,4.0,3565669.219407582
16461.0,1267360.41694257,231800.5742414,4.0,784633.8011656924
16462.0,1255885.80835481,235245.87344493004,3.0,257456.53358100896
16463.0,1277178.30904861,265891.123204321,3.0,637411.6306934041
16464.0,1264629.45194776,201734.087490618,3.0,154289.84796365103
16465.0,1257728.2262767,259237.940285504,3.0,32966.26838730987
16466.0,1263206.03613831,194466.216187179,4.0,166350.48354018957
16467.0,1265729.65905289,250295.080244347,4.0,127981.6552769733
16468.0,1272829.27909216,244800.855342716,4.0,339616.18931715644
16469.0,1273645.78136499,267322.788613781,4.0,1335536.8704676968
16470.0,1279132.26777062,200029.359552875,4.0,1404310.5680039788
16471.0,1273546.6949649,226481.42741996,4.0,966514.5646983128
16472.0,1260282.02691931,254364.084216505,4.0,563228.8056115604
16473.0,1275403.41464679,252683.399926797,4.0,91838.58544809876
16474.0,1256276.95785922,193911.332794607,3.0,1824314.17505133
16475.0,1279072.45554656,219863.995093182,3.0,159375.09720116667
16476.0,1282864.32063843,198227.165695027,3.0,21535.06160624565
16477.0,1282864.98502244,197921.638398722,4.0,157001.46939492898
16478.0,1275471.24952687,214748.333071947,3.0,15471.142101337444
16479.0,1274394.38488576,195553.445948288,4.0,993304.7381081867
16480.0,1273614.37950896,262024.093504354,4.0,6003292.186408464
16481.0,1262763.60855386,247665.382449657,4.0,314744.2092172863
16482.0,1281761.96754931,202569.647811472,4.0,884919.0841962565
16483.0,1278253.72389771,202111.390531003,4.0,274645.67386092915
16484.0,1279900.4138834,225201.436506644,4.0,753509.5194251245
16485.0,1282771.72243035,194061.113978758,3.0,1875850.6806110211
16486.0,1264257.74634738,254307.016120449,4.0,3250060.7999131056
16487.0,1268607.01879984,209550.971146628,4.0,9760520.493898088
16488.0,1264777.95690791,231546.840481147,4.0,3643062.8297426975
16489.0,1264785.85386792,231864.524577469,3.0,2070733.3121055565
16490.0,1274982.29906237,211385.0153725,3.0,182669.1265631332
16491.0,1257492.46429245,247780.354609773,4.0,638758.5688291958
16492.0,1276099.0369835,246032.43819198,4.0,119200.95292910031
16493.0,1256314.20054725,235552.055589244,3.0,55667.36800754455
16494.0,1268540.80830377,243169.515757054,3.0,22118.51986455775
16495.0,1272328.64357165,267365.191109821,4.0,12913435.951517329
16496.0,1265776.30532494,267518.544837981,4.0,1345009.492469384
16497.0,1285215.53382485,251153.181237221,3.0,134015.77576252632
16498.0,1285356.27667299,189179.124725759,3.0,10527551.183919184
16499.0,1286128.29740977,251132.887285203,4.0,102204.38099004918
16500.0,1256842.65385979,255781.592569962,3.0,173902.42678535683
16501.0,1275592.16101499,208505.09722554695,3.0,103946.62794781449
16502.0,1270166.98155344,226537.326876014,4.0,1328248.7011253014
16503.0,1282832.96735841,251202.12242128,4.0,109092.18159930842
16504.0,1276141.32786356,213267.429902434,4.0,330102.15809849696
16505.0,1278448.00472991,235170.675108865,4.0,51752.31577335814
16506.0,1271552.33541085,227358.014876857,4.0,806970.3440396424
16507.0,1254101.85884899,242514.358956382,4.0,246843.174183359
16508.0,1276260.57797568,203011.283715934,4.0,8522656.092900014
16509.0,1285565.2919692,209085.45101814,4.0,390168.160581638
16510.0,1269122.47870436,226977.831260473,4.0,78553.28577925685
16511.0,1259870.14288689,192558.006713226,3.0,758638.490374007
16512.0,1261173.89360823,200894.567809761,3.0,1823367.8622601216
16513.0,1257790.17757276,247774.80868975804,3.0,46559.09547256563
16514.0,1272142.05208346,226361.369883835,4.0,929157.9620158316
16515.0,1275016.0017184,246065.999472022,4.0,305416.595542067
16516.0,1274859.36421424,252702.976694807,4.0,29987.57894884981
16517.0,1282270.03871782,243554.75678144404,3.0,276842.2178430432
16518.0,1278113.00274557,229691.136543244,4.0,80092.74428831397
16519.0,1263789.36900291,230668.80092825,4.0,740093.0337628527
16520.0,1273134.18296447,200317.314049169,4.0,54897.14972534737
16521.0,1273067.5331724,200033.49017687104,3.0,1308712.7443894008
16522.0,1277728.83519317,200772.817729637,3.0,4112078.139892779
16523.0,1271692.21541099,223960.667353377,4.0,1725268.8379814774
16524.0,1269058.7731683,225881.387291342,4.0,698864.487021713
16525.0,1275068.94975045,266005.356868431,3.0,1735858.532766783
16526.0,1268631.87473586,244897.729838818,4.0,344892.8766344051
16527.0,1258449.60374944,255753.577529937,3.0,107209.83516437396
16528.0,1255941.69245087,237189.877094924,4.0,268719.4605974356
16529.0,1272083.87045139,217390.97377865,4.0,7731452.517855283
16530.0,1252665.04214351,208580.07834562697,3.0,1119218.5038324378
16531.0,1277062.7013685,208148.930313185,3.0,91709.05538227309
16532.0,1290713.12224647,189873.686006472,3.0,322774.7879789795
16533.0,1280591.20774011,265788.379652217,4.0,140580.0536765211
16534.0,1262702.4361378,259656.643837929,4.0,334038.4986819141
16535.0,1251608.18108644,242579.125548437,3.0,70377.01702356599
16536.0,1253917.7657288,254869.834553033,3.0,431328.6973232316
16537.0,1277845.3212093,257431.783483654,3.0,519518.94264375226
16538.0,1268339.34481557,263486.020097852,3.0,2887918.4267820744
16539.0,1268347.37988757,264382.460226774,3.0,1598183.8383101292
16540.0,1257621.96432459,254390.132408544,4.0,1431308.026226197
16541.0,1256605.98672354,200315.907585174,4.0,619880.8007138836
16542.0,1285492.09068912,199179.902976006,4.0,604279.0799334099
16543.0,1286233.67942588,199172.971519992,4.0,694708.7894949311
16544.0,1268860.97758409,235142.314916834,3.0,3509198.9241185025
16545.0,1259327.02749434,246356.950320318,4.0,36293.81904055977
16546.0,1277069.2670005,212095.519181222,3.0,57863.22933744014
16547.0,1273485.57797283,223028.10396042507,3.0,744760.1707599763
16548.0,1273491.95128484,223390.24002479,4.0,372760.8585810809
16549.0,1266650.96036583,239377.199529171,4.0,7636353.213162309
16550.0,1282803.91756637,247224.191025198,4.0,120622.92106837108
16551.0,1278979.44127446,252600.696694702,4.0,693982.8833415707
16553.0,1273251.7375246,229671.808159232,4.0,496491.3086387282
16554.0,1270720.985714,226865.157276347,4.0,2526942.953803091
16555.0,1277086.49989653,237299.72202304,3.0,25966.76297838283
16556.0,1280114.76057161,245664.645615608,3.0,104109.40687513008
16557.0,1280116.48658763,245793.142063737,4.0,28207762.141874813
16558.0,1275073.85432646,262724.026497066,4.0,82191.43498255953
16559.0,1268360.99537559,266131.753284559,4.0,3302126.939196752
16560.0,1254887.59088179,250440.289588496,4.0,854414.266188557
16561.0,1277204.96780065,255285.256953448,4.0,903041.230753742
16562.0,1276764.64780019,225271.003674716,4.0,1018783.8967695748
16563.0,1250747.35868555,238494.667176262,3.0,441970.7706507062
16564.0,1275259.14821465,250033.35045208,4.0,51293.21347340598
16565.0,1274872.39141425,198399.559359208,3.0,574714.8645161241
16566.0,1276641.67596006,245352.331567287,4.0,119980.51849520768
16567.0,1276656.22156008,246015.989743963,4.0,96556.39203605508
16568.0,1271461.31627476,223098.43023249495,3.0,171582.43235609162
16569.0,1271344.23185864,223284.650968686,3.0,36608.48910630182
16570.0,1282778.37465435,245224.62449514904,5.0,7432163.326446402
16571.0,1259160.44778216,196525.743229285,4.0,3683743.838566359
16572.0,1263657.71210676,230204.76150377103,3.0,13555.96081219122
16573.0,1264535.75953166,198387.072191194,4.0,1841963.59301054
16574.0,1276335.18840775,267591.10963805,3.0,2721091.5760842147
16575.0,1267428.19831863,227648.038621157,4.0,279096.09286774875
16576.0,1278032.9480895,222058.196759433,4.0,1274506.5186519024
16577.0,1286811.76813048,194170.07308287904,3.0,555252.9183645282
16578.0,1270638.71128191,228645.098270178,4.0,179629.4333738112
16579.0,1264455.87421958,231554.904161155,4.0,3181236.825279276
16580.0,1257753.21142872,193935.73036263895,3.0,64858.12783123867
16581.0,1276191.31826361,252653.505654767,4.0,643486.3348477873
16582.0,1272167.63832349,229444.649502993,3.0,40110.00491077386
16583.0,1278900.48479438,246480.058672443,6.0,33318773.483204603
16584.0,1259569.68387859,211007.298572108,3.0,62067.10932750272
16585.0,1266886.85361408,228140.700317666,4.0,192293.38545265055
16586.0,1274176.86494954,250067.792308107,4.0,156489.7340697679
16587.0,1276918.85848835,229816.121503368,4.0,287412.57918406
16588.0,1268601.35543983,215878.03361710897,3.0,186742.1172666693
16589.0,1265975.94666915,228969.527070507,4.0,20514956.6405747
16590.0,1287350.79955503,249775.857203811,4.0,12859306.10667105
16591.0,1287628.97421132,249768.094771802,3.0,1817578.888429865
16592.0,1270041.75377731,242777.229164645,4.0,275680.86814360664
16593.0,1279379.03961086,214395.122831583,4.0,561619.909527757
16594.0,1263564.91409068,212326.42913346,3.0,6637480.443969594
16595.0,1284226.60729583,261934.850624263,4.0,110602.3165386144
16596.0,1254981.30787389,254421.124152571,4.0,1548973.794710477
16597.0,1281397.62316494,199381.157120213,5.0,718242.5286402176
16598.0,1271369.50865866,219673.991252989,4.0,12377292.803047923
16599.0,1271362.49297866,219335.619540647,4.0,86388.36163140518
16600.0,1271348.73541065,218559.358291849,4.0,206596.77797491435
16601.0,1271205.58053049,211379.120332494,3.0,9090798.901050009
16602.0,1277741.39980119,216104.01704134,4.0,254186.83192140836
16603.0,1281232.29542077,204470.203717425,4.0,592435.3113682234
16604.0,1271141.68369843,229199.63523075,5.0,5484818.627723073
16605.0,1265702.97770886,212166.697165295,5.0,133814.0806097574
16606.0,1265570.23844473,212268.688141406,7.0,129915.23919113303
16607.0,1264530.56433167,271522.495818079,4.0,852815.9404234578
16608.0,1283771.39270337,195257.792699993,4.0,1033434.6291971264
16609.0,1275008.13759039,209365.202122435,3.0,33650.94185410009
16610.0,1278010.43602547,227042.270748541,4.0,228418.1701092847
16611.0,1275540.20344694,227657.856157169,4.0,140903.3344770092
16612.0,1282518.58809409,230447.846624017,3.0,2168071.317187643
16613.0,1264285.03069942,255651.352697834,4.0,574435.4001713851
16614.0,1276749.40735218,202834.57081975,3.0,3237292.5242860806
16615.0,1273077.23589242,224781.047962219,4.0,1092456.8401437711
16616.0,1279222.9637707,213439.516494602,3.0,607366.7054825026
16617.0,1279035.81714651,238368.34064813,3.0,16984227.6229958
16618.0,1259204.8312702,198515.858687326,3.0,245927.5003955112
16619.0,1260938.17194398,247706.206513688,4.0,124605.322290145
16620.0,1281189.05234872,204467.744709417,4.0,564531.3786987782
16621.0,1281211.31903674,204469.859589428,4.0,10632061.421541918
16622.0,1277303.06898475,206798.575687811,4.0,72542.34281946068
16623.0,1283746.82975934,251184.563381255,3.0,14008.642665890398
16624.0,1264755.1410359,230644.460768223,4.0,207914.1517125212
16625.0,1265076.89790022,230636.209120214,3.0,149012.99724951762
16626.0,1285521.94329716,256480.196154684,3.0,222032.53452312376
16627.0,1275872.89138328,248339.426674336,4.0,403982.1406412085
16628.0,1276063.40447147,248556.440690562,3.0,144205.27305637315
16630.0,1275165.48895055,216166.619985402,4.0,248154.51132075695
16631.0,1280917.53516445,265779.418692201,3.0,104423.14667495394
16632.0,1281597.66738914,257808.669244036,4.0,845321.5417379853
16633.0,1259596.91741461,246015.238767967,4.0,16284.959164746504
16634.0,1286887.57408255,193534.017594218,3.0,442551.6004497071
16635.0,1274037.0227094,240651.338026464,3.0,41195.54336464072
16636.0,1256897.12029184,208545.764105588,4.0,1274932.8932397843
16637.0,1275676.95941508,232171.610273793,4.0,168999.51484513414
16638.0,1283885.01548748,194231.693050936,4.0,2541293.841142456
16639.0,1265066.09508421,230210.480991781,4.0,5837430.270812278
16640.0,1278025.18239348,216171.413265407,3.0,115258.24290909692
16641.0,1275396.98616679,220843.87765418,3.0,141917.23089908616
16642.0,1275457.77803886,220717.93237406,4.0,116449.19460687396
16643.0,1285501.80390514,195880.83340463,4.0,435419.0484875255
16644.0,1278134.1001536,202753.326595664,4.0,1080778.5519365186
16645.0,1281806.19814135,202569.238339469,4.0,3700663.724137797
16646.0,1263204.09489031,198417.62559922,4.0,1667916.3101713064
16647.0,1263186.54045829,197754.71615853897,3.0,1212523.7602343515
16648.0,1278094.00210555,229313.344670862,4.0,472539.1954734906
16649.0,1283197.1749747803,195266.749052003,5.0,2410115.771003529
16650.0,1259201.2886142,198377.53811118,3.0,40620.248407886094
16651.0,1280789.46982031,198096.552766889,4.0,657410.0609515186
16652.0,1275799.5490472,214581.233679771,4.0,412874.6657246708
16653.0,1275184.86258258,227087.676188588,4.0,317632.82253770164
16654.0,1277041.42450447,218169.69992345604,3.0,2799026.679312346
16655.0,1254116.41916899,237060.675942793,3.0,155268.12834072034
16656.0,1276298.67109571,265919.777988344,4.0,1034555.4050941494
16657.0,1280614.43506813,198351.331455156,3.0,821884.2651496668
16658.0,1267007.8556622,230587.802080169,4.0,10753721.234402703
16659.0,1287072.64921875,201916.44569881295,3.0,486347.9156807196
16660.0,1269555.57662481,227454.031132951,4.0,115416.11146264484
16661.0,1279616.14937112,227011.364700496,4.0,320825.02367732057
16662.0,1277451.62412089,206011.555591002,4.0,134522.86120676238
16663.0,1281643.58393319,221011.79074235295,3.0,272769.50132443453
16664.0,1281579.83474912,220787.596950129,3.0,312133.65724585945
16665.0,1275107.40280649,222992.59189638495,4.0,503396.0396090621
16666.0,1263220.07057032,211996.50004512104,3.0,1438751.1422101262
16667.0,1279423.87218691,224545.915545985,4.0,421717.52531286905
16668.0,1272527.24190785,242688.812332556,3.0,1335.932432837311
16669.0,1255518.77955444,193975.691898674,3.0,44480.29974504584
16670.0,1276356.87403977,212109.479437247,4.0,679556.1432463983
16671.0,1260936.12963998,245348.212847278,4.0,42531.55728353323
16672.0,1274752.64133413,246074.605104029,4.0,385935.768676178
16673.0,1251338.16719815,242585.538924456,3.0,143756.43164298756
16674.0,1279568.27871506,225208.573338658,4.0,122045.77993925632
16675.0,1275819.04178323,246040.707503989,4.0,165985.31889443786
16676.0,1271899.27960321,225506.256794959,4.0,508226.70098439127
16677.0,1261535.8449686,237088.833062828,4.0,117253.9588462584
16678.0,1264723.20241186,229367.691998914,4.0,113702.9982638964
16679.0,1279256.26194674,213672.110158846,4.0,610915.1448621061
16680.0,1258882.27805388,246034.507759988,3.0,159148.34033130348
16681.0,1267238.25579044,236175.899493888,4.0,226150.24215859093
16682.0,1279480.20767497,209088.515338153,3.0,48017.62606006977
16683.0,1279624.64210711,208728.419593781,4.0,1903909.9356529948
16684.0,1279961.77497147,221989.714967355,3.0,4300.05592598518
16685.0,1253953.07990482,202928.919747844,3.0,1157413.9481549663
16686.0,1270130.0003694,253707.33880783603,3.0,6028002.39571745
16687.0,1264067.64535519,192982.993081659,3.0,15764.488718236107
16688.0,1270968.97342625,205455.060358435,4.0,168946.06323622246
16689.0,1264844.86717999,233681.863139331,4.0,909803.9096203244
16690.0,1280367.17049187,198767.173439577,3.0,408100.9965482518
16691.0,1276878.16069631,228447.131165966,4.0,98176.24718452035
16692.0,1263922.21220304,229863.425887421,3.0,2345.4152710067137
16693.0,1263924.40183504,229960.52508752,3.0,16508.752555704512
16694.0,1272668.561204,251210.898613289,3.0,306576.5585065878
16695.0,1269684.42283294,266105.445636541,3.0,130286.37979112586
16696.0,1269916.09720118,266100.836356536,4.0,243772.65136173333
16697.0,1264031.20874715,244659.958638579,3.0,9146.410059501028
16698.0,1287990.73760368,189348.408181936,3.0,50279.52154523695
16699.0,1274839.24715821,250046.697524086,4.0,57838.12681818935
16700.0,1285387.02425702,190453.809207067,3.0,1157265.182508007
16701.0,1270597.56337787,217420.356626675,4.0,2145676.9252113854
16702.0,1268233.99563146,254229.621944368,4.0,3678867.3910297146
16703.0,1268262.30852748,229277.195422828,4.0,258328.45761228557
16704.0,1272357.63205168,251021.559093088,3.0,218884.85396032943
16705.0,1280334.33426784,198712.883199528,4.0,1834909.082617597
16706.0,1284775.25913639,257712.428283945,3.0,258842.13517025797
16707.0,1269459.55256072,194957.110203683,3.0,866592.784495219
16708.0,1285544.63718519,198203.920959011,4.0,86233.45556127066
16709.0,1285542.87993719,198078.062654868,5.0,370751.936395302
16710.0,1273082.23986042,236909.134886637,3.0,151615.49423785156
16711.0,1275264.06552665,250576.873972639,3.0,28026.900869680565
16712.0,1284750.41171236,260350.955454648,3.0,71163.18954929948
16713.0,1284658.19571227,260531.056830823,4.0,84359.04840465254
16714.0,1258140.05123712,213808.950798988,3.0,156394.51613858264
16715.0,1268103.00011133,242129.065387979,4.0,311065.4027346321
16716.0,1273540.19659689,254069.664568216,4.0,116890.30309070584
16717.0,1268255.32331148,255550.050361723,4.0,193138.1992814821
16718.0,1274192.79768556,252728.420534834,3.0,28286.35330316441
16719.0,1267581.17143878,250244.810676292,3.0,1311168.079994659
16720.0,1272497.99787582,219974.66549329495,3.0,26719.72200850436
16721.0,1254625.69769752,237213.85309495,4.0,234791.84152547023
16722.0,1262854.94301794,250338.543092385,4.0,769488.4393827831
16723.0,1281123.08038065,194931.902587652,4.0,50735.575178005805
16724.0,1282844.92076641,198954.280063778,3.0,45849.55865497949
16725.0,1253969.32598485,237226.675302967,4.0,273416.72643245547
16726.0,1259076.84989408,193895.049978599,4.0,670673.8926467381
16727.0,1263171.52573827,197100.06950187695,3.0,866083.7059712869
16728.0,1279437.68677893,225211.40994666505,3.0,1337.4891538411666
16729.0,1285490.46860912,195244.508283973,4.0,1332131.1026494738
16730.0,1285025.83110465,247104.799217075,3.0,1912477.642793959
16731.0,1272917.80875625,242528.208940387,4.0,40432.86256085238
16732.0,1272362.50046769,254112.839992255,3.0,232577.9769130181
16733.0,1277378.39890482,206812.121607825,3.0,192223.82273765307
16734.0,1261530.07760859,233994.621027648,4.0,190141.02719329484
16735.0,1278468.98924194,258894.311421156,4.0,4763192.998689054
16736.0,1278663.87961014,259219.00761348,3.0,832855.4186385686
16737.0,1276631.26098405,265908.95226033,3.0,844244.5185504472
16738.0,1276738.48972017,265905.450244337,3.0,742048.4219030949
16739.0,1265747.21905291,246280.36126422897,3.0,1013037.8501038124
16740.0,1273591.92683694,258710.05260495804,3.0,219722.84569034463
16741.0,1264738.19025187,205683.574342668,3.0,414991.0021489187
16742.0,1264872.43870001,242332.556780189,3.0,68917.22914236573
16743.0,1270733.97387402,246188.430320144,4.0,286466.1931891832
16744.0,1279201.22924268,215463.757840678,3.0,325119.19283967715
16745.0,1256556.9523555,198535.305471346,4.0,114663.2668210192
16746.0,1263582.96125869,259998.591038287,3.0,120184.64183588218
16747.0,1279108.87442659,210662.77140376004,3.0,45837.04868290117
16748.0,1271278.37797058,215084.352080286,4.0,347022.9315839942
16749.0,1271622.10526693,215077.657232285,4.0,4077553.702229782
16750.0,1270153.13348942,195820.432636559,3.0,1469541.8536367773
16751.0,1272868.2156682,246128.233584076,3.0,16396.030165478496
16752.0,1274377.01547775,240068.341481879,3.0,75221.79536746712
16753.0,1281183.75647672,194958.001915678,3.0,45241.07769358036
16754.0,1278303.41445777,222055.606551424,3.0,440364.2933490333
16755.0,1273729.76510908,270906.220105454,3.0,6867488.736181008
16756.0,1274459.60158983,220302.725845635,5.0,3987351.493416445
16757.0,1271437.76907474,222154.44981552704,4.0,70825.63190825898
16758.0,1286555.51571421,204327.971077278,3.0,1030554.8741503536
16759.0,1273168.27774851,215047.11169625804,3.0,232663.70092016217
16760.0,1257537.9887725,213825.965838999,3.0,71082.27788578735
16761.0,1268516.15351975,229270.927390814,3.0,152426.48898862334
16762.0,1270820.6751221,248661.610418677,3.0,71679.62302455623
16764.0,1264167.44074729,250316.497204363,4.0,496931.28542068624
16765.0,1282832.3886704,251873.292341962,3.0,336979.5278535788
16766.0,1281255.48658879,209159.943050221,3.0,82956.36942948388
16767.0,1274879.81234226,243350.605293229,3.0,3305.977482659316
16768.0,1264357.30423549,260673.663806975,3.0,1281493.838058755
16769.0,1281685.95686123,265758.377412185,4.0,187556.44354801
16770.0,1278440.67135391,234925.970532611,4.0,805958.1345741482
16772.0,1263885.50135501,238685.757672459,3.0,361148.495030925
16773.0,1260306.06883934,255724.809849903,4.0,267822.8457563527
16775.0,1269453.1332327,194482.167291194,3.0,7719415.982083047
16776.0,1287700.1288994,254042.288632184,3.0,253535.68764163705
16777.0,1286418.44313808,255980.58853817,3.0,495991.45315108384
16778.0,1254713.57513762,236547.419110268,3.0,897388.6768569275
16779.0,1274869.27992626,254023.829368159,4.0,247150.78305799983
16780.0,1275104.84831049,209061.658122122,3.0,432.6638181117437
16781.0,1269952.25265722,212153.980685294,4.0,649676.749883655
16782.0,1280462.51052397,198575.547199383,3.0,1263043.313733888
16783.0,1278023.57343347,222928.866264328,4.0,936946.6607943708
16784.0,1263110.22666621,198822.584127635,3.0,272929.3732483555
16785.0,1276618.90303203,244696.913966611,4.0,162251.00482782535
16786.0,1271066.48696235,250176.207476228,3.0,79532.67454659003
16787.0,1275495.0998309,244724.876846641,4.0,199871.61124169847
16788.0,1275779.90015118,244716.62027064,4.0,176216.29116197184
16789.0,1270096.48004936,270100.707656622,3.0,52023.06555832265
16790.0,1282771.25228634,199261.708864093,4.0,238436.0741380925
16791.0,1284856.59161648,195240.243835971,3.0,89631.2644700208
16792.0,1285151.36070478,195236.261243969,3.0,21129.69457613524
16793.0,1257036.36413199,214465.08795166,3.0,794397.1413087167
16795.0,1273562.2122769095,227541.54863704697,4.0,808166.5883786839
16796.0,1261394.33770445,250359.22085240495,3.0,405029.52278653154
16797.0,1276963.8469044,265898.10938032,3.0,691849.8767000783
16798.0,1264241.25655536,253504.867127627,4.0,137922.0634240573
16799.0,1272679.11070801,224189.62357761,4.0,572380.2550238217
16800.0,1272204.90533152,195605.646332338,3.0,1499103.721043361
16801.0,1271033.18814632,267405.873477861,4.0,10130092.92215861
16802.0,1266236.69182141,227426.010524929,4.0,125344.22301115852
16803.0,1270202.90603347,225213.225242659,4.0,3956188.973459589
16804.0,1278316.63519378,201400.643586278,3.0,7449.499442526033
16805.0,1273117.81982845,238170.583143935,4.0,1107960.2858057364
16806.0,1272644.90571597,242720.396588594,4.0,170634.37390129475
16807.0,1272666.86667599,243472.041389361,3.0,100398.6656853498
16808.0,1283362.00633495,234394.45290006703,5.0,877228.4511651589
16809.0,1278091.13957755,229226.931742772,3.0,102019.3365058379
16810.0,1276827.78060025,227049.151004538,4.0,286775.4906858434
16811.0,1273611.80766897,231544.102625147,3.0,8180.185453876847
16812.0,1275814.33509521,236797.654182523,3.0,234805.83702825604
16813.0,1278982.92453846,215920.98856115303,3.0,252825.25406428
16814.0,1286372.95174603,194179.91756288696,3.0,699239.1441607332
16815.0,1264433.21482757,230652.670368224,4.0,257197.36702959373
16816.0,1281380.30329292,271054.009865597,4.0,1563403.4685564423
16817.0,1260959.03543201,212207.914957345,3.0,103452.40266139912
16818.0,1254617.03625751,200860.882177725,3.0,831367.4217922109
16819.0,1262968.99364206,255688.473017871,4.0,469321.53064344806
16820.0,1263426.82282653,212144.45639728,3.0,102646.27706742976
16821.0,1256643.68905959,201682.146626562,3.0,229607.708645542
16822.0,1258133.45578112,244542.191150457,3.0,174108.9048959776
16823.0,1259504.10851851,208478.416201532,3.0,18022809.31773222
16824.0,1266693.70897388,245209.564847142,4.0,184808.34713384183
16825.0,1268580.89585581,211477.47578859297,3.0,13834.58939539358
16826.0,1268573.48407981,211240.67182035703,5.0,10052528.01382808
16827.0,1278193.53541766,232326.369441941,4.0,99527.3187369216
16828.0,1281511.47033305,249902.467187941,4.0,312576.9833040532
16829.0,1275005.35640639,262611.727168962,4.0,221568.8594218808
16830.0,1280929.99545245,202601.651651502,4.0,544489.8782073295
16831.0,1260125.81168716,239004.380712777,3.0,728159.3430512168
16832.0,1260096.30154312,239657.624489456,5.0,1030564.3372992188
16833.0,1265369.01444452,198583.827711388,4.0,3988223.5493142447
16834.0,1265540.72049269,207756.200776786,4.0,500104.71716165
16835.0,1273444.12920479,238165.86435993,4.0,4008057.498715833
16836.0,1269548.5786088,205494.435910463,4.0,73720.46030687798
16837.0,1268022.18667124,232097.515617713,4.0,6842615.678238685
16838.0,1257911.91850089,215845.236753061,4.0,335991.9118588284
16839.0,1283191.40927877,194220.55986692,4.0,3702068.368277247
16840.0,1277918.02213737,244957.432110876,3.0,22110.552017018148
16841.0,1276059.82149547,244708.534638628,4.0,130412.5556023048
16842.0,1271986.26040329,233599.50211525,3.0,77334.28309380628
16843.0,1266163.70282933,215222.377424434,1.0,0.0
16844.0,1283383.88985497,232632.670370266,4.0,231764.84339178877
16845.0,1278365.89791383,256578.006010786,3.0,1352631.1151698933
16846.0,1287814.25107551,253548.51896767304,3.0,45254.5138473878
16847.0,1261761.16439283,193823.79749852404,3.0,1014426.7389860152
16848.0,1261060.73501611,193841.986426532,3.0,175604.23004350608
16849.0,1274334.8095257,222095.50511147105,4.0,2056556.703005272
16850.0,1276674.08108009,246575.505968541,4.0,61935.26496704188
16851.0,1276699.28248812,247351.98340933,4.0,68036.38665650472
16852.0,1261872.48176894,198448.22527925705,3.0,518121.4593518817
16853.0,1261596.86845666,245866.101551816,4.0,234023.05133026687
16854.0,1260900.32323995,245881.449007824,4.0,122798.611111035
16855.0,1272375.81406769,250129.43589218,3.0,19270.4758854518
16856.0,1261391.38295245,192502.07768917095,3.0,1508920.2221614306
16857.0,1284635.06156825,204376.839429319,3.0,622343.4886947037
16858.0,1268304.43211153,259778.140670061,3.0,1185235.7270566686
16859.0,1272523.24197185,224452.92456989,4.0,2013389.17245479
16860.0,1275670.56600706,253996.14796014095,3.0,36096.805277437874
16861.0,1273534.73432489,253534.421879664,3.0,35929.01832206185
16862.0,1272104.67192341,232768.242594391,4.0,1087533.2176320322
16863.0,1257254.57366821,193983.513402686,3.0,2235.662982244929
16864.0,1272989.46571632,267343.965765804,3.0,13415665.507114643
16865.0,1273173.69042051,267338.021253794,3.0,14195354.90673742
16866.0,1258339.37430932,193917.436410621,3.0,136543.3900001168
16867.0,1273819.59563717,220878.118102223,5.0,8319805.007253878
16868.0,1274631.81714201,220860.610582203,3.0,511196.7122060309
16869.0,1255779.8820827,191311.416055948,3.0,52263.78564857526
16870.0,1278350.83954582,236736.16247046,4.0,179888.09055723084
16871.0,1271881.27473919,223641.74543304704,3.0,2108054.6962052905
16872.0,1275732.97503114,234160.789987817,4.0,245932.50711813357
16873.0,1271535.24459484,229207.543006748,4.0,5465277.487988418
16874.0,1276671.0895921,244695.812910616,4.0,523766.57640784833
16875.0,1275651.82655105,231284.419104874,3.0,11667.69249742594
16876.0,1273578.06398892,204627.838213578,3.0,12793.117996830742
16877.0,1264543.74513167,198706.963583514,3.0,1040646.6147073222
16878.0,1252382.77334322,242561.049132422,3.0,317292.1579156124
16879.0,1276986.61324042,247986.179377988,3.0,6966.752784371692
16880.0,1269311.80580856,204946.524293914,3.0,55274.59672370145
16881.0,1276152.79864757,248334.46046634004,3.0,185757.17750297143
16882.0,1274204.36190957,223012.329368412,4.0,1007378.859502111
16883.0,1258401.23670939,218876.21326817604,3.0,7453786.713947519
16884.0,1259225.93424623,217975.969043255,4.0,10023131.035008762
16885.0,1285470.2636171,194200.179322898,4.0,1732234.5368492904
16886.0,1266330.55255751,260882.82316719,4.0,330229.05983314925
16887.0,1271209.2386425,212119.018125251,4.0,3490058.6225285637
16888.0,1282799.44057436,246786.165680751,4.0,14373462.608016402
16889.0,1282799.22399837,246845.396208808,3.0,78986.84408685024
16890.0,1275000.28229438,202866.131779775,3.0,91653.90475536714
16891.0,1275502.25010289,202186.301763088,3.0,57707.326388141846
16892.0,1285557.5232652,249707.748403743,3.0,76814.1926341808
16893.0,1266305.05655748,258901.078141153,4.0,561596.5958083029
16894.0,1272851.17566818,250112.440500155,3.0,106952.59656722016
16895.0,1260788.57117583,212251.021837384,4.0,270809.02195808326
16896.0,1260626.81591167,212475.849101618,5.0,1874293.8483086508
16897.0,1273603.34610096,259703.385917976,3.0,87501.10847934039
16898.0,1287315.71565099,204867.046405822,3.0,61345.30696938735
16899.0,1274351.75762172,250062.2414601,3.0,23504.69644114697
16901.0,1278209.29324166,201989.283842877,3.0,3175.1038905462287
16902.0,1276738.98124017,247855.001777843,4.0,55259.60666697838
16903.0,1270412.75864169,198040.863550842,3.0,4168025.743800098
16904.0,1263761.97271487,198404.797887206,3.0,2074773.0725646256
16905.0,1281622.74047716,219416.23451672503,3.0,228621.25447423352
16906.0,1280996.47302052,204445.662085399,3.0,231514.8722062877
16907.0,1277225.47794466,207610.355272636,4.0,418221.3357342356
16908.0,1263062.83895417,241451.387627289,4.0,720153.8862109225
16909.0,1251900.52534273,212713.67342186,3.0,1204138.048407944
16910.0,1269441.77438469,194146.860538855,3.0,7677351.10463586
16911.0,1264738.04753187,228885.549918428,3.0,105505.84805248842
16912.0,1276238.26079164,256309.422842503,4.0,827062.378039884
16913.0,1260894.79901594,245615.143727556,4.0,148415.61230615532
16914.0,1279017.6223305,204384.905989334,3.0,521096.3008087075
16915.0,1255253.50646617,199042.940927863,3.0,525738.6886357847
16916.0,1283115.4530547,226624.519324109,3.0,1294565.688850114
16917.0,1255499.16445042,215592.825168803,3.0,39200.17804205855
16918.0,1278912.75244239,247303.991089284,4.0,2580218.5100879506
16919.0,1286135.53068979,252458.434870556,3.0,1166727.6144372495
16920.0,1282982.73971055,226418.8264599,3.0,1357038.7916526045
16921.0,1269989.01732925,227930.863517448,4.0,480633.8670027732
16922.0,1275591.49368699,229651.888927206,3.0,110964.08675447552
16923.0,1285518.91315316,191843.01176849,4.0,1908906.7192872665
16924.0,1265661.63294081,250896.834612966,3.0,79848.82014143384
16925.0,1265541.8159167,250982.085429043,3.0,29574.071326497404
16926.0,1255405.24534632,242492.648684353,4.0,29681.75995511448
16927.0,1265352.0305725,209466.915850535,3.0,177323.32174904735
16928.0,1271262.3852025603,222158.239511535,4.0,80929.98322756773
16929.0,1266675.92292586,244049.210541949,3.0,9141.751472011065
16930.0,1264833.68874797,245648.512431592,3.0,373785.0713231829
16931.0,1265161.02468431,228055.297309577,5.0,9267992.4706964
16932.0,1279143.68869862,218745.941268042,5.0,9500596.814645352
16933.0,1274814.16159019,248748.249330759,4.0,445567.770702994
16934.0,1275203.36683859,248605.028530613,4.0,564347.3128957073
16935.0,1269732.77636899,227270.995036766,4.0,962252.529493067
16936.0,1286288.51097794,198068.745726869,3.0,398849.7736487996
16937.0,1272776.10725211,211986.869453117,3.0,84528.4230620362
16938.0,1253962.90633684,207291.486152306,3.0,200123.50640787336
16939.0,1263811.83517893,231571.688545167,4.0,1697496.2594249642
16940.0,1272464.40709178,232192.218145803,3.0,80116.81475502274
16941.0,1255403.43625832,191798.85996045204,3.0,144887.42242673648
16942.0,1285268.9799049,252476.45349457895,3.0,216867.2982495492
16943.0,1270080.45713735,202754.209091663,3.0,32885.49180718145
16944.0,1269757.85412902,203607.798276544,4.0,6340716.632785039
16945.0,1284641.42016025,195243.149691969,3.0,196898.79413587865
16946.0,1269635.33368088,218948.287956253,3.0,190766.9209918345
16947.0,1285451.95756909,193362.362426043,3.0,83811.98296388263
16948.0,1267919.24753514,200598.172417462,3.0,7784645.578743046
16949.0,1258197.10787718,207843.463048875,4.0,161568.48061125044
16950.0,1279324.24313082,209605.81351468,3.0,132487.42754854247
16951.0,1271567.20709087,231302.635296896,3.0,596173.8021393068
16952.0,1286639.0968983,199163.226495981,3.0,220431.5139332186
16953.0,1268377.2105436,267459.199813917,4.0,5050544.342478151
16954.0,1280633.63257216,231763.029025376,5.0,14980691.070234455
16955.0,1271967.68401928,254976.992121145,3.0,563825.7261790058
16956.0,1264072.0662832,246824.941168785,3.0,468947.6871717543
16957.0,1270740.71697803,246456.91275242,4.0,11055289.710851282
16958.0,1257648.44227661,255766.02732195,4.0,1532218.3661646245
16959.0,1269008.40088025,229258.209566802,3.0,5895.610205009542
16960.0,1267106.3489103,192358.876921013,3.0,965893.5478474168
16961.0,1266791.68580598,192367.687225029,4.0,1186750.4953917284
16962.0,1278920.9686344,247837.169777825,3.0,2036293.659556486
16963.0,1275499.8675749,236039.773477748,3.0,3622.724317379596
16964.0,1279336.13119483,234615.135908291,3.0,973748.06807322
16965.0,1286187.31270584,208614.978569672,3.0,454980.94023242575
16966.0,1259170.84375018,197054.79007782004,3.0,1852064.3187670105
16967.0,1271783.78181109,265163.705987573,3.0,78549.56193741818
16968.0,1264748.16401188,241902.385387748,4.0,254361.51361943493
16969.0,1275871.74213527,248260.008498266,4.0,425174.7726797368
16970.0,1276150.12543157,248157.712114155,4.0,306157.6103219183
16971.0,1278551.69938602,198189.74777498803,3.0,42375.993586313045
16972.0,1257543.98678851,250431.632116482,4.0,435932.57197704446
16973.0,1258428.78192541,243001.061356872,4.0,4244728.249254239
16975.0,1275261.56357466,250312.885684371,4.0,116521.4498922192
16976.0,1262939.83031404,254332.201464474,4.0,3207479.202963633
16978.0,1254896.8854738,202038.381506935,3.0,97190.5635308878
16979.0,1272731.78616406,246131.999984086,3.0,98565.9683518152
16980.0,1266065.30474924,231516.650913119,3.0,7773590.815110305
16981.0,1275059.68075845,211128.217612237,3.0,84861.56887166672
16982.0,1286677.32717034,204324.872645274,4.0,1193476.8063509187
16983.0,1261823.15146489,196470.787325233,3.0,111618.91897625898
16984.0,1273869.57195723,250077.579060122,3.0,231894.67410296333
16985.0,1286131.79052979,251795.685493886,3.0,19448.51457705516
16986.0,1277158.7854646,207600.804424629,4.0,238853.5370082489
16987.0,1269242.94571249,231901.439521506,5.0,12150929.679497862
16988.0,1270008.19019327,229232.626974776,4.0,57010.452880036944
16989.0,1267757.45879896,200758.012673616,5.0,25581778.13398228
16990.0,1283245.56300683,229608.883423164,3.0,1385978.7139351966
16991.0,1266653.09585384,239644.483113438,3.0,8619425.123156711
16992.0,1259365.42506237,209799.68717888,3.0,10993539.193224331
16993.0,1282818.00319839,199264.215744093,4.0,420887.03141392354
16994.0,1276229.02847165,219495.4948688,1.0,0.0
16995.0,1273855.57061321,250877.118772939,3.0,226344.81858261983
16996.0,1281732.94169328,219005.004692301,3.0,155174.09028401665
16997.0,1278621.8409541,200485.223489344,3.0,21715.956098396047
16998.0,1273099.42290044,237749.01021549097,3.0,80715.85078132863
16999.0,1275148.11691853,215449.346768662,3.0,103682.00486043825
17000.0,1271690.91749099,196221.416060969,3.0,2574545.4150320496
17001.0,1277617.84133707,214430.12180762,4.0,265242.53160397575
17002.0,1276283.4945837,261948.619584277,4.0,3242896.6791489464
17003.0,1272168.67339548,251003.737269074,3.0,181210.6540173276
17004.0,1278067.80076152,202757.225539669,4.0,1341703.8069606635
17005.0,1280974.9336925,197341.388222128,4.0,326567.80425337824
17006.0,1267368.33329457,232113.583457723,4.0,803354.5548644941
17007.0,1283764.28115135,204399.441413343,4.0,883479.366035
17008.0,1276030.89042343,203205.366020128,3.0,33013.581907905915
17009.0,1276093.87295151,203153.289668068,3.0,1018491.850617034
17010.0,1275700.1719591,242559.926124424,4.0,1234936.2904661964
17011.0,1275980.00831139,242549.602604419,4.0,1971795.2445893008
17012.0,1251863.53884669,242573.01630044,3.0,20416.476821335888
17013.0,1269484.83396873,253406.72952753297,3.0,2164581.875572446
17014.0,1259247.72419825,246022.250543967,3.0,9026.273321731454
17015.0,1267403.7663186,234092.85737974904,3.0,89317.05911490397
17016.0,1264352.53681149,260342.019774631,3.0,689373.6868335604
17017.0,1270170.30206543,223100.499160498,4.0,360852.8000792649
17018.0,1276157.50827956,248662.751154676,4.0,69659.93472590607
17019.0,1260401.80554344,234147.700771809,3.0,330137.18228945654
17020.0,1288144.78777984,191957.83602461204,3.0,20821.32649228856
17021.0,1283245.34649482,228662.793758199,3.0,1252295.8382855766
17022.0,1283268.19814286,229498.723871052,3.0,1283995.6468862938
17023.0,1264404.92356354,229525.677215084,3.0,4247.688644322242
17024.0,1277360.8796088,235956.282789662,3.0,27316.499755045195
17025.0,1270247.00075352,266986.051141441,3.0,498486.6366723076
17026.0,1267297.1913425,229301.874526843,4.0,158572.9493661874
17027.0,1264478.14749961,269043.21331954,3.0,501381.154433456
17028.0,1268424.50705566,271327.628425881,3.0,384425.9794303921
17030.0,1259186.59901419,234909.775396585,4.0,7728860.597214401
17031.0,1276151.17330356,248229.787442237,3.0,76480.98318196
17032.0,1282031.00575759,252542.30309464,3.0,68404.62736171403
17033.0,1265665.51780483,212131.867853269,3.0,16520.59857007186
17034.0,1273503.67006885,224060.35548147603,4.0,34424.11310673094
17035.0,1279918.16773942,207990.96474503,4.0,392478.1309799587
17036.0,1252532.78780738,237248.151270986,3.0,2143.005263307598
17037.0,1276844.45669627,218570.44193986096,3.0,12321896.479358366
17038.0,1279148.67884263,212052.386061192,4.0,4206721.482013564
17039.0,1276167.55224758,249345.855795369,4.0,1491694.9425490438
17040.0,1270329.9871216,219694.53019700904,4.0,12189402.270973086
17041.0,1279698.99071519,230502.226144075,4.0,389831.0732658095
17042.0,1259104.7750141,246209.385008156,4.0,89097.39751049677
17043.0,1272453.84414777,225834.535963297,4.0,731268.1896540493
17044.0,1273636.15275699,266927.374405384,3.0,5896180.913947642
17045.0,1268425.84657565,271441.129482001,4.0,384843.9915347322
17046.0,1267861.63313508,228124.425437644,4.0,183863.33796859323
17047.0,1273011.18386035,254072.977848217,4.0,982401.6874433522
17048.0,1258124.58339711,205862.90957485104,3.0,21245.306769639865
17049.0,1285544.02400118,198803.882687613,3.0,76745.73016817652
17050.0,1285550.74150519,198458.69081527003,3.0,45195.10338777339
17051.0,1274410.08760577,222701.060952082,4.0,796792.7066973912
17052.0,1283259.42975885,195266.749052003,4.0,1194270.767864385
17053.0,1259693.01271071,217418.712274686,4.0,10115821.587048195
17054.0,1265271.19409242,255623.54008980104,3.0,41555.10079654005
17055.0,1287602.65830728,251097.887029171,4.0,1761696.3478741022
17056.0,1270224.42174549,265198.756163612,3.0,51484.63666397781
17057.0,1277396.67052084,217447.93038670704,3.0,458265.71415581513
17058.0,1281505.86770904,254168.133880317,3.0,156235.2219036486
17059.0,1272973.98219632,218833.845588133,3.0,79440.64619214532
17060.0,1282415.87730998,206074.16442306305,3.0,695296.0967878049
17061.0,1261718.79504879,242267.874860123,3.0,271863.0449389492
17062.0,1263946.89425106,239704.344873503,3.0,1110718.4244823414
17063.0,1287741.78137943,193079.34360975,3.0,692965.777579316
17064.0,1271213.72945851,212025.16858916,4.0,13718331.804746948
17065.0,1258098.20618108,219374.906836689,3.0,2757722.172182
17066.0,1274255.94974962,218740.19746004,4.0,666137.2291099872
17067.0,1271068.99224235,197021.64313378895,3.0,4484270.455745484
17068.0,1286280.71904193,204876.467973843,3.0,65210.77658157805
17069.0,1265783.34762895,227838.30070135,3.0,14968.54527466603
17070.0,1273955.99730131,223380.02876079097,3.0,31012.0854453342
17071.0,1260883.85117593,198473.299711287,3.0,175019.1150761188
17072.0,1273613.51570097,265997.773252428,3.0,707918.7886552534
17073.0,1281753.5177573,217334.4837946,3.0,155405.66898506013
17074.0,1279035.47564252,200033.435008883,4.0,3833945.6064331313
17075.0,1284606.43827222,244556.070382476,3.0,987948.9669452409
17076.0,1273287.89163662,220890.78965424,3.0,1054651.840953799
17077.0,1279676.05209117,208753.11412181,4.0,786377.0434339532
17078.0,1282880.68249445,265712.430340126,3.0,47682.99216126655
17079.0,1281515.57305306,216035.582801268,3.0,1575827.8993530138
17080.0,1276703.92223212,247684.673393667,4.0,101196.30561192708
17081.0,1276705.40716013,246014.581231967,4.0,202950.62390569388
17082.0,1281806.23455736,193968.494074672,4.0,68358.03498015972
17083.0,1282859.95257443,197642.802366436,3.0,24671.47046939338
17084.0,1278040.7985215,245330.449071258,3.0,8815.066830127256
17085.0,1281569.06079711,216981.69640223696,3.0,1091638.3140241583
17086.0,1256609.55037156,200446.2235533,3.0,1436535.256294907
17087.0,1272783.69022812,250114.862132162,3.0,16936.35015418689
17088.0,1259878.7265669,234898.822948575,3.0,615611.114621058
17089.0,1277527.23288897,235836.068133533,4.0,96305.95085684558
17090.0,1282750.17126232,231627.558881223,3.0,190805.26967998425
17091.0,1269662.51896092,202164.971139058,4.0,11144379.84011214
17093.0,1264474.3049396,206440.66695143297,3.0,467295.1303981889
17094.0,1281410.01356494,243574.13009347,3.0,607164.5606837703
17095.0,1281634.87366118,243569.675053462,3.0,558310.6839147015
17096.0,1279530.56812303,209105.731850162,3.0,69175.09337850923
17097.0,1265548.2289727,208406.053129449,3.0,55806.022602892495
17098.0,1262837.29149793,231259.128480852,3.0,167954.1630059752
17099.0,1277607.27442506,199469.9552003,3.0,35923.66272986009
17100.0,1267239.60619044,226175.679963648,3.0,12910728.375747168
17101.0,1277912.95525737,257343.912251562,3.0,671459.4116322657
17102.0,1254621.31548952,237066.489574805,3.0,355257.78147132846
17103.0,1274090.21618146,252755.723958865,3.0,187260.95391222436
17104.0,1271399.13688269,221166.181142524,3.0,1341702.3799636662
17105.0,1271382.70616268,220364.56795769895,3.0,1771877.517380375
17106.0,1273497.2865808497,223692.26831310996,3.0,288833.6887790729
17107.0,1271431.70673873,221871.895319238,3.0,117961.54456592815
17108.0,1278474.14668193,265848.909700274,3.0,243219.93528963608
17109.0,1282742.07711831,225174.083226621,3.0,1227529.7558301997
17110.0,1268401.59531163,240536.828778356,4.0,1035150.1413977208
17111.0,1266339.14180551,198767.080959573,1.0,0.0
17112.0,1266166.11524534,198768.360447586,3.0,84778.00000000001
17113.0,1268799.68248004,234349.022564024,3.0,11074671.112909537
17114.0,1266777.63140596,270149.900104672,1.0,0.0
17115.0,1276369.26872778,207401.210312426,3.0,84778.0
17116.0,1276368.17323978,207289.841480315,1.0,0.0
17117.0,1276372.9773358,207527.172680557,1.0,0.0
17118.0,1285639.41190527,196323.755773082,3.0,48109.10221776804
17119.0,1274338.9059737,222396.594071776,4.0,521148.9787343944
17120.0,1284622.84505624,256627.479354829,1.0,0.0
17121.0,1269842.73681711,231886.20598550103,3.0,27062.997542755133
17122.0,1269937.5128812,231883.842785493,3.0,57284.92984530728
17123.0,1271666.99102697,247492.498929471,3.0,24566.349759836183
17124.0,1260070.95581509,235788.855973497,3.0,448048.37061429553
17125.0,1276264.79384768,260122.170174405,3.0,55289.35760009718
17126.0,1269616.88523287,231930.596321538,4.0,453551.7117537776
17127.0,1269618.55448087,231996.768737614,3.0,42390.0
17128.0,1265327.90430048,233749.623843402,1.0,0.0
17129.0,1261370.72093643,202468.547971368,3.0,55956.17975710143
17130.0,1266677.73329386,195045.91090777505,3.0,58070.0924567561
17131.0,1271072.05355436,225948.328411415,3.0,244370.08282632992
17132.0,1276406.21842383,260117.591102406,1.0,0.0
17133.0,1269630.66372888,232476.799586102,1.0,0.0
17134.0,1253682.29468855,256835.440187037,1.0,0.0
17135.0,1275937.22098334,218672.883347958,1.0,0.0
17136.0,1271000.09573029,168617.274080709,3.0,100311.36821971418
17138.0,1284748.62790437,256429.127994627,1.0,0.0
17139.0,1250428.74838123,212875.016974032,3.0,2416811.6096819765
17141.0,1278108.41612157,214193.193807378,1.0,0.0
17142.0,1282598.67027016,274988.18145363,3.0,32825.859510148475
17145.0,1281978.25548553,222114.424343482,3.0,133648.71180496
17146.0,1282737.6266863,274994.471821636,3.0,49293.18800786766
17147.0,1281712.99654126,222175.605015546,3.0,62605.48507053857
17148.0,1250414.5634212,213245.15009440496,3.0,20734.71004723409
17149.0,1250091.81570888,213465.545934632,5.0,247371.24931172564
17150.0,1278806.29138628,212293.360973433,1.0,0.0
17151.0,1289085.9811248,249765.369331807,3.0,650460.1043182103
17152.0,1275138.41650252,203465.69984439,4.0,2415415.566486897
17153.0,1270806.86936209,219691.767765,1.0,0.0
17154.0,1258016.84048499,195750.58399649,1.0,0.0
17155.0,1284954.25708857,186686.213363215,1.0,0.0
17156.0,1284983.09529661,186687.731059209,3.0,84778.0
17157.0,1281047.83903658,195953.718780696,3.0,36074.14080337743
17158.0,1282826.1186544,280057.081746817,3.0,2506213.441618399
17159.0,1283244.33011083,280687.07029146,3.0,5547168.657993544
17160.0,1277510.41471295,201494.606658369,1.0,0.0
17161.0,1277921.87288937,201488.18278636,3.0,75970.52490327557
17162.0,1283668.63564727,280596.792595372,4.0,5804102.729572041
17163.0,1281854.6491494,194014.73381871,3.0,77552.66148017504
17164.0,1280973.8674525,194931.941947654,1.0,0.0
17165.0,1283613.9143032,281601.124244407,1.0,0.0
17166.0,1280721.09266824,196632.720381394,3.0,42535.571907224126
17167.0,1281041.53330857,196610.533117369,4.0,114659.16560366444
17168.0,1277807.87116125,204106.521029055,4.0,1303297.9671986809
17169.0,1277911.25317736,203574.812484503,3.0,43177.12514822521
17170.0,1267954.55422316,229285.582878828,5.0,751967.0007400874
17171.0,1283737.17817533,283248.745622084,3.0,743799.242437659
17172.0,1271003.44741029,170262.397474393,1.0,0.0
17173.0,1271351.30763465,170256.308258384,3.0,480634.0970042666
17174.0,1284989.42073661,186875.403635398,1.0,0.0
17175.0,1250087.64214088,213346.896270514,3.0,20895.773218559723
17176.0,1250084.48726086,213257.201870412,4.0,23584.54840012097
17177.0,1253668.41840054,244978.320238903,1.0,0.0
17179.0,1267910.55428712,171337.499619499,4.0,3161727.9060291527
17180.0,1250410.52438121,213148.474766314,3.0,1463.2708973376748
17181.0,1250406.2852132,213046.99924621,3.0,4826.798485438352
17182.0,1288913.87878864,252081.724982172,4.0,85554.53333333334
17183.0,1288919.03917263,252583.130102694,1.0,0.0
17184.0,1268246.07300746,200806.767489672,1.0,0.0
17185.0,1274116.88178147,211105.273100212,1.0,0.0
17186.0,1250418.57583721,213343.484174505,3.0,1184.8365036890757
17188.0,1258374.13802136,238027.944679782,1.0,0.0
17189.0,1264352.98269948,201953.90656285,1.0,0.0
17190.0,1272688.75934802,217096.869394347,1.0,0.0
17191.0,1268795.13656002,279402.071890146,6.0,20464866.40066326
17192.0,1269926.18283319,231430.939169034,3.0,6664229.511460241
17193.0,1257006.92157196,219987.520149305,3.0,287732.67384011444
17194.0,1289354.06259708,180472.898028851,1.0,0.0
17195.0,1289384.39194112,180472.338348851,3.0,84777.99999999999
17196.0,1288431.86662814,191618.441720262,3.0,62790.63958749055
17197.0,1263709.34289083,230138.13302370897,3.0,22532.6800398384
17198.0,1254228.05116911,208526.01549758,1.0,0.0
17199.0,1288619.59789233,191395.492984027,6.0,553654.0791573392
17200.0,1289550.37357329,180559.079276934,3.0,226366.8263340296
17201.0,1254660.01686555,199802.185152635,1.0,0.0
17202.0,1251764.13417459,213731.340686902,1.0,0.0
17203.0,1251749.07222258,213729.429262906,4.0,87105.83107547883
17204.0,1279082.29445857,229665.998495221,4.0,175440.3419643416
17205.0,1273424.14366877,197312.013950095,1.0,0.0
17206.0,1274341.29016571,222498.630231887,3.0,932612.9200368295
17207.0,1288905.84467663,191085.465399712,3.0,214074.76048792124
17208.0,1289103.64614883,191253.37778388,4.0,159094.66674835098
17209.0,1289660.21293339,252220.742070317,1.0,0.0
17210.0,1288526.28410023,191505.713592142,3.0,17049.699828364755
17211.0,1288760.64678848,192479.566585138,3.0,530489.1164499023
17212.0,1289068.80166879,181177.603629574,4.0,1317404.4631176984
17213.0,1289044.35885276,180041.087532401,3.0,3034554.638229185
17214.0,1267378.67121458,232522.352674142,3.0,22633.00392021937
17215.0,1288709.99238843,191289.078199923,4.0,561168.7756963306
17216.0,1268928.64024016,235138.171940818,3.0,10948313.783117522
17217.0,1260111.15127113,238157.91261591003,3.0,284525.3822892037
17218.0,1289404.96013314,181414.379757807,1.0,0.0
17219.0,1289361.3014451,180929.24586930903,3.0,279400.7221256839
17220.0,1294693.58017056,185512.430578008,1.0,0.0
17221.0,1254959.40931386,199792.525760636,1.0,0.0
17222.0,1256679.99478762,219622.95362094,3.0,123727.52055957966
17223.0,1267318.85636652,230154.020127714,4.0,8437206.450812135
17224.0,1260344.61437538,201812.424258694,4.0,1393598.3282137148
17225.0,1281159.70399669,229613.142623171,1.0,0.0
17226.0,1254155.43747304,248001.962098002,3.0,42457.093589928816
17228.0,1254140.91811302,248002.860722005,1.0,0.0
17229.0,1265305.33706845,179003.919019341,3.0,46869.55799383352
17230.0,1279703.82860319,217296.404754549,3.0,553476.8534711432
17231.0,1282578.47084615,246548.177328512,3.0,50336.67687610313
17232.0,1264907.41463605,178949.636011288,1.0,0.0
17233.0,1270527.7459058,177545.37335385397,3.0,6281830.935020416
17234.0,1270170.14884944,176688.321640968,3.0,1858089.5779024728
17235.0,1269704.04484896,175211.869863465,5.0,13439940.399577515
17236.0,1269971.45540923,175543.133927792,3.0,576861.2260441519
17237.0,1291098.14541487,171924.596580088,3.0,64338.068510477184
17238.0,1291098.37376687,172346.305380523,3.0,42390.0
17239.0,1291093.77696687,172422.842596605,3.0,42389.99999999999
17240.0,1290571.46637432,172594.098852783,3.0,287264.81922018086
17241.0,1290216.21216597,171963.275940135,3.0,190530.90660572695
17242.0,1255083.34275399,194742.819643453,3.0,216372.5157918549
17243.0,1254918.55043381,194747.050235465,1.0,0.0
17244.0,1290977.90778275,172614.427236795,4.0,146023.392209288
17245.0,1291195.76135097,171943.493860111,3.0,78444.58316671132
17246.0,1280390.4729559,173075.47907728,4.0,887692.2230005572
17247.0,1280232.97554775,172648.183012828,3.0,988359.9886909612
17248.0,1280082.02469958,172236.775716409,3.0,3479502.9064835585
17249.0,1270947.44357023,169751.255457863,3.0,128380.9598876576
17250.0,1270300.86744156,171464.91017963,3.0,325363.6421571803
17251.0,1269872.07761714,172481.13482067,3.0,4587969.698861921
17252.0,1270031.8604653,171277.785827428,4.0,4513840.818545542
17253.0,1270974.56689826,169533.422561646,3.0,42390.0
17254.0,1270475.97899374,171266.737315416,3.0,388636.56472574815
17256.0,1278895.10975437,277087.112271786,3.0,222870.44046652707
17257.0,1285022.14675264,279803.419538558,3.0,3057042.6852483694
17259.0,1295755.99796364,184102.124400571,3.0,128874.65955875184
17260.0,1295795.00481167,185152.817137644,4.0,475752.69932442886
17261.0,1276869.6876723,277162.96155186,3.0,233029.87012262215
17262.0,1273851.41022921,222480.269719869,1.0,0.0
17263.0,1273869.46565323,222478.18639186,4.0,432985.6505422995
17264.0,1264946.27415609,233678.371363327,3.0,137834.4139283533
17265.0,1295829.13991572,186203.783218712,3.0,38768.16007119137
17266.0,1296310.7901562,186176.471922681,4.0,99027.7856490994
17267.0,1282039.23929359,271038.094537586,3.0,165679.91810465726
17268.0,1296215.16634811,183560.518192008,4.0,107131.05765071767
17269.0,1296872.19489278,183529.89092797003,3.0,20568.96325282355
17270.0,1292371.70292017,179997.521708354,1.0,0.0
17271.0,1267112.51588631,277437.734608144,3.0,76150.58762560434
17272.0,1273451.99602079,204374.147781327,4.0,71978.17875849438
17273.0,1282987.71148656,228229.399005756,4.0,241998.4324123397
17274.0,1273340.42142868,204567.999429524,4.0,28763.14085264689
17275.0,1273277.68005262,204677.644549638,4.0,1100149.0681653805
17276.0,1271517.01265882,213488.811342657,1.0,0.0
17277.0,1276383.4238638,271221.99341777,4.0,10017303.563422527
17278.0,1269074.70027232,224902.20092234,4.0,144423.11906112867
17279.0,1295727.6958836,182278.49713470004,3.0,152863.5117386347
17280.0,1296029.47706792,182287.642798707,1.0,0.0
17281.0,1268418.81969565,282062.339860871,6.0,5614885.672617433
17282.0,1272653.88440397,223464.039448872,3.0,42389.99999999999
17283.0,1281376.95161292,286973.124697909,3.0,3754337.4271332338
17284.0,1272950.16562028,205282.835270256,4.0,980350.1520249018
17285.0,1283199.07199878,228239.565981761,4.0,1218271.9565371352
17286.0,1281394.25900494,271707.667018265,3.0,939177.3510883988
17287.0,1297188.7267331,185186.57137768003,3.0,375170.903938267
17288.0,1297344.21985327,185178.95358566905,3.0,1996470.9444089616
17289.0,1268861.1285601,225270.388506725,4.0,71162.2094257524
17290.0,1273589.98981294,204131.105669066,4.0,151278.96979811764
17291.0,1272436.36613175,206349.50343135,3.0,1487687.3637611135
17292.0,1277740.52216919,204460.783813417,4.0,542123.469229027
17293.0,1279755.71826725,207150.17536816,1.0,0.0
17294.0,1274644.87845401,205401.372486368,3.0,137367.09526383475
17295.0,1279012.70828249,204106.541061044,3.0,369857.61016195966
17296.0,1272459.33720379,223036.488792434,3.0,60391250.306328185
17297.0,1273636.61144499,246714.367920682,3.0,153005571.59932116
17298.0,1288313.27731602,173879.904038101,3.0,47758.1076919095
17299.0,1288311.07616401,173726.536869943,1.0,0.0
17300.0,1271064.80094635,225646.88476310705,3.0,2217216.7192854467
17301.0,1271299.35429059,227368.689436868,3.0,2534534.018816948
17302.0,1272172.94539548,223504.507160917,3.0,96793355.2348778
17303.0,1271600.87960291,224513.719065949,3.0,12580374.7179196
17304.0,1263662.80298677,241508.766443342,3.0,45136.4608717412
17305.0,1263653.36106676,241525.18897137,1.0,0.0
17306.0,1260775.32906382,286657.714521587,3.0,229994.9187974296
17307.0,1288345.72013205,171556.222627714,3.0,265914.0698880762
17308.0,1296191.28551608,182786.988207221,3.0,64490.68529055421
17309.0,1296223.38810812,182665.113455087,1.0,0.0
17310.0,1272415.59121974,271350.922313914,4.0,4125118.927445557
17311.0,1289048.49760477,171665.730595827,3.0,272967.56790607265
17312.0,1265525.65162869,284762.241303638,3.0,27266.04916561298
17313.0,1265732.95204489,284756.976215631,3.0,66941.70193084782
17314.0,1269687.84472094,175894.46397616,3.0,762409.9595073281
17315.0,1271636.10725094,262081.397888407,4.0,6974663.638677656
17316.0,1272295.52785961,262062.2952324,5.0,12086959.361009974
17317.0,1280640.96518016,172458.958372638,3.0,817539.4531201306
17318.0,1282024.60614158,172497.51965268,3.0,20355057.93961762
17319.0,1284522.02732813,172750.970916942,3.0,19486427.54029848
17320.0,1283898.43801549,173195.914533392,3.0,20165451.733042687
17321.0,1284919.99699254,172724.54211691,3.0,854495.6189643602
17322.0,1270205.42699347,175890.366504148,3.0,925880.2941044698
17323.0,1270309.14040159,176676.30493696,4.0,5498327.791703496
17324.0,1284228.80550383,172909.217317104,3.0,8983809.786297468
17325.0,1284985.62188861,172166.729636341,3.0,1503861.4277653722
17326.0,1292212.35936801,172988.705957189,1.0,0.0
17327.0,1291224.49984699,172653.423524842,3.0,42389.99999999999
17328.0,1270644.42878592,175011.64810325197,3.0,883576.61470501
17329.0,1270235.57457751,175114.512743354,4.0,10499600.782217728
17330.0,1285883.93209752,286486.079065412,3.0,739669.2414544682
17331.0,1286530.61651419,286550.827609465,3.0,655154.9081211356
17332.0,1278597.61036207,287064.627737999,3.0,4049308.146080565
17333.0,1282976.55929455,279236.878033981,3.0,1105687.3803731687
17334.0,1283359.61235094,279196.878417939,3.0,2767160.5345787783
17335.0,1286968.65401864,283638.895766497,3.0,115746.91643441812
17336.0,1257469.80157243,284410.923735276,1.0,0.0
17337.0,1260857.87715991,243194.636781082,3.0,84777.99999999999
17338.0,1295130.432971,184530.550000995,4.0,191255.7078417617
17339.0,1296954.96340486,186150.423090667,5.0,2381058.75656698
17340.0,1296296.7623162,185911.811058417,4.0,456441.1771196168
17341.0,1279216.3729227,237246.017766982,3.0,144812.09980413233
17342.0,1263147.60810624,241691.831403539,4.0,504615.0924499944
17343.0,1297497.01748542,185172.222641662,3.0,5460824.400457995
17344.0,1296952.88961287,185875.187442377,4.0,512886.2065782533
17345.0,1286724.29523438,286492.24700141,3.0,570691.5081211356
17346.0,1289970.49478972,172275.113572448,1.0,0.0
17347.0,1297178.9846531,184955.060977444,3.0,279.0505877878319
17348.0,1289412.81280515,170835.914658979,1.0,0.0
17349.0,1289986.49312574,170823.864482969,3.0,42406.33333333333
17350.0,1269774.70968103,279386.997138143,4.0,20361067.83117806
17351.0,1255159.15561807,201881.631810769,4.0,69174.93669842558
17352.0,1269273.51940852,209209.865482271,1.0,0.0
17353.0,1265905.77783707,275471.535822123,4.0,1626701.339751998
17354.0,1295820.73108371,185943.880882457,3.0,377528.4715832461
17355.0,1265886.19159704,274142.368204758,3.0,780104.0757019363
17356.0,1287445.43059513,249842.860019878,1.0,0.0
17357.0,1287511.47181119,250092.929076135,3.0,42423.99999999999
17359.0,1295135.344331,184810.890673295,3.0,217027.0147644139
17360.0,1257460.44432442,284852.945175737,3.0,158.79213695661068
17361.0,1268550.07729578,213594.447310761,3.0,150328.01387277298
17362.0,1263945.64593107,286136.592217043,1.0,0.0
17363.0,1289608.69466135,164394.349788383,3.0,5435.577628392949
17364.0,1296895.4799488,184308.602288783,4.0,531084.6084532886
17365.0,1297030.03412494,184301.561008766,1.0,0.0
17367.0,1297252.67610916,185333.09732982505,3.0,353412.7117492782
17368.0,1296316.46862021,186426.994418949,3.0,32906.150476922056
17369.0,1296644.16289255,186442.954994962,3.0,2171605.347781193
17370.0,1297462.68846138,185323.000561818,3.0,3382831.889265667
17371.0,1269773.04465704,278996.096657738,3.0,371652.7535676213
17372.0,1286869.90649854,169582.956577703,3.0,752666.0267846467
17373.0,1288878.66003659,169530.679777637,4.0,364935.0279397509
17374.0,1295841.36199573,186452.191218972,3.0,33776.27954972446
17375.0,1296915.06062083,184824.884721309,4.0,1458417.7595621168
17376.0,1297170.55585308,184810.085553288,3.0,1479472.1096596434
17377.0,1288813.66669253,166906.439262956,4.0,291380.1863644752
17378.0,1294793.82765865,179216.123627558,4.0,48935.72158148896
17379.0,1283750.42451134,276137.667662814,4.0,2771133.8595462493
17380.0,1286009.94822566,177891.119722202,1.0,0.0
17381.0,1255358.60009827,202353.196163252,1.0,0.0
17382.0,1255178.02269009,202029.468098924,3.0,50907.22810054617
17383.0,1259450.93904646,284898.146839783,3.0,824401.7388167393
17384.0,1296863.11060478,182995.66692742697,3.0,379680.1724547057
17385.0,1296924.19476484,185347.906033844,4.0,657361.4922433239
17386.0,1295765.00289164,184344.686256811,3.0,73531.85070533583
17387.0,1276817.88556024,285486.040344387,3.0,82048.34655252068
17388.0,1278918.8968264,260529.88031882,3.0,478632.6249969655
17389.0,1296875.57646078,183664.910384119,3.0,89764.85635595937
17390.0,1297355.19226928,183640.869744092,1.0,0.0
17391.0,1280041.43884355,271095.449417651,3.0,2603562.9526781635
17392.0,1288893.25773261,170389.512674525,3.0,47048.21199545155
17393.0,1295777.46317966,184620.322481096,3.0,175196.091301309
17394.0,1278604.65957807,212349.197773486,3.0,2072963.0000113384
17395.0,1279238.57298672,237354.09789510103,3.0,16636009.447047403
17396.0,1296283.55271618,185646.266610146,4.0,97787.43262308704
17397.0,1294572.93671443,184554.983025029,1.0,0.0
17398.0,1287116.0992668,286376.13340129,3.0,422253.2062626716
17399.0,1260721.14218377,204457.304453403,3.0,389635.36163917865
17400.0,1266892.46775807,284736.405719608,3.0,315507.4725506762
17401.0,1255302.98768221,201600.381058484,1.0,0.0
17402.0,1296269.42900416,185112.154481605,4.0,346725.78673682344
17403.0,1289958.4849337,169483.745505601,4.0,152955.84913556266
17404.0,1295811.21997969,185668.855794162,3.0,4625.360606631928
17405.0,1265383.82052454,284766.259991646,3.0,17790.876579258882
17406.0,1297186.8694531,185899.966578409,3.0,2909128.2369096745
17407.0,1297395.37690932,186136.806962654,1.0,0.0
17408.0,1260784.37303182,285431.74191232,3.0,905655.0857844696
17409.0,1281728.49254127,280595.339859366,3.0,2607635.2633061744
17410.0,1264205.50135534,241452.996203288,1.0,0.0
17411.0,1263951.22858708,241543.234859377,4.0,120947.00095725062
17412.0,1288731.73677245,164222.957468212,3.0,15532.9830496643
17413.0,1268799.90948804,279246.287761986,1.0,0.0
17414.0,1279783.17625128,277122.243471816,1.0,0.0
17415.0,1296887.0468608,184044.374512509,3.0,309578.272550101
17416.0,1296208.45870011,183295.341551736,3.0,28633.982982112404
17417.0,1274834.31442222,217104.798226357,1.0,0.0
17418.0,1285446.92051308,278990.798801735,3.0,175041.10515945492
17419.0,1279726.19769122,273082.677707687,3.0,666841.098162836
17420.0,1267116.7229263,278763.79988949,3.0,924392.223513145
17421.0,1295786.60980366,184863.954225346,3.0,131105.7624551599
17422.0,1277321.65919276,280880.17621167,3.0,271151.45148336835
17423.0,1296881.06951679,183790.760816246,3.0,182355.73354594904
17424.0,1296612.37454051,185632.338162124,1.0,0.0
17425.0,1277924.25477737,209194.307466254,3.0,358263.47092342033
17426.0,1283294.96614288,188653.16478923,6.0,26177872.19698319
17427.0,1283026.48044661,193286.898681968,3.0,3229956.9498838475
17428.0,1284195.3038718,185928.438002437,3.0,1534818.9061802449
17429.0,1275785.10911119,285669.890392572,3.0,84778.0
17430.0,1275790.04645519,286141.749337047,1.0,0.0
17431.0,1290392.33971815,179408.839147761,3.0,6100636.577837847
17432.0,1289425.13760516,179834.990508199,3.0,7794104.437668262
17433.0,1276051.73720746,205845.431302831,1.0,0.0
17434.0,1265792.35217296,207753.833608776,3.0,84778.0
17435.0,1265788.48510095,207268.526536286,1.0,0.0
17436.0,1276111.01695152,287014.918553948,1.0,0.0
17437.0,1288152.05318785,181022.633517414,4.0,2402585.047658855
17438.0,1275351.58763875,285691.688280597,1.0,0.0
17439.0,1271623.62270692,236937.701094672,3.0,113799.73933397888
17440.0,1287930.11104362,186954.898547485,1.0,0.0
17441.0,1271837.90833914,172044.350244209,3.0,737107.7415583918
17442.0,1272051.76779537,172108.628324285,1.0,0.0
17443.0,1257710.60886867,258425.295932665,3.0,117685.48527544938
17444.0,1286356.03808202,184290.207344756,1.0,0.0
17445.0,1272798.52024414,233686.14793933896,3.0,491700.7234202359
17447.0,1258971.05450197,247749.225777745,3.0,48989.42460278352
17448.0,1260201.96573523,167492.042463556,1.0,0.0
17449.0,1259941.10730296,167583.686623648,3.0,140321.43479807684
17450.0,1268091.38398331,187373.764787912,3.0,21916.0494910622
17451.0,1267810.60900702,187373.356979907,3.0,36703.4269307942
17452.0,1284962.04774459,262665.007937014,3.0,593070.2666533103
17453.0,1285093.15641671,262631.990912974,4.0,5566970.661838702
17454.0,1268196.61310342,285709.078616604,3.0,279081.75997135165
17455.0,1278306.38194577,246020.948015973,1.0,0.0
17456.0,1257548.78173251,208517.195593566,4.0,2306644.851632185
17457.0,1282414.80978997,198441.83846324697,3.0,22698.114740068017
17458.0,1282502.07961407,197921.722046718,3.0,13954.104764230313
17459.0,1264345.30948347,171987.358244151,3.0,156104.18916437431
17460.0,1269118.12113637,281824.434836626,3.0,66681.55043703482
17462.0,1268629.93508786,186773.0855553,3.0,42534.99953379958
17464.0,1268109.06148733,187013.949939549,3.0,100219.95001587688
17465.0,1267877.46839909,186981.983475506,3.0,117696.45731992045
17466.0,1269340.56260858,281838.099860638,1.0,0.0
17467.0,1268195.16497542,285573.874200478,1.0,0.0
17468.0,1278756.74028224,246487.686960444,3.0,643997.9840812872
17469.0,1287683.49081936,251095.874933168,4.0,9691223.212303594
17470.0,1262834.10544993,166294.993310332,3.0,467127.7878311363
17471.0,1268126.96139134,187247.502259791,3.0,59864.54561691487
17472.0,1267830.04331104,187249.380211785,3.0,76344.02491243508
17473.0,1253747.86646461,216462.380497694,1.0,0.0
17474.0,1281932.03910148,260221.040702507,1.0,0.0
17475.0,1271414.43973072,276700.90574339,1.0,0.0
17476.0,1273576.22866093,214078.941711262,3.0,39877639.91292561
17477.0,1253515.66384038,216519.401105762,1.0,0.0
17478.0,1268257.27838348,186678.491955206,3.0,10200.762614346268
17479.0,1287923.46803562,186754.315571278,1.0,0.0
17480.0,1273426.66795677,220692.035478026,3.0,516670.15983427415
17481.0,1273412.65323676,220560.014357895,3.0,49248.38355681178
17482.0,1273693.51749304,214941.847824141,3.0,59222755.55078789
17483.0,1274090.92677346,204923.192645878,3.0,98896181.68058896
17484.0,1273306.78955665,210362.367115453,3.0,98834297.02011316
17485.0,1279925.36921142,260514.031934813,4.0,3321465.164683735
17486.0,1282039.25343759,193770.765818462,4.0,403523.016040853
17487.0,1273415.55608477,218651.515923947,3.0,98583348.10253662
17488.0,1253862.31209674,216931.526866183,1.0,0.0
17489.0,1263855.87210697,242409.454636276,4.0,3899526.920562394
17490.0,1263578.14109869,242414.087468281,1.0,0.0
17491.0,1274090.27717344,177794.12881010803,3.0,2882035.784804784
17492.0,1273431.19224478,200312.665793166,1.0,0.0
17493.0,1271817.38571513,171237.267555386,1.0,0.0
17494.0,1268554.84171179,209532.546954602,1.0,0.0
17495.0,1282507.30790207,198956.595007777,3.0,35601.18232114718
17496.0,1266067.27978924,275697.035342351,1.0,0.0
17497.0,1281992.82143754,193739.28652243305,3.0,53759.49254121886
17498.0,1268796.25336003,186773.0855553,1.0,0.0
17499.0,1271829.68427514,238197.98730395696,5.0,138679.23085482683
17500.0,1263102.0055462,207478.910984501,3.0,93142.30388505782
17501.0,1284978.83513661,191400.786936045,1.0,0.0
17502.0,1272789.86411612,214294.272015482,4.0,19934058.025926977
17505.0,1265594.87978876,207751.670280784,4.0,226145.87779610776
17506.0,1265464.57822062,207757.962888792,1.0,0.0
17507.0,1265008.50858815,208410.261769459,5.0,169548.0
17508.0,1275510.3317669,217611.53141087305,3.0,51117.98567213495
17509.0,1265304.67895645,212667.495053813,3.0,97853.55155221646
17510.0,1260757.04765581,213233.3685904,3.0,125930.39000069092
17512.0,1269823.79588908,248814.179634824,4.0,449314.03045429295
17513.0,1269995.48190525,248565.947250575,4.0,217692.42660994385
17514.0,1278107.14872956,247382.71339336,3.0,183343.6079557917
17515.0,1278086.44146554,247641.097393632,4.0,253913.1107167329
17516.0,1284451.69875206,263317.943617687,1.0,0.0
17517.0,1283227.4495348,195267.608955994,4.0,3456175.1838751403
17518.0,1280827.56159635,193994.620346695,1.0,0.0
17519.0,1280101.58373961,201973.610626861,4.0,161878.36538785585
17520.0,1270319.04260959,249360.717299387,3.0,269316.831640564
17521.0,1280325.61477983,212624.09652577303,3.0,500209.0684455615
17522.0,1280317.74047583,201614.780930489,1.0,0.0
17523.0,1278376.89164184,247113.792625085,3.0,1427.4846341672442
17524.0,1279348.29260284,213492.974414662,3.0,117341.82318036968
17525.0,1270588.06571387,249681.031283721,3.0,203607.53980364665
17526.0,1282797.44742237,199263.236800089,4.0,2144152.443469587
17527.0,1283218.6270708,194224.820026934,4.0,10993791.9890906
17528.0,1265268.13246042,212598.592973739,3.0,68961.117683167
17529.0,1278343.9963458,247175.883057147,3.0,158909.6788769353
17530.0,1260910.53744796,213177.815886334,3.0,327690.0929537537
17531.0,1281005.90706854,216840.182290092,1.0,0.0
17532.0,1278140.20575359,247112.059377089,4.0,247678.36053486023
17533.0,1279184.47698666,236126.771301836,1.0,0.0
17534.0,1263092.99933819,212156.206413284,1.0,0.0
17535.0,1269247.08446449,248102.935986102,3.0,460304.6545222158
17536.0,1260954.94320799,212361.515021503,4.0,370202.26506828057
17539.0,1284928.33555254,170935.416803077,3.0,579283.0074168143
17540.0,1260810.13117585,212416.25543755305,3.0,96460.7069591873
17541.0,1289081.60614881,181616.725806013,3.0,868982.5730306823
17542.0,1290850.20794262,172763.837668955,3.0,15400.273671938428
17543.0,1284415.26803203,263505.408833876,1.0,0.0
17544.0,1279860.65708336,213532.739406705,3.0,231528.22148509976
17545.0,1297016.10273293,182250.535534665,3.0,1126073.3170206745
17546.0,1279320.81593081,213543.647822708,3.0,56651.60950347553
17547.0,1290302.22739805,173107.844517305,4.0,248474.2102254452
17548.0,1288958.49747668,175203.191079453,3.0,155524.53726235722
17549.0,1280067.45292357,197614.544510394,1.0,0.0
17550.0,1264924.95761207,213253.404686421,3.0,112418.58961217765
17551.0,1271135.83691442,219412.849684715,3.0,12130263.7509542
17552.0,1267193.80638239,226766.022940248,5.0,1764482.7840280964
17553.0,1254533.82812943,203769.030916706,1.0,0.0
17554.0,1269475.93438473,227110.660380602,1.0,0.0
17556.0,1264882.68042803,200565.438593417,1.0,0.0
17557.0,1274283.00222965,252348.668662444,3.0,2023776.141190002
17558.0,1273560.18117291,229028.980062574,1.0,0.0
17559.0,1281712.28818926,219412.702676728,1.0,0.0
17560.0,1280077.71205959,205497.417862475,1.0,0.0
17561.0,1270323.67908959,228931.685662463,4.0,67441.19178816133
17562.0,1270540.46411382,229170.026718706,4.0,62734.92545371006
17563.0,1278818.91737029,204396.05094935,4.0,527830.5824949461
17564.0,1286634.4670103,203809.996036738,1.0,0.0
17565.0,1258275.58115725,193785.781498477,3.0,84777.99999999996
17566.0,1279797.4330833,203623.32742855,1.0,0.0
17567.0,1258209.30339719,193649.814586341,1.0,0.0
17568.0,1258401.31382939,193570.865914255,1.0,0.0
17569.0,1263874.54071499,205681.220294654,1.0,0.0
17570.0,1281180.44870071,201941.489922836,1.0,0.0
17571.0,1281034.60415657,201948.281922832,1.0,0.0
17572.0,1274746.38149412,212885.702606037,3.0,4140499.25810077
17573.0,1274966.84895036,212594.510605738,3.0,1721548.095454072
17574.0,1273289.44350863,200846.542977706,1.0,0.0
17575.0,1278916.2626504,260318.805950612,3.0,165160.78798839645
17576.0,1278917.83314639,260444.661310732,3.0,529703.8800638119
17577.0,1277925.24588138,211105.28852421,3.0,183325.93517689497
17578.0,1275457.68850285,214871.582864076,1.0,0.0
17579.0,1254124.42569701,244666.186286584,4.0,127164.0
17580.0,1254139.81776102,244678.122990593,1.0,0.0
17581.0,1252075.49148691,248251.248690248,1.0,0.0
17582.0,1278085.16127354,211097.92833221,3.0,84777.99999999999
17583.0,1256895.12291585,235793.003301501,1.0,0.0
17584.0,1256321.85475525,235843.73674154296,3.0,225056.17521666625
17585.0,1256725.76432367,235904.951845616,4.0,921565.6118272915
17586.0,1256765.79805171,235972.466853678,4.0,406413.3301955729
17587.0,1250556.32790135,238907.844136685,3.0,209145.35254398777
17588.0,1275794.42047119,215168.245008379,3.0,126226.8126600968
17589.0,1256565.72201951,235853.097317562,3.0,377678.3339505506
17591.0,1269407.64350466,239598.402153388,3.0,56889.65481446023
17592.0,1269789.33598505,239214.495144993,1.0,0.0
17593.0,1258671.27523766,238079.495399833,4.0,802773.8393303974
17594.0,1258656.00784564,238079.834663838,1.0,0.0
17595.0,1281588.88031714,196599.034429356,1.0,0.0
17596.0,1267002.0164302,230355.775007933,3.0,4071675.931997053
17597.0,1280407.97452392,212072.1914372,1.0,0.0
17598.0,1269257.09425651,228966.457886502,4.0,40161.51063696965
17599.0,1260388.23799142,204468.342469424,4.0,156269.27805329353
17600.0,1275058.60037445,233999.195171654,3.0,89108.39293127037
17601.0,1274208.20478958,233516.719779164,1.0,0.0
17602.0,1274893.15416628,234008.046883672,3.0,50557.030583889216
17603.0,1274936.95199032,233962.507235616,3.0,165.20950761747247
17604.0,1274980.25247036,234004.645283669,3.0,14750.838999262196
17605.0,1274650.03359002,232828.640418455,3.0,181430.0066573629
17606.0,1284361.26911996,285556.907992452,3.0,2515455.1867989628
17607.0,1255107.54448201,258849.732733101,3.0,84777.99999999997
17608.0,1254537.49705742,258494.788284749,1.0,0.0
17609.0,1278719.22924219,241061.541290894,3.0,42390.0
17610.0,1279173.51148266,240795.310506612,3.0,86470.7409905273
17611.0,1281041.66290857,197589.303422377,4.0,127164.0
17612.0,1281041.45458858,197579.188926369,1.0,0.0
17613.0,1253450.97398432,248485.384050488,1.0,0.0
17614.0,1253438.3532483,248503.526386514,6.0,586655.0172442023
17615.0,1253443.61180831,248479.07371448,1.0,0.0
17616.0,1281042.00511657,197600.385086387,1.0,0.0
17617.0,1278359.77093783,212491.760205641,3.0,808067.1152415312
17618.0,1259972.56464699,239674.393129468,1.0,0.0
17619.0,1273536.1766288895,225900.83279536705,3.0,9420.666768137831
17620.0,1274399.10955776,195892.32390064,4.0,1910180.171991624
17621.0,1276459.88139988,205523.145478502,3.0,169542.00000000003
17622.0,1278250.81874572,241169.466602996,1.0,0.0
17623.0,1278891.25970636,241478.584747314,4.0,1066010.0539454592
17624.0,1269556.96734481,229243.358558789,4.0,87504.1985015516
17625.0,1270773.56075406,229634.439455196,3.0,133472.25558844308
17626.0,1270768.58174606,229619.922783181,1.0,0.0
17627.0,1267720.40670294,230984.998816565,3.0,30183161.45373488
17628.0,1270976.07313827,229208.753310755,3.0,386589.589393835
17629.0,1281709.07494125,271046.529865593,3.0,193810.48103055067
17630.0,1274507.14514188,175815.53495207397,3.0,1040139.8817383382
17631.0,1280425.17170794,210566.780427665,3.0,43911.76103757126
17632.0,1285304.97030494,260338.049342632,3.0,99778.44614211174
17633.0,1286447.50445011,185410.672945902,3.0,127380.68863249928
17634.0,1280677.0504282,232271.185825884,3.0,124651.93389804548
17635.0,1273253.7903246,264684.882819086,1.0,0.0
17636.0,1290082.83443783,181400.723629802,4.0,569914.6423226906
17637.0,1264252.33194737,280445.433683217,1.0,0.0
17638.0,1273797.17970115,263817.394754186,1.0,0.0
17639.0,1278109.23698556,212149.88884528,1.0,0.0
17640.0,1275069.97931845,235488.294245183,3.0,709977.7024293175
17641.0,1275078.88479047,235821.00125353,1.0,0.0
17642.0,1293274.75751309,189046.598069623,3.0,46487.32988834672
17643.0,1255984.89705892,199348.764480174,1.0,0.0
17644.0,1270069.18878533,284872.325719759,1.0,0.0
17645.0,1262061.36426513,260671.645118967,1.0,0.0
17646.0,1272629.92017996,277054.911567748,1.0,0.0
17647.0,1270438.72350571,174963.438567206,1.0,0.0
17648.0,1265454.23409261,233731.789859384,3.0,296677.1334345568
17649.0,1268475.32580771,284714.277143598,4.0,119703.79601003474
17650.0,1268769.85310401,284710.230231583,1.0,0.0
17651.0,1277474.20741692,281006.046739787,1.0,0.0
17652.0,1262905.30513,252721.978934824,3.0,599633.0103752738
17653.0,1260994.91293605,237496.344999239,4.0,89651.0720746792
17655.0,1276095.84568751,204089.95610103,1.0,0.0
17657.0,1265269.67511642,177754.237802058,1.0,0.0
17658.0,1272966.7436683,224004.459289417,1.0,0.0
17659.0,1269168.79524842,191088.431927711,3.0,730852.0314058802
17660.0,1266126.9505733,237905.502311662,1.0,0.0
17661.0,1265699.56234886,229768.554015324,3.0,11423.78756560075
17662.0,1271312.92248261,263084.174081445,1.0,0.0
17663.0,1270813.0747381,226439.833691925,3.0,570497.9108105489
17664.0,1270199.31057747,264958.128643364,1.0,0.0
17665.0,1256881.84176382,256779.777594984,1.0,0.0
17666.0,1270099.06174536,264926.408259332,1.0,0.0
17667.0,1280659.38809218,209371.43175444,3.0,6577.29717994537
17668.0,1281856.6563174,252056.307062149,1.0,0.0
17669.0,1286048.2132497,255860.990074039,1.0,0.0
17670.0,1257124.78550808,257456.114811674,1.0,0.0
17671.0,1258501.85597348,207210.021384224,5.0,513469.9973490708
17672.0,1252202.70876704,210293.871883377,1.0,0.0
17673.0,1272909.93246825,256910.395451114,1.0,0.0
17674.0,1253676.41219255,251117.031349182,1.0,0.0
17675.0,1262688.81181778,258825.26431708,1.0,0.0
17676.0,1263792.32829891,285062.804311946,1.0,0.0
17677.0,1262269.41367334,264248.568386629,1.0,0.0
17678.0,1260472.96912751,280680.387923464,1.0,0.0
17679.0,1285818.27046546,282838.774357677,1.0,0.0
17680.0,1279707.46277921,205732.768454716,3.0,84778.0
17681.0,1257099.95747605,195799.93433255,1.0,0.0
17682.0,1277844.2604733,250301.367604345,1.0,0.0
17683.0,1256245.56125118,219201.964628503,3.0,2865.526856503798
17684.0,1262393.08932148,270460.17082499,1.0,0.0
17685.0,1283244.84582283,246057.666800007,1.0,0.0
17686.0,1279096.30687457,282300.758677125,1.0,0.0
17687.0,1265000.96631615,248075.420658067,3.0,1088222.6294272472
17688.0,1278879.77682635,175329.296807587,1.0,0.0
17689.0,1267207.2128464,189995.870774597,1.0,0.0
17690.0,1264140.80170727,281063.956691846,1.0,0.0
17691.0,1271371.61304267,240768.850602597,1.0,0.0
17692.0,1271333.61278664,240869.31991469895,3.0,42395.0
17693.0,1264045.32945116,245346.17246328303,3.0,75014.7357691858
17694.0,1278325.34188178,180939.149421319,1.0,0.0
17695.0,1278689.27685817,180930.318061322,3.0,108816.6088005162
17696.0,1274341.24715771,242722.260396585,4.0,728098.9688842762
17697.0,1267089.66097428,187795.656692341,1.0,0.0
17699.0,1275373.07122277,218100.807699382,1.0,0.0
17700.0,1270849.90078613,248582.927474588,3.0,99756.92987680422
17701.0,1263058.28349815,261682.54208,3.0,84778.0
17702.0,1262923.35396202,261685.882944003,1.0,0.0
17703.0,1256455.9892834,194894.878395617,1.0,0.0
17704.0,1261662.62327273,187176.250803709,4.0,915094.0829725998
17705.0,1283657.46771125,255112.035193279,1.0,0.0
17706.0,1276786.84920821,257288.632187501,1.0,0.0
17707.0,1267514.73815872,235422.983653113,1.0,0.0
17708.0,1268552.17867178,188462.092341036,3.0,817257.6546005796
17709.0,1271767.08600308,216595.246097833,1.0,0.0
17710.0,1280596.48959611,186877.907187402,3.0,527125.3512623174
17712.0,1282938.94188651,272736.563915327,3.0,84778.0
17713.0,1274005.55653337,223378.924440786,1.0,0.0
17714.0,1274281.98610164,179103.295787439,5.0,1129343.9693862838
17715.0,1283787.53075138,170383.592418522,1.0,0.0
17716.0,1287030.1121947,184395.90398486,1.0,0.0
17717.0,1266981.93508618,275609.333070263,1.0,0.0
17718.0,1286351.03283401,194885.821627602,1.0,0.0
17720.0,1259897.43683892,234213.340771884,3.0,189396.5049573817
17721.0,1266419.8729416,232812.112226442,3.0,343280.8815880753
17722.0,1281504.53727704,229023.458078563,3.0,38093.0709544297
17723.0,1261524.50474459,283688.880278543,1.0,0.0
17724.0,1284441.28800005,202846.126275763,1.0,0.0
17725.0,1274592.78014997,207582.041992605,1.0,0.0
17726.0,1278103.74354556,284766.047703639,1.0,0.0
17727.0,1259349.81584635,257539.286203757,1.0,0.0
17728.0,1283654.57171124,174721.275366962,1.0,0.0
17729.0,1287207.80441889,200831.752641693,1.0,0.0
17730.0,1271554.05848286,212849.461582005,1.0,0.0
17731.0,1288202.49139591,185065.893425554,1.0,0.0
17732.0,1285962.5726736,187528.237300068,1.0,0.0
17733.0,1286921.52185859,184995.956273481,3.0,243718.60503564813
17734.0,1275869.38322328,286555.733145475,1.0,0.0
17735.0,1264015.91089113,259707.166717976,3.0,6450785.343628588
17736.0,1280351.53503586,174413.168358639,4.0,1297041.8895109647
17737.0,1262107.18269718,168985.239265084,1.0,0.0
17738.0,1257606.43811657,236222.473189935,3.0,49272.99274001837
17739.0,1267741.63172695,272781.175371364,3.0,115251.21754999958
17740.0,1285834.56307347,283618.454870462,1.0,0.0
17741.0,1275560.12434296,220153.165461481,1.0,0.0
17742.0,1268849.16728008,190926.520823553,1.0,0.0
17743.0,1273053.0807564,195121.138107851,3.0,200223.7915842229
17744.0,1278480.13356195,268491.003526971,3.0,26720.45646546896
17745.0,1278260.69471373,213225.946382388,3.0,163115.51863286117
17746.0,1285221.37536085,195884.159228623,1.0,0.0
17747.0,1285309.44864094,176686.003048971,1.0,0.0
17748.0,1257611.03523658,236482.185638204,3.0,160088.694424608
17749.0,1276687.41176811,259943.124606222,1.0,0.0
17750.0,1278594.86565806,286393.268569306,1.0,0.0
17751.0,1265241.39658839,285902.014936805,1.0,0.0
17752.0,1270880.03985816,170597.103842735,1.0,0.0
17753.0,1271421.57880272,170589.672738731,3.0,564293.0061159955
17754.0,1270464.01572974,210015.198219106,4.0,127164.0
17755.0,1270149.22603342,209801.234698877,1.0,0.0
17756.0,1264755.03569189,215243.476432458,4.0,188990.9439599573
17757.0,1264248.83396338,215742.643088967,1.0,0.0
17758.0,1279508.601659,213159.125326321,3.0,169067.7796102515
17759.0,1272668.50705999,180430.975852802,4.0,474508.2184957004
17760.0,1252100.63222294,241062.89693889,1.0,0.0
17761.0,1285412.39366505,169808.020385921,1.0,0.0
17763.0,1271088.69854638,275192.461901844,3.0,61843.31748542447
17764.0,1266313.44433349,193051.801657721,1.0,0.0
17765.0,1276193.9888556,228043.284829557,4.0,121440.28341552678
17766.0,1261365.44567242,257795.944508031,3.0,887351.1210395242
17767.0,1264697.25725983,239687.99876149,3.0,226643.3311857938
17768.0,1273700.29374905,204439.648005396,3.0,26148.447997511405
17769.0,1273858.35410121,204196.292869136,3.0,28778.62336782359
17770.0,1273197.48958854,242668.356332541,3.0,78362.60574266085
17771.0,1296872.18503678,183416.638191864,3.0,58685.36089984963
17772.0,1297483.20711741,183393.238639832,1.0,0.0
17773.0,1257607.53853257,284543.635095417,3.0,126802.25512718274
17774.0,1287885.87955558,166476.23971051,1.0,0.0
17775.0,1288789.8573485,166441.637726486,3.0,42464.97946127947
17776.0,1286009.24057765,184064.25009653,1.0,0.0
17777.0,1277426.51820087,220062.10562138297,3.0,5788.802559020301
17778.0,1279207.6947787,204025.224644959,3.0,182119.27565232135
17779.0,1278899.14258638,211849.484236971,1.0,0.0
17780.0,1277311.10143276,241367.244779199,3.0,83799.18698133063
17781.0,1277419.57599287,241428.055659264,3.0,259272.14959656104
17782.0,1277605.04901706,240733.902826548,1.0,0.0
17783.0,1277442.23672889,243850.711213753,3.0,6809.194090153915
17784.0,1277022.49183245,243421.658605307,3.0,23523.128151099307
17785.0,1276882.98847231,243265.740653142,1.0,0.0
17786.0,1276750.75775218,243124.785517007,3.0,190541.77239445745
17787.0,1268468.5364957,215981.876241207,1.0,0.0
17788.0,1278684.23685816,244360.66135826695,3.0,89295.72040817753
17789.0,1278786.24780226,244381.991342291,4.0,313443.2034867466
17790.0,1276427.29746385,248001.730481997,4.0,200413.556045782
17791.0,1271891.5204352,175231.08272747704,3.0,49332.54448927908
17792.0,1272395.55192372,175220.204455465,1.0,0.0
17793.0,1268727.31844796,211089.883404195,3.0,3153906.468682867
17795.0,1271803.72728311,238204.785511971,1.0,0.0
17796.0,1273979.56549335,198861.988223672,3.0,84778.0
17797.0,1273968.72165333,198596.500223413,1.0,0.0
17798.0,1281359.3928929,218768.916564062,1.0,0.0
17799.0,1272013.74955532,243517.780141398,3.0,78346.91802124897
17800.0,1267193.98846239,198829.247487649,3.0,169542.0
17801.0,1274608.44939798,212512.81626965097,3.0,5027533.887413513
17802.0,1273567.40523691,212442.03783758,3.0,2075027.306509162
17803.0,1265885.69975705,212159.95930929497,3.0,634691.5688194099
17804.0,1278948.28716242,241968.214379817,3.0,932227.645951833
17806.0,1274129.36178149,220416.531413749,3.0,236185.173813232
17807.0,1269842.2095851002,231920.36105753505,6.0,870672.5021897539
17808.0,1274807.22066219,220383.658453718,3.0,7798385.327086532
17809.0,1266542.84612572,212166.808397308,4.0,978447.6906685124
17810.0,1265904.80868506,212034.760461167,3.0,8804.284541645673
17811.0,1265816.16676497,212012.187661141,5.0,91509.22104154708
17812.0,1264160.81117928,212127.68903726304,3.0,499689.66161185154
17813.0,1284986.2202886,286053.968344957,3.0,2438621.186799038
17814.0,1265807.98634897,212081.425997213,3.0,7699.639852294145
17815.0,1282839.33087841,285176.271640062,3.0,3141067.2613243903
17816.0,1283362.49190295,284243.333847106,3.0,237711.095022903
17817.0,1283148.83615872,284829.387479708,3.0,372698.6160510223
17818.0,1278298.95640977,201487.141122371,3.0,31634.753704340947
17819.0,1279307.43737079,284555.736471429,1.0,0.0
17820.0,1272388.87544371,176672.639912963,1.0,0.0
17821.0,1271404.9338107,283029.337621868,1.0,0.0
17822.0,1279510.668603,179805.311148167,1.0,0.0
17823.0,1287278.92243496,204457.032837406,1.0,0.0
17824.0,1263034.59428214,170318.039074451,1.0,0.0
17825.0,1278604.09759407,214102.749391288,1.0,0.0
17826.0,1274738.37957412,278603.911121339,1.0,0.0
17827.0,1286913.15475458,284549.159383416,1.0,0.0
17828.0,1287234.14720291,284522.8598634,3.0,109815.95854553104
17829.0,1268073.51595129,225950.717531413,1.0,0.0
17830.0,1273266.7145486,214299.490511492,1.0,0.0
17831.0,1264017.21693914,212890.972622037,1.0,0.0
17832.0,1270565.72881784,212033.044877172,4.0,9129535.324143345
17833.0,1269671.40676893,221776.002775148,1.0,0.0
17834.0,1268592.90135983,211861.052428991,4.0,1414434.1240254147
17835.0,1272756.31333208,233115.901346758,3.0,86481.33927850144
17837.0,1277718.75320917,257260.916027471,1.0,0.0
17838.0,1269081.10974433,211853.978956982,1.0,0.0
17839.0,1273682.92370103,204997.821125954,1.0,0.0
17841.0,1265128.51524428,216826.574354067,4.0,310481.65315938386
17842.0,1264511.23498765,216396.975825638,1.0,0.0
17843.0,1260799.51607184,243159.773997039,1.0,0.0
17844.0,1252199.97711904,239576.925801367,1.0,0.0
17845.0,1267459.03819066,249213.12837123903,3.0,58623.73895596955
17846.0,1280902.50962843,271718.859274283,1.0,0.0
17847.0,1259198.77546221,259750.675838023,3.0,75225.38481774309
17848.0,1249639.98095642,214285.941967472,1.0,0.0
17849.0,1261792.49962486,235312.021284997,3.0,220390.72967438804
17850.0,1265366.12567651,245323.441583261,3.0,8334.289931881038
17851.0,1265911.23876508,188781.378165349,1.0,0.0
17852.0,1280770.04498829,208706.509897754,3.0,12457.873656887032
17853.0,1252718.24252757,210683.021643788,3.0,149744.85341052836
17854.0,1251671.0818865,237408.618791148,4.0,219731.20366722703
17855.0,1272388.59000371,243479.945261359,3.0,122503.8118571132
17856.0,1272277.47768359,181258.660269648,1.0,0.0
17857.0,1257762.61725274,188381.612532943,3.0,337744.98335762887
17858.0,1281832.63865338,219003.838996306,1.0,0.0
17859.0,1270281.96100955,189771.023798361,4.0,206256.57859897625
17860.0,1294106.21223395,178368.692906693,4.0,323090.0552674413
17861.0,1266418.6580296,237967.808615729,3.0,283882.00692212384
17862.0,1254389.37500928,213761.539470941,1.0,0.0
17863.0,1284043.99942364,233054.329634696,1.0,0.0
17864.0,1276924.51660036,212873.108814031,4.0,90181.8059035156
17865.0,1280992.37983651,204270.853381217,1.0,0.0
17866.0,1255228.43305814,257219.551291436,1.0,0.0
17867.0,1254662.85379356,246029.77476798,1.0,0.0
17868.0,1266201.06263737,191095.508983731,4.0,266626.8214357232
17869.0,1255644.84393856,206284.433351278,1.0,0.0
17870.0,1276920.41752835,285771.175960675,1.0,0.0
17871.0,1275455.89554285,280964.442131758,1.0,0.0
17872.0,1273211.82091655,208839.632009894,1.0,0.0
17873.0,1280461.10009198,180327.654572695,4.0,1213016.2552739342
17874.0,1279268.67167476,203065.467651978,1.0,0.0
17875.0,1259133.68899813,256408.524410605,3.0,42676.95497269022
17876.0,1249272.68214004,213985.014735162,1.0,0.0
17877.0,1278720.13145019,216550.938385785,1.0,0.0
17878.0,1267550.48286276,280849.850835636,1.0,0.0
17879.0,1279123.6161866,258544.28095679,1.0,0.0
17880.0,1272926.69650026,258357.388284594,1.0,0.0
17881.0,1285213.78579284,192288.081080943,3.0,21047.01233196055
17882.0,1264363.10141949,176201.951208472,3.0,149759.4956100498
17883.0,1274222.08862959,234173.983203843,1.0,0.0
17884.0,1274607.82277398,261000.0450553,1.0,0.0
17885.0,1271334.80926663,260103.446782395,1.0,0.0
17886.0,1256303.39120324,192978.257209659,1.0,0.0
17887.0,1262581.62826566,286122.529945031,1.0,0.0
17888.0,1275985.0070314,216421.346513659,1.0,0.0
17889.0,1282851.52473442,173948.79626216,1.0,0.0
17890.0,1260516.09635955,167820.717279896,1.0,0.0
17891.0,1253025.52796789,212669.030157819,1.0,0.0
17892.0,1263454.08522657,260162.732414454,1.0,0.0
17893.0,1275063.63384645,273231.727947831,1.0,0.0
17894.0,1268002.14110322,282811.935509637,1.0,0.0
17895.0,1264935.58193208,285294.078168184,1.0,0.0
17897.0,1275628.20261502,181070.41879746303,3.0,2475.364244028275
17898.0,1275955.17637536,181070.704557464,3.0,131485.4715501898
17899.0,1270470.11908974,194707.172091424,1.0,0.0
17900.0,1281267.5052768,197583.083966374,1.0,0.0
17901.0,1263870.45905098,270405.082696944,1.0,0.0
17902.0,1280035.85420354,281315.777044117,1.0,0.0
17903.0,1264555.24708369,210698.357579798,1.0,0.0
17904.0,1253957.10025683,207111.577672124,1.0,0.0
17905.0,1261439.0817045,233636.93603529,1.0,0.0
17906.0,1259667.62103069,260206.60403049,3.0,102655.24360180384
17907.0,1281767.31007731,181864.219054267,3.0,20845.190681108623
17908.0,1281876.67334142,181775.674606174,3.0,346124.20615276846
17909.0,1278724.40178619,263856.66272223,3.0,22946.949831791662
17910.0,1278729.2305222,264518.041986912,3.0,25382.34931001469
17911.0,1268970.82155222,191089.25509572,1.0,0.0
17912.0,1288682.62138039,182132.324846551,1.0,0.0
17913.0,1281777.13682932,167956.898144037,1.0,0.0
17914.0,1272521.29867585,277829.053392544,1.0,0.0
17915.0,1262056.34884113,189148.116277725,1.0,0.0
17916.0,1284746.60460836,252534.728950635,1.0,0.0
17917.0,1276112.00415152,205611.958342597,1.0,0.0
17918.0,1272978.52120431,219045.938324347,3.0,42483.82630017042
17919.0,1273074.18110842,219044.069588348,1.0,0.0
17920.0,1282252.12703781,261112.268927425,1.0,0.0
17921.0,1292114.1436879,186465.98808299,3.0,27162.00070545592
17922.0,1261280.03543234,286584.098841503,1.0,0.0
17923.0,1284718.84192033,175832.519528091,1.0,0.0
17924.0,1274054.36747742,271299.519177854,3.0,15346327.54153657
17925.0,1278212.46578567,176876.95933716,1.0,0.0
17926.0,1272411.45707573,254208.202040359,3.0,523466.5628219108
17927.0,1279847.26930735,175482.133415744,1.0,0.0
17928.0,1273881.88946123,241545.61809139,3.0,794604.6346732045
17929.0,1277629.39608908,175127.394279376,3.0,184442.7284784977
17930.0,1260800.73456785,212170.539021313,3.0,134889.07770632292
17931.0,1278488.78252196,175409.783463657,1.0,0.0
17932.0,1268130.19134335,271447.037257999,3.0,148675.66178932803
17933.0,1268434.96727966,276754.295375437,4.0,3064777.5659404
17934.0,1269515.02552077,198663.718271479,3.0,10045517.991343295
17935.0,1285583.22963323,196388.40166114303,3.0,27168.71168838848
17936.0,1251698.16841452,213351.775502518,3.0,255535.3251388252
17937.0,1251726.02895854,213296.055182457,3.0,181654.21377027052
17938.0,1262293.05668136,195805.863420546,1.0,0.0
17939.0,1263672.47453879,199069.725695893,1.0,0.0
17940.0,1270650.13252993,259461.256765738,4.0,11258070.273911376
17941.0,1281418.73106895,214354.502863541,3.0,896384.5302586855
17942.0,1265711.59742087,229210.079134747,3.0,38554.61095545151
17943.0,1289172.63283689,187945.975924507,4.0,434180.6422520095
17944.0,1286149.4558098,204837.076997802,1.0,0.0
17945.0,1272688.75934802,217074.416338325,1.0,0.0
17946.0,1289340.75750907,168795.490592897,1.0,0.0
17947.0,1297298.36954921,185752.559090257,3.0,2949040.336196691
17948.0,1296919.55335683,185082.603377566,3.0,207369.88943690064
17949.0,1266721.39530991,239582.447145373,3.0,14431730.262676343
17950.0,1287368.28870705,253699.571767837,1.0,0.0
17951.0,1275210.6365346,218944.66594024,1.0,0.0
17952.0,1275296.03787869,218720.62011601,3.0,42948.07754233778
17953.0,1259698.27907871,242396.463852257,3.0,5271986.394211642
17954.0,1282614.39532618,188507.533557072,4.0,21143732.49017057
17955.0,1260523.98839156,234367.746916041,3.0,7928965.898723981
17956.0,1259662.87888668,234497.72074016897,3.0,7959573.406487291
17957.0,1273070.2477324,272207.126282781,3.0,41617392.82502478
17958.0,1273223.43442057,271325.87085788,4.0,12989667.595043125
17959.0,1260329.02122337,242480.237932339,4.0,832555.6337574811
17960.0,1266066.16170923,242305.145132169,3.0,60589.274049453634
17961.0,1271963.57112327,242240.692140102,1.0,0.0
17962.0,1261273.58429633,264665.658755064,1.0,0.0
17963.0,1282771.79359834,264530.596418917,1.0,0.0
17964.0,1271997.12453131,195919.95078066,1.0,0.0
17965.0,1278750.37516223,284372.473687246,1.0,0.0
17966.0,1282972.75059055,284405.991703272,1.0,0.0
17967.0,1280774.8035163,249915.484851956,3.0,42461.11014667511
17968.0,1256710.42710766,257651.112123877,1.0,0.0
17969.0,1278460.23698592,203565.139908493,1.0,0.0
17970.0,1277905.10719337,215390.634640604,1.0,0.0
17971.0,1286321.63526598,243201.646253079,1.0,0.0
17973.0,1270375.60516965,218173.425683454,1.0,0.0
17974.0,1270620.06692989,231347.420000941,1.0,0.0
17975.0,1283123.55635071,231891.418529496,3.0,199892.5262798192
17976.0,1254601.2253135,216455.160081699,1.0,0.0
17977.0,1271594.6942589,282839.001045674,1.0,0.0
17978.0,1273078.44062841,273381.085899979,1.0,0.0
17979.0,1284532.08441615,170365.262114495,1.0,0.0
17980.0,1286567.27456222,286671.816537589,1.0,0.0
17981.0,1265277.61994843,267863.68979834,1.0,0.0
17982.0,1286559.01702622,244678.605614588,3.0,1554.9783219938115
17983.0,1284983.3607046,185070.152305558,1.0,0.0
17984.0,1295453.01991533,184167.813872635,1.0,0.0
17985.0,1266991.02071819,286811.102041736,1.0,0.0
17986.0,1267643.97316685,173935.486566156,3.0,43102.2456409043
17987.0,1274198.32850157,237794.39427954,1.0,0.0
17988.0,1271970.18795528,263033.936641395,1.0,0.0
17989.0,1275721.44127113,271074.957321629,1.0,0.0
17990.0,1270197.15115346,285188.94780007,1.0,0.0
17991.0,1270664.14622594,276486.213199168,1.0,0.0
17992.0,1280068.30201158,205110.61453408,1.0,0.0
17993.0,1268430.67697565,274098.492300719,5.0,181632.60657796037
17994.0,1264951.8971961,281124.011667907,1.0,0.0
17995.0,1267113.0083663,277602.856016308,3.0,79674.1129299767
17996.0,1285194.38886482,196767.68927753,1.0,0.0
17997.0,1263811.86826693,268895.233671397,1.0,0.0
17998.0,1278614.44101809,263860.292610243,3.0,58692.72910890409
17999.0,1281937.58828549,283830.536790684,1.0,0.0
18000.0,1262945.50647403,254596.167800754,3.0,22708.44115888246
18001.0,1269904.08708917,286251.618265167,1.0,0.0
18002.0,1257032.30576399,200659.454785526,1.0,0.0
18003.0,1282235.58047779,284943.147735819,1.0,0.0
18004.0,1286509.86291417,286275.135577187,1.0,0.0
18005.0,1250405.5526052,244780.341934696,3.0,31955.038293921527
18006.0,1255631.88233855,205962.682374954,1.0,0.0
18007.0,1257468.07094844,259233.252669498,3.0,545.9561412233943
18008.0,1270389.26980966,268748.691655248,3.0,68027.66699709478
18009.0,1266461.04209363,286595.916121513,1.0,0.0
18010.0,1262919.63223401,170552.776162684,1.0,0.0
18011.0,1274613.71678999,243681.038381577,3.0,390992.4303785837
18012.0,1279943.35865144,205719.617222697,1.0,0.0
18014.0,1262880.58538598,170732.134690866,1.0,0.0
18015.0,1262629.20170571,170742.319074884,3.0,236446.8126711143
18016.0,1260447.92752749,238999.04048878,4.0,316783.24751732213
18017.0,1262681.99716178,206291.444487289,1.0,0.0
18018.0,1271572.42923488,231609.656353205,4.0,873136.6856381585
18019.0,1272938.87365228,233683.561315328,1.0,0.0
18020.0,1265911.65380508,207751.874312788,1.0,0.0
18022.0,1277967.81567343,246972.062256947,3.0,21347.21688313485
18023.0,1287134.81773081,191798.630328447,3.0,43251.37837855252
18024.0,1287116.04870678,191169.720823795,1.0,0.0
18025.0,1268442.39940767,278756.367825493,3.0,264499.521803396
18026.0,1288966.34195669,203767.301892698,3.0,169536.0
18027.0,1252040.00764687,213371.21742253,1.0,0.0
18028.0,1282616.74111818,246618.832368582,5.0,18722290.05794875
18029.0,1269719.36728097,221838.898967206,4.0,929920.469186514
18030.0,1269786.30776104,221848.641751215,4.0,240922.8275170992
18031.0,1274487.11397386,195853.96799659697,3.0,247663.2345062872
18032.0,1251725.13455854,213249.860686406,5.0,148281.66527164256
18034.0,1269798.20017706,222496.167639881,4.0,271146.7978996566
18035.0,1270156.79947342,222488.529559866,4.0,170964.5943893301
18036.0,1262417.7766175,212888.447694048,4.0,84778.0
18037.0,1262346.58743343,212918.871502072,1.0,0.0
18038.0,1269528.97464079,223392.178968802,4.0,89696.47090487822
18039.0,1270779.03973006,221569.003862932,1.0,0.0
18040.0,1262380.01648946,212937.710094094,1.0,0.0
18041.0,1251086.7073579,242591.92305246,4.0,1449603.7922338685
18042.0,1262648.20394574,212877.140302032,3.0,11515.05949231162
18043.0,1264248.84605937,212182.591501325,3.0,621263.8255227291
18044.0,1262627.59274572,212431.565069571,4.0,174714.92726335238
18045.0,1250757.40130956,245042.635694966,4.0,1960495.1383829212
18046.0,1250769.75593357,245192.687919125,3.0,42389.99999999999
18047.0,1269725.60446498,222191.765079573,3.0,701717.4525678915
18048.0,1269788.13060905,222190.395287573,4.0,230368.48660949565
18049.0,1270150.06622542,222182.419287562,4.0,155943.91942192178
18050.0,1269688.50385694,223110.647064507,4.0,134449.9715886454
18051.0,1269489.12203275,223368.967768773,3.0,3561.289132380516
18053.0,1269799.57156906,222802.070616186,4.0,386208.2457677959
18055.0,1272135.88414745,233491.470179141,1.0,0.0
18056.0,1250660.46249346,245010.723374933,4.0,43723.01267115315
18057.0,1250432.04271723,245010.93431893,3.0,48788.18434126303
18058.0,1270372.13073765,221844.43010321297,3.0,247608.3943742965
18059.0,1270464.82808174,221842.409815207,3.0,178557.66686654862
18060.0,1250776.94818959,245302.682415232,1.0,0.0
18061.0,1288919.34432463,204057.210116997,3.0,42386.0
18062.0,1291437.93472722,204961.441605926,3.0,42386.0
18063.0,1269793.3389290597,221193.78050254303,7.0,2243951.4433674943
18064.0,1269711.68849696,220141.07790947,3.0,26758968.464060288
18065.0,1288720.72166844,203355.410372272,1.0,0.0
18066.0,1278601.13330607,245345.15511927,3.0,32517.050119097185
18067.0,1267616.98238282,241677.540715516,1.0,0.0
18068.0,1267781.00670299,279418.066642165,3.0,1557678.541851482
18069.0,1267784.47287899,280079.868114844,3.0,288027.3160164618
18070.0,1282076.83730963,194164.063866869,3.0,501886.5589434276
18071.0,1274870.52101426,219792.434581116,3.0,685903.9640605046
18073.0,1269815.02558507,183134.342831567,4.0,2498122.630819335
18074.0,1250746.65884554,243244.129773125,4.0,1645876.2083020818
18075.0,1265887.47537306,217812.739347085,1.0,0.0
18076.0,1288567.54515627,186749.424499273,1.0,0.0
18077.0,1265824.95351699,211945.442061082,6.0,963298.7079368802
18078.0,1256841.00560379,287665.712218612,1.0,0.0
18079.0,1289129.78189285,248876.122802898,1.0,0.0
18080.0,1267394.7915986,206019.580231011,1.0,0.0
18081.0,1260040.28298306,216991.283986241,1.0,0.0
18082.0,1278580.45324205,211696.593164816,3.0,517083.9887870209
18083.0,1278587.13010606,211187.640396297,3.0,439111.05130041565
18084.0,1259132.47773413,256430.809786633,1.0,0.0
18085.0,1280174.09772368,203322.437316239,1.0,0.0
18086.0,1280173.41561168,203301.84973222003,3.0,64344.73169349146
18087.0,1271406.69854671,218910.082964212,4.0,101949.5053193282
18088.0,1270414.02993768,266090.359684527,1.0,0.0
18089.0,1263189.23505029,241808.972203657,3.0,50817.57671918531
18090.0,1258765.59062976,217605.44289887,1.0,0.0
18091.0,1258490.59088548,217481.484754741,1.0,0.0
18092.0,1258759.81866175,217446.461906701,3.0,84778.0
18093.0,1258760.90333375,217464.297170728,1.0,0.0
18094.0,1286551.06457821,169096.495905191,3.0,843594.9693567986
18095.0,1286659.87801832,169575.32860969,3.0,762904.7908259489
18096.0,1286892.64921856,170681.287074819,3.0,20091.668345806884
18097.0,1279592.47813909,194474.68530719,3.0,54003.399701597664
18098.0,1271425.09617873,221573.334550932,3.0,192736.0519136353
18099.0,1252212.01519905,211993.05447712503,3.0,244345.0459680427
18100.0,1252206.46895905,211799.208076924,1.0,0.0
18101.0,1254249.40937713,209207.630282268,1.0,0.0
18102.0,1259550.72554256,234862.79677254,1.0,0.0
18103.0,1271293.74865858,231614.582177222,1.0,0.0
18104.0,1260772.67786382,211917.399117053,4.0,99955.60393932735
18105.0,1262780.36541787,190109.074614719,1.0,0.0
18106.0,1271335.12158664,227723.942621231,4.0,117296.4836067347
18107.0,1278717.43884219,211052.889356166,3.0,84778.0
18108.0,1278730.2721862,210771.541195869,1.0,0.0
18109.0,1262701.3580578,243220.110445097,1.0,0.0
18110.0,1261162.36176822,285437.558872327,1.0,0.0
18111.0,1264123.85943525,248474.999538481,1.0,0.0
18112.0,1267286.41188648,241263.416235104,4.0,3141297.567129835
18113.0,1267293.87607849,241780.191083625,4.0,1857229.993852708
18114.0,1252429.82710327,214472.791631669,4.0,245605.7983925387
18115.0,1273092.09054843,279293.876562044,3.0,6846152.086466644
18116.0,1273136.96709247,279292.270290032,3.0,5935836.37735915
18117.0,1260760.74448781,283172.580438018,4.0,791912.3543572263
18118.0,1271088.70117038,275698.423438355,3.0,43939.91777150491
18119.0,1278726.6025542,211029.85857214,1.0,0.0
18120.0,1264393.61943552,248505.213746518,1.0,0.0
18121.0,1260648.59050369,211921.481165051,1.0,0.0
18122.0,1272241.19326755,279324.419474065,4.0,28428557.365587257
18123.0,1287271.67078695,187448.054387987,1.0,0.0
18124.0,1287221.1341469,187448.824051991,1.0,0.0
18125.0,1272215.44529954,274013.015116632,3.0,1292293.1946051074
18126.0,1268057.31159927,274155.755276784,3.0,60505.70633633865
18127.0,1273757.20830911,280247.772307023,3.0,395765.0542507997
18128.0,1274134.9873815,281939.641300753,3.0,136799.11745771117
18129.0,1267837.41636705,274213.347020835,3.0,370938.7260305276
18130.0,1270313.1652975802,222178.879575551,3.0,28645.28354864565
18131.0,1266406.90084559,238528.797352299,1.0,0.0
18133.0,1296613.16948451,235035.176356718,1.0,0.0
18134.0,1272686.71602002,181111.592941508,3.0,29203.976634527684
18135.0,1261510.20100057,242038.004907891,4.0,226559.90006539857
18136.0,1259276.19459829,256975.364795193,3.0,45469.73506695589
18137.0,1259226.09040622,256976.149883181,1.0,0.0
18138.0,1276186.0551596,177123.439209417,3.0,635768.2688030028
18139.0,1286791.67302646,180770.069357157,1.0,0.0
18140.0,1286358.32909001,180158.216940522,3.0,339022.0
18141.0,1281433.95673297,223834.61672924497,3.0,997202.2459633872
18142.0,1261327.03760839,241837.70314768,3.0,39912.530127444144
18143.0,1272806.00875613,237754.838247508,4.0,99783.54378157412
18144.0,1286854.49869052,203805.139780745,1.0,0.0
18145.0,1280398.88530791,210522.495755613,1.0,0.0
18146.0,1251147.76860596,244080.320045978,1.0,0.0
18147.0,1251397.54275021,244781.456750706,5.0,262140.24379309668
18148.0,1281336.03602888,223019.691544414,1.0,0.0
18149.0,1267355.25982256,189776.638262376,1.0,0.0
18150.0,1251377.21372619,244724.766894639,1.0,0.0
18151.0,1276487.46955991,208175.015881211,1.0,0.0
18152.0,1281661.9342692,222869.87426425505,3.0,458025.3393459877
18153.0,1281425.75532496,223290.756312698,1.0,0.0
18154.0,1280053.86994755,203329.098372251,1.0,0.0
18155.0,1270186.53796946,170643.85533078,3.0,169542.0
18156.0,1270179.93956944,170374.241698503,3.0,84778.0
18157.0,1269501.02852875,218981.991316274,4.0,322377.6486936024
18158.0,1269241.4276324797,229103.523550645,3.0,14502.385440267944
18159.0,1285806.28102545,174586.67357482,3.0,239104.0223247801
18160.0,1286852.11289851,284946.487319827,1.0,0.0
18161.0,1287270.10841894,284941.773079827,3.0,156051.8140883215
18162.0,1258450.90358944,244294.903918207,3.0,74573.04553470219
18163.0,1286997.05421066,180577.719980955,1.0,0.0
18164.0,1269313.20145656,219107.609492406,5.0,326289.72988389496
18165.0,1255121.47395402,258996.978877261,1.0,0.0
18166.0,1274315.21176568,221182.936022535,4.0,5218293.325781278
18167.0,1293080.9655769,189084.71250166,1.0,0.0
18168.0,1293061.58112888,189082.71877366296,3.0,108751.57596074768
18169.0,1293052.45447287,189046.212277621,4.0,40195.33827742678
18170.0,1275398.43864679,219027.58965233,3.0,83477.68481094902
18171.0,1275413.33259881,218869.511188164,1.0,0.0
18172.0,1256189.15024312,247522.718641505,4.0,3546782.717069355
18173.0,1256189.22870712,247533.442417517,4.0,1441832.3468465318
18174.0,1257471.97450043,247468.997617453,3.0,84777.99999999999
18175.0,1257472.24451643,247484.719729468,4.0,3331828.5080111814
18176.0,1269796.20670505,221490.895702854,3.0,127840.8923459789
18177.0,1269980.57214524,221188.65288654,3.0,87839.33371618151
18178.0,1257220.27158818,247530.772785515,1.0,0.0
18179.0,1287089.99955477,283907.694102764,1.0,0.0
18180.0,1287303.69824298,283960.231062815,3.0,277000.4918788646
18181.0,1251748.82479857,247850.175985843,1.0,0.0
18182.0,1251263.80841407,247863.805937856,3.0,550782.0
18183.0,1281479.30079702,222846.252248242,1.0,0.0
18184.0,1269731.10648099,222497.524631888,3.0,624417.7808172633
18185.0,1255379.3418583,247428.883569404,4.0,5545466.725725368
18186.0,1276558.56427997,179349.6548917,3.0,249851.09325353568
18187.0,1254239.40713713,247385.767153367,4.0,6860547.0787040135
18188.0,1254263.84508915,247451.06692943,4.0,4270007.512642117
18189.0,1269797.96030505,219738.912341058,5.0,14580123.22329672
18190.0,1269813.25784107,220540.02101387095,3.0,17473622.246312205
18191.0,1256188.22966713,247341.358769327,1.0,0.0
18192.0,1254226.47312111,247348.093361333,1.0,0.0
18193.0,1269732.15825699,222802.344216198,3.0,595546.8372455599
18194.0,1266167.76151735,236819.510438547,3.0,47768.97776408593
18195.0,1273483.78398883,191381.593720019,3.0,694093.1542491528
18196.0,1273249.33726859,191338.087927967,3.0,169542.0
18197.0,1273159.0979725,191171.584631801,3.0,84778.0
18198.0,1286297.31936195,174714.128358945,1.0,0.0
18199.0,1273570.49381292,190326.958390936,4.0,52375.62932658228
18200.0,1272654.73022798,191178.798519805,1.0,0.0
18201.0,1272797.08158813,191331.427191973,1.0,0.0
18202.0,1276801.72844023,219296.805268601,1.0,0.0
18203.0,1273584.55640493,190645.115255266,4.0,185951.2323736604
18204.0,1273597.57707694,190964.906935588,3.0,232754.42773062785
18205.0,1279135.35404262,238683.774376452,4.0,77816.01321328887
18206.0,1285347.03385697,188904.208629474,3.0,7322132.542516234
18207.0,1261466.20989652,233246.037538886,1.0,0.0
18208.0,1262339.88861743,264961.941955358,1.0,0.0
18209.0,1286968.38432264,180565.730540946,1.0,0.0
18210.0,1279652.67122714,237018.46243874697,3.0,16430939.993244952
18211.0,1250644.68399744,245035.302702963,1.0,0.0
18212.0,1286353.97907402,189109.972597688,1.0,0.0
18213.0,1286672.92921834,189192.147957772,3.0,2448628.554651916
18214.0,1286360.89766602,188887.705013469,1.0,0.0
18215.0,1284175.51852778,189048.97080563,1.0,0.0
18216.0,1266168.71198134,236838.26167056,1.0,0.0
18217.0,1285067.0876167,282297.807253122,1.0,0.0
18218.0,1286945.97753862,189202.074485779,1.0,0.0
18219.0,1286037.54105769,188892.948469475,1.0,0.0
18220.0,1277804.72812125,238549.783848315,4.0,3457164.400824265
18221.0,1277768.94469722,238631.287976399,5.0,3144287.181055378
18222.0,1275213.22245461,176468.175720751,1.0,0.0
18223.0,1265088.81194824,233776.268771425,3.0,59021.268389248406
18224.0,1270816.41035409,215059.351504266,1.0,0.0
18225.0,1271047.77835433,215054.754064262,3.0,42535.73418803419
18226.0,1277821.61880927,255596.23858577,3.0,84772.0
18227.0,1277824.06104928,255706.754105881,3.0,42394.0
18228.0,1252978.04220784,245991.140015945,1.0,0.0
18229.0,1277842.25164129,255833.280442014,3.0,84772.0
18230.0,1270398.59889767,170638.743522778,1.0,0.0
18231.0,1265387.74308454,187647.94994019,1.0,0.0
18232.0,1284477.17145608,208242.112841278,3.0,42918.20382083381
18233.0,1284623.11142424,208240.24602527905,3.0,47723.95427311875
18234.0,1273234.43902858,222547.357847929,1.0,0.0
18235.0,1251254.94031806,243371.148525253,5.0,88198.05126748508
18236.0,1251150.97167796,243774.703533664,1.0,0.0
18237.0,1277963.60735342,255833.337850019,3.0,254284.0
18238.0,1277990.70079345,255925.488954112,3.0,381447.7243363783
18239.0,1284480.0536321,208258.234185293,1.0,0.0
18240.0,1270247.09227352,215046.929616258,1.0,0.0
18241.0,1275830.74712723,177119.485801414,3.0,717988.5113121594
18242.0,1251205.33871801,243420.079213306,1.0,0.0
18243.0,1266162.96465333,242475.961388335,3.0,49185.56996355474
18244.0,1277824.68901728,255588.142521769,1.0,0.0
18245.0,1270240.03192151,215141.752592355,1.0,0.0
18246.0,1273183.82725252,210212.285067305,3.0,13238242.603305144
18247.0,1272936.74373227,207476.782344505,3.0,13244504.51127559
18248.0,1263797.83255491,193448.128314137,3.0,3870.654813963864
18249.0,1275829.56504723,176932.758441225,1.0,0.0
18250.0,1284929.45529655,189460.058230057,3.0,591798.9731181319
18251.0,1263704.98301882,193608.06924229895,3.0,32677.40420147828
18252.0,1280600.02073212,217659.004754931,1.0,0.0
18253.0,1273075.52760442,178470.337066799,1.0,0.0
18254.0,1272500.30795582,254750.357432902,3.0,1150981.361281081
18255.0,1272302.85592362,255022.46578519,3.0,1206968.8515607768
18256.0,1261296.84938435,257746.924283981,3.0,169863.40960926743
18257.0,1276392.52127181,179347.556139693,1.0,0.0
18258.0,1285954.4768656,174582.942950815,1.0,0.0
18259.0,1272643.88145997,242685.387436554,4.0,126375.05561017824
18260.0,1271448.29201874,255427.1926976,1.0,0.0
18261.0,1285664.2081293,259316.405053586,3.0,227492.9692111933
18262.0,1285719.86713736,259332.674045593,4.0,5601309.4970448855
18263.0,1263598.66461872,240390.156138197,1.0,0.0
18264.0,1283731.29529533,177839.147050157,1.0,0.0
18265.0,1251885.49910271,248864.245170876,1.0,0.0
18266.0,1271013.71480229,245543.282031476,1.0,0.0
18267.0,1276189.8074156,177399.236521706,1.0,0.0
18268.0,1262315.1724574,241034.466858864,4.0,15448.843428252503
18269.0,1261979.55076104,241179.286123008,4.0,244622.36012728364
18270.0,1262615.6941857,241028.986218855,3.0,22719.57493331275
18271.0,1280243.82066776,232549.364770174,3.0,14906306.533042196
18272.0,1261970.31786504,241045.910122871,4.0,172832.33957178183
18273.0,1256599.21046755,237162.446054891,3.0,21253.549721636795
18274.0,1263267.18532237,241016.062698841,4.0,1362924.237443338
18276.0,1285370.10272101,186657.450291187,5.0,69663.55895717525
18279.0,1279446.07193093,224681.88111411,3.0,163296.35438707372
18280.0,1261289.98288834,240326.588714138,5.0,169453.61332573614
18281.0,1261305.57540037,240867.297898695,3.0,42459.36911699412
18282.0,1261329.98871239,240661.618218482,1.0,0.0
18283.0,1262787.36080988,241026.609962851,3.0,94580.10553182212
18285.0,1280208.07404372,209304.258698374,4.0,90093.82365175142
18287.0,1281399.19366093,229368.660510913,1.0,0.0
18288.0,1281415.41215695,229370.33404691503,3.0,47319.88185129839
18289.0,1272862.35710819,210085.83226716504,3.0,53827.629813953696
18290.0,1281968.15711752,185129.84177762305,3.0,78556.57356829992
18291.0,1282331.83679789,185120.809009612,1.0,0.0
18292.0,1281977.43954954,184661.790577143,4.0,482852.9273268817
18294.0,1287014.64211468,196077.130620822,1.0,0.0
18295.0,1254063.34249695,208636.936841682,3.0,96908.55245477195
18297.0,1277968.45023343,224574.953178003,1.0,0.0
18298.0,1267494.2742867,279422.516434178,3.0,1190088.930045964
18299.0,1267390.03435059,279666.604818419,1.0,0.0
18300.0,1270034.19544131,170375.61443451,1.0,0.0
18301.0,1261139.40285619,234360.973028034,1.0,0.0
18302.0,1261139.92151219,234439.246116102,3.0,52922.8276873275
18303.0,1264956.61860409,233670.725667328,1.0,0.0
18304.0,1267663.40683088,197017.525373787,1.0,0.0
18305.0,1261290.77885635,234436.309476107,3.0,77671.30974263836
18306.0,1281968.63250951,185313.820785806,3.0,47942.99286253536
18307.0,1269471.79102473,227190.506716684,1.0,0.0
18308.0,1270472.11281775,222175.432087556,4.0,42887.126254109375
18309.0,1282298.47039786,184326.099952787,1.0,0.0
18310.0,1264778.76695591,245010.892334938,4.0,457141.3513882425
18311.0,1270364.72952163,230470.93187204,1.0,0.0
18312.0,1281981.69318153,185751.978674248,1.0,0.0
18313.0,1281125.93830065,229084.634142622,1.0,0.0
18314.0,1281883.11724544,184565.259953037,3.0,1010543.8229091336
18315.0,1278915.75506639,230082.342111647,1.0,0.0
18316.0,1253460.43952033,248488.013298497,1.0,0.0
18317.0,1257696.12067667,257759.268411994,3.0,45754.42782087689
18318.0,1270414.86033769,170369.572130501,1.0,0.0
18319.0,1253457.24956833,248485.504498497,1.0,0.0
18320.0,1273238.01938058,221944.618903309,3.0,1313195.6851345496
18321.0,1273858.10507721,237880.909223631,3.0,13487972.494962776
18322.0,1273368.21925271,238716.07223248496,3.0,1393698.280974586
18323.0,1277218.35359265,238334.489640102,3.0,3865214.479716321
18324.0,1273348.80293269,211293.330188408,3.0,37856464.29166463
18325.0,1266946.05463813,212130.093581259,4.0,1225085.320108796
18326.0,1261796.71812086,195400.25234814,1.0,0.0
18327.0,1297831.96660577,179789.800300151,4.0,973319.701077676
18328.0,1297841.34810977,180260.210476637,3.0,784157.8968490824
18329.0,1295671.84986755,179004.748075351,4.0,75155.80240633967
18330.0,1295660.43284354,178832.02436316,4.0,16656.790095234323
18331.0,1294783.12001064,179146.56669949,1.0,0.0
18332.0,1296803.66388471,178741.058667079,4.0,88050.68816665432
18333.0,1296804.37089272,178346.585002676,4.0,167928.00868983674
18334.0,1296858.00922877,182162.924526572,4.0,466132.0
18335.0,1296833.19956474,182171.43038258,1.0,0.0
18336.0,1296720.85006063,177170.38167347,3.0,42738.44414187962
18337.0,1296407.28929231,177192.039145485,3.0,629228.8475215234
18338.0,1296845.20378876,181592.879085988,3.0,254284.0
18339.0,1294624.68986648,178368.799914688,4.0,143510.14374816322
18341.0,1297065.32474898,177201.2838175,3.0,8425266.757893663
18342.0,1297130.97818905,178240.543594569,3.0,58327.42038296632
18343.0,1296607.09338851,182168.637102589,3.0,84777.99999999999
18344.0,1295726.67911561,182188.7246546,3.0,235175.7435005598
18345.0,1296023.20481192,181850.405806258,1.0,0.0
18346.0,1294825.83546668,178301.00177063,4.0,23480.458779863875
18347.0,1296833.10734074,181224.154733613,3.0,84772.0
18348.0,1296186.50561208,179871.624620229,3.0,84778.0
18349.0,1296404.98452431,180782.53092517,1.0,0.0
18350.0,1296728.93991664,179863.846444219,1.0,0.0
18351.0,1296491.55783638,181428.44798182,3.0,42393.99999999999
18352.0,1296387.13972428,181846.370990247,3.0,84772.0
18353.0,1296197.9173881,180595.88759698,3.0,84778.0
18354.0,1296216.05806011,180731.90474911,1.0,0.0
18355.0,1295700.09780358,180614.652972996,3.0,212015.3733485786
18356.0,1295697.70541959,180533.884780914,3.0,380374.2664110712
18358.0,1296259.71348415,180351.750316724,1.0,0.0
18359.0,1295717.1555316,181190.532781586,3.0,596215.0379130596
18360.0,1296422.14164431,181329.378605723,1.0,0.0
18361.0,1297704.66798164,178145.825258464,3.0,248183.62820512825
18362.0,1297691.02228563,177988.737642303,4.0,8198325.276133333
18363.0,1273876.52005324,198864.867839679,1.0,0.0
18364.0,1297924.06119786,178202.912426516,1.0,0.0
18365.0,1297573.1367175,179860.270316213,3.0,223725.35946980905
18367.0,1259375.44931838,209139.69767420003,3.0,42552.49841958413
18368.0,1259382.30595839,209131.650442198,1.0,0.0
18369.0,1297095.35521302,181158.592557549,3.0,611152.900246117
18370.0,1297366.06298928,181156.477677554,4.0,648071.7197264056
18371.0,1297630.42567755,181145.903277531,5.0,1450033.5439973196
18372.0,1297678.4573576,182356.869358778,1.0,0.0
18373.0,1295857.36065175,177385.881577685,5.0,279724.4667864159
18374.0,1295501.84359537,177491.6441378,3.0,80550.74212807049
18375.0,1295238.00653911,177580.948777884,3.0,1236.9941431484697
18376.0,1296598.02977251,177704.967850015,3.0,290751.25798509683
18377.0,1296479.27572438,177395.348393694,4.0,594985.7620875462
18378.0,1265731.71946889,231046.04265663,4.0,330840.1713556159
18379.0,1266053.39204521,231038.019680619,3.0,97269.90519582662
18381.0,1296436.76103634,178627.240938962,3.0,42521.873990444496
18382.0,1296047.23591593,178645.621482983,3.0,11234.708384738664
18383.0,1296629.75636454,178581.996650904,1.0,0.0
18384.0,1263342.18487445,212172.529165313,3.0,13112434.58052712
18385.0,1261798.95824887,195439.018364176,1.0,0.0
18386.0,1266348.59614152,230164.886239737,1.0,0.0
18387.0,1266353.74314953,230178.17955175,4.0,2183615.5667919125
18388.0,1266675.48951785,230170.147743732,4.0,89661.98275853392
18389.0,1266682.37143786,230447.568416014,1.0,0.0
18390.0,1265721.04164489,230620.12188820503,3.0,2155588.028116092
18391.0,1263286.21905039,211996.216909125,3.0,8167069.539951681
18392.0,1270737.41707402,231770.313505381,3.0,205671.62178564005
18393.0,1262322.8755614,212255.777357399,3.0,4168774.3357036007
18394.0,1261523.49424858,212325.30842946505,3.0,431722.91341110447
18395.0,1298075.54913402,180825.048237205,4.0,6279183.250813887
18396.0,1297851.87470178,180822.259245202,4.0,1534238.958577544
18397.0,1294378.42759423,178144.209130466,3.0,242927.9001349554
18398.0,1266042.73617321,230612.052000195,4.0,4360141.21764331
18399.0,1266032.00561319,230186.272031754,4.0,4206275.681574389
18400.0,1297365.80577329,181639.730030045,3.0,683107.7663763097
18401.0,1297073.30670099,180163.774956524,3.0,48562.3393039235
18402.0,1297474.7147014,181908.105134323,1.0,0.0
18403.0,1297249.81550117,181873.943150282,3.0,641143.1808355347
18404.0,1266364.47767754,230603.981152177,3.0,6586680.585662291
18405.0,1266025.16932519,229883.429791451,3.0,72315.43668127214
18406.0,1262718.87837781,212214.028429344,3.0,34245213.44710591
18407.0,1262102.49277718,212187.501581326,3.0,1161691.772575317
18408.0,1266671.53450985,230160.763551727,1.0,0.0
18409.0,1264350.02794747,212057.910029188,3.0,17323801.796510555
18410.0,1265710.35793287,230194.366815761,4.0,6189604.321088195
18411.0,1261717.64087278,212269.6776454,3.0,3773542.896232832
18412.0,1267581.75902279,212023.102349162,3.0,41874377.80024324
18413.0,1266056.20727722,231151.111648738,1.0,0.0
18414.0,1266997.1470542,230162.28195172496,5.0,12109327.23314222
18415.0,1263803.00740291,212382.453005522,3.0,109054.0437974932
18416.0,1263743.23914686,212247.17402938,5.0,766275.4339781298
18417.0,1268503.70763174,212137.425933272,3.0,13635056.642504834
18418.0,1295413.14170729,178103.033002421,4.0,34687.054422976275
18419.0,1279422.79013892,177640.457513943,3.0,106881.6781477691
18420.0,1297341.94887726,180170.663084537,3.0,97462.07516263216
18421.0,1279359.65413885,238845.108712614,3.0,15315.916274956342
18422.0,1298240.45332618,179213.857259557,4.0,7699250.961842139
18423.0,1297957.69306989,179232.66071558,4.0,333554.1379661051
18424.0,1273036.66578038,271331.722889885,3.0,4201426.268612353
18425.0,1296647.67463656,235205.098276898,1.0,0.0
18426.0,1296395.75847629,178472.42071479597,3.0,74930.10626281975
18427.0,1273302.95493264,191165.923895791,1.0,0.0
18428.0,1284540.24582416,170189.780834317,1.0,0.0
18429.0,1284507.59622411,169753.493601874,3.0,143800.6019516228
18432.0,1273058.74117239,271797.573642358,1.0,0.0
18433.0,1265441.8725566,286753.314393684,1.0,0.0
18434.0,1265655.06833282,280616.555347398,1.0,0.0
18435.0,1271843.13669115,172560.12842074,4.0,5591349.139098443
18436.0,1279006.03999448,244319.283438221,4.0,587192.41590419
18437.0,1279142.39173862,244437.565038353,3.0,529149.9613911379
18438.0,1273905.71000527,176489.320680767,4.0,5684661.362477564
18439.0,1279422.14188291,244580.679598495,3.0,225927.71908494545
18440.0,1278718.30367419,243825.718509719,3.0,959349.5628877806
18441.0,1269817.63774508,205487.186566457,4.0,29419.98809862771
18442.0,1257631.6148846,237600.74570334,3.0,1504044.0473968897
18443.0,1269694.48875295,202066.405378953,3.0,2783230.138727633
18444.0,1263246.68407434,201115.99782598,1.0,0.0
18445.0,1262646.95626573,200422.26400128,3.0,98583.22141353357
18446.0,1263171.99684227,200916.833537787,3.0,48099.83051744788
18447.0,1269806.67320107,204931.878021896,4.0,110270.89007594614
18448.0,1269828.46289709,206033.648455024,3.0,55955.32719239499
18450.0,1258960.19459796,242479.265516341,3.0,37816.687129017
18451.0,1269812.71032107,205226.952198192,4.0,70385.85970587445
18452.0,1262276.09284136,201010.628929883,1.0,0.0
18453.0,1290144.6158139,190050.281782657,1.0,0.0
18454.0,1262270.03248934,201056.487105921,1.0,0.0
18455.0,1256077.34928301,242852.773932725,1.0,0.0
18456.0,1274439.65413381,283255.28271009,1.0,0.0
18457.0,1263946.04778707,229261.236510813,1.0,0.0
18458.0,1276401.49240781,242400.062892258,3.0,357344.7587567314
18459.0,1276162.20216757,242505.16177237,3.0,1770820.4273061948
18460.0,1261124.44816817,232947.640226588,1.0,0.0
18461.0,1261075.04733613,232999.580066636,1.0,0.0
18462.0,1286923.70201859,247662.809585646,1.0,0.0
18463.0,1259994.29322302,234280.147043943,1.0,0.0
18464.0,1265139.96337229,228070.243101582,1.0,0.0
18465.0,1277777.87973723,241077.243050903,3.0,342426.2039802154
18466.0,1277991.36453745,241459.794795305,4.0,58733.94476500457
18467.0,1264788.20855592,245010.926126927,1.0,0.0
18468.0,1251688.79708651,213197.451982364,1.0,0.0
18469.0,1294899.86913076,179192.087595537,4.0,132731.85625113035
18470.0,1276947.58514437,241321.117867157,3.0,48565.91554978312
18471.0,1283870.36524747,258845.931581095,1.0,0.0
18472.0,1275099.50808649,180972.212333351,3.0,17941.532807868432
18473.0,1275942.08223134,180507.090860888,3.0,34046.02755606262
18474.0,1275844.32485525,179494.63652384296,3.0,43409.27864222507
18475.0,1275849.23922326,179432.30890777698,3.0,86906.85240837584
18476.0,1275861.70213526,179750.047468111,3.0,26231.677343487983
18477.0,1275871.73067927,179097.537899435,3.0,733442.2279435155
18478.0,1259979.47139901,234296.29795596,1.0,0.0
18479.0,1265863.12074903,272493.209419072,3.0,820012.5240797378
18480.0,1277063.34898449,240778.753834605,3.0,1686085.4190805852
18481.0,1277981.09484144,240958.254122779,3.0,1125875.4547346593
18482.0,1278397.11404186,242376.733228236,3.0,1090178.7766789629
18483.0,1277787.79634523,239649.294121444,3.0,4569753.015600288
18484.0,1277798.01650524,240200.708074003,5.0,4562700.16457752
18485.0,1265381.10596453,284105.81512697,1.0,0.0
18486.0,1261885.94890496,204440.60800539,1.0,0.0
18487.0,1264192.06666732,168737.008800834,3.0,4532.623968514717
18488.0,1263884.94724301,168742.179040834,4.0,338297.73260364943
18489.0,1269737.514929,202631.110915542,3.0,417048.66384226753
18490.0,1270015.19678529,202723.522819638,3.0,18744.05421789419
18491.0,1269562.52971281,185814.426418319,4.0,6982467.39928154
18492.0,1269181.27064042,169135.136289239,3.0,830246.6570119162
18493.0,1273399.15486874,222263.255703643,1.0,0.0
18494.0,1269566.79217681,201886.76102677,1.0,0.0
18495.0,1280336.70725985,171073.367267221,3.0,577732.0437018443
18496.0,1265530.84945269,168715.801824808,1.0,0.0
18497.0,1265187.13194834,168721.682336807,3.0,211979.86720380565
18498.0,1262266.30250534,178254.36701858,4.0,127164.0
18499.0,1278904.09004238,179767.78199613103,3.0,96020.3740141414
18500.0,1296027.23233192,177896.728298202,4.0,156557.58653965403
18501.0,1279368.86476286,177769.525482073,4.0,171026.1032718727
18502.0,1295091.23783496,179080.444139421,3.0,15616.312594447456
18503.0,1295959.87521185,179195.673579544,1.0,0.0
18504.0,1297023.47642894,180028.866476387,1.0,0.0
18505.0,1297572.7059335,180174.107308537,3.0,140892.20116458155
18506.0,1258550.78890154,207836.175688863,4.0,172768.30222112837
18507.0,1265775.00676493,232765.581858397,4.0,285175.49294996465
18508.0,1266096.42340526,232755.16419439,4.0,107006.31667314726
18509.0,1265452.95786861,232776.019810408,4.0,489475.59072196565
18510.0,1260965.93597601,237062.139174789,3.0,36525.98262475014
18511.0,1260969.34672801,237497.237415239,4.0,148872.77488815627
18512.0,1260425.92656747,237744.092199489,3.0,396603.1350812059
18513.0,1258507.9211895,207837.282632872,4.0,177194.44018140313
18514.0,1266739.78596592,232747.699298382,4.0,104678.79416956867
18515.0,1253562.58038443,249365.909171388,3.0,8491221.752446506
18516.0,1264793.53463593,232179.008545801,4.0,366908.4098468734
18518.0,1256347.17392328,239234.735209018,1.0,0.0
18519.0,1259066.54179807,217740.888787016,3.0,254290.0
18520.0,1281619.40454116,221012.51119035497,3.0,54650.06402040028
18521.0,1260542.68125558,237506.376487255,4.0,357385.2668974195
18522.0,1288816.51187654,191190.85266383,3.0,293688.8575588809
18523.0,1268087.74161531,234296.894371957,4.0,7618222.438175168
18524.0,1289189.95629291,190698.67416732,3.0,51754.68052645215
18525.0,1267912.34270312,236169.433637887,3.0,4806426.39469877
18526.0,1283001.11078258,231784.23273739204,3.0,73824.87052337948
18527.0,1262922.52823402,253527.616439655,3.0,22900.153035242565
18528.0,1267312.54436651,237944.266343698,3.0,4448621.105838352
18529.0,1267264.91454247,238216.010919973,3.0,4948549.885453854
18530.0,1267385.14135858,246244.3144162,4.0,3895504.455731621
18531.0,1251756.89308658,213876.245263055,3.0,165227.20147221137
18532.0,1264757.6206519,242334.585004196,3.0,113810.6127113534
18534.0,1260426.02237546,205795.983558774,1.0,0.0
18535.0,1288395.4762921,282770.695381597,3.0,42863.66666666666
18536.0,1288543.54816425,282768.844053596,3.0,766444.7194243941
18537.0,1288400.34566811,283137.334101975,1.0,0.0
18538.0,1287765.67993945,282781.461781606,3.0,55082.46613297626
18539.0,1287639.92889933,283122.056277961,1.0,0.0
18540.0,1278764.04242624,180536.990444914,3.0,181728.04776238356
18541.0,1294361.78682621,179934.765932292,3.0,335314.48171691457
18542.0,1295678.29473156,179878.53994824,3.0,151811.90895369742
18543.0,1296235.18305212,178514.14276284,3.0,43369.49071442432
18544.0,1287444.10873912,181284.60574168,3.0,2987012.8014566684
18545.0,1289835.87987758,177646.44797796,3.0,8500011.354544466
18546.0,1297128.19866905,182082.64971049095,3.0,1167717.398012286
18547.0,1297634.70023756,181668.86052607,1.0,0.0
18548.0,1296794.3318527,180222.325036585,1.0,0.0
18549.0,1297614.18094154,180827.10961321,3.0,2658.8075945701275
18550.0,1297631.85678156,182886.532015324,1.0,0.0
18551.0,1296277.83188418,176883.949865177,3.0,712609.7078390125
18552.0,1296777.05102068,177364.274025664,1.0,0.0
18553.0,1297592.64852552,179606.752107963,4.0,275635.5637115301
18554.0,1297201.85172512,179406.99959576098,3.0,179677.78725351376
18555.0,1294152.06714599,178401.621354729,1.0,0.0
18556.0,1296123.39617202,177281.615081578,1.0,0.0
18557.0,1296593.19444449,182015.365422428,1.0,0.0
18558.0,1297302.01946922,177759.88247406497,3.0,8310749.3234671075
18559.0,1296813.67598072,177465.264937773,3.0,49051.327618252966
18561.0,1270751.67953803,231769.85155338,1.0,0.0
18562.0,1287373.65939505,282793.612053618,3.0,140635.73780746592
18563.0,1287372.51539506,283192.133206025,1.0,0.0
18564.0,1287886.17056358,282777.606485605,3.0,73115.26219248817
18565.0,1288233.97856393,281296.943764091,3.0,84778.00000000001
18566.0,1288249.64486796,281591.954964399,1.0,0.0
18567.0,1288338.61613204,281889.345492691,3.0,156446.59552586518
18568.0,1288176.02822788,282773.4395096,3.0,526.3333333333334
18569.0,1285277.5468169,186666.48209919,3.0,134039.6873366422
18570.0,1288817.56301253,280217.537106991,3.0,43647.03809523811
18571.0,1288413.08614811,280940.581267729,1.0,0.0
18572.0,1289084.9473328,280223.490194991,3.0,1089204.991140681
18573.0,1288558.92378026,281715.175188527,3.0,1005604.9816169268
18574.0,1287486.53945917,280079.463570848,3.0,60678.304307877
18575.0,1287889.35558759,280083.849746853,3.0,73132.26512585173
18576.0,1265117.81713226,267867.872838333,1.0,0.0
18577.0,1272290.62661161,260737.144639045,3.0,3301107.0626951605
18578.0,1258651.33232564,259748.079742029,1.0,0.0
18579.0,1281810.17516536,211218.159692332,3.0,292347.96116110234
18580.0,1286942.55923462,282923.925717756,1.0,0.0
18581.0,1288378.41594008,281149.601235941,1.0,0.0
18582.0,1288107.7222438,280777.052755564,3.0,143917.78763909265
18583.0,1287744.46150744,280735.171923518,3.0,425345.7051002191
18584.0,1288597.9348523,279874.444626629,3.0,1496010.017664086
18585.0,1288959.74189268,279894.475090653,3.0,1171998.2863787382
18586.0,1259818.41994284,237501.905063242,1.0,0.0
18587.0,1287423.14227511,280561.938643336,4.0,731752.5037549213
18588.0,1287409.1698591,280827.110739604,3.0,169542.0
18589.0,1288582.69408429,280204.846226975,3.0,85456.56615950425
18590.0,1287346.98131503,281227.863828018,3.0,84778.0
18591.0,1287398.33817908,281673.984660476,1.0,0.0
18592.0,1287116.47520278,281608.320788413,1.0,0.0
18593.0,1287131.6887708,281990.181908801,3.0,57523.24071110402
18594.0,1289293.14016502,279900.496722668,1.0,0.0
18595.0,1288461.19795617,280435.097363204,3.0,43157.66565234259
18596.0,1287157.42425883,281200.179859996,1.0,0.0
18597.0,1287475.16838716,282790.756693617,3.0,67622.87060714485
18598.0,1288584.95066029,280075.912082836,3.0,240805.8169996437
18599.0,1287617.37581131,282473.178261295,1.0,0.0
18600.0,1287850.16077155,281725.224084526,3.0,243127.9259705808
18601.0,1287067.65542674,280727.711315513,1.0,0.0
18602.0,1287026.7148827,281994.745876804,3.0,86338.93191309346
18603.0,1287037.36448272,282265.547797084,1.0,0.0
18604.0,1265559.34903672,185133.154801622,5.0,502774.9637058026
18605.0,1265788.20420495,184890.664817378,3.0,71399.03295782092
18606.0,1271299.1712506,184460.930096924,3.0,109471.024872227
18607.0,1271275.14405057,183624.011184081,3.0,60967.27930417749
18608.0,1266113.71569328,183841.616688296,3.0,124156.2394920038
18609.0,1265503.46071666,183839.744304299,3.0,965863.78908806
18610.0,1268308.09713553,180504.328428879,3.0,107081.60112105422
18611.0,1265576.10948473,185797.248946294,4.0,4439989.764336546
18612.0,1265565.34577273,185467.33425796,3.0,504236.2943896694
18613.0,1265545.7680447,184802.747953281,4.0,169493.9894363895
18614.0,1265535.54826869,184468.022256941,4.0,143765.37253579847
18615.0,1268498.42814372,179842.830060199,3.0,106077.83070814352
18616.0,1268372.9562716,179844.163052201,3.0,49935.22979578077
18617.0,1275186.82879058,181726.813806131,3.0,543712.9437262971
18618.0,1275973.01522338,181726.928366125,4.0,504064.3978217524
18619.0,1270116.52561738,182408.760942832,3.0,1227689.3245931847
18620.0,1277307.33541675,182371.680302799,3.0,505969.8668051952
18621.0,1268842.66923209,182569.375470996,3.0,62938.17785967324
18622.0,1268833.04721607,182231.268846646,1.0,0.0
18623.0,1261022.31415208,187189.860019729,4.0,426532.8129426363
18625.0,1266904.1012941,185619.757810116,3.0,550871.9187905987
18626.0,1277339.42360878,183913.564400375,3.0,599430.3548435447
18627.0,1277722.76959316,183852.244976312,3.0,560523.1772637002
18628.0,1260562.5585036,186321.65733084097,3.0,232769.24418166856
18629.0,1260107.61386314,186577.257203102,3.0,128561.00066443736
18630.0,1271257.61489855,183012.329007447,4.0,225848.60637015157
18631.0,1267433.57591863,179854.250988215,4.0,38634.44932785234
18632.0,1277433.59762487,184130.163696587,3.0,460479.20154778985
18633.0,1277989.65356144,183903.452528358,3.0,128827.43335983485
18635.0,1268483.32023971,182575.723886997,3.0,48864.43572400173
18636.0,1273390.54827674,183073.926639512,4.0,99346.90896168776
18637.0,1274041.8842774,183056.626799494,4.0,132472.95377784685
18638.0,1277926.71276139,183632.35659208905,3.0,517768.3151407056
18639.0,1278024.40940148,183268.743471712,4.0,475688.8797103532
18640.0,1274075.93669343,184376.662512839,4.0,34906.62142851184
18641.0,1274722.69688609,184354.954928815,3.0,46668.878660577575
18642.0,1261642.83946471,186513.906291038,4.0,457497.5076023111
18643.0,1276637.22060005,185616.197106108,4.0,2220938.524524719
18644.0,1276037.09810345,184339.349936813,5.0,1899908.2816870816
18645.0,1263229.92522633,184827.03070530304,3.0,345983.9922676083
18646.0,1276998.96658443,183024.395247459,4.0,400354.0221224615
18647.0,1276977.91480841,182499.697134927,1.0,0.0
18648.0,1270823.9028341,184463.426480934,3.0,94020.91394659656
18649.0,1268426.92894365,183266.223791704,4.0,383342.7811663218
18650.0,1268166.72734338,183269.661167711,3.0,329317.69883151527
18651.0,1276733.11052015,185726.40101023,4.0,1596916.5996416912
18652.0,1276742.15903217,185621.483570114,4.0,3079982.745083989
18654.0,1265430.68919659,181193.73943758,3.0,1073776.7170693004
18655.0,1261550.63754462,183858.456240311,4.0,506884.6338476026
18656.0,1261289.23127234,183596.603376046,3.0,631940.5730776149
18657.0,1265036.53316419,184467.538352937,1.0,0.0
18658.0,1264877.70801201,184467.395632938,3.0,84777.99999999999
18659.0,1266412.19575758,181196.845421582,3.0,54743.936025872536
18660.0,1266412.1954376,180938.616941318,1.0,0.0
18661.0,1261326.35818438,187068.628595605,1.0,0.0
18662.0,1261319.50256838,186523.750451043,3.0,48981.79602886445
18663.0,1267774.39844698,180513.045932889,3.0,68049.80802312252
18664.0,1267444.19467065,180518.361516893,3.0,23378.02517407263
18665.0,1264965.7547321,182517.972014949,3.0,84777.99999999997
18666.0,1264959.6822841,182217.034286633,1.0,0.0
18667.0,1267051.84113425,183839.002224296,3.0,111448.48183373008
18668.0,1266858.68567805,183844.2472803,3.0,95901.49065768332
18669.0,1267470.34129468,181849.82475026,3.0,1876574.591352752
18670.0,1266808.96529399,181865.903470278,4.0,3036354.7486666017
18671.0,1269851.89624111,184471.875632942,4.0,1837437.266820263
18672.0,1267496.6945747,183826.861488283,3.0,261603.31672988727
18673.0,1268695.04881592,183262.681519702,4.0,463198.67209314863
18674.0,1276693.06002411,184270.831088737,3.0,159705.73693691954
18675.0,1276668.76517609,183026.673135459,4.0,342012.7404009327
18676.0,1264266.49661939,185794.840178296,5.0,2378515.556833768
18677.0,1264879.24606001,184865.068081349,3.0,846335.3611858326
18678.0,1265379.56298853,184467.890672937,3.0,742458.7528216412
18679.0,1264262.95729139,186457.850994974,4.0,2023984.7322963525
18680.0,1260668.53597571,186319.44408284096,3.0,30181.756594358136
18681.0,1266571.87556575,185137.210545629,3.0,214374.01912873657
18682.0,1266224.3972294,185136.58852961697,3.0,105643.61291189118
18683.0,1269008.08132824,184811.664305285,3.0,210022.19232341516
18684.0,1269491.69220874,183252.51223969497,3.0,987289.9414455976
18685.0,1269230.85841648,183255.600175694,4.0,893221.435362974
18686.0,1274690.27602206,183046.308911487,4.0,227916.03272209223
18687.0,1275389.47410278,183035.266927466,3.0,417962.5716576417
18688.0,1276976.23634441,182373.30500678704,3.0,43442.70076070557
18689.0,1276963.29772039,181726.948014125,3.0,23953.315711214043
18690.0,1269534.84600079,184815.038001299,3.0,431513.6163006495
18691.0,1269250.50769649,184813.70008128896,3.0,374178.802863657
18692.0,1260655.27549569,185880.102450386,4.0,216125.78906974717
18693.0,1260339.36144736,185887.503346398,3.0,142693.5491549127
18694.0,1260835.25610387,185875.887218386,4.0,508187.4391647061
18695.0,1269513.18827276,184031.491952494,3.0,102366.7827263189
18696.0,1269251.6868325,184036.432880491,3.0,91709.15169776871
18697.0,1260998.99696805,186530.707763046,3.0,15773.184007428668
18698.0,1262891.34487398,184502.69342497,4.0,402438.8611692296
18699.0,1262585.85008967,184510.377840981,3.0,111993.310494533
18700.0,1267440.05591865,180186.08298856,3.0,785.3083738484246
18701.0,1266297.13002947,184470.194864944,3.0,59106.40215661857
18702.0,1266207.75031738,184469.981936947,3.0,14186.01612780112
18703.0,1266900.16299009,185469.110129967,3.0,499673.2645880141
18704.0,1266891.89527808,185137.78270562,4.0,468863.6246110119
18705.0,1268983.30776022,184041.265264496,3.0,141263.17706023002
18706.0,1268964.66571221,183259.119471699,4.0,674765.6903142713
18707.0,1274878.11090226,185342.840369835,3.0,253711.72892622816
18708.0,1275283.77643867,184347.646192819,4.0,597095.852212273
18709.0,1278111.40696956,182690.821423113,4.0,284933.95642029
18710.0,1278187.95109765,182463.194606885,3.0,95510.50011730893
18711.0,1266908.7370701,185804.177714303,4.0,5617553.934470972
18712.0,1265468.02506863,182349.044206768,3.0,935422.9960865942
18713.0,1265455.56254061,181860.654766262,4.0,2898199.3105490315
18714.0,1266886.14660607,184910.796977386,3.0,87869.47603096899
18715.0,1266875.02225406,184471.57016094,4.0,119098.49721448448
18716.0,1262289.88349737,185840.071666345,4.0,767698.6020160726
18717.0,1261623.25584869,185857.430578366,4.0,845439.7709849332
18718.0,1260870.76656792,186314.566130832,3.0,5955.1524616436855
18719.0,1266643.93412583,181196.972077593,3.0,145332.10866521733
18720.0,1266604.56510179,181196.950381592,3.0,72621.82962930508
18721.0,1268124.11127934,181517.106221914,3.0,1570954.5558671858
18722.0,1271996.42904331,185755.794930264,1.0,0.0
18723.0,1272159.61112347,185751.016434252,4.0,1185204.048480863
18724.0,1266602.31153378,180529.31095691,3.0,55949.73710249287
18725.0,1266597.86794978,180349.712236717,1.0,0.0
18726.0,1277712.76210517,188233.330996796,1.0,0.0
18727.0,1277850.9110973,187377.074547917,4.0,2392355.3799095424
18728.0,1267058.26039825,184148.595760614,1.0,0.0
18729.0,1265425.71383658,180779.606061161,3.0,182709.27542216392
18730.0,1265107.89322825,180784.761581168,1.0,0.0
18731.0,1265472.41054063,182520.89265494,4.0,1641704.6328970594
18732.0,1277024.05772045,184259.94622471897,3.0,481840.8978273874
18733.0,1265487.90794864,183179.022191614,4.0,1553147.0918197269
18734.0,1265193.13918035,183177.975663617,3.0,466090.0
18735.0,1262902.740842,184837.041201323,3.0,456525.0640278546
18736.0,1275990.7215274,182378.306286797,3.0,419539.9354968538
18737.0,1263497.1901226,184805.308657289,3.0,191975.67073685452
18738.0,1270501.55211377,184464.777840942,4.0,67124.31848360809
18739.0,1266771.01233396,179861.934060216,4.0,46559.35978547405
18740.0,1265791.74558096,179869.094124228,4.0,959763.088736035
18741.0,1266777.44010997,180193.28279656204,3.0,19356.458436241744
18742.0,1266834.16766202,182853.826351285,3.0,364882.8721290497
18743.0,1266825.83435002,182518.137070939,4.0,1161625.9577688333
18744.0,1266610.8151498,181530.838829935,1.0,0.0
18745.0,1277548.137081,187383.992499918,3.0,2306794.2744007045
18746.0,1276317.08965573,182376.644526795,4.0,165485.65711746644
18747.0,1266241.23185341,185801.43691431,4.0,5011979.076156652
18748.0,1266789.49162997,180844.466861233,3.0,230909.2723251563
18750.0,1265509.53975667,184166.176112622,3.0,808855.5702303799
18751.0,1263179.70909828,184495.496304974,1.0,0.0
18752.0,1272775.9950601,184428.825520903,4.0,317905.9360467587
18753.0,1272738.91115607,183091.138543531,4.0,155056.43700621335
18754.0,1273101.19288445,184416.559088886,3.0,62039.07689017046
18755.0,1273425.37106077,184402.80555287,4.0,30332.68904679229
18756.0,1276005.95416741,183031.18718347,4.0,583231.3754261988
18757.0,1268947.89342418,182567.542446986,3.0,100855.8252848697
18758.0,1264804.20061994,181858.07339026,3.0,830483.217807503
18759.0,1264741.10890788,181857.823406264,1.0,0.0
18760.0,1263870.76317899,185801.918898299,3.0,984592.4205527444
18761.0,1270518.88145779,185094.372081578,3.0,44419.26065903894
18762.0,1265044.40292419,184801.097393274,1.0,0.0
18763.0,1268308.09649552,180293.759276658,1.0,0.0
18764.0,1266556.22858974,184470.771952942,4.0,159196.27148872075
18765.0,1270902.58443418,183357.280367807,1.0,0.0
18766.0,1270892.94565018,182812.79787124705,3.0,82840.02315942559
18767.0,1264908.43825205,185794.944818303,4.0,2470931.103958805
18768.0,1264585.65053973,185794.69349029695,3.0,2021856.0205378344
18769.0,1271624.09969893,185765.841522262,1.0,0.0
18770.0,1266817.376366,182190.729262605,4.0,905666.9756859596
18771.0,1266124.30660529,182194.856238604,1.0,0.0
18772.0,1266796.09066999,181197.054701582,4.0,492944.5894118256
18773.0,1278526.184634,183257.650991693,1.0,0.0
18774.0,1268033.20599926,185534.516850024,1.0,0.0
18775.0,1268181.45271941,183808.429104269,3.0,293826.09362768906
18776.0,1267036.31134222,180839.903853223,1.0,0.0
18777.0,1260628.88483967,185004.991345495,4.0,143099.52546095272
18778.0,1260622.25296766,184785.802161261,1.0,0.0
18779.0,1267025.09252621,183431.686383873,1.0,0.0
18780.0,1267017.93143821,183166.76926361,4.0,101066.83295004936
18781.0,1272124.62200344,184450.673520923,4.0,457466.8211759712
18782.0,1260312.97603935,185013.6691695,3.0,42401.99999999999
18783.0,1263114.04881021,186481.29253099897,3.0,1098564.0246981706
18784.0,1262953.55933805,186484.407986999,4.0,1605322.3759586404
18785.0,1276649.34559207,182374.886382788,4.0,355149.98557323386
18786.0,1268486.99543971,185302.096369788,1.0,0.0
18787.0,1268221.93687944,185298.69944179096,3.0,272344.5250116055
18788.0,1263590.76932269,185808.704946309,3.0,237462.72761955048
18789.0,1264886.85463603,185128.596721619,4.0,128109.7696094132
18790.0,1264767.17348391,185127.327729613,1.0,0.0
18791.0,1277320.85900076,183022.064175457,3.0,563872.468047516
18792.0,1270137.4235374,183130.765103564,3.0,1188717.4513000518
18793.0,1270454.65092973,182886.132079318,3.0,42519.65904393188
18794.0,1270177.35262544,184467.860528931,3.0,24659.43424603776
18795.0,1262249.22180133,184862.98276934,3.0,59482.41753640103
18796.0,1262237.61424932,184520.647472993,3.0,44081.585173791
18797.0,1270862.56549014,183623.891056076,1.0,0.0
18798.0,1266232.36113341,185468.623281956,4.0,328359.8015194541
18799.0,1266230.1600454,185376.870193869,1.0,0.0
18800.0,1267762.62283097,179850.736876205,4.0,96603.3685563618
18801.0,1266014.83665319,182852.130159289,1.0,0.0
18802.0,1270769.51051405,182395.441454813,3.0,1528047.3422068954
18803.0,1267278.49425447,180520.975340903,3.0,44663.53647071193
18804.0,1262594.08298568,184841.672433317,1.0,0.0
18806.0,1267616.14711882,183158.214511603,4.0,200458.34026781304
18807.0,1267264.01758246,183163.249967605,3.0,124678.33067520772
18808.0,1267643.62897485,184143.483568609,1.0,0.0
18809.0,1267505.49675071,184149.281776607,3.0,84777.99999999999
18812.0,1268188.00849541,184055.647088513,4.0,110533.8301565189
18813.0,1268029.71486324,184059.300656527,1.0,0.0
18814.0,1265190.72644433,182971.653871402,1.0,0.0
18816.0,1276244.39723966,186542.442995057,1.0,0.0
18817.0,1276582.890296,186532.642483056,3.0,51944.79366563636
18818.0,1265688.48100485,180531.904172912,3.0,703773.8611779108
18819.0,1266215.57508539,184802.747953281,3.0,26555.08375903033
18820.0,1265848.20311701,184803.446769282,3.0,33873.923142774955
18821.0,1266291.55102147,184166.172144637,1.0,0.0
18822.0,1267324.49214253,184157.044528618,1.0,0.0
18823.0,1276364.34219979,184335.178352803,3.0,256081.4531389851
18824.0,1276334.75794375,183028.937519461,3.0,206318.33883576
18825.0,1265716.68074888,182352.314862773,1.0,0.0
18826.0,1270893.95192218,185782.253234282,3.0,2895508.0882999045
18827.0,1263152.70033026,181879.031726286,3.0,1244588.8251067998
18828.0,1263384.41937049,181652.961966053,3.0,42390.0
18829.0,1278500.73490597,185437.350385934,3.0,5990303.624180974
18830.0,1267763.48638298,183156.107567593,3.0,163596.42202010675
18831.0,1266816.70187001,181453.862253845,1.0,0.0
18832.0,1268326.72702356,181164.315629557,3.0,596820.4272522756
18833.0,1260313.86410335,185102.782449588,1.0,0.0
18834.0,1273108.29918845,184817.543537304,1.0,0.0
18835.0,1263708.50692283,184596.245745063,4.0,311385.5917052957
18836.0,1268199.72369543,184473.989104941,4.0,233133.33008601703
18837.0,1267897.49431911,184472.835248947,3.0,153930.9691607367
18840.0,1267011.0206542,182911.08606334,1.0,0.0
18841.0,1267103.7416143,184772.009521246,1.0,0.0
18842.0,1262933.21489003,185824.799090326,4.0,1158935.6630309382
18843.0,1268881.54283212,185158.892593652,1.0,0.0
18844.0,1268218.44343944,185165.690481648,3.0,189160.3037690884
18845.0,1267894.6438871,184241.982064709,1.0,0.0
18846.0,1265918.58193308,186129.122930646,1.0,0.0
18847.0,1263832.92599495,184543.207153022,1.0,0.0
18848.0,1264793.05693993,181194.98814158104,3.0,1623307.5658081276
18849.0,1264416.94218755,181195.615725592,3.0,1585046.7686204335
18851.0,1266119.26462129,184164.974320635,1.0,0.0
18852.0,1269525.46283278,184476.30929695105,3.0,156857.50692511006
18853.0,1264596.54455572,186457.868338972,4.0,1031429.867299562
18854.0,1263575.87793069,187134.348595664,3.0,128985.52167616338
18855.0,1263488.5851306,187135.763315678,3.0,63498.73376505043
18856.0,1265110.26954825,181194.367085591,3.0,992993.4692995412
18857.0,1265108.15934025,180879.095725268,1.0,0.0
18858.0,1263484.08580258,186846.907571375,1.0,0.0
18859.0,1263574.97213869,186790.216435313,1.0,0.0
18860.0,1278480.31762595,182416.505070835,1.0,0.0
18861.0,1270251.20120151,185098.143729582,1.0,0.0
18862.0,1262236.26647331,183687.91230413303,3.0,58851.91988800687
18863.0,1262122.17872919,183574.40689602503,3.0,95382.84096598184
18864.0,1270482.72504176,183834.969712287,1.0,0.0
18865.0,1262370.37968946,183821.484528273,3.0,93979.27050002253
18866.0,1266541.83364572,184278.18372874,1.0,0.0
18867.0,1262034.19895311,186879.639475405,1.0,0.0
18868.0,1267288.41975848,181062.384045452,1.0,0.0
18869.0,1269488.49963275,183136.815279573,3.0,1042607.3212433872
18870.0,1261932.460329,182849.816495284,4.0,1007778.4350742184
18871.0,1261739.7110168,182764.317359194,3.0,84778.0
18872.0,1269008.08068825,184642.577393115,1.0,0.0
18873.0,1277883.09573734,187372.719539911,1.0,0.0
18874.0,1273354.6703887,181746.713390157,4.0,159430.64682476106
18875.0,1260344.95658338,186015.604146525,3.0,59356.54981936288
18876.0,1268698.64036793,182384.877166808,1.0,0.0
18877.0,1268685.48388791,181820.016110227,3.0,4809337.714056998
18878.0,1262321.57303341,183542.394863993,1.0,0.0
18879.0,1260332.13443936,186836.072627366,1.0,0.0
18880.0,1269218.78724846,185003.827953488,1.0,0.0
18881.0,1268413.11595164,182576.978799,3.0,210094.4728873208
18882.0,1264582.39300372,184467.130864933,1.0,0.0
18883.0,1262256.83204134,185087.437041566,4.0,186456.7508697342
18884.0,1264812.27735595,182517.235182941,1.0,0.0
18885.0,1266841.99902204,183169.285039604,4.0,293496.9913230766
18886.0,1268209.14065543,184810.270897284,3.0,277740.5695898257
18887.0,1278211.86015368,182410.844974831,3.0,69623.30977542707
18888.0,1260378.05098341,186056.21662657,1.0,0.0
18889.0,1277374.32408881,185561.38526605105,3.0,365630.11250467313
18890.0,1269245.97060849,184541.986033008,1.0,0.0
18891.0,1260808.81751186,185000.048753485,3.0,237448.8467814644
18892.0,1271445.00069074,183116.433775559,1.0,0.0
18893.0,1275605.67608701,184998.171121478,3.0,47341.50132997333
18894.0,1276048.39595945,184989.614065468,1.0,0.0
18895.0,1266642.28062183,180919.862381309,1.0,0.0
18896.0,1276751.84863217,187170.131059706,3.0,204153.014844536
18897.0,1277233.36312868,187159.705843702,1.0,0.0
18898.0,1277376.34348081,185664.939506158,3.0,3451755.4229489337
18899.0,1264416.80669954,180943.054253325,1.0,0.0
18900.0,1264881.00036402,184932.46488142,1.0,0.0
18901.0,1263607.02717872,184429.411440894,1.0,0.0
18902.0,1268498.42878373,180024.570220381,1.0,0.0
18903.0,1260299.65744732,184586.525937065,3.0,68828.47453906065
18904.0,1273056.86130039,182778.933423206,1.0,0.0
18905.0,1260633.21258368,185148.01432164,1.0,0.0
18906.0,1271837.23870714,184452.756528929,1.0,0.0
18907.0,1263102.83101819,186216.46661073,1.0,0.0
18908.0,1263519.20420262,181372.042541772,3.0,1354981.7746843994
18909.0,1264229.06461935,185416.386161909,1.0,0.0
18910.0,1266382.13514955,183842.564528301,3.0,88318.4905578777
18911.0,1261761.42391282,182709.562543139,1.0,0.0
18912.0,1265710.84215687,184470.854256943,4.0,65882.15585986272
18913.0,1265913.11313307,184072.612592533,1.0,0.0
18914.0,1278662.87071413,183867.483760327,1.0,0.0
18915.0,1278606.02405807,182672.557679102,3.0,84778.0
18916.0,1278384.53074585,182008.291630417,3.0,120040.2424511068
18917.0,1278038.7309375,182407.082478821,1.0,0.0
18918.0,1268208.34142342,184780.37860925504,3.0,242181.81219043807
18919.0,1268074.41751929,184781.182705253,1.0,0.0
18920.0,1278963.69887444,182232.700974643,1.0,0.0
18921.0,1279187.39071468,181997.29361440204,3.0,84778.0
18922.0,1278646.02988212,182673.331631094,1.0,0.0
18923.0,1267839.53739105,185155.750577644,1.0,0.0
18924.0,1267513.37041472,185137.402801618,3.0,84778.0
18925.0,1278949.23929043,182001.655470416,1.0,0.0
18926.0,1279255.16415474,182007.093806416,1.0,0.0
18927.0,1268388.48580761,184491.571440965,1.0,0.0
18928.0,1267782.37643099,184945.864497423,1.0,0.0
18929.0,1276310.04997572,182172.321454585,1.0,0.0
18930.0,1264714.91601186,183176.277807623,3.0,84777.99999999997
18931.0,1264169.0758833,183174.339823619,1.0,0.0
18932.0,1264839.61949998,183431.252655879,1.0,0.0
18933.0,1264837.23895597,183176.771887615,4.0,211924.0
18934.0,1277435.81413688,188034.65720458297,3.0,708294.6365417021
18935.0,1278355.94290581,185576.847154081,3.0,3519416.871289223
18936.0,1278354.31295381,185534.832114026,1.0,0.0
18937.0,1276834.14572026,184937.308081418,4.0,1974077.4008109344
18938.0,1276950.76556037,185174.580209658,1.0,0.0
18939.0,1277366.7296568,185159.143281654,3.0,42988.49927849928
18940.0,1276559.13183197,184950.403825432,1.0,0.0
18941.0,1277688.58136913,184906.67819339,3.0,164939.18303246863
18942.0,1277360.6712248,184904.220529392,4.0,226025.6135978905
18943.0,1277370.32216881,185412.41246590004,3.0,120294.4930061553
18944.0,1260483.53437552,185448.70142594,1.0,0.0
18945.0,1260333.73315936,185717.020402223,3.0,84778.0
18946.0,1260071.3895431,185744.486258239,1.0,0.0
18947.0,1260330.49501537,185561.091570064,1.0,0.0
18948.0,1277976.27928942,185516.643506005,1.0,0.0
18949.0,1276216.63711163,185624.611186117,4.0,365548.3364651315
18950.0,1276942.77343237,188256.628532812,3.0,241168.92300853305
18951.0,1275696.9186471,185081.564977571,3.0,172999.1879909051
18952.0,1265760.74794893,183468.165359914,1.0,0.0
18953.0,1265759.66884492,183179.986799613,3.0,116482.62748761558
18954.0,1265943.36042911,183180.623279616,3.0,62275.886621797865
18955.0,1276050.53669547,185635.511410132,3.0,143640.4403345417
18956.0,1265939.0188611,182877.044143304,1.0,0.0
18957.0,1273209.69106054,175283.687975541,3.0,6293717.610461994
18958.0,1263314.90602642,185368.867249861,1.0,0.0
18959.0,1262919.55313002,185381.586353868,3.0,203955.34398726752
18960.0,1263219.52989832,186045.020402551,1.0,0.0
18961.0,1263211.26250631,185818.48088231697,3.0,221997.80912364132
18962.0,1263727.15031484,185805.583538309,3.0,300633.5700087079
18963.0,1263765.32605888,186067.654898584,1.0,0.0
18964.0,1253880.08924876,248171.777394176,1.0,0.0
18965.0,1254519.69955342,216605.480657846,1.0,0.0
18966.0,1254488.15792137,216606.262801841,3.0,1368223.4699701527
18967.0,1279197.48185068,179770.740012124,1.0,0.0
18968.0,1263134.22986624,166120.968414158,1.0,0.0
18969.0,1284196.4607358,285322.414744213,1.0,0.0
18970.0,1272128.63608344,243487.26116538,3.0,110022.61946413088
18971.0,1264933.64490807,202297.469571203,1.0,0.0
18972.0,1273967.61669333,278240.230416968,1.0,0.0
18973.0,1275546.92325494,236115.822181821,3.0,42390.0
18974.0,1265143.9525563,212586.140237734,1.0,0.0
18975.0,1272843.14059618,251487.88920556,5.0,480161.73001079535
18976.0,1266849.96951804,183491.686639935,1.0,0.0
18977.0,1261414.63453647,200665.235905528,3.0,207784.5654289632
18978.0,1261404.71920846,200456.758017316,4.0,68562.37738444385
18979.0,1274661.72159004,191410.553656042,3.0,1165129.091971145
18980.0,1289083.6300848,188073.923828632,3.0,26705.23026375414
18981.0,1272671.23736399,274524.865805164,1.0,0.0
18982.0,1261489.71383254,200005.014784843,3.0,89584.97527475863
18983.0,1246804.08207351,245042.22526297,3.0,84777.99999999997
18985.0,1261592.14538465,200446.650433302,3.0,64140.21649722766
18986.0,1257104.68061206,242473.714988336,3.0,5523.379551402184
18987.0,1288643.08570035,191421.647800058,1.0,0.0
18988.0,1285566.85331321,198070.332350865,1.0,0.0
18989.0,1265274.88081242,255912.089658096,3.0,6193.455442969157
18990.0,1265606.22526076,255906.787514091,3.0,34324.15367058382
18991.0,1276843.87077627,240132.301033944,1.0,0.0
18992.0,1276897.46220033,240214.282474026,3.0,84778.0
18993.0,1277394.89656883,243013.444524884,4.0,124704.51158017707
18994.0,1272445.59249976,175518.271783769,1.0,0.0
18995.0,1284151.42867175,193440.200826123,1.0,0.0
18996.0,1277873.06949733,243419.307565302,3.0,158587.237557535
18997.0,1277757.69535321,243498.379245386,3.0,37071.78160202789
18998.0,1277691.55212113,241874.55773972,3.0,120431.6346262076
18999.0,1277832.34220128,242396.02974025896,3.0,29546.95973660433
19000.0,1274876.16114226,239479.605801269,1.0,0.0
19001.0,1281499.27647704,219014.209748313,4.0,5274259.805544047
19002.0,1276631.84824805,244151.52593405504,5.0,1044802.2565567396
19003.0,1278964.54175444,212638.24545379,1.0,0.0
19004.0,1282754.78182232,274989.325133637,1.0,0.0
19005.0,1278747.24658622,212820.649933979,1.0,0.0
19006.0,1278848.62956232,212637.867149785,1.0,0.0
19007.0,1277537.17420098,242464.103468329,1.0,0.0
19009.0,1267100.6612303,234302.985891968,1.0,0.0
19010.0,1284527.67001614,237066.444646806,1.0,0.0
19011.0,1283714.04275131,193821.366074517,3.0,184137.2408156933
19012.0,1284157.75935976,193439.62508212,1.0,0.0
19013.0,1273533.81573288,253444.214711577,4.0,135472.15737487393
19014.0,1288143.37472384,204452.879301399,3.0,225168.97457738
19015.0,1265080.33098823,233774.166435421,1.0,0.0
19016.0,1264797.16292393,208447.63181749,1.0,0.0
19017.0,1265274.20100443,207153.977544174,1.0,0.0
19018.0,1265027.77694017,208385.894345433,1.0,0.0
19019.0,1265043.06199619,208394.287049443,1.0,0.0
19020.0,1271142.18072243,225157.4776586,3.0,2855259.781148567
19021.0,1283227.06335881,190638.296311259,4.0,5549055.336615371
19022.0,1283257.01145484,190637.862263262,3.0,14212019.05025277
19023.0,1283192.34131077,190637.42821525,4.0,397295.8013733035
19024.0,1276150.82034357,240841.774378672,3.0,169542.0
19025.0,1267844.04068705,168664.596832752,1.0,0.0
19026.0,1277280.46143273,240037.090921834,1.0,0.0
19027.0,1275057.32677445,180412.359468788,3.0,72708.99148738568
19028.0,1275255.61112665,180248.090412617,3.0,12390.573558550564
19029.0,1277844.8481213,243244.429997131,3.0,228035.8713770889
19030.0,1261027.62224807,187450.78629198705,3.0,67626.02426619631
19031.0,1260639.49571967,187460.530036002,1.0,0.0
19032.0,1265056.7162042,260123.178046405,1.0,0.0
19033.0,1278441.76389791,244695.68100661,1.0,0.0
19034.0,1276490.5903279,240081.766697884,1.0,0.0
19035.0,1276445.15339987,287045.100569978,4.0,22012722.264636923
19036.0,1276105.80959152,287145.755866081,3.0,22010955.588401284
19037.0,1274635.69247001,287189.714458123,3.0,12856616.781783724
19038.0,1275183.36427857,286274.406937182,3.0,13559972.432931237
19039.0,1286724.49305838,191379.961528018,1.0,0.0
19040.0,1286713.47603437,190832.381239459,1.0,0.0
19041.0,1260198.69898322,212441.488653585,3.0,231834.23486137428
19042.0,1281640.15449318,190716.429687336,1.0,0.0
19043.0,1282395.46630196,190644.806839257,3.0,84778.0
19044.0,1282517.63532609,189574.731190175,1.0,0.0
19045.0,1278118.57919358,241580.53860342497,5.0,34165711.782391176
19046.0,1277940.89119339,241650.04337149896,3.0,29091.397821391096
19047.0,1278060.37586552,241597.845675439,4.0,331741.5529647224
19048.0,1290145.9429179,180945.079853326,1.0,0.0
19049.0,1264951.8266681,187315.935219854,3.0,160364.16651771514
19050.0,1264668.7137078,187316.990643859,1.0,0.0
19051.0,1267996.74999921,197003.87481378,1.0,0.0
19052.0,1264765.89329191,166947.714462996,3.0,428367.5337780106
19053.0,1256958.56771591,235630.844837323,1.0,0.0
19054.0,1257106.40566806,235837.140645534,3.0,84778.0
19055.0,1257209.30666016,235835.832613543,1.0,0.0
19056.0,1280239.75180376,211737.803340867,1.0,0.0
19057.0,1264470.2442676,166505.331486538,3.0,128050.9033847818
19058.0,1263233.28413834,165839.473565862,1.0,0.0
19059.0,1275199.12863059,232864.75158649695,3.0,10348.55091099561
19060.0,1275203.25131859,233079.223586723,3.0,624.9973691431144
19061.0,1264317.61041145,167348.448223412,3.0,764636.8650893074
19062.0,1264482.78001161,167422.640351489,3.0,2197772.9584959545
19063.0,1275094.03832649,232959.153954595,3.0,55956.06565819259
19064.0,1260399.76387943,204736.307525694,1.0,0.0
19065.0,1264643.28036378,166851.360350892,3.0,59193.296939976586
19066.0,1264745.83261989,167884.948127955,3.0,1758375.9966347187
19068.0,1276756.83941618,203482.689284414,1.0,0.0
19069.0,1271916.77758722,198540.973759353,1.0,0.0
19070.0,1272846.07198818,187042.583091572,3.0,187375.1261412717
19071.0,1273493.90437284,187023.115571558,3.0,106150.45714568306
19072.0,1285272.2886409,203613.615236551,1.0,0.0
19073.0,1269599.84587285,256859.829243064,1.0,0.0
19074.0,1260226.01488726,204472.748677418,3.0,136385.9145137639
19075.0,1279101.52965859,217520.040466785,1.0,0.0
19076.0,1277410.89586486,187585.986804128,1.0,0.0
19077.0,1272296.00024362,212063.1327492,3.0,271520.0789153583
19078.0,1272051.74289936,212054.90836519,3.0,249266.72380324503
19079.0,1274454.30174983,242827.287084699,3.0,140887.3917826821
19080.0,1270306.74014558,231478.61328107095,7.0,22684050.648993023
19081.0,1273567.85733292,269685.043080196,3.0,29863653.825168747
19082.0,1260227.00471126,204498.024517447,1.0,0.0
19083.0,1260393.73635943,204572.994821519,1.0,0.0
19084.0,1271582.88094689,189664.27467826,1.0,0.0
19085.0,1250149.57903694,238657.884712428,3.0,103079.33352397894
19086.0,1250139.21487692,238652.040872425,1.0,0.0
19087.0,1275052.10731843,234042.573347703,1.0,0.0
19088.0,1273762.54718912,228393.239197925,3.0,424155.079219478
19089.0,1267428.66519862,193037.120633706,1.0,0.0
19090.0,1284357.98534396,277564.534544274,3.0,437342.5372133361
19091.0,1284304.53068791,277620.42254433,3.0,528356.9990835804
19092.0,1265525.27562869,208651.052937701,3.0,85145.033606228
19093.0,1265548.53079671,208647.398089692,1.0,0.0
19094.0,1270452.11121772,209997.648395076,1.0,0.0
19095.0,1280382.84005989,197104.879869878,1.0,0.0
19096.0,1265822.76977299,211925.669133052,1.0,0.0
19097.0,1281144.19026868,172724.310820907,3.0,42396.0
19098.0,1281140.04031667,172460.087268636,1.0,0.0
19099.0,1281033.52082856,172881.323301077,1.0,0.0
19100.0,1281149.03212468,172878.556581065,3.0,51199.424375842194
19101.0,1281229.95942077,172928.357669115,3.0,99979.61979715058
19102.0,1281515.62489305,172906.223845094,3.0,2015.4832333874544
19103.0,1265415.09572457,208406.051465452,1.0,0.0
19104.0,1281566.80978911,172602.574180782,3.0,75960.57562415778
19105.0,1281229.95942077,173050.094309241,3.0,184410.20134975112
19106.0,1265658.50961281,208421.964873463,1.0,0.0
19107.0,1265601.46673276,208390.021001428,4.0,183357.54905201
19108.0,1270454.95211373,209393.025546461,1.0,0.0
19109.0,1265100.06583625,275504.574094161,1.0,0.0
19110.0,1287847.13549154,184060.061168522,1.0,0.0
19111.0,1252425.79689527,214323.944527507,4.0,56787.058582976206
19112.0,1252412.77590325,214009.708239183,4.0,594717.336805995
19113.0,1252854.10575971,214307.1315355,1.0,0.0
19114.0,1284473.90995209,234349.470372021,1.0,0.0
19116.0,1253284.73385614,250288.765940338,1.0,0.0
19117.0,1267949.09195116,195674.123900414,3.0,84778.0
19118.0,1268149.12702337,195879.448572621,1.0,0.0
19119.0,1254259.04195315,213938.462351114,1.0,0.0
19120.0,1277589.78232904,258091.50098833404,3.0,52995.77942164642
19121.0,1267795.61163101,196115.39231686303,3.0,84778.0
19122.0,1257604.57686856,236188.117285907,1.0,0.0
19123.0,1279769.00402726,210627.077259719,1.0,0.0
19124.0,1287039.41075471,279983.015634745,1.0,0.0
19125.0,1277607.01029706,258090.980028331,1.0,0.0
19126.0,1273766.71979712,221189.982934535,3.0,7106592.179321551
19127.0,1267806.93937501,196095.594492838,1.0,0.0
19128.0,1291171.13575095,189623.724214211,3.0,514911.7251975705
19129.0,1267949.12708716,195697.156988442,1.0,0.0
19130.0,1280546.91225207,265683.461188108,3.0,21923.75860410952
19131.0,1291861.74131966,189598.765302196,4.0,439627.39936245873
19132.0,1251533.24457435,237285.193511024,3.0,840768.8946058443
19133.0,1251506.11203033,237316.200679049,3.0,672742.2401138792
19134.0,1265037.31498818,208426.469769478,1.0,0.0
19135.0,1278596.60281007,211688.117772818,1.0,0.0
19136.0,1274047.7667734,216472.279441714,1.0,0.0
19137.0,1267768.99486297,187598.34373214803,3.0,10260.11004350097
19138.0,1268099.94897532,187600.139380142,3.0,13581.88039976083
19139.0,1268106.14052732,187814.77112436303,3.0,59595.79065014986
19140.0,1267765.16747098,187800.255092353,3.0,11239.668313373018
19141.0,1268185.3641434,188385.310708955,1.0,0.0
19142.0,1268094.16977531,188384.205044955,3.0,42390.0
19143.0,1268095.67729531,188136.356468692,4.0,248833.9547795948
19144.0,1267817.35307103,188056.835316613,3.0,22793.69371484903
19145.0,1268268.02603149,188150.907636717,3.0,344989.36374552944
19146.0,1280767.99282829,171064.375843212,3.0,202447.60043934663
19147.0,1281054.87878059,171008.680419162,3.0,118860.14018246914
19148.0,1280789.33862031,171201.655779347,3.0,68642.77390456798
19149.0,1287161.32550684,177701.57943400703,3.0,1446737.4919962017
19150.0,1287025.68441869,177562.489833862,1.0,0.0
19151.0,1275256.26501465,218556.236243844,1.0,0.0
19152.0,1280811.38348433,171196.144611344,1.0,0.0
19153.0,1267291.35051049,198920.002879739,1.0,0.0
19154.0,1281031.10386856,192619.168697283,1.0,0.0
19155.0,1282391.69068596,234420.510628089,1.0,0.0
19156.0,1264157.69764328,235709.129445404,1.0,0.0
19157.0,1273058.6116364,225481.447130933,1.0,0.0
19158.0,1272414.67160374,196224.754300982,1.0,0.0
19159.0,1266697.51902188,231059.372640654,1.0,0.0
19160.0,1273397.92952475,222105.964695483,1.0,0.0
19161.0,1276619.15762404,219255.53768456,3.0,10277539.081315195
19162.0,1259381.85251839,234818.2866925,4.0,13216104.132425832
19163.0,1263328.44503443,211988.217869118,3.0,302998.1196218574
19164.0,1278515.88613798,218673.054931968,3.0,9353124.90778802
19165.0,1277597.99525705,240887.260458708,4.0,35151843.17793054
19166.0,1286214.67155387,247687.823345676,1.0,0.0
19167.0,1266082.56420526,191983.041656628,3.0,42191.69796020542
19168.0,1281078.87442861,180308.708716676,1.0,0.0
19169.0,1273209.90987656,194043.648122743,1.0,0.0
19170.0,1251498.36175832,212731.058893874,3.0,1289751.6678283573
19171.0,1281128.04690866,179985.873068348,3.0,736431.1657356516
19172.0,1281046.23538858,180034.750316396,1.0,0.0
19173.0,1251353.68092617,212602.577229753,1.0,0.0
19174.0,1280855.18297239,180534.52126091704,3.0,2678829.191454745
19176.0,1251497.59273432,212718.147853866,1.0,0.0
19177.0,1273680.60574903,194015.331578717,1.0,0.0
19178.0,1265340.27530849,244286.47281418703,3.0,24344.16314097944
19179.0,1254006.10249689,215427.88520063495,3.0,84777.99999999999
19180.0,1265650.90794881,166715.530206755,1.0,0.0
19181.0,1281837.66687739,195291.612796023,3.0,608242.3969188222
19182.0,1274036.4918934,216459.540625691,1.0,0.0
19183.0,1275817.89349522,276910.801935598,1.0,0.0
19184.0,1270297.97739357,231634.538145244,3.0,630569.7571198825
19185.0,1262257.85796134,178272.624234587,1.0,0.0
19186.0,1283149.37983873,176305.37879258403,3.0,72265.98112223254
19187.0,1283143.63078272,176080.273960352,1.0,0.0
19188.0,1270301.95768157,231943.81443356,5.0,829384.9917729986
19189.0,1271067.10475436,269651.731464162,3.0,105842.18761502222
19190.0,1270862.74955414,270066.088264585,3.0,18009.54138523693
19191.0,1284865.89472048,168500.520416588,3.0,165228.16732188544
19192.0,1280613.54630013,167986.330144063,1.0,0.0
19193.0,1276167.37541558,248672.231474683,1.0,0.0
19194.0,1273152.97758849,214292.502991483,4.0,415452.4309201436
19195.0,1280491.42649201,211908.138317034,1.0,0.0
19196.0,1274058.00331742,216681.882385924,3.0,1106563.32439953
19197.0,1274055.43115741,216672.763985917,1.0,0.0
19198.0,1279157.12729064,244644.803822562,3.0,512990.4007681299
19199.0,1254045.70768093,215855.977873087,1.0,0.0
19200.0,1282896.64607847,196234.532860994,3.0,169820.59549848997
19201.0,1282884.54502246,196231.76774098,1.0,0.0
19202.0,1282865.86399844,196426.392701179,3.0,48940.480913586085
19203.0,1282849.42271842,196424.230973184,1.0,0.0
19204.0,1296226.33332412,182169.791982591,1.0,0.0
19205.0,1285707.57152134,167705.395039767,1.0,0.0
19207.0,1260477.63056751,215840.462481067,5.0,17604031.368174482
19208.0,1277101.15237653,175474.925095722,3.0,161111.20690989724
19209.0,1277325.15884076,175476.678375736,1.0,0.0
19210.0,1265144.1815483,188695.674229264,3.0,426546.5702928732
19211.0,1286219.64140987,198625.180287436,3.0,327860.7570691046
19212.0,1286859.78477053,198617.339775428,1.0,0.0
19213.0,1278188.52882566,282265.908053085,3.0,199748.5431843631
19214.0,1280131.31103563,207617.782728642,3.0,81615.09191500729
19215.0,1296943.66785285,176507.402024791,3.0,9217340.289696315
19216.0,1253627.6856005,243844.60004574095,3.0,84777.99999999997
19217.0,1273307.20069265,235001.83261267803,3.0,1117152.4485455186
19218.0,1271059.90955435,189732.038006335,3.0,84778.0
19219.0,1271223.02014652,189732.038006335,1.0,0.0
19220.0,1278268.60773773,282256.187605068,3.0,251054.98115577665
19221.0,1278442.18879391,282249.244373068,3.0,411265.4023991635
19222.0,1282277.50297384,181998.642670408,1.0,0.0
19223.0,1275882.31755929,255345.128569514,1.0,0.0
19224.0,1271856.72030717,229582.984223142,3.0,2152895.1969565167
19225.0,1277926.63698538,245333.089839265,3.0,22041.46519635567
19226.0,1279173.85100266,212063.177357197,4.0,40165777.01498404
19227.0,1260092.02269512,205671.034630656,1.0,0.0
19228.0,1268316.49771154,231434.209185034,4.0,8447068.582351737
19229.0,1268593.58084783,231457.820321053,4.0,7528341.144112355
19230.0,1264539.62929167,203083.958468005,1.0,0.0
19231.0,1280731.16550025,170053.140962183,1.0,0.0
19232.0,1269912.23243317,210940.966348052,1.0,0.0
19233.0,1278081.90047354,182880.751471311,3.0,352807.4147946121
19234.0,1280632.57382014,208709.691273764,3.0,81436.32163955539
19235.0,1274205.56504557,238153.083175912,3.0,4358220.838814338
19236.0,1277450.60773689,221721.53339909,1.0,0.0
19237.0,1274665.48139805,237732.065703481,3.0,4653429.205814783
19238.0,1274705.80255008,238303.70199206503,3.0,161015.5938565999
19239.0,1280632.29561216,208725.574473783,1.0,0.0
19240.0,1253784.50940865,243505.005229399,1.0,0.0
19241.0,1257643.37571661,203121.993156046,3.0,121964.70654679331
19242.0,1280557.99097207,176411.254888684,3.0,10559.180303856025
19243.0,1287279.80102696,164289.330012277,3.0,99304.67890777496
19244.0,1270298.37534557,231870.973409474,3.0,365575.20952951774
19245.0,1280869.53330839,271717.195850283,1.0,0.0
19246.0,1260848.19146389,242927.780972809,1.0,0.0
19247.0,1277745.0868412,282207.122069016,1.0,0.0
19248.0,1279959.67685947,168718.703072816,1.0,0.0
19249.0,1280075.24063557,281023.529939815,3.0,1135507.1577131131
19250.0,1276324.69727173,182759.595247194,1.0,0.0
19251.0,1282800.64102237,167934.672800004,1.0,0.0
19252.0,1264956.35614009,188695.99314126404,3.0,300560.9803189823
19253.0,1278110.15135357,281932.97429274,1.0,0.0
19255.0,1263099.0314662,212161.5764613,1.0,0.0
19256.0,1271568.01713887,188880.307061464,1.0,0.0
19257.0,1288880.4139566,204526.096005484,3.0,42390.0
19258.0,1274938.81259832,239021.143464804,1.0,0.0
19259.0,1282886.04665446,196286.625277042,3.0,91615.07641205315
19260.0,1282873.95481445,196284.545533031,1.0,0.0
19261.0,1281550.19762909,195055.436155781,1.0,0.0
19262.0,1274676.24747805,241969.915819824,3.0,57005.79609294079
19263.0,1271002.53765029,189281.506421864,3.0,441717.6914970992
19264.0,1257001.93437195,256577.793402776,1.0,0.0
19265.0,1282845.92537442,286946.345497876,1.0,0.0
19266.0,1280226.87026773,176908.074473202,3.0,63400.72633698713
19267.0,1280138.88581964,207635.184584662,1.0,0.0
19268.0,1269959.14993723,189113.32990969703,3.0,22683.910362318897
19269.0,1253626.96969649,243823.160109714,1.0,0.0
19270.0,1270265.13950554,189105.734453693,4.0,275036.07979261456
19271.0,1281261.05420479,195521.811836258,1.0,0.0
19272.0,1281256.26284479,195305.194492042,3.0,262416.5492985664
19273.0,1282758.34975833,191562.413240209,1.0,0.0
19274.0,1286635.9144983,198860.89343968,1.0,0.0
19275.0,1296112.89390001,182197.701678619,1.0,0.0
19276.0,1265624.05956478,233726.970979378,1.0,0.0
19278.0,1259523.46973453,209133.19341819,3.0,19724790.874666937
19279.0,1277889.14034534,281935.557012752,1.0,0.0
19280.0,1282202.15174176,182107.607342526,1.0,0.0
19281.0,1282545.47417411,168203.639776289,1.0,0.0
19282.0,1253704.02697657,243843.919277743,1.0,0.0
19283.0,1271838.68094714,238217.358695984,1.0,0.0
19284.0,1282870.14444645,168348.464928433,1.0,0.0
19285.0,1278790.49906626,244554.61406247303,3.0,263432.4122000561
19286.0,1278318.13618578,282017.339988828,1.0,0.0
19287.0,1271677.40869097,183132.339567572,1.0,0.0
19288.0,1275271.68690266,210424.605515525,1.0,0.0
19289.0,1254014.11228889,215616.566288829,1.0,0.0
19290.0,1265501.49841265,191747.406008393,1.0,0.0
19291.0,1284326.68358393,174918.795623153,1.0,0.0
19292.0,1258688.24432568,238065.86160782,1.0,0.0
19294.0,1253734.44124861,215437.815632656,1.0,0.0
19295.0,1278535.614778,167828.090655893,1.0,0.0
19296.0,1274312.89483768,242222.526188076,4.0,89441.60595047034
19297.0,1258444.82454944,287298.20341824,3.0,62777.683070087776
19298.0,1252280.20630312,236574.010214299,3.0,1842920.0056093652
19299.0,1279376.54021886,244823.093166739,3.0,14933.567598884752
19300.0,1279548.47167504,244891.569710806,3.0,14832.852944317665
19301.0,1264719.85661985,229239.256222785,3.0,1279.0678521771404
19302.0,1255553.02621047,234526.142308205,1.0,0.0
19303.0,1279608.45516311,245037.75806295904,3.0,13838.918304544091
19304.0,1279373.93426687,245037.782062963,3.0,635.8033353307168
19305.0,1252437.13052727,214678.386063874,3.0,2375.905364775327
19306.0,1256179.37827511,257111.346107319,1.0,0.0
19307.0,1251736.23823856,213242.375502408,1.0,0.0
19308.0,1280692.07372421,196624.481853381,1.0,0.0
19309.0,1277390.27026483,235646.542629346,1.0,0.0
19310.0,1274342.83736572,221179.189974532,1.0,0.0
19311.0,1255892.47139482,188490.02898106,1.0,0.0
19312.0,1251736.50499056,213246.111374408,1.0,0.0
19313.0,1257140.1421161,244452.767790362,1.0,0.0
19314.0,1275475.28850287,244189.676142097,4.0,204720.67901581564
19315.0,1296645.23994854,183205.00606364,1.0,0.0
19316.0,1279208.1937867,244830.45860675,3.0,76506.94041054032
19317.0,1281393.32166094,223963.422297388,1.0,0.0
19318.0,1279560.86469905,244615.367854536,3.0,207243.7920689966
19319.0,1276564.93067999,219138.080532447,3.0,327730.525804075
19320.0,1276637.28754406,218990.702868283,3.0,10239864.818635128
19321.0,1274570.53637394,196228.474108979,3.0,107757.29534112776
19322.0,1274578.80901395,196210.556860968,1.0,0.0
19323.0,1261456.89956051,233241.179938883,1.0,0.0
19324.0,1257068.99696402,241538.430763379,1.0,0.0
19325.0,1279618.84818712,245398.887599334,3.0,67060.86287672057
19326.0,1264830.12349997,207764.594440788,1.0,0.0
19327.0,1251735.97148657,213238.906638399,1.0,0.0
19328.0,1274405.12990977,242375.521260232,1.0,0.0
19329.0,1260374.89450341,211554.585228682,3.0,2054604.9604257236
19330.0,1260363.9214474,211543.614412665,1.0,0.0
19333.0,1264827.62449196,207752.238472775,1.0,0.0
19334.0,1279938.08505145,227010.972636506,4.0,588442.5890899227
19335.0,1265003.54436415,205677.599238664,3.0,84778.0
19336.0,1290889.19405465,185079.748401567,3.0,77420.26434632126
19337.0,1291220.09466299,185224.77630572,1.0,0.0
19338.0,1278605.15724207,265424.042115837,3.0,84777.99999999997
19339.0,1278614.93676208,265425.400387838,1.0,0.0
19340.0,1256418.80169936,193691.450682387,3.0,496974.2161149716
19341.0,1261187.72068024,278115.91668883,1.0,0.0
19342.0,1277348.96524079,184331.669488803,3.0,294226.3766309084
19343.0,1277293.52338473,184261.637808725,4.0,1770123.47222836
19345.0,1260927.39408797,201088.946049958,3.0,1589008.960484823
19346.0,1260745.82128778,191428.75864806803,3.0,84777.99999999997
19348.0,1260745.82128778,191592.923704237,1.0,0.0
19349.0,1260738.98103178,191302.214647934,1.0,0.0
19350.0,1277998.32645746,184249.561712712,3.0,127576.15709436762
19351.0,1277999.95410545,184314.516976789,3.0,166449.7304701933
19352.0,1275618.57567102,264892.081539288,3.0,115484.70718704308
19353.0,1265005.53290816,205395.202822372,1.0,0.0
19354.0,1273720.27627708,195104.909435824,4.0,198221.8777546284
19355.0,1273736.3116691,195103.855355829,1.0,0.0
19356.0,1256365.08528329,198276.375551075,3.0,46262.43968212168
19357.0,1277370.77554481,184186.495280653,3.0,1114710.807529898
19358.0,1255225.05078614,198080.305406883,3.0,485559.44785979454
19359.0,1256080.775139,198044.486590847,1.0,0.0
19360.0,1256363.67581131,198256.877887055,1.0,0.0
19361.0,1278472.04696994,265760.62150818104,3.0,84778.0
19364.0,1273711.50040506,194818.66399553404,3.0,83133.56774620424
19365.0,1278903.95852238,259873.75007815697,3.0,236886.29149396377
19366.0,1277587.99461703,259252.52364552,4.0,525607.7195715808
19367.0,1278604.94469808,265477.254915893,1.0,0.0
19368.0,1261051.6943761,189819.34655042,1.0,0.0
19369.0,1277983.40690544,183665.645232111,3.0,42688.0
19370.0,1278541.795834,265671.147908092,1.0,0.0
19371.0,1275305.0900387,264894.83321929,1.0,0.0
19372.0,1277910.53592937,184904.357041389,1.0,0.0
19373.0,1273703.75960505,195104.723451823,1.0,0.0
19374.0,1274930.66923831,190999.03576763,3.0,434754.7055556988
19375.0,1256405.11638734,198038.512830839,1.0,0.0
19376.0,1277375.86578481,259259.13222152,1.0,0.0
19377.0,1278465.4781539375,265750.7382281683,1.0,0.0
19379.0,1274854.14047024,190183.31103079,1.0,0.0
19380.0,1284652.22752027,259598.093821868,1.0,0.0
19381.0,1277660.35896911,184329.550768793,3.0,250790.07337582388
19382.0,1266325.9088455,285485.10204038,1.0,0.0
19383.0,1262357.52311344,188892.258165464,1.0,0.0
19384.0,1273472.38930082,194953.922875673,1.0,0.0
19386.0,1279640.71493913,215049.165840253,1.0,0.0
19387.0,1262663.90666576,190361.648246974,1.0,0.0
19389.0,1277668.51116112,184641.520625114,1.0,0.0
19390.0,1270606.09387389,204591.526341543,1.0,0.0
19391.0,1254548.11452945,193638.469498336,1.0,0.0
19392.0,1265305.79806046,205673.278726652,1.0,0.0
19393.0,1274222.52760559,195978.057980731,3.0,658234.4520148494
19394.0,1286953.45261063,249786.140979826,3.0,436999.7508749221
19395.0,1286009.30681765,176213.86026448,3.0,85539.09249071305
19396.0,1260243.47383127,245417.092655346,4.0,2617631.02402627
19397.0,1264353.49220347,260408.493758708,3.0,776554.768978489
19398.0,1286130.27475378,194185.362426892,3.0,810318.8717373499
19399.0,1286014.10502566,176354.502056628,1.0,0.0
19400.0,1264346.84029947,259945.794878229,4.0,6799942.223527752
19401.0,1268664.3960159,245897.393199846,4.0,1104493.149537105
19402.0,1273743.19390909,202494.162371397,3.0,32218.162401084224
19403.0,1264899.98718004,229063.80086261,1.0,0.0
19404.0,1271961.28049926,206769.497351781,3.0,369963.3229673872
19405.0,1255161.15197007,201869.289602757,1.0,0.0
19406.0,1257377.35395634,287642.833626583,1.0,0.0
19407.0,1285657.13068929,202850.968131766,4.0,89222.73296857567
19408.0,1285672.75564931,202686.905475602,1.0,0.0
19409.0,1284975.35974459,202853.051459759,3.0,56582.82204744914
19410.0,1285258.17248088,202852.00979577,1.0,0.0
19411.0,1257319.61091627,287364.955610305,1.0,0.0
19412.0,1256950.04438791,287371.500506312,3.0,84778.0
19413.0,1271566.93214686,212018.033101156,4.0,8439245.675988821
19414.0,1261236.15952829,245825.052079767,1.0,0.0
19415.0,1285314.45817694,202852.204675764,1.0,0.0
19416.0,1290093.57357384,181355.284397751,1.0,0.0
19417.0,1271668.27384298,217399.166034654,3.0,718603.4120244085
19418.0,1260936.14275998,245387.174703315,1.0,0.0
19419.0,1270815.25784209,249858.003379896,3.0,177780.3252810038
19420.0,1270886.59198616,249920.519987956,3.0,121564.47001457088
19421.0,1270157.03672142,222499.175191879,4.0,216612.9716010352
19422.0,1285168.28422479,195430.766396165,3.0,5705.123274940227
19423.0,1263457.00087456,243040.321132913,1.0,0.0
19424.0,1258605.1605496,205850.374214828,1.0,0.0
19425.0,1252169.21507101,244849.423470765,3.0,315166.93990930304
19426.0,1291442.62995923,187971.651060522,3.0,178074.54572981058
19427.0,1291573.14279136,188017.614260569,3.0,36620.44663724098
19428.0,1260012.42147903,263239.537281603,1.0,0.0
19429.0,1260149.56131917,262366.318208709,1.0,0.0
19430.0,1263885.76548301,166777.322718829,1.0,0.0
19431.0,1269841.0448491,222504.640727893,1.0,0.0
19432.0,1278093.93714555,213229.33812639103,3.0,58277.511085707694
19433.0,1284651.22816026,205186.011334151,3.0,214595.35335733896
19435.0,1257568.26461254,259241.209661514,3.0,26681.695710785905
19436.0,1257469.74019644,259309.798461571,3.0,48172.75603735098
19437.0,1275093.98514248,206591.035079598,3.0,566.0824034125899
19438.0,1259386.3777664,259743.861566022,4.0,151016.0130760499
19439.0,1273903.11256526,234455.902308121,3.0,1422147.6276872698
19440.0,1278727.10028221,173108.368485302,3.0,304580.1358817438
19441.0,1278601.15301807,238175.233447939,3.0,62750.321808750734
19442.0,1259970.898279,259734.495422006,3.0,176662.96094976965
19443.0,1291979.19840777,189097.407349676,3.0,13950.475725575565
19444.0,1259488.01834249,259745.249342024,3.0,70651.30444562848
19445.0,1254514.70121741,254429.828856573,1.0,0.0
19447.0,1273239.50590858,234480.729636148,3.0,514110.145985087
19448.0,1267161.49316636,237948.823143706,1.0,0.0
19449.0,1288686.97997239,202025.061954916,1.0,0.0
19450.0,1261877.74455294,199484.646400318,1.0,0.0
19451.0,1261734.5181208,199560.543232396,3.0,42390.0
19452.0,1273607.97368495,234831.770596504,1.0,0.0
19453.0,1284460.34636807,241918.166251764,1.0,0.0
19454.0,1275281.54879068,262719.928129062,1.0,0.0
19455.0,1274955.63800634,262727.290305078,3.0,18380.371468495447
19456.0,1268752.69367999,192312.558712974,1.0,0.0
19457.0,1268643.16311987,192315.606648982,3.0,125087.98924886336
19458.0,1272292.59441961,266095.496836528,3.0,313864.8768260054
19459.0,1272291.23454762,265984.790980414,3.0,90024.09323156644
19460.0,1274333.8964377,196250.982653007,3.0,42802.0537176274
19461.0,1273601.79979695,202279.579459175,3.0,53284.86797479747
19462.0,1273323.66091667,180610.265516981,3.0,31461.5405620674
19463.0,1265208.27070035,244986.302126914,3.0,43944.283438211314
19464.0,1273985.28824535,286392.606169313,3.0,42390.0
19465.0,1269640.22110489,208938.130505994,1.0,0.0
19466.0,1271568.40753888,212110.018829241,4.0,6981954.600830438
19467.0,1271740.88133104,222218.930711597,1.0,0.0
19468.0,1261481.03306454,203107.85606803,1.0,0.0
19469.0,1251816.04777464,213869.011343047,1.0,0.0
19470.0,1269310.08728056,273186.450123787,3.0,146088.2121245541
19471.0,1259462.00727047,184837.107185319,1.0,0.0
19472.0,1259283.0450303,185130.309297621,4.0,127163.99999999996
19473.0,1258699.8624377,185470.662001967,1.0,0.0
19474.0,1273038.97253238,195120.759803846,1.0,0.0
19475.0,1259171.38711017,184905.826161385,1.0,0.0
19476.0,1285297.98803292,187333.476211876,4.0,176574.78706768126
19477.0,1269311.60664056,273342.589259952,1.0,0.0
19478.0,1264496.34756362,183692.207536146,1.0,0.0
19479.0,1261988.20791306,175233.60176748,5.0,307934.5406625848
19480.0,1262378.00765745,175956.438888222,4.0,161657.6068970439
19481.0,1262050.31671312,175967.289576232,4.0,26531.33026337617
19482.0,1261673.79773673,175987.90570426,4.0,46461.77702486253
19483.0,1263108.64465021,174952.596071199,4.0,3792682.608421141
19484.0,1263544.92951465,174939.343847185,4.0,4088123.7536528967
19485.0,1261969.92938504,175013.203879252,1.0,0.0
19486.0,1261368.89316043,175972.714792237,1.0,0.0
19487.0,1262329.5648414,174999.471015245,4.0,743917.9400069453
19488.0,1266491.09655768,230294.084831864,1.0,0.0
19489.0,1277905.67013736,235360.294501051,3.0,631599.415005131
19490.0,1292013.0776398,184086.188720554,1.0,0.0
19491.0,1291805.12231159,184840.960177317,3.0,988918.322831685
19492.0,1295770.62164365,184496.025136963,3.0,133169.89131373537
19493.0,1275842.83077525,208782.539593831,1.0,0.0
19494.0,1291793.68602358,184396.138544858,4.0,1408783.691025457
19495.0,1291787.26605557,183996.735792458,1.0,0.0
19496.0,1268467.11684769,184051.25342451,4.0,181993.60682549377
19497.0,1268499.23492773,184335.975600809,1.0,0.0
19498.0,1276166.89477558,217596.511122867,3.0,210207.31217367624
19500.0,1277762.55692121,283335.542038172,1.0,0.0
19503.0,1257919.34563689,199946.847296789,1.0,0.0
19504.0,1277760.98079321,283168.538774014,1.0,0.0
19505.0,1274909.38251829,195692.86002843097,3.0,68295.70411470124
19506.0,1274903.82085429,195231.791419953,4.0,59166.41894964584
19507.0,1274901.59608628,195128.89925985,1.0,0.0
19508.0,1274908.27032629,195543.805244282,3.0,49089.38339910935
19509.0,1283294.34278287,194576.864251286,4.0,5277514.10026073
19510.0,1283825.74719942,178597.408042923,3.0,155127.89723276207
19511.0,1284174.90335979,178000.44893831,3.0,187439.02634166044
19512.0,1268305.22481553,254973.06431312897,3.0,390923.12356088223
19513.0,1273172.65733251,238187.095591947,3.0,4975436.504428626
19514.0,1272172.5162755,211963.895117089,3.0,30083938.26019408
19515.0,1273008.84267634,211889.522509024,3.0,36059184.440980375
19516.0,1273370.63134871,211744.687180877,3.0,4312966.785401889
19517.0,1273960.83192532,286741.202201664,1.0,0.0
19518.0,1264798.33386794,181510.077741906,3.0,750308.7649889082
19519.0,1261927.509545,275549.760078207,1.0,0.0
19520.0,1272029.96011534,212090.117261216,3.0,13620331.041908838
19521.0,1270760.73989004,212069.573005199,3.0,35950921.659454875
19522.0,1253932.82243282,247825.590769812,1.0,0.0
19523.0,1256236.10947517,242885.027500764,1.0,0.0
19524.0,1272922.14795625,242677.375020549,4.0,60136.487104336746
19525.0,1279454.60306695,284356.727319226,3.0,1205190.2350520154
19526.0,1268045.43006326,211796.960076928,3.0,319890.1122352906
19527.0,1270212.84203348,212101.763597235,3.0,13602682.328281874
19528.0,1269775.46820903,220748.161622092,3.0,36178027.33069229
19529.0,1274876.99871026,285179.943192065,3.0,19686393.13564252
19530.0,1275284.13144667,287168.30767411,3.0,2651983.6649247287
19531.0,1277992.49445745,194822.485819548,1.0,0.0
19532.0,1278135.3727936,194342.822395056,1.0,0.0
19533.0,1277696.55442515,191612.884920254,1.0,0.0
19534.0,1279121.0535626,192147.713592798,1.0,0.0
19535.0,1277942.7871934,192379.854201034,1.0,0.0
19536.0,1277596.92735304,193525.249530211,1.0,0.0
19537.0,1276304.75999172,196818.086141586,1.0,0.0
19538.0,1277401.49823284,195710.127740458,1.0,0.0
19539.0,1277546.50975299,194689.812859401,1.0,0.0
19540.0,1272918.22936425,264032.924162418,1.0,0.0
19541.0,1279455.99186695,284669.921623543,3.0,84778.0
19542.0,1279724.04741922,284669.227031544,1.0,0.0
19543.0,1278099.95455356,213550.220686719,1.0,0.0
19544.0,1272195.29905951,212008.706381142,3.0,120939.48059225208
19545.0,1272730.75397205,211946.604749084,3.0,2408335.6093496806
19546.0,1274978.40434237,203928.721220866,3.0,28660954.283151336
19547.0,1271044.16913833,227122.412700623,3.0,4103740.57758559
19548.0,1269186.43627243,200521.833025381,3.0,13080524.920563027
19549.0,1264080.50820321,212135.285197273,3.0,337582.3919497415
19550.0,1293790.12692162,184579.197233051,4.0,576799.8974144501
19551.0,1251364.13955018,243425.06609331103,3.0,129708.40479913513
19552.0,1251290.6009901,243687.51044558,1.0,0.0
19553.0,1280290.9147478,188445.583861008,3.0,619412.8232673535
19554.0,1269021.56619225,212100.265549228,3.0,35438072.44285572
19555.0,1269920.05425718,212039.84046116503,3.0,3079726.3434301326
19556.0,1294574.74509843,183364.293487802,1.0,0.0
19557.0,1275065.42616645,211383.90676450697,3.0,24547.27811739336
19558.0,1273582.99768493,247284.518705264,3.0,18747111.55082803
19559.0,1271779.06821108,232247.74563387,3.0,13846349.229163809
19560.0,1258064.32925305,216511.461777747,1.0,0.0
19561.0,1258046.04323702,216512.830545753,3.0,44960.19331492157
19562.0,1273727.21298108,247696.912561685,3.0,1419782.8237315894
19563.0,1271513.09630682,228426.72374194895,3.0,1382981.1700577282
19564.0,1273653.12357301,220411.965461746,3.0,7541799.983913779
19565.0,1272855.46206819,219317.14971663096,3.0,1278772.8530792994
19566.0,1281451.97081299,221040.259158388,1.0,0.0
19567.0,1278400.99986586,210732.241419837,1.0,0.0
19568.0,1250800.9339816,241274.727851108,4.0,250597.07456082728
19569.0,1256066.044899,207109.071112126,3.0,63215.09239863543
19570.0,1272983.33912432,219314.696340621,3.0,165616.99660055654
19571.0,1283163.58649474,245751.06999969497,3.0,825385.3497626098
19572.0,1283842.91321544,245067.849583,1.0,0.0
19573.0,1271638.00485094,262414.513024762,3.0,1970373.6918864476
19574.0,1271973.79358728,258235.828156471,3.0,124321684.76834196
19575.0,1272185.3479555,260047.088318333,3.0,24157846.83492123
19576.0,1271983.08062729,256890.028347105,4.0,12071102.784038868
19577.0,1274175.83736554,250271.074356318,3.0,70317.37558662596
19578.0,1273483.21413283,266128.928836554,3.0,35546471.29137284
19579.0,1271941.69617926,259845.556542128,3.0,100967617.20004742
19580.0,1271894.1916672,261047.106623352,3.0,874879.8185345159
19581.0,1271923.35864323,260279.133438572,3.0,12476139.74128651
19582.0,1277220.28997666,179471.675627828,3.0,73568.4495737646
19583.0,1275141.17931853,242810.927916676,4.0,83709.1955420428
19584.0,1258100.46960507,216304.387409538,1.0,0.0
19585.0,1258059.51267704,216594.369425833,3.0,42654.81273804037
19586.0,1273397.08664474,266197.222980633,3.0,65384167.0555678
19587.0,1277907.80895336,218700.798291996,3.0,549479.1752747495
19588.0,1271982.72465929,262851.948481202,3.0,2043556.8639621304
19589.0,1273190.41221254,253629.288439766,3.0,2678888.9857825725
19590.0,1273571.98194093,252950.282295063,3.0,10103137.61874571
19591.0,1273467.08158882,269836.280648351,3.0,52734015.70798791
19592.0,1271405.3800187,224232.576281652,3.0,4820106.582122588
19593.0,1271672.52709098,228418.355613947,4.0,1774018.2288457584
19594.0,1271765.80286707,228771.011102304,3.0,893812.164734575
19595.0,1271772.55281907,229804.902751356,3.0,7284541.447127067
19596.0,1279212.7075787,245038.791854963,4.0,19283.58474071019
19597.0,1259731.26263075,242784.432556659,4.0,381005.0000745804
19598.0,1259733.80823076,243042.63511692,3.0,72993.29130488019
19599.0,1259275.26384628,243047.575404927,3.0,21548.377956633427
19600.0,1262546.80452164,186740.639411271,1.0,0.0
19601.0,1262540.55095363,186494.05662702,3.0,424472.5250959388
19602.0,1262807.1016099,184091.178544551,3.0,167691.93960029553
19603.0,1262834.10448992,183816.254192278,1.0,0.0
19604.0,1263171.39844227,186479.87160299704,3.0,1154210.412345586
19605.0,1262305.65245739,186790.299763322,1.0,0.0
19606.0,1262283.06231336,186500.873523027,4.0,347420.8107745424
19607.0,1261071.34653611,184555.046705022,3.0,42429.99999999999
19608.0,1260964.43498401,184433.43115291,3.0,207073.73403570164
19609.0,1263182.66711429,186764.498675287,1.0,0.0
19610.0,1262267.98455335,186171.667826682,4.0,85130.0
19611.0,1262534.48042563,187163.842035696,4.0,147148.3004064192
19612.0,1262014.69732109,186506.67237103,3.0,151028.23823840835
19613.0,1261830.99888889,184873.114289358,1.0,0.0
19614.0,1258621.62602161,243062.080620944,3.0,4323.849992956225
19615.0,1281501.29548503,238700.779944479,3.0,47901.33378840539
19616.0,1275209.9767586,261264.041599572,1.0,0.0
19617.0,1258980.49539798,242776.97719664904,3.0,25792.337277155555
19618.0,1258077.39088506,216593.096465841,1.0,0.0
19619.0,1274582.02718996,242823.753324687,4.0,20878.433078811413
19620.0,1279172.09215465,177770.265002087,3.0,49026.51521843592
19621.0,1275102.42904648,260653.272126958,3.0,75696.65760208771
19622.0,1275101.91199049,260674.748478979,1.0,0.0
19623.0,1285511.93804915,190420.020855039,1.0,0.0
19624.0,1259212.03824621,242385.43364425,4.0,4972670.227876872
19625.0,1282528.9069421,188679.619829252,3.0,24947133.9493436
19626.0,1285756.9523214,173232.494181439,3.0,570119.5504001483
19627.0,1285842.79436949,173021.271205217,3.0,378348.8516778805
19628.0,1269586.58443284,199689.148992524,3.0,14769124.638960354
19629.0,1269790.82878505,203510.128516436,3.0,5815399.644834612
19630.0,1269695.72497696,201793.950210676,3.0,10074744.973432437
19631.0,1275273.27250266,203663.060996592,3.0,24196018.360270116
19632.0,1287887.79225957,172024.044836193,3.0,306831.99789278803
19633.0,1290224.47296597,172044.893220216,3.0,413292.7906487832
19634.0,1269542.37816079,196876.88031764296,3.0,9885730.964230154
19635.0,1290572.70253433,187911.081972465,4.0,116786.53539181117
19636.0,1290630.25101438,186820.976883352,1.0,0.0
19637.0,1267876.91428709,231434.209185034,3.0,9731400.17293768
19638.0,1256737.81878768,235845.079973549,3.0,1003656.7510996416
19639.0,1288479.68115619,171849.580644011,4.0,465291.93329540046
19640.0,1287122.4161308,172413.975204602,3.0,207270.3509622612
19641.0,1280890.48108442,173058.676965252,3.0,94877.77133204894
19642.0,1280888.94502041,173008.325349197,1.0,0.0
19643.0,1281113.59679665,172221.856804401,3.0,4310879.643203834
19644.0,1281838.48313339,172313.820516497,3.0,7754318.477393718
19645.0,1286422.73120208,172285.483620465,3.0,186515.488550764
19646.0,1291894.36071168,172710.954916894,1.0,0.0
19647.0,1286504.72249816,172231.095972404,3.0,177496.72465981555
19648.0,1278377.90412185,171108.909859255,4.0,3749510.395287012
19649.0,1269592.66084884,197632.725246415,3.0,14309114.886792189
19650.0,1269799.52561706,201757.426690638,3.0,14811050.705142168
19651.0,1269869.47556913,203277.182148203,3.0,709239.0566327365
19652.0,1260257.61981529,208892.107273951,1.0,0.0
19653.0,1268835.09969607,197335.645182118,1.0,0.0
19654.0,1295543.71853942,177619.311849922,1.0,0.0
19655.0,1259949.77629498,242796.711084664,1.0,0.0
19656.0,1288633.15789235,253577.585463703,1.0,0.0
19657.0,1259861.09373488,242783.498796657,3.0,84293.43900348019
19658.0,1260052.08874308,243036.325420916,1.0,0.0
19659.0,1259865.47523889,243038.711852908,3.0,42421.67311869417
19660.0,1284358.54899196,185570.51185806104,3.0,15790104.816672
19661.0,1259254.77802226,242797.205804661,4.0,102358.08789727966
19662.0,1259231.48208624,242439.705836296,1.0,0.0
19663.0,1261338.6537364,184917.545649394,1.0,0.0
19664.0,1261414.69527248,184520.670768991,3.0,66833.40938373277
19665.0,1262715.34820181,187159.340723693,3.0,179566.91989125745
19666.0,1262561.48791365,186842.208819374,1.0,0.0
19667.0,1261580.14672863,184545.410225019,4.0,303267.7267628938
19668.0,1261832.3167769,184541.070001006,1.0,0.0
19669.0,1262642.57501774,185831.37291432903,3.0,824238.1830687347
19670.0,1261584.05316065,184717.71928119697,3.0,260517.42610688685
19671.0,1261751.95671281,184229.199280694,1.0,0.0
19672.0,1261075.11197613,184683.865329161,1.0,0.0
19673.0,1263302.51101841,186477.873586997,3.0,1227417.5104791955
19674.0,1261907.15850498,186197.345266715,1.0,0.0
19675.0,1262026.8121371,186769.459571302,1.0,0.0
19676.0,1262215.2690973,184185.178672642,1.0,0.0
19677.0,1262648.74365774,186004.81150651,1.0,0.0
19678.0,1262702.44925779,186871.295987397,1.0,0.0
19679.0,1261933.317929,184763.218545243,1.0,0.0
19680.0,1261895.12439297,184523.604528993,1.0,0.0
19681.0,1263311.82103442,186768.376243293,1.0,0.0
19682.0,1284094.98291169,168516.133216605,3.0,99827.48673304231
19683.0,1262665.75440976,186011.148786515,1.0,0.0
19684.0,1284102.2719357,168833.708704934,1.0,0.0
19685.0,1281753.8113893,171039.814883187,3.0,97195.7529447269
19686.0,1281691.75999723,170853.791650996,1.0,0.0
19687.0,1281406.30585295,170674.907810807,3.0,69491.266571668
19688.0,1281613.82284516,170686.612834826,1.0,0.0
19689.0,1282070.59257363,170539.869986683,1.0,0.0
19690.0,1282253.85862181,170535.624290675,3.0,1792472.509170701
19691.0,1277803.59653725,174075.230054289,1.0,0.0
19692.0,1273755.73387711,258495.410940737,1.0,0.0
19693.0,1273754.60530111,258472.841468722,1.0,0.0
19694.0,1273751.75326911,258495.252156749,1.0,0.0
19695.0,1271540.57067484,186938.419891462,3.0,7152124.654030145
19696.0,1271631.71646693,186952.743027478,3.0,7659819.994807096
19697.0,1270673.32504195,280255.392339021,1.0,0.0
19698.0,1271930.67486724,186956.157363489,3.0,4513572.347544214
19699.0,1270646.41988993,280495.394835263,1.0,0.0
19700.0,1260062.13923909,212362.516685501,1.0,0.0
19701.0,1273603.84606895,185453.778161943,1.0,0.0
19702.0,1274100.92318946,185441.020337939,4.0,92913.69531223748
19704.0,1276196.53055161,189993.794678599,3.0,198884.75713555503
19705.0,1276504.30744793,189597.726582184,3.0,409227.0422911624
19706.0,1276155.99877557,189602.535926193,3.0,356926.91552549123
19707.0,1275405.9799588,189936.925366536,1.0,0.0
19708.0,1276724.24767216,189057.117109641,3.0,501296.7906535019
19709.0,1275428.03634281,189632.65035823,1.0,0.0
19710.0,1275532.11192693,189629.337718219,3.0,79185.33856839345
19711.0,1272704.53125203,189710.624630302,4.0,163786.1004500775
19712.0,1276128.18290354,188444.08453300604,3.0,194017.80592909807
19713.0,1275845.54437526,189613.7032222,3.0,211947.77294128737
19714.0,1276148.05458356,189086.78437367096,3.0,62445.13371366608
19715.0,1272485.52581181,189717.149238318,1.0,0.0
19716.0,1271981.49694729,188049.348084599,1.0,0.0
19717.0,1275514.62015091,188971.445685551,3.0,34147.54341022123
19718.0,1280092.8137556,286029.764376938,1.0,0.0
19719.0,1280411.06674792,286013.275544927,3.0,84567.23333333334
19720.0,1263716.43377084,192119.575544775,3.0,42494.500800749134
19721.0,1277389.82175283,188663.409525231,1.0,0.0
19722.0,1276454.73771988,188573.585909143,1.0,0.0
19723.0,1276861.53708029,188563.846069127,3.0,164584.59387831963
19725.0,1275209.5734946,220596.988373935,1.0,0.0
19726.0,1275578.34674297,220776.682582125,1.0,0.0
19727.0,1287988.07225968,172216.645220399,3.0,1507754.0666220682
19728.0,1268012.43991923,197662.277054444,1.0,0.0
19729.0,1267982.9261912,197035.541117802,1.0,0.0
19730.0,1287849.87731554,171655.105635822,3.0,296771.0518139449
19731.0,1287930.91910763,181296.29700568304,3.0,1897516.1927151429
19732.0,1288392.3726121,181021.145965412,3.0,671345.0286519288
19733.0,1281513.12159705,223608.251417011,1.0,0.0
19734.0,1281671.33254121,223568.394200981,1.0,0.0
19735.0,1266202.54263738,191325.369783968,3.0,24553.375899374056
19736.0,1274102.88152547,185708.986674204,4.0,298239.42918931943
19737.0,1259316.92323832,169252.919137359,3.0,236260.45275590103
19738.0,1264349.34788348,172470.804132655,1.0,0.0
19739.0,1276302.83480772,181724.684590131,4.0,275028.82749203494
19740.0,1261168.27255222,172916.439717114,3.0,484039.26214891433
19742.0,1261982.97892106,183435.435119882,3.0,141228.97874387147
19743.0,1265025.30551617,181859.263406262,3.0,914381.2178075138
19744.0,1262241.85303332,174021.432294235,3.0,145257.1210249754
19745.0,1261966.24567303,174020.514918238,4.0,171073.11064213567
19746.0,1275730.00555913,193550.895482242,1.0,0.0
19747.0,1274431.6013338,192693.014009356,3.0,283159.6614684197
19748.0,1265291.84337245,185797.074418306,3.0,2494421.879623527
19749.0,1259795.69655082,168286.119584367,3.0,104683.4539912144
19750.0,1260547.00144759,170478.570274606,3.0,320838.2422363561
19751.0,1260306.40611933,188491.145141065,1.0,0.0
19752.0,1263033.95319413,173990.315174207,3.0,102679.6346089288
19753.0,1257067.79946002,188213.959348768,3.0,43033.94327528102
19754.0,1269639.5629929,188775.048437342,3.0,49313.6733176648
19755.0,1261103.92125615,170424.048034564,1.0,0.0
19756.0,1260829.55338387,170627.268130764,3.0,401116.8808474856
19757.0,1269633.75787289,188462.993269026,4.0,61174.30154089935
19758.0,1270199.73016147,188426.882100999,3.0,95641.57256060968
19759.0,1280784.71852431,186177.148466691,3.0,524145.9595231878
19760.0,1268479.8005597,182444.099502861,1.0,0.0
19761.0,1260189.57962322,170029.264738157,3.0,513421.1178672491
19762.0,1270094.86884937,188370.63224493,3.0,25950.117605364638
19763.0,1274670.91090205,193305.649913982,3.0,142175.77004934626
19764.0,1275336.42891873,193289.413433969,1.0,0.0
19765.0,1259386.3676544,169479.264865592,3.0,469355.1330543015
19766.0,1273465.84798881,185994.354546502,4.0,27924.00552457799
19767.0,1273454.5953808,185727.893746227,4.0,392740.19076865184
19768.0,1272419.06238773,183102.211695537,3.0,24741.497817641222
19770.0,1273963.18686932,180601.085100979,3.0,71873.45815018739
19771.0,1268278.33508749,170931.21827507,1.0,0.0
19772.0,1297889.70529382,178902.312299237,3.0,170651.37031522853
19773.0,1282727.5027183,183677.09374412903,3.0,43284.87758680408
19774.0,1267771.24094298,183411.084079862,1.0,0.0
19775.0,1297033.76577294,177882.963562191,1.0,0.0
19776.0,1264346.23172347,167827.552607894,1.0,0.0
19777.0,1276445.75807187,186967.266291499,1.0,0.0
19778.0,1276462.53522389,186948.660019472,3.0,51032.17918501205
19779.0,1272338.71313965,180136.317676499,1.0,0.0
19780.0,1277328.20933677,280458.060947239,1.0,0.0
19781.0,1277082.52024852,280660.420115441,3.0,402332.6255340444
19782.0,1262341.55722542,173363.920101568,4.0,748438.8795789476
19783.0,1264836.10935597,182914.673647344,1.0,0.0
19784.0,1274790.22296616,185578.25003407904,3.0,248476.94093372457
19785.0,1257788.57424475,188539.550517112,5.0,876386.2084004858
19786.0,1276608.39026403,186642.27281916104,3.0,474153.1661743482
19787.0,1274323.19730169,192979.370425656,3.0,113356.21826917485
19788.0,1264895.46782003,171744.535907909,1.0,0.0
19789.0,1268377.3027036,180065.222316429,1.0,0.0
19790.0,1267430.78327863,169374.982241482,3.0,84778.0
19791.0,1269902.12875317,170821.99773097,1.0,0.0
19792.0,1270094.50206536,170813.068962961,3.0,84778.0
19793.0,1278331.16895379,267834.805318311,4.0,379192.9658149736
19794.0,1278339.91308181,268495.346310988,3.0,40440.72991625384
19795.0,1262998.95293809,173334.200357541,3.0,48635.24005402208
19796.0,1259964.15747899,185049.369201541,1.0,0.0
19797.0,1272637.71249996,197856.403326645,1.0,0.0
19799.0,1270271.79864155,189255.601909846,3.0,102541.7918636413
19800.0,1263452.27383456,169094.772193193,1.0,0.0
19801.0,1283360.58540694,185039.322929516,3.0,105011.83445019073
19802.0,1283548.57977514,185048.304561526,1.0,0.0
19803.0,1264794.58122793,168065.513376147,3.0,1675168.2579240394
19804.0,1274748.65778212,185689.596914187,3.0,199593.6152959887
19805.0,1281857.70258941,285323.553816214,3.0,485573.2693746229
19806.0,1272786.19256411,185358.359089851,3.0,42717.422480039415
19807.0,1274235.3113496,193562.242234245,4.0,520773.3133502733
19808.0,1274328.37611769,193313.07180199,3.0,201388.107241279
19809.0,1262537.50436161,182501.199726924,3.0,1069512.1116547384
19810.0,1272793.39429213,185480.78699398003,3.0,73189.64206275571
19811.0,1273450.9946768,185459.63217794904,3.0,38612.49402584349
19812.0,1262641.34436172,171255.690723404,3.0,402478.2571903511
19813.0,1262410.14506549,171268.821603417,1.0,0.0
19814.0,1265278.95588443,185462.447793961,1.0,0.0
19815.0,1271588.96625888,187452.92376399,3.0,395937.87324301375
19816.0,1263795.86013891,180840.653869227,3.0,1432548.84816253
19817.0,1267954.08638316,182185.275502607,1.0,0.0
19818.0,1267478.23729467,182164.891694576,3.0,341416.1386936183
19819.0,1265429.17642859,180163.293996528,3.0,225042.8246298545
19820.0,1267258.62417446,182739.022127166,1.0,0.0
19821.0,1267250.02481444,182509.53310293,3.0,420480.3226984181
19822.0,1253013.39215986,245331.323759258,3.0,1974443.2924879375
19823.0,1267449.52638265,183350.776815787,1.0,0.0
19824.0,1261565.25661662,174037.004390255,3.0,84778.00000000003
19825.0,1259262.29047027,187094.038643628,1.0,0.0
19826.0,1270260.91704153,188820.361013398,4.0,91255.95344140974
19827.0,1261830.3869849,173718.599205926,1.0,0.0
19828.0,1261874.45712894,173384.610021591,4.0,653438.7186690525
19829.0,1264109.98615523,180881.84868526497,3.0,1508446.022463221
19830.0,1273614.58360496,261183.980351493,3.0,30101.03471011702
19831.0,1272805.09701213,185751.298930258,4.0,652886.9478864451
19832.0,1277739.85714519,182695.323055118,1.0,0.0
19833.0,1278011.98130547,179142.895147488,1.0,0.0
19834.0,1262565.53021765,185090.121713579,1.0,0.0
19835.0,1263119.99466622,182120.13323053703,3.0,1211498.6401482972
19836.0,1262702.19888979,181842.237806246,1.0,0.0
19837.0,1262267.19453734,183009.30014345,3.0,204232.39812744755
19838.0,1274112.20824547,185970.585522473,3.0,4064.136325730568
19839.0,1260804.09315984,173756.191013977,1.0,0.0
19840.0,1274480.70520586,180414.056940794,4.0,687563.6144496807
19841.0,1265066.14500421,183177.75844761697,3.0,381382.0
19842.0,1263108.1708582,182303.880942717,3.0,1139990.8898667006
19843.0,1263268.83722638,182383.620590806,1.0,0.0
19844.0,1273953.54027732,180421.85681279,3.0,384114.9322479806
19845.0,1276688.86680812,186982.648499519,4.0,364524.7588898392
19846.0,1277075.42802452,186929.997299463,1.0,0.0
19847.0,1264994.92202814,172320.982884496,1.0,0.0
19848.0,1259231.28887023,186454.816178977,1.0,0.0
19849.0,1271078.20216237,188881.048885465,3.0,247064.4912328944
19850.0,1260792.33955984,184526.853488997,3.0,147908.1853608257
19851.0,1272376.7012357,181760.822958171,3.0,478912.209584017
19852.0,1278568.54713003,184159.438576624,1.0,0.0
19853.0,1258055.86045304,204734.860037684,3.0,22243.05977837809
19854.0,1282645.47135821,184659.949681133,3.0,210629.2075448234
19855.0,1282633.8394862,185909.081394419,3.0,75016.66619733325
19856.0,1282643.67315021,185919.286450431,1.0,0.0
19857.0,1256438.76297937,188634.619253203,1.0,0.0
19858.0,1272485.46021181,197086.900221854,1.0,0.0
19859.0,1297352.37729327,179015.560747355,4.0,127164.0
19860.0,1297352.20538928,179000.749739334,1.0,0.0
19861.0,1277047.87301648,180030.952748388,1.0,0.0
19862.0,1263334.56349844,180886.678381264,1.0,0.0
19864.0,1283251.28742284,185064.940721557,3.0,134536.68675386955
19865.0,1270403.89675368,188535.21560511,3.0,162310.69400738206
19866.0,1261539.1730326,183030.708847463,1.0,0.0
19867.0,1265062.81527621,182903.809519336,1.0,0.0
19868.0,1264132.56381926,180604.442092985,1.0,0.0
19869.0,1266549.06359772,183174.24203161904,3.0,85910.8783281558
19870.0,1267095.94475029,182512.57111893603,3.0,347209.74732145725
19871.0,1267714.52747092,169373.008161485,1.0,0.0
19872.0,1277034.17285646,281232.683092028,3.0,364545.9211995133
19873.0,1267139.34750234,183166.433967605,3.0,52348.88501794885
19874.0,1267138.47940633,182893.647471324,1.0,0.0
19875.0,1264104.33751522,172602.869156793,1.0,0.0
19876.0,1274507.07461388,175788.689256057,1.0,0.0
19877.0,1260516.65539955,168274.789216354,3.0,75743.03128595064
19878.0,1270970.56331426,188936.60453350804,3.0,261312.3867767957
19879.0,1262599.51671368,181022.241773412,1.0,0.0
19880.0,1261761.03876083,173486.211877689,1.0,0.0
19881.0,1257770.96598874,204430.141445383,3.0,2287.9960577000443
19882.0,1262275.47472936,189458.200630054,1.0,0.0
19883.0,1262269.49373735,174021.103206247,3.0,184020.36373779987
19884.0,1278145.6237376,179840.824172199,1.0,0.0
19885.0,1259738.79837476,169624.880993739,1.0,0.0
19886.0,1269888.32990515,171106.90531525,1.0,0.0
19887.0,1262347.28624943,174016.524454236,3.0,506409.8584395968
19888.0,1269605.78782485,171287.536163434,3.0,4206606.658684817
19889.0,1267270.58641447,183432.790767878,1.0,0.0
19890.0,1265123.34532426,171831.011107996,1.0,0.0
19891.0,1266556.98583774,183447.9580639,1.0,0.0
19893.0,1264909.34769206,180074.768236443,1.0,0.0
19894.0,1253040.2946879,245336.451695263,1.0,0.0
19895.0,1261488.17706455,173705.103205919,1.0,0.0
19896.0,1271127.93009841,173896.658214107,3.0,334890.5700642935
19897.0,1262071.18935314,185080.660465568,1.0,0.0
19898.0,1261828.7820569,168187.280864269,3.0,525959.7510610559
19899.0,1261821.76496889,167787.34332785,1.0,0.0
19900.0,1263379.58634648,181984.878638402,1.0,0.0
19901.0,1276305.41317572,181379.497261778,1.0,0.0
19902.0,1272818.15013215,186259.015090778,3.0,43014.76173563278
19903.0,1273227.74379657,186241.911090761,1.0,0.0
19904.0,1264306.39581944,181489.651245892,1.0,0.0
19905.0,1272657.80203599,187048.233331576,3.0,383518.9788053496
19906.0,1262337.04087342,182873.9555673,1.0,0.0
19907.0,1262998.95293809,173214.755429417,1.0,0.0
19908.0,1265030.63127618,182129.414382547,1.0,0.0
19909.0,1270678.54942596,189087.808949664,1.0,0.0
19910.0,1263744.51146686,172619.093860805,1.0,0.0
19911.0,1272811.39851615,186016.409586519,3.0,71086.41833580079
19912.0,1277679.21426512,183271.800239712,1.0,0.0
19913.0,1271220.84267451,174725.490918964,1.0,0.0
19914.0,1276313.25144772,181965.830446377,1.0,0.0
19915.0,1271975.73649928,275245.510669902,1.0,0.0
19916.0,1282697.38105427,185803.092082307,3.0,184076.79657037955
19917.0,1263277.60490638,207612.087496638,1.0,0.0
19918.0,1272592.84254792,185360.206833854,1.0,0.0
19919.0,1263464.69047457,169261.704929367,1.0,0.0
19920.0,1278619.16185009,183820.028464273,1.0,0.0
19921.0,1267101.5897423,182767.597487196,1.0,0.0
19922.0,1261176.14813623,282706.596117541,1.0,0.0
19923.0,1260716.13827975,282697.358293518,4.0,254298.0
19924.0,1266634.04177381,283687.126294538,3.0,42668.79999999999
19925.0,1275123.67013451,285172.004568055,1.0,0.0
19926.0,1266746.34340593,283412.893590257,3.0,82560.25381342853
19927.0,1266548.58526173,282647.237653479,1.0,0.0
19928.0,1266598.69342178,283935.043478787,1.0,0.0
19929.0,1274014.03685337,280237.586963013,1.0,0.0
19930.0,1266416.72132559,283223.27029407,1.0,0.0
19931.0,1266331.00369351,283171.343254015,1.0,0.0
19932.0,1260351.82992738,282854.632277682,1.0,0.0
19933.0,1261373.72189642,283696.435990542,1.0,0.0
19934.0,1271607.3956989,280681.95483546,1.0,0.0
19935.0,1268881.82564811,282885.964885712,3.0,40885.47308606179
19936.0,1272430.37240376,279818.407698572,1.0,0.0
19937.0,1260043.75837506,281404.239124194,1.0,0.0
19938.0,1260573.47645561,283267.263318107,1.0,0.0
19939.0,1282675.94047825,180700.565549076,4.0,752906.1230401306
19940.0,1281399.11231694,177734.460906044,3.0,238172.53015576387
19941.0,1281735.57062128,177727.689962029,4.0,545217.8255417923
19942.0,1283207.74777479,178891.996011227,1.0,0.0
19943.0,1283394.14969498,177640.402409941,3.0,73757.42758279647
19944.0,1284156.24659176,179205.458347544,3.0,219710.82814065545
19945.0,1284141.83481574,178905.07601124,3.0,42390.0
19946.0,1282378.10540594,176981.591721267,3.0,59897.50856102871
19947.0,1282686.34073426,176975.530345261,3.0,41798.39933502689
19948.0,1280669.46745218,177749.253866062,3.0,172788.58281287193
19949.0,1284411.38880002,178120.539882436,1.0,0.0
19950.0,1283038.45715061,178620.893546954,4.0,656714.6357224035
19951.0,1284408.95308802,178898.374955237,1.0,0.0
19952.0,1282038.02374159,178037.934378356,3.0,195765.14317058012
19953.0,1282379.69004594,178021.267754331,3.0,510495.2489177688
19954.0,1281072.1953246,177051.67261734596,3.0,41554.44031954453
19955.0,1281779.23718132,177023.260265321,3.0,93457.99061010205
19956.0,1282706.23046227,177645.857449949,3.0,135381.55293814404
19957.0,1283036.33638261,177642.077225953,3.0,54004.017612918746
19958.0,1281088.41708462,177514.970217824,3.0,57409.1888453038
19959.0,1281778.79986933,177491.231785789,3.0,144411.26108327194
19960.0,1281097.05158062,177737.098730043,4.0,206309.57624101697
19961.0,1280724.52441224,177749.969130054,3.0,211680.23417206883
19962.0,1283897.3038715,178909.589803249,4.0,116669.1720041407
19963.0,1283841.05363144,178838.756651178,3.0,80372.54104746533
19964.0,1282640.52390221,181220.18359760905,3.0,113073.87315691054
19965.0,1282380.67500594,177679.981737986,4.0,650009.0687903957
19966.0,1284365.54239997,179447.440107793,1.0,0.0
19967.0,1282380.21106994,177980.121834293,3.0,622079.9783723115
19968.0,1282781.66988635,179818.013164178,3.0,697788.9401872118
19969.0,1281066.9194206,176892.42224918297,3.0,23068.317959225307
19970.0,1281645.83622119,178056.16369037298,3.0,350707.1923640859
19971.0,1283034.66156662,176985.62090528,3.0,43417.59328769113
19972.0,1281792.43174134,177351.732393652,3.0,116218.5022427854
19973.0,1283831.93913543,178922.089771256,3.0,17792.9284790882
19974.0,1282378.07065395,177344.304553643,3.0,178463.16630033392
19975.0,1280113.91570762,177787.098602101,1.0,0.0
19976.0,1280137.26412365,177761.248298064,4.0,133697.7802438211
19977.0,1283068.95545465,176987.054953277,1.0,0.0
19978.0,1282662.39884622,181495.009837896,3.0,529686.4287867821
19979.0,1274241.99902961,181851.147566259,1.0,0.0
19980.0,1274239.51243761,181733.710830137,3.0,59680.98134026018
19981.0,1285582.84576122,210381.818891481,3.0,379705.13250769454
19982.0,1277977.78021744,224181.146905601,3.0,229490.73101939997
19983.0,1287251.02809893,207355.251784369,3.0,268936.4214085653
19984.0,1285915.39756957,210249.961163342,3.0,322965.44033121073
19985.0,1284029.59948763,211273.671756387,3.0,850395.2325445573
19986.0,1284978.20326459,210764.539211869,3.0,659200.146779226
19987.0,1277703.10034515,224124.36783354,3.0,57613.69094384075
19988.0,1285272.9083529,210393.445451483,3.0,543977.787738499
19989.0,1257913.67306089,218356.903635636,3.0,1211925.6559415355
19990.0,1281214.16646075,219025.947540328,4.0,5767968.94946888
19991.0,1281191.62681273,218606.339155897,3.0,1441061.6319412254
19992.0,1281169.5727327,218187.135571465,3.0,1340598.3225332806
19993.0,1257879.49923685,218809.76462809704,3.0,44806.732902699056
19994.0,1277219.00453666,282174.992212996,3.0,255081.7402466504
19995.0,1258064.19837303,218462.069075748,3.0,1831744.606408288
19996.0,1287855.28179555,205646.224006623,3.0,260925.77716036097
19997.0,1287117.46048279,207785.904136822,3.0,314379.4150178928
19998.0,1258042.49693301,218168.214355454,1.0,0.0
19999.0,1258017.46224499,218592.241747886,1.0,0.0
20000.0,1258297.37635729,218334.929299623,3.0,539650.9384504294
20001.0,1275932.48645534,180094.070700467,3.0,10687.98645564278
20002.0,1275463.57663086,180080.327980444,4.0,21326.26834902662
20003.0,1275945.38079135,180649.070893034,3.0,57197.63661971993
20004.0,1275151.02571854,181114.389869511,3.0,35150.03679154588
20005.0,1274477.53496584,179284.817707628,4.0,330113.59914469346
20006.0,1274952.17739834,181422.032621816,3.0,83103.90542044956
20007.0,1274583.96158996,180413.661292791,4.0,182238.5762950008
20008.0,1274397.85042177,179337.069931686,3.0,58664.73489296937
20009.0,1274346.46136571,179156.8616115,3.0,63918.49062097212
20011.0,1274442.53272581,179753.67703610696,3.0,24586.426648801156
20012.0,1274594.15576597,179399.74173975,3.0,246065.5517159728
20013.0,1275263.12395865,180084.517932445,4.0,48489.15483310522
20014.0,1274932.55768631,179746.5940281,4.0,147195.50692540436
20015.0,1275510.92133491,179755.455596119,4.0,43686.153460122594
20016.0,1266508.26545368,211967.580429092,3.0,98995.99753200985
20017.0,1279746.43385124,205730.829446718,1.0,0.0
20018.0,1271099.08203439,221829.320215195,1.0,0.0
20019.0,1265808.11953297,211927.681613058,1.0,0.0
20020.0,1279023.2450505,242523.66794838,3.0,57775.06533062779
20021.0,1277506.61093695,199386.99078421303,3.0,38992.73685047685
20022.0,1278423.53228189,198102.68006290504,3.0,14987.417516375865
20023.0,1271116.75723441,222092.915223464,1.0,0.0
20024.0,1275426.66232683,202126.871491015,3.0,67384.25036731732
20025.0,1279745.58905125,194055.41746676,1.0,0.0
20026.0,1258663.86282165,234920.253412604,1.0,0.0
20027.0,1277229.98840867,240958.519850791,1.0,0.0
20028.0,1276995.82028043,242078.644907936,1.0,0.0
20029.0,1276986.68018442,242103.203243956,3.0,84778.0
20030.0,1277084.25349651,242544.92580440603,3.0,189683.8606702034
20031.0,1277109.17208855,242555.140012413,1.0,0.0
20032.0,1291621.94125541,183579.358384028,1.0,0.0
20033.0,1258650.48656563,217678.359698951,1.0,0.0
20035.0,1272996.44504434,219937.21282126,3.0,88120.4787904871
20036.0,1271912.26609921,219615.45128493,3.0,837980.1788870553
20037.0,1271841.49035515,219585.673172906,3.0,4274482.603443158
20038.0,1273945.92248531,238157.678695917,3.0,3416792.933617445
20039.0,1272329.76037166,219682.507605001,3.0,113327.6365627265
20040.0,1273068.2753164,219995.519445315,3.0,99516.37778633332
20041.0,1275148.89381453,239491.999145284,1.0,0.0
20042.0,1259031.53501403,217658.853202924,3.0,169542.0
20043.0,1279666.95666716,205736.310790718,1.0,0.0
20044.0,1279301.85369079,207611.781448632,1.0,0.0
20045.0,1255651.81603457,257940.312316179,1.0,0.0
20046.0,1266670.46660586,231080.068128675,1.0,0.0
20047.0,1252931.50851178,235912.204453617,3.0,1902267.0214433747
20048.0,1254095.01865698,235121.14045280204,3.0,2061584.99601886
20049.0,1253237.79593609,235500.392613202,3.0,1979031.247290762
20050.0,1251069.15036587,237853.74391160897,3.0,564693.6034147607
20051.0,1250873.53391768,238092.980007857,3.0,495808.32398899033
20052.0,1254246.46153714,234957.418980643,1.0,0.0
20053.0,1263037.83901814,261816.846912146,1.0,0.0
20054.0,1296865.28250878,183146.000623584,3.0,219902.00099715183
20055.0,1297034.97274895,183136.26903957097,3.0,84778.0
20056.0,1273751.67685311,223687.342105106,4.0,249689.17994598995
20057.0,1293364.80948119,181289.950893685,3.0,172047.19339120432
20058.0,1293510.93421733,180852.658093229,1.0,0.0
20059.0,1297031.09876494,182793.564015225,1.0,0.0
20060.0,1280911.42758043,180564.30897294,1.0,0.0
20061.0,1280679.4103642,180787.661485165,3.0,2716305.8686373066
20062.0,1280474.34975599,181029.787373424,3.0,3015935.5230141226
20063.0,1268645.61681588,264376.770562768,1.0,0.0
20064.0,1286874.24902654,169783.542753905,3.0,802706.9484678707
20065.0,1285576.32998522,171574.659939736,3.0,1314444.3530686204
20066.0,1276426.07570384,280751.488147527,3.0,78281.14462387882
20067.0,1258942.80355795,201041.277185917,1.0,0.0
20068.0,1276123.32395953,281712.692628518,1.0,0.0
20069.0,1267170.76574236,170021.325794145,3.0,2792271.2278104653
20070.0,1276387.46450381,280517.460435286,3.0,115530.21844411072
20071.0,1267200.57803039,170062.00681819,3.0,2873838.255598918
20072.0,1276084.91819949,280527.905939311,3.0,126654.37597029249
20073.0,1283532.88102312,176290.792552561,3.0,144349.90896215494
20074.0,1251187.573662,212321.468557462,3.0,216242.6039985158
20075.0,1251189.556574,212333.994445473,1.0,0.0
20076.0,1283523.35315111,175999.114024267,1.0,0.0
20077.0,1267733.55140695,170003.959330127,1.0,0.0
20078.0,1276090.5605675,280789.19048357,1.0,0.0
20079.0,1267242.38897444,240197.628010005,3.0,2124427.429046226
20080.0,1284027.25766362,281255.088212043,1.0,0.0
20081.0,1283995.9532796,281665.401044473,3.0,84778.0
20082.0,1273037.95678838,271578.762442142,1.0,0.0
20083.0,1289386.49235712,180114.713388488,1.0,0.0
20084.0,1270325.8700016,222791.018776178,3.0,46686.774401234965
20085.0,1270318.5389936,222485.198551863,3.0,29867.424135359142
20086.0,1270332.7640176,223096.93647249,3.0,25296.29470770906
20087.0,1280848.38930838,284324.995095193,3.0,205829.62908509155
20088.0,1280911.90137243,283769.129430622,1.0,0.0
20089.0,1269589.05163284,278999.25544174,1.0,0.0
20090.0,1279972.82514748,179744.221676096,1.0,0.0
20091.0,1286987.17133066,284753.077591628,1.0,0.0
20092.0,1287253.95853093,284750.427351624,3.0,96669.72191985874
20093.0,1286737.45529841,284147.348823011,1.0,0.0
20094.0,1287229.26073891,284147.670679003,3.0,193273.5585455315
20095.0,1276052.35461546,283723.700694576,1.0,0.0
20096.0,1279675.48812318,172879.814117074,1.0,0.0
20097.0,1280051.20229955,173990.47792621,1.0,0.0
20098.0,1276985.07359241,185418.898673907,1.0,0.0
20099.0,1278077.33484153,174846.341351092,1.0,0.0
20100.0,1281584.17855713,180909.219693288,1.0,0.0
20101.0,1276995.02207242,285257.21276015,3.0,45956.16108377085
20102.0,1285134.58912076,187219.126003757,1.0,0.0
20103.0,1285293.84307292,187216.383923754,3.0,42389.99999999999
20104.0,1253150.66812801,249082.625651106,3.0,758027.8943544924
20105.0,1261364.37616841,243081.410284951,1.0,0.0
20106.0,1253090.62396795,249163.96504318697,6.0,20389189.830300286
20107.0,1278271.69170573,229222.174558774,3.0,42653.20325403196
20108.0,1284118.87455972,187251.686323792,1.0,0.0
20109.0,1282827.39327841,286926.36162585,1.0,0.0
20110.0,1281566.19334111,224031.574041456,1.0,0.0
20111.0,1260845.67146389,243205.511725083,1.0,0.0
20112.0,1278270.60447374,229195.683486745,1.0,0.0
20113.0,1287513.0186912,283716.872022569,3.0,318897.4252121979
20114.0,1287784.51718748,283608.642582461,3.0,556589.8860910591
20115.0,1287881.92678757,283304.029654145,1.0,0.0
20116.0,1287876.84902757,283588.693142444,3.0,640589.3860910598
20117.0,1287501.20345919,283621.842006475,3.0,157030.3831010844
20118.0,1265600.67870076,216931.883538187,4.0,47846.498422128345
20119.0,1282540.3059181,194593.300923303,3.0,84778.0
20120.0,1282539.4574701,194580.35801129,1.0,0.0
20121.0,1287285.17926696,285141.177240029,3.0,219603.69766225797
20122.0,1267246.49988644,229114.458206654,3.0,13638.306884409894
20123.0,1282448.53740601,194600.282491311,1.0,0.0
20124.0,1265967.48766114,216971.318162218,1.0,0.0
20125.0,1281497.48908503,219010.021076307,1.0,0.0
20126.0,1281512.22956505,219314.550996616,1.0,0.0
20127.0,1286935.90009861,286763.260249689,1.0,0.0
20128.0,1282707.58015828,194581.148347288,3.0,133345.91264942198
20129.0,1272257.61713958,286065.125528976,3.0,15863.929471222633
20130.0,1272457.70398778,286072.590680987,3.0,57338.55282356255
20131.0,1271424.80977872,285853.917912751,3.0,12385.445002968016
20132.0,1272220.72453153,285337.69487223,3.0,1557.2846640703242
20133.0,1272343.12056366,286632.834009558,3.0,76723.71136988979
20134.0,1272461.61016378,286643.684697568,3.0,215804.0250097241
20135.0,1272455.09969978,285349.153496236,3.0,19419.70905426644
20136.0,1283106.97599868,245673.70334361505,3.0,1666625.2442405135
20137.0,1267797.843887,196252.342525005,1.0,0.0
20138.0,1273682.87512504,193678.206266373,1.0,0.0
20139.0,1293286.06784911,189036.85797362,1.0,0.0
20140.0,1272674.24491601,192771.614585444,1.0,0.0
20141.0,1269718.86891298,191358.124279991,1.0,0.0
20142.0,1263619.01994672,192121.558136776,1.0,0.0
20143.0,1276452.29874387,189078.458613664,1.0,0.0
20144.0,1266724.81194991,239598.672169387,1.0,0.0
20145.0,1272756.85464409,233140.40720278,1.0,0.0
20146.0,1255610.79907453,201308.373442188,3.0,42389.99999999999
20149.0,1260301.10762334,212361.104909495,3.0,441986.3326548691
20152.0,1289249.68352498,191330.941303968,1.0,0.0
20153.0,1289093.88205281,191270.082807899,1.0,0.0
20154.0,1278958.73202644,210670.902283773,1.0,0.0
20155.0,1288642.76122035,191391.11372003,1.0,0.0
20156.0,1288832.11091655,191204.31256783,1.0,0.0
20157.0,1288648.61062837,191415.586808056,1.0,0.0
20159.0,1282703.39839827,271026.357705578,3.0,104781.29865145938
20160.0,1268202.65086342,284718.006487593,4.0,300332.5612338865
20161.0,1283566.32319915,266047.675716475,1.0,0.0
20162.0,1266345.98660553,212117.55162924496,3.0,710869.4910879881
20163.0,1268474.7257437,284791.852439672,3.0,21023.43557955861
20164.0,1268475.5938397,284851.748311728,3.0,320051.75056650746
20165.0,1282794.23583837,271024.750729576,3.0,108669.00640119152
20166.0,1284703.20710433,187137.81515567,3.0,128463.2845905684
20167.0,1284787.07865641,187132.81387566,1.0,0.0
20168.0,1283950.97107156,282764.216085598,1.0,0.0
20169.0,1282944.14860652,284257.680983126,1.0,0.0
20170.0,1285011.50796863,187576.932724118,1.0,0.0
20171.0,1286267.98284993,283954.27541481,1.0,0.0
20172.0,1280914.40889244,283212.812630057,1.0,0.0
20173.0,1285009.75865664,187518.628020063,1.0,0.0
20175.0,1281350.67014089,173711.314469919,3.0,1335730.6325623496
20176.0,1281345.28825288,173359.057637557,1.0,0.0
20179.0,1295308.54906718,182797.584687233,1.0,0.0
20180.0,1278216.39263368,180684.342829064,1.0,0.0
20181.0,1274208.83730157,279494.93883425,1.0,0.0
20182.0,1282106.82022166,284068.270230934,1.0,0.0
20183.0,1264627.71575576,284284.290135145,1.0,0.0
20184.0,1265538.74577269,190784.999159411,1.0,0.0
20186.0,1271853.30136316,279796.46549055,1.0,0.0
20187.0,1278398.11205786,180497.89079687,1.0,0.0
20188.0,1251366.96867019,212414.53626956,1.0,0.0
20189.0,1286635.41843429,286174.64597708,1.0,0.0
20190.0,1262713.9058978,283773.350550622,1.0,0.0
20191.0,1278185.84805764,174789.836263031,1.0,0.0
20192.0,1271786.8241151,212114.164173245,3.0,150406.08753098833
20193.0,1259821.22570284,239997.443049803,3.0,42389.99999999999
20194.0,1272434.77361976,211994.957069129,3.0,103623.55259065032
20195.0,1266861.32574205,233740.416483387,1.0,0.0
20196.0,1265852.91505301,212225.48250936004,3.0,62699.687416998495
20197.0,1268599.41086383,212042.40410918,4.0,101660.34998576324
20198.0,1266677.87633386,195031.579195753,1.0,0.0
20199.0,1283148.89196673,211541.998988658,1.0,0.0
20200.0,1281114.96326065,211231.88474834,3.0,48009.84105768952
20201.0,1268437.63070366,277421.18875213,3.0,3259906.050398035
20202.0,1282703.40467027,271043.75264959,1.0,0.0
20203.0,1265099.49495624,198348.121791154,1.0,0.0
20204.0,1283142.41753472,211542.372620657,1.0,0.0
20205.0,1252839.53558369,239230.192297012,1.0,0.0
20206.0,1268428.00964765,272423.232843012,3.0,310139.7609834965
20207.0,1277734.66296919,281809.534932613,1.0,0.0
20208.0,1257986.42518896,218735.374356031,1.0,0.0
20210.0,1285259.89625689,280032.999762803,1.0,0.0
20211.0,1285170.0654088,280593.313619375,3.0,1886174.1929171132
20212.0,1263607.53501871,186471.730866984,3.0,1303091.8766790568
20213.0,1263600.0662187,186214.226098731,1.0,0.0
20214.0,1259135.51050214,286586.332121506,3.0,221363.71199390065
20215.0,1259176.89527018,286543.724313468,3.0,362281.4645419343
20216.0,1286073.23488173,281104.910035893,3.0,1635539.526250554
20217.0,1285835.03814548,281343.342932135,1.0,0.0
20218.0,1270168.61310543,190260.07499887,1.0,0.0
20219.0,1270219.37387349,190403.052727014,1.0,0.0
20220.0,1279408.0113229,177224.585961521,3.0,53163.86286190893
20221.0,1285309.20716894,280824.008339614,3.0,1803189.5262504849
20222.0,1252263.18307111,211648.718860775,1.0,0.0
20224.0,1257882.82141286,287148.877274081,3.0,84778.0
20225.0,1279584.41810708,174030.228518248,1.0,0.0
20226.0,1283283.17023887,180512.754604891,1.0,0.0
20227.0,1257882.67510885,286965.013145894,1.0,0.0
20228.0,1282256.73823781,285398.833176285,1.0,0.0
20229.0,1279613.9045711,279889.69787465,1.0,0.0
20230.0,1267251.35716645,185804.493042305,3.0,5684739.487007455
20231.0,1264313.44145145,285339.156824231,1.0,0.0
20232.0,1257564.03958853,286356.597657278,1.0,0.0
20234.0,1266784.09098998,285109.737304002,1.0,0.0
20235.0,1279213.26757869,177190.021097481,1.0,0.0
20236.0,1277299.78130473,175350.877415597,1.0,0.0
20237.0,1281550.82265308,285307.938008204,1.0,0.0
20238.0,1277451.56933689,180652.070893034,1.0,0.0
20239.0,1277632.59724107,175388.547943637,1.0,0.0
20240.0,1282347.7580779,186453.723698974,1.0,0.0
20241.0,1278738.26393022,173428.81994164,1.0,0.0
20242.0,1276104.87423152,224649.368410081,1.0,0.0
20243.0,1277867.57080932,280660.574291438,1.0,0.0
20244.0,1257591.31280455,287171.196442112,1.0,0.0
20245.0,1280864.99167639,284915.865687802,1.0,0.0
20246.0,1265539.3855167,190758.421111375,1.0,0.0
20247.0,1267233.93822244,185578.38321808,1.0,0.0
20249.0,1276898.66789633,285113.983383998,1.0,0.0
20250.0,1267472.22647868,276974.797583669,1.0,0.0
20251.0,1266796.17924598,280328.270163104,1.0,0.0
20252.0,1277820.72082527,283859.391062722,1.0,0.0
20253.0,1278936.53554641,281743.429716542,1.0,0.0
20254.0,1283844.70227145,284226.430359095,1.0,0.0
20255.0,1283509.9289591,284813.540375695,1.0,0.0
20257.0,1281065.8646366,281997.025364801,1.0,0.0
20258.0,1266322.8127175,184053.40990451,1.0,0.0
20259.0,1277544.70469698,278874.215697616,1.0,0.0
20260.0,1263584.40913069,286961.358617887,1.0,0.0
20261.0,1268049.64292726,174591.226086825,4.0,1063915.8179491889
20262.0,1273650.128437,202400.674371302,3.0,43672.118036193846
20263.0,1274826.7638942,202518.562307417,1.0,0.0
20264.0,1273550.24549291,201943.46105884,1.0,0.0
20265.0,1273879.91275723,202252.229507148,1.0,0.0
20266.0,1281653.4654692,182121.24779053,3.0,27085.5509328562
20267.0,1294257.0393701,179939.450924307,4.0,818398.9852071699
20268.0,1281864.87122941,181090.78065347704,3.0,1118140.0311370434
20269.0,1272515.02801985,276028.811598703,3.0,2715315.9059463902
20270.0,1272326.46245165,278672.252497405,3.0,3990090.384520629
20271.0,1272377.7760517,277193.221967891,3.0,39992362.97761834
20272.0,1272296.31064361,276071.947662741,4.0,1541752.9575571765
20273.0,1272243.49413157,274419.51034905,3.0,41582623.51272778
20274.0,1272289.02622761,275076.756045729,3.0,23090468.43455084
20275.0,1271947.21291526,276085.018190756,1.0,0.0
20276.0,1272248.58405156,276081.237326756,3.0,84778.0
20277.0,1271943.21259525,276557.736719236,1.0,0.0
20278.0,1286111.48608176,172901.147109091,3.0,446273.1194204749
20279.0,1285045.26579267,172264.96758844,3.0,9068279.17602505
20280.0,1285567.6387852,171026.280803174,3.0,1158553.2805794613
20281.0,1285298.78924893,172984.892325178,3.0,6832636.207845526
20282.0,1285600.87264124,172964.059045166,4.0,7056688.5357784135
20283.0,1285492.89971313,174228.249446452,3.0,25956202.390104994
20284.0,1286739.7614104,172816.489445001,3.0,367696.7654681256
20285.0,1260766.78941581,213065.961102217,3.0,2023.520197490586
20286.0,1260584.73271163,213060.577614218,4.0,114677.93762029352
20287.0,1260298.65418333,213110.76846227,3.0,1367029.5290987024
20288.0,1283351.50739093,186933.73585946896,3.0,41175516.57834672
20289.0,1286012.81862566,197934.986174732,1.0,0.0
20290.0,1285582.39526522,198199.991166994,1.0,0.0
20291.0,1285589.33324923,198458.363711268,1.0,0.0
20292.0,1285583.03142522,198206.033151001,1.0,0.0
20293.0,1276950.11992837,179469.917739823,1.0,0.0
20294.0,1293531.15463336,180676.61681304904,3.0,4749055.9215438105
20295.0,1298160.03483009,180039.586540401,3.0,6296244.911568039
20296.0,1282762.26214233,182960.151919395,3.0,355950.8438354951
20297.0,1281890.31410944,186039.766514555,3.0,443226.18288362265
20298.0,1285611.33484925,181985.597742394,3.0,1011208.039926402
20299.0,1293725.75796156,181275.11332567,4.0,4712540.519384774
20300.0,1287026.0800667,255255.319353431,3.0,8421410.79646734
20301.0,1278554.99007402,244254.814766154,4.0,32797356.310370587
20302.0,1271101.65880239,221581.667862937,1.0,0.0
20303.0,1265645.9147968,259110.71257337896,3.0,32745.134664629844
20304.0,1282073.90233363,189396.354293987,3.0,50075909.09051466
20305.0,1283786.41887937,270362.52570489,3.0,2021126.348372313
20306.0,1279173.69618666,177872.082026184,1.0,0.0
20308.0,1267741.93918295,234316.228643984,1.0,0.0
20309.0,1263000.5936421,171387.04515554,1.0,0.0
20310.0,1282185.97132574,198445.354239255,3.0,113051.7269739074
20311.0,1259861.83319089,217111.30472236904,3.0,45410.32291650275
20312.0,1260289.29757532,216342.648145571,3.0,83813.2683124431
20313.0,1259887.00771891,217122.397266373,1.0,0.0
20314.0,1282034.04671758,198955.954239771,3.0,123683.9364640204
20315.0,1282031.82956558,198835.417407647,3.0,60100.73373830996
20316.0,1282027.22194958,198835.448255658,1.0,0.0
20317.0,1261825.0422169,166959.032671005,3.0,218509.16828667576
20318.0,1268292.79831952,229040.600414574,3.0,68368.5351929962
20319.0,1267748.75249496,230652.159904227,3.0,35618374.81709853
20320.0,1267804.75038302,230636.045408219,3.0,17187349.421718366
20321.0,1267984.1870552,231457.547041059,4.0,14988923.783399446
20322.0,1256220.23485115,235217.347300902,3.0,368522.5853479927
20323.0,1261835.4588569,166935.421534985,1.0,0.0
20324.0,1262039.97290511,166851.740894899,3.0,299647.45132318296
20325.0,1268196.87857541,229126.011038661,3.0,4215.960712020024
20326.0,1256479.09488341,235532.579941228,3.0,97492.400327792
20327.0,1267031.08100623,231470.320353076,4.0,8393558.201999014
20328.0,1267351.21982256,231452.264609054,3.0,8764615.635134926
20329.0,1268872.37099211,253118.651063234,4.0,3216482.1643656106
20330.0,1262346.37450543,166454.651806489,1.0,0.0
20331.0,1262426.94813751,167104.770911157,1.0,0.0
20332.0,1264307.48900343,206695.183879703,1.0,0.0
20333.0,1276703.23884013,247856.105777845,4.0,124250.98320001038
20335.0,1265341.06372449,260643.860414937,1.0,0.0
20336.0,1273802.32926916,250494.493556544,1.0,0.0
20337.0,1269386.15108864,215882.381649107,1.0,0.0
20338.0,1286906.33030657,204791.149573743,1.0,0.0
20339.0,1266374.56068555,237264.888103008,4.0,32570.217423155125
20340.0,1259012.84803802,217665.523474932,1.0,0.0
20341.0,1255139.85347405,216602.582033843,1.0,0.0
20342.0,1253357.94825622,250286.533044338,1.0,0.0
20343.0,1275720.45074312,270909.180745453,1.0,0.0
20344.0,1285065.3848327,257702.905659929,1.0,0.0
20345.0,1250541.34562933,241401.899243236,1.0,0.0
20346.0,1258394.91126938,287352.022874296,3.0,42479.83947847222
20347.0,1272958.6803723,264161.332034543,1.0,0.0
20348.0,1257136.39574809,244264.965358168,1.0,0.0
20349.0,1258191.95235717,217178.508370429,1.0,0.0
20350.0,1266411.63505359,232492.152930111,1.0,0.0
20351.0,1278323.43800978,201768.082178652,4.0,229135.68069390135
20352.0,1285735.10624138,259065.489213333,4.0,353575.0962758688
20353.0,1285790.74560143,259064.448509321,4.0,5821273.997537244
20354.0,1278255.20882572,201743.082178622,4.0,298214.99916898826
20355.0,1278127.48037758,202378.78893128,4.0,967873.3036543776
20356.0,1282593.60531016,191317.786423951,3.0,126978.80291858682
20357.0,1290118.09293386,218383.191635668,1.0,0.0
20358.0,1288592.54835631,249479.605491504,3.0,42503.46025479706
20359.0,1282577.15948614,191317.240183949,1.0,0.0
20360.0,1273842.1096852,223666.739481077,1.0,0.0
20361.0,1259680.8454147,217409.053138673,1.0,0.0
20362.0,1266141.96727732,238315.904040083,1.0,0.0
20363.0,1274436.77554181,198413.791615218,1.0,0.0
20365.0,1290599.79239036,173712.271461919,1.0,0.0
20366.0,1288339.46426004,172934.026661128,1.0,0.0
20367.0,1282483.50911805,245911.862319857,4.0,18793555.183531333
20368.0,1285529.57779317,171867.143588036,3.0,70353.89120026655
20369.0,1284900.18342452,171658.461283818,1.0,0.0
20370.0,1268023.01015924,229283.71708683704,3.0,11811.293335085602
20371.0,1285591.91033722,172552.259044737,1.0,0.0
20372.0,1286749.51731442,171114.545699269,3.0,67025.36816362878
20373.0,1286829.2304025,171805.772003978,3.0,293327.65426168806
20374.0,1259568.01917458,215123.706704333,3.0,1029808.244437944
20375.0,1259556.03459857,215123.505552337,1.0,0.0
20376.0,1279694.81586719,184773.166001245,3.0,9475616.050941084
20377.0,1280923.90988445,185534.949618027,4.0,97408.3827178098
20378.0,1278648.06073011,185575.577138066,4.0,8962892.72722682
20379.0,1267953.72875117,228910.351006448,5.0,567371.1937050424
20380.0,1267448.42436665,250244.86514028895,3.0,64930.91709529949
20381.0,1278647.24837811,185076.36062556496,3.0,6062928.729621209
20382.0,1278447.72088991,186380.177906901,3.0,461521.0578553453
20383.0,1279030.35980251,184962.86020945,4.0,3251287.582393639
20384.0,1281092.13887662,185168.804017663,3.0,383946.74613996287
20385.0,1278867.58226635,185485.553393975,3.0,100495.07221862944
20388.0,1287146.15398683,205131.483206093,1.0,0.0
20390.0,1272940.98648427,259780.30931006404,3.0,34782.58408624588
20391.0,1273170.22821251,260048.387198329,3.0,1768474.930891218
20392.0,1279769.43775527,203992.930372939,1.0,0.0
20393.0,1262085.95805717,284534.837527409,1.0,0.0
20394.0,1280087.18188359,203974.77197291,1.0,0.0
20395.0,1274875.50955826,192057.42706471696,3.0,1658666.8034634874
20396.0,1273954.95595731,192410.353849068,3.0,417486.6352287008
20397.0,1274603.10258198,192211.88536886903,3.0,2456636.299972135
20398.0,1273984.30232534,193229.02604191,4.0,56839.8729688817
20399.0,1274019.29112537,193052.651769727,3.0,42013.60943984443
20400.0,1273858.84229322,193236.02181792297,3.0,18644.753243427964
20401.0,1255784.4808027,247803.711217791,3.0,803626.2803069678
20402.0,1273979.67211734,192879.40632955695,3.0,89094.02166066068
20403.0,1273766.26770112,192637.24741730103,3.0,30319.58885311951
20404.0,1262833.37943393,212169.489485309,3.0,948601.8666570586
20405.0,1261550.77668062,212211.060621351,3.0,191733.99638019167
20406.0,1261658.77418472,212302.562701434,3.0,184413.26283215743
20407.0,1283309.2639989,229654.64284721,3.0,42389.99999999999
20408.0,1272637.49432397,219661.91182898,4.0,211124.057148866
20409.0,1283258.61222284,229988.431903556,1.0,0.0
20410.0,1259734.67530276,214435.15195162603,3.0,1111982.1924756833
20411.0,1259748.08016677,214435.904271632,1.0,0.0
20412.0,1286022.78976168,172063.141860232,3.0,231541.6045209457
20413.0,1286384.19520204,170322.888802454,3.0,75140.93607213453
20414.0,1268135.03191936,191754.995256394,3.0,2722113.386469032
20415.0,1272053.79339537,213524.616398692,1.0,0.0
20416.0,1286095.44281775,172124.798244298,3.0,128841.37309161812
20417.0,1265018.81962816,260430.153150722,3.0,1531935.5199507787
20418.0,1268318.71230355,191778.25893642,3.0,44456.01075113664
20419.0,1264910.44452405,260351.93446263703,3.0,1805900.4833297816
20420.0,1268647.22507188,192186.730552837,3.0,42398.0
20421.0,1278505.68831398,182817.339887246,1.0,0.0
20422.0,1268257.60119948,191915.064760566,1.0,0.0
20423.0,1268498.26571172,192188.921208844,1.0,0.0
20424.0,1285754.9684494,173842.881446064,5.0,12921706.698575024
20425.0,1285035.17260866,162378.423706323,1.0,0.0
20426.0,1286670.26547433,170486.600418627,3.0,50462.9715997194
20427.0,1285406.37299304,175041.073959291,3.0,26344095.545085777
20428.0,1284841.95680046,177301.984745607,3.0,37436327.23669727
20429.0,1285035.64800066,163167.18722713,1.0,0.0
20430.0,1277607.06284106,173221.101221427,3.0,2539512.2732573235
20431.0,1276510.89701593,174038.088102251,3.0,20222114.255649853
20432.0,1286307.26585796,168861.691936955,4.0,116073.82049946884
20433.0,1256146.49552308,237168.462438896,1.0,0.0
20434.0,1272543.41873987,221212.28898257,4.0,27895.45090772113
20435.0,1272562.03256388,222130.0040555,3.0,42054.79047637007
20436.0,1272538.44107586,220906.307670251,3.0,31052.49773115917
20437.0,1272550.94302787,221518.040662885,4.0,24560.89971277305
20438.0,1277235.10488868,204140.012101084,1.0,0.0
20439.0,1287396.12358707,173554.83184576,1.0,0.0
20440.0,1284126.32633573,247193.723889172,3.0,14757519.37439788
20441.0,1274515.72645389,203705.94112463304,3.0,71891623.03354025
20442.0,1273494.18654884,204991.548165947,3.0,7232756.348361117
20443.0,1281671.94118121,244657.667950571,4.0,27776353.97989961
20444.0,1270999.14821029,226679.32828415895,3.0,1535344.196857469
20445.0,1261068.93808812,194115.707706824,1.0,0.0
20446.0,1262971.13668206,166979.105503023,3.0,84777.99999999999
20447.0,1263275.39562638,167392.876319453,1.0,0.0
20448.0,1281669.46118121,231368.868448958,3.0,2963.0410735325586
20453.0,1281998.97433355,231360.590560958,3.0,11575.74641053418
20454.0,1276385.2657198,234789.548260465,3.0,53069.46243710101
20455.0,1276380.05739979,234819.756516501,1.0,0.0
20456.0,1274448.79845382,237289.289959028,3.0,142713.6955718162
20457.0,1274688.33311006,237286.573095024,3.0,77042.94422622546
20458.0,1250245.23862104,238426.531176195,3.0,124747.85104552968
20459.0,1282370.54706994,232202.677793816,1.0,0.0
20460.0,1281337.70790087,231377.991776973,3.0,31595.27437441275
20461.0,1274906.58559029,236812.937574536,3.0,38208.97117782602
20463.0,1281183.62783672,231380.899552971,3.0,91001.1479950972
20464.0,1256884.42774783,234063.527715728,1.0,0.0
20465.0,1272916.31730025,242476.555500343,3.0,18146221.973073047
20466.0,1273836.12971719,242682.335276544,4.0,47933493.80695556
20467.0,1270958.24177824,199391.670592219,1.0,0.0
20468.0,1272984.21573232,194657.124283373,1.0,0.0
20469.0,1260635.19747968,201776.322306663,1.0,0.0
20470.0,1270245.26520151,204600.846469551,1.0,0.0
20471.0,1280924.31897245,202633.731331542,1.0,0.0
20472.0,1266167.23428534,198798.317439616,1.0,0.0
20473.0,1280915.47647645,202631.081731543,1.0,0.0
20474.0,1288872.62982859,192018.02751267,1.0,0.0
20475.0,1258171.12893315,217840.133011118,1.0,0.0
20476.0,1273550.0216849,201950.120194837,1.0,0.0
20477.0,1276448.89285587,205531.079238504,1.0,0.0
20478.0,1271418.23301071,174996.95427924403,3.0,14471806.04958235
20479.0,1286629.18291429,169777.057569891,3.0,971312.0720258248
20480.0,1279318.7775948,172150.452772319,3.0,1979658.2313947715
20481.0,1272420.64011574,165464.911965474,1.0,0.0
20482.0,1271780.49112308,188070.173876628,3.0,16883624.53721951
20483.0,1271842.34008315,188277.422132835,3.0,8968015.397334848
20484.0,1278274.00965774,170559.143586695,1.0,0.0
20485.0,1277979.13848944,171016.86934717,3.0,45090.14777950831
20486.0,1277051.84741649,173132.00816533,4.0,6397205.501754896
20487.0,1271490.77745879,182823.863151252,3.0,12007526.06806608
20488.0,1271020.94245031,180635.27793301604,3.0,6296126.368170115
20489.0,1276766.19212019,173749.633253962,3.0,2656839.7794076186
20490.0,1271087.35243438,180698.874285072,3.0,4712751.648271511
20491.0,1277779.14840923,170762.782626897,1.0,0.0
20492.0,1271549.11691485,182771.371439204,3.0,5390755.429449251
20493.0,1277329.09714477,173127.295269325,3.0,2991465.007412744
20494.0,1278378.86111385,173112.122725308,3.0,1582326.823886657
20495.0,1278047.1187135,170925.674979076,1.0,0.0
20496.0,1278441.37804191,171323.943907484,3.0,307228.22661607724
20497.0,1277986.62764144,171342.233251497,3.0,3432156.96908516
20498.0,1274416.39333379,175040.864615291,3.0,1024855.4684292136
20499.0,1291919.9374157,176111.340136379,1.0,0.0
20500.0,1287846.89997154,177019.61789731696,3.0,1366688.2933088802
20501.0,1263248.99575435,275159.868749812,1.0,0.0
20502.0,1279701.8804432,175775.02359204003,3.0,158863.2220778978
20503.0,1264272.9250994,271528.333386093,1.0,0.0
20504.0,1279707.42898721,176150.659624428,1.0,0.0
20505.0,1267329.60830253,230579.690528154,3.0,14444182.780364336
20506.0,1283370.41318296,274388.468429014,4.0,2690089.810458496
20507.0,1254481.51619337,202710.137347624,1.0,0.0
20508.0,1263153.57073025,208359.670025408,3.0,153826.67600084993
20509.0,1263422.97604252,207868.994504899,3.0,6257374.826883421
20510.0,1277969.94892143,267184.998213634,3.0,1779962.27335639
20511.0,1282976.89196655,272063.031114638,1.0,0.0
20512.0,1254467.65961736,206337.005447328,1.0,0.0
20513.0,1283458.71251105,274732.856141374,1.0,0.0
20514.0,1255844.01379476,200427.187841281,1.0,0.0
20515.0,1263109.37463421,208449.223945498,3.0,49213.07205349973
20516.0,1284004.72358361,280695.145107478,1.0,0.0
20517.0,1254517.71433741,206085.396999076,1.0,0.0
20518.0,1263101.6557862,208988.099530041,1.0,0.0
20519.0,1283245.27827083,273253.793867856,5.0,2932528.4140054667
20520.0,1283048.90035063,271809.420106381,4.0,3403459.389903411
20521.0,1264050.95281117,209746.527498826,1.0,0.0
20522.0,1261972.10788104,210798.367563903,1.0,0.0
20523.0,1262882.66871397,193833.161338523,1.0,0.0
20524.0,1283340.95814292,273598.852556214,4.0,3096903.5993201304
20525.0,1283384.75436696,274389.105869025,1.0,0.0
20526.0,1263171.44074628,241815.810475662,1.0,0.0
20527.0,1267015.1712462,230355.050271928,1.0,0.0
20528.0,1291869.67699966,189808.029942408,1.0,0.0
20529.0,1288573.49459629,176340.882344618,4.0,118652.6915942064
20530.0,1289328.25261305,176239.845480517,1.0,0.0
20531.0,1288754.46080446,176051.669352323,4.0,87801.7432215015
20532.0,1288505.26150821,176314.06909659496,3.0,318189.03499780205
20533.0,1289293.22579701,175975.194792241,1.0,0.0
20534.0,1260131.45373516,233791.756963447,3.0,145722.19455875663
20535.0,1288270.74195597,176596.710248873,3.0,516426.1844637347
20536.0,1288351.06950806,176645.52215293,3.0,119867.10257560176
20537.0,1288642.65062836,176007.574952275,3.0,221704.58331029
20538.0,1260164.33687119,233762.301283419,1.0,0.0
20539.0,1289508.69914123,176486.426024765,1.0,0.0
20540.0,1289069.68787679,175240.985959485,1.0,0.0
20541.0,1289067.84077279,175285.937959537,1.0,0.0
20542.0,1284508.14905612,193421.19301810896,3.0,99785.68094933536
20543.0,1260331.21347937,276277.133902952,1.0,0.0
20544.0,1258685.46154168,216537.234065771,1.0,0.0
20545.0,1266720.1869259,198790.045439601,1.0,0.0
20546.0,1273035.32786037,194951.09215568,1.0,0.0
20547.0,1279379.13733886,206716.894407719,1.0,0.0
20548.0,1278448.45778592,200049.674816892,1.0,0.0
20549.0,1273739.27365309,194795.379899517,1.0,0.0
20550.0,1266902.03863809,198349.096895158,1.0,0.0
20551.0,1280568.80882809,201338.115842208,1.0,0.0
20552.0,1268437.31179166,194366.602235079,1.0,0.0
20553.0,1277290.40760873,173544.322341755,3.0,1902550.198577028
20554.0,1269597.77208085,173619.329381824,3.0,6099794.2952423245
20555.0,1271749.62833905,168595.911648691,1.0,0.0
20556.0,1278272.36594574,165580.431133598,1.0,0.0
20557.0,1267487.23006269,197649.768190444,1.0,0.0
20558.0,1277780.10021722,171105.45846726,1.0,0.0
20560.0,1281179.84338871,231398.862112999,1.0,0.0
20561.0,1265841.02858901,191806.415416449,3.0,149892.62772387796
20562.0,1253016.91811188,235496.062629193,1.0,0.0
20563.0,1262637.71152973,167421.700703487,1.0,0.0
20564.0,1282126.76735768,223345.77685675,3.0,67147.24796890815
20565.0,1282253.46034981,223350.264408752,1.0,0.0
20566.0,1279861.31615536,262326.669376671,3.0,42401.833333333336
20567.0,1279834.61215533,262353.890752688,1.0,0.0
20568.0,1269648.3710569,264765.856067166,1.0,0.0
20569.0,1284246.06265585,262659.57484901,1.0,0.0
20570.0,1274523.62770189,223915.747481331,1.0,0.0
20571.0,1281318.77586885,221759.11663112,1.0,0.0
20572.0,1277713.65349716,246047.177007988,1.0,0.0
20573.0,1284389.08140799,263055.029761419,1.0,0.0
20574.0,1274933.98943032,267260.990533724,1.0,0.0
20575.0,1267084.69707027,282070.130516887,1.0,0.0
20576.0,1282926.62598249,261482.439743802,1.0,0.0
20577.0,1271548.68907484,262397.098048732,1.0,0.0
20578.0,1274956.65240633,267131.357893586,1.0,0.0
20579.0,1274956.65240633,267137.607941598,1.0,0.0
20580.0,1273883.20606925,241532.50788337,1.0,0.0
20581.0,1281156.92057268,223535.53109695,1.0,0.0
20582.0,1283619.60262321,267081.361285537,1.0,0.0
20583.0,1284011.5782396,281660.713364467,1.0,0.0
20584.0,1283140.31193472,265720.109764144,1.0,0.0
20585.0,1263715.18052283,264304.119490698,1.0,0.0
20586.0,1281306.16665284,221669.27695103,1.0,0.0
20587.0,1259866.48643889,212477.281549618,1.0,0.0
20588.0,1275708.14040712,270244.074440777,1.0,0.0
20589.0,1270600.22219388,202164.916995063,1.0,0.0
20590.0,1257981.78774896,217309.151442572,1.0,0.0
20591.0,1269962.46718523,209777.201290861,1.0,0.0
20592.0,1277337.66572078,202954.409475863,3.0,6115.265355204758
20593.0,1276087.82603949,261128.927039444,1.0,0.0
20595.0,1262434.01047352,268745.89997524,1.0,0.0
20596.0,1279317.79724281,284673.393687546,1.0,0.0
20597.0,1259057.44573405,217744.917971015,1.0,0.0
20598.0,1267710.08459091,268782.793287277,1.0,0.0
20599.0,1261739.74314481,233586.552291229,1.0,0.0
20600.0,1280401.54642792,232609.470242232,1.0,0.0
20601.0,1259541.68752655,210112.427659199,3.0,2080966.6927874344
20602.0,1277752.0910652,213580.582478747,1.0,0.0
20603.0,1286695.55219436,255188.265337363,1.0,0.0
20604.0,1271471.74110676,224963.976026401,3.0,256707.5738783232
20605.0,1279204.0078027,222236.775447607,1.0,0.0
20606.0,1261519.95421658,211088.826956198,1.0,0.0
20607.0,1275877.63288729,261135.00211145,1.0,0.0
20608.0,1276928.71704836,260236.72275053,1.0,0.0
20609.0,1284580.75654419,206350.681607351,1.0,0.0
20610.0,1278404.70687386,216076.854737312,1.0,0.0
20611.0,1278723.50905019,216671.134673908,1.0,0.0
20612.0,1284405.31788802,206530.988615528,1.0,0.0
20613.0,1284536.23827215,206529.502087533,1.0,0.0
20614.0,1281033.50738856,217563.205778822,1.0,0.0
20615.0,1274408.95173378,192620.84549728,3.0,104240.17760650102
20616.0,1273795.04811715,193083.505721763,3.0,60322.73797252433
20617.0,1273135.71480447,194013.864698708,3.0,1835205.6250397293
20618.0,1272921.41502826,194183.036602885,3.0,4581656.876507061
20619.0,1273228.97054857,193717.961786404,3.0,516640.2784039149
20620.0,1273384.15128472,193758.034170449,3.0,393315.0999606962
20621.0,1285819.27603346,259084.452733353,3.0,84778.0
20622.0,1274855.87608624,191981.396984637,3.0,6385111.664894501
20624.0,1283089.84844667,272909.181323498,1.0,0.0
20625.0,1277965.37215342,266999.180997446,1.0,0.0
20626.0,1283303.20300689,273678.800524294,3.0,877078.5477842595
20627.0,1263197.6900263,259695.865597978,3.0,862891.3322065364
20628.0,1282883.34687845,271022.891465575,3.0,148488.32661929724
20629.0,1282884.07065445,271047.671305597,1.0,0.0
20630.0,1283341.32563092,273445.790476054,1.0,0.0
20631.0,1282952.54918253,272751.709195346,1.0,0.0
20632.0,1282948.64300652,272718.375947312,1.0,0.0
20633.0,1283221.63231881,273262.791883871,3.0,96815.61608481956
20634.0,1283217.8130548,273280.84724389,1.0,0.0
20635.0,1283345.49228694,273468.706828073,1.0,0.0
20636.0,1283322.64748691,273788.010636404,3.0,169542.0
20637.0,1283343.16844693,273787.396748409,1.0,0.0
20638.0,1283326.0205429,273950.21831657,3.0,84777.99999999999
20639.0,1283343.42860693,273949.636300564,1.0,0.0
20640.0,1283345.51193494,274009.532172635,1.0,0.0
20642.0,1272886.76222822,174861.525415108,3.0,895175.386120878
20643.0,1269728.04971299,174244.591910467,3.0,366954.586918042
20644.0,1274522.8731419,175081.664423332,3.0,19642466.388013657
20645.0,1270260.47153753,174916.944231153,3.0,186806.1444330284
20646.0,1280294.7582038,172552.761956736,3.0,767357.4625582709
20647.0,1279937.14213943,173084.815013289,3.0,522824.4073500806
20648.0,1284984.64025661,165231.437725246,1.0,0.0
20649.0,1272472.6403078,165321.161949337,1.0,0.0
20650.0,1291476.61120726,172595.453476787,1.0,0.0
20651.0,1263955.76004307,212089.840397224,3.0,41397437.88145574
20652.0,1267654.71889487,212089.369933218,3.0,18964027.18285428
20653.0,1269694.44708896,212112.67431724104,3.0,13646315.798958618
20654.0,1279119.6355786,242822.334060699,3.0,20728.308594242964
20655.0,1279696.25516319,242719.110188589,4.0,896085.5956149603
20656.0,1272390.94462772,234214.177379876,4.0,81574.08617359812
20657.0,1275109.9208225,242343.100716203,3.0,51702.13794349106
20658.0,1275130.48901452,242581.09406045097,5.0,288886.39384076087
20659.0,1275110.0497825,242575.488044441,1.0,0.0
20660.0,1279122.8724426,185216.75537771,3.0,1054420.252702813
20661.0,1280582.5033561,184904.576497391,3.0,1502541.2918473398
20662.0,1279774.23071527,185756.690930262,1.0,0.0
20663.0,1279664.91468316,183104.804847538,3.0,3087403.593494126
20664.0,1279149.67653863,184299.770608768,3.0,2168211.7136080014
20665.0,1275851.87967126,185831.456242338,1.0,0.0
20666.0,1275845.09912725,185641.553714141,3.0,84778.0
20667.0,1268778.87115201,232886.319138512,3.0,6913.244973725234
20668.0,1268833.90584007,232911.839778543,3.0,8902472.204014402
20669.0,1268995.05476823,232279.508001894,3.0,11673028.772641554
20670.0,1268997.75128023,232398.96643401697,3.0,11671494.604841724
20671.0,1268970.14699221,232497.751330122,3.0,8938662.209572231
20672.0,1275667.96594307,185646.763378143,1.0,0.0
20673.0,1268752.55063999,232945.16745857903,3.0,6086790.617169323
20674.0,1255081.60099399,234547.625508219,1.0,0.0
20675.0,1254450.04713733,234740.825252414,4.0,127163.99999999996
20676.0,1265137.70519629,228061.501341581,1.0,0.0
20677.0,1278374.07832983,214711.74919991204,3.0,84778.0
20678.0,1258244.24522123,214799.893007994,3.0,167493.94620715754
20679.0,1266823.25860602,194619.727355331,1.0,0.0
20680.0,1254461.85251336,234686.311268359,1.0,0.0
20681.0,1297370.26113328,179097.798443437,1.0,0.0
20682.0,1278138.5650496,214718.526735917,1.0,0.0
20683.0,1278378.32965784,214869.048400074,1.0,0.0
20684.0,1253979.90832086,234823.637732506,1.0,0.0
20685.0,1297362.76871729,178999.94429934,1.0,0.0
20686.0,1274216.83730158,227958.943517476,4.0,135590.79041728462
20688.0,1274349.99454972,225758.750683218,1.0,0.0
20689.0,1288893.05798861,204541.700933501,1.0,0.0
20690.0,1277827.54757728,255699.147513881,1.0,0.0
20691.0,1277843.7457213,255825.874618009,1.0,0.0
20692.0,1257655.49021262,187165.500467703,1.0,0.0
20693.0,1272355.11729968,230870.435360461,3.0,42494.11833350732
20694.0,1267841.26116705,190999.521655634,3.0,1511643.2298035063
20695.0,1272355.10910767,230884.493408471,1.0,0.0
20696.0,1285841.75993748,196800.379837573,1.0,0.0
20697.0,1263783.8804909,230450.718688026,3.0,5683864.304617151
20698.0,1271642.27518694,174555.21239078,3.0,73840.26310053984
20699.0,1271643.71845095,174843.507751077,1.0,0.0
20701.0,1273616.80536497,237608.315239355,1.0,0.0
20702.0,1271391.93809868,224640.476698071,3.0,2694451.6020979104
20703.0,1272290.83691561,223149.309080541,3.0,2349317.1841672626
20704.0,1281862.50866941,182136.739886552,1.0,0.0
20705.0,1267555.94903876,191716.877816364,3.0,8.0
20706.0,1267570.60094278,191489.104696125,3.0,27006.553493209984
20707.0,1267585.24721479,191261.420407891,3.0,321020.4311674968
20708.0,1267114.49259031,278100.521040812,3.0,177555.8987893617
20709.0,1267946.58903916,191967.948216617,3.0,6256.877791613611
20710.0,1267956.86558317,191740.76984839104,3.0,45789.17480023362
20711.0,1267967.47646318,191512.93861615696,3.0,119072.15094046108
20712.0,1280251.39052376,176141.327656418,3.0,92317.94473660649
20714.0,1278019.39698547,210690.25197978303,3.0,219123.3665880744
20715.0,1278026.01176949,210706.914315805,1.0,0.0
20716.0,1270484.77784176,229220.731998771,3.0,94967.67671700702
20717.0,1274097.58949345,218742.66306003896,3.0,84368.86710869907
20718.0,1272272.6742276,266032.185284466,1.0,0.0
20719.0,1269527.61732878,269174.240007684,1.0,0.0
20720.0,1274088.55934945,218153.476563439,1.0,0.0
20721.0,1277549.773241,244315.18801422403,3.0,288828.9564364976
20722.0,1277209.31160864,244089.833133996,3.0,255504.9008197712
20723.0,1272271.73349159,266039.24299112934,1.0,0.0
20724.0,1274026.74219738,218743.766036034,1.0,0.0
20725.0,1272237.60376355,234121.674915791,3.0,240248.7171091771
20726.0,1254741.86742564,192508.298169166,1.0,0.0
20727.0,1272494.16325182,198141.537214935,1.0,0.0
20728.0,1274988.17010237,262613.990016967,1.0,0.0
20729.0,1260367.2626314,189829.799606428,1.0,0.0
20730.0,1272746.31102808,222897.13538429103,3.0,2102964.2054570112
20731.0,1272404.29694773,223294.704792693,3.0,1277788.142158629
20732.0,1271149.63345844,225383.373850837,3.0,2220223.379338161
20733.0,1261074.93546413,205788.57575076804,3.0,513808.1696263232
20734.0,1275510.2808869,217627.828626901,1.0,0.0
20735.0,1278085.87973754,211083.344332188,1.0,0.0
20736.0,1254142.08380902,244939.322222859,1.0,0.0
20737.0,1278084.92536955,211112.60282822,1.0,0.0
20738.0,1278714.87589818,212821.684749976,1.0,0.0
20739.0,1266166.95678134,242468.232684329,1.0,0.0
20740.0,1254136.10384102,244680.83883059,1.0,0.0
20741.0,1263378.92721048,284053.833238915,3.0,65711.28812214805
20742.0,1262987.98673008,284065.109462932,1.0,0.0
20743.0,1272439.36254776,211745.587468877,1.0,0.0
20744.0,1282943.21555051,231309.326880902,3.0,42728.38095238095
20745.0,1282923.5072625,230500.87836808,3.0,126684.76075036074
20746.0,1282972.37887855,230501.225504071,1.0,0.0
20747.0,1283069.23827064,231523.32412912,1.0,0.0
20748.0,1296859.82906877,179832.593900189,1.0,0.0
20749.0,1269274.33995251,173436.016101643,3.0,61123.055642125735
20750.0,1267064.15345426,230160.56111972,3.0,8079687.43482874
20751.0,1267325.90065452,230432.899808004,3.0,3937394.0173383034
20752.0,1268751.62417598,173440.577445641,1.0,0.0
20753.0,1273119.95365246,212702.956941858,3.0,84778.0
20754.0,1273214.88786055,212690.620365843,1.0,0.0
20755.0,1273049.11454839,212732.504461884,3.0,181934.1498249106
20756.0,1283172.76230276,260093.430398375,1.0,0.0
20757.0,1272251.28216358,198306.597631112,1.0,0.0
20758.0,1283296.01139088,260088.796542376,1.0,0.0
20759.0,1274275.17413364,242343.350444198,1.0,0.0
20760.0,1268133.93707135,236308.626278028,3.0,52400.84474251036
20761.0,1265702.60266887,229888.482911453,3.0,45303.67691379784
20762.0,1259595.45840661,245928.391471878,3.0,424.5893646009452
20763.0,1269019.63902426,283711.880534559,4.0,676817.8471582138
20764.0,1269407.53752066,284703.415639579,5.0,824835.9489290646
20765.0,1269315.36152056,284477.877015352,1.0,0.0
20766.0,1269519.05009677,285056.163287938,1.0,0.0
20767.0,1282235.94495779,245006.444526926,3.0,25933253.519070707
20768.0,1268445.06801566,280787.815187573,4.0,13441998.192484928
20769.0,1268528.10263975,281174.915155962,5.0,8357433.157503316
20771.0,1268508.79620774,281991.608724803,3.0,1014205.7631863854
20772.0,1268361.40414359,280798.870611578,4.0,5048187.444463321
20773.0,1278076.19013754,207913.20864895,3.0,1005496.3175506348
20774.0,1268392.62091161,281570.702100366,3.0,3063981.686523473
20775.0,1268529.50091176,280751.993107527,4.0,54430.87667595159
20776.0,1277713.68824916,207736.108296767,4.0,541563.7550579789
20777.0,1279799.4671953,243669.511469558,3.0,102636.58959998983
20778.0,1280513.94316404,243998.50423789,3.0,73898.44643381759
20779.0,1280949.33305247,244279.344878182,3.0,52860.047452041
20780.0,1268539.13937576,279854.796050608,1.0,0.0
20782.0,1274573.76837395,242601.613996461,3.0,680152.3292517482
20783.0,1276349.60927176,207995.437513024,3.0,281637.5320296149
20784.0,1274826.3039262,242126.853483975,1.0,0.0
20785.0,1274829.7760542,242386.836204246,4.0,35968348.22232428
20786.0,1265922.62852509,191371.95692001295,3.0,100914.4756753508
20787.0,1268265.27966349,273754.127180368,3.0,642864.0142626617
20788.0,1268216.36439943,274727.43361336,3.0,396792.2109517111
20789.0,1268407.23767963,275010.329037651,3.0,29128.11836608198
20790.0,1268413.70846364,274686.028813317,3.0,66430.65718054774
20791.0,1268335.12561555,274689.604941323,4.0,1169613.179689352
20792.0,1275257.29323864,242266.610412121,1.0,0.0
20793.0,1268652.61847988,275422.71796608,4.0,1894045.6043682948
20794.0,1268753.76849599,276748.083791435,4.0,1929620.7967126172
20795.0,1268772.65624,277415.321936116,4.0,5494625.387334181
20796.0,1268760.13496,276946.438351631,3.0,1903294.201142674
20797.0,1268410.88139163,275425.304590076,4.0,1026551.2162052792
20798.0,1274842.79704623,242418.953964278,3.0,120972.8700765514
20799.0,1285977.79673763,202681.598019585,3.0,70343.21325717491
20800.0,1286170.47449782,202675.58950758,1.0,0.0
20801.0,1282074.67231762,178645.44759497,1.0,0.0
20802.0,1285755.7223694,205611.987846583,3.0,43210.9421306314
20803.0,1272454.72369978,250671.477428734,3.0,38914.57024462569
20804.0,1279111.49157859,240330.214698136,3.0,112134.64307685662
20805.0,1267457.86167866,265492.438979909,3.0,1589542.2058280213
20806.0,1267482.03057468,263494.229057863,3.0,629662.9988164599
20807.0,1267418.36139062,266154.178436592,4.0,3430279.407923874
20808.0,1267522.10628672,266812.178757265,4.0,457749.1116987777
20809.0,1267888.3069911,272113.178698689,3.0,1090867.2431964965
20810.0,1267959.64971118,272431.247883007,3.0,607180.8137008735
20811.0,1274886.47768627,242900.588140771,3.0,105178.34151408303
20812.0,1278173.12402563,257579.15820381,1.0,0.0
20813.0,1286764.04550643,285214.58517611,1.0,0.0
20814.0,1263957.11441107,241669.137835518,1.0,0.0
20815.0,1283758.84313536,193807.025594503,1.0,0.0
20816.0,1278246.12056971,187340.918451875,1.0,0.0
20817.0,1274378.93406975,242140.103083998,1.0,0.0
20818.0,1295192.52897106,179898.111788258,3.0,64487.41067865614
20819.0,1275991.58571939,242865.139372736,3.0,62416.73552743163
20821.0,1279340.75026684,243639.002989531,3.0,4915.697815083666
20822.0,1280528.57138805,242934.743596807,3.0,12647.021378288478
20823.0,1280810.51570833,243028.493420899,4.0,641513.6581201414
20825.0,1266818.41643001,242085.079915941,1.0,0.0
20826.0,1274693.63915807,238614.049128383,1.0,0.0
20827.0,1277378.17976882,241967.844267815,3.0,68474.8588339427
20828.0,1276983.38232842,241785.664491639,1.0,0.0
20829.0,1276813.97317624,242026.279851884,1.0,0.0
20830.0,1277259.68984869,242224.35460408,3.0,131011.284170378
20832.0,1278330.1440578,243563.045485452,3.0,129700.4817549933
20833.0,1269293.41214454,219134.072980434,1.0,0.0
20834.0,1268863.0494561,225276.99183473,1.0,0.0
20835.0,1276953.31967239,243497.936685383,3.0,70831.10373992709
20836.0,1276603.41784802,243541.520237431,4.0,1080340.015446575
20837.0,1272260.64664358,257766.444539994,3.0,1294350.6016444624
20838.0,1272653.79480398,257754.201147988,1.0,0.0
20839.0,1276532.09547995,243228.118637115,3.0,1335258.201203658
20840.0,1276869.4153523,243590.460781485,1.0,0.0
20841.0,1276400.11410382,242145.422956005,3.0,91922.80236709128
20842.0,1272814.37522015,257738.074235961,1.0,0.0
20843.0,1273117.08133246,212554.745613694,1.0,0.0
20845.0,1268618.34359986,173440.108645648,3.0,13162.43455434207
20846.0,1267960.83076717,173443.175845653,3.0,33445.67671136175
20847.0,1276203.44946362,242136.451883987,1.0,0.0
20848.0,1282208.81375776,182111.891822532,1.0,0.0
20849.0,1264783.23153192,211308.056524426,3.0,122109.90459168272
20850.0,1269242.97982448,247906.273649901,3.0,2151535.5195612684
20851.0,1254983.07657789,258176.413564414,1.0,0.0
20852.0,1254200.65558508,206401.247111395,1.0,0.0
20853.0,1259130.13027813,217016.634002268,1.0,0.0
20854.0,1265016.75204416,208434.506505474,1.0,0.0
20855.0,1280153.84383567,173080.394789279,3.0,150971.51499230482
20856.0,1267234.64555043,241731.730219573,3.0,1020.9649393231064
20857.0,1280168.65151568,173749.30550997,3.0,114297.99638261562
20858.0,1267446.91185465,241564.36637941,4.0,909647.714416865
20859.0,1267450.48369466,241717.953387558,3.0,10437.460398355652
20860.0,1267082.07927828,241637.84330748,3.0,323420.2755813222
20861.0,1250625.94191742,244695.416878611,4.0,1756008.5593394854
20862.0,1250953.65775776,242990.74378886804,3.0,1567785.978548922
20863.0,1252109.12399894,246388.691760346,3.0,4888364.758863895
20864.0,1251809.01564664,246494.809648454,3.0,2712686.82154328
20865.0,1251705.22748654,246514.372912467,3.0,2635180.133131123
20866.0,1278224.53503369,218784.741716072,3.0,9757457.993266586
20867.0,1263078.84285818,212700.239437848,3.0,21908.011248288887
20868.0,1246041.59804073,245373.215087309,1.0,0.0
20869.0,1251078.61455789,242712.950700581,3.0,1528005.1669755168
20870.0,1259825.55082284,257037.506747246,3.0,280848.6748876785
20871.0,1251838.25935866,242716.495980591,1.0,0.0
20872.0,1268893.77841613,224436.24872987004,3.0,385239.0381053737
20873.0,1269047.97688028,224177.640345603,4.0,464732.6101564981
20874.0,1268741.17406398,224703.696730137,3.0,347542.9128075079
20875.0,1268523.98519975,225070.86396251604,3.0,6813161.910212945
20876.0,1259711.04151073,217444.826706707,4.0,17202567.68836481
20877.0,1259819.72439083,217540.507986799,1.0,0.0
20878.0,1282842.77804641,188624.796405196,4.0,13957035.214444656
20879.0,1252109.61347094,246502.951024458,3.0,5593456.123430506
20880.0,1251964.9825588,246667.67211262896,3.0,635458.0
20881.0,1281988.18726154,188561.62955713304,3.0,9801799.868191516
20882.0,1281714.08082926,222190.745047569,1.0,0.0
20883.0,1258254.99619724,193785.402938485,1.0,0.0
20884.0,1269339.75550459,223635.560729042,5.0,566360.8303210008
20885.0,1269366.83883262,223651.880281061,4.0,80882.43074798706
20886.0,1259357.29911037,234823.206628501,1.0,0.0
20887.0,1269217.53336047,223917.403993338,4.0,68073.5782630872
20888.0,1269185.76241642,223899.044761315,3.0,410341.543747572
20889.0,1257367.46320432,234988.729636669,1.0,0.0
20890.0,1268269.14219148,225399.843930855,4.0,13656121.27447552
20891.0,1276849.96588027,270521.608329058,1.0,0.0
20892.0,1276851.70706429,270539.423945069,3.0,50338.958297190766
20893.0,1279707.50937121,177729.215530038,3.0,14981.451936699232
20894.0,1279754.71730725,177766.711530074,3.0,44736.96701345963
20895.0,1267097.51294228,227023.572636515,3.0,2260.9513782952818
20896.0,1267469.39019068,226427.062043905,4.0,7151921.560224928
20897.0,1279759.62738726,178355.440362677,1.0,0.0
20899.0,1278473.56831394,262121.08646445,4.0,2643867.923194526
20900.0,1280738.25471626,218405.605011687,1.0,0.0
20901.0,1270122.73854539,220816.587670162,3.0,150844.7308364437
20902.0,1270349.34276962,220810.762262151,4.0,272330.44921397435
20903.0,1287886.99629158,181526.03569392895,3.0,484527.2133409624
20904.0,1288169.98361987,181472.099117875,1.0,0.0
20905.0,1262025.7602971,212290.942669436,3.0,147073.9007897147
20906.0,1262026.26327311,212310.231693447,1.0,0.0
20907.0,1270129.55544139,221184.572822541,4.0,171160.06547810996
20908.0,1269558.70686482,219842.082069159,3.0,128850.8112524916
20909.0,1268163.51966338,183150.387119591,3.0,279954.0267625053
20910.0,1268154.01476738,182800.812015235,3.0,599734.2088561927
20911.0,1267928.74852714,182803.714927241,3.0,244446.0783631774
20912.0,1271169.55435446,232564.74461019,4.0,48815.56250644742
20913.0,1271451.99934675,232552.783394173,1.0,0.0
20914.0,1289637.14272538,190881.322743505,1.0,0.0
20915.0,1289639.69357337,190883.953655511,1.0,0.0
20916.0,1255353.99216227,247502.815473482,4.0,9874701.513838531
20917.0,1255379.7919703,247411.666033387,4.0,7358824.013000991
20918.0,1254835.71107374,247360.079217345,3.0,7549.21254714501
20919.0,1269625.44363289,223110.390168503,4.0,563606.321863777
20920.0,1263576.66372268,248448.329970449,1.0,0.0
20921.0,1293047.89972086,180780.65169316495,3.0,209232.5563978525
20922.0,1293044.46010487,180587.82231696,3.0,270349.5683747229
20923.0,1292635.59149644,180313.987244681,3.0,25350.587483445684
20924.0,1292647.83719246,180626.37937299896,3.0,185.93809523809523
20925.0,1257508.26147647,247674.117297664,3.0,242172.0212968216
20926.0,1256845.89174779,247619.082673609,3.0,314370.91325653536
20927.0,1252131.09276697,247564.996465549,3.0,254283.99999999997
20928.0,1264344.16023546,242044.868395895,3.0,43667.97796689211
20929.0,1252201.13923104,247564.640817553,3.0,84771.99999999997
20930.0,1252314.15996715,247561.863281548,1.0,0.0
20931.0,1276973.3502004,203623.721476555,3.0,84778.0
20932.0,1276954.77215238,203201.185604125,1.0,0.0
20933.0,1269048.70884828,184040.0877285,3.0,46718.80175751726
20934.0,1276962.40005639,203621.602052554,1.0,0.0
20935.0,1269053.0553443,184344.679344818,1.0,0.0
20936.0,1257075.20458002,247596.252337575,1.0,0.0
20937.0,1257080.31709203,247600.244401589,3.0,56366.40043205205
20938.0,1255386.0363863,247420.647665396,1.0,0.0
20939.0,1267642.26481485,182845.067503273,3.0,160164.13964039803
20940.0,1267507.1434067,182771.436079204,1.0,0.0
20941.0,1267963.39345518,182976.644335404,1.0,0.0
20942.0,1257472.13949244,247508.91947349897,3.0,333754.8403709516
20943.0,1277711.55800916,205892.412486881,3.0,60989.34126465467
20944.0,1277841.86680929,205969.691526949,1.0,0.0
20945.0,1277990.04792945,205864.59629485,1.0,0.0
20946.0,1277710.86149716,205897.78419888,1.0,0.0
20947.0,1263275.14461838,239625.051049426,3.0,250171.0197897747
20948.0,1263247.57181835,238695.41610446604,3.0,255315.44399840845
20949.0,1263265.80113037,239005.094952777,3.0,157574.1959751022
20950.0,1263253.21386635,240180.336041987,5.0,1048795.617629905
20951.0,1263243.82609035,238379.97642414304,3.0,418877.8684556985
20952.0,1263264.03345037,239793.453929588,3.0,462257.0863847648
20953.0,1263244.93636234,239802.134377599,1.0,0.0
20954.0,1263267.50583437,239705.259241506,3.0,620264.2021456296
20955.0,1263272.31127438,239315.85879311,3.0,120865.45046922503
20956.0,1263226.13060233,240067.315241873,3.0,502069.23444558383
20957.0,1263216.74282631,238276.59114404,3.0,380951.6524406482
20958.0,1285693.83436933,197215.439997986,3.0,319216.680209259
20959.0,1285694.17324933,197204.733693987,1.0,0.0
20960.0,1269701.76497696,223827.06037724,4.0,116525.37630011576
20961.0,1260079.55325511,236441.783782154,3.0,63874.44379535262
20962.0,1259179.48023018,237453.418599188,1.0,0.0
20963.0,1269571.17796883,223752.439129159,4.0,135471.7473188426
20964.0,1279481.26610698,233519.672867164,3.0,621524.4287564071
20966.0,1275902.28671131,236091.022373796,1.0,0.0
20967.0,1257467.71037243,247220.543089196,1.0,0.0
20968.0,1274618.923446,192097.144824743,1.0,0.0
20969.0,1279078.76197857,219704.98491701495,3.0,221583.9850947121
20970.0,1278951.13458642,219709.119765028,1.0,0.0
20971.0,1278898.28889038,219730.28110905,1.0,0.0
20972.0,1272675.09266001,276115.124750778,1.0,0.0
20973.0,1286244.9776019,198145.125182942,1.0,0.0
20974.0,1286277.06451394,198144.361022949,3.0,269235.36512801284
20975.0,1283031.74156661,268516.294471011,3.0,169542.0
20976.0,1283050.19302262,268774.129927263,1.0,0.0
20977.0,1283021.65497459,268584.82810308,3.0,84777.99999999999
20978.0,1283009.40537459,268700.323975191,1.0,0.0
20980.0,1279221.38962671,245381.148143306,3.0,3770.86438815747
20982.0,1279067.72882655,245373.210159302,3.0,34684.78868207004
20983.0,1296970.72654088,178292.573354617,3.0,3345.8684190016743
20984.0,1283016.41420659,268591.551879078,1.0,0.0
20985.0,1285968.51948962,197936.340798736,1.0,0.0
20986.0,1297190.5115011,178220.96522654602,3.0,144402.50183087145
20987.0,1295774.63969165,176988.256041273,1.0,0.0
20988.0,1285594.80435324,197940.398206741,1.0,0.0
20989.0,1278805.13721028,245362.492015287,4.0,86394.87982773293
20990.0,1285570.2224012,198073.903166875,1.0,0.0
20991.0,1281903.17759745,230477.026400045,1.0,0.0
20992.0,1286063.12889771,256349.233466551,1.0,0.0
20993.0,1280094.3222996,206645.605191648,1.0,0.0
20994.0,1279546.42969105,206666.809543669,1.0,0.0
20995.0,1279728.98181923,206657.695047662,3.0,197696.3544053302
20996.0,1277330.43538477,202798.764163703,3.0,2228576.5258926637
20997.0,1267684.39038289,235692.606181398,1.0,0.0
20998.0,1262852.93418595,231800.643489406,3.0,489992.4553726823
21002.0,1268076.91716729,225695.946395159,3.0,7095264.41998021
21003.0,1267821.89963104,225655.02159512,3.0,6486010.005570289
21005.0,1272618.94353995,223442.944664851,1.0,0.0
21006.0,1272915.85726824,205401.111622378,4.0,1230853.0284840858
21008.0,1273672.22354102,203988.794884935,1.0,0.0
21009.0,1261610.83952868,233836.701731488,1.0,0.0
21010.0,1284796.87846442,208234.866761282,1.0,0.0
21011.0,1280240.5204437503,226999.994972497,4.0,190612.0359302438
21012.0,1271224.84785852,226054.88821952,3.0,34068.382775811064
21013.0,1258791.05219778,283923.338774785,3.0,21430.03275613276
21014.0,1259113.80419812,284895.69051978,3.0,443575.09956709953
21015.0,1266066.46647723,282117.689492926,3.0,216477.27498966764
21016.0,1283028.3781106,270602.513353139,1.0,0.0
21017.0,1283033.20550261,270761.440905303,3.0,210762.31379929747
21018.0,1263015.34660211,231591.467041194,3.0,577666.0061847159
21019.0,1258429.98237342,284447.347223312,4.0,49597.89920635388
21020.0,1258215.11504519,284683.488471553,4.0,102510.63111332044
21021.0,1283135.16300671,270186.281288713,3.0,339285.4755536198
21022.0,1258483.26806948,284918.270167798,3.0,233651.81100011096
21023.0,1258035.37296501,284090.956886947,3.0,223.71165501165507
21024.0,1257820.07184479,284317.483991191,3.0,14397.446037294229
21025.0,1259105.31011811,284288.048023149,4.0,190344.12958152956
21026.0,1259446.12343046,284285.478167146,3.0,84723.2090909091
21027.0,1283050.09228663,269222.807175726,1.0,0.0
21028.0,1255779.03165071,192474.25036113,5.0,127277.18152378088
21029.0,1265333.33770849,282973.138581812,1.0,0.0
21030.0,1258621.10275762,284624.872471496,3.0,46975.94539904174
21031.0,1258795.08963779,284296.015511155,4.0,32763.62034632035
21032.0,1259017.70205402,284899.133399785,3.0,169056.5
21033.0,1259028.13245402,285110.899736002,1.0,0.0
21034.0,1258257.57360524,283854.082710713,3.0,241.02496392496388
21035.0,1258800.1597818,284901.93128778,4.0,84880.0
21036.0,1258810.74998981,285253.090712145,1.0,0.0
21039.0,1258656.74672565,285279.178584173,1.0,0.0
21040.0,1282486.09868605,271683.44001025,3.0,202106.8071160149
21042.0,1259090.6802301,285179.705048069,3.0,1348072.337873238
21043.0,1266898.61572608,285172.673880056,1.0,0.0
21044.0,1284700.01420832,188290.959476858,1.0,0.0
21045.0,1255957.94403489,192658.58002533004,3.0,221523.9027128316
21046.0,1251498.76956631,248161.524786159,1.0,0.0
21047.0,1282579.83270214,243548.05636543,3.0,48947.041051237655
21048.0,1282637.98188621,244252.277998164,1.0,0.0
21049.0,1255765.17833869,192458.276985124,1.0,0.0
21050.0,1255778.0841307,192507.129849166,1.0,0.0
21051.0,1282587.79987015,271645.97095421,3.0,84777.99999999999
21052.0,1260911.72643995,236607.191590324,5.0,206421.6113914727
21053.0,1260678.64586371,237116.18007084695,5.0,297127.6512775766
21054.0,1268731.30756797,235836.733477533,3.0,119494.51955493688
21055.0,1260840.12752788,236753.215270475,3.0,157632.41524658335
21056.0,1261170.49399222,236074.931493789,3.0,23911.845142057617
21057.0,1286471.04768214,180078.487404451,3.0,254290.0
21058.0,1286464.39942612,180067.594412431,1.0,0.0
21059.0,1268734.50737597,235849.720997557,1.0,0.0
21060.0,1261203.15696825,236233.80061394,3.0,56058.748365391664
21061.0,1260217.56381525,284476.580439344,1.0,0.0
21062.0,1286607.28134628,179982.184428349,1.0,0.0
21063.0,1265354.32842851,283592.549398437,3.0,182634.01516997637
21064.0,1283052.15430263,270003.806600526,1.0,0.0
21065.0,1255759.06224269,192506.615417168,1.0,0.0
21066.0,1267131.75601433,282236.060309052,3.0,62801.49533351896
21067.0,1265966.61591713,282478.249173298,3.0,8952236.021284718
21068.0,1259451.98493446,284954.913495839,4.0,4177563.331014024
21069.0,1258465.15722145,285360.786008254,3.0,505988.639395692
21070.0,1282682.36435024,271672.377738237,1.0,0.0
21071.0,1282686.28953426,271530.709386095,1.0,0.0
21072.0,1282887.80716646,270196.582088724,1.0,0.0
21073.0,1282685.53164625,270492.725193024,3.0,78575.76038141423
21074.0,1265358.1870525,283828.324182689,1.0,0.0
21075.0,1266992.95511818,282269.318101093,1.0,0.0
21076.0,1255754.22070667,192659.008825332,1.0,0.0
21077.0,1259218.52938223,209803.027018875,4.0,10835612.170668954
21078.0,1259247.34851825,209679.63290675,3.0,85339.25107100602
21079.0,1278396.41394587,238632.186600402,5.0,903740.5385060164
21080.0,1272443.94910777,260069.791678354,3.0,4329719.352305338
21081.0,1272436.03966776,259409.534461677,3.0,2641512.0159865823
21082.0,1286818.39021048,166959.883039013,3.0,307132.23177841224
21083.0,1289629.14080536,165443.00982146,3.0,42636.25952380948
21084.0,1290545.2816703,165420.934045434,1.0,0.0
21085.0,1272950.57899629,260332.938750625,3.0,168405.93309109044
21086.0,1272962.19019629,260711.80582301304,3.0,17577.039386206623
21087.0,1272968.63870831,261513.84588784,3.0,27521.739065788835
21088.0,1273259.0973966,261559.737151876,3.0,3797.3208023391458
21089.0,1273614.49272497,261559.796223879,3.0,40413.866393817385
21090.0,1273419.25362076,261560.604927883,3.0,9471.892887237973
21091.0,1272954.37688428,261864.691648185,4.0,95744.2778883694
21092.0,1273268.17976461,260713.976063013,3.0,80673.31460824468
21093.0,1273321.24888466,261158.420415476,3.0,43918.36271045649
21094.0,1272993.15864433,261854.86713618,1.0,0.0
21095.0,1272471.8867078,260623.68390291897,3.0,205295.9076468397
21096.0,1272657.65080398,260636.270526931,3.0,57208.88611537005
21097.0,1272467.54654779,261388.874687701,3.0,244423.89401020447
21098.0,1272667.19934799,261386.270655707,3.0,166199.96658477167
21099.0,1272663.32600398,261549.92025587,3.0,107225.86951833722
21100.0,1272464.49765179,260737.319551036,3.0,299305.935154857
21101.0,1285314.36531295,187917.450100467,3.0,278426.9788455594
21102.0,1279775.53093928,245738.232047677,3.0,109415.64549174378
21103.0,1285973.01984163,187906.660404459,3.0,44885.84551497732
21104.0,1282592.39110216,273152.371787757,3.0,139260.74105335487
21105.0,1282782.44780636,273150.107723743,3.0,103412.56012637
21106.0,1282704.94367827,272881.675467476,1.0,0.0
21107.0,1282082.78092563,186209.140146717,3.0,254290.0
21108.0,1286656.27571432,188234.88120479896,3.0,6708212.67162195
21109.0,1282057.91154961,186215.436402723,1.0,0.0
21110.0,1282589.58796616,272883.26503548,1.0,0.0
21111.0,1285969.19801761,187775.316148326,1.0,0.0
21112.0,1264977.91153212,183177.378223613,3.0,296658.0
21113.0,1278094.87320955,176457.100968733,3.0,80993.40421795064
21114.0,1264807.68849194,183658.374576107,1.0,0.0
21115.0,1278092.26885755,176228.3481365,1.0,0.0
21116.0,1274422.53240579,212048.540621176,1.0,0.0
21117.0,1271673.78891498,177409.082345709,1.0,0.0
21118.0,1284883.1303045,192659.440569326,3.0,335773.2031077942
21119.0,1260348.55466338,214436.531215623,1.0,0.0
21121.0,1278977.48428246,238764.477352545,3.0,525722.4710668711
21122.0,1283916.63513552,177606.909673914,1.0,0.0
21123.0,1256929.11632387,237155.016614884,3.0,480.4040319039652
21124.0,1261333.14128838,240601.514986426,1.0,0.0
21125.0,1272890.21624422,241945.531627789,1.0,0.0
21126.0,1286179.31929784,244512.120046422,4.0,66664.11460823753
21127.0,1286437.71705809,244499.956974417,4.0,55835.25208156528
21128.0,1286688.58502635,244495.182702407,4.0,42436.02597402598
21129.0,1286716.62400238,245169.251247093,1.0,0.0
21130.0,1282558.89804612,246162.737456113,1.0,0.0
21131.0,1286733.6321304,243808.437037706,1.0,0.0
21132.0,1249465.86185224,245112.31991903496,3.0,175449.21516005506
21133.0,1251122.60361393,246730.058800697,3.0,390399.9490349548
21134.0,1250560.96303736,246939.092208907,3.0,305966.74748868786
21135.0,1259037.60816604,259745.764414027,1.0,0.0
21136.0,1271800.58917111,238193.802279949,1.0,0.0
21137.0,1258476.67190947,217226.283858478,1.0,0.0
21138.0,1258471.82582946,217227.891794488,1.0,0.0
21139.0,1257354.16566831,234971.90717265,1.0,0.0
21140.0,1275306.46635869,237192.124134928,1.0,0.0
21141.0,1287015.24544269,282781.389269605,1.0,0.0
21142.0,1264678.81898782,237696.485671446,3.0,326911.6972515913
21143.0,1264022.82129115,185799.19870629895,3.0,1143325.5864802422
21144.0,1266904.1068621,186175.273458689,1.0,0.0
21145.0,1263920.04657103,185801.03729830697,3.0,1062963.8174956413
21146.0,1263922.73553105,186045.770418555,1.0,0.0
21147.0,1264028.24874716,186042.524018556,1.0,0.0
21148.0,1253701.45020857,216614.098065853,1.0,0.0
21149.0,1253896.13289677,216355.275729597,1.0,0.0
21150.0,1262273.20106535,178272.0858666,1.0,0.0
21152.0,1262265.83562535,178272.927722588,1.0,0.0
21153.0,1270115.91768138,191065.964151695,4.0,2359090.8286050577
21154.0,1269608.97675286,191054.680055678,4.0,2238938.3352670404
21155.0,1266374.76471755,212026.24961315104,3.0,38434.01681714366
21156.0,1266363.83396554,211971.127373099,3.0,47369.20551721872
21157.0,1262293.38640937,174889.66346313097,3.0,307412.5512494112
21158.0,1255213.53968212,202015.004866913,3.0,38472.31102748979
21159.0,1255618.50704254,201306.537474185,1.0,0.0
21160.0,1266596.28593378,211845.751308978,1.0,0.0
21161.0,1266572.32766175,211845.230604976,1.0,0.0
21162.0,1271620.91563493,232059.626913667,3.0,12722112.075438472
21163.0,1271230.37048252,231691.005921289,3.0,10590239.917686677
21164.0,1290714.98541448,181383.660333782,3.0,104498.02986473212
21165.0,1290714.27968648,181365.290925756,1.0,0.0
21166.0,1259826.19939885,216629.215825871,1.0,0.0
21167.0,1260242.40131927,216167.255441397,1.0,0.0
21169.0,1273887.87045324,216587.280849829,1.0,0.0
21170.0,1285740.20435338,259338.320381612,4.0,84778.0
21171.0,1259524.32106254,208832.259977892,1.0,0.0
21172.0,1285746.40758539,259331.1753895955,1.0,0.0
21173.0,1251114.40450993,246730.424944699,1.0,0.0
21174.0,1259354.82506236,257741.778939977,1.0,0.0
21175.0,1285927.25612958,258507.088764757,1.0,0.0
21176.0,1274574.45176595,230086.196127653,4.0,173600.15216684723
21177.0,1274866.60965425,230083.436255649,4.0,155013.208600617
21178.0,1252714.44099157,210543.116747633,4.0,86952.56817788706
21179.0,1252718.52105556,210533.119755626,1.0,0.0
21180.0,1285614.05632125,257910.181820139,1.0,0.0
21181.0,1252560.9478714,210665.625035763,1.0,0.0
21182.0,1285797.42041744,259166.711101428,1.0,0.0
21183.0,1285865.84550551,258904.795645162,1.0,0.0
21184.0,1285554.87891319,257723.39967595,1.0,0.0
21185.0,1285798.80921744,259161.502781421,1.0,0.0
21186.0,1265560.33201271,212266.812109411,1.0,0.0
21187.0,1279763.97317927,217902.94619517,3.0,67065.85468545009
21188.0,1284646.29875226,204917.251077875,4.0,2037147.6635492956
21189.0,1281140.35334067,211893.813901022,4.0,151635.229905447
21190.0,1277794.84063324,217414.730322674,3.0,154653.06452460156
21191.0,1249838.99369262,247646.73118563,1.0,0.0
21192.0,1251971.6511668,245075.661230996,3.0,2172101.205789096
21193.0,1292065.37901586,251565.708917648,1.0,0.0
21194.0,1289087.34989281,191264.676983893,1.0,0.0
21195.0,1280496.12921201,212236.568781376,3.0,83149.9193250357
21196.0,1279758.09298725,236702.279014423,1.0,0.0
21197.0,1267741.86340696,272437.507723019,3.0,176943.89955753123
21198.0,1267856.96324708,272435.771211013,1.0,0.0
21200.0,1268126.49515134,272447.084811032,1.0,0.0
21201.0,1281663.11308521,268500.318470985,3.0,3815.430039136305
