Node ID,Longitude,Latitude,Degree Centrality,Betweenness Centrality
2.0,1272798.19742812,229164.418078706,3.0,3162099.6129348874
6.0,1276842.76677626,227487.097628996,3.0,26244.15301748242
7.0,1258877.97200587,249895.359603941,4.0,1098858.2180182778
8.0,1258234.31478922,249910.516403958,4.0,1355868.2318122473
12.0,1280456.64569198,212688.49274984,3.0,401795.4918110754
14.0,1271933.94097924,224815.773914248,4.0,51987.52635697723
18.0,1277381.21746482,215035.505424246,4.0,67816.15362124126
20.0,1283574.34284717,261045.015423357,1.0,0.0
21.0,1283809.09996741,261058.46521537,4.0,78039.88413772012
22.0,1262965.77060206,243687.401837572,3.0,71791.25040113757
23.0,1262421.63684151,243696.967469588,3.0,45371.11950247885
25.0,1267586.72785479,255298.186041474,4.0,1505759.3303519357
27.0,1285233.68665686,243221.913645104,3.0,28322.488114843087
30.0,1263108.5517862,234405.380708069,3.0,70016.95306020378
31.0,1262935.07281002,234409.333796084,3.0,72593.25941355308
34.0,1258800.58698179,246142.062000096,4.0,975447.6365021789
35.0,1258809.9760378,246596.084016562,4.0,627119.5844431502
36.0,1279401.98706689,212638.938061789,4.0,1973585.251641064
37.0,1279694.18789919,212782.37543793,4.0,2967661.683559469
38.0,1274815.57855019,214267.166415453,4.0,350037.1310984977
44.0,1256988.76483594,256314.264378503,3.0,149709.04664762266
46.0,1279509.896635,249937.870963976,4.0,198073.21001401937
48.0,1259622.40195863,247186.093681157,3.0,28605.312758124244
49.0,1259624.42359065,247281.280817255,3.0,5087.42583085861
51.0,1270458.83204973,249104.497331128,4.0,176411.9313772546
52.0,1263328.80791444,257652.461179882,4.0,91822.98614910296
69.0,1291331.86477511,180568.431340948,3.0,347575.8843353265
70.0,1291975.29197577,180633.424301013,1.0,0.0
73.0,1282715.23859029,233091.293474734,4.0,54791.56605346362
74.0,1282726.5535343,233531.437603176,4.0,749855.4549820537
76.0,1281551.9082851,226047.25077951,4.0,130696.23598291472
82.0,1280580.68646009,228267.878237784,4.0,617486.1929098892
85.0,1272824.73246816,230863.305760443,4.0,280971.6087059962
86.0,1273064.5368204,230856.854368433,4.0,298114.1211910755
102.0,1267074.50084627,229257.475998804,3.0,396.2007952682044
104.0,1263233.93437834,233406.478499055,4.0,296235.9325824427
105.0,1284175.52505578,256967.10431517696,3.0,670624.3253098138
106.0,1284180.06182379,257310.038331524,3.0,686706.65030167
111.0,1274047.4515094,210438.22855553,1.0,0.0
112.0,1274103.81880547,210438.612683535,4.0,216581.10493126375
113.0,1276913.66789635,256953.11122717,4.0,303706.73673156626
114.0,1277566.93592902,256933.55941914,3.0,203942.80354597236
116.0,1257580.66192454,251728.783733815,4.0,108979.80213470652
130.0,1263899.44983502,239306.09303309,4.0,1099958.719410019
131.0,1263578.79197869,239310.656041101,4.0,515456.0374723163
132.0,1286124.69273777,250469.927988529,4.0,290747.6631561032
133.0,1286452.71635412,250462.30827651903,3.0,75306.04159280783
136.0,1281508.38476504,224727.104474157,3.0,42547.61408008333
142.0,1272089.89438741,224552.525785983,4.0,762246.4745137074
143.0,1277243.86668068,218532.477459818,3.0,78154.80086739195
144.0,1277236.76600868,218106.060627386,4.0,481001.1417247084
150.0,1266156.64676532,250609.36146067097,3.0,313110.87992124807
164.0,1265288.06122844,256943.776891157,4.0,102201.26749299724
167.0,1267045.12235023,266826.329029277,4.0,56551.6104671421
168.0,1267048.67582224,267157.805381611,3.0,10530.691680448024
169.0,1268605.79934384,230121.900767684,4.0,169440.18131912115
170.0,1268928.17694417,230113.763999686,4.0,184684.73670582063
173.0,1266453.41284563,227664.082845166,4.0,111509.25609058209
174.0,1266226.6938694,227870.505373389,4.0,156979.22343408663
177.0,1268898.14552014,254213.515320361,4.0,3705480.947411525
178.0,1268902.42276815,254477.183736622,5.0,646623.842571007
187.0,1264704.14833184,249662.072947696,4.0,187530.6840556264
188.0,1264455.25706759,249709.06501174,4.0,166613.56240000503
193.0,1267566.30366278,254242.185528383,4.0,3563712.579923626
194.0,1267571.34635077,254506.137080655,4.0,443660.4607275118
204.0,1272234.48792355,239077.257832855,4.0,107687.31303490292
208.0,1272767.9543561,247459.440881446,4.0,92479.25226839732
211.0,1284241.75916785,199241.687296063,4.0,956586.38484338
219.0,1275560.70565496,255996.255546182,4.0,273807.6214315158
220.0,1275569.99435897,256328.123322517,4.0,124501.81768956422
222.0,1278720.35884219,228743.301854283,4.0,57611.35170123558
227.0,1275486.36498289,225729.493211195,4.0,348837.5904504152
228.0,1275808.3183912,225721.644507185,4.0,319532.61487522867
230.0,1268504.63582373,225553.576923013,4.0,7386068.232410732
231.0,1271726.48536304,250747.195124805,3.0,43864.46883439737
232.0,1271871.00305918,250735.363508791,4.0,144035.0442348151
239.0,1268658.77854389,218394.933075681,1.0,0.0
240.0,1269023.34968026,218229.76315550497,3.0,242953.48962980468
245.0,1279089.24946657,219611.869652927,3.0,257574.5376773813
250.0,1272495.44670781,230027.744479597,4.0,1202736.536522905
251.0,1272502.11633983,230448.031328022,4.0,662192.4354176623
252.0,1285134.09536076,248468.497586474,3.0,789.399550328995
254.0,1276985.20280841,204502.511045456,4.0,190020.88893925052
255.0,1276982.64344841,204269.200517222,3.0,224786.37069770627
264.0,1274266.19845363,251901.893941984,3.0,18040.36046665722
274.0,1280150.64466766,219085.027476385,4.0,311415.9608168653
284.0,1266093.37226926,250037.735284075,3.0,17902.757913084413
285.0,1266208.31396538,250034.761524081,3.0,6732.233406499136
290.0,1266928.21111812,255582.142521754,4.0,139600.98515032203
291.0,1266931.30103812,255846.406394035,3.0,21643.33051380392
294.0,1278595.84197806,221615.352854982,4.0,2091672.365131053
298.0,1281584.93740512,258811.106877059,4.0,1229823.260682787
299.0,1282238.40102179,258789.689213037,3.0,888077.5082594916
308.0,1277231.12396067,229510.68969506,4.0,174432.1248315323
309.0,1277402.08255285,229506.704799056,1.0,0.0
322.0,1256233.67869116,251223.321525291,3.0,22170.95280743917
323.0,1255563.68105848,251229.0350613,4.0,124244.1484206186
329.0,1259633.64829464,247734.430513725,4.0,70082.29878158883
330.0,1259639.46717465,248017.00805001,4.0,1014765.106884082
331.0,1285362.333057,258416.643388659,4.0,277331.3992936792
332.0,1285257.01568088,244540.88273444804,3.0,229031.5178961311
335.0,1267070.45694226,233080.91587472,4.0,486131.2662648302
354.0,1274268.64037363,259352.550973624,4.0,2868922.884254961
355.0,1274270.37854964,259683.771133959,4.0,139395.9164606987
358.0,1276039.51608744,220853.143062204,3.0,148785.92238907146
359.0,1276350.46463177,220846.391766191,4.0,144966.90890861265
361.0,1277912.32402536,232775.428962409,4.0,326337.30159419705
363.0,1283068.69196665,253181.110583305,3.0,124707.48351671944
365.0,1263325.08906643,249002.108083025,4.0,373563.14815993846
375.0,1270694.24363397,244460.160814375,4.0,162682.24312696702
376.0,1270708.24920198,244857.596718773,4.0,225557.19170326376
380.0,1253983.31184086,251334.928885415,4.0,544665.8357105849
382.0,1269215.58187246,224984.423514426,4.0,3422380.992422402
388.0,1265701.59518087,234658.856292337,4.0,283561.62723237195
398.0,1270897.60376218,241414.757099256,4.0,935362.4365873314
402.0,1265401.32804455,246789.716208756,3.0,59111.53638969536
411.0,1286481.12710615,208148.872841194,3.0,409079.5200715023
413.0,1266440.14225362,249498.323635533,4.0,99679.17807503184
414.0,1266446.57591763,249758.489139795,4.0,283858.275797367
417.0,1265791.09073295,233415.684899062,3.0,527381.5862822152
423.0,1275895.8339753,229116.870942652,4.0,737488.6906958211
425.0,1295065.35764293,181879.040238291,3.0,43182.67265972753
426.0,1295063.01409093,181766.504046172,1.0,0.0
439.0,1253507.26819238,251316.269493386,3.0,254290.0
446.0,1272906.37829223,218975.758996278,4.0,1115101.247876025
447.0,1272709.35442004,218127.068819404,4.0,938399.517887722
456.0,1295074.32839493,182562.836142987,4.0,361947.5576710025
465.0,1277195.70501663,228634.615006164,5.0,940615.9235558194
466.0,1277218.07704866,229086.050782621,4.0,458462.5012177629
467.0,1267287.60676649,269144.023815647,3.0,3918485.219746468
468.0,1267733.78167894,269135.004487634,3.0,4243463.840698496
472.0,1277089.34405652,213248.951246411,4.0,107126.411941507
487.0,1276937.20850436,258610.386748865,4.0,64498.65340779371
488.0,1277347.38552879,258597.844476849,3.0,30163.88911347482
496.0,1277763.52018522,216685.932561934,6.0,531923.4178424316
498.0,1274853.81765424,251630.758645713,4.0,100636.85625621896
499.0,1275298.70815068,251615.483125702,3.0,66170.17735109432
502.0,1268590.53822382,227026.243932515,4.0,804549.9154317843
503.0,1268807.25924805,227264.457372755,4.0,105520.96450180144
504.0,1271259.15096255,224060.90402548,5.0,4025543.448085911
505.0,1271535.74654683,224224.612377644,4.0,1250317.8687673465
506.0,1272508.91057983,238184.070375949,4.0,182565.25636983235
509.0,1264679.54801181,247127.6282731,3.0,42784.974921257
512.0,1274868.03320625,228805.854878336,4.0,122369.97173688257
513.0,1275190.17823058,228803.149150342,4.0,126468.68507336202
514.0,1263795.43626691,235272.85539695603,5.0,330747.6035950054
516.0,1295062.20506693,181712.482798114,1.0,0.0
517.0,1295054.80647492,181218.71972560897,3.0,677667.8014671272
542.0,1281239.68511677,224737.516826168,4.0,102599.10627861018
543.0,1281252.54111679,225156.256474599,4.0,91464.34160973049
547.0,1260266.3645833002,245117.468207046,5.0,3220643.2551081413
548.0,1260213.23050325,245141.546607062,3.0,103914.19844477825
550.0,1267245.47755045,240493.965354308,4.0,4444159.653496968
551.0,1267896.38308711,240335.843946144,3.0,2316752.3809196968
557.0,1278275.63199374,221030.702102378,3.0,40670.887093574034
558.0,1278269.68351373,220700.624022037,4.0,1942424.811878824
571.0,1265938.5218371,255606.07551378,3.0,94385.21468925566
572.0,1265947.02020511,256271.109626472,4.0,111739.32947687994
577.0,1271248.29765055,257452.468795672,3.0,403526.05506364646
581.0,1273747.03346109,209867.885194942,1.0,0.0
582.0,1273421.71026076,209504.543050572,3.0,84777.99999999997
583.0,1266641.30257383,237122.795878857,4.0,501800.9388727742
594.0,1286718.44781038,206202.124807194,4.0,44299.30424869255
596.0,1277868.27717732,214424.606735617,4.0,474617.6322124326
607.0,1264432.75517957,266894.063109338,4.0,226123.9084963703
609.0,1272160.22853148,235846.950693548,4.0,44701.10503097184
610.0,1272871.12837221,253435.45522356,4.0,173003.5844478242
611.0,1273010.55627635,253430.246199563,1.0,0.0
612.0,1272711.20581204,221514.629910871,4.0,60345.89685071122
613.0,1272873.47448421,221510.667030871,3.0,11339.021097067129
614.0,1275377.21362276,260313.907006606,3.0,131124.4394008746
615.0,1275375.74904677,260645.291198939,3.0,93692.08322296278
616.0,1273548.29074089,254859.931705013,3.0,30379.71867344394
624.0,1284750.94880037,244032.86801393295,3.0,37944.60030852665
625.0,1285410.53702505,244018.709613919,3.0,4291.951523410808
626.0,1281762.71129331,192427.918073088,4.0,376844.4276340939
627.0,1282047.6392296,192421.466681078,4.0,557105.8997596065
629.0,1287655.83469135,205118.82970207895,3.0,271810.6679053695
630.0,1285231.73651285,207374.550280392,4.0,160641.98404985163
631.0,1285541.55155317,207371.084424391,4.0,178220.40042483585
632.0,1269706.14161696,247540.63825751803,3.0,69322.81112530794
633.0,1270104.52600136,247532.551345512,4.0,133217.64787236662
636.0,1263746.34154686,265588.091332003,4.0,173938.49492115906
637.0,1263752.12100287,266252.07456468,4.0,205580.93032897796
638.0,1282572.55487813,251207.273973286,4.0,1479838.2338738448
639.0,1282531.2573421,251875.777845964,4.0,1400790.743458462
640.0,1263453.81521057,246582.64606455,4.0,312667.7101095041
657.0,1275640.79410304,218148.40174742,4.0,582800.4645928812
663.0,1285346.42560098,200220.971073076,4.0,494310.0268013448
664.0,1285429.78764907,200221.019649073,1.0,0.0
667.0,1271340.65803464,210534.727691635,4.0,551701.0480748047
668.0,1271758.32158707,210225.575755313,4.0,415011.2660169707
686.0,1275186.57451858,228376.773341894,4.0,251380.90593344325
687.0,1262189.41943327,248760.33822678,4.0,88772.2458238151
691.0,1268781.77105601,225717.459099174,5.0,583455.4447777737
695.0,1281390.39679693,221947.84923932,3.0,1550455.7361560992
696.0,1281312.99730885,221937.069399312,4.0,3226458.9224349307
698.0,1267610.81278282,256887.418747097,4.0,177789.11070494817
699.0,1267610.24683082,257151.780411363,4.0,92595.80767344208
700.0,1261883.11658496,255703.289913878,4.0,291476.9797676701
701.0,1261893.34391296,256223.160890415,3.0,16167.985674465835
702.0,1272121.95237143,238904.490152687,1.0,0.0
717.0,1280478.114492,216851.229458094,4.0,188773.11328542227
718.0,1280467.64236398,216296.429713532,4.0,140235.347849817
720.0,1284178.23865578,236472.720102191,4.0,105586.05466340884
721.0,1284192.4590718,237054.363622785,3.0,48990.97069455013
724.0,1268960.7963362,259167.991613433,3.0,129724.33683735156
731.0,1270941.67749023,204382.903685331,4.0,3211386.575586521
732.0,1265869.43799703,227481.57302098,4.0,5166530.689067297
733.0,1266009.84746918,227632.347037137,4.0,180711.0307301638
739.0,1268997.22865623,244890.673710808,4.0,125512.32584196524
740.0,1269004.50059225,245160.535087094,4.0,159491.85330299343
755.0,1272898.62667623,227157.112092659,4.0,47754.56785070636
757.0,1279697.2616912,216987.514962241,4.0,160000.95460698655
768.0,1280716.89746824,253227.928695351,4.0,197685.85142982457
769.0,1280714.74822024,253891.970040023,3.0,272603.3312661328
772.0,1269903.3023211698,230515.122784093,4.0,309410.8984340275
778.0,1279987.27033149,212926.245518073,4.0,3744944.253618129
779.0,1286714.43334638,205942.156486928,3.0,48322.54953038899
780.0,1286710.41369838,205681.860102668,4.0,387004.646507726
790.0,1271510.85944282,249880.248371914,4.0,138195.22844648996
796.0,1282787.14431836,235723.494565427,4.0,476416.2581441748
797.0,1282790.52095836,235870.301029578,4.0,426927.9778706184
798.0,1265067.05015621,243130.16874900495,3.0,38840.31866885872
801.0,1282209.94662176,256466.796602666,4.0,111106.03749494231
802.0,1282219.40364577,256730.659898937,4.0,57057.07242811079
803.0,1275714.01899911,221448.628438801,4.0,1755881.6652136196
804.0,1275707.4380071,221142.690070495,3.0,48077.84218732198
807.0,1281644.54687719,243837.773613736,4.0,71373.86310117322
808.0,1281654.06194919,244087.396781996,4.0,66815.54570622617
813.0,1274530.8061979,252146.087030247,3.0,110259.16274091412
814.0,1286689.02169836,196379.124413133,1.0,0.0
815.0,1286689.02035436,196076.562684819,3.0,44319.86404708866
825.0,1278504.65420197,207178.265864193,3.0,229406.86528140333
826.0,1278492.06629796,206736.903879747,4.0,159152.39166706585
828.0,1261023.60612006,258364.868924603,4.0,1252039.609555781
837.0,1295429.4267633,182554.277102977,3.0,344192.1564057778
840.0,1269572.38200082,254853.197113007,4.0,6522006.453704679
841.0,1272955.57278828,224353.273881778,4.0,710692.2530096486
842.0,1272799.82110813,224616.738586053,4.0,1469123.872434255
843.0,1270549.05329783,223996.000921413,4.0,398773.6094794151
844.0,1270826.14923412,224160.04623358,4.0,533363.8514420347
850.0,1254231.45308912,250710.786740765,4.0,1241783.409095575
859.0,1271791.2407551,241815.48727566,4.0,70847.6984571155
860.0,1271803.53963511,242245.374252096,4.0,44739.72642790628
870.0,1274938.40248632,258670.193724915,4.0,75888.32346965396
872.0,1260506.50122355,252369.943862468,4.0,131047.06813991614
873.0,1260518.55728756,253032.286071151,3.0,25451.376972653823
874.0,1270290.9661935605,230496.06704007095,5.0,111436.64892972136
875.0,1266640.67729382,241275.201323107,4.0,200380.49133646497
876.0,1266805.473518,241235.02685907495,3.0,48289.13731327858
878.0,1277104.04120854,216379.337681621,4.0,307253.48161161755
880.0,1274886.81464627,255682.602937862,3.0,37831.73033032401
886.0,1266028.8323652,245223.755439147,4.0,186670.32142947763
887.0,1286787.35616246,207784.488456815,3.0,22114.620100312648
888.0,1271486.83749078,250623.743924677,3.0,11297.499051918436
899.0,1278703.22796218,249952.372595996,3.0,302680.29917009186
900.0,1278708.14917818,250625.829556689,4.0,251865.7095381895
901.0,1282885.17497446,257507.21215573,3.0,34903.14835545223
902.0,1282891.64019047,257769.252284005,4.0,906922.00135361
919.0,1280148.67679566,247938.044913933,1.0,0.0
920.0,1280294.39634781,247934.995057926,4.0,155216.30411594058
923.0,1260258.56995928,253036.461879149,4.0,578273.2808683614
925.0,1266414.01860559,266841.081925288,4.0,196782.38066767785
926.0,1267638.48331085,242269.915820122,4.0,358893.2938888147
930.0,1276467.92267989,216704.788177952,4.0,93806.28716742006
931.0,1276460.17733587,216394.97678563,4.0,73386.45889010547
932.0,1275859.40191126,227509.58876501,4.0,139699.84455742477
933.0,1275867.55839127,227850.608093366,3.0,71188.44521720138
934.0,1254160.14480105,248164.371890157,4.0,70897.184547288
935.0,1254169.42102505,248484.428338498,4.0,399404.8116373447
938.0,1269627.57156888,259483.02086176,3.0,78540.44623187066
942.0,1267371.65252657,245724.52145566,4.0,425341.996452733
951.0,1285525.88492917,206518.684551522,5.0,183547.09641074904
952.0,1285741.67648138,206516.327879518,3.0,31673.98906381899
953.0,1269388.25182463,245683.26763162,4.0,89630.06916638663
954.0,1269394.75672065,245943.249071896,4.0,106610.07092131209
958.0,1272245.37374756,228392.39964591,4.0,362994.2464860687
960.0,1260933.56695198,253690.89631182,4.0,543949.8168648289
966.0,1267329.92324653,228173.007709697,4.0,237960.92765709615
967.0,1280437.59519595,254932.723513097,3.0,167928.47710470646
968.0,1280437.43807594,255192.750905365,3.0,489924.8267641403
969.0,1267698.1971029,232425.861090049,4.0,647675.2783870976
971.0,1278876.28076236,221117.867926463,4.0,1805973.7497927395
972.0,1278859.29554634,220678.624726012,3.0,120329.2805893051
973.0,1281483.07442902,192236.043832898,3.0,84778.00000000001
975.0,1272886.75070822,225735.291739196,4.0,575604.1565898763
977.0,1266955.07755014,257879.702524111,3.0,20288.601439320777
978.0,1266959.11134215,258224.718268469,4.0,64090.8101376767
983.0,1259830.98122285,260338.592638627,3.0,965943.098059488
987.0,1272680.45458001,216577.198865816,3.0,84778.0
988.0,1273198.43320453,216566.881937802,3.0,154444.6860382601
991.0,1263591.4097707,267578.520774037,1.0,0.0
992.0,1263449.36900255,267582.420038044,4.0,70073.39578893693
1004.0,1271848.43621115,215073.248464271,3.0,75326.3874806624
1005.0,1264710.17489184,262879.583297238,3.0,137398.4010602554
1006.0,1264381.02564351,262869.526529223,4.0,678514.2487498912
1010.0,1275443.51954284,213608.822606772,4.0,668569.8095534301
1011.0,1280719.01260424,252567.885430679,3.0,130991.21160441272
1029.0,1264279.18263541,255363.197433531,4.0,585877.8921408798
1030.0,1267750.25444695,243925.594925821,4.0,95977.6151222568
1036.0,1278751.51161022,229208.70966275,4.0,59673.62894334176
1037.0,1279073.36005856,229200.171614751,4.0,131193.75928114494
1044.0,1279678.11807518,220274.20789361,4.0,170771.7560591434
1045.0,1279937.87410744,220264.137685597,5.0,177336.82663365503
1046.0,1265221.47306837,228783.98876631295,3.0,78035.11633875946
1055.0,1277008.40031244,221726.93199108503,3.0,98675.31627994748
1056.0,1279390.77740288,198383.339263186,3.0,120400.82002777966
1057.0,1279191.71282667,196789.604221553,1.0,0.0
1062.0,1282826.54611039,255131.832697302,4.0,411341.80019538046
1064.0,1285468.6143371,250485.063476533,4.0,297493.825758092
1070.0,1284508.23206411,236464.000294179,3.0,35874.434895182814
1072.0,1265727.26340489,235588.590949282,4.0,142315.15400539368
1076.0,1278420.90828189,228751.501598284,3.0,76108.9565401826
1078.0,1269209.61835246,264648.832067043,3.0,55435.48853440562
1082.0,1262911.98493801,233414.531299055,4.0,146510.7391026244
1086.0,1271621.78443493,204880.428293839,4.0,1897315.8748598464
1087.0,1272192.45227551,204626.83462958,4.0,2554530.1289449893
1091.0,1267576.39358278,254770.295352921,4.0,151847.72639303052
1092.0,1268242.51921546,254757.32524091,4.0,129327.23202955438
1093.0,1276859.13356028,227912.961629421,4.0,45140.15444876814
1094.0,1277169.81797661,227910.942237422,4.0,809497.2640712268
1097.0,1271643.65675494,263405.83123377,4.0,194782.8539091252
1098.0,1271645.60721895,263721.61504209,3.0,125448.93573351964
1100.0,1271841.92209914,243578.124525473,4.0,52323.520119826055
1102.0,1268627.63883185,230973.370528564,4.0,4389379.860950654
1105.0,1265118.42372426,235270.268452957,4.0,91928.26820247856
1110.0,1272361.91121969,205416.638534397,4.0,459273.74962024734
1115.0,1286390.69715405,251126.952949196,3.0,2760.1169235206225
1117.0,1279984.76050749,231725.85264132905,3.0,240402.54901287
1118.0,1279994.4947155,231998.426849604,3.0,95621.85789433992
1125.0,1266044.35761321,236201.929957911,4.0,86966.66189951914
1143.0,1266940.57367814,256639.310330838,3.0,3888.7910676306014
1144.0,1266943.66123013,256903.430523112,4.0,156602.0155880782
1147.0,1266424.0107336,228996.977822542,4.0,64871.15403023227
1148.0,1279534.87423503,256265.78284245697,3.0,109187.8014191093
1149.0,1280225.95359573,256246.346554443,4.0,59145.3451658505
1154.0,1253587.65251246,249140.909683168,5.0,1568714.049882213
1155.0,1253358.55555223,249146.480179176,1.0,0.0
1157.0,1275362.68965475,217628.571410894,3.0,3608.663985668411
1158.0,1262803.79946589,235292.416036978,4.0,96964.78467636634
1159.0,1262816.58487391,235734.576229438,4.0,130179.07487258669
1164.0,1271703.57432301,246551.706800506,3.0,587591.729048708
1166.0,1282036.54348558,247899.243825898,4.0,126804.35909936724
1168.0,1270929.08536221,230892.159712479,4.0,161909.8052273403
1169.0,1271245.62213054,230887.318880469,4.0,154511.76369995292
1174.0,1256771.70915572,251732.598069817,4.0,93874.03970790777
1175.0,1256507.73987545,251734.890677825,4.0,143479.17064701105
1177.0,1277779.45746523,222442.761303827,4.0,698603.11647768
1178.0,1265461.55626862,236834.903398558,4.0,257180.6446078704
1179.0,1265761.49265292,236828.365734562,4.0,40686.714374594834
1180.0,1271695.632691,268049.309190527,4.0,432048.0398570945
1181.0,1271704.87217902,268441.698118925,3.0,123661.7155745012
1182.0,1266427.4920136,248978.48510699,4.0,228477.32671047564
1183.0,1266433.83287761,249238.650291264,4.0,74042.78699210254
1186.0,1263667.05425078,258302.658748552,4.0,201167.2779832239
1187.0,1263677.14909878,258966.675133228,4.0,235246.25909508552
1194.0,1263872.01156299,233390.008099034,4.0,688170.0600529462
1204.0,1266197.94583736,252121.445686221,4.0,309164.976372067
1205.0,1266864.60625406,252107.697014198,4.0,395774.14506779663
1208.0,1280759.81074828,232296.356065914,3.0,42626.333333333336
1209.0,1281019.58386855,232285.464673907,3.0,2738.399435287819
1211.0,1275121.67704651,213617.190350786,4.0,1437593.3669728178
1216.0,1280410.21535592,245946.025647894,3.0,63005.71130171485
1223.0,1261484.55696854,235318.263077006,4.0,200543.9272833852
1224.0,1261159.14359221,235324.746021017,4.0,166956.66250417428
1225.0,1280605.79698813,248593.499634609,3.0,42095.2069685536
1226.0,1280752.77996427,248590.666994601,3.0,6934.7455379660105
1227.0,1267645.48855886,260058.240830347,4.0,163589.5651080118
1228.0,1268307.50135954,260042.312062323,3.0,188608.00583836
1230.0,1267613.32721482,257416.060731634,4.0,66694.26086478228
1231.0,1267616.39806283,257679.572027907,3.0,54995.66731979909
1232.0,1274242.27723761,203078.006724,3.0,8960.690018663989
1233.0,1274236.08133361,202838.197123751,4.0,117769.65382382138
1237.0,1280438.26284395,253897.064504027,4.0,724567.0734349994
1250.0,1267331.29105453,261388.447167709,4.0,51541.63571990573
1252.0,1269503.01963276,244493.533806399,3.0,64320.463962008565
1254.0,1261602.42781666,246132.02948808705,3.0,311549.1750331547
1259.0,1272928.01541226,232962.991906598,3.0,51215.66452501472
1268.0,1273779.05534913,231691.099105299,3.0,51874.524431473736
1269.0,1273832.06904519,231649.674593255,3.0,10889.628349146584
1270.0,1265321.03262047,265561.960771978,4.0,193306.77673017213
1271.0,1265418.77847657,266203.527108639,3.0,826959.9249949178
1272.0,1278770.12249024,206278.350663275,3.0,61414.77950916706
1280.0,1269559.41028881,253937.79935208,5.0,503649.43327923806
1281.0,1269563.09336081,254197.697784334,4.0,2532380.4875432625
1284.0,1259383.74429439,258528.731452778,3.0,71459.0342628327
1301.0,1275547.01343094,227945.231901452,4.0,159947.39426493607
1302.0,1275868.60895127,227935.63478145,3.0,59688.09808636204
1304.0,1283084.24083066,234126.226083785,4.0,11764.529308672782
1305.0,1283091.81395067,234401.46109207,4.0,1256473.480425234
1306.0,1278674.20274615,227891.983005404,4.0,132900.21150541885
1307.0,1278996.11020248,227883.778589398,4.0,216633.3205373739
1313.0,1284763.05145638,258435.802172676,4.0,183665.98482477336
1319.0,1268100.04574332,234704.680676386,3.0,4884045.155857751
1330.0,1265524.95313267,251864.592181951,3.0,81269.54493693574
1334.0,1274268.90315764,212036.76833316695,3.0,42390.0
1338.0,1266439.69962962,244514.620974422,4.0,194809.59299575
1339.0,1266449.97751763,244944.397678867,3.0,139801.75259374786
1340.0,1265383.41502054,246027.98999998,4.0,2515125.256935783
1343.0,1280733.25273225,225173.172506616,4.0,185902.26194515452
1344.0,1280738.15135626,225355.379802808,3.0,35979.9098624071
1345.0,1282166.76959772,224132.160473555,4.0,761775.2564419948
1346.0,1282178.79609373,224454.065625891,3.0,166121.17899861038
1348.0,1275616.43327102,257987.411004215,4.0,2188809.0457635536
1350.0,1277086.13637652,225263.291098714,4.0,396439.1413660928
1351.0,1274225.9917976,246089.554224044,3.0,559463.0491213206
1352.0,1274244.97112562,246881.036208853,4.0,151409.8724498789
1353.0,1283987.39750358,207105.022600114,1.0,0.0
1354.0,1283985.43519959,206960.533063978,4.0,1430119.1222253167
1359.0,1283864.28422347,234879.135012552,3.0,172481.66776194857
1360.0,1283867.22451146,235694.236773401,4.0,278910.32327731553
1362.0,1278481.43832995,231501.775009096,4.0,63493.063612613325
1371.0,1274504.02014987,215464.409104675,4.0,162226.63684418192
1374.0,1284701.00793631,253614.741559744,3.0,64086.92278966461
1378.0,1275556.06264696,255830.352954015,1.0,0.0
1380.0,1275085.53407048,220850.718230188,3.0,179637.8237378773
1388.0,1267568.61207877,252092.747254193,4.0,502203.6194015138
1389.0,1268157.60990338,252079.12325416497,3.0,623788.2770736647
1390.0,1271491.95793879,226826.833564311,4.0,596924.7048187986
1393.0,1284622.06124824,245871.451951817,4.0,26409.215961627862
1394.0,1269568.75307283,246744.670000717,4.0,643481.3019578832
1395.0,1270084.47256134,246733.874416694,4.0,1124823.4475473196
1398.0,1281770.97017331,252547.578678653,3.0,40426.69553180436
1399.0,1281768.78706932,253207.738807321,4.0,50278.96422959802
1400.0,1256242.29846717,251737.194165826,4.0,65261.29906538614
1401.0,1256242.72067517,252030.096438125,3.0,20412.32503449815
1402.0,1269747.729137,242785.218924657,4.0,341041.3796299437
1403.0,1269759.91185702,243211.079021096,4.0,277295.9227169706
1407.0,1266292.95191747,234335.555107996,3.0,23170.029465378346
1408.0,1266301.45482947,234645.546276316,4.0,300015.4299124878
1409.0,1285237.33395287,207804.001864836,4.0,322201.82554586924
1411.0,1258926.37546192,257944.110524178,3.0,12235.659291387548
1418.0,1271215.07230651,226663.027740151,5.0,247422.1429602117
1419.0,1271148.29457843,226767.870748252,1.0,0.0
1427.0,1265267.35191642,252413.044214517,3.0,669969.0757384024
1428.0,1267841.84708706,226836.350236326,4.0,983172.8100655758
1429.0,1267526.47767873,227123.164316624,4.0,149626.15187293556
1444.0,1282271.81036583,226022.92700348803,3.0,12934.943487863162
1450.0,1267981.07415919,236954.160422683,3.0,53412.66934845984
1451.0,1267926.48209514,237228.047654971,3.0,42349.48508592766
1452.0,1268908.38532814,254871.683641031,3.0,1700023.1925264976
1455.0,1262756.23421785,268211.764550686,3.0,249487.25144729644
1459.0,1282367.37644593,242877.504876748,3.0,74060.68827275423
1463.0,1283047.22681463,206545.42400755,4.0,1303360.046608672
1464.0,1283036.78585461,206108.674823105,3.0,117532.32972828632
1483.0,1283854.99878345,204123.840901062,4.0,865524.456159027
1494.0,1276146.08741556,216712.592977956,4.0,133490.53977559373
1495.0,1266913.42935811,254783.045048937,4.0,166705.63784897633
1496.0,1266918.31185411,255046.999545217,4.0,353224.4012401896
1498.0,1270986.89003427,263423.95520179,4.0,5019296.449962984
1499.0,1274890.07743028,231231.734816819,4.0,166978.50515149883
1500.0,1275149.07397453,231226.06947282,4.0,120649.36619672702
1501.0,1279859.81388336,213484.59380665404,5.0,1038409.5813792674
1502.0,1280157.60005966,213759.936142936,3.0,661990.5393334373
1504.0,1263011.10973811,258317.911612555,4.0,125880.5945369278
1506.0,1274347.03486972,230407.053727984,4.0,223676.0240624792
1508.0,1269191.90673643,243226.485101104,4.0,251950.2226151573
1514.0,1263477.29809058,235721.662565425,4.0,131041.3199261593
1518.0,1284921.59904054,207378.019784391,4.0,149461.1227152486
1520.0,1274872.23922226,232056.316833675,3.0,105442.21674946837
1521.0,1274922.6951583,232750.388962373,3.0,221375.90884644337
1522.0,1280166.56095567,214379.730127573,4.0,379350.4266766528
1523.0,1280157.66303566,213879.531983063,4.0,435490.86028085015
1525.0,1282059.93548562,229251.359838799,3.0,63336.95532067509
1526.0,1281957.72966151,229592.932703152,4.0,380468.7553253335
1527.0,1269112.17726435,242594.631724462,3.0,44119.17075824763
1545.0,1278039.4648255,222437.436183825,4.0,882581.8622168866
1546.0,1264719.34711586,240653.807530478,4.0,370959.112968726
1547.0,1263929.73418705,240670.835690483,3.0,164261.28311947966
1549.0,1266679.47511786,227458.374940962,4.0,58395.07126592682
1552.0,1267744.12126295,252911.809911028,4.0,1036697.5553463228
1553.0,1268212.54980743,252901.768247008,3.0,522117.67464880086
1555.0,1263981.4198191,242637.306860507,5.0,2196780.208368985
1560.0,1285459.26265709,247453.210929438,3.0,1005547.2676102618
1561.0,1285331.02604896,247702.696945697,4.0,493692.1870277445
1564.0,1285416.86150505,244538.608174458,3.0,317499.21996545955
1565.0,1285671.59264131,244532.98385444295,3.0,270441.7770973611
1568.0,1269742.628401,245416.677615345,4.0,166555.60015258664
1569.0,1269748.66155301,245676.593775615,4.0,208648.50888315943
1589.0,1262102.67024918,258612.349052861,1.0,0.0
1592.0,1275684.77893509,232449.529634073,3.0,10906.64318204835
1597.0,1262133.68234521,239854.097193658,3.0,49585.62408841136
1598.0,1262135.47760922,239963.499177769,4.0,87657.2214378469
1601.0,1275915.34475932,229539.591583088,3.0,164554.3732808381
1602.0,1281568.08012511,226491.612443969,4.0,117689.02911079272
1616.0,1265559.18238072,234351.846692026,3.0,37582.78415858081
1617.0,1271561.45253086,254787.508920953,4.0,235992.0772200192
1621.0,1255006.49187391,255818.656826004,5.0,8144458.801108326
1622.0,1254673.75664157,255820.322490007,3.0,12198146.951044194
1624.0,1277582.25151303,257596.83269982,3.0,3670920.329034088
1625.0,1277589.86207303,257928.357948169,3.0,3644805.5204993966
1628.0,1266343.19690952,245486.935983419,4.0,231875.22626652164
1630.0,1272098.57579541,210779.675339878,3.0,85.17857142857143
1631.0,1273769.89067712,226613.1561241,4.0,914421.0818471868
1632.0,1273775.26962113,226843.562524334,3.0,14429.881395679786
1633.0,1277796.40197724,206326.987079322,3.0,128051.89245985803
1634.0,1277892.57503335,206328.075015321,3.0,41733.6558586435
1635.0,1272663.35685199,215817.215441033,3.0,353629.5892931419
1637.0,1272049.04376335,227163.49494065304,5.0,408260.67693092825
1639.0,1272817.16658016,244387.570094302,4.0,150642.05868827843
1640.0,1273081.11352442,244379.698670283,4.0,149070.87565867038
1647.0,1266649.21694183,258232.099132478,4.0,435459.1333092018
1648.0,1266663.01482984,258892.524349153,4.0,729183.3474524781
1649.0,1271677.80069098,250154.408308208,3.0,3154.372176009085
1650.0,1270987.97989027,252696.43896681105,3.0,16652.000237653887
1651.0,1271146.43595444,252946.071991056,3.0,1377.7218148775708
1652.0,1282171.57337372,252050.04754214,3.0,43370.97071124036
1655.0,1267648.54238285,260322.436158612,4.0,1057591.0839180937
1656.0,1277229.63736866,244684.56817460095,3.0,46374.913125473606
1657.0,1277248.86636068,245338.345711276,4.0,62276.24104477654
1658.0,1282038.56409359,250555.251316607,4.0,143709.6127018294
1662.0,1283588.64403118,253170.509879291,4.0,144035.76192812543
1673.0,1275240.42840663,205866.347270846,3.0,15385.61713054371
1674.0,1275228.69451861,205386.790150359,4.0,95112.56978705028
1675.0,1263590.7588267,248996.239667013,4.0,325668.98289643973
1676.0,1263601.12164271,249662.176307693,4.0,263051.98706782085
1677.0,1266178.93143734,251273.617973343,4.0,175481.42119428227
1678.0,1266186.06302136,251611.141941696,4.0,201482.6334487229
1681.0,1278098.07071355,253278.899063393,3.0,139018.93432583465
1682.0,1278172.57970563,253710.297847837,3.0,874.3405852751197
1688.0,1274553.34584592,229660.716319218,4.0,718002.3937554631
1689.0,1266172.00990134,250939.070773005,4.0,250082.1296694291
1690.0,1280476.654524,226080.418011546,4.0,189515.77498596604
1691.0,1280492.39628401,226525.37910001,4.0,312174.3915258903
1692.0,1263228.07453834,243838.857581735,4.0,420433.77264682745
1693.0,1263232.24445833,244114.135598019,4.0,258060.82798443272
1694.0,1274807.69311018,213944.638159126,4.0,623322.4254073184
1695.0,1265144.39646029,236221.52144593,3.0,4482.342073916695
1696.0,1265153.85380431,236551.006694272,4.0,52419.98758951521
1697.0,1274476.73016585,244754.345262676,3.0,237139.7837429209
1698.0,1274495.01624587,245418.204527348,4.0,127398.0808366513
1707.0,1269646.73425691,261474.781311795,4.0,183237.76716546444
1708.0,1270097.01316936,261456.576639771,4.0,205325.02809635564
1714.0,1276785.40664822,226122.781467587,4.0,850342.5370981339
1715.0,1277107.06578454,226114.679771587,3.0,780524.9664295181
1716.0,1276430.34667985,204525.698373482,3.0,80763.40181449242
1717.0,1274503.26392588,249745.468467787,4.0,140010.23949394902
1729.0,1277558.832569,218526.827475816,3.0,47435.05138271298
1730.0,1277552.988089,218097.387091368,4.0,377406.9300100573
1732.0,1284295.91161591,206957.100615963,4.0,1405253.4038257431
1733.0,1284605.87884822,206953.672199965,4.0,1118300.5386657575
1735.0,1281717.30982126,206873.356743887,4.0,1212540.69752712
1739.0,1254709.2952656,253766.092343897,4.0,180817.65617720693
1745.0,1260263.42954329,246400.609328359,6.0,2331613.722072922
1746.0,1259605.93245462,246414.937072366,4.0,132726.01635534002
1750.0,1278722.5352902,255572.144505754,3.0,23060.187253815875
1751.0,1271777.41995509,219665.846228987,3.0,11228540.9080315
1752.0,1271697.556595,217398.749714658,4.0,8498229.160133537
1753.0,1264481.26884361,245338.77943927,4.0,138619.67209447932
1755.0,1266343.97015752,236195.40733391,4.0,123224.87897646904
1756.0,1266643.83569382,236188.90474189803,3.0,118511.29954656334
1757.0,1279855.58981936,252584.106486693,4.0,261389.64217265905
1758.0,1279855.27679536,253245.91749537,3.0,81938.94097223798
1759.0,1285666.71174531,203608.13325253097,3.0,68917.73114511353
1761.0,1283710.4817273,261386.923903704,3.0,112238.3782742988
1782.0,1273412.84677276,246377.26494433,4.0,15317284.251819884
1783.0,1283810.9014394,203029.963459939,3.0,1240.7486245862926
1788.0,1270360.59435363,243620.905581504,4.0,141644.0543968094
1789.0,1270666.18923394,243608.576877505,4.0,113134.77326682524
1790.0,1266709.5422539,265509.18925193,4.0,425724.9709601822
1791.0,1267031.59415822,265501.511747912,4.0,432152.32265176513
1797.0,1266368.71031755,264193.708610579,4.0,450583.4140555436
1801.0,1285796.61075343,250477.460788533,4.0,515319.8447354851
1821.0,1279334.91301882,231474.695649073,3.0,544675.7504813339
1822.0,1279620.93637912,231465.619873062,4.0,916337.0627378316
1823.0,1283325.18815891,254477.711992621,4.0,19148.781577027738
1824.0,1283563.10604715,254465.992824614,3.0,429308.6627400237
1832.0,1278026.86380148,227484.755484983,3.0,27838.983688083656
1833.0,1278341.1765058,227475.324060977,4.0,49567.63776657391
1834.0,1269492.70929675,225148.309018597,4.0,5717608.018276192
1835.0,1269770.02596903,225312.218138769,4.0,7346107.67944335
1837.0,1272204.33835553,231596.764641196,4.0,294553.6274734702
1840.0,1277216.24466465,212518.088525668,4.0,89298.5802446433
1841.0,1277295.74520874,212091.082189217,3.0,27808.34754943039
1843.0,1267062.56555025,232761.27869039803,5.0,1035459.8418115372
1844.0,1279680.44517918,216316.825681552,4.0,347409.9637371908
1846.0,1265139.81054029,233130.044706762,3.0,8904.314688511102
1847.0,1265144.13201229,233307.692002952,4.0,6865.991148901928
1867.0,1272526.39320385,243476.00401336,3.0,59536.159134661146
1869.0,1272704.41874003,221208.774550557,4.0,127964.289345023
1871.0,1267411.13835061,209574.363146648,1.0,0.0
1872.0,1268552.16196778,209552.779850632,4.0,4638431.182850641
1874.0,1258139.43901312,256769.210682973,3.0,10555.35511457847
1880.0,1275838.29829524,226573.948252052,4.0,221495.70364129503
1881.0,1275848.92722325,227071.635228559,4.0,327190.46260942094
1886.0,1283227.46463881,242561.13866843295,3.0,294519.5124924625
1888.0,1278956.18937044,201379.394306257,4.0,77342.00619976585
1889.0,1278950.16185042,201029.721409902,3.0,7803.368041717496
1890.0,1265123.91914827,232490.584354118,4.0,663466.9932046491
1891.0,1265132.06775628,232810.229730442,5.0,920031.6053656614
1892.0,1283922.56102352,198576.083967388,4.0,710046.6903581902
1893.0,1283931.65811153,197906.480638698,3.0,1186321.1705273602
1895.0,1268984.22897622,261491.262271807,4.0,132787.1532958199
1918.0,1268258.42174348,245965.252271906,4.0,187959.25089160696
1923.0,1279530.18169102,256002.785018191,3.0,43098.60231925087
1924.0,1280213.81778772,255983.628602177,4.0,61799.15832770459
1925.0,1268019.22372724,244249.361710161,3.0,8920.687351591298
1926.0,1268023.04164724,244389.309230298,3.0,34231.82777580312
1928.0,1274158.84888552,224291.51548171,4.0,70347.80816493726
1930.0,1266361.83070154,236815.279782549,4.0,149163.92239453355
1931.0,1276464.47813588,214593.630991787,4.0,195235.4882921134
1937.0,1286775.59040244,206930.195527941,4.0,220530.2101031157
1940.0,1276708.81592813,250661.072948724,4.0,266019.9100933259
1941.0,1267358.50916655,245194.847023129,4.0,515996.6652407683
1942.0,1267665.62078287,245187.42641511603,7.0,1057135.9107664009
1951.0,1282815.03071839,248204.545394212,3.0,296304.2628822523
1952.0,1283476.35551906,248191.914802194,4.0,559110.2367039499
1956.0,1265465.42007662,238867.757608637,4.0,119710.20242004732
1957.0,1265472.68055663,239207.628648996,4.0,207331.7701677284
1958.0,1278727.2675782,217530.109714791,4.0,43692.72193955384
1959.0,1278971.78482646,217523.122514784,4.0,268174.45290424145
1962.0,1274514.62872589,225754.06012322,4.0,175797.877572054
1976.0,1273314.68658066,235509.045541197,4.0,2796776.635741485
1977.0,1273607.98027696,235505.348645195,4.0,1722505.4466178317
1980.0,1277336.08005677,207023.463048041,4.0,213226.04257196496
1982.0,1281766.75103731,253871.344440013,4.0,91823.74902546806
1989.0,1281556.38694109,195941.521596685,4.0,443007.9473864981
1990.0,1278629.37081011,223885.560537308,4.0,378236.0770810886
1991.0,1278644.00165811,224561.320666,3.0,337091.1760133
1992.0,1257402.91261236,256421.680826619,3.0,221315.3408908267
1993.0,1257407.73546037,256636.626298845,1.0,0.0
1994.0,1279419.14053892,230591.61635217103,3.0,106039.0988940224
1995.0,1279328.42911482,231186.489824772,4.0,347184.87479755323
2004.0,1276200.10335161,228354.493853882,4.0,141130.01775709633
2013.0,1269384.19179264,227898.66012540503,4.0,12897.272128678056
2014.0,1279600.5365071,226529.11695601,4.0,341914.1880693939
2020.0,1267604.67793481,256359.218682557,4.0,78400.49852919423
2021.0,1268264.53751948,256343.313530535,3.0,120410.72019414789
2026.0,1264704.57745184,240010.015209809,4.0,1665385.746797523
2029.0,1275177.93509457,253490.023991615,4.0,652597.7379019005
2030.0,1275484.04901488,253513.60498364296,6.0,13574169.049919404
2033.0,1273013.40306035,218739.330708027,3.0,42414.0
2034.0,1273175.93618052,218735.244436026,1.0,0.0
2039.0,1287359.46585904,206923.716871932,3.0,265324.17385424074
2040.0,1263047.38295415,248475.790898487,4.0,1125745.9066578466
2041.0,1263065.64932217,249007.405683026,4.0,1348294.5284693146
2053.0,1276438.21739985,218127.247955412,4.0,137689.38032554966
2058.0,1264972.89975612,246572.673968539,4.0,219476.9444658032
2060.0,1263840.31671496,232714.748962343,4.0,1041714.9426103856
2061.0,1263500.55818661,232723.950370356,3.0,140856.17811750472
2062.0,1278015.37170547,221035.307734385,4.0,1338234.291682309
2069.0,1266876.88542207,235252.983716935,3.0,289240.00297604786
2072.0,1264395.95799552,264243.028098628,4.0,659994.466322212
2073.0,1264228.25821935,264247.365314633,3.0,53932.61693722889
2075.0,1263243.09713034,244788.092590705,3.0,48339.8972287518
2076.0,1262711.84656981,244799.726382717,3.0,15698.36699490631
2077.0,1279976.89925948,201359.60493023705,3.0,1945.6029399955728
2080.0,1279493.97964299,221578.361750945,4.0,207039.6364832488
2082.0,1282937.81036651,201742.896194622,3.0,9386.86861413115
2083.0,1282936.4081265,201486.530562371,3.0,20551.451384139888
2087.0,1282044.9335016,233409.235427052,3.0,87420.7388944709
2096.0,1284502.97881612,248636.654130653,4.0,217605.81998080376
2102.0,1261268.80285633,239076.187624857,4.0,392287.8208258905
2109.0,1274832.52607021,225319.881498769,4.0,576055.3090345638
2110.0,1274842.70712622,225745.798619211,4.0,155930.6754044906
2116.0,1264163.84004329,236593.919974312,4.0,245577.57128952965
2124.0,1282238.81177379,225200.412250653,3.0,21594.236374200427
2125.0,1282252.57945381,225584.054555044,3.0,22109.22576260321
2127.0,1268777.81144001,245434.910831362,4.0,488319.9915825859
2128.0,1269011.62955225,245430.441007361,4.0,151676.38052538544
2132.0,1266335.46820551,235885.445029587,4.0,244181.04139245892
2133.0,1283245.76639883,199927.153088763,3.0,637369.5966223897
2134.0,1283582.03481518,199921.767616764,4.0,598510.9704466186
2139.0,1286208.79430586,196460.104253218,3.0,42390.000000000015
2140.0,1286412.84704207,196225.423932984,3.0,379451.1706984302
2141.0,1280579.1838681,247268.957361251,3.0,166913.437392539
2142.0,1280592.55193211,247928.748337924,4.0,156652.8316890596
2143.0,1285023.55910465,205448.40909442297,3.0,4542.078123009517
2144.0,1285452.67110509,205437.222790405,3.0,251296.82233133996
2147.0,1279193.00946668,248620.809330627,4.0,170001.5662259637
2148.0,1261026.42666407,252361.49080646,4.0,168703.70762396808
2149.0,1260766.45904781,252365.710646465,4.0,147551.89239841458
2150.0,1273615.98251696,250085.904180124,5.0,4213388.367114392
2151.0,1273901.41304526,249588.391667619,3.0,7650195.454412041
2153.0,1272434.49144375,210776.721611872,4.0,99761.83164720058
2155.0,1284145.14489575,235254.782244951,3.0,160.4033264980634
2158.0,1271577.55915488,256112.460346296,3.0,46483.78646620853
2159.0,1271578.29534689,256172.89657037,3.0,81809.57719001731
2162.0,1279661.84313115,219854.39406918,4.0,388692.0934022663
2163.0,1280171.46943568,223810.10268122,4.0,317310.705918388
2164.0,1280182.7811157,224170.02357760104,3.0,62231.07934911724
2179.0,1264444.16260357,234817.667620495,4.0,305758.0339146207
2181.0,1281177.71743672,250571.040308625,4.0,140275.8667854392
2182.0,1281511.28633305,250564.991476625,4.0,334923.3630442732
2186.0,1264260.12721139,252429.462134525,4.0,766427.6872798711
2202.0,1271828.99333113,227522.071965024,5.0,590877.7430161401
2203.0,1271612.31659491,227887.78153340504,3.0,64568.74277434574
2206.0,1273112.38315645,202640.982979551,4.0,3405342.57648064
2207.0,1272979.84043631,202086.167810977,4.0,3126356.6782009024
2225.0,1274150.00773351,214282.951503471,3.0,96298.76966644695
2226.0,1274486.24325386,214274.976783454,4.0,159016.4585848486
2235.0,1277772.29804122,217336.707858592,4.0,149915.7921764196
2236.0,1278094.29247355,217328.419154584,4.0,237554.92501155185
2237.0,1265377.47306854,263555.321409926,4.0,262847.6838855571
2238.0,1265707.17975686,263547.155137911,4.0,697006.5913366745
2239.0,1264493.90858762,236587.30711031,4.0,167100.5371738425
2242.0,1286173.06668982,208220.565321267,3.0,665.8125162009143
2243.0,1286175.69331382,207792.38343282,4.0,84148.92929300998
2244.0,1267935.01982315,241749.868331596,4.0,431763.0915717351
2245.0,1267941.85771115,242000.12471585,4.0,269797.715646398
2255.0,1265457.71306862,233873.845347524,3.0,214666.70224581036
2264.0,1279923.52505143,216050.001105279,4.0,83239.6652127436
2265.0,1284997.91251262,204094.502341032,4.0,1138929.738750503
2266.0,1285673.75532931,204077.40493302,4.0,523472.7801046828
2270.0,1281244.87737277,253217.995639339,4.0,89987.44455633374
2271.0,1281508.96479705,253213.008439332,4.0,107550.4935664122
2272.0,1280709.66226824,215323.429072529,4.0,54743.5936802559
2277.0,1280349.63346787,205296.267014265,4.0,516150.7856294751
2278.0,1280343.22892386,204947.482949913,4.0,361649.15408240806
2279.0,1270303.23326558,206931.616775945,4.0,69695.69318994998
2280.0,1270290.26251356,206290.107527286,4.0,110934.41082972546
2289.0,1269925.77368119,225049.091674492,4.0,2521309.475387912
2290.0,1270283.21752155,206020.89907901,4.0,34471.85400191924
2292.0,1270518.2840178,260124.747262418,4.0,8527229.7944938
2299.0,1274821.89189421,214894.9637281,4.0,145518.37415022185
2302.0,1266318.4567495,235265.320932955,4.0,46118.30311109786
2303.0,1266326.9617095,235575.362661272,4.0,314067.0595669992
2304.0,1263053.73495415,260978.846591279,3.0,431673.6203451282
2307.0,1266999.02103819,261937.38764827,3.0,453275.8705386771
2308.0,1267336.03217454,261934.50707227,4.0,879594.4089801087
2312.0,1264534.69559567,245782.968175724,3.0,235868.36177610536
2313.0,1264052.36881118,245801.614831746,4.0,359394.2159529986
2315.0,1259650.41827866,248548.645426556,4.0,243275.34681490925
2316.0,1268384.7547996,240216.41796203,6.0,14256088.663746497
2320.0,1265313.37284446,258925.254909188,4.0,20241.71724398697
2321.0,1265643.27377281,258916.903229177,3.0,12896.980610732771
2331.0,1256940.50934789,259611.92710188,3.0,1605642.2345497853
2332.0,1256562.58685151,259534.16838181004,3.0,1085878.591482853
2333.0,1267729.96612693,268803.482183293,4.0,4335003.750095999
2338.0,1276693.66994412,249275.018291295,3.0,1485859.130289839
2341.0,1268229.68753545,244905.496878833,4.0,59962.55797107324
2342.0,1269876.73873714,253725.908343852,4.0,6034075.751039919
2344.0,1272904.00069223,256404.555258602,4.0,47676.5695655504
2347.0,1263845.10410696,248456.027506456,4.0,569907.5108960582
2349.0,1276904.70264833,256621.686330825,4.0,619482.8630175496
2352.0,1266154.64900532,234013.672547668,3.0,503986.48455032246
2354.0,1270444.01483372,226701.19010818,4.0,1418994.2883049983
2355.0,1270227.0148975,227068.099484563,4.0,874921.3005611813
2369.0,1271509.46315481,242253.979500115,4.0,25901.56609407165
2371.0,1266323.9711815,260354.354750648,4.0,670523.4767696828
2376.0,1267277.00113447,244927.220590845,3.0,5552.6745314312975
2381.0,1270606.69528188,204617.660741568,4.0,129956.0484777406
2382.0,1278190.14104965,218065.474131346,4.0,399930.43897049234
2384.0,1272084.8084354,227986.983453497,4.0,133317.62251150486
2386.0,1284103.9507197,245224.879407153,4.0,79295.54417877414
2387.0,1284111.52582371,245882.603503823,4.0,50695.38277221728
2390.0,1264949.78398009,256297.929466486,4.0,406804.40303415374
2393.0,1266966.95518216,258885.258621141,4.0,167437.22361451865
2395.0,1279765.72319527,201990.841858879,4.0,140136.03408535713
2396.0,1279760.68089126,201363.459586233,4.0,39631.43476264663
2397.0,1272862.0335882,239064.40784885,4.0,118978.80290346246
2398.0,1273148.10718849,239558.556137353,4.0,84778.0
2399.0,1273039.87966837,221813.514519185,4.0,146505.49825653917
2400.0,1273033.12939636,221507.620118871,4.0,135271.69211610293
2403.0,1283069.60959865,254484.056120634,3.0,32380.575624865927
2404.0,1283068.47705464,255126.034489289,3.0,57320.19899816454
2407.0,1264817.05425195,234367.548452035,4.0,709833.5600097788
2408.0,1264543.66967568,234373.429028034,3.0,65839.61429440163
2411.0,1286417.22630608,197203.771389976,4.0,328374.6513766552
2413.0,1274294.02219766,205947.172550932,4.0,198427.717910192
2414.0,1274680.78123805,205881.890886873,3.0,25307.05093046409
2420.0,1265141.67338829,236122.655525833,3.0,5583.127045963506
2421.0,1266260.39652543,255324.224377498,4.0,1527783.4399683285
2422.0,1266265.93854144,255598.158905774,4.0,212574.642775336
2430.0,1277027.88876046,247343.600561321,3.0,44956.9676148794
2431.0,1269035.61080028,267067.260933518,4.0,887936.5700954192
2432.0,1269040.81252828,267445.871045902,4.0,7503989.712811526
2446.0,1277146.78783259,217561.984274819,4.0,833246.0445946009
2456.0,1284231.74214384,198572.046847388,3.0,95231.80987166717
2457.0,1284228.84025583,198379.94918318104,3.0,43285.8599177911
2460.0,1283653.40966325,195741.510204479,3.0,44966.187637428506
2461.0,1284026.61100763,195735.403260469,1.0,0.0
2463.0,1281512.27513306,255426.990585595,4.0,1350507.4021581465
2464.0,1277744.0635452,220349.513493687,3.0,29837.320778780155
2465.0,1277733.07205719,219793.734101117,3.0,38501.71710014577
2466.0,1276388.7201198,201754.200962633,4.0,127164.0
2480.0,1264770.90577191,245333.813615263,4.0,64103.296218083975
2481.0,1281521.14521307,225146.939290598,4.0,68355.0344930676
2485.0,1264028.72151515,244560.124846473,3.0,39718.529584283126
2486.0,1278612.46469808,222042.600023419,4.0,1489208.4841585949
2497.0,1277589.62386504,258414.809084654,3.0,924559.6430562095
2498.0,1277589.53791304,258590.438972846,4.0,820277.3201845791
2499.0,1282396.60473396,226898.972188383,3.0,9730.729482799785
2510.0,1265435.87159659,235905.175653607,4.0,107282.24069991636
2511.0,1283596.19910319,244316.674542218,3.0,127439.91831330194
2512.0,1283601.68831919,244572.203566492,3.0,1426436.294547808
2514.0,1272067.31729938,221528.671254888,4.0,109177.24602980672
2516.0,1254594.64227349,252828.935734943,3.0,98314.085918208
2517.0,1254344.98403323,252835.484278947,3.0,60541.68245383791
2518.0,1283494.83974308,250527.997748584,4.0,241695.59413520808
2520.0,1268215.47467144,244385.4582223,4.0,220580.82251785384
2522.0,1262326.1891614,257015.04940322,4.0,514484.0329477455
2531.0,1270018.69054528,259473.89292573897,3.0,24568.81804369966
2533.0,1269949.79403321,226904.232988387,4.0,894417.4217507684
2536.0,1281472.86610901,229324.381726876,3.0,64237.5753697261
2540.0,1279844.67250735,253907.97029604,4.0,596954.492611555
2541.0,1280844.38047637,228260.729949787,4.0,632419.5376682834
2542.0,1280859.56780438,228695.674270228,4.0,827123.9000386881
2547.0,1284358.87673597,245219.182895154,4.0,61275.31872647595
2550.0,1265658.40330882,260106.055038393,3.0,100481.56916969753
2551.0,1266320.68119749,260090.120062381,4.0,146741.68362896325
2557.0,1263634.89028275,256189.897530377,4.0,104883.80350928272
2558.0,1263638.97725876,256458.298554659,4.0,58617.061339471096
2561.0,1266986.43217418,229736.11907129,4.0,8952692.537459204
2562.0,1267308.0837585,229728.076447278,4.0,9170465.17692888
2566.0,1264951.8600761,249578.911731616,4.0,109265.15744344491
2567.0,1265206.74474835,249580.480307609,4.0,174001.77590652462
2568.0,1280367.78757988,218421.349395707,4.0,433421.4710193318
2570.0,1280306.18207581,228701.303518236,4.0,135756.49051304563
2571.0,1280321.73189983,229167.058206707,4.0,135323.51450293956
2574.0,1278933.66117841,225591.016475052,4.0,902686.9983839114
2575.0,1279255.57561074,225584.055835038,4.0,415440.7575647588
2579.0,1274816.24031019,224643.12169008,4.0,305597.6890222955
2580.0,1279584.96601108,207073.442248091,1.0,0.0
2581.0,1279739.14681123,207065.80288808,4.0,333246.9933873086
2584.0,1258765.60016575,247092.360945061,3.0,31963.00678665365
2585.0,1258554.12355754,246930.963312894,4.0,72128.85991816138
2588.0,1266601.34628579,234638.889764309,4.0,628685.7758037846
2589.0,1266609.83479778,234948.752996624,4.0,226417.6739900148
2590.0,1278943.49189842,225957.016731426,4.0,575103.8095168313
2594.0,1278712.32505019,251278.347957358,4.0,168408.20053719834
2595.0,1266896.35198209,227696.541469201,4.0,152513.9159315683
2596.0,1270635.75326592,225114.057434559,4.0,808769.4460043359
2597.0,1270479.87166576,225377.276058823,4.0,5730000.114011934
2613.0,1266903.65374209,254254.656312406,4.0,3483472.888508946
2615.0,1272409.83531573,204136.741125077,3.0,789653.9614083337
2616.0,1272619.22072394,203757.031940684,1.0,0.0
2626.0,1265559.83658871,253481.723831609,4.0,219879.75219779348
2627.0,1266270.62750144,253469.667063594,4.0,254534.42206922697
2634.0,1286140.56051379,205954.337222934,4.0,73366.15683025804
2638.0,1278165.79756163,204085.089029029,3.0,453112.62720027607
2651.0,1266814.359662,260610.073086902,4.0,1273160.333941113
2652.0,1266812.601134,260869.738879174,3.0,40949.749258062766
2653.0,1281351.24102089,231807.192353413,3.0,154687.66925470138
2654.0,1281368.13433291,232471.425634101,4.0,4328660.283262974
2658.0,1280255.49945177,227424.008220926,4.0,130950.53222664115
2659.0,1280541.77580406,227416.873052925,4.0,412291.5796745776
2662.0,1267113.10379031,227934.797853455,4.0,204236.50425654356
2664.0,1268073.00676729,246228.95153617897,3.0,6607422.738811788
2665.0,1276885.72204031,255958.279226139,4.0,1414135.0284006111
2666.0,1277544.15941699,255938.711354122,4.0,1050140.0234262948
2668.0,1275299.81119069,251867.540341958,4.0,54709.305562047775
2669.0,1277502.23064895,249616.655091643,4.0,191527.1500806857
2671.0,1271225.37873852,229627.305951178,4.0,390645.1739454839
2672.0,1271541.90334684,229638.150431186,6.0,4807459.194079808
2674.0,1277748.20165719,216363.970641598,4.0,270192.6007827372
2681.0,1270008.32241727,202187.531779081,4.0,8844443.528946472
2682.0,1270040.1399533,201799.360002682,5.0,1627045.086124875
2686.0,1286893.89101057,199156.404287979,3.0,166677.32224456806
2698.0,1266940.46699013,236182.471973896,3.0,84500.71009871183
2711.0,1263241.26250634,233722.64649938,4.0,276294.1721910606
2712.0,1263248.60202634,234039.033059701,4.0,239676.60798490312
2713.0,1269465.93246472,243219.0461891,4.0,334790.86671808374
2716.0,1260680.21245572,257709.199931934,4.0,1804047.9958206727
2717.0,1260348.57437538,257716.301947951,3.0,1739192.3695691838
2720.0,1274356.22315772,208416.658121467,4.0,360183.64382931823
2722.0,1263471.20721057,247380.574257359,4.0,382034.0486886749
2723.0,1262757.74538584,247395.194993377,4.0,425526.0845789516
2724.0,1268673.5901919,246229.345584184,3.0,6796193.580239699
2727.0,1274536.31666191,216751.845842004,4.0,45183.547422973104
2728.0,1274528.4252699,216441.672529683,4.0,149464.70207340547
2733.0,1272716.93970005,200982.259585842,4.0,2981042.765094771
2734.0,1272989.24856432,200917.261377782,4.0,163121.976595819
2736.0,1274856.42591023,252134.895158231,4.0,466242.2998723177
2737.0,1275116.2843425,252125.96402221904,3.0,54451.15945007989
2741.0,1273524.69893287,201956.246786848,5.0,195265.11088748276
2745.0,1260950.00292,248255.043314263,4.0,110857.06053832796
2754.0,1269562.01688081,223767.338649184,4.0,51472.289021427656
2755.0,1269406.24260865,224030.398873448,4.0,47123.56554456814
2757.0,1266957.06641415,236802.317542523,4.0,81831.14305888303
2758.0,1266966.22187015,237121.268646851,4.0,108001.49069310432
2760.0,1268464.1467357,226254.061403722,4.0,276735.75668030325
2761.0,1268156.84747137,226549.587356031,4.0,506891.2982287299
2764.0,1270524.8588018,260787.106495082,3.0,38633.36960842036
2776.0,1279350.59052284,222610.422040001,4.0,2028927.427912637
2777.0,1279619.90258712,222605.118231997,4.0,915802.741685462
2778.0,1269881.95064114,229663.269151226,4.0,286752.1326687409
2779.0,1284590.3411842,206187.529031172,3.0,36687.469966630975
2780.0,1285040.82809666,206174.752775162,3.0,8221.307423015707
2781.0,1267685.57508689,245977.554735929,4.0,239580.66469425216
2784.0,1268058.88766328,245709.074991643,4.0,122363.0421630096
2791.0,1284920.99276854,199900.323072746,4.0,106032.16796201728
2792.0,1285072.54099269,199897.89561674,1.0,0.0
2794.0,1272208.96171552,253459.929911584,4.0,128817.1975096117
2797.0,1257893.08515687,257063.552251279,3.0,306220.76249937154
2798.0,1257681.06230865,257067.12773928,4.0,499909.7082136841
2800.0,1277853.57509731,253283.43941541,4.0,389577.7127796467
2803.0,1263975.47325909,256977.717115194,3.0,43913.0598116298
2804.0,1263985.2495151,257636.257467866,4.0,104488.2812893236
2807.0,1280246.93023576,257848.897148088,4.0,717317.7051298888
2809.0,1274852.97483823,226171.829275638,4.0,320795.7466513333
2810.0,1270870.07761815,240248.509098053,3.0,1235.9144802125732
2811.0,1270874.29643416,240399.872682214,4.0,47617.36301250988
2816.0,1264601.81943573,243655.916333541,4.0,834191.0020979755
2817.0,1264305.78756343,243664.356653556,4.0,496649.62261652655
2821.0,1266876.69943807,228585.211230114,4.0,208780.6867140212
2824.0,1274164.18712553,249454.305011481,4.0,1415073.8101226883
2825.0,1274497.06315787,249445.50123547,4.0,1251719.8530946667
2838.0,1280636.76870015,212707.00878185,3.0,364035.50795747736
2839.0,1282891.71756646,258102.260476336,3.0,182541.68188117415
2840.0,1282737.0256623,226426.259547904,3.0,248236.4920997325
2842.0,1284891.82380851,191859.586552501,4.0,182362.76124681928
2843.0,1284880.01580851,191516.639736161,1.0,0.0
2844.0,1274470.75576584,213632.910478801,4.0,220437.0117995345
2845.0,1274447.08882181,213307.481998473,4.0,508739.0534331443
2846.0,1261713.39351279,259680.452541962,4.0,702108.5176106779
2847.0,1261726.87511279,260345.953854635,4.0,318022.0210859836
2848.0,1258922.20842192,252365.443894461,4.0,51319.211503436665
2849.0,1258932.43088593,253049.557047173,4.0,98799.61774745448
2852.0,1274108.39525346,234453.962020129,3.0,537712.2584706702
2853.0,1274138.6783255,235174.185956866,4.0,461525.50852006447
2854.0,1278523.42873,220334.650645673,4.0,1973683.04864347
2860.0,1273267.11909261,223826.489177242,3.0,69392.15846805346
2861.0,1273502.01259685,223965.498713389,3.0,34965.07001873796
2868.0,1282839.59174241,255659.615417838,4.0,375530.55800254055
2869.0,1280569.39154808,227841.96930936,4.0,496742.3932838069
2874.0,1272696.30590802,226689.518556178,4.0,656141.9694484422
2880.0,1274261.67774963,258027.08543627,4.0,3806607.887286368
2881.0,1274939.06059831,258007.546428248,4.0,2965372.720148337
2884.0,1273289.31589264,252761.206518874,4.0,60639.106985637176
2889.0,1265779.92996494,239986.427305788,3.0,1935572.607024419
2893.0,1258839.97008583,259078.912445337,4.0,205861.9488182751
2894.0,1258846.32214984,259348.84070161,4.0,220843.37331426208
2895.0,1266001.57258917,234652.19978033,3.0,159171.5457947891
2896.0,1275572.72767097,249422.430387452,4.0,421436.6990148985
2897.0,1275874.32773528,249533.979763567,3.0,178782.75937571854
2898.0,1284337.12383994,209962.746891052,3.0,130984.07850483316
2899.0,1284647.40243226,209958.398795038,4.0,73934.13860657607
2902.0,1284301.58745591,207384.95380041,4.0,265254.60923502734
2903.0,1286144.6037778,206214.22874321,4.0,20765.441580015136
2906.0,1281558.3820131,220271.767573595,4.0,348947.6199010007
2907.0,1281678.34438123,220270.8718936,1.0,0.0
2909.0,1260915.75203995,246625.281136587,4.0,650652.7362689701
2911.0,1277871.38476132,244872.249198794,3.0,102906.51302825748
2916.0,1284611.44940822,207381.486920401,4.0,162314.28389510847
2919.0,1258196.26269318,248049.066994041,4.0,1117180.8267558387
2920.0,1257495.54493245,248064.528946057,4.0,1263590.412779804
2921.0,1285062.81958468,258426.218492672,4.0,157556.93953796898
2922.0,1265438.03825259,229022.408862561,4.0,65878.61312884201
2923.0,1265655.26026881,229261.34505480496,3.0,6309.044206843517
2926.0,1256765.99881971,251072.717813149,4.0,121855.10584118526
2927.0,1256502.03971544,251074.96715714,4.0,146003.78259571837
2928.0,1271597.09483489,204589.100805536,5.0,3257180.081834112
2929.0,1273475.97163682,249533.265523568,4.0,1580722.732386591
2930.0,1273491.10418084,250089.55934813604,3.0,1280002.5337564987
2931.0,1262751.29399385,232565.857826188,3.0,2254216.4330667024
2935.0,1276922.99954435,257284.538363501,3.0,156399.78280018666
2944.0,1271266.83825856,205717.108038694,4.0,54645.38646474264
2947.0,1260279.7057033,247170.951345146,4.0,235496.9339361111
2950.0,1261806.09770487,252348.484598443,4.0,260479.2312595296
2956.0,1269364.60945661,228063.76578958303,4.0,23656.124265823542
2958.0,1255545.05213046,250191.897716239,4.0,1188079.9956787832
2967.0,1280247.86917976,257517.499835745,4.0,214671.02117316535
2969.0,1262486.12260157,235741.034853444,4.0,155556.83161864875
2970.0,1280589.8206041,209932.486731008,3.0,117707.84354751432
2971.0,1280612.60242812,209652.56442672,3.0,45357.27268614064
2974.0,1272935.08267626,268009.274118483,4.0,90694.09821204028
2975.0,1272681.73605201,268199.304902673,3.0,42773.19266045314
2976.0,1269839.1259371,223931.45122535495,5.0,276863.48904064886
2977.0,1270116.02072138,224095.413145512,4.0,296979.7219936972
2978.0,1283877.34028748,193146.00460182095,3.0,43075.76045712739
2979.0,1283872.44460747,192894.577913567,3.0,121278.6794688044
2981.0,1280735.04146826,230899.09276849,4.0,2734704.4130833214
2988.0,1266677.69886187,244189.30929409,3.0,42577.0275684081
2990.0,1276968.9820724,245346.372271284,4.0,160581.67129658596
2991.0,1281857.4024294,226942.428764433,4.0,159995.2584030007
2997.0,1280301.52825181,230911.159008503,4.0,120883.31684564432
3007.0,1281855.5710694,255154.867129326,3.0,170498.29223690572
3013.0,1275208.5663266,204586.364933535,4.0,96925.60733052234
3015.0,1281929.62175748,245086.420719013,4.0,76371.36229265705
3017.0,1266464.80132565,250298.124852344,3.0,33281.50021535558
3019.0,1267012.1473102,263517.27756989,4.0,95166.75943920178
3020.0,1284000.0529916,201214.83129808295,3.0,398633.3745713046
3035.0,1262424.31626551,266290.860228732,3.0,60355.5627936479
3043.0,1284343.12185594,210393.125899479,3.0,59820.73760971655
3044.0,1284653.48409627,210388.597387478,4.0,28461.182090967868
3047.0,1270261.07947353,256815.89593102,4.0,872455.7356054501
3049.0,1263077.48983417,264941.98662734,4.0,444137.89831728063
3052.0,1271625.79429093,205167.839430138,3.0,521301.02233669977
3053.0,1279718.06220321,205331.706246302,3.0,246471.3093704544
3054.0,1279795.78713129,204978.307717934,3.0,169541.99999999994
3064.0,1270911.03160219,255709.766265884,3.0,301202.6229920648
3066.0,1262177.76855326,248228.28158623,4.0,67506.99059688573
3067.0,1262926.50327402,234046.497571707,4.0,169600.6776753203
3077.0,1283771.58918336,234382.897828057,4.0,450167.1494440817
3078.0,1284111.44479971,234373.880100042,4.0,199683.12255416147
3079.0,1280983.31327651,251237.359541312,3.0,25795.09940542712
3080.0,1281177.71410871,251233.809653312,3.0,4790.561928973624
3081.0,1262957.58519405,241159.768810987,4.0,652292.6993818249
3082.0,1262164.44215325,241447.729515284,4.0,364291.77732099046
3083.0,1266203.81726138,252395.1105185,4.0,1053971.8147455913
3084.0,1266870.36414206,252381.631158486,4.0,1184995.692665537
3095.0,1267661.31499086,261385.651263699,4.0,129780.54399535648
3099.0,1283585.45670317,243796.756973684,3.0,43045.25454545454
3100.0,1284080.45305568,243791.659181684,1.0,0.0
3106.0,1278201.96319366,206753.491463766,4.0,33926.20470234985
3107.0,1270270.63851354,240416.313898236,4.0,86984.93095466842
3108.0,1270283.70641756,240892.457642719,4.0,574419.3075220506
3109.0,1281044.88927658,192601.291129261,3.0,84778.00000000001
3110.0,1281098.86194862,192419.553593084,1.0,0.0
3111.0,1286140.8620178,243851.183021754,4.0,238076.0635470246
3113.0,1278984.98130646,227458.628572956,4.0,218257.872429668
3114.0,1275620.33189502,260636.68684694203,3.0,120397.12424710934
3115.0,1275887.1548073,260630.355518922,3.0,42390.0
3117.0,1267018.70142221,264178.680130556,4.0,539788.7781393254
3121.0,1262172.10154524,247962.272881955,4.0,866775.56416641
3122.0,1286383.99181004,248612.786674619,1.0,0.0
3123.0,1286386.24409804,248942.657778963,3.0,44062.69791601471
3127.0,1275595.69579899,212550.522509694,4.0,775366.9609337833
3128.0,1275578.07800698,212124.934477255,3.0,622065.9656698956
3135.0,1277262.4362167,205306.993414283,3.0,68597.35547349244
3136.0,1264017.62705114,252433.370934531,3.0,89334.51968214451
3137.0,1263767.65777089,252437.435510546,3.0,34355.816300241655
3138.0,1279921.95218742,219844.548629165,4.0,272733.7322472457
3141.0,1280184.24268369,215334.67444855,4.0,110301.21513164788
3142.0,1280449.18706797,215329.189200535,4.0,115222.05450009104
3143.0,1275893.65906329,254655.670904815,3.0,86081.54703326599
3147.0,1277433.81906487,216681.316113919,4.0,135210.84878380195
3150.0,1284061.50169566,205201.366278172,3.0,340123.203405255
3152.0,1255225.86377813,257130.649275348,3.0,376661.316199844
3153.0,1284283.90540789,202187.480579078,3.0,486591.87828714494
3154.0,1284364.18022397,202255.803587154,3.0,425130.6863613204
3156.0,1280244.73893975,257186.418811396,4.0,304121.8442354338
3164.0,1265680.70903684,238863.180520639,4.0,1311663.6552075949
3165.0,1265940.60126111,238857.655272633,4.0,721155.429443111
3166.0,1280238.76293975,256523.649786726,4.0,261580.55998305508
3167.0,1280241.70847575,256854.982779056,4.0,743282.6599819346
3168.0,1282980.89030255,203874.908676818,4.0,584251.0244034019
3169.0,1282973.82835054,203598.107396528,3.0,74683.87905142373
3174.0,1272087.6030594,222446.526999831,4.0,464866.8420691573
3179.0,1281013.13900454,232128.687137738,4.0,6399273.560981441
3181.0,1266923.83710212,255310.941625476,4.0,1489164.15950787
3183.0,1280019.60850753,205984.869958967,3.0,71120.43243496984
3186.0,1282026.97817358,203908.378372848,3.0,5648.11752015754
3187.0,1282335.5224939,203897.52275683,4.0,835905.6288539105
3191.0,1280003.3601875,253905.11109603904,3.0,523509.3796838533
3192.0,1279848.15410735,246490.108208448,3.0,12861.563309615243
3193.0,1280127.10143563,246484.60068844297,3.0,6882.264655175133
3194.0,1281313.76831685,245014.774190933,3.0,11770.810505558717
3198.0,1267321.14507052,243198.469421074,4.0,991265.3977462698
3199.0,1267660.09777486,243190.684333071,4.0,271677.2206017422
3201.0,1275889.3641513,251339.145717412,3.0,52895.69526430944
3202.0,1276184.43768759,251326.469557405,4.0,432044.6855481301
3205.0,1263521.40823463,237279.38282302,4.0,76981.85508432782
3206.0,1263204.36061831,237718.98659946,5.0,403347.98190616793
3207.0,1290695.92314246,180590.108076975,3.0,125293.42383978765
3208.0,1290672.08160643,180558.98481293,1.0,0.0
3212.0,1264703.01021984,262250.327360585,4.0,220437.0170359893
3213.0,1269280.52497652,242311.707436174,3.0,50713.66330603436
3214.0,1269439.81636868,242307.355756164,4.0,185317.27184877143
3217.0,1266666.65162985,261537.308735862,4.0,328124.22299022914
3218.0,1266995.65361419,261529.44787184903,3.0,122547.15513374336
3219.0,1266255.61207743,252937.436151057,4.0,1468635.1358351617
3223.0,1282308.82015787,251212.327413291,4.0,227196.1002638112
3224.0,1282309.48716587,251881.563957974,3.0,166450.026738203
3225.0,1277261.36728869,254620.236600772,4.0,3868659.265524606
3226.0,1277264.0293687,255283.504953459,3.0,959424.3669447796
3227.0,1254968.35548986,253752.869943887,4.0,1238114.973917412
3238.0,1276493.39019991,227056.831772551,4.0,316051.7964241124
3240.0,1263582.0652587,253516.27589564,4.0,67581.00442036586
3241.0,1272366.59429169,268691.812487185,4.0,94690.51935856444
3242.0,1273022.42302836,268669.616967157,3.0,162827.42473825015
3247.0,1263501.49290662,244669.50059057804,3.0,24857.923497599688
3248.0,1263381.27069849,244671.861166582,3.0,10651.359911553447
3249.0,1262156.14391322,235747.644773453,4.0,224699.2847327578
3250.0,1261826.26628089,235754.25238946095,5.0,408806.5214861638
3251.0,1264228.26084335,263989.22707437,1.0,0.0
3256.0,1282436.720126,224397.255385831,3.0,89385.44718387874
3257.0,1282673.33907025,224390.629401818,3.0,1092806.2480994312
3260.0,1278210.07141767,219118.832212418,3.0,335623.87957652786
3262.0,1277852.6407613,257256.897339478,3.0,778054.291634596
3263.0,1277934.40402539,257254.454779476,4.0,1105085.3100420556
3271.0,1278789.80549826,220681.75919002303,3.0,137504.0542898631
3272.0,1278782.88428226,220328.272405654,4.0,126363.85168926037
3275.0,1266165.97412534,238750.444200531,4.0,297552.44887571386
3280.0,1279363.07570685,228726.470174253,4.0,213837.5810991868
3282.0,1258207.00682119,248580.807730585,4.0,285089.1684003791
3283.0,1258212.56682119,248846.150066867,4.0,240271.6377674462
3287.0,1282086.40198164,194613.926523328,3.0,354342.28919245355
3308.0,1263880.903595,233707.778147355,4.0,455874.365149612
3309.0,1263563.93207467,233715.145891368,4.0,349758.4392517959
3310.0,1280296.2959318,201970.587650865,4.0,154906.00922762768
3312.0,1283910.7132795,203582.908932507,4.0,58152.96153656278
3313.0,1284310.72953592,203576.599876508,1.0,0.0
3314.0,1281211.61234875,193580.482042268,3.0,14426.081928697216
3315.0,1281197.77510072,192977.818873659,3.0,42584.32380952381
3324.0,1281075.5358686,207944.288008973,4.0,2354867.954846096
3325.0,1281062.02770859,207181.7930962,4.0,4227344.240651729
3326.0,1274335.16318971,207588.59053660897,3.0,62609.41786347942
3333.0,1273463.6783888,248505.108402506,3.0,580662.9984820801
3334.0,1273469.76958881,248765.363506779,4.0,726669.765922495
3338.0,1276701.02655213,217872.293075144,4.0,269757.0859957344
3339.0,1276780.32101621,217570.784786835,3.0,246004.4969986194
3342.0,1277111.94994454,214883.23995208705,3.0,18540.1876218316
3343.0,1277120.24754456,214740.578191936,3.0,26004.39907455629
3348.0,1269800.73227306,204640.897605598,4.0,154959.0777411812
3349.0,1282833.50547041,250540.403252602,4.0,255730.98882928863
3350.0,1283164.20787074,250534.170292586,4.0,192530.4663984139
3353.0,1267325.54532653,264832.987523228,3.0,42442.42786511734
3357.0,1270832.98315412,249145.917171165,3.0,44164.8949937626
3358.0,1279351.36249083,216064.75995329,3.0,95747.00574652612
3360.0,1283066.21689464,207725.092872754,3.0,8203.305982359994
3365.0,1265377.11121254,245768.318639711,4.0,374410.615383682
3374.0,1262150.22301723,234862.35190855,4.0,120906.29416940958
3379.0,1282079.97151764,224730.650394171,3.0,67777.85545319307
3380.0,1282063.55161361,225128.124698579,3.0,52789.785641242685
3381.0,1271823.35454713,250149.188148201,3.0,19507.303193708216
3384.0,1257539.2669805,250190.91544424,4.0,2499900.6225721138
3385.0,1256910.70493186,250195.968564242,4.0,2104763.520122956
3386.0,1283002.60223858,204691.816453651,4.0,1164888.3748906073
3387.0,1283667.63110326,204674.728261635,4.0,1104721.947546373
3388.0,1266832.72049402,250591.734836653,4.0,482527.12934100913
3394.0,1280197.82405971,216043.301649272,3.0,14162.60127781356
3395.0,1284155.73215976,250515.680820569,4.0,335332.35714127513
3403.0,1278873.37394635,256894.665147096,4.0,1352193.4574049076
3404.0,1279557.56057104,256874.852539077,4.0,1088288.4831384015
3405.0,1280445.29631595,230907.70921649,4.0,122789.56316231108
3406.0,1280003.67020351,253574.143223703,1.0,0.0
3407.0,1266370.43831755,242471.499116331,3.0,61597.89623532166
3419.0,1278300.92786576,254331.089208484,3.0,23980.454438471126
3421.0,1273261.45304461,200852.289345711,4.0,105595.52076952784
3423.0,1267622.56734283,258208.915772453,4.0,104813.53189371496
3424.0,1279247.47026673,202688.402819589,3.0,828004.4746451608
3425.0,1279241.07333873,202338.594819233,4.0,185424.2911733584
3426.0,1281499.42278104,192973.922233641,5.0,210322.57064359548
3427.0,1281486.95730902,192434.161529094,3.0,207150.7198533791
3429.0,1269312.60401656,260813.304255113,4.0,1790076.2309171278
3430.0,1269318.35467257,261488.049663812,4.0,109997.24334650014
3431.0,1275194.63032658,232742.357474372,4.0,177130.2166813643
3432.0,1275692.68703109,232727.63574636,3.0,71901.98808676898
3433.0,1283594.94943918,201219.477250099,4.0,214937.94355321617
3434.0,1283591.74604718,200894.94348976,3.0,85507.08893690696
3435.0,1268533.40836777,208718.422601774,4.0,9188512.973895548
3437.0,1283103.91795067,234841.374244526,4.0,724760.0947200552
3438.0,1279983.84249149,249270.663347289,4.0,627722.7467598344
3439.0,1280243.80095576,249266.484851286,4.0,378129.2755675576
3449.0,1276130.40664755,225713.401691169,4.0,262605.4284016281
3450.0,1276452.33810388,225705.164187163,4.0,542613.0393848283
3451.0,1285880.88844952,209510.378378585,4.0,57022.368873090905
3452.0,1286257.36473791,209506.797002584,3.0,318927.793937526
3458.0,1273820.89976518,223383.014616787,4.0,68476.0005000448
3459.0,1273823.52805318,223532.632792935,1.0,0.0
3460.0,1265421.58391657,231531.389729127,4.0,4925476.6754206605
3461.0,1265429.61898859,231849.317281455,4.0,1490982.1069039162
3462.0,1268029.66366325,244629.673582539,4.0,80601.2556579623
3463.0,1264892.08759603,243133.15166100895,3.0,76187.30906729575
3465.0,1263749.05969086,251623.746549711,4.0,45100.8028429862
3466.0,1263758.84938687,252049.849398136,4.0,40307.858785409895
3467.0,1267024.07415822,243932.198637828,4.0,360077.7205685955
3469.0,1279239.80722673,250605.977908671,4.0,309453.4602416852
3473.0,1271191.60222648,225443.078426898,4.0,625808.1673473751
3478.0,1266916.4966221,235251.971876934,1.0,0.0
3483.0,1283561.79270315,255268.04338543105,3.0,579157.9860106187
3484.0,1283650.79974324,255524.32927370103,3.0,71423.4028270887
3485.0,1271009.2577783,213110.462990269,4.0,53130.05872955049
3486.0,1271239.26385853,213105.740878269,4.0,58842.72407807128
3487.0,1263078.30378617,249672.608051702,4.0,1477352.4998089897
3493.0,1271686.98245099,236396.674342111,3.0,42400.0
3494.0,1271864.44830717,236393.157286108,4.0,93996.93388911938
3495.0,1264996.87377214,259595.272253871,4.0,249583.6222376151
3498.0,1277787.15461724,255931.430202112,4.0,1384790.1835570044
3499.0,1277243.78533669,251979.005366072,4.0,233290.167463126
3500.0,1277247.14591269,252633.549622744,4.0,533687.1968267618
3501.0,1264348.22289148,246318.266992271,4.0,991730.5952030652
3503.0,1279908.9443794,219424.253844738,4.0,348097.4533458058
3506.0,1266010.12606117,234962.005924642,4.0,100050.5653999263
3507.0,1274559.83435793,252520.836278617,3.0,385208.563017128
3508.0,1274590.39794196,252712.949430823,4.0,118421.62268307646
3509.0,1265101.71940425,234672.166628346,3.0,84289.23122217906
3520.0,1259430.11690244,251037.119797111,3.0,80768.53606476261
3522.0,1285571.48326521,209515.406858593,4.0,130689.19947541536
3523.0,1266004.89111717,242307.13950017103,3.0,45504.523735815936
3524.0,1266007.75070117,242480.597164348,4.0,177233.54479562445
3527.0,1283162.09990273,259670.134653941,3.0,368251.41960721504
3529.0,1278190.75423364,255256.146745428,3.0,2048762.072201052
3532.0,1271485.67448278,241398.093099236,4.0,66159.82112010395
3533.0,1271614.78315492,241394.434347227,3.0,8821.915131675116
3536.0,1284952.63769658,260619.444734916,4.0,49106.72590196598
3547.0,1284609.09996822,201860.399874747,4.0,680741.9700143242
3548.0,1284694.30944031,201859.951362744,3.0,700137.3522881832
3551.0,1281722.71794927,207167.584776178,3.0,192629.89172793177
3555.0,1283888.36780749,236480.379558206,4.0,153491.77715097184
3556.0,1283902.59257551,237062.173990801,3.0,42855.39659072453
3557.0,1264374.7343155,262259.440192595,4.0,656217.9235981954
3558.0,1274220.41310959,228385.005277917,4.0,403508.439426442
3559.0,1274542.38750991,228382.364573911,4.0,359061.6281365796
3565.0,1266073.89790124,249247.424499273,4.0,46308.82958905176
3566.0,1277524.42290497,253951.901688084,4.0,1651262.1894624515
3567.0,1277526.44882497,254613.757944763,4.0,3964124.055150469
3568.0,1265454.00081261,238340.653032109,4.0,1479816.672800474
3569.0,1280723.86662024,210555.522571653,3.0,223825.74066678845
3570.0,1280852.70854038,210202.421899289,4.0,157571.8998338953
3580.0,1262245.42263332,238530.035560295,3.0,62282.24964063551
3581.0,1261915.04528898,238535.540776297,3.0,58764.67441734623
3584.0,1270058.59102532,245670.446127608,4.0,268873.95315425005
3588.0,1266982.13521418,241771.47261962295,7.0,719021.6276251135
3589.0,1269478.13323273,243644.99050954,3.0,108917.92754169067
3592.0,1273896.93310925,226842.522460327,4.0,3651.602715736153
3593.0,1274153.44504552,226839.424412325,3.0,667.2556700075814
3594.0,1271680.91486698,267385.530949846,3.0,10091326.719686124
3609.0,1267601.60382281,256094.570938289,4.0,84557.24595239434
3615.0,1263770.30865088,234391.032356054,3.0,113291.834873752
3617.0,1283480.29715107,248538.847858548,4.0,463781.5616708478
3620.0,1284307.29747191,207815.343368843,4.0,940878.1589720758
3621.0,1284617.04550423,207811.210184842,4.0,599505.9789790304
3624.0,1283571.76415916,204945.21062991,4.0,2838698.8893330004
3625.0,1284338.95385595,204925.498437881,4.0,2557918.2159696687
3627.0,1280609.59686013,204409.346245363,4.0,405200.3540219218
3628.0,1280587.2868441,204187.328325137,3.0,42514.82597402596
3629.0,1279149.35173863,223856.700697273,4.0,129420.75170554731
3630.0,1279163.92159465,224551.050009981,4.0,86431.42709787421
3631.0,1273374.49157272,241398.162987232,3.0,200247.63229402195
3641.0,1274282.77022965,198853.514495671,4.0,1347591.210108487
3642.0,1274386.08760576,198854.055167675,3.0,1275212.926644208
3643.0,1278188.59775364,200760.781697616,3.0,337850.1905946654
3644.0,1278472.98168994,200753.336129621,3.0,185058.9800533153
3654.0,1280325.12165983,203961.174532905,4.0,179476.6266880938
3655.0,1280312.86578782,203293.627332211,4.0,165483.87792843336
3656.0,1285641.69107328,205966.741382957,3.0,12018.5926784476
3659.0,1265256.73284441,209880.104970962,3.0,258039.5938316304
3660.0,1275518.78059891,217391.475474656,4.0,246016.35081148936
3661.0,1275512.50239091,217088.75003434703,3.0,57149.55747078405
3662.0,1262780.85360987,248481.005490482,4.0,227974.37399315147
3663.0,1262183.75242525,248494.289202496,4.0,197796.6025055901
3664.0,1273515.99486886,224767.272730201,3.0,3110.8743224325417
3668.0,1273008.21931635,226162.662939638,3.0,744296.9229895729
3671.0,1271762.11121906,211201.896268308,3.0,154750.9566591914
3672.0,1271763.90584306,211102.134028211,3.0,71198.02701969424
3675.0,1259764.61751078,255050.756729215,4.0,152350.2075370211
3676.0,1259776.5121668,255733.015865907,4.0,101630.01519505844
3681.0,1266994.59319818,242285.041772142,4.0,564420.5284446868
3682.0,1276194.70866361,253315.287159443,4.0,509793.0622162323
3686.0,1272553.31307589,244395.259694308,4.0,129781.09293744472
3687.0,1272565.3888519,244807.912750721,4.0,230580.9228097818
3692.0,1275658.12677506,213276.874126434,3.0,23851.232989351494
3705.0,1267249.32369445,240829.056554645,4.0,448711.8545832103
3707.0,1272577.3422599,256747.17823495,4.0,134384.69994436062
3710.0,1270981.96190627,223896.843033314,4.0,607699.5906693732
3713.0,1270589.45476986,240884.222122714,4.0,863425.3400603948
3714.0,1270604.25297788,241423.07076326,4.0,698856.5721370061
3718.0,1272920.54853225,227975.519581497,4.0,205168.8502611485
3719.0,1273237.52856457,227967.536669478,4.0,191221.7093692537
3720.0,1271479.27390678,202728.438531637,4.0,23989020.634240225
3722.0,1282733.91641431,233789.732707441,4.0,84632.08482973085
3723.0,1272199.60939552,231292.909600884,4.0,145038.8554990558
3725.0,1275686.16472709,220147.799637482,4.0,62483.50760041409
3726.0,1275992.03979939,220300.452885628,3.0,19495.1749735488
3731.0,1262604.73092169,234053.778403714,4.0,75194.51870947746
3732.0,1262613.12528969,234416.47158809,3.0,4768.860879165851
3733.0,1272060.55621137,221222.745686576,3.0,25266.286982324276
3734.0,1272382.49745971,221215.802134573,4.0,31800.504463904294
3735.0,1273594.12696494,231259.813536853,4.0,154034.19840817736
3736.0,1273853.82789321,231254.174112841,4.0,121996.27421118008
3740.0,1268974.33105621,244084.76394999,4.0,77069.78665833235
3741.0,1268982.46161622,244370.927406281,3.0,55979.8752316684
3749.0,1280446.05253996,222875.580632269,4.0,436523.7231655673
3750.0,1280439.74450795,223439.057176843,4.0,379287.1649947915
3755.0,1284715.31008033,252487.325174585,3.0,77642.6258415813
3759.0,1283795.89593539,241767.28298761,3.0,176256.5690204767
3760.0,1284020.44633561,241952.691755801,3.0,115375.43995364572
3767.0,1280712.75999624,251242.359861314,3.0,43194.08059016102
3768.0,1280844.75846037,251239.921205312,3.0,48016.19881001483
3773.0,1282318.57145388,201243.842370123,3.0,410982.2822231996
3774.0,1282476.45823804,201239.498562112,3.0,342234.38984648744
3778.0,1280634.14406015,199787.313152626,3.0,747369.7342133736
3779.0,1280630.66303615,199303.025408134,4.0,309421.2043729862
3780.0,1282294.24799785,246572.223536536,4.0,36098.02654193834
3781.0,1282303.02681386,247234.004017204,4.0,366167.0198837481
3783.0,1262053.61360912,251653.86098173296,3.0,135752.5825791652
3784.0,1262066.23332115,252344.04331845,4.0,308431.9661606522
3798.0,1266852.98916604,251579.056373656,4.0,267811.46855538205
3799.0,1276988.27071242,248057.062770054,4.0,24849.00448664371
3801.0,1280391.6726999,197606.897534385,4.0,80304.37687704575
3802.0,1280890.79871641,197593.263102382,4.0,311002.5468082992
3803.0,1272186.64485151,230452.890912026,4.0,496549.7372292313
3804.0,1269575.38692883,247008.427376986,4.0,1088306.0608616555
3805.0,1276745.71576817,255630.697529808,3.0,30058.92281855932
3807.0,1272402.78616372,222133.47976750092,4.0,98879.11700577658
3810.0,1274149.38110951,248744.582706764,4.0,328474.52154503315
3811.0,1274465.21310984,248780.188594788,4.0,2249174.8441973976
3818.0,1265368.51742052,262893.711873248,4.0,248738.57810318327
3821.0,1266370.60791755,237119.932710856,4.0,108950.61750197524
3822.0,1284256.26047987,200236.425409079,4.0,1526644.246408842
3824.0,1272290.6679556095,266037.460804462,5.0,286468.7241567121
3828.0,1266975.48663817,229310.134046853,5.0,189731.75753032023
3829.0,1278188.55116165,206311.30439131,4.0,48610.120249253785
3832.0,1256204.80509114,248624.551730633,4.0,285216.5074222206
3837.0,1266111.81412528,233350.091170996,3.0,26808.259044848
3843.0,1273282.25451663,269048.128007546,3.0,45711.98458235466
3847.0,1270747.42597003,246720.610672683,4.0,1434261.5660168328
3850.0,1275107.6793505,218724.134228021,4.0,539603.9524042677
3853.0,1282202.84857376,245406.273071334,4.0,5425.785365315707
3854.0,1282345.78630191,245387.464751318,3.0,19892.001950108064
3859.0,1267376.43467058,232433.920738056,4.0,692489.4516196625
3860.0,1266974.79895817,259545.797949821,4.0,4526174.602379727
3861.0,1266979.51780617,259809.973310083,4.0,3480784.3572476497
3865.0,1277284.00146472,205496.39162246895,3.0,64094.8962779983
3867.0,1266811.38097399,241470.872491315,1.0,0.0
3870.0,1277825.78904928,254332.827064484,3.0,34908.487467711304
3871.0,1277806.52536926,254612.761272773,4.0,2825378.8724905206
3874.0,1281888.75929344,227793.596701309,4.0,173129.18717557058
3878.0,1283789.71974339,192672.038009346,3.0,664251.1392413579
3879.0,1283870.65331146,192677.093753338,3.0,302393.52787152474
3884.0,1284645.41420826,257295.350395516,3.0,2084940.365414532
3887.0,1275652.08869505,218713.803540006,4.0,774638.7047525948
3888.0,1275918.32965532,218708.320276007,4.0,93682.76782192456
3889.0,1274223.43045358,251395.940917477,5.0,1359609.373501963
3891.0,1266883.67876607,252926.621239036,4.0,1303840.0593932504
3893.0,1271870.56939518,230457.781664029,3.0,326827.09108163964
3897.0,1279180.95794666,247832.228529826,4.0,129559.04008081816
3899.0,1277851.2391613,252622.10936673,4.0,730068.00124397
3900.0,1276160.26155958,226566.406876042,4.0,119882.06522283032
3901.0,1276171.04370359,227064.236316562,3.0,246207.65296424815
3902.0,1277705.72204116,224941.252698377,3.0,14559.68752989607
3903.0,1277726.71839318,225248.947610691,4.0,171465.80211889098
3915.0,1274503.73010187,245740.08574368095,3.0,72899.6581261851
3917.0,1268326.02398355,261926.06220825,3.0,1385061.9440123185
3919.0,1268322.36484754,261497.626431823,3.0,189369.0124245716
3920.0,1268658.1630559,261494.391807809,4.0,206193.667052958
3925.0,1275366.91634277,230079.475999638,3.0,53857.450477744496
3926.0,1275611.36536701,230077.342815638,3.0,7289.615442541194
3927.0,1257360.57475632,255198.714809373,4.0,1037361.9856922335
3928.0,1257096.56938004,255203.801401377,4.0,1221368.597024992
3929.0,1274486.06546186,224284.27004170403,3.0,11853.449995558523
3930.0,1275599.65279099,260307.395838603,4.0,998012.9104570964
3931.0,1276262.56120768,260287.990078583,3.0,814457.8727730971
3938.0,1286097.20889774,248483.068466485,4.0,703088.9734761986
3939.0,1286279.54252994,248478.924786478,1.0,0.0
3942.0,1278731.59372221,217010.19272226104,3.0,3546.899823986482
3944.0,1285669.99417731,203830.564548761,4.0,374848.5615946014
3945.0,1286323.43347397,203816.86054875,5.0,372800.0432669732
3947.0,1277962.80652142,212078.94503721604,3.0,113216.94350734528
3951.0,1279412.4535629,230083.556703642,4.0,223342.28955389652
3952.0,1271991.9428353,205157.058630124,4.0,378550.6313658751
3953.0,1272357.78526768,205146.286982119,4.0,832051.7280578553
3955.0,1283848.36499144,253822.764791951,4.0,247822.30804641283
3958.0,1266673.02628586,262199.374016538,4.0,964921.0013604418
3964.0,1256001.61424293,255797.858297974,4.0,1268596.1794010038
3968.0,1266937.48542213,256375.299066573,3.0,26802.52831164857
3969.0,1271393.08869068,253490.063991621,4.0,130261.25666409556
3970.0,1271398.4210427,254148.050232291,3.0,72132.87582923446
3975.0,1268056.75614327,233055.761698693,3.0,876094.5013155033
3976.0,1280407.25996391,221541.359510899,4.0,39580.19535914632
3981.0,1263796.93162692,268234.459718719,4.0,117019.31333712222
3982.0,1263464.67146657,268243.251398727,4.0,107523.37314369998
3984.0,1260893.95056795,251673.789429754,3.0,19155.64823301538
3985.0,1260757.0502798,251674.54366976,3.0,24261.370422570097
3993.0,1281584.19033313,197565.80281435,4.0,111088.55691522024
3994.0,1275624.66194302,260808.100223109,3.0,6711.265078948411
3995.0,1279086.63532257,232026.79561764,4.0,24357.23308474546
3996.0,1279095.17529057,232298.967969924,4.0,18366.838121117005
3997.0,1258967.48227796,255060.877113223,4.0,308192.9341452431
3998.0,1258979.30282198,255745.372473925,3.0,91574.9975986663
4001.0,1277120.99621655,217049.190674305,4.0,491454.815521916
4002.0,1277111.83448854,216689.148753926,4.0,389701.4329959488
4003.0,1260028.77482305,255047.563193217,4.0,179852.07600350762
4005.0,1283337.58348691,253834.678455964,3.0,19741.054548585493
4018.0,1273742.60267709,209084.672842145,4.0,200485.84397984404
4019.0,1274058.63717341,209079.233546138,4.0,337499.0321153779
4020.0,1280441.76249196,224161.813273579,4.0,227080.61346086493
4021.0,1280701.12812422,224153.591833577,4.0,121825.03444640125
4022.0,1272183.35710751,236926.823206663,4.0,187773.8236642957
4023.0,1272483.2633478,236920.920614645,4.0,212121.8284811593
4024.0,1266636.49713382,257571.596859798,4.0,262896.2946416621
4025.0,1266951.38596614,257564.074875787,3.0,24599.22248837024
4032.0,1273042.44856438,203770.14477270804,3.0,127864.43708017598
4033.0,1273989.46309336,203994.431684926,3.0,46485.65566968433
4034.0,1265690.95870085,248753.019378766,4.0,379588.1238958971
4037.0,1280607.53222013,229159.477854699,4.0,845413.7083887446
4039.0,1259609.24675862,246570.123440534,3.0,947.0746029622186
4040.0,1259611.04631062,246654.399536625,3.0,51394.800389084085
4041.0,1277346.42092079,258928.961277187,4.0,2930337.720202667
4042.0,1277345.98789679,259077.416381344,1.0,0.0
4043.0,1280020.67346753,230493.293408066,4.0,1426526.5564827942
4044.0,1280285.6542678,230485.935136065,4.0,81683.44299993581
4045.0,1277728.25944918,247672.51198566,3.0,7497.378742294144
4048.0,1263973.96375509,242347.973420203,4.0,2261088.4297950766
4049.0,1270621.7476979,205204.840390176,4.0,90843.37774797875
4050.0,1270613.51544189,204909.006021872,4.0,144452.09148519873
4051.0,1286750.63046642,196075.404540822,3.0,3021.218469984284
4052.0,1286757.28141043,195829.05337257695,3.0,25019.801285333266
4053.0,1268401.70327963,234899.736356586,3.0,75908.33794896473
4054.0,1268693.44254392,234894.070692569,3.0,77056.62140747995
4062.0,1265609.03562877,244532.691502452,4.0,400456.4963575986
4063.0,1280890.48242842,247922.509873912,4.0,89432.99160687487
4064.0,1281188.39391673,247916.250353903,4.0,83447.99107579388
4065.0,1270962.36613025,205195.530694157,4.0,203599.16762966907
4066.0,1266025.6151492,251614.702901691,3.0,52298.98479493335
4069.0,1266793.63268597,249229.398323253,4.0,45771.45771563674
4081.0,1274311.90174969,231642.250721246,4.0,135913.09021546043
4082.0,1274616.83614999,231633.079201236,4.0,144425.639617066
4083.0,1263778.8962349,230243.290591806,4.0,5545277.248645908
4088.0,1280964.25951649,209178.977738246,4.0,167605.39745641928
4089.0,1281244.56703678,209225.74209028497,3.0,10431.315056959056
4090.0,1270587.00728187,229218.243486762,4.0,365517.9084006071
4096.0,1274300.27838966,206204.336071193,4.0,406706.9819510868
4099.0,1265101.54942025,210657.10605976,4.0,13933266.937596032
4100.0,1274478.46667784,213952.567631125,4.0,186960.6647261463
4102.0,1278440.23109791,249957.889651999,4.0,197001.4240439344
4105.0,1279295.27890678,227015.669148505,4.0,295673.1479160241
4106.0,1279306.8629068,227449.85097295,4.0,231245.19280833832
4109.0,1272811.65016414,230022.85769558,4.0,842587.2772976953
4110.0,1262771.54064986,266941.123397395,4.0,758474.5306220037
4111.0,1262766.24637786,267602.682438076,4.0,781545.5868825137
4123.0,1277567.83884101,212511.115789652,4.0,165005.8978528996
4124.0,1263024.43479413,259149.532349408,3.0,57192.474503934
4128.0,1275459.14751086,214251.010959432,4.0,577409.8891790832
4129.0,1269754.68644901,245936.570927888,4.0,235094.7002492943
4130.0,1270064.73438533,245930.472495869,4.0,423817.9381002375
4131.0,1267230.42769442,264835.268675238,3.0,115853.71548162316
4132.0,1280110.96037962,218427.438611716,4.0,582696.798615559
4133.0,1272097.78315541,247208.61400118505,3.0,33091.09364969435
4135.0,1281634.25420518,228269.394973785,3.0,202353.2650143144
4137.0,1265008.56900415,252029.051190123,4.0,302133.9077902056
4141.0,1282020.28166157,246576.428208545,4.0,16887.791853057035
4144.0,1285509.00601715,242534.412716404,1.0,0.0
4145.0,1285511.86227314,242673.05450853697,3.0,42496.023809523824
4146.0,1278959.89637844,226521.796123996,4.0,358551.9263089258
4147.0,1261652.91594471,248505.843634516,4.0,187237.3428991778
4148.0,1264332.52471545,258950.084285215,4.0,455060.3800860541
4149.0,1264004.83773912,258958.37919721,4.0,301908.7865671875
4161.0,1280178.23813969,253901.971000046,4.0,1198603.4578430569
4172.0,1279639.16505113,223829.16533725,3.0,323057.0090047642
4176.0,1265116.29514827,232148.584737763,4.0,244057.6693579571
4180.0,1272868.4328842,253172.946551293,3.0,48323.40307113892
4183.0,1278155.90060161,248823.93688283896,3.0,664620.516461213
4184.0,1278160.68472962,249088.424819112,3.0,107615.19606851682
4186.0,1264931.85815607,255086.335417256,4.0,371794.5096910864
4188.0,1283598.04588719,201543.905410424,4.0,120848.93464294769
4191.0,1274425.58098179,211713.859148845,4.0,377822.166420064
4192.0,1266035.6604612,245493.708591431,4.0,233751.88395646669
4206.0,1267991.3376472,261382.855295703,4.0,130869.08244233252
4212.0,1264786.18621993,267892.079494372,3.0,50427.85126958652
4215.0,1268090.54411131,252635.823926747,3.0,78354.31186916275
4216.0,1268393.46577562,268789.80935128,4.0,7413487.248250286
4229.0,1265211.48887636,238872.848168656,3.0,20641.34898748703
4232.0,1282966.36735854,203321.264388248,3.0,12681.609701552874
4236.0,1269675.15710492,264919.799363315,3.0,58089.9986860626
4237.0,1271751.70705906,221841.520663202,3.0,87390.50564008184
4239.0,1270627.98065791,242279.767852142,4.0,404745.35551761865
4240.0,1270921.75697821,242271.190764129,4.0,406705.3270388334
4244.0,1269846.4385771,206941.042311952,4.0,708856.4035031853
4246.0,1263538.19985065,237935.115111694,4.0,208384.9506762803
4247.0,1263548.44068266,238374.876072139,4.0,418349.8080974638
4248.0,1259729.65207075,245374.206575304,3.0,24104.73295284565
4249.0,1262659.25904974,256480.566586673,4.0,296489.8381061029
4250.0,1262668.23312975,257008.936571226,4.0,232272.62838552837
4253.0,1258833.61808583,258808.97990106,4.0,695004.0110827317
4261.0,1257310.91050027,252392.752886489,4.0,89910.69259899922
4265.0,1271487.06392279,202897.845955804,1.0,0.0
4274.0,1276967.01682439,217865.317651138,4.0,340309.4970904733
4275.0,1277208.46911265,217862.934163138,5.0,1755465.7368899663
4278.0,1283582.57580717,206539.74253554604,3.0,157967.84191306346
4279.0,1283670.13401526,206538.813767537,3.0,57909.816878796846
4280.0,1278177.43730564,205770.284102753,1.0,0.0
4281.0,1278161.59448962,205419.04039038703,3.0,69525.07742684304
4282.0,1267769.37022299,244615.477422535,4.0,75184.73115293354
4286.0,1264507.04733963,233061.1343707,4.0,204745.5622662036
4289.0,1263867.08177099,249656.183859691,4.0,249773.1512968937
4291.0,1266394.99204557,266178.524548605,4.0,1089278.431843474
4294.0,1280867.9654364,228970.289246514,3.0,1206527.5504559511
4295.0,1281203.84562874,228962.370590508,4.0,486698.0047520136
4300.0,1276533.21554396,228772.733214304,4.0,52680.34313504532
4301.0,1261819.36637689,233122.180514753,3.0,636455.761874028
4302.0,1261780.02948084,233589.45091523204,6.0,1241788.6052614036
4305.0,1257863.58160484,252383.337526485,4.0,50539.02022990757
4306.0,1270909.5962102,241840.369771689,4.0,635102.0140984291
4308.0,1278158.40556161,231216.887072816,4.0,119135.7715149146
4309.0,1274938.90539832,205394.094598368,4.0,910631.3155798066
4311.0,1274136.02680551,248480.155698493,4.0,248409.51062141889
4312.0,1274808.56152619,248459.931058466,3.0,52006.24314362022
4313.0,1282336.6317419,204169.062277108,4.0,350160.83701752085
4316.0,1276806.42008823,217359.872850627,4.0,270353.1733972381
4317.0,1270648.39825793,213115.000078276,3.0,39714.81086674727
4319.0,1262352.00669743,253671.373367801,4.0,827567.1661354232
4320.0,1262366.05623345,254339.242744491,4.0,2250055.18984908
4323.0,1258943.96106194,253711.185591847,4.0,147782.12912996297
4324.0,1258678.56886967,253713.374903843,3.0,140281.669506474
4325.0,1258573.47261356,257169.544187382,4.0,313161.04619095195
4326.0,1258312.00688529,257089.741819307,4.0,291258.5077294485
4328.0,1263984.3433391,250969.441781029,4.0,49395.0920501446
4334.0,1285142.07724877,199895.146944731,1.0,0.0
4335.0,1285393.63846503,199892.751616731,4.0,454440.2086524992
4336.0,1270309.37726559,241857.162091702,4.0,492145.66662176006
4337.0,1270616.0187379,241848.987563699,4.0,573100.0753058636
4339.0,1266329.03550151,242300.672684163,3.0,246240.8438522808
4340.0,1277442.68716088,217041.366546288,4.0,131321.96164790966
4342.0,1279242.47161072,252111.70655021103,3.0,28603.28587404027
4343.0,1279243.34789872,252595.738678709,4.0,343879.0786697667
4344.0,1263845.83050697,237043.142182782,5.0,583445.0702055723
4348.0,1282377.11231793,206858.31149587,4.0,899318.9215840432
4356.0,1279878.84537138,214385.354511574,4.0,261015.3010378556
4357.0,1279865.50681137,213661.064590827,3.0,187096.7144108517
4362.0,1293033.63072886,179992.632236362,4.0,6054922.475657125
4363.0,1293030.26196085,179773.600236133,1.0,0.0
4367.0,1267717.21975893,233366.760099009,4.0,981306.6026699072
4368.0,1268064.50673528,233357.848035008,4.0,4748852.361357081
4369.0,1272712.22776404,263709.092098087,3.0,1863594.54723118
4370.0,1279885.78892338,224536.139993966,4.0,969215.2440790536
4372.0,1276084.6659115,203665.4730286,4.0,913957.1540082012
4377.0,1273700.47582905,240567.755882382,3.0,9688.809464897637
4383.0,1271234.14577852,212855.737806007,4.0,105416.44550270015
4384.0,1255539.62205045,249922.351027966,4.0,2757885.8670100598
4386.0,1266635.43742181,235878.889253587,4.0,319833.13565041195
4387.0,1264498.84164363,251610.471989691,4.0,54456.64316927807
4388.0,1264248.86673138,251615.101877704,4.0,505120.3170724919
4390.0,1270078.75697735,244054.707245961,4.0,181760.79590113432
4393.0,1265965.93418913,258248.373052493,4.0,348350.3531087885
4398.0,1284487.1324161,235677.935589373,3.0,21516.498663480128
4399.0,1273284.74104463,226326.386075795,4.0,984086.568547449
4400.0,1273129.06258047,226589.96034807,4.0,360786.93647785374
4404.0,1266162.86327733,234338.44349201,3.0,348817.9553116005
4405.0,1280304.87436381,219409.114772722,3.0,33006.59868520527
4406.0,1280366.38111588,219406.739476711,4.0,83859.92173664189
4407.0,1275471.35615087,215440.780560657,4.0,109024.70088976948
4408.0,1275456.41848685,214879.888592079,4.0,87866.26814894391
4422.0,1277847.2877373,251295.883061364,4.0,255746.94560408656
4423.0,1277848.2880573,251627.279669717,1.0,0.0
4424.0,1266618.32689381,235258.695972949,4.0,69948.46420601154
4425.0,1266729.19313392,235256.246820942,1.0,0.0
4440.0,1269001.17483224,200286.303937137,3.0,22040.44551613331
4448.0,1284592.9287682,205854.32301484,4.0,145172.1754729833
4452.0,1277150.99384859,212868.630798027,4.0,72446.5385375297
4457.0,1265451.92900461,237598.087911338,4.0,915724.692575112
4458.0,1265453.96804461,237835.554279581,4.0,1725727.445425403
4459.0,1268971.80971222,260159.504062444,4.0,5849362.208005117
4460.0,1269305.60894455,260152.000830442,4.0,9216471.698249536
4463.0,1280979.10726051,251900.135733992,3.0,36725.97669507095
4467.0,1259177.50122218,251701.581045792,3.0,56352.015566535774
4468.0,1259180.27779819,251861.526581943,3.0,18963.792887350985
4469.0,1280437.88159595,254622.401656777,3.0,26055.650963762266
4470.0,1281330.69510086,254232.69868037096,3.0,4573.7887212659125
4471.0,1254586.11344148,252308.943350405,4.0,75419.43795385923
4472.0,1254590.38544148,252568.997622669,4.0,103257.11347000864
4473.0,1274521.8081819,216181.610065416,4.0,504014.3520618071
4474.0,1274843.72056623,216174.04776141,4.0,320066.69489426067
4478.0,1282763.45439833,234850.544868529,4.0,1122179.1777511323
4480.0,1282337.7285739,204441.568581387,4.0,598176.3489887766
4481.0,1286131.95129779,205422.209350392,4.0,441536.052820742
4482.0,1286107.52249776,205143.760134116,5.0,738532.5892938025
4493.0,1278176.40056963,249963.205556005,4.0,77784.5783788551
4494.0,1271854.23870715,244004.049197897,4.0,60842.582660958855
4506.0,1263889.75786701,234024.177443683,4.0,293053.04681619094
4507.0,1263899.93309902,234387.803684056,3.0,152519.93009411008
4508.0,1266309.95447749,234955.378340632,4.0,142803.44239090933
4509.0,1277405.26764084,225256.145434707,4.0,239669.88950347324
4512.0,1261681.77706474,258024.047740266,4.0,2352688.9295422486
4529.0,1271497.4284028,241823.803883672,4.0,59457.593175943024
4532.0,1279165.93177065,255228.452921391,1.0,0.0
4533.0,1279531.00645903,255217.650105387,3.0,65377.56984991478
4534.0,1260990.57834403,250116.136692166,4.0,1529887.923931342
4535.0,1260340.57571937,250131.267892182,4.0,2375496.83871483
4537.0,1284704.20838432,202509.323779419,4.0,693042.5078415335
4539.0,1271765.40453108,222453.518167838,4.0,790326.1850383552
4542.0,1282082.37273364,225607.544347063,4.0,75085.53174988746
4547.0,1279235.22521073,202018.77158691,4.0,359923.0061166185
4548.0,1279223.10911471,201374.585922256,4.0,135934.50049998614
4550.0,1272400.94757172,227167.564828664,4.0,72398.73581298755
4554.0,1262971.87229806,244118.638830021,4.0,53537.903875738746
4555.0,1262972.42410606,244246.971950158,3.0,57099.7964536364
4556.0,1269652.35627291,262130.463040471,3.0,55724.08757973959
4558.0,1261534.9971606,239071.586600855,3.0,28050.073259721947
4565.0,1265764.20593293,266856.176709309,4.0,736318.6136674337
4566.0,1282918.28447849,200903.736129776,3.0,76121.54480978967
4569.0,1266654.14935784,241778.676971629,4.0,131557.78016589832
4572.0,1280029.57074754,217494.338770762,3.0,19545.075650906136
4575.0,1284149.17535976,249190.499443218,4.0,291541.3268256088
4583.0,1262225.5896093,237957.181351706,4.0,103593.91222882012
4585.0,1277541.55672899,207676.258632705,3.0,481557.4833384755
4587.0,1273765.87954111,206764.72013576297,3.0,60150.38229018064
4588.0,1285736.97209738,206222.826503217,3.0,1168.1233924688088
4596.0,1280492.90412401,248595.682738602,3.0,9344.672258623094
4598.0,1264017.34852314,244100.246830001,4.0,146839.08680363695
4601.0,1275782.04152718,224618.600410059,4.0,475946.2034974948
4603.0,1270635.93995391,205734.606022716,4.0,74231.02382063249
4605.0,1278799.93413827,254595.33938475,4.0,2973908.440813471
4606.0,1279651.46847515,254562.509368718,3.0,1750004.7097227916
4607.0,1265655.04439682,259841.799678117,4.0,5849581.36023112
4611.0,1263657.03594677,257644.358203873,4.0,119090.42285413566
4612.0,1274501.95288587,225097.759898543,3.0,20335.74743134333
4615.0,1279605.08569109,223587.21570499204,3.0,346193.13035239896
4616.0,1282251.80089381,199272.739392102,3.0,188532.2740038746
4617.0,1282252.56530981,198958.090367779,4.0,123539.10202176277
4618.0,1278289.20056975,221538.237526894,3.0,309731.38480132585
4620.0,1263195.3675303,232670.009186298,4.0,234595.1661650204
4621.0,1263196.92989829,232772.858402401,3.0,187179.34291530825
4635.0,1273384.55486873,202576.088771477,4.0,394475.9530497159
4640.0,1267526.49867073,235859.415845558,4.0,172531.85791294996
4641.0,1267651.34910285,235702.213413402,3.0,84778.0
4642.0,1278208.38578567,256250.847546443,3.0,755062.6098805303
4643.0,1278557.49855402,256240.67205843297,3.0,732858.4327101829
4645.0,1270946.99870624,243146.004333019,4.0,156750.88325011768
4649.0,1283772.56915137,208254.205001295,1.0,0.0
4650.0,1284313.25311992,208244.209609285,4.0,292569.4171844752
4652.0,1285863.09254551,208224.383881271,4.0,27078.97492710993
4653.0,1255870.7516508,255800.38879399,3.0,1337473.530718081
4654.0,1255850.92656277,256004.565562189,1.0,0.0
4655.0,1274250.82347761,203412.111684337,4.0,83849.84523826007
4656.0,1262459.96944955,234856.094052538,4.0,20449.392780238624
4659.0,1269561.30526482,208703.76576975,3.0,116116.71296579232
4669.0,1279864.72268337,223581.501784995,4.0,764187.1935008853
4670.0,1283848.48371145,194575.954171285,4.0,1082606.0963929691
4671.0,1284029.35180762,194572.329467282,3.0,380699.254596233
4675.0,1272508.82200383,230868.075104445,4.0,193828.6195704397
4677.0,1269381.74891263,245423.36657536,4.0,83296.70460980097
4680.0,1266300.14647748,241059.323754892,4.0,566295.304147778
4693.0,1274227.72344559,256033.019898221,4.0,78060.76912783715
4694.0,1274894.07019827,256014.666234195,4.0,150525.86934147685
4698.0,1279832.80082734,200877.203713745,4.0,108226.34000719046
4699.0,1280400.1287639102,200866.10694572303,6.0,422340.3073092626
4703.0,1262337.88765742,257674.228859901,4.0,1450832.1551880147
4704.0,1280910.82719643,259161.841725424,3.0,110940.41751048031
4705.0,1281580.69266912,259145.436221406,4.0,208095.5743510888
4708.0,1266420.8669896,248718.629682735,4.0,2958325.3096622974
4711.0,1277097.18258452,215137.139728338,3.0,78085.01363439776
4713.0,1265585.53566074,254809.880568966,4.0,156394.27022846867
4715.0,1267147.23268634,248960.608178973,4.0,103478.50448026675
4716.0,1280433.84716395,222588.462103978,4.0,351634.069696026
4717.0,1285815.97651346,248488.662578493,4.0,474994.7305626156
4721.0,1279041.34668252,228734.891742274,4.0,140783.04598618858
4730.0,1277939.32037739,219790.876181111,4.0,5720222.218979158
4744.0,1267973.50238319,230563.677792147,4.0,3490464.689093315
4747.0,1270884.41515417,201987.508226871,4.0,87129.86742652472
4748.0,1270858.69048214,201925.88173081,3.0,81877.46838183815
4749.0,1261800.80733687,239066.992104843,4.0,89875.726237452
4750.0,1261810.46090488,239367.128361151,4.0,119052.96443145275
4751.0,1265758.94474892,228731.106974259,4.0,20454744.01387559
4765.0,1277307.98693675,247337.713137314,4.0,60540.36096264814
4766.0,1277468.0191289,247334.35025730697,3.0,34789.83519166131
4769.0,1259465.12471047,253041.151223153,4.0,139673.1084173286
4770.0,1259476.87235849,253706.380151838,4.0,169490.5081996214
4773.0,1266700.37694189,245479.353967413,4.0,164252.6112886976
4776.0,1259682.8184707,250144.771508187,4.0,2525871.922109495
4780.0,1276217.66533563,201975.877314866,1.0,0.0
4783.0,1260956.09316,248521.012274534,4.0,191925.2111426256
4784.0,1266895.59998208,253725.957879856,4.0,297372.8979610874
4786.0,1282159.07698971,227787.709277302,4.0,77198.67799499068
4787.0,1282175.40012573,228248.128925771,3.0,53821.07616836382
4791.0,1268943.52241617,243659.88618955,4.0,106064.08607461271
4793.0,1279855.58489135,254910.95813706503,3.0,771650.1883928126
4798.0,1271097.15096238,225743.010267198,4.0,1287178.5782493462
4799.0,1282171.64223772,251882.444533974,3.0,116208.17174819345
4802.0,1278178.17650564,250636.382708699,4.0,200300.3088090069
4803.0,1278179.88940164,251289.050677359,4.0,196926.5023060587
4806.0,1261613.03082468,255016.820473179,4.0,448470.6411955771
4807.0,1261289.02884035,255021.93925719,4.0,527236.6334945855
4812.0,1262868.68445796,250989.53784506,4.0,889029.6876794324
4813.0,1262729.87767382,250986.177973047,4.0,41178.12774463648
4814.0,1264044.19031517,245280.401967213,3.0,198152.0455825029
4815.0,1263252.25719436,245298.150255233,4.0,192779.79124035136
4818.0,1271254.01419455,243593.330541477,4.0,107017.89383014968
4819.0,1269673.81291293,264779.740227178,4.0,124021.7816966865
4820.0,1263269.80247436,246097.25041604,4.0,894747.3953385496
4827.0,1268788.45739202,252707.176822811,4.0,27729.11021255934
4829.0,1282200.48966175,256202.933562398,4.0,52529.8327649915
4836.0,1284182.20415978,257472.0419157,3.0,1531759.86396292
4838.0,1260997.83293605,257040.055931255,4.0,294928.146816538
4839.0,1264425.32209155,242860.54686074,4.0,1583928.9675840186
4840.0,1272301.48945962,244814.983918726,4.0,153333.4280145808
4841.0,1272314.83128363,245270.449903205,3.0,12413.07279285885
4844.0,1268251.41188747,245705.288879648,4.0,47147.33582338698
4857.0,1265598.09764476,244073.375469968,4.0,481769.0700735948
4858.0,1265858.10404502,244067.545133963,4.0,80272.91689087925
4860.0,1265997.74122916,239196.406888977,4.0,1030387.6102488986
4861.0,1279628.54041113,227441.079004943,4.0,270110.6161736862
4862.0,1279950.47775546,227432.320540935,4.0,528320.6415325927
4864.0,1280118.94789962,245952.146031901,3.0,150387.46227597172
4870.0,1273700.56901306,206492.198343486,4.0,136981.6165388237
4871.0,1267447.93649465,241079.183978915,3.0,96961.86423524392
4872.0,1267608.18321481,241039.34052287004,3.0,82558.4829751185
4874.0,1275604.44709501,259644.541501924,4.0,151066.74445103167
4886.0,1257909.83811688,255074.522425234,4.0,605609.9341335082
4887.0,1257633.7739886,255076.003065243,3.0,309916.8990817969
4888.0,1262597.45668168,233738.245923385,4.0,53670.98862350024
4889.0,1275388.67160678,230799.624160379,4.0,87819.29262195945
4890.0,1275635.17074303,230794.74755238,3.0,33766.07289704605
4893.0,1258333.98979732,246752.895088717,3.0,83524.7335787106
4898.0,1285403.24473703,243483.012205377,4.0,861778.6738614233
4899.0,1285406.99667305,243758.653997645,3.0,24413.566713762848
4900.0,1268385.67902361,235639.493413344,3.0,51771.27311751202
4901.0,1273599.53835694,259372.270781636,4.0,3717876.665248793
4905.0,1267187.00587039,234315.704035982,3.0,129283.042522975
4906.0,1267194.59447838,234625.610276297,4.0,1682401.9327922214
4908.0,1256210.39299515,248890.531890914,4.0,150766.13873132432
4922.0,1263484.51101859,250978.52472505,4.0,123682.9110191303
4923.0,1263238.54858634,250982.921077043,4.0,654785.2389784805
4927.0,1262400.56733748,233114.476450756,3.0,315315.1734706728
4928.0,1262407.48560949,233427.339683071,4.0,286435.0150366335
4930.0,1267029.01246223,244701.476910621,4.0,349117.5129487594
4934.0,1286482.88723414,199167.41708798695,3.0,299767.7258617325
4935.0,1284707.87667233,248789.660658807,4.0,178804.2264952944
4941.0,1268248.66059147,245604.553199545,4.0,994944.4637038736
4954.0,1264111.59114723,230660.644448236,4.0,351580.05024625425
4957.0,1279834.12268333,222600.900375992,4.0,625310.2575378004
4961.0,1258667.33558966,253053.71058316497,3.0,79529.4676686187
4964.0,1274736.01739812,210430.593675524,4.0,3275319.613234133
4968.0,1267546.45169476,228411.091229931,4.0,216051.16764855295
4969.0,1267763.17009497,228649.283294186,4.0,329374.8605829587
4970.0,1273451.1961488,247975.305713966,3.0,24065.486240795908
4971.0,1273457.5153168,248245.252018243,3.0,124168.8590685502
4974.0,1276448.34501587,251322.365621403,4.0,513400.48260104365
4975.0,1276451.83973587,251982.30456607,4.0,329205.5274771179
4992.0,1258104.60906108,251060.187317133,4.0,62066.035847538486
4994.0,1279678.86277917,253249.228535369,1.0,0.0
4996.0,1272955.5685003,262404.477952749,3.0,141076.58397983393
4997.0,1283440.51635103,258732.39967697897,3.0,106310.06303733854
5000.0,1269270.90891251,230957.205216542,4.0,2277633.296858551
5001.0,1269592.36260885,230949.227552533,4.0,1823034.2291842147
5002.0,1264960.2669241,246035.53924799,4.0,2120116.80617541
5008.0,1282556.08083013,254495.451128647,4.0,89084.39881080225
5009.0,1256296.79113923,255219.246905386,3.0,9192.780201200614
5012.0,1279244.02117872,252924.806967035,1.0,0.0
5013.0,1270434.70609771,254177.026872322,3.0,4414.118182345516
5015.0,1266661.65822184,236808.727270529,4.0,244066.2546706112
5016.0,1265721.37758088,245230.622191161,4.0,393455.6600283446
5017.0,1262988.58743408,250987.390517056,4.0,451048.4354579327
5018.0,1263002.9358501,251637.079221725,4.0,258918.13281098165
5023.0,1289708.31712544,180273.00503663704,3.0,84777.99999999999
5024.0,1289927.89152567,180268.414508641,1.0,0.0
5026.0,1286326.74355398,204060.858052999,4.0,240695.79960466185
5040.0,1280232.77509974,248600.709938616,3.0,233308.12279623008
5041.0,1274742.92088611,212007.48097313903,3.0,3755400.1758114137
5042.0,1274805.59205419,212029.862477168,4.0,1057855.1030635538
5046.0,1282997.92377457,198589.42348739496,3.0,160873.09155357367
5050.0,1262006.59076108,257681.061563909,4.0,1617285.5664214669
5051.0,1273794.62456515,203089.21171601105,3.0,18793.773861220747
5052.0,1273657.02674101,202511.184323415,4.0,114874.98816768853
5055.0,1265545.1135167,242492.20151636,3.0,1153431.1724169585
5056.0,1265552.14762871,242781.831788659,4.0,984205.8213094856
5057.0,1262140.32042521,240232.157482043,3.0,120318.67243052994
5062.0,1279763.28159526,201065.30041793,3.0,3053.3434562335037
5079.0,1275038.35173443,210427.013323516,4.0,335058.28198244097
5080.0,1261260.20669632,238565.738216341,3.0,134148.7946488448
5081.0,1261264.35274431,238811.935528591,3.0,308699.3137702904
5082.0,1272747.61221208,246661.238768622,4.0,561855.8649902502
5083.0,1273419.27883677,246641.164336607,3.0,623718.1812388002
5092.0,1267480.71857469,250573.194548637,5.0,790779.7038562957
5093.0,1267486.87211069,250903.111476973,4.0,422079.6301326809
5094.0,1272200.37841952,237766.982951522,3.0,50336.72653262031
5095.0,1272208.99224353,238190.200935945,4.0,135333.20110681694
5096.0,1282342.89158191,228244.499037772,4.0,179824.88633634822
5097.0,1285040.74150467,247447.043313429,4.0,1961734.5475591584
5099.0,1279519.36607501,207329.76461635495,3.0,89580.70541025256
5100.0,1279509.595771,207116.314888135,1.0,0.0
5103.0,1279956.09285946,220744.09935008,3.0,63089.390368805296
5104.0,1280059.37253956,220740.26370208,3.0,10753.655920083054
5107.0,1264100.95825122,234383.290532053,3.0,36714.99458350461
5109.0,1265563.31134072,243241.538605124,3.0,817916.3425196679
5110.0,1275031.48197442,246617.72049658,4.0,70854.73924595282
5111.0,1275301.60549469,246614.183728576,4.0,70746.79692694549
5113.0,1268645.00164787,260166.847550452,3.0,1760932.250707262
5114.0,1284096.37267169,244566.920110479,3.0,1218217.0969722387
5115.0,1277594.22687304,213238.265934393,4.0,92726.25877626512
5120.0,1269284.09195253,210581.805323675,3.0,7228574.1883748
5125.0,1268575.89713581,254749.799992904,4.0,97720.0887082691
5126.0,1270267.15652953,228983.091678515,4.0,15299.963560784256
5127.0,1270270.96004954,229225.914078772,4.0,84507.00556200556
5128.0,1286119.74560177,249807.063155845,4.0,466089.8320730623
5136.0,1272528.99883585,252789.425654903,4.0,79515.14056963006
5137.0,1272864.4095882,252780.983414888,4.0,42786.50362374751
5138.0,1264533.37405966,234006.014051661,4.0,125108.42092959298
5139.0,1264211.66865134,234014.975971669,4.0,181544.8101596192
5140.0,1264347.52439548,246980.253232956,3.0,440884.2280487535
5141.0,1264075.54724319,247007.03070497504,5.0,1072194.4123513915
5143.0,1262469.72631355,245048.721326977,4.0,162915.11237154726
5144.0,1263485.48343459,243678.420909569,3.0,184842.5644344912
5145.0,1263327.42762643,243681.141997576,5.0,725447.2552666173
5147.0,1279569.95916307,230505.52694408604,3.0,98075.51177608638
5148.0,1279681.24012318,230612.92803219,4.0,351594.44881167216
5153.0,1259688.1318147,250405.222068459,4.0,498343.34301275946
5154.0,1255674.62864259,256928.180475131,3.0,129798.289849852
5155.0,1263782.8312749,234830.528164506,4.0,206224.62433586485
5159.0,1277103.47231254,225997.826971471,3.0,166082.0012995705
5168.0,1271218.89713851,203498.635460421,3.0,54502.9690768417
5169.0,1258217.7646452,249112.640051141,4.0,604221.44449728
5173.0,1264548.00561169,238676.060200453,3.0,19607.789402629223
5183.0,1268074.11076729,240292.61207410705,3.0,2472979.054574074
5184.0,1275715.95768711,220859.435030207,4.0,203226.2990729336
5185.0,1256191.16829112,247797.985521793,4.0,1299053.2666421316
5186.0,1256192.73225912,248092.609906092,4.0,538034.5224283307
5187.0,1273826.18194118,223685.009113103,4.0,140997.77496497988
5191.0,1270247.45284952,239571.492137358,3.0,14289993.6093389
5192.0,1270259.11947353,239996.572969794,4.0,159027.9353132926
5193.0,1285337.25536098,248915.58795493803,3.0,1117.6029973164116
5194.0,1285312.26489694,249495.317107528,3.0,37053.79318321312
5208.0,1266336.42884551,245217.010671139,4.0,202631.3752598236
5209.0,1277512.42162496,250653.86558871,4.0,250114.54654608012
5210.0,1277514.46917696,251309.837749392,4.0,411593.8124198835
5212.0,1264128.73149925,268225.680518702,4.0,247446.20967544115
5216.0,1263596.05111471,240180.307497993,4.0,120581.4410001391
5218.0,1277421.11896886,225990.374619454,4.0,349083.02442386776
5219.0,1261175.51428023,235767.28682147,4.0,203471.97867772044
5221.0,1268590.17335983,225720.072987184,3.0,22110.723450362228
5222.0,1268423.76555166,226000.901467472,4.0,48850.75687098152
5224.0,1266105.25905327,233107.652706742,4.0,241723.70022039564
5225.0,1266426.99364561,233097.325282738,4.0,449335.3128188552
5227.0,1281021.35385256,226064.695323527,4.0,256329.00182179987
5228.0,1268594.96075183,229695.527967244,3.0,569317.2068467563
5234.0,1271478.81617878,247086.345841065,4.0,544308.3706033117
5249.0,1279265.40101875,225949.961947411,4.0,387923.2711026958
5250.0,1284957.76761658,209954.049035043,4.0,19596.297444478
5251.0,1285267.79257689,209949.703563035,4.0,142785.36025361033
5260.0,1273898.05842125,207316.272200331,3.0,55726.76239083328
5262.0,1281518.55961306,207933.752904966,4.0,3409167.21626779
5263.0,1270914.0348662,255951.447866142,3.0,126718.49836193342
5264.0,1270917.0387702,256193.127802387,4.0,279154.9077707163
5265.0,1269556.12913682,253677.633847803,3.0,241751.4195561895
5266.0,1261255.8369683,238318.586792082,4.0,141784.04853779208
5267.0,1261257.67850432,238415.621416181,3.0,51781.859597760485
5269.0,1265444.43198059,236214.989989921,4.0,86233.13329363834
5281.0,1273614.27518897,262384.206976727,3.0,103498.74759947346
5285.0,1278507.38188198,232317.743137941,3.0,25373.76372999652
5288.0,1282868.15430243,256817.304379031,1.0,0.0
5289.0,1282872.11366245,256977.787707195,4.0,203389.8640795897
5291.0,1263478.02775459,231103.122592688,4.0,645694.6616696505
5298.0,1264765.9028279,231070.543904662,4.0,442900.72137746366
5299.0,1265087.67742023,231062.245984644,4.0,524064.21781182295
5301.0,1269733.828209,242299.323244154,4.0,303431.5151447265
5302.0,1262974.92081007,250337.47717239,3.0,566142.9465051885
5309.0,1275174.41509457,253003.433079123,3.0,91288.08762883456
5317.0,1269964.7313132302,212881.00020603795,6.0,2109043.089278662
5325.0,1265729.64497289,264870.491715267,4.0,920888.9699625658
5327.0,1256268.7396832,259341.687485605,3.0,561735.3274255351
5329.0,1284298.27187191,202512.555715412,4.0,773140.6507082185
5330.0,1284295.65702391,202335.680131242,3.0,233568.90982861756
5331.0,1272360.00408368,204864.555589825,4.0,666185.6283370265
5339.0,1266687.00196587,244939.296686858,4.0,102160.7489386226
5342.0,1272173.50181149,249856.512883902,4.0,148259.79490927726
5344.0,1266035.6174532,243619.706157506,3.0,104034.22304596388
5345.0,1271033.47493032,214329.046223521,3.0,59790.76517532932
5346.0,1271263.31992255,214324.558671504,4.0,71631.32132807658
5347.0,1263146.88273025,235728.120549425,4.0,143153.03653395732
5350.0,1280186.4034517,225929.88425140097,3.0,40165.00911812009
5352.0,1268275.38199949,227312.909020811,4.0,572250.0792814001
5354.0,1272643.95333198,224880.331866324,4.0,608677.2186328272
5355.0,1272488.13899581,225143.691866592,4.0,67394.16830559267
5357.0,1266245.01630142,254532.227640688,4.0,333118.1521160847
5360.0,1282560.44332613,197921.782462716,3.0,2141.4270064995803
5361.0,1282562.29926212,197642.761982426,3.0,16631.64469973332
5362.0,1263465.74071458,243055.204972938,4.0,455626.0231237485
5363.0,1263447.96151455,243055.584876925,4.0,42690.78956908309
5373.0,1267384.30507058,232753.097634375,4.0,17101.661719277963
5376.0,1275793.20159119,215432.51150465,4.0,141676.37146274652
5377.0,1276043.16274345,215426.513168633,3.0,24688.89554492598
5379.0,1267598.5339348,255830.290618017,4.0,44109.0886848335
5380.0,1268258.39351948,255814.350073993,3.0,29579.02959608473
5381.0,1278442.15199392,250631.093044683,4.0,194523.44308056083
5383.0,1268734.16619197,269444.85754396,3.0,645805.1299716554
5387.0,1262379.18020146,240349.168362156,3.0,146735.487309759
5393.0,1270372.95787364,244046.648493946,4.0,136770.70673985852
5394.0,1270385.24132966,244469.576494381,4.0,155733.1916798438
5399.0,1274808.05528618,207440.946440458,3.0,26252.59913755329
5400.0,1264014.64938714,259621.86572589,3.0,173302.655292082
5402.0,1266434.76004562,233399.454243049,3.0,1125703.6000210238
5407.0,1273216.10213256,254751.221624911,4.0,113980.57320354902
5408.0,1265393.05937254,234355.535652027,3.0,4809.96326502067
5411.0,1270602.61880188,225805.666651264,5.0,11480716.613381725
5414.0,1264878.72836402,242592.731116459,4.0,111114.7469728898
5416.0,1278263.17893772,220339.741205677,4.0,2659530.743790487
5417.0,1284982.7111046,245205.916527137,4.0,111166.33542268816
5418.0,1266081.15735725,232146.002337754,4.0,760577.0234050973
5419.0,1266403.03767759,232137.854753748,4.0,90594.5293628703
5420.0,1284137.60057575,248179.232114181,4.0,536435.0263144632
5421.0,1284141.57830374,248526.321330532,4.0,447177.1087026133
5423.0,1277742.68229719,225982.763035446,4.0,539041.8578603974
5424.0,1272053.47448337,215829.286673054,3.0,184202.50756036365
5428.0,1274287.52677365,205680.202310666,3.0,43560.87339395937
5430.0,1271016.9171703,223205.607512608,4.0,146757.08445339257
5435.0,1275508.69234291,204579.457733527,4.0,43910.70548146968
5436.0,1275496.11032689,204105.325829044,4.0,75307.5263078632
5438.0,1280206.51103571,226535.41942001897,4.0,175823.59197122304
5439.0,1278315.04005778,222431.742615819,3.0,41242.36300080681
5440.0,1264378.32253951,262607.43718496,3.0,598885.8599496814
5448.0,1269717.91358498,223504.089560911,4.0,85817.6948536313
5449.0,1269847.83454511,223580.991640985,4.0,138329.2185601642
5452.0,1276949.69599238,244690.299758613,3.0,158593.3683388067
5453.0,1282028.71046159,253202.397239327,4.0,42478.86402680507
5454.0,1259616.72016662,246920.092592895,3.0,30447.588655307667
5456.0,1284281.49107189,260460.165566757,3.0,67781.66271106403
5457.0,1284047.13657565,260822.721919119,1.0,0.0
5463.0,1262925.42781802,253662.412087798,3.0,49805.81760472859
5464.0,1262612.0228897,253667.751991794,4.0,1798632.548795354
5467.0,1272581.28056391,257079.724155292,4.0,204985.51215030788
5468.0,1264733.97796386,229792.950943351,4.0,169639.8361226408
5469.0,1264412.03044353,229801.544479355,4.0,100386.8578866092
5472.0,1267679.11479889,245717.574959651,4.0,234295.73670455551
5475.0,1265296.49393244,257603.891067833,4.0,117204.71728221075
5476.0,1265626.42468478,257595.748411819,4.0,164566.67474384297
5477.0,1269185.95172843,247213.944369197,3.0,1162979.286696062
5480.0,1282927.2142705,201227.135746107,4.0,313753.36534540646
5493.0,1284358.37183997,205860.86106284,4.0,227556.97806150344
5494.0,1272664.25054799,228387.928541914,4.0,290077.5640048504
5495.0,1272669.658676,228897.869086429,3.0,63249.819936156106
5499.0,1267309.8862545,229061.751966596,4.0,208682.3922071599
5501.0,1284152.35091175,255215.314169377,3.0,84777.99999999999
5502.0,1284302.20588791,255211.788601384,1.0,0.0
5503.0,1282185.18815774,223658.676505074,4.0,109211.90260174568
5504.0,1282468.22764604,223559.970328972,3.0,980844.6674618132
5507.0,1263318.52842642,256994.702971205,3.0,31832.22540422405
5508.0,1262990.04970609,257003.19673121,4.0,57120.60288462566
5509.0,1280941.72972447,220296.479509622,4.0,121186.16100355017
5510.0,1280924.89574045,219875.844501197,4.0,152610.41138612473
5517.0,1284972.2583686,248211.678578213,3.0,148375.5392029615
5521.0,1278889.29682636,223871.215129286,4.0,1038798.7609977244
5522.0,1278903.96178637,224556.185177982,4.0,920317.7709848292
5523.0,1276765.34732018,220837.335382178,3.0,43604.199525942575
5526.0,1271572.58699487,244437.450862348,4.0,154766.5999210452
5527.0,1271866.51160318,244429.823278338,4.0,65934.35898825245
5529.0,1276277.43851969,212536.722061679,4.0,386453.4994672457
5531.0,1264066.86813919,246558.19268852504,3.0,199820.88102897056
5532.0,1276275.95160769,259293.396541566,4.0,748501.4928120195
5537.0,1270960.33265825,243600.969261497,4.0,106216.46591512456
5538.0,1270972.45931426,244026.767341927,4.0,102340.4727042206
5539.0,1264792.75741993,268207.913542688,3.0,43933.935369935774
5543.0,1268667.42647991,225649.776859105,3.0,456154.1126707592
5548.0,1269424.60216068,200857.296577722,3.0,58085.604397851006
5549.0,1269014.18731226,200868.464833736,4.0,100798.64802232642
5550.0,1272684.38827601,220290.860693619,4.0,4795.79950554029
5551.0,1272807.45592414,219852.61128516504,3.0,8367.744606790891
5553.0,1276704.23589613,218120.2112194,4.0,233844.5110264158
5556.0,1278977.39077845,251273.330613345,4.0,601354.834469037
5560.0,1269841.9983211,218183.959443465,4.0,370381.42212626274
5561.0,1269826.55083309,217409.079058677,3.0,247644.71854493264
5568.0,1262608.6741537,240782.122538611,4.0,12777.438875909462
5569.0,1262290.49962537,240615.254762426,4.0,3869.975200069076
5570.0,1282366.20358193,232660.568610281,4.0,106181.94498033047
5571.0,1282704.07852627,232651.305826277,3.0,76341.05399060209
5572.0,1272964.2154763,203441.683780372,3.0,132224.35904536597
5573.0,1273956.62456532,203678.577668607,3.0,44117.04395355275
5577.0,1280012.28997952,230918.754144505,4.0,1840198.878235838
5579.0,1273586.97310893,230427.779743999,4.0,465257.2228240718
5581.0,1267326.72017452,260858.75071916,3.0,50729.37304618273
5582.0,1280822.42713234,208705.142729759,3.0,16105.31316433036
5583.0,1281069.3088606,208698.509897754,4.0,617520.2118366841
5585.0,1260883.40727192,245083.111983001,5.0,2969601.524244978
5586.0,1264895.22276403,253226.704311341,4.0,767087.1937441461
5587.0,1264900.60100403,253493.095479622,4.0,181166.74846869084
5588.0,1281462.909757,245923.557167873,4.0,721672.0952956806
5589.0,1284327.59430394,204384.733765334,4.0,889490.4550611756
5590.0,1284321.85811193,204111.861573055,4.0,1199036.141758516
5594.0,1279103.70578659,232570.813218191,4.0,38353.01963242544
5595.0,1263827.39319494,247642.13476963303,3.0,13594.002962147028
5596.0,1255535.31235445,249652.946035683,4.0,345349.66128885554
5601.0,1281663.36306921,244336.999982238,4.0,198503.95428868747
5602.0,1281913.01318146,244327.65060623,4.0,64645.90084831849
5603.0,1270368.70161764,245664.436271608,4.0,59226.70284908936
5608.0,1272171.88965149,236387.106406108,4.0,176572.96291392975
5611.0,1275342.37867874,248364.29016237,3.0,2245.9256898798744
5612.0,1275593.22725499,248362.329842359,5.0,594547.4224081133
5614.0,1262301.01828139,245318.484527245,4.0,79876.47612020178
5619.0,1277350.27429679,213535.332238704,4.0,20915.4977054184
5621.0,1275720.59973513,221754.526743114,4.0,503203.2224830597
5622.0,1266255.08158143,255060.277049229,4.0,379981.3551734719
5623.0,1257070.68592402,253727.712823868,4.0,386133.572929649
5625.0,1280979.08198051,252562.949046671,4.0,138166.98631030408
5626.0,1280980.88582051,253222.96248734,4.0,151990.8394444058
5627.0,1278955.81535444,217314.53595458,4.0,184315.97780156552
5628.0,1279259.08741875,217306.984466568,3.0,754416.9026466758
5630.0,1262207.56471328,237480.34967123,4.0,63086.14164405767
5635.0,1263567.61284268,247931.08824192,3.0,454862.0730885504
5640.0,1276970.2559924,218113.245011389,3.0,437256.3477712402
5641.0,1277070.54815251,218110.618387386,4.0,2761256.0798847224
5643.0,1284933.16659255,208236.279177278,4.0,117190.81342129892
5648.0,1271294.12401859,223369.603608772,4.0,127028.30562622688
5649.0,1269730.14123298,244876.85783879497,3.0,46660.713020559866
5653.0,1279127.29273061,222904.594328299,4.0,83312.53119950621
5655.0,1265091.43134023,233881.946403533,3.0,20338.121996344045
5656.0,1265093.18103623,234362.194468036,4.0,62692.630602843055
5666.0,1265110.25054026,234981.896612659,3.0,23369.746686897757
5669.0,1269018.86872026,245690.361775637,4.0,195240.6189492362
5670.0,1269011.81720026,245949.975087896,5.0,854779.9817514145
5671.0,1283661.79609525,198580.07443139,3.0,87524.67491253463
5672.0,1285492.22521713,243006.32478088103,3.0,56646.04026913452
5675.0,1258701.9428217,255064.30264923,4.0,332075.10453275184
5678.0,1269336.03115258,226045.463067517,4.0,1005736.3575238488
5683.0,1256568.62454751,255213.960505381,4.0,436282.014956525
5684.0,1266272.75050944,253738.154423878,4.0,275879.983214857
5685.0,1261273.79626432,251667.399669752,3.0,130752.8504965074
5686.0,1261162.04586421,251669.27992574903,3.0,30757.91454395889
5688.0,1280653.14758018,245649.760111585,3.0,192.31422366631227
5689.0,1264273.82570741,255099.252089262,4.0,334243.7848070809
5693.0,1273005.68914033,239636.85386543,1.0,0.0
5696.0,1273338.85714068,250740.445492804,4.0,391464.1972404316
5697.0,1273733.82546109,250081.821812123,4.0,564776.5234345602
5702.0,1263315.19837841,243378.527789265,4.0,23697.479023202668
5707.0,1273886.06731725,227120.968156621,4.0,141028.09771093843
5711.0,1283576.34092717,235702.004453406,4.0,541460.2063057855
5714.0,1272354.71045168,238187.22256794604,3.0,128928.20414185416
5715.0,1274822.1107102,207993.877129033,4.0,123280.10111278716
5716.0,1275002.12050238,207989.491273031,5.0,1296250.085648517
5721.0,1265595.75089276,255337.845433503,4.0,1365779.7317636134
5723.0,1267658.50334287,244917.800942838,3.0,30555.856984131333
5727.0,1262132.02877721,235317.242405012,4.0,184385.0038420529
5728.0,1261836.73802491,235311.395941004,3.0,160458.06417543205
5729.0,1279888.73669939,214859.637008056,3.0,127445.2753107467
5733.0,1270966.48945825,260777.561919078,4.0,356127.4396107568
5746.0,1284290.2748159,206532.232711539,3.0,96053.21896296478
5747.0,1284373.27302398,206531.35245552697,3.0,114656.9236039234
5758.0,1253772.69872065,251341.020725414,3.0,423738.0
5759.0,1284891.65881652,198370.609919176,4.0,173021.43256556446
5762.0,1256111.39024304,258926.787389189,3.0,19970.39043851041
5763.0,1255631.73341055,258936.588221192,3.0,217821.69623440743
5764.0,1276886.94188032,228765.099358305,3.0,29589.00873099644
5768.0,1280189.54386769,255458.142777637,4.0,1964001.2439124463
5769.0,1280201.68325971,255720.949945897,3.0,262915.25583413866
5770.0,1275602.050423,259975.966718256,4.0,1185203.100889809
5771.0,1270954.82513824,204899.331141859,4.0,319606.76860513544
5772.0,1271255.92984255,204890.798021853,3.0,341613.2462538981
5774.0,1259655.89431067,248814.484786823,4.0,227241.35183342727
5777.0,1284456.70035207,203365.629828289,1.0,0.0
5778.0,1284701.17984031,203303.267716229,3.0,93323.8204246636
5780.0,1280860.17113239,255963.400570154,4.0,110157.53182500476
5781.0,1281531.19570906,255954.695866138,4.0,171254.3034048061
5787.0,1284927.02585655,207807.494600832,4.0,475328.97004147375
5791.0,1278984.29330647,202703.903107613,4.0,894057.6002108961
5798.0,1268373.66135959,226787.902876273,4.0,722894.6954124469
5800.0,1279069.57497054,231483.115233079,4.0,337535.83387262723
5802.0,1294387.48788224,181246.779373646,4.0,1025350.1188536668
5803.0,1273350.58936469,209091.423498154,3.0,127167.99999999996
5806.0,1261597.71754466,238806.898472577,4.0,105211.23951239209
5817.0,1263498.6694186,244500.304110408,3.0,80444.35079172472
5820.0,1259224.53923823,254374.691192523,4.0,256787.11063789445
5822.0,1285472.7692171,251809.852149904,3.0,26124.9785820637
5824.0,1255568.03107448,251488.954485565,4.0,34104.27209299507
5825.0,1254905.5153618,251494.865269572,4.0,51268.7932477948
5827.0,1282599.56236617,249220.356019244,4.0,2331052.142390292
5831.0,1270318.07998559,201876.109506771,3.0,74898.39010737247
5832.0,1270595.56734587,201931.472898826,3.0,72011.85848921063
5833.0,1265456.88695662,248993.72459501,4.0,195737.45325416667
5834.0,1265697.66014086,249005.751475021,4.0,156022.84919825988
5836.0,1260285.32675931,247436.891761422,4.0,136333.6382361148
5837.0,1259627.88816664,247451.450417429,3.0,21083.691779858444
5841.0,1281600.57286115,221495.833046854,4.0,166335.9224830804
5842.0,1281768.66604531,221489.626070842,3.0,71507.77994641896
5849.0,1274165.21669354,224658.766682088,4.0,575951.0408734501
5850.0,1274493.24818186,224651.381850094,4.0,439468.9834998335
5853.0,1273731.75070909,221800.260951161,4.0,1152526.5477948969
5854.0,1268239.47691146,242715.88343659,4.0,473519.5397830335
5858.0,1286164.33766581,204879.28557384,5.0,217777.5032414464
5862.0,1283614.44550321,202785.566979691,4.0,82208.17064354022
5867.0,1269425.87281668,241881.122027725,4.0,116405.30834807764
5869.0,1268286.0230235,258193.11366044,3.0,84342.6352574271
5881.0,1268613.42891185,235607.074533299,1.0,0.0
5882.0,1268623.31799985,235869.597925574,4.0,68029.63851628054
5883.0,1265186.34686033,237840.161575586,3.0,550682.3184037432
5884.0,1265198.66474834,238346.112360105,4.0,1337471.636409386
5885.0,1282339.90502191,204981.580293939,4.0,3880023.361452127
5886.0,1283009.72262259,204959.665029928,4.0,3277062.916101585
5887.0,1273334.00114068,243912.146477804,3.0,91813.36040298684
5888.0,1273347.28920469,244372.131118283,3.0,147758.02603348112
5893.0,1284235.49510384,198822.943999633,3.0,81785.84721703586
5897.0,1267986.7096792,260842.80095914,3.0,191469.5585391892
5898.0,1284463.39225608,234804.404836476,3.0,80425.81028629278
5899.0,1276293.80786371,257967.268988207,4.0,1451079.079621446
5900.0,1276941.83250438,257947.874620184,4.0,733841.1475400305
5901.0,1282939.07743852,202003.632514894,3.0,81334.25249583858
5902.0,1282938.53407851,201875.147906765,3.0,35047.31967847798
5906.0,1275423.88408682,242801.026348665,4.0,64808.947321888816
5907.0,1275708.71557511,242791.050284654,4.0,226476.13157062387
5908.0,1285577.67417721,209945.360075027,4.0,53792.62914566038
5911.0,1262777.87792987,234412.812452078,3.0,39973.60090960743
5912.0,1274267.18661363,211395.740364507,1.0,0.0
5913.0,1274424.20926979,211393.822092503,4.0,166300.3664200638
5914.0,1264338.99089147,245019.279086947,3.0,317705.04817861976
5926.0,1283194.48275077,201872.645570755,3.0,1491.987289139139
5929.0,1264882.62468402,238981.071400762,4.0,53190.076835212014
5930.0,1281569.03551711,257010.10681122504,3.0,240899.1930743658
5931.0,1282228.86098978,256994.5222352,3.0,225667.7587992002
5932.0,1267509.45572671,244620.952814534,4.0,481906.2838859236
5933.0,1267517.87825473,244921.937774837,4.0,522266.7961167018
5938.0,1264743.60196388,265560.137667984,4.0,275835.2028739613
5939.0,1264752.11543588,266222.946052656,4.0,446573.6264193588
5952.0,1277489.66213693,227908.863517419,4.0,253120.2311611644
5953.0,1277512.75199296,228573.995742097,3.0,120419.79405032968
5963.0,1274604.46974997,252143.648694232,3.0,654879.6411974116
5964.0,1258659.26013365,259082.524285346,1.0,0.0
5968.0,1272904.05022824,242051.627563909,4.0,97605.99765741968
5969.0,1272914.75461225,242422.428332284,1.0,0.0
5970.0,1266885.39134207,235563.081829265,4.0,678462.5840340469
5974.0,1265331.38327648,233876.639011532,3.0,178807.72682907764
5975.0,1277001.93477644,221420.801046774,4.0,1434714.8177509415
5978.0,1271502.4782588,249600.307379633,4.0,440446.8087326785
5985.0,1273852.2747412,243385.611437276,5.0,46460038.89143923
5986.0,1274112.25618148,243379.973677263,4.0,1739861.565357793
5991.0,1262175.66551325,236405.855078116,4.0,160914.23803294616
5992.0,1274519.02238989,246873.105776846,4.0,116867.29958100084
5993.0,1263995.02506712,258294.793916538,4.0,192396.5501902838
5994.0,1258823.26211782,258257.96460449704,3.0,19837.07681030817
5995.0,1258827.26506183,258539.046716794,4.0,126627.93863155416
5997.0,1276979.95186441,251980.072950065,4.0,291641.82274082943
5999.0,1281472.11186901,246583.501360551,3.0,677436.9940553021
6000.0,1275196.32056658,203965.58035691097,3.0,1171205.0247341974
6001.0,1275485.26623088,203721.020484656,3.0,1488740.3401446494
6016.0,1277128.36428057,217352.040146619,4.0,812336.1064818164
6017.0,1277447.84460089,217344.43355460503,5.0,689677.0669383543
6020.0,1280880.7406684,209682.091914758,4.0,121097.11808083724
6021.0,1281161.06815669,209728.859530807,3.0,11402.36962762088
6024.0,1264230.28215535,252971.089655086,4.0,1475942.4899281452
6025.0,1263477.15409058,247650.385713637,3.0,69699.26709253316
6026.0,1286556.64333022,202661.748995572,3.0,235463.92440753305
6027.0,1286549.84646621,202481.778883383,3.0,199298.40529276404
6028.0,1264176.35281131,237036.400742769,5.0,692583.1511819557
6032.0,1279432.70092292,247293.025521278,4.0,1417045.0716586437
6033.0,1279440.88031493,247827.250225812,3.0,43461.00000260913
6035.0,1265751.68561292,231841.191649452,4.0,1854667.1416111272
6036.0,1274099.24766946,242774.870572641,3.0,814420.3125975733
6040.0,1284762.48684838,252921.153719038,4.0,143576.75369132357
6049.0,1269926.45150518,248471.354866475,3.0,7355.595010662692
6051.0,1258955.57520595,254377.584888533,4.0,316763.18725141103
6052.0,1275082.57343046,212026.298189163,4.0,753842.8056266118
6059.0,1267025.41732621,264840.08889924,4.0,130108.46029305123
6060.0,1282308.70726186,250550.173236609,4.0,318275.2362985308
6062.0,1275487.52043888,216158.838481396,4.0,139223.92345473566
6063.0,1270106.84030537,226006.944795474,4.0,3657880.480765563
6064.0,1270383.78097765,226170.978203639,4.0,2136180.722758268
6065.0,1279500.59116299,202004.801154897,4.0,252827.49457767932
6066.0,1274593.71742997,243141.475757018,3.0,68226.17011235279
6067.0,1274752.02091813,243135.612909019,4.0,42611.452354121015
6070.0,1265570.19057272,254016.852344155,4.0,153316.94494347964
6071.0,1266256.67441343,254004.526264146,4.0,167512.98307898742
6083.0,1284248.25619185,199690.938688532,3.0,43408.844807395646
6085.0,1271940.90059525,252811.254006922,3.0,13291.709819634663
6086.0,1272198.20024352,252801.796662912,4.0,17304.50163241839
6102.0,1282318.10687788,248560.768114567,4.0,426014.3563642351
6109.0,1278684.98354615,248614.525554627,4.0,757421.7476921659
6126.0,1284221.63321583,197902.597118691,3.0,516638.3862874483
6129.0,1258426.05558941,254382.563896537,4.0,503633.8277786661
6130.0,1258437.92298143,255067.709177226,4.0,282919.5782254733
6134.0,1277937.72914539,200767.349889636,3.0,379453.5186260807
6139.0,1273235.39403658,258058.22514829,3.0,4730880.7125625
6140.0,1273584.30117293,258046.622140288,4.0,4681087.039781755
6141.0,1271995.74494731,205426.708998397,4.0,222122.3752926521
6142.0,1273216.59064455,269482.062855989,3.0,79490.71887557114
6143.0,1265737.89988489,239201.92132099,4.0,770592.0003709233
6149.0,1271166.67902645,240877.595498696,8.0,17540101.32384231
6156.0,1258782.50659777,246108.658480063,4.0,3532008.338909434
6160.0,1284527.91411214,249064.502643079,3.0,94008.44542680882
6161.0,1279005.90943448,228309.574365839,4.0,172075.36487647414
6162.0,1272783.99768412,247995.257393986,4.0,35627.58241295756
6170.0,1261472.53636053,234875.662564561,4.0,269597.9694029572
6179.0,1260100.14147912,237512.47690326,4.0,165136.1020647433
6182.0,1275496.5969189,226155.528155625,4.0,379036.0611389163
6183.0,1272680.43486801,250827.553588897,4.0,390107.03131781967
6184.0,1272525.15435585,251086.389045149,3.0,267787.94905172265
6188.0,1281407.41804494,196603.100989372,4.0,115875.22695056198
6191.0,1272305.82801962,264712.602947116,4.0,665020.0762829974
6198.0,1259705.42211872,251692.31595777,4.0,252390.2977787552
6199.0,1259441.46167046,251696.948533773,4.0,117948.4450634323
6218.0,1263999.58967511,243368.820781246,3.0,165953.69137223106
6225.0,1277193.99903263,202410.682563305,3.0,1694083.8539956063
6228.0,1262551.59978564,237962.182311714,4.0,26146.292040742406
6229.0,1262558.90064964,238209.019431964,3.0,44964.75143755251
6230.0,1282589.54367815,249882.735923916,4.0,1890278.0564724277
6231.0,1280438.24876395,254157.152888298,3.0,264494.33390758693
6235.0,1277631.49157707,202393.157315299,4.0,1662707.382401852
6236.0,1277626.13068107,202002.3143069,3.0,43745.917420968784
6237.0,1260588.49776763,253031.16267915105,3.0,29937.7143563826
6239.0,1261249.7681043,237972.121639729,3.0,23275.21832711804
6244.0,1272283.6429956,260074.656830356,4.0,21140390.92733539
6251.0,1285326.85971296,243009.594476879,3.0,271.0215007215008
6258.0,1270362.62161763,245404.508975342,4.0,46997.92241883705
6261.0,1256859.6745318,247789.395953774,4.0,993523.9218930145
6262.0,1256865.61181182,248078.106354073,4.0,872840.7384177182
6263.0,1285804.59596945,249776.460851818,4.0,483967.6035206712
6275.0,1256238.03862718,251483.24286955604,3.0,7271.911163773412
6280.0,1264484.18122761,250960.642869025,4.0,64120.270710533725
6281.0,1269904.41681716,254844.133176997,4.0,4393164.9867704045
6283.0,1277268.37285671,230802.516512379,4.0,156204.6477433217
6284.0,1283411.320895,197587.354942366,4.0,56105.76766818021
6285.0,1283643.90111923,197585.365758374,1.0,0.0
6286.0,1272872.8570762,253645.635575771,1.0,0.0
6287.0,1260270.3586313,245362.539567292,4.0,337564.41035388206
6290.0,1266158.04074933,243616.714349508,3.0,71897.60832578309
6296.0,1263808.04087493,235715.197989419,4.0,76825.86532233813
6297.0,1278903.40831438,219252.061268553,3.0,279989.0026505982
6308.0,1268395.10583963,234546.079268217,3.0,79832.84763813262
6309.0,1268686.84638391,234540.633764207,3.0,125294.06772852287
6310.0,1263579.17482668,248462.709234476,4.0,397370.76711161126
6311.0,1260358.78333539,236063.380709767,4.0,339345.52141213213
6312.0,1260075.8019591,236068.22710977503,3.0,59040.98863063602
6316.0,1273553.5968529,255386.299385563,4.0,61181.67745394647
6317.0,1274216.43768558,255368.342393547,4.0,79143.88810460414
6319.0,1280072.48108357,221069.933014423,4.0,360729.5753354263
6320.0,1278246.8952257,256911.87180312,1.0,0.0
6321.0,1269230.60548848,254205.454648346,5.0,4427542.059799383
6322.0,1282611.61676618,198661.42335946896,3.0,10481.146850715268
6323.0,1282613.61811018,198224.310015023,3.0,264.60368368960053
6326.0,1264735.08625187,264897.299395293,4.0,410297.8005590662
6327.0,1277855.6955453,253891.494008034,4.0,473336.2348807034
6328.0,1263241.29591434,244674.004846588,3.0,102710.13686478882
6335.0,1272396.01086771,221827.565655202,4.0,52636.78601170293
6338.0,1277594.28492104,230794.910560384,4.0,379894.3383579448
6341.0,1277483.99583292,206263.186695263,5.0,762639.153803528
6345.0,1273716.79006907,208426.77255347403,3.0,92941.35472234875
6347.0,1280628.72838014,219887.609877214,5.0,115397.11136446612
6348.0,1274273.85394163,260346.205502644,4.0,302832.2692940009
6349.0,1274936.75384632,260326.801022619,4.0,313804.0851667855
6351.0,1259615.36490263,246856.612720817,3.0,12630.66134916487
6352.0,1259537.61795855,246958.351024926,4.0,24586.87890747196
6364.0,1273565.87832491,227964.55471748096,4.0,527964.1903656588
6365.0,1273758.87429312,227962.847645476,3.0,141215.97223500974
6366.0,1261844.57303292,253678.209335804,4.0,600366.0570515036
6367.0,1273238.49643658,250710.627636775,3.0,1132371.654735194
6368.0,1278351.94744982,227900.486941412,4.0,137455.81080242794
6371.0,1284128.55110373,247385.752369359,4.0,2320756.139559084
6376.0,1269023.91723226,227502.639965013,4.0,197550.56937430735
6380.0,1275555.80971895,246608.601392567,4.0,75226.57670007163
6381.0,1275578.71909498,247378.854449362,4.0,94635.80571317072
6382.0,1282127.06886168,226909.321564391,4.0,79662.82605415494
6383.0,1282143.1846377,227349.349212855,4.0,70271.42273381184
6384.0,1269691.95460895,223844.29064926496,3.0,56110.75287366572
6385.0,1283701.5633913,242036.97994789496,3.0,218437.748032115
6386.0,1283708.8675193,242320.660140187,3.0,157537.83713245043
6394.0,1261944.08100101,251655.79570174203,3.0,53047.52311339411
6395.0,1261793.57968886,251658.444341734,3.0,81317.26200573686
6398.0,1281112.19916464,244864.576686785,4.0,64131.10669635393
6399.0,1268244.30891147,245445.245423377,4.0,85690.26967483333
6400.0,1268651.65387188,245437.323567376,4.0,63860.5562705051
6401.0,1283264.05446285,234836.913316518,3.0,628186.7817932364
6405.0,1276989.76844043,212522.579661667,4.0,99569.2879854644
6411.0,1263559.49380267,252440.821686536,4.0,967855.457867211
6412.0,1272482.36011581,229172.092638716,4.0,3264666.740878267
6415.0,1270358.49329764,224949.804826394,4.0,519241.60459836415
6416.0,1284352.62054396,205586.17395857,3.0,318017.30464228214
6420.0,1285009.58937663,253068.33221519,3.0,31912.595136653777
6424.0,1275838.25989524,219835.972885162,3.0,103344.79974210708
6425.0,1276146.27704756,219987.21173331104,3.0,310667.39765136567
6427.0,1266989.32683018,260602.610814899,4.0,1243256.752005653
6428.0,1266992.59716618,260866.82451117,4.0,67254.26875630586
6431.0,1267732.37092695,252364.570550472,5.0,1474173.84642217
6432.0,1268200.78961542,252351.437686458,4.0,2067288.6593657855
6442.0,1284594.0872322,206353.623815343,3.0,49747.72940180588
6447.0,1267022.13943821,244441.52075035905,3.0,318482.5033025451
6448.0,1278479.45740195,206294.821127295,4.0,166183.87434162927
6455.0,1275196.45445459,204111.545285046,3.0,126866.93610478494
6456.0,1270861.00152214,223468.961624876,4.0,232398.37736518387
6457.0,1264506.35639563,237029.661222756,4.0,342631.0657991524
6458.0,1264520.32945165,237604.095783353,4.0,310059.46251069143
6464.0,1283079.70604666,233961.422627613,4.0,75922.8625769071
6465.0,1283419.714559,233952.246819615,4.0,134345.98802865404
6466.0,1257506.26608448,248596.4104186,4.0,349289.27847054176
6467.0,1261612.42026468,246609.974448577,4.0,656956.5072068401
6469.0,1273576.81630893,229242.803422794,4.0,2144433.936235872
6473.0,1271047.19569834,253502.64632763,3.0,175402.0369919908
6474.0,1275882.01343128,212893.722958043,4.0,440581.5337128972
6475.0,1276052.01016746,212890.362382039,3.0,134902.28689653223
6478.0,1270069.86296134,218179.472915456,4.0,432894.0400628745
6480.0,1256196.70537913,249108.50155513,4.0,824867.0833505021
6481.0,1255526.80445044,249121.084211141,4.0,946394.8931915716
6490.0,1274491.23077387,214903.367248103,4.0,115485.44487026273
6492.0,1266713.31492589,245999.302767947,4.0,1077013.1073621977
6498.0,1274497.91416587,246081.934128031,4.0,441989.8547950026
6499.0,1264202.73399533,233699.039587349,4.0,313478.9240121453
6500.0,1280160.34937167,219412.577044725,4.0,201868.4155341776
6501.0,1269453.73361671,242793.206444666,4.0,410628.3230394578
6502.0,1272693.82296403,217352.319698617,6.0,8380160.109854982
6503.0,1264827.72650796,262907.912961259,3.0,24949.76220584879
6506.0,1285857.43641751,207796.330952823,5.0,154975.40311733322
6507.0,1285851.5377935,207368.008968383,4.0,110388.0713369684
6509.0,1274233.41765361,256365.364026561,4.0,31757.85585919159
6510.0,1274239.1532056,256697.749882907,4.0,64119.84921446166
6514.0,1265366.70641252,227832.26818934095,3.0,9517672.651796969
6523.0,1270659.43268993,264758.035267159,3.0,269801.25563730847
6524.0,1270998.62526628,264750.571651146,4.0,449878.98648706666
6525.0,1270321.8759536,242283.258988142,4.0,392921.52446582704
6526.0,1276686.01016811,245353.705263287,4.0,314656.2950657349
6528.0,1277709.14527316,206781.66989578295,3.0,70272.15264858582
6529.0,1264524.52663566,233690.302755341,4.0,167734.3729861867
6532.0,1269400.47192065,240916.249258742,4.0,226856.50574647656
6533.0,1269694.66526495,240908.324714735,4.0,310666.1175753534
6534.0,1262537.15268162,237473.765351221,3.0,32171.63224980136
6537.0,1277607.73048906,231232.092448831,4.0,386344.96041943936
6539.0,1280460.10335597,215895.085713118,4.0,71464.10116601046
6541.0,1269892.60024115,230089.385759652,4.0,271343.0118602727
6542.0,1271833.90405114,228667.506014198,3.0,201283.67592740417
6543.0,1272094.13784342,228664.884958193,5.0,1586613.1923607693
6544.0,1257029.95830798,251070.46814914,4.0,40406.22759058616
6545.0,1257035.67875598,251730.306677818,4.0,43971.374582151126
6548.0,1255369.92784229,256934.263163149,3.0,4806.346594653497
6550.0,1270600.06667387,230057.274271622,4.0,169740.7188398352
6553.0,1276463.17138389,253972.731704116,4.0,5527614.582072427
6556.0,1281576.18412511,220696.766102031,4.0,398088.0619138684
6558.0,1260320.23747934,256388.638266578,4.0,189684.6482205953
6559.0,1260052.86691907,256392.95289059,4.0,263645.10606363806
6560.0,1277017.55154444,220331.233365655,4.0,67538.69797253121
6563.0,1270916.3442422,230052.402527615,4.0,205745.6105965072
6564.0,1271232.06571452,230047.38614361,4.0,235297.99916541675
6568.0,1267609.50737481,249497.643507525,4.0,1460426.7735852886
6569.0,1268493.59057572,235874.484389573,3.0,18916.542792163265
6570.0,1285311.68358494,206521.03655152,3.0,6499.546806936726
6572.0,1275435.33061484,243110.256044984,4.0,29451.01295295672
6573.0,1275455.31019884,243649.989549547,4.0,145720.47036694063
6575.0,1283588.54361518,200570.514689431,4.0,1715063.638925341
6576.0,1283585.28934318,200246.195457101,4.0,1370686.3060854771
6577.0,1279656.39762715,215358.62619257,3.0,25404.18082285148
6579.0,1283057.09126264,227582.660445094,1.0,0.0
6580.0,1283098.42220667,227780.841501296,3.0,44059.77212365832
6581.0,1286358.07552202,195279.443580016,4.0,122856.7392608189
6583.0,1256806.67792375,253730.416567862,4.0,422871.8882898096
6587.0,1276217.69023164,229109.368990645,4.0,543505.6649037001
6593.0,1271891.3281792,254777.374072939,4.0,87911.81322645658
6594.0,1271974.36638728,254774.823224932,1.0,0.0
6600.0,1280440.98892395,214849.176400051,4.0,156369.75122146285
6601.0,1280431.67199595,214374.606799558,4.0,273392.7697698933
6614.0,1279594.53420308,231177.770400763,3.0,191610.79408618365
6617.0,1283979.66361558,206535.529287532,3.0,19768.7793205333
6618.0,1284088.82380769,206534.370823532,3.0,5425.674515547148
6619.0,1284111.60588771,261149.28127946,4.0,82227.9611739656
6623.0,1282422.47705398,225578.13429904,3.0,46681.74463632341
6644.0,1270374.78168164,245924.37476787,4.0,64115.76876408304
6649.0,1263467.59140258,230677.730400264,4.0,1012753.0594951753
6650.0,1272409.07941173,228900.564638436,3.0,230676.10849459344
6651.0,1263758.22404288,266522.069124967,3.0,42414.0
6652.0,1256213.39267515,249033.286195055,3.0,21533.89420070063
6654.0,1284913.80774453,199438.216384262,4.0,81502.48073385793
6655.0,1284907.33235253,199187.935744017,4.0,747460.619222152
6659.0,1279051.56684253,244840.052142754,3.0,181550.4028586365
6660.0,1279055.66687454,245039.649134964,3.0,28916.813141492225
6671.0,1280200.45887572,225563.27605901696,3.0,50428.46300165561
6673.0,1262474.95888956,251646.43646973404,3.0,294814.42534958967
6681.0,1281329.28402886,254653.336632803,3.0,4925.190793336831
6682.0,1281329.41266887,254851.76895301,3.0,76891.87059370024
6688.0,1282612.73945418,198953.414911777,3.0,15705.318838406214
6697.0,1273811.76722117,240172.321257979,3.0,22579.412251214468
6698.0,1274322.56184569,240161.84656997,3.0,2622.75683384047
6701.0,1273981.85189334,247425.375025406,3.0,96587.10493258722
6702.0,1274113.24235748,247421.447217405,3.0,34818.65327387414
6704.0,1275878.25887129,228361.544733882,4.0,172453.8736607361
6708.0,1276721.81983215,246574.013552532,4.0,129399.28655780488
6710.0,1265717.07281289,249765.434675798,4.0,116311.88149307706
6711.0,1266086.66916525,249767.806067809,4.0,203167.697757552
6719.0,1273831.92696519,242482.669036344,4.0,409713.2832566481
6731.0,1285199.97574483,200548.28307341,4.0,1101280.1068685586
6735.0,1260946.33629599,254355.968760505,4.0,716716.1590166022
6741.0,1265548.34314871,265635.547908053,3.0,474.92585633609065
6742.0,1265740.87786891,265532.159043953,4.0,643404.8165405939
6746.0,1262143.24829721,255699.740665883,4.0,297072.17409748764
6748.0,1281071.6017886,227389.331740886,4.0,281575.8479711846
6753.0,1277226.04620066,249618.254515648,4.0,16189.562615481944
6754.0,1277233.14655267,249982.513588026,4.0,44970.21661920839
6755.0,1266670.25758186,227902.275933415,4.0,169255.15954270473
6761.0,1279999.7834195,229175.597854719,4.0,804687.0251674978
6765.0,1264760.9375799,211024.056076139,3.0,31424.92626472136
6766.0,1264915.70730805,210664.42490775895,3.0,77307.92218053699
6769.0,1281227.45842876,194258.357370958,4.0,259668.4015451829
6771.0,1285685.93478532,204890.869189858,4.0,1282851.1280820295
6772.0,1280733.98764426,222582.010647967,4.0,1613015.7335267812
6774.0,1275798.3114792,225295.321498752,4.0,579335.5383634152
6781.0,1280812.16076434,227403.812700897,4.0,456095.0984974607
6782.0,1280828.48748435,227834.997213349,4.0,515940.0794317668
6783.0,1265410.18103656,234975.267044663,4.0,100315.99682784158
6786.0,1280576.74847609,203952.969860896,3.0,47915.479206949305
6787.0,1279773.27077927,221081.695126429,4.0,435589.0371463944
6789.0,1267550.18103875,237939.00880768904,3.0,21295.351277493835
6792.0,1280710.91654024,230049.100063607,3.0,1202449.1020681255
6793.0,1280722.97030024,230473.789856046,4.0,1714942.1878643609
6794.0,1257173.28413212,258439.222716689,4.0,1104686.556171295
6796.0,1274246.05413361,218174.333779454,4.0,378886.91369138943
6797.0,1274234.9567256,217627.939218894,3.0,195857.258430964
6799.0,1260778.32579982,253028.11384715105,3.0,28431.209121330063
6800.0,1256282.45814721,254405.763640553,5.0,3908635.613123621
6801.0,1255954.86531489,254720.208888873,4.0,3953234.054994082
6802.0,1272300.84837162,265147.782467559,3.0,188363.45587097335
6805.0,1273112.61413245,245457.017071396,4.0,71878.93318877184
6808.0,1265482.73598064,239670.633641466,4.0,298917.89030136034
6815.0,1284331.15142395,209532.791050598,4.0,306765.8296978864
6817.0,1255584.6908505,252555.124918655,4.0,179445.9737489706
6819.0,1274399.33630978,209736.292938814,4.0,614017.4972066181
6825.0,1266679.48100586,262862.043329209,4.0,170979.16881058793
6826.0,1273008.27378035,203626.65914055696,3.0,52262.70330681454
6832.0,1277256.25381669,253294.764855415,4.0,696516.0279943778
6833.0,1261150.5317522,251037.075509101,3.0,58864.07728042294
6834.0,1260882.45616792,251042.512821108,3.0,45413.913351421535
6837.0,1279961.80153146,227858.068701372,4.0,556080.1713436594
6838.0,1279973.11058748,228283.987485811,4.0,597778.0107183055
6840.0,1267035.43825422,243600.818669483,4.0,459909.1573972844
6841.0,1264771.81585191,263570.321409941,3.0,51238.114684613625
6842.0,1264388.35268351,263579.812545955,3.0,583875.8775850727
6846.0,1264162.41809128,232706.560290337,4.0,1235283.8959358206
6847.0,1264185.42564331,233069.141282707,4.0,848010.5177758724
6848.0,1272320.89521964,245478.312943414,3.0,4679.556931136262
6867.0,1273147.98744449,239058.41277684303,3.0,204801.8337763054
6868.0,1260921.68343197,253025.81099914,3.0,41353.18309198552
6869.0,1270112.98494537,262120.04147245,1.0,0.0
6870.0,1268917.47812815,229687.683167249,4.0,684766.1123960672
6874.0,1282565.00499013,233973.581731632,3.0,16199.933558823022
6876.0,1270680.21476996,244034.334893927,4.0,107506.27278771358
6877.0,1267269.85054247,249218.28446725,4.0,15693.812365012527
6878.0,1285724.26444936,205430.10010241004,3.0,98363.73096873374
6885.0,1281247.08767678,251232.506165311,3.0,21908.39255951316
6886.0,1265554.68862072,253215.660343334,4.0,1086169.065248142
6888.0,1272981.25413232,232585.80854621495,3.0,36668.56963805258
6889.0,1270643.06494592,206010.810886994,4.0,91128.52289115636
6896.0,1263032.42007414,259648.459837928,4.0,827597.2424584592
6897.0,1278992.87826647,208306.192137346,4.0,1777853.9089599166
6898.0,1279324.50425081,207627.264648646,4.0,710706.9449288571
6899.0,1268658.85303989,245697.275439635,4.0,41588.385865442055
6900.0,1265057.18570819,264225.927042603,4.0,292711.6594040192
6901.0,1275375.97867876,230379.755551949,4.0,86006.68664486877
6912.0,1281105.83794864,228280.678429797,4.0,390470.0609364523
6916.0,1278062.93164152,257914.444284141,4.0,2651528.390999739
6918.0,1279907.0890834,217498.51457876,3.0,29139.507304548824
6923.0,1262634.87197772,264503.897602901,3.0,42397.99999999999
6926.0,1274631.00152601,231237.312288836,4.0,170435.78497318155
6927.0,1280712.75999624,251568.749301642,1.0,0.0
6929.0,1267625.03223883,226598.168348074,5.0,1252034.3070761417
6930.0,1257829.5921648,250428.756468475,3.0,81441.44635574344
6933.0,1261301.80247235,255711.223609895,4.0,746332.9568159711
6934.0,1272369.15173168,220603.722645938,4.0,102173.3059877896
6936.0,1269709.00446497,241447.102507278,4.0,228878.919606356
6948.0,1276357.93016778,221434.601238787,4.0,1565272.7157489783
6949.0,1264921.96023606,254558.39288871,4.0,208959.68462156807
6950.0,1264263.11146739,254571.361400723,4.0,130694.12091450737
6951.0,1266388.97732556,243221.158061102,4.0,272125.7627056488
6952.0,1266675.42884585,243213.299757093,4.0,389951.8536730023
6954.0,1284926.91200055,200226.91827307604,3.0,521664.31099057145
6957.0,1284970.0316806,249835.107379869,3.0,22841.97408849033
6958.0,1285060.93900868,249832.59294787,4.0,10264.387301120874
6961.0,1267408.63339061,234310.783139974,3.0,169158.96663353228
6962.0,1267484.72350268,234309.093539983,4.0,2633662.9215664803
6968.0,1280086.65561159,217899.965907171,4.0,96877.31967115504
6969.0,1280346.51372387,217892.503315166,4.0,103325.32468915536
6971.0,1280402.46796392,207197.252040207,3.0,4086627.624182897
6973.0,1265469.27242862,233423.763235062,5.0,636776.6020157639
6977.0,1279639.90418713,227866.856093377,4.0,291752.6972164362
6987.0,1263418.78903453,266261.7835567,4.0,209238.5682244068
6988.0,1263434.08164254,266922.226757377,4.0,85083.94933561738
6989.0,1271228.94430652,242727.173164591,4.0,256627.2758730084
6990.0,1270447.25924972,248687.251442701,3.0,112617.76735171412
6991.0,1274629.79909401,232062.951009676,4.0,194062.2983860084
6993.0,1267642.43447885,259794.045502067,4.0,2339938.0046936115
6994.0,1271641.77029094,263074.835201427,3.0,45642.11000296768
6995.0,1279932.88594744,216310.548497543,4.0,228751.59444851108
7004.0,1276248.71218367,204087.540101022,1.0,0.0
7011.0,1259644.94352666,248282.851314291,4.0,157492.32897550604
7015.0,1272102.12760341,247479.527793467,4.0,27950.182330933298
7016.0,1272110.00920342,247741.32945773,4.0,16812.35713158311
7022.0,1269142.54564838,228265.883165792,4.0,215821.65844604705
7023.0,1268827.04529606,228552.689374074,4.0,148694.42613244994
7024.0,1281536.51129308,225626.562011078,4.0,100041.78305015278
7026.0,1283495.56678309,195263.101051986,4.0,1084384.0249034788
7027.0,1277356.4245048,213835.248655006,4.0,34265.76010734065
7028.0,1283115.4297587,235281.11978097295,3.0,36094.3310199684
7032.0,1294380.02369022,180864.640365243,1.0,0.0
7033.0,1294374.63751422,180590.043820962,4.0,423896.4197971543
7035.0,1293040.37645686,180356.622380733,4.0,5142788.1366670765
7038.0,1282895.68249446,236132.035749838,3.0,60735.71393664378
7039.0,1283068.27135864,236113.001957819,3.0,21192.63333333333
7045.0,1276715.81458414,212528.012045667,4.0,150064.49229864267
7046.0,1280885.49164441,256836.234171048,4.0,559112.6175441948
7047.0,1281562.41087711,256818.146939024,3.0,378828.9121556646
7049.0,1258182.26966916,247389.600817367,4.0,46827.63460713296
7050.0,1265437.84273259,232141.490209758,4.0,176575.19019678776
7058.0,1294380.17889023,179158.079467505,3.0,125285.65828052883
7059.0,1294258.1148261,178792.166827127,3.0,146216.44804422307
7065.0,1266288.91415747,257579.906875804,4.0,278845.53445210506
7067.0,1259397.10711041,259067.775293335,3.0,171903.56420388428
7068.0,1268463.85732768,241734.694507584,4.0,676654.422921856
7069.0,1268766.24388801,241725.690859571,4.0,238008.06163224688
7071.0,1261923.343209,238799.917864576,4.0,107128.52620829224
7073.0,1267046.57374224,232121.674017742,4.0,727352.7195486057
7074.0,1264235.77361137,253238.153783366,4.0,510961.0369347673
7078.0,1270261.92036954,205214.675014183,4.0,77851.98200780434
7079.0,1270253.77105752,204919.203781888,4.0,115098.23176317968
7080.0,1281755.0581093,247244.695281222,4.0,202459.1586977884
7081.0,1281762.5187173,247904.630001903,4.0,169884.6468202597
7082.0,1276462.57099988,226131.064283594,4.0,421767.7736337488
7083.0,1255350.53251426,255810.155833989,4.0,1760714.2531291118
7084.0,1255356.11421026,256465.34220266304,3.0,82507.42717488723
7085.0,1265862.62142102,243624.459053516,4.0,172961.48461725234
7086.0,1267544.53009474,253182.386487305,4.0,2428551.855901039
7089.0,1284401.81235202,252493.954486594,3.0,70376.04632366792
7092.0,1257450.83178042,258433.550844684,4.0,939772.8589066776
7107.0,1268577.03953581,208026.374089062,3.0,109038.85446162944
7108.0,1268910.73700815,208019.781577051,3.0,23654.583732468534
7110.0,1258632.51382962,251051.011125118,4.0,46048.61795024531
7113.0,1271647.74040295,264067.397506446,4.0,753732.6551997978
7114.0,1255604.64189053,253742.088759869,4.0,85255.22509053272
7115.0,1255616.71049854,254413.707512558,4.0,118082.86174792044
7117.0,1270509.57041779,212149.435405284,3.0,147333.8956161428
7118.0,1281333.03500487,208692.674249738,4.0,391199.1509075565
7119.0,1278923.7655624,225222.574618667,4.0,852924.1498982301
7122.0,1281911.51775746,230389.527519956,3.0,420824.6084723276
7123.0,1268004.30839922,231784.232097387,4.0,11656132.626592316
7124.0,1268326.07876755,231776.213409379,4.0,6037941.201593419
7125.0,1276979.10572042,202818.139779732,3.0,3211861.1235498264
7140.0,1280872.70066839,256505.580282703,4.0,260261.7676228681
7141.0,1279863.30629936,255208.566137373,3.0,668973.0925579636
7143.0,1275401.3821988,231219.369056806,4.0,71599.03894212912
7144.0,1275649.16383106,231212.997664809,3.0,5500.652333750072
7145.0,1278719.10911418,254070.586168215,3.0,18193.897687002544
7146.0,1278813.32844229,254296.654584438,3.0,398771.4665816156
7151.0,1264964.9837881,246306.804400265,4.0,349009.35486441525
7152.0,1265389.96126054,246292.969840243,4.0,476185.5966756049
7162.0,1270393.30360167,224259.310105681,4.0,242339.24958461255
7164.0,1284635.24524824,209098.485770166,4.0,800418.1630762008
7165.0,1284629.18163225,208669.552905723,3.0,54261.03240580018
7168.0,1269007.70404825,264267.91878666,3.0,2133040.2523856843
7172.0,1271408.27045071,246436.604016393,6.0,13640246.37348138
7174.0,1270947.40421024,204607.838277563,4.0,272047.1892633121
7175.0,1281559.90169311,223852.410329267,3.0,937673.984976956
7176.0,1281979.39788553,223660.626649067,4.0,927126.755418808
7185.0,1269275.70942453,225514.870938972,4.0,10351011.687375126
7190.0,1286361.88550602,195492.429052234,3.0,20347.14317757776
7193.0,1277869.85528933,230783.735072359,4.0,208764.3571018997
7195.0,1259488.6036225,254371.850936517,4.0,229487.5538298629
7199.0,1280246.65791576,198890.652543709,3.0,6645.929792108938
7205.0,1258398.38800539,260549.000382841,3.0,585069.07011983
7206.0,1257215.32541217,259806.594366089,4.0,1587634.3864795335
7207.0,1279394.87909888,205349.838790327,3.0,38326.999392836646
7208.0,1260959.06820001,255027.152441189,4.0,443984.20734515047
7212.0,1275164.59359056,225737.656603202,4.0,205933.1013357386
7213.0,1266408.13246159,243610.806509495,4.0,352343.597840664
7214.0,1281839.03564538,195934.655484676,3.0,493522.2849876101
7215.0,1282121.68569368,195927.78905268,4.0,671058.8815310573
7218.0,1277172.3084086,201930.696962819,3.0,459507.4821845213
7219.0,1277083.86239251,201866.131842747,3.0,5092077.018956386
7220.0,1266693.77719788,264186.125314564,4.0,485643.5179994937
7222.0,1274068.60402143,207314.91130434,3.0,57425.98340257402
7223.0,1264292.51991542,256171.340474367,3.0,42734.1387429772
7227.0,1272568.64805189,204362.09466131,4.0,2969658.733704911
7229.0,1267913.57169513,240964.892202795,4.0,334395.10802673106
7233.0,1279242.11039473,251835.938741922,3.0,48097.03566180902
7234.0,1279512.19218701,251730.304437816,4.0,124951.14770922622
7241.0,1269023.89988826,240923.525482744,4.0,119216.20296563325
7242.0,1269239.45419249,240920.587178752,4.0,138861.59745142443
7244.0,1276351.38091977,221128.772118479,4.0,90527.59113223554
7246.0,1257511.66698048,248862.274354875,4.0,264147.6489949824
7247.0,1256882.54979584,248876.295346886,4.0,152586.10870224683
7248.0,1280196.2790997,225669.363739133,3.0,19867.86149200372
7249.0,1261276.58858433,253019.20306313,4.0,236590.0838728052
7250.0,1261038.21309608,253023.939319134,3.0,51119.687177794665
7252.0,1271215.53816251,242262.589420125,4.0,416693.8609366813
7254.0,1262395.17853747,255696.303673878,4.0,412546.5278779914
7256.0,1279408.0959309,223841.85167326,4.0,638512.1626787537
7261.0,1282803.92447838,194598.456059307,4.0,847895.9589010838
7263.0,1283254.61644684,196159.074684903,1.0,0.0
7264.0,1283253.05875084,195904.616508648,3.0,50043.17502013258
7266.0,1280979.8539485,224745.409242183,4.0,205502.4603739441
7267.0,1280992.69087651,225165.270938605,4.0,272554.0297824769
7269.0,1265446.4995646,267527.597637996,3.0,551560.758169096
7270.0,1279588.01817109,212261.593293399,4.0,5157769.675399183
7273.0,1260725.04931976,259703.692349985,4.0,929813.9787441422
7274.0,1282891.86361447,258768.271613017,3.0,496532.6081055517
7275.0,1275740.08031113,243639.48036553,4.0,110909.85272233657
7276.0,1276019.86981542,243629.215597525,4.0,47213.79895874013
7280.0,1262017.45488909,258266.1000925,3.0,3153421.568109064
7281.0,1278200.00357766,202399.557571307,4.0,645345.6650022331
7282.0,1278976.89567445,202353.350019246,4.0,384511.9203190165
7283.0,1283848.79609545,253165.194551289,4.0,95034.40279980798
7287.0,1260961.67517601,248786.942834795,4.0,165162.17372460937
7288.0,1260313.63447134,248800.51038681,4.0,199158.3521253896
7294.0,1266377.55870156,264855.258115262,4.0,285209.74278634886
7296.0,1262835.93156193,236392.544742107,4.0,149856.66343320196
7298.0,1273108.04651645,211089.740364194,3.0,25752.734988176573
7299.0,1273104.94878845,210451.01197955,3.0,14506.095292609476
7305.0,1283488.99430308,245891.489007831,3.0,151611.03981658397
7316.0,1266377.73879756,242761.721324638,4.0,85200.09005555007
7318.0,1276378.69253579,246023.936559975,4.0,62287.94154838739
7319.0,1276395.37989581,246583.860976547,4.0,43506.42119959858
7320.0,1270024.02974528,215869.726545095,4.0,95077.37841523172
7321.0,1270254.21464153,215865.798737094,3.0,54001.94827560515
7322.0,1276364.48427978,221740.640663102,4.0,359001.72111126385
7324.0,1256832.59715578,255208.878457382,4.0,824472.4509728265
7327.0,1277368.17516081,214435.620111629,4.0,112746.54099893838
7328.0,1277362.58591281,214135.733583316,4.0,47515.315564989054
7330.0,1286705.89728238,205410.427910388,3.0,274815.7112354762
7332.0,1261514.24196057,249041.062067062,3.0,218312.52038604103
7333.0,1261519.78000858,249306.92440334,4.0,98234.8550542102
7334.0,1266214.89002939,250304.655028358,3.0,10351.694623883868
7335.0,1269548.6143848,208007.155337036,3.0,42456.518106747055
7340.0,1268650.13451189,252982.22975109503,3.0,161837.43132849468
7345.0,1260636.48093568,251678.123061761,3.0,27725.405772724564
7346.0,1282026.83974157,207454.665608481,3.0,41175.83366479454
7347.0,1282387.39314994,207446.296840474,4.0,86304.21331335645
7349.0,1266313.10801348,259561.671613827,4.0,1659274.074766404
7351.0,1262365.24260144,267612.963270083,3.0,89557.39974134248
7356.0,1281511.09996505,251890.283061981,3.0,133063.75927798983
7357.0,1258844.29686984,248300.870962307,4.0,232448.46245618712
7358.0,1258201.63376518,248314.922162324,4.0,177430.7807397931
7366.0,1281617.74834916,208695.062729746,3.0,209394.92544551837
7367.0,1260233.98698327,251683.673909768,4.0,637086.9914921167
7368.0,1259969.38256699,251687.684405774,4.0,91791.89759758452
7369.0,1272682.55262801,269550.605064064,3.0,22591.71352637857
7370.0,1272811.84702814,269689.886280209,3.0,40905.53355372535
7371.0,1275197.02136658,217399.415058658,4.0,46651.970336469225
7372.0,1273944.6669333,246292.103344247,3.0,354498.3278804527
7377.0,1264577.25092371,246582.304880545,3.0,92406.68549463549
7387.0,1262790.68560988,234849.831588537,4.0,52029.032333386895
7388.0,1270984.78014627,244452.651950359,4.0,180069.0806248369
7393.0,1284756.57836838,193861.749562562,4.0,75766.72874359094
7394.0,1285112.87257674,193851.75909854504,3.0,12358.497610490607
7395.0,1281599.96722914,227377.302236885,4.0,22752.008985222477
7401.0,1264874.72017202,238671.185192436,4.0,57365.21217109801
7402.0,1272165.24792348,263707.261762083,1.0,0.0
7406.0,1265531.07121269,252134.569334224,3.0,91324.73695848836
7407.0,1272540.13067587,253447.68875958,4.0,444043.2648844048
7409.0,1282158.84735772,249890.736243933,3.0,70145.01310286846
7410.0,1273597.09246895,243391.016301274,3.0,272352.84402734006
7411.0,1273598.88018095,243608.010285497,1.0,0.0
7422.0,1269404.33182466,201208.900866076,1.0,0.0
7423.0,1264810.05201195,232818.088290453,3.0,745378.9224313294
7424.0,1280903.70124443,248587.760178596,3.0,30634.703152163805
7425.0,1253446.86966431,251310.637621388,3.0,169542.0
7428.0,1277249.78892069,204490.553733438,3.0,89936.08477952116
7429.0,1274071.91762143,231647.448225245,4.0,113280.31425731172
7431.0,1284009.1221756,260392.264766678,3.0,120663.4027914278
7438.0,1279505.14495499,252590.542838693,4.0,348383.472499264
7439.0,1279497.15449099,252919.407351032,1.0,0.0
7449.0,1278124.72024958,217544.365586802,4.0,393174.8111585061
7450.0,1278436.8413379,217535.101458803,4.0,156162.14931882135
7451.0,1274710.11423008,209731.241738811,4.0,2144310.032219434
7452.0,1275017.8767264,209726.240138799,4.0,269314.4210432758
7455.0,1266411.51038159,238745.147944525,4.0,46233.18125142157
7456.0,1266681.78974186,238739.318568513,3.0,1123130.5282655149
7457.0,1285102.02252872,259744.280510023,4.0,129655.42911750924
7459.0,1283328.58547091,253175.8241833,3.0,83611.73482751682
7462.0,1283465.84966305,234831.436324507,3.0,365952.1890696109
7465.0,1295389.58663526,181699.024494097,1.0,0.0
7466.0,1295720.97639561,181686.750894085,3.0,552759.5589444378
7468.0,1273196.53291653,216474.425105706,3.0,177363.33377681344
7469.0,1273446.27486879,216468.220433712,1.0,0.0
7480.0,1254851.50825775,248132.353586137,4.0,47403.33486298597
7483.0,1277884.49464934,231519.792353123,4.0,357142.7105175641
7486.0,1264456.54845959,235259.94461295,4.0,225711.11038906893
7488.0,1268046.83127926,226430.677851915,3.0,14866.467114131556
7493.0,1270003.21681726,241439.093035281,4.0,346615.424738162
7494.0,1270297.64273757,241431.381099269,4.0,505165.1697763288
7499.0,1273599.74731696,248761.392690778,3.0,296908.28637379303
7500.0,1273617.82802097,249528.944947556,4.0,1188010.0015564845
7504.0,1267905.49329512,240669.234986484,4.0,504914.7158507127
7509.0,1284156.77151977,249854.616883889,4.0,279580.012298571
7515.0,1265124.56414028,268198.939782679,3.0,101123.13302763892
7516.0,1275536.99147893,227516.962397024,4.0,161437.7538534598
7517.0,1275614.03531902,258318.83782056,4.0,642626.5672453581
7518.0,1276289.3400237,258298.802108541,4.0,812164.1408527067
7522.0,1273514.35870886,224673.74793011,4.0,686011.6035336604
7526.0,1283482.32793507,194584.258939296,4.0,1676827.8180583166
7527.0,1272332.36139566,225406.963994861,4.0,294028.6674153767
7528.0,1272609.62072393,225571.210715026,4.0,387378.70011617406
7529.0,1281840.12556539,226482.75420396,4.0,237691.8358440456
7531.0,1278793.75794627,207161.883400172,3.0,337610.45866053173
7534.0,1286968.64185864,204317.456645265,4.0,903332.634808562
7535.0,1286962.05197063,203929.086660862,3.0,290650.823188545
7536.0,1255338.77699424,255336.397241503,4.0,4224598.539559165
7543.0,1282597.77529417,191474.97740010903,3.0,296213.7943220221
7545.0,1275942.01759134,230416.452319995,4.0,130001.89610584753
7554.0,1280117.87372363,245882.723567829,3.0,448810.05376244825
7555.0,1280603.77759612,245290.748399228,3.0,217905.2857422716
7557.0,1273223.84517257,255396.532985568,4.0,87370.82453345062
7562.0,1268040.39595126,232416.966370031,4.0,3627671.34272181
7563.0,1268342.28638357,232408.913570032,4.0,10014178.302576073
7564.0,1268356.01374358,226130.948123604,4.0,45478.00104262415
7565.0,1279561.16191505,257206.350523427,4.0,376578.6019654968
7566.0,1279564.58450706,257537.63692376,4.0,195292.77714943505
7569.0,1278338.62136981,223287.530584693,4.0,325199.53487693274
7570.0,1278343.94386581,223593.940376997,4.0,182734.5449811793
7573.0,1265776.53495693,232827.241186455,4.0,181498.90073225083
7580.0,1280344.29714786,220318.917397648,3.0,6677.434991917152
7589.0,1260623.77821566,255032.45004119,4.0,388040.255843004
7590.0,1260293.92451933,255037.424761206,4.0,292535.1662064554
7593.0,1287002.20281868,205480.432006449,4.0,304528.82987469254
7594.0,1265387.80375654,264217.377218604,4.0,410285.5332065385
7595.0,1281653.2814052,204994.63936595604,3.0,18561.430840989888
7599.0,1260666.38506371,257045.724859253,3.0,103757.73729770193
7600.0,1260669.96938372,257217.725499436,4.0,118971.99272448232
7601.0,1274513.08472589,215838.775825068,4.0,290181.49886062066
7602.0,1281681.19769323,223570.613656983,4.0,127164.0
7603.0,1264969.40926011,250301.616628349,4.0,124151.51081013224
7606.0,1256845.19945979,259525.949565798,3.0,668702.8545859985
7607.0,1264206.01514733,238363.46269612,3.0,386560.79945702816
7608.0,1263878.383275,238369.188392133,4.0,300010.6804266263
7609.0,1282247.77465381,257522.247547746,3.0,31724.07687781439
7612.0,1274525.18904589,251385.828085467,3.0,146118.05250735467
7613.0,1256915.91555586,250436.971380487,3.0,200185.58635164943
7614.0,1283545.64703913,242567.190508425,4.0,700563.4256317712
7615.0,1283579.62438317,243526.787693411,4.0,2291599.503858008
7616.0,1282327.18758188,202545.85817945,4.0,3224441.8529002755
7617.0,1282324.33714989,202284.609027177,4.0,59626.212351418544
7620.0,1285002.81670463,204367.397829309,4.0,867371.4508123941
7621.0,1280691.61798021,214369.312527552,4.0,164496.5042153928
7623.0,1279936.18348344,217290.482514545,4.0,321965.7304632962
7634.0,1269978.28113724,213565.004430741,4.0,120201.96951239707
7635.0,1282817.24396639,253847.163703978,4.0,316943.3975644571
7636.0,1274997.31800638,245403.85969533,4.0,222953.7366773075
7638.0,1262110.83364119,245056.502126977,3.0,351513.3335774823
7661.0,1275190.44792658,244200.233518109,4.0,262474.22954769287
7663.0,1278315.97541778,226540.150364026,4.0,49062.180114799725
7667.0,1265783.62750095,233117.97648274904,5.0,299650.5299593573
7669.0,1258884.07664588,250161.878708214,4.0,2522386.137944181
7671.0,1266875.79652606,252657.638518766,4.0,565445.4644463847
7676.0,1254896.61974579,250974.863669038,3.0,40902.720120859296
7678.0,1274602.27845398,243369.302445248,3.0,518758.07856969535
7679.0,1276972.8649524,250659.902324721,4.0,209802.17864564847
7681.0,1262874.90692197,237724.384615466,4.0,267791.55476507894
7684.0,1274788.11506216,247401.795697376,4.0,27979.96393516137
7685.0,1275053.43339844,247394.146097377,4.0,97184.28365382372
7688.0,1276567.97074398,229524.29699108,4.0,92654.46801772986
7690.0,1258888.40304588,250418.009460464,4.0,392812.5898928306
7691.0,1258899.33251789,251046.426165119,4.0,161992.73553993503
7692.0,1274082.48914145,207871.456072897,4.0,167112.16952421487
7693.0,1269677.55601694,265181.964483589,3.0,49457.21951978799
7694.0,1280622.99513215,229624.912287176,4.0,917074.62251846
7695.0,1272865.7228682,252908.970359027,3.0,3657.925829703781
7696.0,1273412.27333276,252888.666295007,3.0,19246.48819852995
7700.0,1265206.45111635,238665.940776438,3.0,26259.113733450817
7701.0,1265304.92862046,258264.015420511,4.0,98610.96866092844
7704.0,1271581.24318688,256414.645754606,3.0,144007.26703750505
7713.0,1275568.32440697,249122.302387148,4.0,1465537.6020857072
7714.0,1271238.85739453,230467.384032041,4.0,109801.27587858091
7715.0,1270670.33752196,224423.093273848,4.0,229965.06258502093
7727.0,1268113.04177533,241742.154411584,4.0,480874.6669212079
7728.0,1285411.67059304,244101.99089400505,3.0,430541.12536576175
7729.0,1285665.61785731,244097.735982001,4.0,439357.6225257117
7735.0,1283847.84524745,245886.038895831,4.0,73374.83238708225
7737.0,1257533.6019565,249925.286387965,4.0,1672024.4454987417
7738.0,1256905.20496385,249930.516659975,4.0,1991541.460720036
7741.0,1283052.01420663,206842.83904784903,3.0,794851.5658889967
7744.0,1280178.02617168,254550.975288704,3.0,1300089.2243734335
7745.0,1282382.91974194,207152.388616174,4.0,199860.0762186793
7748.0,1271714.34430702,268914.275975406,4.0,1063502.111600806
7755.0,1279185.82937066,221104.79119046,4.0,1018033.900267609
7756.0,1268387.86142361,245702.605167642,4.0,1039692.504135682
7758.0,1271612.12075491,212110.093325242,4.0,10399920.29766683
7759.0,1271612.57413091,212017.166989148,3.0,10307806.858298045
7760.0,1283246.67814283,258738.546620995,3.0,165689.5257054782
7761.0,1268708.79582395,227789.187293306,4.0,247467.68044525356
7762.0,1278226.73119369,247134.706993103,3.0,254376.7469148147
7765.0,1285845.64179349,206939.91104795,4.0,478000.6743438251
7766.0,1257731.13206869,259371.947901636,4.0,297794.4552296008
7767.0,1257736.72099671,259629.780733898,3.0,37857.46670724741
7772.0,1281903.84095745,244077.845293984,4.0,13653.765318848358
7773.0,1279204.13439469,249283.32830731603,3.0,21033.904834635137
7774.0,1284451.30041607,234364.862116039,3.0,73965.52616176165
7775.0,1256258.89129919,253066.034999177,4.0,120215.5162880956
7776.0,1256270.6736992,253735.888951868,4.0,382006.3814717709
7781.0,1281795.37170935,224254.995161682,3.0,571911.7785300129
7782.0,1281793.03308535,225137.508826584,4.0,498285.0385454032
7783.0,1284563.98918417,259747.155518025,1.0,0.0
7784.0,1284802.92275243,259753.77260603,4.0,151194.67780650462
7785.0,1277808.89311326,255267.413817436,3.0,2085688.1677402395
7791.0,1282336.9907179,191782.98303243503,3.0,514498.8059030831
7792.0,1281569.37542111,196599.285053357,4.0,233096.77334099365
7794.0,1279512.333627,219408.975380719,4.0,508670.2300690826
7795.0,1273323.48971666,230850.492192432,4.0,272875.4905528633
7797.0,1276934.89157636,258941.663997203,4.0,3090026.0252328445
7801.0,1278607.59724207,222916.085784316,4.0,581573.804342912
7802.0,1278616.07097009,223281.204504684,4.0,505127.9771566997
7806.0,1264787.07793193,235253.331812948,4.0,351978.4699472289
7813.0,1278382.57599385,201412.393538296,4.0,62262.58005356503
7814.0,1278286.28850575,201936.75405082095,3.0,20544.87777963297
7818.0,1276548.99960797,259284.890685558,1.0,0.0
7823.0,1275282.34962267,251359.889461443,4.0,157364.4857330917
7825.0,1278453.45644192,229669.41449523,6.0,598358.5922135167
7826.0,1278446.26092191,230109.204959676,4.0,191424.12229124387
7829.0,1262525.17271361,237068.736614808,4.0,156949.34653467903
7833.0,1279336.54751483,205753.44685474,3.0,60288.568760284106
7835.0,1260971.70762402,255715.7272259,4.0,489778.7413675567
7841.0,1270592.81336187,256806.61413902,4.0,648140.2394540374
7842.0,1270924.54929821,256797.350395009,3.0,282961.4131966717
7844.0,1275510.63954291,226581.624092057,4.0,328192.0361541248
7847.0,1254919.30211382,252300.695350394,4.0,245462.1058670432
7851.0,1256876.91990782,248610.454706624,4.0,300153.51293019805
7852.0,1276983.80095242,203999.67642094204,3.0,458958.6488673118
7853.0,1276981.43346441,203936.626052871,3.0,169542.0
7854.0,1261286.39696833,252357.452406451,4.0,273688.0161064867
7855.0,1277979.52959344,212503.300493643,3.0,299545.2938343998
7857.0,1271864.02347517,230037.665695608,3.0,974079.7389572612
7864.0,1254245.67779313,251768.02315785,4.0,197221.2330945829
7865.0,1265580.42775674,254545.898168698,4.0,260986.27512532403
7866.0,1281550.11532509,256482.401530683,4.0,169666.96997359095
7873.0,1276932.38604036,257616.453371838,4.0,3534140.648121723
7874.0,1260611.69066365,254360.158712506,4.0,650272.4701252888
7878.0,1274535.1398299,227533.018781036,4.0,398136.0270771124
7888.0,1264612.20657174,244090.214701995,4.0,794240.2730401324
7892.0,1268409.65111963,270114.712840647,3.0,1666797.2803044606
7895.0,1258851.88867785,248566.644082576,4.0,301560.12499768543
7897.0,1281774.89439732,250560.088884622,4.0,103276.52805006148
7899.0,1275610.11538301,212899.098254055,4.0,350330.2666398059
7900.0,1279611.26777111,222391.92015177,3.0,5050.986076718555
7902.0,1261891.51485696,237963.854887724,4.0,87484.75334477889
7903.0,1277490.26117693,248825.697330847,4.0,1411294.4257836768
7906.0,1269772.35934503,227692.635293201,4.0,115350.93835320776
7907.0,1269457.3901287,227979.276125491,4.0,72259.187093655
7908.0,1262407.47805749,256477.796858683,3.0,290876.71629126073
7909.0,1282916.57612649,200580.015937433,4.0,2026829.8121137863
7911.0,1271387.74520269,252884.660023004,3.0,39425.40049266168
7912.0,1271064.09457836,269398.702151909,6.0,1081198.3740497888
7915.0,1258716.78595771,255929.518458113,4.0,1731981.770704321
7923.0,1271384.87909068,252594.034294695,3.0,47499.22631800437
7930.0,1283469.05663906,247558.020401537,4.0,17018.425793984432
7931.0,1272981.58520432,251150.94040522,5.0,930547.1846475138
7933.0,1283810.9857914,248532.590002537,3.0,146106.67936315696
7935.0,1268278.3944795,225914.28617137705,3.0,449270.2704449871
7936.0,1283032.12479861,205891.627718881,3.0,205235.8877049415
7938.0,1271266.31793857,244019.240749925,4.0,101401.43522916683
7939.0,1271278.70046657,244445.040430352,4.0,174229.1641818149
7941.0,1262718.17559381,245575.314735517,4.0,322473.4854596154
7942.0,1262125.3149212,245592.631343529,6.0,538850.3980462583
7945.0,1258663.82282166,260783.450367078,1.0,0.0
7946.0,1258297.25270928,256216.572026402,3.0,57592.79007382823
7947.0,1258304.25430928,256630.883194834,3.0,6194.210450023807
7949.0,1263496.2268586,236379.484070092,4.0,167122.51256742928
7955.0,1268310.56926353,260306.484414592,3.0,1205221.7556057456
7956.0,1269401.53099266,246213.986352161,3.0,69896.61214669043
7957.0,1253318.95984018,249777.48907581,4.0,127164.0
7959.0,1278621.31436209,223587.620185003,3.0,236514.9142941416
7961.0,1279281.85669877,226512.619291991,4.0,312518.6157479327
7963.0,1265017.41342016,252417.16786252,3.0,198728.24133337117
7964.0,1265284.01527643,268194.627142668,3.0,92623.93478030313
7965.0,1265788.39812495,268180.984134659,3.0,695380.4894291622
7968.0,1264911.17418805,254025.970104173,4.0,134642.46864703594
7969.0,1264916.70500405,254294.424632445,4.0,3310901.106764113
7972.0,1278651.48786612,227028.507676527,4.0,189810.14406348573
7973.0,1279567.88601106,258532.151036784,4.0,199922.44884060745
7974.0,1279742.28556325,258527.50342077,1.0,0.0
7986.0,1275701.5551271,207419.432072446,3.0,187697.22672581847
8001.0,1262945.60036203,240322.403370127,4.0,241220.90189924708
8002.0,1262958.62986605,240831.456810653,3.0,37208.40253003039
8004.0,1278124.30194558,214664.940879866,1.0,0.0
8005.0,1278118.23832957,214420.114255607,4.0,592969.4876776369
8010.0,1280282.69228379,199974.458112821,3.0,1072330.817240184
8016.0,1273202.72382854,216784.463570029,3.0,106444.91606268613
8017.0,1273422.01246877,216779.100050032,1.0,0.0
8026.0,1272637.02385996,242449.51390031,6.0,18393853.29368927
8028.0,1259335.53667834,247222.789489195,3.0,8422.605740187135
8029.0,1281840.75052539,249896.46129994103,3.0,44752.3366971389
8031.0,1276895.09932032,256289.880890489,4.0,659897.3642963718
8033.0,1276241.63019966,229531.945887089,4.0,186123.2517446093
8034.0,1273886.97771725,240908.48913073505,3.0,113003.25525981006
8037.0,1263338.15402645,249667.422387704,4.0,351485.28643706103
8040.0,1282371.95385394,206564.290055558,4.0,1382723.6380887665
8042.0,1279698.64460319,230075.405471638,4.0,552732.692898249
8046.0,1255629.74326655,258838.53561309,3.0,3466129.6540649747
8047.0,1267452.46334265,248953.086514965,4.0,166410.62022460977
8048.0,1278425.6035139,204965.160709932,3.0,61529.35829814651
8050.0,1271166.10392246,249892.531507939,4.0,86280.50480953477
8051.0,1271394.45912269,250164.500788212,4.0,14784.172713543405
8052.0,1281914.53810947,230462.771488041,4.0,405813.2404408206
8053.0,1282317.09996587,230453.159648031,4.0,3278825.578608558
8054.0,1271688.49528299,253479.320567608,4.0,75410.24174352073
8056.0,1279792.85369129,221566.221334934,4.0,120252.41847195652
8061.0,1273725.60434107,221494.483670861,3.0,2626516.1657326343
8062.0,1273836.8945172,224298.727705732,4.0,86107.62676483417
8063.0,1268664.41892789,232400.921122015,4.0,8117354.326586827
8064.0,1267518.13841473,235549.166501239,4.0,186206.83552752156
8066.0,1257886.45558886,253719.909367859,4.0,283073.849088049
8068.0,1256530.99869147,253064.048439175,4.0,276386.9820434452
8069.0,1256542.67024349,253733.119927868,4.0,478804.9205616572
8077.0,1282489.51923005,227794.784349307,4.0,46425.97800711111
8079.0,1272519.13957185,238659.095976427,4.0,284644.52533148375
8081.0,1268091.8935513,240953.280362785,4.0,438705.907351853
8083.0,1263134.53764224,231150.946912736,1.0,0.0
8087.0,1265642.5329088,246784.232944757,3.0,140157.61671459107
8088.0,1284123.42675173,234813.675812498,4.0,196530.59430023932
8089.0,1259326.11216633,246796.890416756,4.0,73334.86574615315
8100.0,1272068.54731539,216589.274961829,4.0,160523.64537568056
8101.0,1272339.25707565,216583.942929819,1.0,0.0
8103.0,1280074.03653958,205311.731590286,3.0,325199.7164608389
8104.0,1286099.94873776,195793.83526054,4.0,652465.0297189903
8105.0,1254937.17475384,258250.771708488,3.0,3741313.0942385984
8108.0,1282420.04793398,225255.587354705,3.0,52929.181850985166
8109.0,1282416.00921398,225398.99189885,3.0,30605.56651822886
8110.0,1284134.02841574,247862.342001855,4.0,378532.7852930903
8111.0,1269229.67633647,208013.480777055,3.0,60916.14329563046
8113.0,1258288.68317327,259360.393789634,4.0,236176.63986614408
8114.0,1281639.57606119,222553.415895939,3.0,1433426.3695654883
8121.0,1283466.37625505,237073.927910805,3.0,48889.22499269356
8124.0,1280911.30489244,257497.88012372,4.0,254788.87213833464
8125.0,1275193.70411858,229229.117150769,4.0,835709.678220438
8128.0,1266053.64727722,264862.881155267,4.0,370146.3819470556
8133.0,1262563.24349765,238351.898408115,3.0,215927.8101333941
8134.0,1269554.43422481,253543.283063665,4.0,5872406.298451718
8135.0,1281814.91302136,254905.931257069,3.0,99317.79254847288
8136.0,1278231.8981697,257577.399355799,3.0,72398.20792071926
8144.0,1282032.06150158,191792.174584433,3.0,134406.193594183
8147.0,1282935.49113451,242866.689900741,3.0,88.72878787878787
8148.0,1282942.86284652,243240.134701118,3.0,21838.46796770599
8149.0,1282555.93875012,255138.182457298,3.0,43155.49840119315
8152.0,1281774.35468532,192967.781497642,4.0,167604.00229759127
8153.0,1259729.20816675,253039.59051916,4.0,212311.02491482568
8154.0,1259741.06243876,253703.997943833,4.0,237427.54774195823
8155.0,1263054.80548215,261143.204223454,3.0,254290.0
8157.0,1286329.90361798,202486.80185939404,3.0,87919.08485811083
8167.0,1266000.28714916,228076.5840296,4.0,37865.64553128036
8168.0,1258116.09066109,251719.682037801,4.0,41683.97561510248
8173.0,1276142.54181555,214600.086671799,4.0,266784.0925924876
8178.0,1262639.66096972,232998.561378628,3.0,330683.8563522498
8180.0,1279984.40645948,228709.83631824,4.0,683300.7639863697
8181.0,1275673.69695108,254662.540344819,3.0,6164.784451600759
8192.0,1281051.03692459,223449.332440853,3.0,1105831.6568574558
8194.0,1261612.57348068,237969.961511731,4.0,41221.31595435021
8195.0,1272596.59121992,260065.15948635305,3.0,3099490.565423252
8196.0,1272944.37886828,260054.605374336,4.0,1932026.1053813847
8199.0,1275143.97426254,214887.565072089,4.0,223605.52337205652
8201.0,1282859.12742244,256451.443258643,3.0,52531.62525743839
8207.0,1277993.04005745,212851.98055800804,3.0,618256.1142044765
8208.0,1278247.16620171,212845.596430004,4.0,716067.5084697029
8211.0,1282134.6994537,196585.536445349,3.0,45921.4979135436
8212.0,1280140.43340364,218811.258388102,3.0,47919.68574611882
8214.0,1269250.4236645,224293.64008972,4.0,111787.82956293072
8216.0,1282291.99993385,253858.727991998,4.0,58027.511000522085
8217.0,1272063.74616338,245276.967279211,4.0,174523.44322430916
8224.0,1270807.32638609,222780.497496173,3.0,22356.0397935074
8225.0,1270895.34693018,222778.506008163,4.0,79659.36490687038
8226.0,1272176.66686749,225670.412635133,4.0,617880.6349892984
8228.0,1260222.59824724,251041.416373104,4.0,816505.1835021712
8229.0,1263570.93898667,252981.8330791,4.0,1266549.085776785
8230.0,1273580.48165293,257714.588347942,4.0,708765.1971584017
8231.0,1274256.29918963,257694.868283927,4.0,1262051.0093979433
8234.0,1272263.21131559,226788.73551628,4.0,431386.6244634502
8236.0,1272584.74968392,252425.967414528,4.0,70295.99695084113
8242.0,1285802.23705745,251802.656309888,4.0,52714.60381333888
8243.0,1285783.07040143,252465.832822561,4.0,1114855.5612350695
8244.0,1279464.04959495,249278.928051308,4.0,19966.965317597897
8245.0,1261617.97341669,246875.62872085,4.0,436263.8569006601
8247.0,1268952.72350419,258441.043260694,3.0,81017.20539123293
8250.0,1280138.05055565,218755.723028049,3.0,77885.30449606877
8251.0,1280395.74623591,218748.002900034,4.0,110106.28109472932
8255.0,1282295.96550186,254501.557368651,4.0,68315.58530494363
8258.0,1284165.97324777,194569.598523289,1.0,0.0
8260.0,1282238.31833379,257258.385211483,3.0,23193.296166709628
8261.0,1268251.04311948,255285.046009451,4.0,1582235.100747255
8262.0,1276995.47314443,221114.848598465,3.0,28897.986215246103
8263.0,1277035.17055246,220840.693270177,3.0,14581.757040146793
8267.0,1264099.99831522,266903.446981356,4.0,183818.9962852448
8268.0,1271121.55640242,210520.234955609,3.0,739920.5613510228
8271.0,1281447.09254098,244723.719022647,3.0,398821.3410497213
8272.0,1281672.89490922,244697.849006608,4.0,1410602.3283661122
8273.0,1263604.29815471,254583.552312732,4.0,70625.24752458345
8274.0,1276193.0377516,252985.86059910097,3.0,419276.6640603308
8275.0,1276841.66015227,252967.781943083,3.0,378284.8731300459
8289.0,1274874.20050226,254687.39167285,3.0,430013.3531325684
8290.0,1275199.35928659,254677.28472884,3.0,466022.8299396735
8292.0,1265565.04260473,253750.788215891,4.0,238171.34804078544
8296.0,1258818.76938182,247022.716720998,4.0,467049.6721930884
8299.0,1282322.96313389,202028.057346925,4.0,138766.8678870852
8303.0,1273077.02136442,231271.064160869,4.0,245317.33627015573
8304.0,1275129.46674252,213936.889487118,4.0,941655.316998183
8306.0,1264078.7503152,265578.769475996,4.0,343461.82843907655
8312.0,1276469.74981588,255306.879289478,4.0,149684.00703993192
8313.0,1281587.16114913,198075.67974287304,3.0,23675.15407644109
8316.0,1268183.5711834,237435.133223176,3.0,44803.588050672384
8317.0,1268086.7485273,237673.737063423,1.0,0.0
8319.0,1263313.61041042,243275.850157157,4.0,99037.80725608276
8333.0,1266249.95102142,254796.327800959,4.0,187672.6831096097
8334.0,1273100.07966843,204012.104900956,5.0,4045058.992224001
8340.0,1280866.1393244,256225.969978422,4.0,76931.56035490402
8344.0,1266934.39121412,256110.66738629303,3.0,37387.88431696715
8346.0,1265370.79396452,245508.135407448,3.0,42963.16185084564
8349.0,1285915.73190556,244094.292461991,3.0,334733.4492605458
8352.0,1267634.42923084,259199.635901466,4.0,62655.20040142674
8353.0,1280163.61119567,223574.923032984,3.0,84516.55802304142
8358.0,1254437.84764932,253112.47915923604,3.0,74052.846330276
8359.0,1285216.58598484,251409.099637493,3.0,84777.99999999999
8360.0,1285216.95641685,251499.098165572,1.0,0.0
8364.0,1274055.23166941,232181.350753799,4.0,312116.93411346554
8370.0,1264475.19044361,232332.845153958,4.0,2490543.3983262246
8383.0,1259538.57629456,246518.294832483,4.0,48650.18742925684
8384.0,1270641.62923393,242752.782316625,4.0,262854.1941585431
8385.0,1274078.23717344,230090.696799651,3.0,7621.159523493978
8387.0,1276455.23864788,252648.61099875,3.0,289124.0691816739
8388.0,1262626.08196171,254336.34316048,4.0,4111143.16372513
8394.0,1280672.16166019,221047.676822394,4.0,52974.701216165085
8408.0,1263447.49994655,246325.403824285,3.0,124563.85610694913
8409.0,1272949.05208428,231582.03401719,3.0,79411.75354230498
8410.0,1272969.36082031,232215.079649836,3.0,28264.785440649863
8411.0,1277920.38303338,207212.369480222,3.0,25058.752044399396
8412.0,1281774.85170932,228682.97219021604,3.0,65384.51997377637
8413.0,1281781.39993332,228948.650142491,3.0,33812.15040563631
8414.0,1283157.37715073,249208.869811237,4.0,312590.9127718305
8415.0,1283488.01068707,249202.677235231,4.0,520299.756961174
8419.0,1279850.08882736,222888.612440288,4.0,791205.6631611274
8423.0,1265248.7787964,251596.606837675,4.0,352699.1276879969
8424.0,1259790.00560682,256397.194362596,4.0,68277.13913352259
8425.0,1259527.13898253,256401.437114596,4.0,66138.01529841872
8426.0,1277845.39077729,250643.022452697,3.0,175303.79180389747
8427.0,1287092.58848277,207353.309832379,3.0,10594.09082837552
8437.0,1274280.96382965,205410.37997438,4.0,191212.42918309613
8443.0,1253624.0510405,250460.428660512,4.0,935898.1841283686
8452.0,1272055.20318736,225242.998810694,4.0,242527.05454944333
8454.0,1273757.69650111,209487.38887456097,3.0,63833.29592243011
8455.0,1273538.25502889,209088.157706156,3.0,163052.6022763491
8458.0,1278011.73324147,249091.348403111,3.0,32644.6074526333
8459.0,1258093.57098107,250426.075700477,3.0,81612.9335285023
8461.0,1275338.16709472,212904.474894062,3.0,192561.06087422057
8463.0,1272147.66264346,220581.278805912,4.0,251554.9231752637
8464.0,1272129.44382745,219658.817044973,4.0,451549.6905674408
8470.0,1284668.43910429,190269.871542886,3.0,160470.38279169626
8471.0,1260319.12951136,249066.432755083,4.0,381788.1763675048
8474.0,1261013.91191207,251671.772021756,3.0,34332.250334895936
8477.0,1276181.30808759,227502.226205006,3.0,81012.97349452326
8481.0,1268648.11812788,231768.052641377,3.0,1436013.1495915412
8482.0,1268968.7375842,231759.927713364,4.0,469479.47137442086
8492.0,1264801.64548394,232498.381282121,4.0,581425.6049836876
8493.0,1264479.5700276,232506.171938136,3.0,160173.99510335492
8497.0,1257346.45110831,254393.006776541,4.0,1734357.1530400857
8498.0,1275123.76690251,230385.878623962,4.0,133943.9060348108
8499.0,1265957.66647713,257587.825531811,4.0,220098.93185215467
8503.0,1283282.36742286,257048.726203263,3.0,148151.73829395857
8506.0,1281341.44575688,207175.78394419,3.0,1810560.6212158788
8507.0,1269046.10718429,241717.358251557,4.0,116427.47023373692
8508.0,1255925.79645085,253068.48088719,3.0,10863.203635899952
8509.0,1277122.43941656,203080.616259992,3.0,540731.4382393021
8523.0,1264835.46929197,233366.090787008,4.0,1011361.3612474644
8524.0,1264515.77041164,233374.044515014,4.0,216583.56203390512
8526.0,1269988.67288125,240900.405162722,4.0,407879.763302443
8527.0,1274083.35691744,209741.428746819,4.0,364084.51807407785
8528.0,1267140.76356633,248700.376754716,3.0,3231962.1159050013
8529.0,1274585.67845395,219300.726548612,3.0,120469.75687422746
8530.0,1274574.89400595,218734.18242003,4.0,199568.6491307519
8534.0,1271387.22449869,228834.716318369,4.0,280956.6489173552
8535.0,1271071.96894637,229121.460190669,4.0,241196.582996173
8538.0,1274931.59410231,257675.407675907,4.0,1845942.4933002812
8548.0,1269119.03812836,226412.067611888,4.0,344673.67555668275
8551.0,1281692.79807724,205267.253638238,5.0,5069714.677844106
8552.0,1286789.66189046,195000.075003728,4.0,460947.7068964799
8553.0,1261647.5373207,256226.497210413,3.0,70358.92788857096
8554.0,1279245.24492273,217516.13499477497,3.0,1158628.420410203
8557.0,1283242.52070282,199256.588160083,4.0,1835333.4717933869
8558.0,1278912.21996239,222030.7384554,4.0,1837543.9387060532
8564.0,1294381.39834623,180934.716013327,3.0,36083.15071347689
8565.0,1295008.39188287,180561.489708945,4.0,482947.1779448147
8566.0,1274864.81439024,230392.924191967,4.0,192074.21064314432
8567.0,1270347.01534562,197666.723198459,3.0,49615.66355610267
8568.0,1270346.36702561,197146.532669917,1.0,0.0
8569.0,1276260.47787967,256972.525883183,4.0,228994.54605909792
8570.0,1283106.97670269,245897.696623847,3.0,1599443.3205183612
8571.0,1283268.78111885,245894.833135843,4.0,2339146.60686009
8573.0,1274494.00146186,214596.603087783,4.0,129269.5359826876
8574.0,1269780.92856103,215114.222480327,4.0,248211.23618707247
8575.0,1269765.59851302,214354.41262354,3.0,18668.629722072063
8577.0,1264443.86141957,231078.586528674,4.0,408705.90082673344
8581.0,1272488.66885181,229596.247647151,4.0,450161.61180716974
8582.0,1264432.18397956,243140.908845022,5.0,1472676.3254599369
8583.0,1266022.09943719,251407.317493483,1.0,0.0
8592.0,1266626.83217381,235568.768165261,4.0,467719.8414392807
8597.0,1274869.55743025,219295.958868608,3.0,62790.37064230036
8602.0,1259500.55703051,255054.109113216,4.0,176433.97179345033
8603.0,1259512.44778253,255737.107385918,4.0,104629.14086988868
8605.0,1262911.025258,252992.585015103,4.0,1154154.1277635884
8612.0,1284298.80601591,203016.35949192903,3.0,84778.00000000003
8615.0,1265958.37745312,250040.74117209003,3.0,4886.739006019337
8621.0,1282832.5044464,251739.045173824,3.0,24532.750306114
8622.0,1283100.02489468,251733.724341825,3.0,6837.707037849754
8628.0,1265279.05988443,241713.000939563,3.0,65266.5020777569
8629.0,1265292.60452445,242325.029612184,4.0,93582.82366102522
8633.0,1263767.05738688,266912.836037368,4.0,136320.4390995155
8634.0,1264933.97860408,234592.82262826,1.0,0.0
8635.0,1264937.02910008,234807.815972492,3.0,49349.24941314832
8639.0,1285940.86963359,243334.39927721,3.0,40893.76502170991
8640.0,1286129.25478578,243330.257261217,3.0,239044.3082427122
8644.0,1261525.54282458,249572.589875609,4.0,160039.63638206813
8645.0,1279078.10418656,231754.910305366,4.0,103834.06460868336
8647.0,1277395.02911283,215403.976464614,4.0,100642.96041167444
8648.0,1283608.1023352,202517.599043414,4.0,2045894.680092832
8654.0,1277624.65330507,214729.973903924,4.0,120845.7949243868
8655.0,1277874.24434532,214724.378767923,1.0,0.0
8656.0,1269238.7347044798,229679.56931123097,5.0,738301.2634401898
8657.0,1269249.5453925,230105.706271678,4.0,155309.70393434944
8660.0,1273520.7760528603,225040.597274482,5.0,694689.3062547927
8664.0,1268422.92503965,240942.712106764,4.0,727155.1786751653
8665.0,1268744.48375998,240932.444778755,4.0,125176.98123563998
8667.0,1254487.82198538,251489.628725573,1.0,0.0
8668.0,1264804.49885994,245333.131823272,4.0,374685.3155554168
8673.0,1282047.16153359,233127.005986765,4.0,3913293.502861554
8676.0,1281808.53766136,225617.084635079,4.0,374895.2216774572
8682.0,1264636.63537177,257620.179771841,4.0,47340.810493975245
8686.0,1272773.61643611,211414.068428531,4.0,181528.98776433905
8687.0,1263349.46007445,258974.96902123105,3.0,100657.8566507241
8693.0,1280120.38751562,246046.181935996,3.0,36999.98812455132
8694.0,1281776.97836532,223020.70236042104,3.0,195098.6587179241
8695.0,1281904.12998146,223020.17384842,3.0,405306.95457419584
8696.0,1272289.41566761,244402.860078305,4.0,110109.26402265954
8698.0,1285118.25644875,193370.193082049,4.0,88644.58754365666
8699.0,1256783.02377973,252401.5586465,4.0,132366.3368449269
8700.0,1256519.08035547,252405.961526513,4.0,156621.02889565253
8703.0,1274349.24651772,208142.631113186,3.0,150674.39418591073
8706.0,1258161.99242114,254385.047160536,4.0,776862.8314358547
8710.0,1260646.82608768,236756.538406476,4.0,103573.00691532213
8711.0,1260370.87191141,236761.385510489,4.0,72395.98717788424
8719.0,1261439.7135765,237974.570407733,3.0,46047.960958867465
8729.0,1262154.20234522,247130.708273098,3.0,146641.17961538248
8738.0,1282740.01747032,233970.590243623,4.0,7606.76400947271
8744.0,1274890.68306227,243670.831661567,4.0,360014.77032532974
8746.0,1274054.79858142,206761.605639771,3.0,78703.13913571442
8748.0,1282190.31679775,228668.902686194,3.0,63438.621360167264
8751.0,1263987.23082711,242867.899884745,3.0,917536.4221323852
8753.0,1261590.80151266,238561.03613632903,3.0,53175.85645754146
8756.0,1285447.99628909,205165.263366133,3.0,285082.6023910252
8764.0,1265537.28017269,252408.588790506,4.0,901047.674507178
8775.0,1278943.00991443,200403.213825256,3.0,184683.92398419435
8778.0,1282131.95698969,196446.879869208,3.0,81700.5672939712
8789.0,1275695.69330309,232834.564642459,3.0,63418.15585963554
8793.0,1268946.65560019,257911.615548149,3.0,339641.29405238293
8794.0,1268949.78552018,258176.480508417,3.0,378176.1647842527
8795.0,1282107.53478166,226253.83964373203,3.0,779.5933955467949
8796.0,1284966.83091259,251504.663797587,1.0,0.0
8799.0,1263593.18596271,254050.488440186,4.0,45619.84046181052
8809.0,1273086.34648442,231579.326305181,3.0,49002.62092216475
8810.0,1273807.82437316,247695.282289684,1.0,0.0
8811.0,1274118.94251747,247686.113649681,4.0,55632.98934763183
8816.0,1268887.02219212,245692.894255638,4.0,555899.5920935152
8817.0,1281380.58284491,228692.212062225,4.0,261455.1926945209
8818.0,1285082.9553287,259085.248381346,4.0,169835.86802624902
8820.0,1273406.07742876,226753.959644243,3.0,69726.82614554626
8821.0,1274157.85976551,249160.35089919,6.0,3217693.887120642
8830.0,1277666.22968911,244675.615790591,4.0,480874.20316050405
8832.0,1264778.98378792,267545.921414003,4.0,403198.32453967485
8833.0,1264446.88605958,267555.828550026,4.0,436088.1082449436
8835.0,1277939.9958974,205440.850374416,3.0,21509.537811184317
8837.0,1273111.32210045,224089.967001513,4.0,106048.55131761948
8845.0,1275663.95384707,241617.788203463,1.0,0.0
8846.0,1275674.20843907,241847.44324369705,5.0,35999457.49785664
8851.0,1275833.18674323,217080.417362332,3.0,337424.7452678437
8855.0,1275323.35871072,247386.322929367,4.0,82905.65790524792
8856.0,1262104.51933718,253674.820855811,4.0,693637.3568268111
8859.0,1273905.80677326,229240.007838786,3.0,1117505.5608709443
8860.0,1273909.41272527,229666.026015222,4.0,899801.6306589905
8862.0,1267626.52075084,258539.100476786,4.0,92500.78967205404
8871.0,1282234.79238179,260457.455614746,3.0,630732.3786388051
8873.0,1276435.48805586,249622.594035655,3.0,53829.56409325258
8874.0,1279760.92434725,198373.45478317104,3.0,82003.27302925696
8875.0,1277816.84652127,229044.785822585,3.0,552794.640025406
8876.0,1277836.88255329,229698.507295251,4.0,188590.347360648
8877.0,1280619.17817214,204941.674565896,4.0,409708.67616928334
8881.0,1265516.70474868,251606.838133693,4.0,80702.52375178649
8883.0,1263781.9861549,267573.289094031,3.0,82116.76698104898
8886.0,1282940.56031851,202259.94598715,3.0,29557.783082113787
8887.0,1282939.90188651,202198.432003096,3.0,2191.21029142102
8889.0,1280895.71730842,204935.852421895,4.0,233974.44076249457
8891.0,1269455.2946407,227106.849372596,6.0,1470194.2483145583
8900.0,1265476.29770863,249761.107251793,3.0,29923.5332008388
8901.0,1265482.46698864,250008.48075605897,3.0,14037.656803844568
8902.0,1279651.27129115,228292.743005812,4.0,296834.9730022175
8904.0,1268518.33559975,236367.180262089,4.0,312411.693938568
8905.0,1281506.73842904,253877.384760007,4.0,154257.37795853062
8908.0,1271972.04357128,263396.769601762,3.0,84778.0
8909.0,1272240.47608356,263389.363137752,1.0,0.0
8911.0,1273561.7109649,242294.385644153,3.0,265.54071810542405
8916.0,1271040.74392232,254160.209016308,4.0,456144.7768584716
8917.0,1271039.05169833,254797.815032959,4.0,1080064.243316369
8919.0,1270606.63620989,230480.317408055,4.0,45430.567129043055
8933.0,1285084.07539271,248425.62923443303,3.0,42020.35711224622
8936.0,1272589.80907592,200053.028800905,3.0,114493.547857623
8938.0,1280913.15660444,258828.711485088,4.0,1751318.3220015017
8939.0,1258185.63939716,255757.667769939,4.0,1851572.7125707732
8940.0,1258188.69315717,255938.406586125,4.0,1757495.1365777948
8942.0,1280160.24140367,209570.251274645,3.0,3777.278045376545
8944.0,1267236.62654243,265496.571523905,4.0,466386.7503291351
8945.0,1273165.9358605,242106.007083952,3.0,143479.89050842394
8946.0,1281512.36242905,193573.937466264,4.0,57836.97125190271
8947.0,1281787.29823734,193567.95519425,4.0,102194.04886449232
8952.0,1264138.68650725,235708.689445406,4.0,157148.27557758824
8954.0,1257437.2534124,257767.920315996,3.0,64851.446901884425
8955.0,1257178.31133214,257773.123004004,3.0,125658.91748625856
8957.0,1263745.58167486,243674.249645561,3.0,64506.18456238922
8959.0,1283966.95820756,203026.782723948,4.0,158641.05838861686
8960.0,1278458.75532192,207519.124104545,3.0,42390.0
8961.0,1278659.45177013,207506.176328525,1.0,0.0
8969.0,1264252.22237937,254038.29388018,4.0,93064.198804405
8974.0,1282826.5356144,249214.984627232,4.0,576927.9085171566
8975.0,1277687.87269713,218525.336339816,1.0,0.0
8976.0,1273524.16709287,232197.812961817,4.0,36151.19449836391
8979.0,1270937.68177822,249620.36241965,4.0,325575.25094221253
8983.0,1284099.5297917,233934.072291598,3.0,8582.621813944634
8984.0,1281416.33407696,197054.642749831,1.0,0.0
8985.0,1258511.9986295,258951.53964521,1.0,0.0
8993.0,1279941.33439544,221560.503510922,3.0,10727.714328348
8994.0,1280091.7534036,221554.591766909,4.0,152223.89158053484
8995.0,1256893.81155585,249408.039027438,3.0,63335.747351709535
8997.0,1273887.03582925,260357.528638646,1.0,0.0
8998.0,1262786.70468187,248747.01803475604,3.0,34867.200853927934
9000.0,1267340.31761454,244264.046382174,3.0,51904.19208563599
9004.0,1278009.93829747,220704.893334046,4.0,2073309.4071426624
9011.0,1274224.01381359,228811.22723034,3.0,74115.58274502344
9019.0,1279428.38629892,247101.619121075,3.0,927384.4096293708
9020.0,1269527.55044878,224457.810393885,4.0,195690.4052742053
9022.0,1267254.81809445,236795.856934518,3.0,62167.16250680101
9025.0,1274133.93720549,213641.045262814,3.0,209287.85535751304
9033.0,1266428.7032776,244054.75281395,4.0,259849.24976412047
9034.0,1259752.66711077,254369.01042451,4.0,244698.93387672323
9035.0,1282559.24518213,225064.644186512,3.0,68260.24881857664
9040.0,1272798.62821212,202715.345347628,3.0,83823.22656466455
9044.0,1265213.78250836,238975.952936754,3.0,21836.89686329385
9045.0,1265219.76542036,239212.810088992,3.0,60212.2170794891
9046.0,1273310.98872465,230435.265312016,4.0,518976.82313593646
9049.0,1271106.95051439,195964.531068712,4.0,562554.0524532415
9052.0,1263020.24682611,252449.455542549,3.0,61414.62873403516
9055.0,1264431.57277957,234376.262692049,3.0,32739.82053662892
9056.0,1264221.75594735,234380.578916043,3.0,84282.97453852928
9057.0,1260087.91018312,236766.214566499,3.0,67561.46263741478
9059.0,1278020.29490547,223899.25736931,4.0,329395.396729479
9060.0,1278351.88447382,223891.884057313,3.0,143020.75303330785
9063.0,1274047.9724694,206487.991367489,3.0,110880.5658781023
9064.0,1284904.00032052,201204.061954081,4.0,545950.3407889523
9067.0,1270244.85118552,255488.577081665,4.0,14321678.648161624
9068.0,1267150.30718234,249087.175859109,4.0,25257.44455185617
9069.0,1267153.55684635,249220.985587239,4.0,6491.528717646959
9071.0,1265651.67959681,259577.545277849,4.0,145697.0443071435
9072.0,1265824.53521299,259573.39340584,3.0,52983.24481155512
9075.0,1284696.37702431,249841.593587875,3.0,21729.593062740947
9077.0,1263246.51409034,245032.213166952,4.0,69181.66749236237
9078.0,1271761.52363507,210462.870539561,3.0,84301.62346628153
9079.0,1271760.24869107,210346.332683444,4.0,495930.9291431293
9092.0,1281772.16409332,207460.576648489,3.0,107298.9665276026
9095.0,1287530.78246722,205652.500230625,4.0,227073.29985058823
9096.0,1276731.54060015,254633.203448787,4.0,1970284.4951688407
9098.0,1262916.77623402,253260.102199376,3.0,88649.39456514595
9106.0,1284812.06086443,250500.433204561,4.0,37253.35017601892
9107.0,1284812.44275244,251162.07032524,3.0,11767.259588455378
9109.0,1274857.22251824,227530.145757034,4.0,221546.07623525208
9110.0,1276453.68747987,216135.316561371,4.0,61500.80110367653
9111.0,1276436.76530385,215417.068304628,3.0,16389.39119272281
9117.0,1260910.79696795,246386.385968342,4.0,1352016.7960203364
9118.0,1277764.65471321,217033.904658288,4.0,88924.56429618092
9124.0,1278251.32658571,219763.496981084,4.0,2125059.580130741
9125.0,1261397.96336846,260353.900670648,4.0,197238.6414436974
9127.0,1277881.58719334,216100.537105337,3.0,113333.14841448252
9128.0,1278047.7633855,215386.693008602,3.0,111447.91688094789
9129.0,1272957.20926829,263369.583937734,4.0,125438.73095567206
9130.0,1272957.7994763,263700.467138067,3.0,360761.2668407033
9135.0,1262887.56861798,238197.950247958,3.0,59360.1092172128
9136.0,1262891.52432999,238345.896808103,3.0,340886.09295060777
9138.0,1265409.54487656,231054.133472636,3.0,391085.46681066166
9141.0,1268906.29086414,254741.39090490303,3.0,43910.80145230648
9155.0,1275828.53682323,205371.669446349,4.0,807984.100340741
9156.0,1275808.51947922,204571.541445524,4.0,865213.9774481882
9161.0,1270619.6056819,231317.423968911,4.0,197160.7800005151
9162.0,1269298.61483255,259490.69798176,3.0,3462628.3796583856
9163.0,1276786.34034421,214586.844559774,4.0,142357.61790812106
9167.0,1264628.21866776,256960.839547172,4.0,85911.09736607279
9170.0,1273257.8270606,269609.76109612,3.0,160395.88255807408
9173.0,1286660.81965032,249378.913139403,3.0,155984.9271093589
9174.0,1273255.3284366,230097.914271668,4.0,390438.5984585291
9175.0,1274870.73919025,243131.238573015,4.0,28527.30769954832
9176.0,1275150.47749454,243120.850476995,4.0,35132.5027188226
9178.0,1278070.21509753,216356.43976159405,3.0,75504.45439353783
9179.0,1275795.93752719,204097.409541041,4.0,992959.6224818282
9190.0,1264008.66877913,252045.742070138,4.0,93372.11926221986
9194.0,1282329.17049389,227798.427421302,4.0,124117.62190932932
9197.0,1280778.0958683,226515.265627995,4.0,345266.2770563932
9201.0,1283730.87833533,194235.209722936,3.0,2282627.7650627005
9202.0,1283725.06796731,193975.185338676,3.0,683925.5181307103
9205.0,1271128.86808242,222773.459736168,4.0,282576.3124995049
9206.0,1271450.89041875,222766.58741615704,5.0,765010.701914398
9207.0,1276268.02808768,230408.292575985,4.0,130831.5436967756
9212.0,1280854.26988438,255700.758393884,4.0,312431.8718560596
9213.0,1278226.01989768,257245.734011456,4.0,307663.9662156253
9214.0,1278877.56716235,257226.281275436,4.0,417122.7650434939
9221.0,1284294.8223999,200560.959233418,3.0,1091465.0700675198
9222.0,1268225.48119944,253702.473719835,4.0,336291.4524405055
9223.0,1287014.52857868,195435.579068169,4.0,146452.57894814512
9225.0,1264085.4527152,266242.364932671,4.0,281924.52460714977
9226.0,1284222.92723183,260776.72659108,1.0,0.0
9228.0,1284462.96313608,190928.599927559,4.0,290219.31223326
9229.0,1263081.47639418,265607.408196032,3.0,258799.4370754106
9233.0,1268566.07070379,243669.782125562,4.0,109300.48612850062
9236.0,1278881.75839436,257557.898363784,4.0,148869.43844207033
9238.0,1270277.62801754,229644.437151194,4.0,309632.42892013374
9240.0,1272736.15947607,204599.775301561,3.0,134383.05981293597
9243.0,1269371.48772863,224721.158298165,4.0,644370.3669615148
9249.0,1263853.98333897,248990.668147013,4.0,344813.37159973255
9252.0,1272419.05413175,226525.348251998,4.0,839699.4483564869
9253.0,1265815.42199698,227422.447196931,3.0,10626645.301075708
9258.0,1257293.91875625,251068.219765142,4.0,46238.90058600779
9259.0,1272768.9596041,210453.826571554,4.0,10815.173922374628
9262.0,1268989.84350424,244630.728686541,3.0,77005.80675980588
9266.0,1281616.77228516,227799.519901305,4.0,32434.06404918113
9267.0,1270284.28708956,230072.786719635,4.0,164486.5308829316
9272.0,1269795.79857706,215874.255057096,3.0,207473.11990513952
9274.0,1268265.88593549,246224.553584173,3.0,6686062.327239779
9275.0,1277638.94821708,202782.48269169,4.0,2753830.719883968
9285.0,1281584.44953312,230471.329568043,3.0,375288.0446060026
9286.0,1265693.03678085,234348.875236019,3.0,231350.87605030276
9287.0,1259166.15773417,251041.820533112,3.0,63592.63527767629
9288.0,1264623.67735575,244549.994606465,4.0,645812.3915798301
9289.0,1278400.82501787,216657.333521903,3.0,77948.94689796279
9290.0,1275594.05176699,248435.333298445,4.0,485551.5879938303
9291.0,1275597.64459899,248691.508018702,3.0,59993.52732187666
9294.0,1286411.56256206,249799.971635833,3.0,69370.8256064543
9295.0,1276962.7336884,249620.314227656,3.0,35367.566236359016
9296.0,1276969.20223241,249987.935220033,4.0,65429.59568021558
9319.0,1262266.88484134,239359.78384915003,3.0,324026.52327947546
9328.0,1275329.41023073,247704.340977699,4.0,174827.80813076984
9329.0,1275583.48152699,247700.719601691,4.0,216267.4654469648
9334.0,1270236.5913455,254835.065272987,4.0,8194928.836354302
9337.0,1282285.47404584,245910.783535853,4.0,53957.98143862928
9339.0,1279248.16121073,218030.249427304,4.0,2401793.884953552
9341.0,1274250.54392561,257362.467387587,4.0,757221.6476213685
9342.0,1271046.59857833,255463.804153636,4.0,15522583.970308008
9343.0,1286465.61203413,206933.636103943,4.0,264721.77839176526
9349.0,1267263.26526245,241123.42538695,3.0,204792.3525741285
9351.0,1282324.42873389,242984.739244863,3.0,162043.190105438
9352.0,1282945.62527852,243380.107501268,3.0,70151.58595807721
9353.0,1278544.38969001,220693.087254032,4.0,3728044.972766363
9360.0,1279652.22930714,219434.323092744,4.0,703092.6593564565
9361.0,1274818.5421342,207853.482376888,3.0,44248.147935193054
9363.0,1270660.66430594,226334.980827808,4.0,519499.7110417786
9364.0,1282832.2357744,252022.111222118,3.0,334507.92114029825
9366.0,1262723.96957782,245841.258799791,4.0,288579.3010150602
9367.0,1281573.95711711,257147.36639536903,3.0,97669.0094255531
9368.0,1286326.23929799,243325.925549209,3.0,197311.5165915061
9369.0,1266710.23454189,239216.504617006,4.0,1277796.581117831
9370.0,1270150.94814542,223404.780376807,3.0,333984.1654328797
9376.0,1256254.48841919,252810.000438914,3.0,46481.500328580245
9378.0,1270935.52926622,231312.499424905,4.0,151152.83001802745
9383.0,1274916.66040629,257011.081275225,4.0,114354.29729482542
9384.0,1275588.56882298,256991.803707197,4.0,101595.9556980385
9387.0,1275240.20927063,210421.271243513,3.0,141121.63893017138
9388.0,1257875.26301284,253066.121975183,4.0,157637.99122350826
9389.0,1282808.76863837,253186.447159305,4.0,326832.5918791389
9390.0,1272886.29010022,254753.679288909,4.0,110713.81836445526
9392.0,1280591.98303612,228693.767134219,4.0,803413.665628611
9395.0,1266716.8519499,231816.807457417,4.0,195631.1078701505
9403.0,1278846.90546632,254939.500729099,3.0,1127113.717129998
9406.0,1284951.61145657,209524.094218597,4.0,61204.65894607423
9407.0,1263274.80541837,246330.530736282,3.0,238153.8170427277
9409.0,1259452.91799046,252356.871734455,4.0,143984.54191205505
9410.0,1259201.0832382,253045.045559168,4.0,98060.56471486764
9411.0,1280924.06796445,257828.750844061,4.0,780989.8843406279
9412.0,1280927.77465245,258161.943420395,3.0,94828.72402632024
9418.0,1281348.16492489,227805.370653316,4.0,97719.53692950842
9422.0,1280269.73561178,230060.806431621,3.0,38467.476076867904
9423.0,1280351.15871586,230058.645983621,3.0,98643.29393787084
9425.0,1279953.86751546,216872.200210124,3.0,3417.2435107689344
9426.0,1280213.27839573,216861.903698117,4.0,229329.1942142572
9428.0,1276368.07679178,221912.428375289,4.0,538869.9955415414
9432.0,1262460.94416954,250344.915764391,3.0,140469.23714306895
9433.0,1262467.87325755,250988.633973062,4.0,289007.58239840314
9434.0,1283639.86143923,203864.138628796,3.0,249342.6218931522
9435.0,1283633.27123122,203587.284228519,4.0,53754.728444168846
9436.0,1281797.48780534,195686.475196421,1.0,0.0
9437.0,1275777.99787918,203416.850180343,3.0,261469.49302277705
9440.0,1264941.29054008,255632.844857812,4.0,680031.0291494927
9441.0,1270912.49809819,225277.85602672404,5.0,2011022.7246822151
9444.0,1286746.83456241,195426.664060161,4.0,235326.834050968
9445.0,1271147.01995444,233005.681442648,4.0,85218.269619858
9446.0,1271099.7729784,233186.291938826,1.0,0.0
9449.0,1281190.72230072,245929.39441587,3.0,6536.192047616941
9453.0,1285457.35846509,205709.835078686,4.0,225339.07690576723
9455.0,1266258.96644543,239654.013929442,5.0,3899937.020909791
9456.0,1280015.23679551,229641.119583189,4.0,1006072.5661203522
9457.0,1269022.70827226,266118.59750855,4.0,2278878.578785902
9459.0,1277305.43941675,205982.690822974,3.0,15225.246368825849
9461.0,1256118.21539505,259266.011453524,3.0,24230.79028027988
9465.0,1265740.12490889,250951.57662901297,3.0,134415.84705020627
9466.0,1265741.7991489,251283.965045363,4.0,79445.30559777602
9467.0,1276839.98661627,252641.304886743,3.0,327253.3019981632
9472.0,1266042.07838121,245753.62903969,4.0,362091.80229817535
9481.0,1274170.42238954,249754.298163787,3.0,94151.1740813017
9484.0,1277581.39519303,212860.120654017,3.0,41912.12215263414
9488.0,1274685.56639007,209068.439242125,4.0,1674659.5633922075
9489.0,1274999.99979839,209063.572490126,4.0,1196919.1973762074
9490.0,1278596.70585006,247104.823473081,3.0,21974.427406505587
9491.0,1278909.64549838,247104.343217075,4.0,3489094.7262250963
9492.0,1274266.90181363,259021.337725282,4.0,1369761.477503964
9495.0,1263741.59217085,265042.441795453,3.0,510228.2387816871
9496.0,1273781.94085313,227124.061596617,3.0,50244.46812934888
9508.0,1273481.40869282,240179.113257989,5.0,131297.5649171497
9510.0,1259958.02922298,251027.921973094,4.0,64006.27446771047
9511.0,1285759.2561294,242672.67390054505,5.0,169628.43177226314
9516.0,1281976.00812553,226476.887387961,3.0,51981.52030254275
9518.0,1287588.54675527,204301.660421252,5.0,876715.1239287399
9519.0,1271768.54693107,224362.36540179,3.0,860928.4170788996
9524.0,1276480.8911919,255638.542969823,3.0,35063.17808907523
9525.0,1262259.88580133,239059.05642484096,3.0,146983.1587132299
9526.0,1284406.70502402,193871.52639456105,3.0,99849.1067109744
9529.0,1267594.18027081,255566.038521737,4.0,160967.29475726697
9533.0,1267874.48190309,249571.778227597,3.0,2399147.3976825224
9535.0,1274743.70597412,212221.03630136,5.0,9048787.971737038
9536.0,1269898.39940916,254188.560952336,3.0,46847.46055185956
9539.0,1263615.31588273,255111.436729282,4.0,335056.6702305209
9541.0,1282751.50623833,234410.288164079,4.0,2438352.9113694816
9545.0,1264460.82039559,268216.892486691,4.0,468501.6753827827
9546.0,1261545.50538461,239372.079785153,4.0,67921.71999131178
9547.0,1261554.79767261,239732.255593523,4.0,147797.80366707296
9549.0,1278005.84972146,213230.911566392,3.0,271134.24016967707
9550.0,1274565.49867794,218168.302291453,4.0,257784.1376754463
9551.0,1271494.6518268,228953.39164649,3.0,127732.07814958954
9552.0,1271293.65880258,229138.247582674,1.0,0.0
9553.0,1272403.59096372,201057.053057924,3.0,82285.3159490707
9554.0,1272326.45496364,200727.430721581,3.0,92449.1190746746
9559.0,1266674.11684586,240632.765930444,4.0,8647780.96830113
9562.0,1272421.97477174,250726.889396787,4.0,333924.4604459914
9566.0,1273054.24088439,243461.137197345,3.0,52493.729298652455
9569.0,1279654.62009116,224541.03234598003,3.0,194897.89347666828
9570.0,1279669.21618716,225206.404698655,3.0,54235.8607577225
9573.0,1281683.96607722,245450.48983939,3.0,308511.9412941689
9574.0,1281704.61894125,245920.004335865,4.0,256264.30090799968
9582.0,1274605.91525398,230399.971103966,4.0,226785.2809841225
9585.0,1264758.51569189,252033.245750129,4.0,112724.6811532637
9586.0,1275114.6032545,230081.678431645,3.0,35823.44504830093
9587.0,1275200.83864659,230080.95107165,3.0,93122.0150249225
9589.0,1281777.72703733,249239.947507262,4.0,89551.20671093668
9590.0,1282051.56441361,249233.396979257,4.0,143035.21799253995
9591.0,1269254.34136049,241459.658923298,3.0,18812.37068905909
9592.0,1269414.66417666,241455.340075299,4.0,111743.79548221592
9593.0,1270290.67518556,259467.545149744,3.0,93172.21436038658
9594.0,1258276.40362126,258819.714109078,4.0,743474.2727174143
9595.0,1258282.54403727,259090.054461345,4.0,67074.16560105367
9603.0,1275519.66968691,245389.373871326,4.0,173270.92175050869
9605.0,1281242.53420478,253882.298104018,3.0,94315.4556005739
9607.0,1276453.94635987,205351.528390318,4.0,654958.1519034052
9610.0,1257500.90813246,248330.546098337,4.0,235077.32657108823
9612.0,1271548.05560285,243585.718317479,4.0,49681.81430743787
9613.0,1266452.92042963,239186.747496977,3.0,34225.2171936956
9614.0,1282059.40626961,229209.272350758,3.0,28118.693485354022
9616.0,1278716.87948219,253928.529016063,4.0,39641.61001234558
9621.0,1281934.75724548,245446.422639385,4.0,38788.12811257593
9622.0,1282787.54982236,245903.350831851,4.0,1174332.8739139445
9632.0,1274194.09784555,244762.54046267303,3.0,192665.37431481996
9633.0,1282321.17119788,201767.116290659,4.0,48586.245337477085
9645.0,1276279.8181037,251983.080502078,3.0,294481.9178292625
9649.0,1283192.22649477,201548.141314432,3.0,36376.212903741965
9651.0,1262420.6660255,234057.941155717,3.0,3675.2924898765946
9666.0,1264484.42993161,232698.46025832,3.0,94773.1059840153
9667.0,1280195.1160277,215899.927249119,3.0,28274.10117670957
9669.0,1277258.78168869,253957.085048094,4.0,2877027.920639221
9680.0,1264144.22161126,231975.700897589,4.0,1618314.276950252
9681.0,1263822.14487493,232008.721505627,4.0,1536506.6354628282
9687.0,1276359.21291977,245364.39063929,4.0,36767.77490942215
9688.0,1278812.05714628,245803.349039748,4.0,197359.77146475887
9692.0,1280159.26405966,223444.20712885296,3.0,86154.26383574997
9693.0,1274128.22200549,244088.473901987,4.0,874650.5358636194
9694.0,1274143.45362151,244763.989934683,3.0,289503.525911156
9695.0,1279117.4534986,222615.217943996,4.0,99560.7205869161
9696.0,1272616.86545995,263378.976961747,1.0,0.0
9697.0,1276191.2923436,227928.236829445,3.0,26464.389019465183
9699.0,1277510.01119295,249976.833204016,4.0,138628.39578461225
9713.0,1281855.15666941,191797.506296441,3.0,42800.20567797793
9714.0,1274359.55358973,230825.087712407,4.0,185756.2070353807
9722.0,1277107.70655254,214140.901903316,3.0,47843.17106398013
9727.0,1267730.15735894,234303.689315975,4.0,2773115.907526961
9735.0,1283349.00607893,197914.256510705,5.0,1988954.7689166423
9736.0,1254258.58979315,252577.786294684,3.0,50625.99519604931
9742.0,1283125.5163507,228168.125149682,3.0,83017.68045009252
9744.0,1268393.41687962,228076.074781597,4.0,178797.7362289233
9745.0,1263561.45572267,247647.99697764203,3.0,40648.18203564957
9749.0,1270887.20715417,240876.133546695,4.0,1423894.792679601
9750.0,1264133.97393125,231562.963809162,4.0,2057879.6851234897
9751.0,1287477.22125116,182337.680366755,3.0,6095683.36436969
9755.0,1281354.43097289,207937.75712896895,3.0,3380908.062776896
9756.0,1270793.46424207,232611.77078624105,3.0,80307.01000252382
9757.0,1270860.3892981398,232581.01853020492,4.0,427474.58584228536
9762.0,1274545.36914192,217111.910738364,4.0,55944.95977561963
9763.0,1274506.43186188,225328.160026774,4.0,846724.520380372
9764.0,1269422.60740867,227575.070237085,4.0,81942.11003802413
9767.0,1265495.34526065,240189.226410002,3.0,225729.04792090144
9772.0,1284379.05875199,246936.0443369,3.0,8174.601501893343
9773.0,1284634.06188825,246933.772976905,4.0,403805.97455139767
9774.0,1269010.67512025,240450.780714259,3.0,15483.28506848782
9779.0,1265744.3762369,236208.460453928,4.0,62177.78390661485
9780.0,1271135.63941042,223079.43912847296,6.0,616540.2156887015
9781.0,1264852.6195,237693.114663437,4.0,1094823.2622116362
9782.0,1264868.70346801,238351.880360112,4.0,1280500.8210142618
9789.0,1272651.05765198,227161.990364656,3.0,26227.82301448668
9795.0,1278056.75973751,228336.473245859,3.0,41874.786201296345
9797.0,1270389.22129767,253510.427511632,3.0,201599.97768637235
9798.0,1271050.96401834,253827.57515996703,3.0,321509.1451606069
9801.0,1265678.28350084,237135.823782876,3.0,839.2647907663768
9812.0,1273990.56907734,258698.253372952,3.0,180451.14264500813
9815.0,1265303.93322845,242787.873132661,3.0,54983.1351761679
9816.0,1271977.87921929,207772.102984801,1.0,0.0
9817.0,1272565.04862788,207762.253896788,3.0,156322.91323202266
9821.0,1274266.78206964,219306.081876606,4.0,912655.9833967042
9822.0,1273569.01771691,256717.087418929,4.0,89840.38340523811
9825.0,1269683.39627294,224194.549465612,4.0,172706.52977991497
9836.0,1263587.6259627,253783.387255922,4.0,93684.88912971818
9838.0,1274922.94085431,212028.351629153,3.0,792985.4366624204
9848.0,1271892.87576321,237773.023591518,3.0,12755.705134993854
9851.0,1276747.18559217,247683.181617677,4.0,85978.54209539066
9852.0,1277163.8937526,247754.35601773896,3.0,34007.89407071509
9853.0,1273735.02891709,249525.270131558,1.0,0.0
9856.0,1265788.68586895,241531.373355374,3.0,51646.04097312761
9857.0,1265806.76292497,242313.22839617697,3.0,24043.90897750436
9861.0,1267070.72657426,245991.285679936,4.0,105116.21382817748
9868.0,1270180.87755345,248345.163890347,3.0,136272.95409185495
9870.0,1276551.80210397,229281.416222826,3.0,18803.8729446136
9871.0,1276902.31288832,229274.009118825,3.0,17399.925628214114
9872.0,1261574.27005664,240328.925290138,4.0,175072.2377395445
9877.0,1262457.16330554,267610.343814075,3.0,357265.2493789272
9879.0,1264726.57181986,264234.477250621,4.0,165862.50363973438
9882.0,1278973.23922645,227020.12578851,4.0,315093.0376201708
9885.0,1273408.07678875,246114.456688061,4.0,1099583.144493916
9888.0,1272211.12677152,224979.812954426,4.0,63499.12425840775
9890.0,1285838.19628948,258400.974140644,4.0,490479.352926887
9896.0,1284301.41228791,203183.133444101,1.0,0.0
9898.0,1268893.89752012,253950.07820008704,3.0,195603.97262402883
9901.0,1257592.14518856,252388.217142493,4.0,98669.989247681
9908.0,1285799.42995344,251140.050037205,4.0,183377.2607898732
9910.0,1280406.48108391,198189.564734995,1.0,0.0
9911.0,1280404.42367592,198106.62815889705,3.0,47081.43551687438
9913.0,1275885.72863129,241688.877995536,5.0,34859790.62336451
9914.0,1281175.1560927,247256.474097237,3.0,68403.29538560807
9917.0,1283752.29459135,257503.376187727,3.0,84778.0
9918.0,1283754.53676735,257672.873915896,1.0,0.0
9919.0,1260234.07063127,246161.67051211,3.0,22849.38983112432
9922.0,1273492.00773284,240681.829802498,3.0,5812.1229706652775
9926.0,1254892.1705938,250714.81528477403,3.0,273261.59328186075
9927.0,1263064.50333816,243684.021293581,4.0,139155.08047915544
9928.0,1263036.86129013,243684.226349577,4.0,2683519.843932295
9934.0,1266443.47652562,228108.600669622,4.0,186255.29156295775
9935.0,1277541.49240899,229078.512094617,3.0,329257.5938859069
9936.0,1277560.789625,229705.87503926497,5.0,315976.883125859
9940.0,1283606.2683512,195911.099452659,3.0,3517.8898286815597
9941.0,1276280.41387969,258961.864765227,4.0,3145271.509658468
9943.0,1287462.87085114,181869.604910284,3.0,11251770.52074362
9949.0,1274092.09118946,234175.115747839,4.0,738736.498688906
9950.0,1283066.06598264,233521.729635164,4.0,668289.2186670987
9954.0,1262445.53770553,233113.333410755,3.0,290588.5165686085
9956.0,1261680.23671274,251660.444981739,3.0,75879.26648281864
9957.0,1277773.52607322,222060.683287427,4.0,1191381.0033388722
9958.0,1278738.04677822,217313.510354578,4.0,34084.041291172696
9960.0,1284900.14764853,198813.261631623,4.0,144131.31119181894
9963.0,1263074.79133818,264491.994754881,3.0,126957.99999999996
9967.0,1278277.06341773,221143.241878495,3.0,2813.832586140901
9973.0,1270512.99960178,227872.748765379,4.0,67680.26203353803
9974.0,1270205.58251348,228168.873821691,4.0,71496.80079843922
9976.0,1255548.67715447,250448.596020505,4.0,503456.4141223456
9977.0,1274553.85733393,217619.494674891,4.0,191192.22084410075
9978.0,1282461.68895802,205252.534150228,1.0,0.0
9979.0,1283017.03788659,205228.561094195,4.0,49975.10714186711
9980.0,1282439.704382,226534.94799602,3.0,23007.892055290475
9982.0,1270801.20107408,222486.212631866,4.0,71471.14358511222
9983.0,1270800.96389009,222474.822551861,4.0,124844.11503891616
9985.0,1281884.69074944,243563.736749455,3.0,424147.2325205373
9987.0,1277103.77311254,213944.073551118,3.0,107977.0691282358
9994.0,1265095.24830024,245397.756079331,4.0,110078.11778258852
9998.0,1268293.69361551,258853.54214111,4.0,364591.98171341146
9999.0,1269331.77784058,213143.782478303,4.0,299547.8067151147
10009.0,1283767.25983936,255631.740473807,1.0,0.0
10016.0,1258414.46634141,253715.553399846,4.0,196328.787485407
10017.0,1263991.70353112,243048.919852927,3.0,95615.07442224809
10018.0,1263721.43997884,243052.64823693,4.0,937027.7748468916
10019.0,1258357.54717334,250423.397556484,3.0,293739.87080103724
10020.0,1277518.93240896,252628.43615073,4.0,727336.948722468
10021.0,1277521.43634497,253289.645111412,4.0,784937.1386846316
10022.0,1282322.13932589,249887.573811933,4.0,391396.0969795321
10027.0,1264126.12388325,235266.286180958,3.0,185838.4876254912
10030.0,1283677.79801527,207105.020296112,1.0,0.0
10031.0,1283675.75212727,206963.957895979,4.0,1502777.951954479
10033.0,1280214.98245972,225194.677018642,4.0,262011.35320605015
10034.0,1280208.00709972,225371.715418831,3.0,36884.58901320117
10035.0,1267166.36881436,249740.471091777,4.0,478892.6988306205
10036.0,1267190.92023839,250009.78488405,4.0,63323.05576946523
10037.0,1271976.98680329,212059.662605196,4.0,371615.6668900174
10044.0,1273398.73758875,242298.08375616404,3.0,209422.54061183773
10045.0,1263936.75025105,240988.851818815,4.0,1241746.8490155055
10048.0,1257528.17219649,249659.572019696,4.0,323796.5983736639
10049.0,1264885.20503603,242852.690284729,4.0,165923.9563475549
10053.0,1254782.23478568,254424.843320578,3.0,125601.64094916804
10054.0,1254783.83516969,254590.388280749,1.0,0.0
10055.0,1260921.27171996,246891.383280858,4.0,369852.107761236
10056.0,1280894.64447641,229619.108127177,3.0,1323672.707373233
10062.0,1270584.62673786,256142.472762331,4.0,633280.5191333785
10066.0,1284969.17536059,202507.348419413,3.0,412817.4877615004
10067.0,1275987.49157539,242781.20452465105,3.0,99660.84514712356
10068.0,1276289.25343171,214903.046352103,3.0,36417.126152457306
10069.0,1276469.94040789,214898.641168103,3.0,35784.93201033939
10070.0,1269560.46737681,229671.398751229,4.0,289602.4956379582
10078.0,1272879.92594022,221816.608983189,3.0,13810.763334276058
10082.0,1269575.48766483,228742.184670269,4.0,74295.39934136366
10084.0,1254557.75689745,251318.313781396,3.0,108534.84809760156
10085.0,1272386.55256371,252220.69157432,3.0,186389.0875545246
10091.0,1260383.25770341,237507.513319254,4.0,32490.63514656689
10094.0,1269421.28196867,241706.752299547,3.0,31088.059492771023
10095.0,1285677.91251332,204350.292229295,4.0,1080927.517139002
10098.0,1268078.3233113,228362.431517884,4.0,242184.76926961183
10099.0,1270052.54808132,245410.497839347,4.0,163627.84810812908
10101.0,1278012.95276147,223600.33736901,4.0,399037.55678570736
10104.0,1274272.11608563,260014.984062299,4.0,1601770.65864594
10109.0,1259124.03517413,247061.417073041,3.0,51955.45992466725
10111.0,1278795.91314627,231200.096096799,4.0,387551.4329792768
10117.0,1274161.93650152,208419.604937464,3.0,176266.41146665535
10119.0,1266575.58782175,255590.670393765,3.0,62857.701538563306
10120.0,1266598.45886178,255989.25714618,3.0,39893.38040849571
10122.0,1261627.5383447,255706.773817882,4.0,388370.289859505
10123.0,1271290.15813059,244842.039342761,4.0,372427.0919995039
10132.0,1282680.25606225,242871.549164742,3.0,7836.972922725617
10133.0,1271958.62955527,200341.065985188,3.0,26723.591740966185
10134.0,1282363.74982193,206261.598727256,3.0,42907.50935796911
10135.0,1272074.04862739,221834.512151197,4.0,73041.68096408674
10138.0,1277589.69996104,258259.415996507,3.0,74188.54360462373
10139.0,1277945.8022974,258248.486268491,1.0,0.0
10140.0,1274767.22763814,246621.241776586,3.0,36190.79026771612
10141.0,1265974.76881315,250298.546100348,4.0,177171.58884141062
10144.0,1264803.99127594,210390.108555481,1.0,0.0
10150.0,1271783.37989108,256106.157882303,1.0,0.0
10153.0,1269228.12126447,229252.479262799,4.0,74270.72073523456
10158.0,1274827.45650221,249436.740403473,4.0,930582.8795856572
10159.0,1254577.08067347,251759.090741843,3.0,14111.56866340099
10161.0,1274090.25880545,218177.331795454,3.0,42655.30731500311
10164.0,1271880.33541119,241812.947627664,1.0,0.0
10167.0,1279741.23967524,207148.401416168,3.0,54995.10792442457
10169.0,1275597.858487,257323.715771541,4.0,324087.0564569204
10172.0,1264540.82186767,246042.923375994,6.0,2362877.966423963
10173.0,1264544.87895568,246314.298864275,4.0,171944.39057402834
10174.0,1267038.01764622,266163.230916589,4.0,1417597.219373774
10175.0,1260395.11498342,259711.944957986,4.0,896944.2399088254
10180.0,1267365.18731056,245464.635183394,4.0,376341.6582406993
10184.0,1271807.79486711,266945.724421397,3.0,622507.6189158144
10185.0,1272316.18885164,266929.725445375,3.0,961682.0694099946
10190.0,1274858.29208624,216743.970193982,4.0,28940.680747219634
10191.0,1260493.93335153,251680.522997767,3.0,16350.773673760536
10193.0,1263551.13655466,252053.27851814,3.0,165920.1062354409
10196.0,1270304.39038557,231322.353760913,3.0,103492.64702743477
10197.0,1270420.0394737,231320.545056909,3.0,172449.5061028295
10200.0,1281120.68076465,228697.613278225,4.0,450226.77395063854
10201.0,1281057.20025259,206888.293063894,4.0,1370101.4595044295
10208.0,1280474.26047599,225183.918554634,4.0,359324.8110835214
10216.0,1285269.9736969003,252630.83211873495,6.0,437510.1678545582
10217.0,1285724.04198536,252622.585462734,3.0,777905.9506577655
10224.0,1282386.21042995,233455.054563105,4.0,3687553.200991623
10225.0,1264727.46717986,246971.527536944,4.0,94735.42299546774
10226.0,1264587.46250772,246974.743024945,3.0,69451.67625457645
10229.0,1280215.81413972,220734.37922208,3.0,72771.66712410327
10232.0,1283825.01919942,250657.762292713,3.0,27813.069946121133
10233.0,1283994.8275836,251179.812085256,3.0,686.2003379919017
10238.0,1275840.85995924,217383.73761864,4.0,704234.4348445667
10241.0,1270844.97886613,249623.77483566097,3.0,79709.95236359516
10246.0,1263570.19223468,239000.311464787,4.0,490910.84474506654
10247.0,1284641.32435225,209528.442634597,4.0,166589.46067885918
10248.0,1276136.33835955,260623.077950925,1.0,0.0
10249.0,1278728.5569862,218044.800275326,4.0,39464.65180336035
10257.0,1272923.00523625,228388.608605906,4.0,190747.19627238467
10259.0,1280173.04524368,212549.112397701,3.0,1483868.3910102851
10261.0,1263533.02141865,237712.071591467,4.0,315461.36942243046
10270.0,1278450.05720991,253272.311159387,3.0,79130.56808252865
10273.0,1281770.09580532,248571.113202587,4.0,123308.51317923942
10274.0,1271878.00113919,244826.348078743,4.0,89408.56620484988
10279.0,1285140.61862476,250492.66648455,4.0,133204.81633250066
10284.0,1261278.20311233,239376.62602517,3.0,7235.296695584051
10285.0,1263166.23146626,236386.2658941,4.0,178016.39908902728
10287.0,1269829.86936109,225842.953307301,4.0,5480587.158911025
10290.0,1281425.74316496,229605.878495157,4.0,123198.82450080168
10291.0,1281432.36716497,229761.281759322,1.0,0.0
10292.0,1274490.65170187,249145.658995166,4.0,892097.8394823403
10294.0,1272484.61406781,229321.029342875,4.0,72383.95311652588
10295.0,1284185.62118378,257730.205115959,4.0,1772085.9723401528
10296.0,1284195.12934379,258449.094140694,3.0,541666.8370521831
10297.0,1295392.50036326,181868.662958279,3.0,152164.65588343877
10302.0,1272625.38872395,262052.74009639,3.0,6299529.642005817
10307.0,1272359.27998768,238662.463080436,4.0,161172.12542629035
10308.0,1272367.92037168,239074.720808849,3.0,74265.83949619769
10313.0,1279873.12223537,204973.895301938,3.0,84777.99999999997
10314.0,1271040.17272232,267813.587526292,3.0,86817.5327812752
10317.0,1283506.21932709,255904.39020209,3.0,535674.1919427131
10318.0,1284077.97241569,255889.894202068,1.0,0.0
10320.0,1271310.37989061,225869.082523331,5.0,2035899.24727261
10322.0,1263559.42487466,238690.701864466,4.0,460455.3147594495
10330.0,1279566.14783506,257869.420412108,4.0,755687.9719258243
10332.0,1283069.88915065,253840.92319198,3.0,92558.57938136616
10336.0,1255514.58864243,248374.550962374,4.0,35368.12675353417
10337.0,1254856.19817775,248388.475442395,4.0,55119.298248807616
10338.0,1274877.43999025,230812.399712399,4.0,156032.17266828145
10339.0,1281711.90566126,206579.257543579,4.0,2463065.34376117
10341.0,1262117.1498652,254342.018360496,4.0,1710511.245552007
10346.0,1273545.00894889,223998.186329424,3.0,50124.957034258754
10347.0,1268421.61892764,244901.790510818,3.0,28162.157659527868
10352.0,1258239.82659721,250176.259636223,4.0,2555757.429498034
10353.0,1258245.05757323,250424.53899647304,3.0,417722.67992001865
10354.0,1272818.21675615,230443.180640012,4.0,640663.3055534221
10363.0,1256899.44310784,249673.926323712,4.0,296573.4797196214
10367.0,1272772.2175241,212344.355597481,3.0,162102.85967970922
10368.0,1272575.0407559,226262.022363737,4.0,728475.597663865
10369.0,1266948.23339014,236492.394278213,4.0,101463.60124581865
10370.0,1281582.53778912,197282.097662061,4.0,337107.53941103216
10371.0,1274100.53342946,230831.454816416,4.0,206785.7571466753
10380.0,1270070.94110534,246201.116656154,4.0,604264.7748228179
10381.0,1270077.56542534,246470.14500843,4.0,10158307.096172355
10383.0,1262734.98231383,246346.732848302,4.0,524343.0679263878
10385.0,1284077.68998368,190942.473207563,1.0,0.0
10391.0,1269180.10360043,246966.692208931,3.0,524564.9045097796
10392.0,1281012.76498854,248585.65125060096,3.0,6055.067487021242
10398.0,1256982.44163594,256046.636986241,3.0,232658.0095820889
10400.0,1278598.58316207,222625.892824009,4.0,667970.8543892974
10407.0,1264774.79121192,234810.988836497,4.0,646666.5688895461
10409.0,1283575.59974316,199251.621312082,3.0,1070765.1226079585
10410.0,1267962.76843117,230137.883999705,4.0,1735711.8436993428
10411.0,1268283.9938395,230129.839391693,4.0,360675.0675549882
10413.0,1263565.21489067,252711.263734818,4.0,1629650.998410094
10414.0,1283598.69651119,236488.174118206,4.0,278286.3835478717
10421.0,1258697.75939769,259622.0920939,3.0,55089.491976637895
10422.0,1258294.57226127,259619.667261899,4.0,58908.07471031099
10423.0,1276271.48773569,259624.928061903,4.0,95678.6273890743
10424.0,1276750.05893618,259609.883773878,1.0,0.0
10425.0,1276162.86130357,217375.700242639,4.0,193234.92463533583
10427.0,1264720.98948386,240738.68529056,4.0,1900809.855090168
10429.0,1284149.12876776,193420.849530101,5.0,108073.09847146344
10430.0,1284403.42944001,193062.934201732,3.0,2790.902498125135
10431.0,1272238.33829156,228902.77065444,5.0,1308125.1770341443
10438.0,1273960.91915733,203854.235140786,3.0,13827.296268558111
10439.0,1274064.45669343,203878.96832481,3.0,16236.777768208209
10440.0,1283043.99225461,232641.98793827,3.0,81747.4763235355
10441.0,1275300.93618269,252119.616950214,3.0,750.9026376228541
10442.0,1254254.44419314,252317.770102412,4.0,45107.39104098128
10450.0,1262138.29520921,246359.414896309,4.0,757341.93398698
10451.0,1286048.5495697,244555.770862475,4.0,104449.05335351598
10452.0,1286104.16851376,244629.055150539,3.0,31057.513951670408
10453.0,1258189.83587717,247766.170609757,5.0,84234.77065192274
10466.0,1272027.28030734,243975.878957868,4.0,97896.5264853158
10467.0,1267318.98167852,264171.76345855,4.0,640846.4129409968
10473.0,1280654.98060417,218739.101012036,4.0,52039.26070091175
10474.0,1280631.96492416,218413.402835697,4.0,306080.8932727532
10479.0,1263706.98660281,245022.124590948,3.0,43072.488650977866
10480.0,1278875.76300235,223275.284568682,4.0,1094837.6182598933
10483.0,1268929.62705617,208984.247178048,3.0,421933.4466786818
10484.0,1268591.66155182,208757.335561812,4.0,5132173.176206014
10485.0,1262089.71882516,233983.848739639,3.0,313553.5809615957
10486.0,1261777.41764085,233989.799843654,4.0,981109.0706517496
10488.0,1277528.97375298,255275.659193441,4.0,2236059.260489808
10489.0,1278448.82034591,252610.72715871,4.0,473414.62243364734
10492.0,1272585.21982791,257412.270395637,3.0,1310859.7035781636
10495.0,1270039.10974531,216629.62491387097,3.0,58247.49054025123
10496.0,1270269.18443353,216626.230929866,3.0,87270.33541781742
10497.0,1256888.18070784,249142.16689916,4.0,733974.2980718149
10501.0,1279502.83692299,219110.623572409,4.0,1052593.0950055209
10504.0,1281746.28025329,246579.971888542,4.0,205992.2495076665
10510.0,1284993.37779261,203842.173124775,4.0,500967.22204690153
10511.0,1285398.80838503,243218.306349099,3.0,134396.1909030729
10512.0,1276212.14994362,212887.196430042,4.0,227335.57192537963
10514.0,1276808.13759224,214890.001424089,4.0,68051.04183719693
10515.0,1261447.48292051,233996.231907651,4.0,114760.08689735938
10516.0,1261450.13648851,234122.783523783,3.0,4849.273016527832
10519.0,1286125.57664178,243589.405677482,3.0,12008.39576329276
10520.0,1276715.88741614,251981.190390065,4.0,259867.2585094045
10521.0,1276719.23423214,252643.61951075503,3.0,88032.02427399272
10525.0,1273940.0091413,246097.733680055,4.0,1194880.2281001792
10526.0,1262141.97463322,234419.470564082,4.0,187433.9820854129
10536.0,1272564.08568388,255416.918777585,4.0,180407.2035001173
10537.0,1272893.96856423,255406.725881577,4.0,90972.968325723
10538.0,1269208.36830445,206953.177415967,4.0,108188.14611525464
10539.0,1269527.31128077,206947.111815959,3.0,298012.6065646408
10540.0,1262203.59722528,251006.566709071,4.0,643585.3646355228
10541.0,1262210.55127329,251651.098229736,3.0,498115.45566640166
10542.0,1277130.89055257,203345.558660269,3.0,486712.82027528994
10547.0,1273827.77643718,242289.019180149,3.0,78117.06791852518
10552.0,1283884.95020749,203860.11635679,4.0,184742.25812244831
10553.0,1284316.42572792,203853.032388791,3.0,140121.21674480365
10554.0,1277573.89816903,230132.074335694,3.0,291197.128098906
10555.0,1270008.95659328,215109.685712323,4.0,251516.8388477315
10556.0,1268016.98948723,251812.296373904,3.0,400698.3576175101
10557.0,1275509.4961189,254001.74079214,4.0,583522.5454043235
10558.0,1275527.18904692,254667.069176823,3.0,184669.46686837825
10563.0,1268334.09611155,232089.149793699,4.0,7591193.339634402
10564.0,1268656.10436788,232081.019553691,3.0,2906391.09751104
10565.0,1285165.24064079,193246.895801932,3.0,132160.99034370764
10566.0,1271168.95563446,232928.262626559,4.0,301357.083777398
10567.0,1270923.04664221,256676.489722878,3.0,202339.71290749536
10570.0,1263413.89828251,265597.416132018,3.0,75739.10775644425
10571.0,1277612.39679305,214130.25134331,4.0,83305.82036824532
10572.0,1277885.99794534,256260.422970459,3.0,999203.7056620148
10575.0,1268203.63051142,252482.685750589,3.0,17016.444345435102
10576.0,1254233.07120112,251327.704501405,4.0,596668.2391188884
10577.0,1264469.5169076,250310.615988359,4.0,92514.45733804617
10582.0,1285884.15910552,205427.201798394,4.0,1443.6131250317055
10585.0,1274291.64062966,249150.97297917295,3.0,359418.0058961367
10586.0,1275172.40101457,216426.517393664,4.0,42113.04551310924
10587.0,1280620.72473215,205289.343174264,4.0,731499.1900624032
10588.0,1284418.84153603,194220.758650929,4.0,2390620.0518024573
10589.0,1257442.69104441,258007.470652238,1.0,0.0
10592.0,1276387.4576558,212883.729870036,4.0,143791.4060071039
10593.0,1265718.70468488,235278.585700974,4.0,68995.52551208065
10597.0,1282548.74847811,253191.760503307,4.0,458718.1441029261
10599.0,1268044.51761526,245178.839471102,4.0,177649.23542879295
10602.0,1276036.22149545,215162.625872374,4.0,59201.16250683739
10603.0,1276029.38616744,214909.228432104,3.0,41077.66296640841
10604.0,1275435.56095083,213281.77076643697,3.0,31008.024937813705
10610.0,1264563.28215569,239295.74660107505,3.0,80441.56771799785
10611.0,1264574.38282771,239690.584361494,3.0,121440.78236650502
10615.0,1280112.45311561,221984.208407357,4.0,62948.57681065887
10619.0,1280363.40933987,205965.997318953,4.0,258944.24285933815
10624.0,1274741.59775011,211710.00455683505,3.0,3722131.595676514
10625.0,1282910.41241449,229978.413855538,5.0,2081630.5389155908
10628.0,1266168.73662134,244060.580909967,4.0,120630.38273061856
10631.0,1272232.58833955,232270.672417894,4.0,208452.4178342358
10632.0,1272219.52734753,232584.205538213,3.0,652646.211765766
10638.0,1266473.65822165,241782.644523636,1.0,0.0
10639.0,1269298.08798455,242591.631724462,1.0,0.0
10643.0,1280965.99833249,224145.245721564,4.0,261134.9728534456
10645.0,1258908.0241019,251546.218805626,3.0,44140.81240839694
10650.0,1279569.89125906,258863.574269116,3.0,2005339.68559815
10651.0,1274821.66322219,249136.940147161,4.0,1055566.808610859
10652.0,1275241.79557464,249128.648819149,4.0,1235595.4808795168
10655.0,1265572.76996472,243631.016493514,4.0,763195.8802907284
10656.0,1280337.09605984,229632.536927193,4.0,155765.72894634932
10663.0,1266601.86302179,256255.264186442,4.0,90322.81022511989
10664.0,1264974.99063613,258271.768380508,4.0,144867.69253426496
10665.0,1278215.42021768,207195.395144209,3.0,31249.34015044319
10668.0,1273948.84606931,203360.401156291,3.0,27352.59406272909
10672.0,1274130.3059735,248215.536178216,3.0,123459.66753662778
10673.0,1274803.47621419,248195.333490193,3.0,28477.53672132164
10675.0,1270054.45163332,217404.566290662,4.0,229231.77150811997
10682.0,1270754.10110603,246984.698096961,4.0,981000.1771783406
10684.0,1280283.58994779,227849.585437357,4.0,128926.88780534404
10692.0,1281008.09305254,225644.292635098,4.0,238751.4373846035
10693.0,1284223.13062383,198001.791102797,3.0,174145.47673825122
10697.0,1285226.16108885,206946.812935963,4.0,722555.1400143721
10699.0,1276758.43589619,215409.381648615,3.0,10988.132078583863
10700.0,1276837.24511227,215407.498448625,3.0,31598.208254515324
10702.0,1286501.85670616,204058.618564993,1.0,0.0
10705.0,1265076.02686022,265550.82861197,4.0,256522.95303270945
10706.0,1265085.44740424,266213.237060651,4.0,619780.2999095775
10707.0,1278630.20281009,225228.875802681,4.0,365121.092587078
10709.0,1281928.12473348,199274.771200106,4.0,412358.0286125908
10710.0,1281924.51385348,198954.88371177003,3.0,149409.9251297612
10711.0,1259155.36119016,250413.873972461,3.0,92020.21001359726
10713.0,1269741.661553,213135.524622291,4.0,224987.2211699571
10714.0,1272058.66117138,210135.76519522103,3.0,147484.3609455575
10716.0,1257666.90909263,256416.52633062,3.0,449773.92497740913
10724.0,1262736.86717783,251641.821941718,3.0,57124.26485342929
10725.0,1271482.59838678,211044.940236151,1.0,0.0
10730.0,1273540.20773289,226122.090523586,4.0,415234.0533294474
10731.0,1266462.81706963,227220.091932714,3.0,82131.26207224138
10735.0,1263270.21649037,252445.450294554,3.0,699200.237649201
10736.0,1268058.56811127,227074.571548566,4.0,704670.6245710128
10740.0,1264257.60919538,266899.002437353,3.0,18101.09698810967
10741.0,1263587.3903787,239620.868009418,4.0,382015.9442238085
10743.0,1262904.82973799,233101.648738742,3.0,101395.71124585254
10745.0,1272367.12645169,224716.54383415,4.0,684912.4141797132
10746.0,1263353.43217045,259229.460029498,4.0,6378824.363931743
10747.0,1281775.16537333,251222.585269302,4.0,68612.67124941488
10748.0,1281775.19686133,251569.609205648,1.0,0.0
10755.0,1256248.45955518,252410.475638509,3.0,38830.61764908368
10756.0,1267334.27499053,243934.424301833,4.0,406971.099435435
10757.0,1267490.3189587,243931.112301826,4.0,502590.6829046205
10760.0,1278187.66367365,232080.075681686,4.0,106224.92335711948
10761.0,1278498.67845796,232044.882465661,4.0,24952.50619308766
10764.0,1275103.1137825,217913.92910718903,3.0,185437.76135425185
10765.0,1275369.88683876,217907.066579178,3.0,60837.57573685374
10766.0,1282008.34367757,254867.342393026,1.0,0.0
10772.0,1265759.58058892,232154.150945768,5.0,1256991.8990411316
10773.0,1283160.83353475,249520.616243556,1.0,0.0
10779.0,1277077.52120851,206889.0492879,3.0,84347.44837157326
10780.0,1282605.62956618,235294.811364979,4.0,42487.21111111109
10782.0,1275142.01163852,242892.369644761,4.0,70158.96620368167
10784.0,1273565.19422892,256384.399418578,4.0,32157.71524246414
10787.0,1282576.99545415,247228.608369201,4.0,4661711.308706212
10789.0,1271813.80209912,227999.639581516,4.0,191603.62293136065
10794.0,1280131.40357964,246765.568304732,3.0,5760.925543550215
10795.0,1275889.19058329,228787.433630317,4.0,119108.78093641395
10799.0,1274823.4387742,214588.642767787,4.0,215805.77677399453
10804.0,1268731.10647996,240459.635050267,3.0,79988.33599400957
10806.0,1285012.43513663,204908.184133872,4.0,1629783.676763395
10807.0,1269531.54123278,226656.524828136,3.0,18801.292274857948
10811.0,1273152.40798849,240212.100714013,4.0,60806.36001936072
10812.0,1280612.31897213,203282.820612207,4.0,100410.39549633082
10813.0,1286009.14112166,199526.096832365,3.0,11511.41513321078
10814.0,1286242.10790589,199525.03942436,3.0,148140.61832579953
10818.0,1254871.16995378,249733.91237177,3.0,3216526.4928648663
10819.0,1254204.90947309,249753.104947791,4.0,4420465.431698752
10820.0,1270091.17361736,244477.562670395,4.0,153340.61400761106
10821.0,1272817.68325216,227117.055708617,3.0,100797.0969312316
10826.0,1277516.68735296,251971.603126064,4.0,270838.1383846628
10827.0,1275575.47301497,221145.92399050304,3.0,69380.97302290448
10830.0,1276503.49906392,227494.857501,4.0,76188.25683137761
10832.0,1258190.35786118,257819.10290804497,3.0,18224.84922197708
10834.0,1268255.30097547,226024.44207549104,3.0,12815.16840030133
10835.0,1267940.17534316,226311.38805978,3.0,24027.776313788057
10836.0,1267721.70724693,233679.092835337,3.0,104846.8718553991
10845.0,1268255.51556748,225900.589659363,1.0,0.0
10852.0,1263101.16759419,266931.61453338,4.0,775371.276079953
10853.0,1264234.21687536,250965.089397028,4.0,463291.5467058648
10859.0,1272847.22360417,200322.93152117697,3.0,34302.99447729137
10861.0,1276442.09861585,225279.036442727,4.0,782724.9419345811
10862.0,1266411.02814159,232457.863970086,4.0,98683.21488482418
10863.0,1266732.66033392,232449.88726607,4.0,182678.54901761696
10875.0,1258646.78186163,251870.24734996297,3.0,35493.54798155264
10877.0,1283537.44300713,193152.582969829,1.0,0.0
10882.0,1275896.97765531,255323.09215349,3.0,50949.14911928307
10883.0,1266221.47236539,237123.174822852,3.0,8414.181849188328
10887.0,1291096.34195887,180576.429356948,3.0,554716.8328464455
10889.0,1269969.65944123,213131.021390289,4.0,282818.9259613612
10895.0,1265629.69534078,246283.27691224203,3.0,83693.45480499903
10896.0,1265632.71569279,246402.388912365,3.0,229810.7649895509
10900.0,1266813.15691,250019.114292055,4.0,65773.53843417685
10902.0,1276996.50168842,254626.689016774,4.0,2970441.9536089944
10905.0,1282852.61497442,256187.500858381,3.0,24811.04405191536
10907.0,1280433.08108395,230481.840352058,4.0,144737.00831643678
10919.0,1270475.69784175,247526.047089517,3.0,27758.028457788987
10920.0,1279508.059323,218023.683475301,4.0,1201186.2145067698
10923.0,1285071.1912327,251156.28882122,3.0,28563.01982563036
10924.0,1280474.20735599,225363.512346819,4.0,194834.7341449577
10926.0,1271560.83576286,230882.564256474,3.0,520271.4144664699
10938.0,1277873.83621733,205448.38125442,3.0,126793.70774161528
10939.0,1265191.41834834,248966.415922984,3.0,132354.1758565522
10946.0,1276423.15768784,247686.815793678,4.0,130827.06176871258
10947.0,1266048.26538922,246013.594415963,4.0,2010862.3803979475
10952.0,1265549.54065271,252949.59627907,4.0,1545206.0730456966
10954.0,1265161.4719163,236841.44407056304,3.0,29578.70010389846
10960.0,1259716.87946273,252352.294326454,4.0,217769.21251725263
10962.0,1271957.03473927,268433.404550925,1.0,0.0
10965.0,1269493.59640074,258162.851900399,3.0,260819.3791330729
10966.0,1269501.01700875,258824.326333076,4.0,1145923.8630854278
10967.0,1274124.73285349,247955.838833943,3.0,66116.28393492753
10976.0,1284985.01427262,203380.910276309,3.0,231591.1287821164
10977.0,1285663.2648973,203374.507716298,3.0,83281.22141420984
10979.0,1266079.66135725,266186.008132622,4.0,995309.9740239969
10984.0,1268216.88734344,253170.42162329,4.0,2971594.169273172
10988.0,1262403.96759349,256216.232122406,4.0,263645.18895212456
10990.0,1265418.74404457,235285.220196977,4.0,93118.7940784863
10991.0,1274214.08568558,255106.154297277,4.0,103692.56470807148
10997.0,1258655.42160565,252369.712246463,4.0,63397.98546460447
11000.0,1276795.89778422,212100.87674923203,3.0,100120.75850179908
11007.0,1264472.9043636,245016.94545494,3.0,142776.78835808948
11008.0,1265528.30711669,241624.473899469,4.0,1474302.891860752
11009.0,1265544.2595007,242319.539116174,4.0,1275911.6193615976
11011.0,1272297.95365162,226097.990811571,4.0,822358.2920661998
11015.0,1264237.29265136,266237.942404673,3.0,187334.27118402213
11022.0,1286477.34854613,204603.211013556,3.0,236843.05095896157
11023.0,1260302.63741533,248268.409778267,4.0,137187.39353391668
11024.0,1280459.76773998,258175.383356422,1.0,0.0
11025.0,1267654.65060686,260850.825535148,4.0,198290.1752675831
11027.0,1269062.5854563,242236.4021561,3.0,37870.01213831258
11028.0,1269064.57169631,242316.576812178,3.0,38932.90451229838
11031.0,1284249.94451186,235250.063076943,4.0,46640.044047124655
11037.0,1274552.99147792,217415.050834671,3.0,61641.7571825508
11038.0,1274545.15192592,205673.935878649,1.0,0.0
11039.0,1285120.68524875,194207.296762913,3.0,1649108.0835299045
11043.0,1274883.43736626,231625.060833231,3.0,84036.03979068737
11045.0,1265752.93201292,236518.306598231,4.0,41293.82587276446
11049.0,1278772.41874625,219732.205973044,4.0,112766.4804182871
11050.0,1278766.79705024,219412.050772727,3.0,83418.56453134574
11055.0,1269514.37720077,244880.823022798,3.0,49935.08136489824
11058.0,1271816.72139512,242709.637740582,4.0,253330.5145766124
11059.0,1263918.21815504,240175.373097986,3.0,352008.4598457474
11060.0,1266780.32561396,260078.508542359,4.0,120648.75414594752
11061.0,1281540.65599708,256218.548026413,4.0,67552.62497810806
11065.0,1287606.06777929,203183.368068099,4.0,54556.49148558042
11066.0,1288027.72013173,203539.663940474,3.0,28432.274272960167
11067.0,1266888.79063807,237400.344551146,3.0,115652.25770003974
11069.0,1279485.44223498,201368.930050239,4.0,64563.89812725898
11070.0,1259380.50480638,258397.983996645,1.0,0.0
11080.0,1266089.18065326,232466.141474083,4.0,338607.3791673544
11081.0,1278167.51672962,231511.486881107,4.0,126615.6659247298
11082.0,1262159.88240923,247397.246449381,4.0,300995.9700567893
11083.0,1262165.91031325,247680.161585674,4.0,202494.5749551016
11084.0,1263905.80836302,239615.93917740896,3.0,243778.7126449872
11085.0,1274017.16446938,249395.188339427,3.0,3472661.681035658
11092.0,1262751.96848984,247128.984881103,4.0,183102.37514334984
11094.0,1282472.83852604,200592.489345446,3.0,1858311.493341659
11095.0,1264090.14199521,229810.048031375,4.0,63987.15604461108
11103.0,1265974.16183715,258908.988861173,4.0,190376.32956917043
11105.0,1270935.40984222,240398.22634621,3.0,78534.79677842694
11108.0,1269808.11780907,244875.356526792,3.0,20400.970352457047
11109.0,1269315.70961656,252952.16645506,3.0,2134675.4458823
11113.0,1276147.98501556,214906.489936113,3.0,70842.27908974017
11114.0,1280415.84786794,207961.22164098904,3.0,97597.65270353189
11115.0,1277748.6586812,248830.143218845,3.0,794521.3459965789
11117.0,1283495.45785508,249866.609331906,4.0,336291.1180972449
11118.0,1266716.62788591,266170.872644603,4.0,1230864.1589548131
11122.0,1267967.21758318,251552.218165636,3.0,302806.4044818313
11125.0,1267093.23243029,228823.361374363,4.0,209060.85290077107
11126.0,1269982.52459325,248192.996210188,3.0,23361.08281488988
11135.0,1276254.90411967,201651.108930528,1.0,0.0
11143.0,1273230.80875657,227059.110940546,4.0,395187.585582364
11144.0,1279741.05657125,247286.624625266,3.0,1336398.0204097172
11145.0,1270014.71384127,241864.921899706,4.0,390156.5705507337
11154.0,1273584.11909293,230095.033375666,4.0,254117.20527109707
11156.0,1271390.09067468,268059.211718529,3.0,196371.0262521052
11157.0,1271400.49912269,268572.41837506,1.0,0.0
11161.0,1265469.64778863,249500.154355526,4.0,79470.5729682974
11163.0,1276990.99186443,257949.076732188,1.0,0.0
11165.0,1268297.52894352,259183.756349444,4.0,113116.39446859836
11166.0,1268527.01534376,242908.458540782,3.0,16938.227175595315
11167.0,1268913.16548815,242962.531884834,3.0,22633.63186470675
11169.0,1268652.69751988,260827.566079125,4.0,1216748.7065668858
11171.0,1271112.0961144,201125.922049999,4.0,113459.18906016264
11177.0,1277932.77279338,216359.654673591,4.0,206241.9564930029
11178.0,1255504.93769842,247807.647217795,3.0,29986.039644214456
11179.0,1261662.38634473,257027.03826724,4.0,503229.5324075817
11182.0,1264431.25386757,242014.36682786,4.0,27793.4793324069
11184.0,1267400.32631861,233374.684963018,4.0,974845.7238893432
11187.0,1272086.0889474,242023.71818786897,3.0,364782.6576490002
11188.0,1272105.70206742,242701.012396574,4.0,432935.43983256223
11197.0,1272033.55691534,204401.397125348,3.0,1729895.649655127
11203.0,1259825.62755884,257221.011259437,3.0,1983121.687077712
11208.0,1276993.65029642,253962.309432104,4.0,4474761.377621369
11209.0,1280618.05484414,200923.12550579,3.0,38561.28867593224
11211.0,1271656.72696295,224651.654170081,3.0,40222.38195364577
11217.0,1265098.28599624,266875.124485329,4.0,146426.76221115692
11225.0,1264536.90653966,238357.678952128,4.0,760980.6385045781
11228.0,1274232.4878616,202699.068163604,4.0,44296.57268615286
11229.0,1274775.04978216,202707.648515612,4.0,343503.35450356954
11242.0,1280357.86540388,205696.506374672,3.0,140910.2839297977
11253.0,1271770.78443508,203487.342852414,3.0,204848.7521256965
11256.0,1282958.90579054,203044.412931964,3.0,45883.51158416108
11257.0,1262116.61642519,245322.540655255,4.0,377260.948282316
11262.0,1277992.65490545,226549.36623603097,3.0,29664.90960298602
11264.0,1260246.50531928,252359.460982457,4.0,629847.8513823779
11265.0,1261697.79543276,258848.37580511,3.0,401317.15405668976
11266.0,1261704.08343276,259181.247869447,3.0,639217.976467638
11267.0,1284142.74527974,202513.690563411,4.0,1268831.9397414934
11269.0,1281496.14655703,248576.24478659,4.0,469230.0023230868
11273.0,1268492.22244772,242249.8620601,4.0,427999.707523669
11274.0,1268782.66411202,242243.046508104,4.0,238531.60687301285
11276.0,1268276.8078555,257399.649019614,4.0,76973.2738280721
11277.0,1254902.21680181,251308.350517377,3.0,72250.5922138956
11278.0,1262584.72439367,239843.172969639,1.0,0.0
11280.0,1275466.98309486,214572.997135773,4.0,57347.34697650782
11281.0,1267284.27671848,268864.622471362,1.0,0.0
11284.0,1264057.83697118,246064.575280011,4.0,1166796.1829339657
11286.0,1278760.45157823,229674.580127224,4.0,125315.73237884077
11288.0,1273026.34622836,221201.785750553,4.0,276245.73641872924
11293.0,1276296.04575171,215156.454672366,4.0,50107.17525491477
11294.0,1283687.76819128,205541.611014515,1.0,0.0
11296.0,1266063.59902123,265524.496003941,4.0,314897.2779441931
11298.0,1271251.42168255,231307.573920906,4.0,172652.12633504035
11302.0,1266963.03294216,258554.985340804,3.0,27982.91298782837
11303.0,1256343.51120327,256327.391994521,4.0,658750.1613004146
11304.0,1256143.82000308,256331.309306532,3.0,708331.8424531124
11305.0,1264619.87620376,256307.2542665,3.0,128733.76168264708
11306.0,1264294.60945143,256316.447802514,3.0,56694.57984179672
11307.0,1263609.80701873,254847.494713008,4.0,43085.28750528549
11311.0,1274266.54258163,258690.082812935,4.0,59036.64329075871
11314.0,1282495.73279805,228133.249565646,3.0,44529.44244372465
11315.0,1284589.8559362,205579.95347856,4.0,274545.8767688894
11316.0,1284583.5200002,205187.77383016,3.0,158244.822227092
11317.0,1270560.39742583,213548.877838716,3.0,1809879.20011288
11320.0,1256818.36227576,254398.531000555,4.0,2775390.668641843
11321.0,1267675.90059088,231540.250657141,1.0,0.0
11322.0,1267682.23063889,231792.453537405,4.0,855688.0320341752
11336.0,1266053.65156522,229333.859678879,3.0,120057.7669343254
11337.0,1257356.18038832,255771.65164195,4.0,1324904.132408026
11339.0,1271263.89502656,205446.898630425,4.0,85447.76684267586
11342.0,1281272.65682881,248580.60696259103,3.0,39437.18060165009
11348.0,1259271.90429428,247742.49150572703,3.0,16971.172941805013
11349.0,1266440.18654162,234332.286052004,3.0,1941.1619244532997
11351.0,1265636.13662079,246535.720624492,3.0,205311.02689185904
11352.0,1263209.4794023,237940.86019969,3.0,77727.3412725505
11353.0,1255626.74358654,254985.891385153,4.0,4079353.199235714
11357.0,1258923.14480592,246447.63550441,3.0,57368.17316573176
11372.0,1265377.17489253,229776.693471327,4.0,263691.069470122
11373.0,1276830.82680826,215143.058000356,4.0,50533.35044876804
11375.0,1267435.36139064,237941.908071697,3.0,64557.07862597538
11384.0,1277192.69848862,207784.295176819,3.0,275110.9972137765
11385.0,1278063.64389752,208100.342793137,1.0,0.0
11386.0,1266386.41527757,265516.831299931,4.0,384727.9335355573
11391.0,1280877.1615964,247262.708657235,3.0,50480.243753843606
11392.0,1268377.5054556,240079.18890588,3.0,23139.451559396715
11395.0,1282428.30150199,245920.448239863,4.0,136612.0640696302
11409.0,1254910.18627381,251767.880757853,4.0,49416.50336840134
11412.0,1269215.50974447,244078.248493984,3.0,54352.21698301803
11417.0,1286245.2676499,204608.98195757004,3.0,270153.2252377575
11425.0,1264635.03133976,245014.118702933,3.0,567326.3291878032
11426.0,1269871.20888112,229236.128286779,3.0,24386.39535517398
11427.0,1278714.36869818,252605.716726705,4.0,421290.3744739741
11431.0,1283345.44108693,206544.193671539,4.0,1117427.4646473427
11436.0,1265000.32094014,259859.977470145,3.0,5680693.242279852
11437.0,1264345.86692347,259878.148030162,3.0,5403375.464062728
11439.0,1263831.23012295,232349.055777967,4.0,3430220.4483675966
11446.0,1281331.58617286,227383.41250889,4.0,53944.76277057875
11450.0,1276138.24914356,216402.741521642,4.0,83195.06728769279
11452.0,1275285.88799068,246057.030640006,4.0,242366.8886784861
11456.0,1274231.3540376,229663.453215212,4.0,819179.7979911861
11463.0,1274874.89573425,217407.23656266896,3.0,35764.14679375809
11465.0,1267741.43524694,269800.043528318,3.0,2449348.5559525136
11466.0,1280591.75762811,198637.958847448,3.0,336951.0446964275
11467.0,1280978.3431645,198630.39814344,3.0,250630.32414998548
11470.0,1282059.06015761,249892.541043937,3.0,75030.39458725929
11473.0,1295724.4353396,181853.771566257,3.0,469439.40212562686
11481.0,1262782.95594588,240806.692394629,3.0,23163.012826289083
11485.0,1272303.12920362,264049.277826428,4.0,1502621.9085495905
11491.0,1265305.45092446,242845.44030071804,3.0,52494.06504875768
11493.0,1268885.75313613,253420.963127553,3.0,323704.86717519053
11498.0,1283873.51321547,242445.473900303,3.0,708848.8133345874
11501.0,1273425.58987677,246905.04043287,3.0,289092.1306316983
11502.0,1255519.11485043,248640.411314651,4.0,285850.11394674133
11504.0,1270208.23640148,213560.40603072903,3.0,80656.21467445906
11505.0,1254923.75318582,252560.803702667,4.0,451407.4262603741
11506.0,1278768.62738624,230100.647199661,4.0,331486.1228006319
11510.0,1263230.42487434,243379.308333263,4.0,2790134.479336062
11513.0,1284766.84608038,194214.469626918,3.0,1740719.8961001446
11519.0,1274924.12888631,257343.304315567,4.0,515085.4169269804
11520.0,1272836.04907617,231584.248929188,4.0,161377.13819641905
11523.0,1280972.2247005,221035.848406389,4.0,85797.19908650174
11524.0,1280959.16665249,220721.120022058,4.0,97625.39562802047
11527.0,1262066.00004114,239363.015849158,3.0,70568.72374524335
11528.0,1285474.69504111,252472.292406574,3.0,239466.31945193777
11536.0,1277893.82994534,232109.824609727,4.0,371043.34986716433
11537.0,1279587.97157907,225942.893083408,4.0,350971.8141782302
11538.0,1262597.73847368,252998.888503119,4.0,2119683.4289061083
11539.0,1284938.48780856,252483.138230592,3.0,192441.81081210024
11542.0,1270335.9428336,242769.23831664,4.0,271260.43549826887
11543.0,1268637.56798387,206964.690183982,3.0,64611.35801700928
11544.0,1268889.43160012,206959.609799966,4.0,47697.59183099886
11555.0,1276115.02251953,246592.32254456,4.0,63187.88412959092
11556.0,1279422.84101892,255493.903161675,3.0,50360.94432543239
11558.0,1272246.69822757,238664.834472433,3.0,66987.05685035598
11569.0,1273775.97272512,210206.454027295,1.0,0.0
11570.0,1273898.98002125,209744.425482824,3.0,145051.8383483176
11571.0,1277885.32076134,221037.609558389,1.0,0.0
11572.0,1276250.40440767,229831.893151388,4.0,119873.11689827513
11579.0,1274857.62309423,252383.21157448,4.0,99751.82875397618
11582.0,1280398.22258791,197856.580798656,4.0,286637.4936771011
11583.0,1260652.70531969,256383.251450583,3.0,127225.20358093946
11591.0,1264836.60049197,240973.661226794,3.0,14573256.02323778
11592.0,1264410.82084355,246317.003888279,1.0,0.0
11598.0,1286457.14323412,251125.561525196,3.0,34278.381270894984
11599.0,1265047.7654202,263563.486785933,4.0,109990.91469100075
11601.0,1272354.30622767,242303.644780159,3.0,830953.754044916
11602.0,1272365.71537969,242693.377900556,4.0,392260.0878566677
11603.0,1268906.45688014,252472.022070572,3.0,2077381.5918279896
11604.0,1269094.48696034,224557.035929993,4.0,128450.91756621776
11605.0,1282013.45887756,245915.465007856,4.0,36509.294646544455
11606.0,1269359.2591206098,228504.168414026,6.0,485861.0900214927
11614.0,1275235.32408662,248797.169202805,4.0,59919.39422926385
11615.0,1278243.84498571,258901.261501163,3.0,3126489.37884023
11620.0,1278409.18552987,217017.235410273,4.0,98611.91514868342
11622.0,1275136.45554252,230807.131680384,4.0,111831.35080319578
11623.0,1264367.92490749,261599.057663918,4.0,1087741.280189418
11626.0,1270791.77688207,224850.68559429,4.0,112297.41958556834
11627.0,1278458.41349792,205575.525318548,3.0,179036.3337972439
11629.0,1272528.01752385,239071.390120849,4.0,144897.0935007774
11632.0,1274735.39634211,208117.347657159,1.0,0.0
11634.0,1280933.56537245,230464.151712045,4.0,1673620.8896135946
11635.0,1262663.17277776,256212.713402405,4.0,460675.01297542127
11638.0,1262752.91767384,265616.039108038,4.0,604787.9494070425
11639.0,1270380.93720165,246195.24395214,3.0,47267.16451651965
11640.0,1269514.04452877,226376.433179855,3.0,15061.901616572566
11643.0,1275922.45003933,252663.613878772,3.0,671574.53657823
11644.0,1270992.74366628,264085.507394463,3.0,458934.9122852319
11646.0,1265767.65604493,232474.23824209,4.0,695299.9532036367
11647.0,1280194.0812757,224529.615705967,4.0,304943.65734237
11649.0,1279689.62623519,204696.441477656,1.0,0.0
11653.0,1280127.77791564,206910.25459991404,3.0,533376.937065432
11654.0,1280121.82745163,206643.960839644,3.0,128276.17726693288
11656.0,1268841.74142408,226247.981339723,4.0,254079.877838923
11659.0,1281511.67769305,228938.11638248,4.0,229654.38480064552
11660.0,1284980.3000326,203120.845828041,3.0,79210.0579542428
11661.0,1272924.73131625,242763.789868638,4.0,263338.85389700206
11662.0,1272945.14040428,243464.22974135,3.0,71413.50320920482
11664.0,1269641.59710489,260806.194751114,4.0,2316103.0310571254
11673.0,1270842.41822612,249535.047987565,4.0,172789.45467170168
11675.0,1272659.81125198,227978.331549495,4.0,210829.16930218312
11677.0,1273890.38226125,244511.497966424,3.0,1681562.8362005707
11678.0,1273908.20869327,244770.817326695,4.0,451550.27173161134
11680.0,1264316.20522745,244095.426605999,4.0,419440.53220744064
11688.0,1283287.14854287,205221.527046189,4.0,411268.425452545
11689.0,1278602.74124207,212294.48206143096,3.0,2615497.027018768
11690.0,1268048.42212726,232736.149474367,3.0,998300.265916442
11702.0,1264686.66577183,248975.37752299,3.0,163560.6007615667
11704.0,1267392.1082066,233072.712098703,4.0,274638.35436457675
11706.0,1276705.21388014,249993.356468037,4.0,142741.93545998115
11715.0,1277458.10348091,227045.484700531,4.0,466687.2029859495
11716.0,1261264.32484032,253686.161719814,4.0,584029.5603176468
11717.0,1259122.11651812,259343.125821605,1.0,0.0
11720.0,1277551.478265,217850.85083513,3.0,349845.099333044
11721.0,1277375.01932082,214735.570319936,4.0,67652.16382118751
11722.0,1262252.65258533,238794.486120567,3.0,91116.81090845268
11723.0,1267672.63979088,245457.675567389,4.0,294195.60940111405
11729.0,1278570.74098603,246332.334896281,3.0,162973.97425801354
11737.0,1283089.52262266,196399.72543714903,3.0,106666.53304720044
11738.0,1283507.4037111,196393.935421154,3.0,199319.6752764092
11739.0,1279241.07692273,251268.652085349,4.0,170952.02772830197
11740.0,1279511.52421901,251263.868661344,3.0,101151.90782393212
11741.0,1276227.15250364,255977.850682169,4.0,2485857.939641032
11742.0,1276138.40991154,247362.295409337,4.0,86994.52314520763
11749.0,1284917.57280053,199680.39968051,4.0,76519.18771721168
11758.0,1276595.67967202,220347.387541682,4.0,184635.77235711156
11759.0,1273819.20914118,230092.932319656,3.0,100289.8502544073
11760.0,1265685.54206085,248518.779314533,3.0,10186.937903291822
11761.0,1279160.66533865,246517.91390447304,3.0,1302672.7599939555
11762.0,1279171.41273065,247105.469809085,4.0,1654423.2644479794
11773.0,1277101.49855253,213840.98484700904,3.0,49594.20764799297
11774.0,1281571.76159711,259848.804222122,3.0,54621.63330247213
11776.0,1262573.45936966,251644.702197731,3.0,397825.301535302
11778.0,1263630.99204274,255933.905914113,4.0,122006.89053810168
11789.0,1267529.15678273,264167.009858549,3.0,1304646.2206871728
11790.0,1280645.12134017,219400.982612714,4.0,113701.94718150535
11792.0,1283855.85215946,257500.236795723,1.0,0.0
11793.0,1268015.36350323,244111.198254019,3.0,18200.20297548693
11796.0,1284782.9746564,259094.401853353,3.0,134038.550984457
11797.0,1280735.91910025,259166.172733426,3.0,52388.600240579945
11798.0,1263029.58378613,247659.720049649,3.0,144454.92304995414
11800.0,1271349.72824265,210629.336395726,4.0,1084150.6554551057
11803.0,1284975.4680326,244547.63934245697,3.0,216464.5196495325
11805.0,1272181.8941955,250136.522164181,3.0,8042.580367318932
11811.0,1283227.87897481,235797.622693494,3.0,131810.48148944648
11819.0,1276143.30821556,247692.729457676,4.0,164091.91378849317
11821.0,1273215.95154056,217447.512082711,3.0,42435.0
11822.0,1273382.75333273,217443.091794699,1.0,0.0
11823.0,1274255.48587762,210756.749195859,1.0,0.0
11824.0,1274421.47832578,210754.592715859,4.0,88331.83357993602
11825.0,1275711.78507911,242874.075372741,4.0,138788.79307935733
11826.0,1258270.26390925,258549.371836796,4.0,180323.07672824716
11827.0,1257713.52387668,258559.691964805,3.0,136435.88332553385
11828.0,1268544.74564777,243244.051373124,3.0,21965.998637934037
11831.0,1285119.20787275,260338.24518263305,3.0,37254.57061666868
11832.0,1276172.68543158,218134.141971409,4.0,725122.6978820956
11834.0,1283244.79564683,243533.673517421,4.0,3198140.3061107653
11836.0,1271877.28721918,252589.404726699,3.0,150266.30969069744
11840.0,1275579.27979897,256659.901498869,4.0,110042.19620936044
11845.0,1281946.59052549,230786.036576375,3.0,2365831.986537216
11850.0,1264767.28695591,252421.255094528,3.0,23759.48378192486
11857.0,1270386.93387365,232056.078305662,4.0,367738.594214979
11858.0,1256496.55907543,250440.53995649505,3.0,224711.51682898492
11862.0,1275270.02648667,221764.531991124,4.0,572157.4100124557
11863.0,1266866.85694206,229029.233310565,4.0,75326.03338689699
11865.0,1273906.71160527,248487.18264249,1.0,0.0
11866.0,1256250.56649919,252550.029174656,3.0,53400.26771683474
11869.0,1264955.7741241,245775.568943724,4.0,252817.32777171352
11874.0,1273233.14245257,224517.642969951,4.0,807640.6548664737
11880.0,1274746.78309412,212990.70177415,3.0,2338905.074666188
11881.0,1270621.2539379,232407.309922025,3.0,65144.34745167793
11882.0,1270691.80299397,232393.25123401004,5.0,734792.0627788056
11883.0,1280281.2385878,247275.245745257,3.0,374497.6598035374
11885.0,1271223.87217851,224750.878682181,3.0,26962.84528971628
11886.0,1280124.51679564,222376.24040775,3.0,9372.772388580024
11887.0,1284142.14124775,235146.16566883,4.0,131400.73290620116
11888.0,1278803.14770629,231491.567649096,3.0,119282.9824678286
11890.0,1273458.00978081,239051.967208833,4.0,2196323.018807749
11893.0,1273407.89074075,208946.316809997,3.0,48863.39772365054
11895.0,1277915.71045737,219364.997396678,4.0,5982803.443977969
11903.0,1269469.64209671,264562.885698959,3.0,3642.54017035859
11908.0,1274109.02450147,249456.027123481,4.0,1400544.3540387996
11911.0,1281488.59442903,247909.981681898,4.0,560058.4612895105
11912.0,1271979.13182729,212117.835085258,4.0,330496.3193564439
11915.0,1282948.78310253,243540.076333433,3.0,79345.15163358985
11919.0,1275438.33522283,253341.425847471,3.0,186777.9722259367
11921.0,1273239.20050058,258389.368188635,1.0,0.0
11923.0,1270088.86622536,261118.162303433,1.0,0.0
11924.0,1259249.44432625,255741.182841927,4.0,156043.46229238182
11925.0,1259264.27338228,256405.6782666,4.0,101099.44624031642
11926.0,1275855.98725526,213272.99483043,3.0,278596.3770013861
11934.0,1262127.8804892,245854.396207795,4.0,195144.5706189309
11935.0,1272375.7960197,220909.834902257,4.0,78105.26055680211
11939.0,1276734.55506416,255299.126329467,4.0,81302.31504451158
11941.0,1282115.43500566,195589.340924323,4.0,45758.13294310134
11942.0,1282108.94687766,195285.484540015,4.0,1014650.719763664
11944.0,1277026.53868046,220591.097685933,3.0,8032.900043602212
11952.0,1281514.89030105,191806.777912453,1.0,0.0
11953.0,1283590.77785519,244056.731181964,3.0,43339.1728587565
11954.0,1284085.82873569,244046.601581946,1.0,0.0
11956.0,1275166.14904656,208400.419593439,3.0,97297.73561803876
11965.0,1262586.22967367,252335.394742429,4.0,1299359.910753881
11970.0,1282546.36921412,245918.671663865,4.0,86621.758479738
11974.0,1269993.86148925,214349.810575545,4.0,90548.821737542
11975.0,1270223.67140949,214345.167247534,3.0,45561.21329137365
11979.0,1263224.86391433,250332.98078838,3.0,572059.4590847093
11980.0,1280400.19602792,197936.141630724,1.0,0.0
11981.0,1266073.31518124,231833.070881441,4.0,1682294.793086248
11982.0,1263515.22353062,237049.556518778,4.0,423242.03949812776
11987.0,1284265.27852787,200886.701057747,3.0,42886.75994250392
11988.0,1284546.65459216,200882.88742575,1.0,0.0
11995.0,1273759.73259711,238611.638056383,3.0,185304.0572112859
11996.0,1273760.12498112,238650.967400417,3.0,20530.27112477314
12000.0,1258139.28675711,253061.985463172,4.0,148560.12819059944
12002.0,1282195.26066975,191953.562744603,3.0,690214.2808682154
12003.0,1281951.48492551,202560.847939461,3.0,3302356.244818265
12004.0,1281949.9009255,202298.8586272,3.0,62200.95823139283
12006.0,1271280.13355458,246704.969648674,3.0,1310833.1370766168
12007.0,1268574.1989598,243822.158125713,3.0,46021.25282091726
12018.0,1294422.92877828,183110.087983549,3.0,463912.96665912005
12029.0,1280803.32678032,207951.386376992,3.0,55372.63874124719
12030.0,1278330.18437779,222922.22191231,4.0,321689.69859465363
12032.0,1264143.15306726,268886.578823388,1.0,0.0
12049.0,1280761.03974028,260182.957118466,3.0,25952.177718581966
12050.0,1281567.77106911,260163.038526446,3.0,36445.78281376772
12051.0,1273246.92190859,203206.428996131,4.0,28442182.872665115
12052.0,1275663.66546306,252673.168310776,3.0,6186.172479630062
12054.0,1263225.40388232,243682.828397572,3.0,24441.0953726888
12055.0,1270778.86616206,247518.338097498,4.0,139612.87873352808
12058.0,1265703.80119686,249256.181427285,4.0,40810.71298349
12059.0,1283686.39839928,246646.027184606,3.0,84778.0
12061.0,1287242.23712292,202871.123267785,4.0,108500.67324131742
12064.0,1271170.43166646,228596.627934128,4.0,194909.89190770476
12065.0,1270855.40011413,228883.342878416,4.0,235981.40114373
12066.0,1273234.02597257,227544.440349042,4.0,390291.8395663768
12067.0,1287493.81632318,203616.712324545,4.0,142820.26721798276
12071.0,1265099.74532424,231538.747681141,4.0,4264677.135973024
12072.0,1269371.03595261,215122.431760326,3.0,184090.32111245944
12073.0,1262934.03345002,254062.616312206,3.0,8471.266830106908
12075.0,1285243.41305687,208232.311049268,4.0,102561.29571761168
12076.0,1274497.75410187,224882.842330322,3.0,20640.78667002211
12081.0,1285975.53753762,197210.895741984,3.0,158553.3770370626
12083.0,1267740.79710294,243584.363053471,3.0,73819.91899356506
12084.0,1278145.1834816,230772.57072036,3.0,34411.61574381956
12088.0,1283056.75135863,207137.094408154,3.0,37688.14773696733
12089.0,1283493.93555108,251189.41963726297,3.0,58213.612942192914
12091.0,1267628.44235083,229720.056735277,4.0,5239940.125682292
12093.0,1267737.59665495,269466.516295969,3.0,2306047.0004151245
12094.0,1268401.56939162,269452.970055968,4.0,4412731.586278939
12096.0,1266778.00439796,226933.238812417,4.0,1835183.7329063
12100.0,1260329.84080736,249598.285363629,4.0,314435.1436645412
12101.0,1259671.96419869,249612.812915653,4.0,339832.5660964886
12104.0,1270374.48868965,244863.841134787,4.0,157722.13626953406
12111.0,1262985.82365808,256739.239290938,3.0,29529.163271221987
12114.0,1279296.91903478,200669.782529533,1.0,0.0
12115.0,1279829.06233133,200659.363585517,4.0,134543.30974345308
12116.0,1275720.12498312,243099.681580976,4.0,71912.31926272373
12118.0,1261629.09968869,247407.806513384,4.0,296256.180933762
12121.0,1256760.50966771,250438.294516489,3.0,142150.3764593912
12128.0,1282021.04972558,223092.944024488,4.0,176015.2963213296
12129.0,1282401.11820596,223329.145304739,3.0,967558.1880953718
12135.0,1264940.88209209,263162.928513527,3.0,4159.011952923349
12136.0,1283441.79526302,236492.312870204,1.0,0.0
12138.0,1278163.02168962,249228.22443525505,3.0,52629.76305208503
12139.0,1278282.04306574,249226.034803256,1.0,0.0
12150.0,1280689.7872602,223793.671961203,3.0,147301.8962530746
12151.0,1281669.80012521,244560.899758473,4.0,582718.382641195
12164.0,1286101.50220975,197208.86393398,3.0,49775.595356680125
12167.0,1270981.78737827,262762.230849117,3.0,4917987.759884895
12168.0,1271639.88312294,262743.854913086,3.0,152459.24497825874
12169.0,1279477.05842696,230415.864735991,3.0,68715.09629447303
12170.0,1271291.72965059,254151.944248289,3.0,113787.06094410967
12171.0,1258380.05405337,251715.195189804,4.0,212200.19156343705
12174.0,1265335.01028448,244079.272813976,3.0,48980.96634420898
12176.0,1285238.33196887,247999.991665989,4.0,177076.30350796226
12183.0,1269174.00260842,246719.26750467703,3.0,217003.063203188
12186.0,1269740.43025699,258851.58841310404,3.0,1141901.0746976566
12187.0,1269746.70616101,259480.240381747,3.0,4746.413927435965
12194.0,1280147.79429966,213324.59969449,3.0,43076.48488891663
12197.0,1280678.4539482,223433.944024846,3.0,71584.95116304478
12206.0,1272375.9663237,269200.39411971,3.0,53516.56871608715
12207.0,1272676.680308,269238.011207744,3.0,8527.732372272574
12209.0,1270760.76907404,247248.483313233,4.0,445902.3027966172
12212.0,1271711.26981102,268713.417415202,4.0,114771.71216611918
12213.0,1264153.13764328,232340.952097967,4.0,3351237.5751610016
12223.0,1267348.20702255,244694.39723061,4.0,357086.75514303066
12228.0,1272582.8671239,252028.167990118,3.0,223025.6454606163
12232.0,1263188.99127428,232365.496353984,3.0,2569397.580191073
12235.0,1270284.45278555,217399.901970655,4.0,666967.2855818182
12237.0,1265439.0251326,232185.229665801,4.0,593729.5818091531
12240.0,1281122.62892465,258135.031100377,1.0,0.0
12241.0,1281593.58502114,258132.960572377,4.0,293177.8054368191
12243.0,1274875.19199026,254822.42124098504,3.0,357452.2667746286
12247.0,1264304.01297143,256969.221435174,4.0,153121.26768055875
12266.0,1275638.19435903,230853.619808435,3.0,13402.087224606688
12267.0,1279648.28773914,219105.152788401,3.0,728537.6540507108
12268.0,1261831.95920891,253011.188983127,4.0,345365.36083221406
12273.0,1264436.72823557,248979.487091005,3.0,90964.16156895131
12285.0,1265996.25694117,250627.90994069,1.0,0.0
12286.0,1266297.00471747,258240.487932488,4.0,456967.24144175526
12288.0,1262131.52944921,239722.895977512,3.0,183466.27587167968
12289.0,1261820.05405688,239728.03344953095,3.0,121681.68129494449
12292.0,1285992.76716964,197929.039614722,3.0,84777.99999999997
12293.0,1265464.00407661,249266.121651292,3.0,28904.96257352894
12294.0,1264522.64509965,237699.277351454,4.0,380848.6895609308
12299.0,1267929.63070314,251222.15122129,3.0,320011.31848252274
12303.0,1282487.42086205,246259.595888212,3.0,14051.713521428472
12304.0,1282793.20467037,246359.73444831403,3.0,349973.4686764001
12315.0,1275906.77029531,218141.27643542,4.0,149778.47151047725
12316.0,1265445.5716926,232482.74384211,4.0,726648.1909134488
12328.0,1281307.78969285,192240.672376901,1.0,0.0
12333.0,1257288.40925224,250433.802420482,3.0,47069.10837849438
12334.0,1278867.47436234,222910.33941631,4.0,871353.3008760455
12338.0,1273449.1649808,238639.798120409,3.0,116096.80279669758
12339.0,1264465.72330759,231967.151329577,4.0,1271175.3572982822
12340.0,1277606.28754506,213830.391055003,4.0,65761.67544821416
12341.0,1277753.70853721,213827.151183009,1.0,0.0
12342.0,1272815.28434014,270078.184712604,3.0,203771.2185297355
12343.0,1286539.8697622,196079.365500823,3.0,89217.04298533882
12354.0,1283772.04985537,246585.955440551,4.0,2118330.448278944
12357.0,1262414.0767775,233742.6881634,3.0,21154.54678719684
12360.0,1279767.68876326,218016.961043298,3.0,103189.45158666608
12361.0,1282581.59353414,234414.695012078,3.0,2496920.287981849
12362.0,1274321.97029369,221479.370518833,4.0,3693853.6674070014
12367.0,1281456.22175699,194431.992827147,4.0,330470.5193354209
12368.0,1283112.16403069,251197.003957272,4.0,68899.27134539803
12369.0,1267883.8368471,237441.997991189,3.0,66516.69132200965
12375.0,1272557.39473988,221823.982679188,4.0,17248.770522475883
12379.0,1253604.47728047,249769.92318780703,5.0,6880138.309730228
12384.0,1281783.27526133,223260.421400666,3.0,45685.84158979558
12385.0,1273383.39704473,242664.32350052905,3.0,354799.4568756524
12396.0,1287881.59641957,181357.335597754,4.0,5798743.649873907
12398.0,1269046.49099229,267794.224070266,3.0,4788789.745760977
12399.0,1271757.36254707,202831.432067737,4.0,24218911.44446509
12400.0,1271741.19953905,202041.56288293,4.0,237690.75478020223
12404.0,1277813.80485727,227907.28054142,4.0,649416.4661304364
12407.0,1273913.08427727,230092.152799651,3.0,42366.33400270568
12412.0,1278487.49151395,205573.955462545,1.0,0.0
12414.0,1282532.7871981,245810.779503748,1.0,0.0
12415.0,1276271.58712769,257304.126907527,4.0,215467.46004122667
12416.0,1281688.08025323,251903.999285996,1.0,0.0
12422.0,1282826.91391839,227787.117725298,3.0,52034.78518138344
12423.0,1282968.15737455,227783.909085289,3.0,56493.27425176442
12424.0,1274592.06622997,211391.743692502,1.0,0.0
12426.0,1272099.59288341,218139.208851412,4.0,109820.81544053416
12428.0,1273424.56005277,250091.975028142,3.0,432572.4984029791
12432.0,1284152.85382375,252498.980662599,4.0,223471.29367958245
12433.0,1284152.17798376,253158.994807273,3.0,92019.95064387275
12434.0,1276131.67698354,216142.964497373,4.0,83003.5333802651
12447.0,1270197.56977746,264768.207107171,3.0,190908.51322274265
12450.0,1273607.15154095,260034.492862314,4.0,1751883.0546158222
12451.0,1277252.46181668,230308.362975881,1.0,0.0
12454.0,1267133.05259033,235557.634341255,4.0,1187247.86467335
12455.0,1269261.28452851,241711.012139559,4.0,42289.42935485359
12459.0,1267005.51281419,242745.350892618,3.0,626332.605823077
12460.0,1267313.12964651,242738.213164613,4.0,1317018.5072669475
12461.0,1261371.84004043,258366.247484609,4.0,1387224.3026386967
12463.0,1262118.33098519,232940.699298576,4.0,1904806.569206628
12469.0,1274572.37662995,208137.65044117,1.0,0.0
12470.0,1281056.02738859,198162.208126962,1.0,0.0
12471.0,1281054.14514859,198089.626942888,4.0,135780.8404843188
12472.0,1275119.2416545,252693.352374807,3.0,7085.093717570511
12478.0,1294393.38260224,179367.11351572,1.0,0.0
12479.0,1294494.71309835,179252.369003594,3.0,83965.6825228411
12480.0,1283522.39942311,257510.346299738,3.0,185708.4570260848
12484.0,1272588.70571591,200328.122113183,4.0,214911.11672168004
12486.0,1274198.91410156,225762.030875221,3.0,118244.08231327498
12488.0,1263684.7740588,259468.386685744,3.0,6428097.038381512
12490.0,1286096.44147375,196846.401405618,1.0,0.0
12493.0,1265122.29348427,229308.908958852,3.0,43629.44019517358
12494.0,1265044.49674819,229359.511198908,4.0,126925.449614511
12497.0,1276747.53631218,220342.95675768,3.0,106746.28959000712
12507.0,1274860.83992624,227090.498716578,4.0,289477.74842422624
12509.0,1285720.22508936,205703.024774686,5.0,94095.05081326888
12511.0,1256578.68784352,255786.69720996905,3.0,208138.28476164225
12512.0,1266706.84279789,245739.208431676,4.0,289785.09676519746
12522.0,1269918.61393718,210550.481611654,4.0,800099.9969275306
12523.0,1270467.88779375,210541.760139644,3.0,257338.2919604074
12527.0,1276706.37464812,247925.945201918,5.0,65035.67140464296
12528.0,1276712.26015213,248359.956786364,4.0,84702.91893996325
12529.0,1253681.20054455,251332.488629401,3.0,339022.0
12530.0,1273968.56875733,248750.059378758,1.0,0.0
12534.0,1280485.427772,217131.989074379,1.0,0.0
12536.0,1271247.81336254,213539.617998704,4.0,84737.65324053707
12538.0,1273550.9469329,255123.970873296,3.0,25607.82768606783
12546.0,1274213.23230958,227535.82159704,4.0,515046.5139456156
12550.0,1276204.93637562,255314.756857485,4.0,2609710.6587262405
12552.0,1267744.34103896,201041.329025909,1.0,0.0
12553.0,1267515.49079873,201024.251649886,3.0,232475.38897573823
12561.0,1275423.78699882,221455.258966818,4.0,2105008.193406707
12570.0,1264811.61924395,236138.253541842,4.0,199890.4370730089
12571.0,1272436.10168375,211096.727564201,3.0,194497.2822811845
12572.0,1282918.0942065,233965.784163624,4.0,22572.807122325
12574.0,1273467.81714082,239526.792745322,3.0,463926.53080596594
12575.0,1273777.81125313,239520.405289307,3.0,51871.17722925315
12578.0,1265020.74385217,242329.530860186,3.0,925.1912697360513
12579.0,1283851.00147144,252505.11915861105,3.0,57689.18972309808
12580.0,1276019.97874343,212116.165133253,3.0,560621.1001850165
12589.0,1271875.88133119,236932.874662668,4.0,104446.03627444112
12591.0,1263954.89655507,240025.98826582695,3.0,1245853.1926658007
12599.0,1273139.13278848,238646.273832411,4.0,1652446.5491242858
12604.0,1264288.83287542,255915.348218098,3.0,126779.22144105312
12613.0,1274321.08184569,207034.610632047,4.0,94395.36573922074
12615.0,1274314.03954168,206757.571527764,3.0,77743.96688677765
12616.0,1274971.76031035,206743.453447744,4.0,149699.55622300252
12617.0,1263799.84631492,231094.590752691,4.0,746577.586114823
12618.0,1265819.46270098,259170.848573431,3.0,14854.44582688843
12624.0,1283534.44467112,256133.753914326,3.0,495358.6299167634
12625.0,1283525.70483111,256411.345914602,3.0,510045.34888926806
12627.0,1271906.36421122,211481.049292594,3.0,760747.0244935718
12635.0,1274879.19915827,255350.523897529,3.0,91485.16795968282
12638.0,1268010.22276722,243919.335469812,3.0,15076.628268324905
12641.0,1280412.86559592,221972.650967345,3.0,47213.36871329021
12642.0,1280411.66450793,221955.961751327,3.0,20973.12132166211
12650.0,1269485.86283274,257500.326971725,3.0,74578.90502685109
12651.0,1282807.85292637,247570.951153561,3.0,21550.14127437477
12652.0,1269450.54334471,227338.707868844,5.0,51830.47697487736
12659.0,1274422.83691779,211073.676044181,3.0,42728.2
12664.0,1284810.80460843,249838.881331876,3.0,1689.376233103132
12670.0,1255621.15958653,255805.236537993,4.0,1624048.1033028532
12671.0,1255624.56675455,256741.660218954,3.0,175843.53293252978
12676.0,1272048.30686736,215569.373456791,3.0,46418.416003580205
12680.0,1255415.30467433,258474.560252726,4.0,3712820.660602591
12686.0,1274723.2201501,252388.005878493,1.0,0.0
12688.0,1273191.37150854,216214.56078544297,3.0,249669.0857049676
12689.0,1273474.31646882,216207.553297445,1.0,0.0
12699.0,1275189.28581458,217096.38254635,4.0,18151.489800188832
12702.0,1285133.83417676,257713.140859947,1.0,0.0
12705.0,1273356.0585487,250094.395956144,3.0,178973.97281856628
12706.0,1280768.81401229,260497.598910794,3.0,2946183.5117952027
12707.0,1281563.71858911,260482.11238277,4.0,2957679.653236649
12709.0,1267662.43537487,232745.999522373,3.0,16246.27550230336
12710.0,1281589.17260513,258477.545532718,4.0,357285.6521191718
12711.0,1272275.9464836,243943.083117843,4.0,121656.04730070944
12712.0,1279781.76121128,218503.758995786,1.0,0.0
12713.0,1279780.71564327,218436.276819721,4.0,652797.9916633496
12714.0,1266946.75147013,257167.68293938003,3.0,26015.755293515853
12718.0,1274158.07531752,214603.7188638,3.0,63268.00568904077
12719.0,1270260.46334553,253635.747127771,3.0,130258.48700581932
12720.0,1270681.73611397,254171.26540032,3.0,36891.16069931349
12725.0,1276614.50770403,219685.612245008,5.0,498497.2663550499
12728.0,1286301.89152196,195968.769276708,4.0,555989.9133198907
12729.0,1280796.00198032,226980.073692471,4.0,446973.2659013501
12731.0,1270147.03838542,248390.575858399,4.0,190407.3897397282
12732.0,1273132.03403647,246120.704048067,3.0,32243.24433040246
12736.0,1253347.59459221,249476.170163512,1.0,0.0
12737.0,1263252.89597836,251632.563125715,4.0,664240.7948404743
12738.0,1278977.42719446,253923.952568054,4.0,368142.7473337794
12741.0,1281234.88396476,230480.104096055,3.0,535666.7186999908
12743.0,1273891.14507724,227538.65724504,4.0,734131.762191977
12748.0,1277661.87436111,251962.794102058,3.0,46845.31514153576
12749.0,1284422.79264003,249848.287859887,3.0,49242.89246834801
12758.0,1256554.32669149,254401.272184551,4.0,3482384.7845747937
12759.0,1279899.6658514,215340.282064557,4.0,108600.39136520964
12762.0,1264322.99191545,258287.085884526,4.0,264479.18496692687
12771.0,1283310.45689489,255120.286137283,3.0,21449.201808416507
12773.0,1275108.7288865,218171.867283449,3.0,268227.8057812533
12777.0,1274488.72389387,224419.522393852,3.0,20202.06180118058
12782.0,1283471.94348706,197242.235582024,4.0,204238.4370312669
12784.0,1261635.0196247,247691.011633679,4.0,179065.56893718947
12786.0,1270801.44881809,232286.7005779,3.0,279177.0548154398
12805.0,1260215.42800725,245363.67051129,4.0,57344.593241148286
12806.0,1260223.17731926,245629.725743562,4.0,151146.1626010551
12807.0,1265182.62212433,237687.178919435,4.0,704661.222416321
12808.0,1280458.85695598,231380.570144981,3.0,233519.0014510829
12809.0,1264814.91453995,233052.627554685,4.0,1046139.3268077822
12810.0,1284401.39961602,193692.831226379,1.0,0.0
12811.0,1273365.83570071,268872.947271362,1.0,0.0
12812.0,1272228.81438754,227570.756957069,4.0,344309.4518077969
12813.0,1282167.86834972,244317.404206231,3.0,41443.48856987997
12819.0,1274267.73547763,204866.54118982,1.0,0.0
12825.0,1273507.6294288505,224314.24866573507,4.0,86363.86704482885
12826.0,1274961.63435835,232057.005153671,3.0,128757.46408612531
12833.0,1277867.62136932,256924.634875134,3.0,711651.1303259577
12839.0,1270239.3052655,223098.986008495,3.0,81756.48334819781
12840.0,1270583.69464186,223305.234648705,4.0,298711.0223661482
12852.0,1268938.54929617,224820.363482267,4.0,132957.62019359594
12853.0,1272377.2999557,232331.617505953,4.0,487734.3485704261
12854.0,1272471.11275579,232371.118369997,3.0,326250.61294565845
12855.0,1278261.02309772,203573.61363650896,3.0,45886.554145271824
12856.0,1278843.51737031,213214.02676637503,3.0,137888.44022378794
12857.0,1259947.22967097,250401.013748452,3.0,43636.8340126074
12860.0,1268588.76427183,244095.180909991,4.0,107887.08831426516
12861.0,1278229.14783369,257389.750779614,1.0,0.0
12864.0,1254223.8149451,250443.48843649,4.0,2099160.018904496
12868.0,1286409.92019407,196062.177532807,4.0,535226.905214519
12869.0,1268697.64036793,235119.030244812,1.0,0.0
12871.0,1281356.61535689,231094.675744683,3.0,1972339.6782345525
12872.0,1282027.32729357,231081.281376675,3.0,991716.6707212328
12874.0,1269555.01464081,246211.303664163,3.0,73735.37017890571
12878.0,1267629.17662284,241765.125547618,6.0,902147.1773858306
12879.0,1265542.3179327,228492.659614027,4.0,20407183.87066365
12881.0,1273452.2489488,210065.990091145,1.0,0.0
12883.0,1285874.63027352,209079.967434138,4.0,230460.52959599072
12884.0,1273614.76402096,260696.717246994,3.0,66469.03168492591
12886.0,1268273.1733595,229703.638495266,4.0,797891.0950845832
12891.0,1265055.33233219,210660.024651766,4.0,430484.1201181408
12893.0,1256294.73469123,255103.671353266,3.0,38604.09322161871
12894.0,1281245.23564477,252558.066550657,4.0,62238.561941429325
12895.0,1270483.39793776,197640.940478429,3.0,39767.91398039176
12898.0,1269653.4655209,199977.413184822,3.0,1980625.5139981643
12905.0,1266014.84484518,242770.570028633,4.0,208699.8291365164
12908.0,1259937.11095096,258387.870460629,1.0,0.0
12909.0,1259947.43543097,258787.524861038,4.0,887194.0799341501
12910.0,1276371.45272779,222074.546455443,4.0,477948.9120301169
12912.0,1276216.04395963,255646.288697824,4.0,2502614.861376782
12913.0,1262882.37706597,251637.319349721,4.0,1042086.2796812624
12914.0,1272363.36331569,237763.719463512,1.0,0.0
12915.0,1272500.31973182,237760.977383509,4.0,83796.3718839899
12917.0,1278904.45196238,219407.234836712,3.0,255521.78002237112
12918.0,1261343.51005641,257694.998523921,4.0,2128930.4251187327
12919.0,1264913.33655606,246785.273584753,3.0,122363.82007300056
12924.0,1260905.66576795,235772.556453481,4.0,335772.3114243888
12926.0,1265665.12964483,260634.566462934,3.0,1344168.2314033825
12927.0,1266327.26026951,260618.58879891,4.0,1379956.5979173451
12928.0,1274901.75755829,256346.824378535,4.0,68614.4300285376
12930.0,1264485.13988362,269373.950535879,3.0,1655248.760766697
12935.0,1282817.11967839,195270.156476006,4.0,1131528.8212492303
12939.0,1285149.25606477,192651.793657318,3.0,200056.5530861556
12941.0,1281198.12812473,230035.682143599,3.0,84778.0
12946.0,1277977.62834543,225978.162651449,4.0,294098.10938738706
12948.0,1282411.47673397,227338.929948837,3.0,45688.428765273056
12953.0,1282139.81817369,243557.57367745004,3.0,357568.1445356772
12954.0,1282144.8440937,243693.723693579,1.0,0.0
12963.0,1279411.2298189,198520.560767323,3.0,161433.83727469834
12964.0,1284548.71692815,247475.758769453,3.0,2078452.819750164
12969.0,1282546.88627011,224972.501274422,4.0,67493.04794946127
12971.0,1281418.56959696,243845.860525742,1.0,0.0
12977.0,1278370.60063383,215470.556368679,3.0,45732.98634471215
12980.0,1282710.64543828,224724.883994162,4.0,1235835.238005787
12986.0,1258307.28810129,257385.206139609,3.0,66149.87407169075
12988.0,1259677.3913347,249878.807475924,4.0,937927.4342938452
12994.0,1276120.18687153,225287.052826732,3.0,374597.1054820615
12996.0,1273244.47640459,231576.19478517803,3.0,15215.764649678056
12997.0,1274855.42431024,217627.47368289495,3.0,71012.44200532934
13008.0,1267338.66993454,244174.201710075,3.0,96566.05169074454
13010.0,1273899.16440526,226689.432924166,3.0,47979.99074706332
13012.0,1275849.77599126,212119.543053254,3.0,589195.9319041191
13015.0,1273610.95762096,260365.609982654,3.0,126588.5542459498
13016.0,1273743.7467411,260361.722814649,1.0,0.0
13018.0,1274798.55627818,247940.835249931,3.0,2374.1555192548467
13019.0,1274056.10827741,240618.62090644205,3.0,10593.244070657074
13021.0,1274837.10379821,217919.9970112,3.0,43656.5423947055
13028.0,1266658.61194985,240940.004138768,5.0,701566.1921105518
13034.0,1282035.32793359,191953.249400601,3.0,56942.833822008666
13037.0,1282425.51481399,224088.436121508,4.0,130122.6877560978
13040.0,1274091.28210145,242422.475564286,4.0,159667.49738845066
13041.0,1282891.79007846,258435.266364679,3.0,84778.0
13042.0,1272262.50987558,243483.470509365,3.0,70375.66901318502
13046.0,1262805.39588189,244512.813614428,4.0,140304.96212880712
13049.0,1282044.0273896,248565.90161857,4.0,133794.59044262997
13051.0,1270652.56395394,265194.401475608,3.0,57026.759420900926
13057.0,1265769.90404493,237132.989094868,4.0,43947.24975310976
13058.0,1271555.45841886,247757.955697745,4.0,33159.87928796597
13059.0,1268661.98193589,261948.428352281,1.0,0.0
13060.0,1277770.72031322,221880.008791253,1.0,0.0
13068.0,1262153.14000922,256219.635322407,3.0,44589.99445529244
13072.0,1279887.35813938,218806.748884097,3.0,5461019.043708396
13074.0,1280254.84261976,249924.707315966,3.0,40412.04570371563
13075.0,1277438.49196088,219798.566421121,4.0,63090.45151508258
13076.0,1277257.7852727,219374.955732688,3.0,107400.17671928764
13079.0,1265869.36087704,244526.764014438,4.0,67103.7431220378
13083.0,1282436.313022,226436.386139914,3.0,119944.44398637472
13084.0,1262358.36695343,258833.602877095,4.0,990990.8350021824
13085.0,1265138.10910028,233047.753186688,3.0,390875.88257153775
13086.0,1273878.60338123,235179.201380864,4.0,1897340.7897517723
13087.0,1277116.72850455,204261.882629201,1.0,0.0
13088.0,1260905.84029596,246147.4284641,3.0,20505.18457819089
13089.0,1260281.82775131,246161.308976114,3.0,14211.8664336718
13097.0,1278476.00991394,207630.876872659,4.0,409552.9308127987
13099.0,1283525.57260711,257750.214907974,4.0,959904.8799091746
13100.0,1265221.40945236,239285.899817079,3.0,23314.88793002742
13105.0,1266949.84132615,257431.934395656,3.0,30154.33453470082
13107.0,1284556.14342417,249844.902003884,3.0,14024.61580900742
13114.0,1275174.87839057,226163.725595638,4.0,318210.8970805732
13115.0,1271678.85515498,252620.93387872,3.0,100725.1612757852
13118.0,1270076.43480134,260134.677694425,4.0,8490470.316854227
13119.0,1272743.70936407,229563.607903123,3.0,66238.52156386476
13126.0,1286055.0764177,184061.64446452295,3.0,895713.9169424688
13128.0,1261276.35236032,254351.8369205,4.0,887306.8584996153
13129.0,1260362.7400074,258380.13855662904,3.0,867132.172676164
13130.0,1278007.16536947,223294.311768696,4.0,609079.3767265221
13132.0,1274936.42149432,260658.119550958,4.0,173829.78050446018
13140.0,1285747.45990539,243596.44369348895,3.0,58797.67303830373
13146.0,1268603.96235183,244378.098286286,4.0,167618.6915572557
13150.0,1272359.41617969,268441.07315892,4.0,1281575.1797430357
13152.0,1271658.39953896,215076.950544283,4.0,16411167.1209848
13159.0,1270422.17726569,228406.991133928,4.0,142725.37175659623
13161.0,1273315.50578065,248769.404466778,3.0,139653.00155938824
13162.0,1278805.07845828,255238.091385409,3.0,1981943.4482330307
13164.0,1264900.37431604,239683.369513482,3.0,88820.69400580188
13165.0,1272347.61662766,268028.527366504,4.0,1758282.6634403444
13166.0,1275179.35179856,227527.31542103,4.0,156462.6997833147
13167.0,1275310.2498467,227522.062493026,4.0,182800.94239601644
13168.0,1263972.2370351,242176.864556029,4.0,6268519.371071491
13169.0,1271894.67595521,251026.571573094,3.0,151750.73813749943
13170.0,1276043.59941545,220195.738837525,3.0,139915.720509017
13173.0,1266653.96727784,229318.328862861,4.0,95167.05874593584
13174.0,1266678.69393386,229743.841823295,4.0,20832606.810281742
13179.0,1254697.67587359,253106.292791218,3.0,77849.15390110003
13180.0,1284624.31910424,203847.914308786,3.0,116122.11022832528
13182.0,1276988.27071242,246006.064239949,4.0,130252.7115988236
13191.0,1274876.26053426,229657.991903216,4.0,499668.0081268016
13193.0,1284745.42451236,243772.927597672,3.0,72962.90232800152
13195.0,1260967.25162402,249052.674291074,4.0,293748.3049897248
13204.0,1279856.29157935,199291.760320112,4.0,297700.52525123616
13211.0,1273614.23845297,262535.246080875,3.0,59365.56203142076
13212.0,1273964.72952533,262528.472128868,1.0,0.0
13213.0,1265279.69079643,256288.605626479,4.0,58661.94728830509
13215.0,1273557.5446929,255718.877497897,3.0,9209.968921890686
13216.0,1265454.42602861,232834.304802462,4.0,194573.2412278452
13220.0,1273856.75666121,203350.217412278,3.0,84438.73714472498
13221.0,1283330.89555092,252515.796278626,3.0,45410.54355113757
13226.0,1276896.80440833,229093.539614633,4.0,318094.2872478237
13227.0,1273046.69790839,222119.31931948703,3.0,67190.63030512155
13230.0,1265503.63460466,250941.262709007,3.0,29580.19536850339
13234.0,1275181.72152656,254013.049528152,4.0,613575.0362258658
13238.0,1265982.39114915,259569.605629846,3.0,147435.4447436642
13239.0,1275145.10021453,214580.46830377,4.0,256783.165345416
13242.0,1281521.73542106,255690.842425868,4.0,323916.9332812141
13243.0,1261786.59837686,234426.50275608903,5.0,857280.8806708371
13244.0,1258265.01290125,258287.82246053204,3.0,49167.07355931366
13248.0,1271048.45189033,215088.928528294,4.0,236141.712008221
13249.0,1255364.40713827,256746.854714945,3.0,42549.66931574367
13251.0,1262829.91453792,261148.814463466,1.0,0.0
13253.0,1270320.71384159,207796.949064821,3.0,104301.34903527936
13266.0,1282989.27123056,227121.45929262004,3.0,128568.84047006424
13268.0,1255206.35235411,256468.32511466704,3.0,416136.6175843401
13269.0,1275840.02405524,204571.989957526,1.0,0.0
13270.0,1282992.99558257,232162.42556977304,3.0,250643.2961944664
13272.0,1280887.37810841,204435.421637386,3.0,189747.76312257457
13274.0,1262754.88714585,266281.176196709,4.0,438386.2573500968
13277.0,1261587.06103265,238411.39370417604,3.0,15594.65748417151
13278.0,1262418.9809695,233977.294627637,3.0,3676.853500613327
13279.0,1262127.3378972,233983.100067645,3.0,191861.75188343195
13285.0,1267309.8507985,226884.860956371,4.0,25120.196199863592
13286.0,1276773.6435762,213950.183119133,4.0,159615.127590548
13287.0,1263826.77047494,236373.041190088,3.0,15863.69816819179
13292.0,1265366.41310053,229351.305502892,4.0,111594.35387623808
13295.0,1271554.06801885,254142.369784281,3.0,26414.70867877559
13300.0,1275858.48754327,247370.332145348,4.0,96742.96692097906
13304.0,1257603.63267657,253070.199351192,4.0,200938.1553720481
13305.0,1279577.21113107,225576.983323038,4.0,385923.0372483044
13308.0,1271259.94129856,205187.397190154,4.0,132051.90557228084
13311.0,1260552.35447159,257048.031291261,3.0,67932.5935639517
13312.0,1260334.40509537,257052.471611261,3.0,47611.203055407495
13314.0,1267304.6585425,242277.749484137,4.0,1497276.270908366
13315.0,1267478.48823868,242273.668140128,3.0,8464.651503493034
13318.0,1262596.24637768,240319.73994612705,3.0,199052.74584504543
13330.0,1275940.70264734,227893.78153340504,3.0,79697.8862981962
13333.0,1268397.97163162,234699.65181237497,3.0,83009.1042628419
13335.0,1284309.61107191,250512.146420568,4.0,115168.3233777892
13336.0,1284308.67475192,251173.375093251,3.0,28730.261173157465
13344.0,1274044.40587741,202704.407043606,3.0,33392.51491895405
13345.0,1282514.44307008,235297.260196984,1.0,0.0
13346.0,1268613.45713584,258845.803325102,3.0,416593.5677608243
13347.0,1281511.22297305,251227.5967253,4.0,222200.217372992
13348.0,1279754.69337125,198123.367358923,3.0,42414.0
13352.0,1266217.10135739,228314.644189835,4.0,71022.30892453316
13353.0,1266433.75934161,228552.982622087,4.0,83882.16607442578
13359.0,1264133.88305126,249664.581171706,4.0,661627.3340671494
13362.0,1276998.45804043,255079.561785251,3.0,932102.7608687222
13367.0,1276809.75237624,226551.191068038,3.0,62949.1924698333
13368.0,1284154.72198376,251176.782901242,4.0,194557.2378852253
13370.0,1265343.0712765,234356.645924032,3.0,48573.75728981872
13371.0,1265673.29137284,248023.953202024,3.0,43739.98641806184
13373.0,1260281.21392731,238335.577576101,1.0,0.0
13374.0,1260114.23037514,238338.435880095,4.0,511407.83863401366
13377.0,1280684.80108421,219065.18075636,4.0,35313.09826185881
13380.0,1271571.32817887,223533.751576945,4.0,1252073.549310541
13381.0,1271848.69605115,223696.615705103,3.0,818129.33613303
13382.0,1270511.70955379,259462.38706973204,3.0,4380705.529711593
13387.0,1268616.17854385,210016.458379105,3.0,9814751.606815351
13389.0,1268190.51140741,235665.717413366,1.0,0.0
13390.0,1277894.16428135,221548.172822908,1.0,0.0
13391.0,1278024.15020148,221546.175446913,4.0,1248714.5515040744
13392.0,1270271.92331354,223832.000281245,4.0,373621.643579667
13393.0,1273932.19550928,245772.93111971,3.0,884465.0693304933
13394.0,1277406.27845685,244680.948782593,4.0,248857.888599775
13404.0,1283021.4525426,205409.897734389,4.0,663073.4835356555
13405.0,1283855.81113546,257740.201851964,3.0,1228071.5606318836
13409.0,1274255.56523763,211075.719372183,1.0,0.0
13410.0,1271556.53688286,213099.572302252,1.0,0.0
13413.0,1275180.25336657,216736.351761982,4.0,12644.401249723487
13416.0,1262075.46231315,233544.8164832,3.0,711.8891609592465
13428.0,1271695.904691,254137.192952275,3.0,3597.887982644096
13433.0,1265543.4671807,252681.587958783,4.0,1334094.8528869192
13434.0,1262897.024298,252330.254006431,3.0,1050540.7144945394
13435.0,1254865.40982577,249398.502323434,4.0,61656.14254317976
13437.0,1286155.6300178,206937.075783953,4.0,342454.8413468144
13438.0,1282201.13170975,198681.577471495,3.0,74069.0496060769
13439.0,1273504.46174885,231570.988129169,3.0,4880.716987395048
13443.0,1282230.15033379,196445.462525204,1.0,0.0
13445.0,1267188.17681438,237392.876391128,1.0,0.0
13447.0,1259174.75159018,251541.645365626,3.0,69434.12970725654
13450.0,1283626.73779121,203310.361860231,3.0,860.4882193630813
13455.0,1254846.03612974,247814.105905801,4.0,113799.81749291335
13456.0,1254150.24848104,247822.930673808,4.0,210184.9926459456
13457.0,1283055.02892663,233081.859106719,3.0,39869.56774311044
13458.0,1272777.23947611,231691.58499330297,3.0,5091.428260651028
13459.0,1270107.11518538,228693.592286229,4.0,104701.5770002436
13460.0,1270265.39736153,228867.555870399,3.0,5742.375629495318
13467.0,1276715.53836013,248601.728306606,1.0,0.0
13473.0,1271762.54168306,210782.693707883,3.0,19755.47332232122
13477.0,1273171.73278852,242310.812396169,1.0,0.0
13478.0,1277660.93637711,251646.026037723,1.0,0.0
13482.0,1262701.01648979,244685.3880786,4.0,87441.5026195349
13487.0,1265617.97918078,256935.247099146,4.0,124493.57957648396
13490.0,1270317.69745758,202237.676355138,1.0,0.0
13496.0,1281856.6307814,222118.148439497,3.0,42442.61666666667
13497.0,1281932.69919749,222116.097239494,3.0,74780.22738396598
13502.0,1286161.52371381,207364.933192387,5.0,104434.36965434218
13503.0,1270979.23685026,262431.365696773,3.0,4986992.918249217
13506.0,1270485.44811375,222787.619160175,4.0,72367.77378974958
13509.0,1270492.15544176,223093.639256492,3.0,80268.67453212567
13514.0,1285681.95936131,204622.988485575,4.0,502497.9445700553
13523.0,1274061.75890142,207040.566984057,4.0,80992.91100055639
13526.0,1274342.20421371,207865.590600893,4.0,106218.82717453327
13531.0,1271842.86699516,218144.263635427,1.0,0.0
13536.0,1274307.01758967,206481.383431479,3.0,122271.7094517409
13537.0,1274965.01202235,206466.475975469,4.0,226176.4743010382
13541.0,1268289.85739151,258523.220924765,3.0,62525.45924617816
13551.0,1280181.82636368,219834.134293154,5.0,227585.8054079564
13552.0,1280325.77983584,219828.575573146,3.0,80146.15495194562
13553.0,1285457.49984109,199430.364416257,4.0,67426.22685205315
13554.0,1276441.25874385,249998.777012035,4.0,101967.50744532463
13558.0,1275929.34373534,218736.040980026,1.0,0.0
13564.0,1261383.97450444,259688.381693959,4.0,656857.0859389112
13574.0,1285425.44742505,199662.438400492,4.0,96348.2263029042
13580.0,1272310.08913963,262549.121664897,3.0,1837476.8578676968
13582.0,1264224.66634735,252700.538358808,4.0,2080677.361908848
13584.0,1279658.13580315,232008.937697619,4.0,29000.890987116603
13590.0,1263994.03396311,243148.146029025,3.0,71024.72963324867
13592.0,1261600.16900066,254347.7821365,4.0,1059176.8836029554
13593.0,1282516.00966208,256718.887290925,1.0,0.0
13606.0,1275182.96856657,227950.398237467,4.0,158209.13230685823
13607.0,1262352.66781743,258507.818748757,4.0,5565691.263707958
13615.0,1267328.03383853,243593.992237478,4.0,741141.9967621973
13619.0,1268617.91377585,244637.811694548,4.0,284078.8953338011
13620.0,1273526.20517288,225352.442138806,4.0,470994.9654013937
13629.0,1278067.35090552,228561.094814092,3.0,133668.98512449226
13633.0,1273894.70571725,227961.786013469,3.0,85887.53989117587
13637.0,1274375.46360575,216755.779858008,3.0,10665.237084241084
13644.0,1257719.39293268,258830.443069085,4.0,803839.3684657975
13656.0,1275376.18245476,252117.03032621703,3.0,13247.182544033063
13659.0,1273583.35627693,242795.678892672,3.0,457408.21464159817
13662.0,1265294.27972445,233126.11689876,3.0,25256.227497585693
13664.0,1284761.99833637,244552.762670472,3.0,937587.6598363124
13669.0,1282059.28454161,192961.417657629,3.0,104683.82477611557
13670.0,1272254.73790757,257422.207419649,4.0,1918502.435425385
13676.0,1276554.50520797,254637.54431279,4.0,1969222.4773706656
13677.0,1267480.86750269,243590.42730948297,3.0,256594.9482755976
13680.0,1282698.64415827,206116.964231104,1.0,0.0
13686.0,1279688.33753118,216627.466833875,4.0,88027.39874688264
13687.0,1261583.29629664,238261.348392025,3.0,15815.10878597976
13689.0,1270298.01643357,230920.089120507,4.0,340879.6025164845
13701.0,1263351.28458646,250330.707828388,3.0,62782.650926011214
13712.0,1286338.52006599,204796.438277751,3.0,31976.47234424266
13715.0,1281892.20153344,205257.394758224,1.0,0.0
13716.0,1282341.0901099,205245.891462222,3.0,49897.14764815392
13718.0,1273790.36178115,232189.67318581,4.0,177749.26112730213
13719.0,1263867.59453899,237929.418279678,3.0,78041.4434340068
13724.0,1271893.8882432,254985.489529148,1.0,0.0
13725.0,1281543.91186908,195298.71353203096,3.0,308480.8652494489
13727.0,1268163.15716739,236236.536485955,4.0,272399.717154043
13733.0,1281436.31993297,244345.541294247,1.0,0.0
13734.0,1274182.29406954,225336.064218789,4.0,1032533.1359432556
13735.0,1275792.4581672,214884.18945609,4.0,238409.60797165125
13737.0,1274263.42610162,258358.910588607,3.0,259798.43181051424
13751.0,1280988.57439652,221368.125270724,1.0,0.0
13752.0,1261280.08695233,239735.921577528,3.0,59012.31403512983
13756.0,1283509.4433911,196519.311165273,3.0,160197.61567582452
13757.0,1273209.87870856,217144.6806584,3.0,176306.4780962722
13761.0,1254928.20297784,252820.913142934,4.0,831801.3817272163
13763.0,1267991.08305521,243578.36958146104,3.0,67344.77743722445
13764.0,1278978.87276246,252227.31192632,3.0,406892.68087214895
13765.0,1289698.63802144,180468.991212845,3.0,159378.90069519225
13776.0,1274937.41330232,259664.156349942,4.0,166115.5357043079
13777.0,1280307.80741982,248599.273266613,3.0,56144.89083857938
13778.0,1269725.29412898,257493.97759571704,3.0,108976.45229867456
13779.0,1265111.07076426,267536.805574,4.0,491943.4498732996
13780.0,1278858.53932233,222620.544408008,4.0,796422.4538653414
13781.0,1255937.60285087,253738.983479872,4.0,37709.04981173718
13787.0,1273766.20466112,228815.097630352,3.0,380336.90052415896
13794.0,1254877.10531378,250079.440564126,3.0,803960.9897640418
13798.0,1280406.78885992,219076.633172378,4.0,203088.96051335536
13809.0,1269495.90315275,204279.407813221,4.0,9391296.429222152
13810.0,1269532.36177678,204282.916677222,3.0,5510554.116151498
13817.0,1266799.93681398,249489.330547526,4.0,97853.71008163146
13821.0,1268282.95351951,257928.794620156,3.0,138571.893347817
13824.0,1272246.08990756,224288.762521714,3.0,2051828.6686720687
13826.0,1273205.26059654,243456.922669336,3.0,171130.27706094115
13829.0,1277696.96357715,204111.415045053,3.0,1365310.0064382134
13830.0,1277674.40095313,203622.019076556,3.0,1439930.0968269438
13832.0,1280809.43762833,245459.161455393,4.0,138510.7938905603
13834.0,1273216.72120456,221197.518038556,1.0,0.0
13842.0,1283552.39116713,255114.537785277,4.0,529683.4313990452
13846.0,1282078.03878163,230669.48201625,3.0,3277539.8262577304
13848.0,1262544.79965763,237732.283175483,3.0,79273.6769471468
13849.0,1273832.03589319,234177.298147842,3.0,1123401.3356554385
13851.0,1264118.25252324,248985.057586998,4.0,777964.9342277878
13860.0,1272080.81400339,222140.45346351,4.0,168289.55641500338
13863.0,1257922.07562089,255761.75141795,3.0,1462366.804740351
13865.0,1266362.64503753,246266.913072214,3.0,2475967.3322773864
13873.0,1263732.84484285,244664.60657458,4.0,62487.50341519781
13876.0,1266733.00778992,234946.031524628,1.0,0.0
13881.0,1275999.92267941,243088.966060966,3.0,25314.26129726049
13882.0,1286463.14387412,195789.537980527,3.0,175083.5203359845
13883.0,1271783.83921909,247214.491889194,4.0,74410.36876132087
13885.0,1265489.48996465,250292.299060345,4.0,119242.00931762
13895.0,1273109.57573245,211409.924748525,3.0,62190.37782932309
13898.0,1254874.52988978,249929.453043967,3.0,2783176.0915063224
13901.0,1278041.6479295,227905.935389414,4.0,197754.47423025
13903.0,1265609.59863676,256279.279866472,4.0,52566.12732473689
13912.0,1284151.50444776,253815.693943948,3.0,149620.3142525752
13916.0,1272394.93317172,227568.834013075,4.0,316663.37584797194
13918.0,1271584.07979488,244834.173870757,4.0,374248.0147206516
13921.0,1267343.44030254,244434.410542339,3.0,69590.04426580152
13923.0,1262086.09648916,233912.75344356903,3.0,346646.3076878959
13929.0,1275050.77035843,215451.926160663,3.0,47562.23917880104
13931.0,1274628.363702,244077.20420597505,3.0,497004.42258858925
13932.0,1276339.76287176,244702.803054616,3.0,20584.719337433075
13937.0,1281751.5672933,191962.906872615,3.0,43244.06522106008
13942.0,1261691.39191276,258519.521788761,3.0,45281.42368147066
13946.0,1279524.24338701,216630.860817879,1.0,0.0
13951.0,1269588.97515284,247542.993201524,3.0,702147.1858484647
13960.0,1269012.95992026,201006.964609876,1.0,0.0
13961.0,1265511.90391667,251288.717365369,3.0,23969.285161621647
13962.0,1285546.60467318,198344.859647155,3.0,90347.40074295804
13963.0,1263570.79626667,234031.838179693,4.0,268032.9204383049
13965.0,1281943.7362535,201254.242306128,4.0,171609.5639673394
13967.0,1284782.3814404,252643.03749474895,3.0,42390.0
13970.0,1280861.11078039,193980.294906676,3.0,84777.99999999999
13975.0,1271634.44747494,262553.579648897,1.0,0.0
13976.0,1281823.88146937,226037.946651503,4.0,306660.2974082644
13982.0,1268313.63748753,260570.655806869,3.0,956482.674528964
13984.0,1268245.31908746,242243.599596098,4.0,354067.93924383115
13987.0,1282821.44838239,252526.22738263,4.0,384612.3095663863
13993.0,1279336.43404283,215405.916752622,3.0,30903.96073348092
13999.0,1272772.0698761,211093.846284211,4.0,97599.68157695672
14005.0,1265990.78878115,228520.579166055,4.0,85327.77223424138
14006.0,1264719.46391585,250306.113332361,4.0,121497.4239861894
14007.0,1284351.42495996,244561.494574472,3.0,1060752.1705764872
14009.0,1260972.86807202,249318.544435352,4.0,141607.42393577233
14010.0,1276282.69535169,257635.688251868,4.0,3025204.6515414026
14011.0,1282680.86470225,223926.22191333803,3.0,1005152.8262069992
14017.0,1266337.25335751,261544.873663872,4.0,459135.4331791128
14021.0,1260274.09155931,246905.228080869,4.0,433783.8060398013
14024.0,1265747.81847692,239664.81412145504,3.0,393857.9557376842
14030.0,1274160.24261352,214712.277711913,1.0,0.0
14032.0,1262760.99997786,238205.323879972,1.0,0.0
14036.0,1287713.92909141,204082.573893026,3.0,243457.2139292818
14037.0,1287513.0285472,203900.92928484097,3.0,66279.60348424074
14051.0,1262745.92458583,246850.812528819,4.0,468259.1377638148
14056.0,1269704.54449695,267432.545285895,3.0,10093241.540552163
14060.0,1269997.37131326,223104.222872496,3.0,41676.92247779699
14061.0,1269889.86795315,226373.271131843,4.0,1142064.225803419
14062.0,1254901.0675538,251234.862133309,3.0,2532.755364014836
14067.0,1260889.28426394,245349.222383276,4.0,52410.07655513835
14068.0,1272930.27166827,203265.831428185,4.0,24700073.2036904
14077.0,1275549.23979895,220840.53352618203,3.0,217957.4923776412
14083.0,1284142.58713575,188238.878260806,3.0,11444723.15007737
14084.0,1272655.43429199,227565.957405075,4.0,290437.9082371749
14086.0,1278913.0998984,220323.554581657,1.0,0.0
14087.0,1275113.7078945,213289.310094446,4.0,1097689.2089567462
14092.0,1267669.37860687,243586.028013483,3.0,99269.95963362497
14093.0,1269272.28024052,257506.419835731,1.0,0.0
14100.0,1265140.82890829,269025.901383519,3.0,294757.71698459185
14104.0,1280475.578044,217889.261523157,1.0,0.0
14110.0,1271148.25061044,210657.111307755,3.0,838474.9741381649
14117.0,1280082.12249158,205711.880710691,3.0,84777.99999999999
14118.0,1282360.94111793,206149.098311141,3.0,403793.9839029842
14120.0,1261585.75069664,245334.216495261,4.0,619691.1541631853
14121.0,1266271.03722945,255997.169530183,3.0,95578.8521740775
14125.0,1284074.65779167,243516.691245407,3.0,1506142.1102046953
14134.0,1279361.73516285,230536.112864107,3.0,72216.75437687321
14142.0,1264403.56657153,264906.236419305,4.0,973783.7932081324
14152.0,1265998.47447717,260890.849087194,3.0,393556.8244610871
14156.0,1285871.02496152,242548.357548416,1.0,0.0
14160.0,1254864.88259377,249109.910707131,4.0,1083161.0985839693
14161.0,1268938.63755217,230539.386784121,4.0,278051.7394429175
14164.0,1273755.17483711,258485.126204729,4.0,127164.0
14165.0,1284444.67283206,251170.296309248,3.0,19960.732529384943
14166.0,1263000.5812261,257660.558971882,4.0,88569.63283493761
14167.0,1267242.98020644,266158.350660592,4.0,1732284.9287611963
14179.0,1283590.98815918,252510.47474262104,3.0,42349.81073364913
14183.0,1284392.60569601,192673.735161334,4.0,42949.10940480777
14184.0,1285921.80211356,244527.367342442,3.0,146768.3866868493
14188.0,1280658.93599617,220307.681237638,4.0,28074.109318932973
14191.0,1272902.05483623,256238.683834434,1.0,0.0
14194.0,1281910.66380545,197600.676094383,1.0,0.0
14199.0,1260277.15715931,245894.88363184,4.0,72459.9089426843
14204.0,1267777.41380699,244914.698286831,3.0,29663.835071293932
14206.0,1272276.6591236,259412.171901688,4.0,17861268.734474536
14208.0,1274793.68952617,247693.422385678,4.0,26490.04602945356
14209.0,1275059.46360645,247708.222257704,4.0,378534.5175659328
14210.0,1271165.53009845,210744.884427845,3.0,939242.2844366052
14211.0,1267743.29022296,227361.435804859,4.0,242237.22896767137
14213.0,1272072.79403539,227574.944605082,4.0,378081.7757722118
14214.0,1265042.88254018,263171.659777537,3.0,18608.14747600146
14217.0,1270837.96382612,249343.863667369,3.0,54445.58303957648
14231.0,1273345.2219407,231574.150177181,3.0,24988.3604490202
14232.0,1262088.88292116,233122.686114758,4.0,513021.6791975448
14233.0,1270564.23832184,227762.233885273,4.0,321528.60994779505
14240.0,1273618.75909297,235184.212516874,4.0,1675450.720095497
14246.0,1279509.12530699,198129.208830923,1.0,0.0
14257.0,1262729.77271383,246107.215280056,4.0,637749.9095080603
14258.0,1275210.18539859,244733.13630265,4.0,232364.7039292986
14259.0,1268883.17278412,242798.558508664,4.0,325417.9428123051
14261.0,1265634.00375679,243239.746285126,1.0,0.0
14262.0,1265823.34622099,243234.945389122,3.0,84778.0
14264.0,1267531.56228673,229296.014302835,3.0,207833.5024020973
14265.0,1273230.13195658,221503.144726858,1.0,0.0
14273.0,1284310.22655992,249850.919411898,3.0,49534.76523759458
14284.0,1257517.06589249,249128.049139157,4.0,702414.4677773049
14288.0,1263774.04945089,230097.552415669,3.0,19078.62765278234
14289.0,1270632.3933939,257469.921851695,4.0,611784.0863443933
14290.0,1283656.96147124,198249.988159046,1.0,0.0
14292.0,1269508.43659276,259485.80166176,3.0,77055.08750026536
14294.0,1263147.23114625,264397.55430679,1.0,0.0
14319.0,1274388.56696576,244756.881646678,3.0,272336.6269900871
14328.0,1270052.34564932,202414.883331314,1.0,0.0
14329.0,1276785.34200822,219769.747925088,3.0,160456.63707338157
14330.0,1276794.50015222,219752.608213067,1.0,0.0
14335.0,1269976.26212923,202607.716931507,3.0,5012291.411755909
14336.0,1270475.28964975,202357.04454726,6.0,27151825.671140928
14337.0,1280312.86777182,219542.17979686,3.0,1457.684067742293
14347.0,1280492.17055601,208713.848137766,3.0,107027.03630236966
14348.0,1280556.81836407,208711.444553763,3.0,118672.78044640509
14352.0,1279177.72665066,225217.05724266203,3.0,50602.59470036267
14355.0,1273769.73029312,229241.186334789,3.0,1275266.0577526116
14363.0,1281315.61510085,226959.964828447,4.0,33753.45060882371
14369.0,1261591.30973665,245600.136879534,4.0,408567.5286497056
14373.0,1270932.80875422,257461.955643684,3.0,391416.2541049476
14380.0,1272775.75749211,247721.526321709,4.0,33281.877111089365
14390.0,1281502.56620504,255163.330361336,4.0,315020.2165973752
14406.0,1287147.84985882,204045.304964989,1.0,0.0
14409.0,1280627.33561215,205959.757190943,3.0,458052.052143494
14410.0,1277113.83020055,202810.753923714,3.0,2839334.6335610338
14411.0,1253321.94998418,249889.476083934,1.0,0.0
14413.0,1264164.95876329,242344.629292205,4.0,11825.409034089624
14426.0,1279918.59167542,218817.596948117,1.0,0.0
14428.0,1269760.78584102,246207.240304157,3.0,124591.58516920645
14439.0,1292336.10586414,180717.616045102,1.0,0.0
14440.0,1292329.75975212,180337.800556704,3.0,44761.11091617712
14449.0,1267536.04523075,236169.32701388,3.0,45977.88020239561
14450.0,1279044.13081053,214101.85735929,3.0,135961.5667816326
14461.0,1269536.2360808,224107.373081535,3.0,53474.81363379185
14463.0,1278915.07493839,200253.039553106,4.0,239433.3274443537
14484.0,1263892.47773901,238996.007720768,3.0,599990.9820682027
14485.0,1278744.76594622,213216.016910374,3.0,140494.64772387352
14486.0,1278731.1852102,212833.437965989,3.0,84778.0
14507.0,1269043.76632029,228790.847326323,4.0,243269.38684400896
14510.0,1280809.19090833,203945.390788883,3.0,96901.9617051094
14511.0,1280803.16831632,203737.581508666,1.0,0.0
14513.0,1268309.03479953,260174.39871846105,3.0,1449839.300969201
14515.0,1264300.21111542,256705.257082909,3.0,74279.62867110198
14516.0,1282819.00025439,248551.343602553,4.0,635935.8345035857
14524.0,1270707.16452999,245127.804143056,3.0,13564.56170241233
14525.0,1270909.93445019,229632.31478318604,3.0,225564.76982718008
14535.0,1272921.38616425,219785.24002111,4.0,139032.53402128775
14536.0,1264791.66813993,243134.857005015,3.0,42748.28099520077
14539.0,1272509.74917184,232387.387682006,3.0,286181.3351379067
14552.0,1271758.55813107,222147.500055522,4.0,153572.50741677466
14565.0,1256885.57539584,249019.154995039,3.0,5051.244138731122
14573.0,1271415.52529871,223796.863897204,4.0,2227338.587614585
14574.0,1257428.6585964,257387.208763614,1.0,0.0
14579.0,1263475.18231457,268697.164487183,1.0,0.0
14581.0,1280775.97279629,232686.806434318,1.0,0.0
14586.0,1290897.84000666,180423.488684803,3.0,679194.7842865783
14587.0,1275818.13298322,202883.63667579004,3.0,211918.0
14588.0,1275772.19967118,202664.387459576,1.0,0.0
14593.0,1271002.48875429,265186.830659598,4.0,136038.55134356496
14594.0,1271005.66494629,265635.31859605,1.0,0.0
14595.0,1284622.40147224,191880.31256853,4.0,731006.614176417
14597.0,1254862.65584177,248786.835570797,3.0,253310.7513639535
14603.0,1278980.86713046,253260.853495389,3.0,332251.85173555894
14610.0,1272934.66040426,205580.50599056497,3.0,192655.7658494335
14611.0,1272951.60261229,205400.106374368,4.0,408332.741228618
14613.0,1257849.43370081,258253.533820495,1.0,0.0
14614.0,1254894.7680338,250866.654900923,3.0,82035.1832250858
14615.0,1275950.51723936,255653.542969838,1.0,0.0
14628.0,1284025.22252762,256151.127610341,1.0,0.0
14644.0,1262479.29418556,232726.54288235295,3.0,2069120.2639690295
14645.0,1274832.09823021,208408.967497453,3.0,127337.17514998256
14646.0,1274995.06245437,208405.809673443,4.0,1170572.2409441927
14648.0,1293662.8443615,180618.295725003,3.0,251509.36209014736
14672.0,1267691.66500691,232105.636641726,4.0,777100.81194337
14675.0,1283612.73126321,237069.98429480204,3.0,115423.26433560815
14677.0,1254141.15958503,247509.32139349,3.0,243961.1246685982
14693.0,1273229.24248457,218116.744339392,3.0,74684.27274822879
14699.0,1258125.92426111,257352.106811568,1.0,0.0
14700.0,1281276.99442881,221023.25295037,4.0,3609300.903876476
14701.0,1260481.39690351,237505.397799253,4.0,2266.003567094149
14709.0,1257038.33821198,257775.933692008,1.0,0.0
14710.0,1265229.69092438,239674.786857471,3.0,109592.70768555716
14718.0,1282811.33651038,247884.00536187,4.0,731010.311439061
14723.0,1274909.19256629,256678.918202877,4.0,68923.44121343186
14730.0,1268229.77451146,253968.274040103,3.0,73234.40349249622
14735.0,1261054.3508241,259696.260285974,4.0,815121.7983310403
14748.0,1269462.09553671,248096.280498087,4.0,43899.71810396311
14750.0,1279960.99839546,231115.251488701,3.0,3425726.226915916
14751.0,1272530.49387586,232086.458209693,3.0,41930.42888779019
14753.0,1278963.29273044,201712.331586599,4.0,93472.14872701422
14754.0,1279103.81996259,201703.229890585,1.0,0.0
14761.0,1281576.08146912,221013.80155836,5.0,337977.345506902
14769.0,1262973.22167407,255952.461626142,3.0,40177.29693194448
14771.0,1265359.86122851,229093.298142642,3.0,30718.14271941688
14772.0,1274817.41650219,248919.059698939,3.0,30617.72319648488
14775.0,1269791.95377705,228980.193054512,4.0,106733.93680595906
14782.0,1286244.93363389,199643.058176473,3.0,159321.7188309827
14783.0,1286692.61024235,199635.54508847,1.0,0.0
14792.0,1278280.35346574,225236.550618678,3.0,120945.49425919614
14796.0,1280542.49036406,208205.915721253,3.0,125255.13621281755
14797.0,1282142.70662169,197030.995197803,3.0,222608.27049593368
14799.0,1253777.34147266,251550.544565633,1.0,0.0
14801.0,1280534.41650805,207958.39981699,3.0,89773.41751011458
14806.0,1257610.46301258,253722.200055853,4.0,337810.11418253754
14809.0,1273633.19838898,248762.446194783,1.0,0.0
14810.0,1261457.05968851,234432.967588097,4.0,192587.02389059175
14811.0,1260978.48324002,249584.353331611,4.0,216810.7395657346
14815.0,1264910.45694005,211020.621708125,3.0,185827.00725187472
14817.0,1275055.03250244,211065.95066817096,3.0,46931.10099833448
14818.0,1281297.89004484,226500.226907983,4.0,269020.8452186046
14826.0,1280217.34828372,217276.342802539,3.0,282035.7017864287
14828.0,1280197.68133971,220254.06421358895,3.0,109119.33661038174
14832.0,1284739.68569636,243502.909421384,4.0,1355317.6761594582
14833.0,1264836.36887598,237022.921446756,4.0,701876.72771452
14834.0,1282472.65612604,233538.696739182,3.0,905277.3953416396
14841.0,1281931.57682948,199948.241280794,3.0,259205.6050770436
14842.0,1272262.69585958,258087.20146831905,3.0,6170899.826529052
14845.0,1278094.46111356,216030.625489265,3.0,37701.31280101508
14852.0,1275489.31903088,203784.069892719,1.0,0.0
14857.0,1263590.2985387,266526.968068972,1.0,0.0
14863.0,1272792.12491612,248265.011826262,4.0,108818.60828186107
14866.0,1268337.58199956,225949.277915418,3.0,12294.752404178194
14867.0,1280001.02092351,247281.128241256,3.0,361993.1865982449
14868.0,1264377.48561151,240983.624426812,3.0,1340920.1731764723
14873.0,1269997.24472126,257486.76601171505,3.0,59089.47251671724
14875.0,1274945.93458232,261654.18809597203,3.0,217641.5570126738
14877.0,1258713.95594171,246057.55755201,1.0,0.0
14878.0,1272759.40190808,200325.392129183,4.0,1835034.048438904
14890.0,1260228.62384726,245895.70155184,4.0,53504.28563014553
14892.0,1280332.87365985,204383.370565325,4.0,685138.3645239866
14895.0,1281845.4798694,196446.562941208,1.0,0.0
14896.0,1287653.10048334,202636.621123537,4.0,357540.1565236622
14898.0,1271138.34149043,223632.656857044,4.0,266020.5916450204
14899.0,1271849.26885116,229187.696926728,4.0,5126833.249848221
14900.0,1282610.53407818,197921.834238708,3.0,32753.546782855632
14901.0,1273106.32606845,250103.346036151,4.0,160726.7305621049
14906.0,1262722.99152981,250340.61035639,3.0,12764.941353893228
14908.0,1272246.78315556,256757.209082961,3.0,228937.64880913103
14911.0,1267368.84375857,250005.22027604296,3.0,124298.83380282484
14913.0,1269310.95115256,212047.800781175,4.0,2813230.5006249733
14917.0,1278081.54975353,218180.984339461,1.0,0.0
14918.0,1272048.08773136,220659.090966001,3.0,114729.544035612
14921.0,1273781.67640513,217188.943058446,3.0,8218733.494232581
14922.0,1273896.87307726,216957.778450206,4.0,1231517.633586885
14923.0,1269351.1026406,253409.968375534,4.0,3597764.859851093
14927.0,1269832.1761131,223107.066712499,3.0,35196.49113710557
14930.0,1269005.6616802495,200536.450753391,5.0,11855233.47568159
14931.0,1269283.17688052,231447.012961045,4.0,4900753.708174765
14932.0,1269284.46104053,231499.31305709505,4.0,9466234.036283275
14933.0,1275144.39154252,215295.541008502,4.0,110975.56748516974
14934.0,1254839.03977774,247418.678833395,4.0,4056500.5468653934
14935.0,1254509.72380941,247394.87768137496,3.0,4088767.252771352
14936.0,1269314.39928056,212173.396301314,4.0,218271.11718333565
14938.0,1269605.86193687,231489.14409709,4.0,15040244.725472378
14939.0,1269927.45284919,231481.68969708696,3.0,15058771.36271838
14940.0,1268792.00561602,236389.4909181,4.0,7218701.643397769
14941.0,1272456.76734778,216581.628625825,1.0,0.0
14942.0,1286418.39033808,196555.845885321,3.0,258491.05820721545
14943.0,1286416.98579407,196456.353277221,3.0,276161.46648598823
14947.0,1268895.82532813,229261.119006813,4.0,68974.69253421212
14950.0,1286903.27846657,196544.969917312,1.0,0.0
14951.0,1268447.58801568,233348.198434994,1.0,0.0
14952.0,1268685.90155192,233340.999330983,4.0,6039356.848893894
14953.0,1268849.60657609,236401.45648612097,3.0,14536879.291181635
14955.0,1268931.39121617,235804.954021513,3.0,10877564.952126663
14961.0,1272176.51397149,239079.304744855,1.0,0.0
14968.0,1268530.38148776,236656.23811838,1.0,0.0
14969.0,1268367.1685596,236990.562214717,3.0,95445.11095613144
14972.0,1283491.52051108,234521.847012192,3.0,355633.04389322794
14973.0,1278920.4256584,208660.985993713,3.0,20062.31122163332
14974.0,1279143.90194663,208785.157385841,3.0,1620.178838175986
14976.0,1279262.00402674,208849.57684190603,3.0,17421.108766405123
14977.0,1279366.32569085,208584.627593637,4.0,1744317.5860374204
14978.0,1279058.23481055,208414.077705458,3.0,1654149.453353374
14981.0,1279224.3043147,208980.775754035,3.0,1944.1002300213668
14982.0,1278978.25234646,209121.058570176,3.0,13497.022050974232
14983.0,1279122.25861861,209219.420938283,3.0,940.5368075251693
14987.0,1268746.35281599,233340.966818988,3.0,11059067.161020052
14997.0,1286053.2696977,245183.41393511,1.0,0.0
14999.0,1264936.58090807,248971.137330994,3.0,43429.47184955057
15008.0,1269926.31473719,210942.723596051,4.0,790910.8341499773
15009.0,1269032.63736027,205779.068870768,4.0,623963.5901939323
15010.0,1268993.96292824,205778.408134758,4.0,9470909.051423091
15011.0,1268736.69803198,204437.366853386,1.0,0.0
15017.0,1285162.09888078,192254.353144914,3.0,46838.343440058416
15019.0,1284174.22815979,209534.990154609,1.0,0.0
15030.0,1267304.5135185,240244.353962049,4.0,10898755.920609271
15043.0,1272181.1533955,238665.49687244,1.0,0.0
15044.0,1263742.55972286,247644.908081636,3.0,49789.81879508696
15047.0,1281346.45983689,203928.610308871,3.0,252841.51531214823
15048.0,1284232.08697584,200562.257473424,3.0,317400.21410387574
15052.0,1275518.60274291,218152.432915434,1.0,0.0
15053.0,1287306.86886698,199136.197631955,1.0,0.0
15065.0,1282032.06546958,197270.718782052,4.0,501004.07554604096
15084.0,1279350.57311484,202332.627267227,1.0,0.0
15087.0,1274703.68607008,217922.816275194,1.0,0.0
15100.0,1287995.92621168,204291.28314124,3.0,221270.36068684285
15101.0,1288286.98566799,204269.029573217,3.0,286373.6119568999
15106.0,1268369.1022556,266795.43962124,3.0,215961.43211456272
15124.0,1272875.88069221,239707.161449507,3.0,57279.611099745096
15125.0,1281901.04767746,260469.718334764,3.0,479704.927345555
15127.0,1281834.34047738,258483.987772733,1.0,0.0
15128.0,1264385.36516352,263290.188417658,3.0,607666.641432951
15129.0,1263841.42993096,263169.873729527,1.0,0.0
15130.0,1285066.3848327,192653.948153317,5.0,349162.4215555303
15132.0,1282593.30777416,234855.12816453,3.0,84475.60423648644
15141.0,1283812.8414074,186033.877042547,4.0,12243726.54212929
15142.0,1285105.68492873,184755.59646523,3.0,10806218.443328226
15150.0,1269615.90852886,231891.862433493,5.0,6141914.691554613
15153.0,1266608.53002979,226746.029916227,3.0,12885266.550351938
15154.0,1268961.3205602,231450.318369046,4.0,4239602.447026561
15157.0,1269604.61329685,231439.044129044,4.0,5663560.979074311
15158.0,1279693.43788318,229649.701279208,4.0,502548.9216005374
15171.0,1266669.32881385,226813.986140296,4.0,2849879.5490161474
15175.0,1274232.52530159,202670.245379582,1.0,0.0
15181.0,1265780.92964494,217852.54837112097,3.0,84777.99999999999
15184.0,1283270.83692685,258536.287164778,1.0,0.0
15188.0,1265597.99953276,216818.466770068,3.0,63027.85705286027
15190.0,1263484.3968426,262750.371905103,1.0,0.0
15194.0,1272805.67544414,239747.621993542,1.0,0.0
15197.0,1265663.37476483,246324.34641628,3.0,375901.98319780827
15204.0,1267480.98334268,212149.914381281,5.0,1514482.1171574353
15207.0,1283294.09279887,188206.911412761,3.0,3578565.556874929
15217.0,1281577.74482912,201264.660610139,3.0,120056.46936230578
15227.0,1266074.49271725,217947.411667228,1.0,0.0
15228.0,1287592.69869128,194567.453179285,1.0,0.0
15229.0,1265601.67050876,216995.805970252,4.0,169542.0
15235.0,1283121.5127667,193751.480058447,3.0,2662805.0653598816
15243.0,1282900.48428647,196673.520509437,4.0,293865.5083483681
15244.0,1283041.48172662,196775.754557535,1.0,0.0
15246.0,1283262.98099084,189220.4021658,3.0,468836.8508322635
15247.0,1282454.58265401,189091.060917675,1.0,0.0
15248.0,1282909.91737448,197611.093758404,3.0,40435.896804054646
15250.0,1280418.22713193,206903.683783919,3.0,1301103.2591136403
15252.0,1281143.23321268,204742.54797369204,3.0,20992.91964892827
15255.0,1282870.36198245,198662.435135469,4.0,85372.45416750161
15256.0,1279171.83692266,210001.097163081,4.0,796358.4730115123
15257.0,1279375.28466687,209988.845899075,3.0,550532.9279271952
15258.0,1277342.35109678,217557.899986818,4.0,247572.1720693397
15266.0,1281097.49874863,204740.14048570403,3.0,4395.834395060724
15267.0,1280536.65900405,206606.198791608,4.0,2638816.837522864
15268.0,1279192.69317868,211910.078285038,3.0,1606610.5540195832
15269.0,1280297.61618781,207200.341640219,4.0,5407810.063485228
15270.0,1281032.16326056,204941.304133907,3.0,26162.691712029133
15271.0,1281057.60972458,205020.393861979,3.0,51591.4042067406
15272.0,1282044.6628456,201778.649410665,3.0,43837.77885485752
15275.0,1281960.66860551,202039.049794927,3.0,188458.38887169832
15276.0,1280200.8273237,207446.623944461,3.0,26660.0695326775
15279.0,1279201.90610668,212075.499533206,4.0,8044364.068049445
15280.0,1282124.87756568,201518.11712239697,3.0,125084.74899167025
15286.0,1279227.79417071,213517.789326683,3.0,600351.848079941
15289.0,1279384.03826687,209321.01850639295,3.0,40926.22302800102
15290.0,1280923.15692444,205284.141382247,5.0,869975.7580011705
15292.0,1282908.95641448,197482.338110268,3.0,79998.79755503628
15293.0,1283430.59449501,197477.633086264,3.0,41419.46733993416
15298.0,1282916.35532649,196402.722173154,3.0,372113.7814159116
15300.0,1279214.36338671,212549.17377369097,3.0,1112989.911560109
15301.0,1282406.47186996,200595.732161447,4.0,2914114.0391221466
15302.0,1282906.07385448,197252.692222029,4.0,361576.1144230038
15305.0,1279225.37618671,212893.659982041,3.0,67316.78735798373
15307.0,1281536.53791708,194625.781179339,3.0,253821.5710169036
15310.0,1280967.51609249,205285.517062262,4.0,5201646.888565582
15313.0,1282814.79449439,195912.983612657,5.0,1589134.1865650937
15314.0,1282986.25414257,195908.771708652,4.0,290254.41258758947
15319.0,1282722.61919829,196661.70226942,1.0,0.0
15320.0,1282853.99161443,196660.695037425,4.0,116865.48465957606
15322.0,1283271.77395086,194591.168059304,5.0,2871925.155762119
15323.0,1283050.32787062,195911.10143666,4.0,639348.6812926602
15326.0,1282877.64217445,196665.410301432,4.0,3595660.6796379564
15329.0,1283017.82265459,195910.647996649,4.0,3611604.292629337
15331.0,1283323.6875509005,194589.346811309,5.0,2029982.6460469973
15339.0,1279192.55570668,213194.937934354,4.0,826731.6360079168
15340.0,1279233.34009072,213149.319566309,3.0,8077.772860782728
15342.0,1278733.86373821,248309.278770313,1.0,0.0
15344.0,1270998.08158629,227029.33545252695,5.0,3458564.615628785
15345.0,1270933.59518622,227134.099356622,3.0,797558.6873121861
15354.0,1282160.86994971,201248.998850122,4.0,410748.54943815706
15355.0,1282187.51558174,201247.501826122,4.0,6493796.211993606
15359.0,1282213.50079776,201246.041858122,4.0,2016329.1116052133
15366.0,1280947.42886047,205285.283462256,4.0,15359990.54431445
15391.0,1272087.43243541,256190.01138638,3.0,2923770.558211834
15393.0,1274039.1651094,220345.059733674,4.0,13289494.871773023
15394.0,1275585.36114298,219632.918164954,3.0,12897092.491057882
15395.0,1271616.04689892,255470.20082564704,5.0,15676998.442481732
15396.0,1272543.94366787,254206.703352347,3.0,9584858.207039278
15397.0,1276301.30981572,219673.74350899496,3.0,652835.218751825
15398.0,1277558.332601,218697.206419989,4.0,1428982.131972038
15409.0,1279782.70348328,202325.25657922,1.0,0.0
15410.0,1290365.78496611,180452.108716831,3.0,821607.5485414896
15411.0,1292272.85306408,179840.364524201,5.0,7087165.890988597
15415.0,1271382.01393868,233267.366946906,1.0,0.0
15420.0,1269194.11307244,200474.755329326,3.0,1981958.5102349832
15424.0,1268598.96567982,212178.133197308,6.0,888709.2291960658
15432.0,1267313.21822251,245175.328687102,3.0,141816.50544023636
15435.0,1269509.66264077,198282.513023078,3.0,9913726.516503504
15440.0,1266719.53604591,229163.224542707,3.0,16976.08175136685
15441.0,1269868.28664114,198466.151423275,3.0,864767.2957499555
15444.0,1266521.98327771,229321.70582287,3.0,28417.023257976583
15449.0,1266627.66743781,229222.542366773,3.0,6342.779839151009
15451.0,1271811.90411513,219667.23272498,3.0,4587181.4081301885
15452.0,1271732.9295230398,217398.03777866103,4.0,13009392.045082057
15453.0,1265184.87934034,228099.949405611,4.0,28358322.482670534
15454.0,1265325.78487648,228254.286429778,4.0,20419021.602406792
15455.0,1275976.39250338,207412.001288429,4.0,949270.2963906848
15458.0,1277655.59583311,219100.983828396,3.0,10165745.416495409
15459.0,1277993.35141745,218789.157716081,5.0,14694357.883796727
15460.0,1284168.29868777,192675.178425342,4.0,47045.26490853251
15461.0,1284272.07935987,192229.36696888495,3.0,5012.046524655013
15465.0,1285007.00243263,184533.975857005,3.0,39621327.69745167
15466.0,1267987.59678321,212216.691533357,3.0,2384865.690492373
15467.0,1267671.77003089,212152.057421282,3.0,739505.2042747353
15468.0,1280981.7873885,199149.017855972,1.0,0.0
15469.0,1280985.39334051,199599.901760429,3.0,629410.5144959482
15470.0,1280983.17714851,199262.230208084,1.0,0.0
15475.0,1280796.99046032,199300.448320121,1.0,0.0
15477.0,1267536.48811074,236201.00803791,1.0,0.0
15493.0,1284655.45062427,192668.613497332,4.0,455455.4563495387
15494.0,1280786.26086031,231422.110433012,4.0,5028233.341114956
15495.0,1267639.13822284,230571.670560151,4.0,26816355.868474435
15503.0,1282565.16607814,199937.444096774,4.0,376222.9157103532
15504.0,1282893.51091047,198662.435135469,4.0,2049747.9919395328
15515.0,1273704.64805305,241221.004203051,5.0,717393.9696186112
15520.0,1283130.37100671,191937.080504581,4.0,10997344.247954112
15521.0,1283161.53299074,191901.669112548,3.0,8604125.70455307
15526.0,1282857.07001443,197251.731262028,4.0,317728.6092381953
15527.0,1282882.14444645,197251.913342029,4.0,3658549.201277848
15532.0,1272396.76485172,229174.167134717,4.0,3447774.639668514
15533.0,1276162.43083957,218573.733907863,4.0,6924745.284608722
15535.0,1275109.66162249,218192.27073946604,3.0,351062.7039880369
15536.0,1282362.81740592,200598.049409449,4.0,316653.39023846167
15537.0,1282385.76454195,200597.175041452,4.0,4147481.665242588
15538.0,1277237.36671267,229713.863199264,3.0,4009.4712055405
15541.0,1281564.7720931,191963.961336613,1.0,0.0
15547.0,1287107.65011477,203124.320900038,1.0,0.0
15550.0,1281195.14815673,219865.037077188,3.0,2071417.6006638752
15552.0,1271726.96958703,223270.89544867,4.0,938502.2304513488
15553.0,1271824.01765113,223328.584984735,1.0,0.0
15556.0,1280358.72005987,221546.899542913,3.0,18818.01634155969
15557.0,1280328.91333984,219899.520597219,3.0,43601.854117086754
15558.0,1277479.59519292,248125.873650119,4.0,464464.04180080106
15560.0,1277470.84850492,247628.208625615,4.0,147156.40757278533
15561.0,1282449.39238201,235041.029732719,1.0,0.0
15564.0,1286088.84966573,196462.265341222,1.0,0.0
15569.0,1254060.67158495,254871.492345035,4.0,12312319.567166938
15571.0,1274473.5392538498,242626.286508486,6.0,913681.1040874182
15575.0,1266238.50519741,212207.566541344,3.0,299048.8625628865
15576.0,1265513.47774068,212673.458317816,3.0,167058.65835646846
15577.0,1265503.81764466,212399.756749541,3.0,4396.232270297358
15580.0,1274715.5584541,242822.322860688,3.0,12864.991017422337
15581.0,1283788.78764738,256406.195962608,1.0,0.0
15599.0,1279146.99410664,210002.131979078,4.0,28408016.643409647
15605.0,1269664.70961691,197688.280958474,3.0,345665.7476316337
15606.0,1269651.6886249,198158.767166957,4.0,677475.3884129102
15614.0,1270817.13246611,197241.872702017,3.0,345015.6535577193
15616.0,1273601.19749296,247519.946033508,3.0,25104705.135846384
15617.0,1274528.9029659,252354.107958451,3.0,13731841.336229067
15618.0,1274038.1873814,251126.435893193,3.0,134859069.2351104
15619.0,1273446.17182879,242840.059052706,3.0,180918375.89595225
15620.0,1273409.77426076,243284.896749169,3.0,5421242.91577493
15623.0,1273401.51838875,239798.738025591,3.0,2997936.352190192
15624.0,1277284.74258472,201184.30048205,3.0,25801050.44952617
15625.0,1271680.52280298,230734.349664316,3.0,4481751.381433241
15628.0,1276264.39749567,218998.50242029096,3.0,490243.82168921054
15634.0,1271710.75768301,230180.395743743,4.0,154149649.3235999
15635.0,1269417.62347266,198541.277887344,3.0,85488.53028917169
15640.0,1277035.60760847,218418.999315709,1.0,0.0
15641.0,1279690.91756319,213534.820430696,3.0,6835.826301587278
15643.0,1277674.32248913,219368.57122068095,3.0,1834477.7567757329
15651.0,1268235.34628746,212079.117325217,3.0,1991098.9440086584
15652.0,1274858.96466224,252551.115766659,3.0,5371.1338141727
15655.0,1273681.20715703,220716.26504606,3.0,476871.2792595073
15656.0,1273598.90450095,221557.867734924,4.0,2087493.608134886
15664.0,1272883.06763622,234188.159075856,3.0,11631568.719515404
15668.0,1273529.36856487,243366.546541244,4.0,3021378.048652522
15669.0,1273268.77163661,218798.347284093,3.0,1595455.4226681176
15670.0,1273434.06194077,218040.82849931705,3.0,60025470.21979276
15671.0,1274747.32971813,252503.41899861404,3.0,13891587.537189446
15672.0,1271412.28843471,224797.240794241,3.0,147323588.25741035
15673.0,1271699.98309101,229532.444959089,3.0,150812349.3258789
15677.0,1274873.22411825,238060.87799181,4.0,6948670.36129565
15678.0,1273102.45010044,235795.768037498,3.0,7202619.185943686
15697.0,1253327.84233619,251583.182005659,3.0,31423819.718666323
15702.0,1266551.73418973,211899.744973034,4.0,1439984.516019467
15704.0,1271806.04190712,201113.66316998,4.0,857309.1599544378
15705.0,1282887.53913446,197921.340158716,4.0,3635636.355928044
15710.0,1269284.03678453,212560.094989702,3.0,10548.92820473871
15712.0,1281784.75884533,202569.436867476,4.0,10398135.546797218
15715.0,1263354.26455446,243212.8289731,4.0,73392.01221073628
15716.0,1270478.99569775,222490.41403988,4.0,117949.6406331274
15717.0,1274209.28088558,226188.035931662,4.0,444186.82713639154
15718.0,1281839.75942139,221919.756439283,4.0,117709.92393679198
15719.0,1283265.48454285,228241.63842976105,3.0,42389.99999999999
15720.0,1280639.55148415,219060.955348358,3.0,13473.94633396478
15721.0,1280630.74278015,220308.954197645,4.0,21289.32063498183
15722.0,1283555.24057515,228207.804189727,1.0,0.0
15729.0,1279229.40997872,213019.849998176,4.0,110506.62453795322
15730.0,1270629.4442099,201130.094594002,1.0,0.0
15731.0,1290430.13363819,176553.782184839,4.0,16584961.500542635
15732.0,1289516.10426125,177107.38967339703,3.0,15614795.838693377
15734.0,1272591.31070791,200403.006785259,4.0,1460039.0226369817
15735.0,1265419.10455658,227890.100445405,4.0,6272118.714240014
15737.0,1273245.11448459,205606.982598588,3.0,16237298.3589618
15738.0,1271071.26584236,208308.843977347,3.0,15753212.642656032
15745.0,1271853.70917116,201110.949633986,3.0,74397.6516004078
15746.0,1265988.47185315,211909.351565033,3.0,750931.7559238184
15751.0,1274469.13534984,198678.591615483,4.0,1551490.840337474
15752.0,1269131.36484838,212056.641293183,4.0,82347.3546111523
15753.0,1268741.56183997,211859.559692994,4.0,4557212.000397299
15759.0,1272684.58872402,200328.852737173,4.0,1226319.8914831106
15761.0,1261234.51613629,245608.322863549,4.0,110529.28688464568
15762.0,1261226.06832828,245341.966127276,4.0,61941.80031332324
15772.0,1273333.27019668,199730.03174457,3.0,1156862.7980561107
15776.0,1292039.12909584,172684.847012877,1.0,0.0
15810.0,1271888.80523519,231958.852449566,3.0,300587.6327664633
15815.0,1268717.39588796,234274.20611594603,3.0,3970520.585320882
15818.0,1268651.62993588,212042.314893171,4.0,65915.90146872702
15830.0,1273912.44882128,244948.411502868,3.0,40524.98913804904
15832.0,1267116.48043031,262189.172288522,3.0,900123.4908365868
15834.0,1273268.47570062,211997.639437124,3.0,2387079.793389692
15835.0,1273602.15774895,213459.664718628,3.0,4831258.160351687
15842.0,1273910.81067728,252608.71045471696,3.0,3003112.220261379
15843.0,1273127.92184447,234814.175844491,3.0,1687918.5858113228
15846.0,1276624.86956005,202551.36109145,3.0,6810556.165294286
15848.0,1271542.08081885,231982.968929589,3.0,12833489.782464338
15849.0,1272907.85630824,234772.604708448,3.0,10727740.48700537
15850.0,1273059.9249164,235844.819749549,4.0,4068841.2559104655
15851.0,1273746.0160531,248058.859314054,3.0,2253799.2196447817
15857.0,1271763.03544307,229535.829791084,3.0,9821323.464984214
15858.0,1270905.76126619,231675.178209275,3.0,13899378.560389508
15859.0,1272212.72126754,233177.532770813,3.0,13570485.848562146
15861.0,1271917.62731522,223858.96188128003,3.0,142862214.58947787
15862.0,1270545.26001783,231459.842657059,3.0,10916561.34398356
15863.0,1271669.54974698,230010.163167581,3.0,1229486.7584394575
15882.0,1273481.19672483,211154.549260259,3.0,4474664.152724086
15883.0,1273714.92395706,212316.719821453,3.0,606920.3732106426
15885.0,1273245.75102858,239316.762665108,3.0,5806729.878279698
15886.0,1272295.32376361,233460.752995104,4.0,170441767.3025231
15887.0,1280148.13874766,207976.526729017,3.0,175487.60654527383
15888.0,1280143.58821966,207814.10612084,1.0,0.0
15892.0,1273607.10462895,248140.42245014,4.0,21174505.888593197
15893.0,1273953.99698131,250954.597941026,3.0,11119104.345633209
15894.0,1269572.79019283,219439.98088474604,3.0,16039421.787539417
15897.0,1281508.98150104,194471.668283179,4.0,401662.03164610127
15899.0,1277558.834233,205467.457286447,4.0,93630.46757509364
15907.0,1268620.99057585,210223.94650732,5.0,22727280.84128408
15910.0,1281773.61682932,194123.94981882,3.0,233927.9100250049
15919.0,1278868.72037834,200206.240129054,3.0,132551.46180435608
15920.0,1277486.36684093,203630.26611656,1.0,0.0
15922.0,1281627.95500517,222314.759895697,3.0,921325.831447726
15937.0,1280805.78674833,197845.72748664,4.0,635231.7170660188
15938.0,1280874.1048284,197843.907902628,4.0,439165.29573704384
15944.0,1267955.50334316,229709.66307126,4.0,1490593.187974038
15949.0,1277883.80076134,204101.273349047,4.0,774464.6698352931
15950.0,1276478.2087599,217591.90158686,4.0,121258.29689343556
15954.0,1279836.39724334,199214.732608035,4.0,2216615.588408809
15963.0,1278358.56165782,201181.64825806,3.0,107722.78084647506
15964.0,1278424.59231389,201194.418946072,4.0,60994.96276696432
15965.0,1277270.6622647,207010.674696028,3.0,42538.17799558488
15968.0,1281120.18572465,195308.297852039,4.0,198753.02833115825
15969.0,1280861.84044439,198346.117183149,1.0,0.0
15970.0,1281060.62706859,198339.578495145,3.0,49771.77343512887
15971.0,1280957.41177249,197591.584254384,4.0,319440.54376970447
15974.0,1277119.67500055,208185.473161221,4.0,511757.77314154
15976.0,1277977.24152943,203590.068996519,4.0,89937.48989467337
15977.0,1277404.70168884,205036.141573995,1.0,0.0
15978.0,1277636.08671308,205029.865029991,4.0,82128.74034860951
15981.0,1280330.58361185,208716.404233769,4.0,352813.3672737032
15983.0,1271019.00184231,266577.663813025,1.0,0.0
15984.0,1271025.72721832,266970.333637416,4.0,594702.6829434927
15991.0,1271379.84101067,224487.753561914,4.0,133327.43876427977
16008.0,1255949.41449888,254409.737720564,4.0,45702.003506759895
16011.0,1255628.99293055,255114.170681283,3.0,68579.73123805512
16038.0,1264288.78961141,246446.560688406,3.0,371683.2182166297
16039.0,1264260.60394739,246448.496048406,1.0,0.0
16044.0,1274833.63461421,202627.409475535,3.0,143902.80280052812
16056.0,1265554.16074871,207156.067464173,3.0,550247.1171407573
16060.0,1279860.84831536,209520.132618591,3.0,2109.117305964321
16062.0,1279520.56946701,209683.677898765,3.0,65975.42668764977
16063.0,1279841.06489134,209592.672778666,3.0,26925.691428883903
16064.0,1280028.90674753,208767.787017822,3.0,454293.2833957915
16065.0,1279432.58277892,209343.22516241705,3.0,41029.15349015111
16066.0,1272687.12382801,268407.23559089,1.0,0.0
16075.0,1279556.60383505,218852.972884148,3.0,6032220.756430646
16096.0,1264803.68586794,243637.857965529,3.0,38238.62723105649
16155.0,1276654.06572008,203633.070852563,1.0,0.0
16161.0,1280717.20914824,205935.593158916,4.0,973364.8138646476
16163.0,1280889.59366041,205897.070278883,4.0,54989.97626800983
16173.0,1264837.69860397,215865.096913084,3.0,394301.8614105351
16174.0,1265241.33194838,212579.197005719,5.0,750710.1484619342
16176.0,1265875.56497304,211884.42612502,4.0,11400113.092107784
16180.0,1269950.82289721,212039.438221171,4.0,807714.226763023
16182.0,1266100.18455727,227275.980956778,4.0,3948876.562181639
16183.0,1266386.99735756,206170.468359157,5.0,12984398.852241872
16184.0,1267745.81380695,204327.50746128,1.0,0.0
16185.0,1265576.45335673,207753.211592779,4.0,13383621.586083252
16187.0,1269215.95755246,212173.850381315,4.0,70616.41552523412
16189.0,1263892.755243,247371.676017359,4.0,421954.8969247672
16192.0,1281997.59404555,201803.282242686,3.0,12484.219516192636
16194.0,1280079.41317959,204687.627525643,1.0,0.0
16195.0,1280775.5577563,205921.109254912,4.0,257094.2599922077
16196.0,1265580.67575674,208404.87168945404,3.0,13503588.166410286
16201.0,1267746.21111895,209803.267850876,1.0,0.0
16202.0,1270568.58577785,212146.796301275,4.0,909652.5040683864
16235.0,1268841.16664007,206361.000775352,5.0,200181.3221790918
16236.0,1268800.58763203,206364.521799356,4.0,9173738.184781598
16240.0,1269568.83384082,206333.200327322,4.0,484441.9237116855
16251.0,1278425.22488989,205402.514502376,4.0,634184.411188646
16252.0,1283652.70527925,193976.635450676,4.0,1488484.5515072658
16253.0,1280126.00857164,201677.119746566,4.0,187738.97244677253
16255.0,1281066.35442859,198628.58649544403,3.0,215669.2293649799
16257.0,1280007.09311551,201710.646594599,3.0,4369.547845097884
16262.0,1284385.59353599,192453.300281122,1.0,0.0
16266.0,1283701.71270329,193399.420410082,3.0,96577.7715532557
16277.0,1264501.18058763,228721.700190261,3.0,8050153.984286013
16288.0,1281458.09644499,218885.641108185,4.0,5386664.375183015
16289.0,1276948.77970438,206621.669575617,4.0,896406.2321678251
16290.0,1268472.6552157,212111.670733243,3.0,35073225.68818242
16305.0,1279691.76236318,230853.602080435,3.0,217289.04024643888
16307.0,1279632.64076313,230796.786912382,4.0,145368.2889480519
16309.0,1271068.62283435,225014.612762451,4.0,135055.05086759644
16313.0,1275344.23730274,248459.86117047103,3.0,647642.934473582
16314.0,1274484.86366986,248869.427570879,4.0,601281.5667127365
16315.0,1268516.53636774,242710.093804583,4.0,165539.23025232577
16319.0,1274812.35544619,248655.585522667,4.0,1582359.9716754623
16322.0,1270100.03320137,219699.196565017,4.0,14509253.18862387
16324.0,1288405.12653211,203767.726148695,3.0,374549.1226112676
16326.0,1266055.04426922,227227.76124472904,3.0,11743023.849823063
16329.0,1277057.82015249,208453.869321495,3.0,481740.3789280251
16330.0,1264787.49130793,231959.420705572,4.0,2127613.8018938582
16331.0,1259117.11063012,255742.992249921,3.0,57932.08357754483
16336.0,1272127.26833944,229180.805214718,4.0,2802780.708602109
16338.0,1260337.82077537,257212.465339422,3.0,1744921.5826899775
16340.0,1254864.93443376,248920.766386941,3.0,133670.59657535364
16344.0,1273580.51346093,229668.932511225,4.0,958915.8522901786
16346.0,1273558.8067729,227135.808988631,4.0,230366.24844441848
16351.0,1270711.71832199,223088.620568484,4.0,245710.80664016787
16352.0,1278955.13260244,249947.659379989,4.0,1540268.6964682303
16353.0,1268502.66635174,242447.536556304,3.0,87329.34827970352
16354.0,1277470.84818491,247569.510577559,4.0,95512.83540805492
16356.0,1275809.66879122,216150.706961378,4.0,157186.43662548065
16357.0,1265601.09898876,255614.235257789,4.0,199963.4407909973
16358.0,1277768.58444121,249971.551668018,3.0,81409.26273520368
16359.0,1277843.16402529,249970.011316016,3.0,48459.81100011393
16360.0,1272096.87307541,228396.70838192097,3.0,242551.95728666725
16361.0,1276199.66111161,254284.363256425,4.0,3478932.549119824
16362.0,1281963.78540552,201913.224578798,3.0,88554.05624133584
16363.0,1268295.29303952,228600.901854128,4.0,308928.1745886265
16364.0,1283793.62361538,234808.644324481,4.0,370081.5357751775
16365.0,1268316.70443153,260834.826879144,4.0,1092561.208530479
16366.0,1270227.9329135,254181.850040331,4.0,5955415.945735153
16368.0,1262855.13232994,237062.344870791,4.0,241053.14888473932
16369.0,1267038.54750223,231808.671009421,4.0,510962.1718599347
16370.0,1270427.7487857,223568.689496979,4.0,475480.39724100864
16374.0,1267720.44510293,250566.812980622,3.0,1199809.1691899516
16375.0,1265752.11044492,266193.818436623,4.0,1420677.8548248513
16379.0,1278894.73644237,214405.3931676,4.0,298501.1870383566
16380.0,1260995.18954404,250364.574516416,3.0,411992.881737338
16381.0,1273214.61458056,217380.033554643,3.0,30541.27791821127
16382.0,1273212.04536456,217252.040658504,3.0,218562.47809627207
16384.0,1260378.84202342,256648.260090858,3.0,17822.128971238075
16386.0,1269123.87998436,205505.892614484,3.0,91670.6322513496
16388.0,1265688.93182085,229343.114910886,4.0,94534.82775464286
16391.0,1279221.2783947,222017.872023389,4.0,2225931.797938517
16393.0,1277526.81887297,206022.530311003,3.0,124997.34125494827
16394.0,1277556.298169,205886.529606864,3.0,118765.36157068638
16395.0,1269168.47864041,226935.948124424,4.0,1124740.4255681995
16396.0,1270073.45585734,244869.653102785,4.0,139295.16456755335
16400.0,1275178.64344656,227444.429404944,4.0,128671.55328223744
16405.0,1283247.56825483,194228.469626933,4.0,3150270.0997264395
16406.0,1283595.85068719,194237.670394942,4.0,2543875.6936676227
16410.0,1270810.4012021,222921.95714432,3.0,67116.60000325528
16412.0,1285535.65945718,206943.365767956,4.0,671414.6126065151
16414.0,1270287.08043356,227598.171869099,5.0,809397.0619796924
16416.0,1266667.91313384,242293.089004144,5.0,342004.381983362
16417.0,1278415.60447387,215379.278352588,4.0,205937.17051417156
16420.0,1278676.44255415,200522.70374538,4.0,11469.044807416243
16421.0,1276466.05784789,254549.5090487,4.0,2054840.7410361995
16422.0,1275566.96191096,228800.357150331,4.0,129490.32410334104
16423.0,1273495.30136484,240838.658538669,3.0,96770.33974311464
16427.0,1274773.80568615,246865.526064828,3.0,25285.55492170188
16428.0,1279397.64581889,222898.616984293,4.0,1067389.9481028768
16433.0,1267319.67063852,228617.283038154,4.0,169561.55928298185
16442.0,1276198.14079161,253977.959992111,4.0,5837286.389964211
16443.0,1260372.4463754,258779.33753302705,3.0,887427.5279345923
16444.0,1274669.30360605,244748.726510659,4.0,294699.934643094
16445.0,1274930.22763832,244741.222894654,4.0,272125.92848227266
16449.0,1265180.58730833,245326.603631258,3.0,67892.62521664715
16450.0,1269612.96395287,226209.446683675,4.0,918217.9894401616
16454.0,1263295.52023439,247653.858481646,3.0,63353.83118718053
16455.0,1277709.88645716,205030.094341993,3.0,232928.2455626772
16457.0,1267753.06743896,229094.384478629,4.0,195635.9655358893
16458.0,1268747.13566399,245955.674543902,4.0,1223006.951887146
16459.0,1269135.38846438,246219.203248173,5.0,8909282.026246686
16460.0,1266722.24503791,246268.914096221,4.0,3565669.219407582
16461.0,1267360.41694257,231800.5742414,4.0,784633.8011656924
16465.0,1257728.2262767,259237.940285504,3.0,32966.26838730987
16467.0,1265729.65905289,250295.080244347,4.0,127981.6552769733
16468.0,1272829.27909216,244800.855342716,4.0,339616.18931715644
16470.0,1279132.26777062,200029.359552875,4.0,1404310.5680039788
16471.0,1273546.6949649,226481.42741996,4.0,966514.5646983128
16473.0,1275403.41464679,252683.399926797,4.0,91838.58544809876
16475.0,1279072.45554656,219863.995093182,3.0,159375.09720116667
16476.0,1282864.32063843,198227.165695027,3.0,21535.06160624565
16478.0,1275471.24952687,214748.333071947,3.0,15471.142101337444
16480.0,1273614.37950896,262024.093504354,4.0,6003292.186408464
16481.0,1262763.60855386,247665.382449657,4.0,314744.2092172863
16482.0,1281761.96754931,202569.647811472,4.0,884919.0841962565
16484.0,1279900.4138834,225201.436506644,4.0,753509.5194251245
16486.0,1264257.74634738,254307.016120449,4.0,3250060.7999131056
16487.0,1268607.01879984,209550.971146628,4.0,9760520.493898088
16488.0,1264777.95690791,231546.840481147,4.0,3643062.8297426975
16489.0,1264785.85386792,231864.524577469,3.0,2070733.3121055565
16490.0,1274982.29906237,211385.0153725,3.0,182669.1265631332
16491.0,1257492.46429245,247780.354609773,4.0,638758.5688291958
16492.0,1276099.0369835,246032.43819198,4.0,119200.95292910031
16494.0,1268540.80830377,243169.515757054,3.0,22118.51986455775
16495.0,1272328.64357165,267365.191109821,4.0,12913435.951517329
16496.0,1265776.30532494,267518.544837981,4.0,1345009.492469384
16497.0,1285215.53382485,251153.181237221,3.0,134015.77576252632
16499.0,1286128.29740977,251132.887285203,4.0,102204.38099004918
16500.0,1256842.65385979,255781.592569962,3.0,173902.42678535683
16503.0,1282832.96735841,251202.12242128,4.0,109092.18159930842
16504.0,1276141.32786356,213267.429902434,4.0,330102.15809849696
16506.0,1271552.33541085,227358.014876857,4.0,806970.3440396424
16508.0,1276260.57797568,203011.283715934,4.0,8522656.092900014
16513.0,1257790.17757276,247774.80868975804,3.0,46559.09547256563
16517.0,1282270.03871782,243554.75678144404,3.0,276842.2178430432
16519.0,1263789.36900291,230668.80092825,4.0,740093.0337628527
16520.0,1273134.18296447,200317.314049169,4.0,54897.14972534737
16521.0,1273067.5331724,200033.49017687104,3.0,1308712.7443894008
16522.0,1277728.83519317,200772.817729637,3.0,4112078.139892779
16524.0,1269058.7731683,225881.387291342,4.0,698864.487021713
16526.0,1268631.87473586,244897.729838818,4.0,344892.8766344051
16529.0,1272083.87045139,217390.97377865,4.0,7731452.517855283
16536.0,1253917.7657288,254869.834553033,3.0,431328.6973232316
16537.0,1277845.3212093,257431.783483654,3.0,519518.94264375226
16538.0,1268339.34481557,263486.020097852,3.0,2887918.4267820744
16539.0,1268347.37988757,264382.460226774,3.0,1598183.8383101292
16540.0,1257621.96432459,254390.132408544,4.0,1431308.026226197
16543.0,1286233.67942588,199172.971519992,4.0,694708.7894949311
16544.0,1268860.97758409,235142.314916834,3.0,3509198.9241185025
16545.0,1259327.02749434,246356.950320318,4.0,36293.81904055977
16546.0,1277069.2670005,212095.519181222,3.0,57863.22933744014
16549.0,1266650.96036583,239377.199529171,4.0,7636353.213162309
16551.0,1278979.44127446,252600.696694702,4.0,693982.8833415707
16553.0,1273251.7375246,229671.808159232,4.0,496491.3086387282
16557.0,1280116.48658763,245793.142063737,4.0,28207762.141874813
16559.0,1268360.99537559,266131.753284559,4.0,3302126.939196752
16560.0,1254887.59088179,250440.289588496,4.0,854414.266188557
16561.0,1277204.96780065,255285.256953448,4.0,903041.230753742
16562.0,1276764.64780019,225271.003674716,4.0,1018783.8967695748
16567.0,1276656.22156008,246015.989743963,4.0,96556.39203605508
16568.0,1271461.31627476,223098.43023249495,3.0,171582.43235609162
16569.0,1271344.23185864,223284.650968686,3.0,36608.48910630182
16576.0,1278032.9480895,222058.196759433,4.0,1274506.5186519024
16578.0,1270638.71128191,228645.098270178,4.0,179629.4333738112
16582.0,1272167.63832349,229444.649502993,3.0,40110.00491077386
16583.0,1278900.48479438,246480.058672443,6.0,33318773.483204603
16588.0,1268601.35543983,215878.03361710897,3.0,186742.1172666693
16589.0,1265975.94666915,228969.527070507,4.0,20514956.6405747
16592.0,1270041.75377731,242777.229164645,4.0,275680.86814360664
16593.0,1279379.03961086,214395.122831583,4.0,561619.909527757
16596.0,1254981.30787389,254421.124152571,4.0,1548973.794710477
16597.0,1281397.62316494,199381.157120213,5.0,718242.5286402176
16598.0,1271369.50865866,219673.991252989,4.0,12377292.803047923
16599.0,1271362.49297866,219335.619540647,4.0,86388.36163140518
16601.0,1271205.58053049,211379.120332494,3.0,9090798.901050009
16602.0,1277741.39980119,216104.01704134,4.0,254186.83192140836
16605.0,1265702.97770886,212166.697165295,5.0,133814.0806097574
16606.0,1265570.23844473,212268.688141406,7.0,129915.23919113303
16608.0,1283771.39270337,195257.792699993,4.0,1033434.6291971264
16609.0,1275008.13759039,209365.202122435,3.0,33650.94185410009
16610.0,1278010.43602547,227042.270748541,4.0,228418.1701092847
16612.0,1282518.58809409,230447.846624017,3.0,2168071.317187643
16616.0,1279222.9637707,213439.516494602,3.0,607366.7054825026
16620.0,1281189.05234872,204467.744709417,4.0,564531.3786987782
16621.0,1281211.31903674,204469.859589428,4.0,10632061.421541918
16622.0,1277303.06898475,206798.575687811,4.0,72542.34281946068
16623.0,1283746.82975934,251184.563381255,3.0,14008.642665890398
16624.0,1264755.1410359,230644.460768223,4.0,207914.1517125212
16625.0,1265076.89790022,230636.209120214,3.0,149012.99724951762
16627.0,1275872.89138328,248339.426674336,4.0,403982.1406412085
16630.0,1275165.48895055,216166.619985402,4.0,248154.51132075695
16633.0,1259596.91741461,246015.238767967,4.0,16284.959164746504
16635.0,1274037.0227094,240651.338026464,3.0,41195.54336464072
16638.0,1283885.01548748,194231.693050936,4.0,2541293.841142456
16639.0,1265066.09508421,230210.480991781,4.0,5837430.270812278
16640.0,1278025.18239348,216171.413265407,3.0,115258.24290909692
16641.0,1275396.98616679,220843.87765418,3.0,141917.23089908616
16642.0,1275457.77803886,220717.93237406,4.0,116449.19460687396
16651.0,1280789.46982031,198096.552766889,4.0,657410.0609515186
16653.0,1275184.86258258,227087.676188588,4.0,317632.82253770164
16654.0,1277041.42450447,218169.69992345604,3.0,2799026.679312346
16657.0,1280614.43506813,198351.331455156,3.0,821884.2651496668
16660.0,1269555.57662481,227454.031132951,4.0,115416.11146264484
16661.0,1279616.14937112,227011.364700496,4.0,320825.02367732057
16662.0,1277451.62412089,206011.555591002,4.0,134522.86120676238
16664.0,1281579.83474912,220787.596950129,3.0,312133.65724585945
16667.0,1279423.87218691,224545.915545985,4.0,421717.52531286905
16668.0,1272527.24190785,242688.812332556,3.0,1335.932432837311
16670.0,1276356.87403977,212109.479437247,4.0,679556.1432463983
16671.0,1260936.12963998,245348.212847278,4.0,42531.55728353323
16674.0,1279568.27871506,225208.573338658,4.0,122045.77993925632
16675.0,1275819.04178323,246040.707503989,4.0,165985.31889443786
16676.0,1271899.27960321,225506.256794959,4.0,508226.70098439127
16678.0,1264723.20241186,229367.691998914,4.0,113702.9982638964
16680.0,1258882.27805388,246034.507759988,3.0,159148.34033130348
16681.0,1267238.25579044,236175.899493888,4.0,226150.24215859093
16682.0,1279480.20767497,209088.515338153,3.0,48017.62606006977
16683.0,1279624.64210711,208728.419593781,4.0,1903909.9356529948
16684.0,1279961.77497147,221989.714967355,3.0,4300.05592598518
16686.0,1270130.0003694,253707.33880783603,3.0,6028002.39571745
16688.0,1270968.97342625,205455.060358435,4.0,168946.06323622246
16689.0,1264844.86717999,233681.863139331,4.0,909803.9096203244
16690.0,1280367.17049187,198767.173439577,3.0,408100.9965482518
16691.0,1276878.16069631,228447.131165966,4.0,98176.24718452035
16694.0,1272668.561204,251210.898613289,3.0,306576.5585065878
16695.0,1269684.42283294,266105.445636541,3.0,130286.37979112586
16697.0,1264031.20874715,244659.958638579,3.0,9146.410059501028
16701.0,1270597.56337787,217420.356626675,4.0,2145676.9252113854
16702.0,1268233.99563146,254229.621944368,4.0,3678867.3910297146
16703.0,1268262.30852748,229277.195422828,4.0,258328.45761228557
16705.0,1280334.33426784,198712.883199528,4.0,1834909.082617597
16706.0,1284775.25913639,257712.428283945,3.0,258842.13517025797
16708.0,1285544.63718519,198203.920959011,4.0,86233.45556127066
16709.0,1285542.87993719,198078.062654868,5.0,370751.936395302
16712.0,1284750.41171236,260350.955454648,3.0,71163.18954929948
16713.0,1284658.19571227,260531.056830823,4.0,84359.04840465254
16715.0,1268103.00011133,242129.065387979,4.0,311065.4027346321
16717.0,1268255.32331148,255550.050361723,4.0,193138.1992814821
16719.0,1267581.17143878,250244.810676292,3.0,1311168.079994659
16720.0,1272497.99787582,219974.66549329495,3.0,26719.72200850436
16723.0,1281123.08038065,194931.902587652,4.0,50735.575178005805
16724.0,1282844.92076641,198954.280063778,3.0,45849.55865497949
16728.0,1279437.68677893,225211.40994666505,3.0,1337.4891538411666
16731.0,1272917.80875625,242528.208940387,4.0,40432.86256085238
16732.0,1272362.50046769,254112.839992255,3.0,232577.9769130181
16733.0,1277378.39890482,206812.121607825,3.0,192223.82273765307
16751.0,1272868.2156682,246128.233584076,3.0,16396.030165478496
16752.0,1274377.01547775,240068.341481879,3.0,75221.79536746712
16753.0,1281183.75647672,194958.001915678,3.0,45241.07769358036
16754.0,1278303.41445777,222055.606551424,3.0,440364.2933490333
16756.0,1274459.60158983,220302.725845635,5.0,3987351.493416445
16757.0,1271437.76907474,222154.44981552704,4.0,70825.63190825898
16758.0,1286555.51571421,204327.971077278,3.0,1030554.8741503536
16761.0,1268516.15351975,229270.927390814,3.0,152426.48898862334
16766.0,1281255.48658879,209159.943050221,3.0,82956.36942948388
16767.0,1274879.81234226,243350.605293229,3.0,3305.977482659316
16768.0,1264357.30423549,260673.663806975,3.0,1281493.838058755
16772.0,1263885.50135501,238685.757672459,3.0,361148.495030925
16773.0,1260306.06883934,255724.809849903,4.0,267822.8457563527
16780.0,1275104.84831049,209061.658122122,3.0,432.6638181117437
16781.0,1269952.25265722,212153.980685294,4.0,649676.749883655
16782.0,1280462.51052397,198575.547199383,3.0,1263043.313733888
16783.0,1278023.57343347,222928.866264328,4.0,936946.6607943708
16785.0,1276618.90303203,244696.913966611,4.0,162251.00482782535
16787.0,1275495.0998309,244724.876846641,4.0,199871.61124169847
16788.0,1275779.90015118,244716.62027064,4.0,176216.29116197184
16790.0,1282771.25228634,199261.708864093,4.0,238436.0741380925
16795.0,1273562.2122769095,227541.54863704697,4.0,808166.5883786839
16796.0,1261394.33770445,250359.22085240495,3.0,405029.52278653154
16798.0,1264241.25655536,253504.867127627,4.0,137922.0634240573
16799.0,1272679.11070801,224189.62357761,4.0,572380.2550238217
16801.0,1271033.18814632,267405.873477861,4.0,10130092.92215861
16804.0,1278316.63519378,201400.643586278,3.0,7449.499442526033
16806.0,1272644.90571597,242720.396588594,4.0,170634.37390129475
16807.0,1272666.86667599,243472.041389361,3.0,100398.6656853498
16808.0,1283362.00633495,234394.45290006703,5.0,877228.4511651589
16809.0,1278091.13957755,229226.931742772,3.0,102019.3365058379
16810.0,1276827.78060025,227049.151004538,4.0,286775.4906858434
16813.0,1278982.92453846,215920.98856115303,3.0,252825.25406428
16824.0,1266693.70897388,245209.564847142,4.0,184808.34713384183
16828.0,1281511.47033305,249902.467187941,4.0,312576.9833040532
16830.0,1280929.99545245,202601.651651502,4.0,544489.8782073295
16831.0,1260125.81168716,239004.380712777,3.0,728159.3430512168
16834.0,1265540.72049269,207756.200776786,4.0,500104.71716165
16835.0,1273444.12920479,238165.86435993,4.0,4008057.498715833
16837.0,1268022.18667124,232097.515617713,4.0,6842615.678238685
16839.0,1283191.40927877,194220.55986692,4.0,3702068.368277247
16840.0,1277918.02213737,244957.432110876,3.0,22110.552017018148
16841.0,1276059.82149547,244708.534638628,4.0,130412.5556023048
16843.0,1266163.70282933,215222.377424434,1.0,0.0
16845.0,1278365.89791383,256578.006010786,3.0,1352631.1151698933
16850.0,1276674.08108009,246575.505968541,4.0,61935.26496704188
16851.0,1276699.28248812,247351.98340933,4.0,68036.38665650472
16853.0,1261596.86845666,245866.101551816,4.0,234023.05133026687
16854.0,1260900.32323995,245881.449007824,4.0,122798.611111035
16857.0,1284635.06156825,204376.839429319,3.0,622343.4886947037
16859.0,1272523.24197185,224452.92456989,4.0,2013389.17245479
16862.0,1272104.67192341,232768.242594391,4.0,1087533.2176320322
16867.0,1273819.59563717,220878.118102223,5.0,8319805.007253878
16868.0,1274631.81714201,220860.610582203,3.0,511196.7122060309
16874.0,1276671.0895921,244695.812910616,4.0,523766.57640784833
16876.0,1273578.06398892,204627.838213578,3.0,12793.117996830742
16879.0,1276986.61324042,247986.179377988,3.0,6966.752784371692
16881.0,1276152.79864757,248334.46046634004,3.0,185757.17750297143
16886.0,1266330.55255751,260882.82316719,4.0,330229.05983314925
16887.0,1271209.2386425,212119.018125251,4.0,3490058.6225285637
16889.0,1282799.22399837,246845.396208808,3.0,78986.84408685024
16890.0,1275000.28229438,202866.131779775,3.0,91653.90475536714
16892.0,1285557.5232652,249707.748403743,3.0,76814.1926341808
16893.0,1266305.05655748,258901.078141153,4.0,561596.5958083029
16894.0,1272851.17566818,250112.440500155,3.0,106952.59656722016
16897.0,1273603.34610096,259703.385917976,3.0,87501.10847934039
16898.0,1287315.71565099,204867.046405822,3.0,61345.30696938735
16901.0,1278209.29324166,201989.283842877,3.0,3175.1038905462287
16902.0,1276738.98124017,247855.001777843,4.0,55259.60666697838
16906.0,1280996.47302052,204445.662085399,3.0,231514.8722062877
16907.0,1277225.47794466,207610.355272636,4.0,418221.3357342356
16908.0,1263062.83895417,241451.387627289,4.0,720153.8862109225
16913.0,1260894.79901594,245615.143727556,4.0,148415.61230615532
16916.0,1283115.4530547,226624.519324109,3.0,1294565.688850114
16919.0,1286135.53068979,252458.434870556,3.0,1166727.6144372495
16920.0,1282982.73971055,226418.8264599,3.0,1357038.7916526045
16921.0,1269989.01732925,227930.863517448,4.0,480633.8670027732
16924.0,1265661.63294081,250896.834612966,3.0,79848.82014143384
16927.0,1265352.0305725,209466.915850535,3.0,177323.32174904735
16928.0,1271262.3852025603,222158.239511535,4.0,80929.98322756773
16929.0,1266675.92292586,244049.210541949,3.0,9141.751472011065
16931.0,1265161.02468431,228055.297309577,5.0,9267992.4706964
16933.0,1274814.16159019,248748.249330759,4.0,445567.770702994
16934.0,1275203.36683859,248605.028530613,4.0,564347.3128957073
16935.0,1269732.77636899,227270.995036766,4.0,962252.529493067
16936.0,1286288.51097794,198068.745726869,3.0,398849.7736487996
16937.0,1272776.10725211,211986.869453117,3.0,84528.4230620362
16939.0,1263811.83517893,231571.688545167,4.0,1697496.2594249642
16940.0,1272464.40709178,232192.218145803,3.0,80116.81475502274
16942.0,1285268.9799049,252476.45349457895,3.0,216867.2982495492
16943.0,1270080.45713735,202754.209091663,3.0,32885.49180718145
16944.0,1269757.85412902,203607.798276544,4.0,6340716.632785039
16946.0,1269635.33368088,218948.287956253,3.0,190766.9209918345
16948.0,1267919.24753514,200598.172417462,3.0,7784645.578743046
16950.0,1279324.24313082,209605.81351468,3.0,132487.42754854247
16951.0,1271567.20709087,231302.635296896,3.0,596173.8021393068
16952.0,1286639.0968983,199163.226495981,3.0,220431.5139332186
16953.0,1268377.2105436,267459.199813917,4.0,5050544.342478151
16954.0,1280633.63257216,231763.029025376,5.0,14980691.070234455
16955.0,1271967.68401928,254976.992121145,3.0,563825.7261790058
16956.0,1264072.0662832,246824.941168785,3.0,468947.6871717543
16957.0,1270740.71697803,246456.91275242,4.0,11055289.710851282
16959.0,1269008.40088025,229258.209566802,3.0,5895.610205009542
16965.0,1286187.31270584,208614.978569672,3.0,454980.94023242575
16967.0,1271783.78181109,265163.705987573,3.0,78549.56193741818
16969.0,1275871.74213527,248260.008498266,4.0,425174.7726797368
16970.0,1276150.12543157,248157.712114155,4.0,306157.6103219183
16972.0,1257543.98678851,250431.632116482,4.0,435932.57197704446
16976.0,1262939.83031404,254332.201464474,4.0,3207479.202963633
16979.0,1272731.78616406,246131.999984086,3.0,98565.9683518152
16980.0,1266065.30474924,231516.650913119,3.0,7773590.815110305
16982.0,1286677.32717034,204324.872645274,4.0,1193476.8063509187
16984.0,1273869.57195723,250077.579060122,3.0,231894.67410296333
16985.0,1286131.79052979,251795.685493886,3.0,19448.51457705516
16989.0,1267757.45879896,200758.012673616,5.0,25581778.13398228
16990.0,1283245.56300683,229608.883423164,3.0,1385978.7139351966
16993.0,1282818.00319839,199264.215744093,4.0,420887.03141392354
16994.0,1276229.02847165,219495.4948688,1.0,0.0
16997.0,1278621.8409541,200485.223489344,3.0,21715.956098396047
16999.0,1275148.11691853,215449.346768662,3.0,103682.00486043825
17001.0,1277617.84133707,214430.12180762,4.0,265242.53160397575
17003.0,1272168.67339548,251003.737269074,3.0,181210.6540173276
17006.0,1267368.33329457,232113.583457723,4.0,803354.5548644941
17007.0,1283764.28115135,204399.441413343,4.0,883479.366035
17008.0,1276030.89042343,203205.366020128,3.0,33013.581907905915
17009.0,1276093.87295151,203153.289668068,3.0,1018491.850617034
17010.0,1275700.1719591,242559.926124424,4.0,1234936.2904661964
17011.0,1275980.00831139,242549.602604419,4.0,1971795.2445893008
17014.0,1259247.72419825,246022.250543967,3.0,9026.273321731454
17015.0,1267403.7663186,234092.85737974904,3.0,89317.05911490397
17017.0,1270170.30206543,223100.499160498,4.0,360852.8000792649
17018.0,1276157.50827956,248662.751154676,4.0,69659.93472590607
17022.0,1283268.19814286,229498.723871052,3.0,1283995.6468862938
17023.0,1264404.92356354,229525.677215084,3.0,4247.688644322242
17025.0,1270247.00075352,266986.051141441,3.0,498486.6366723076
17026.0,1267297.1913425,229301.874526843,4.0,158572.9493661874
17027.0,1264478.14749961,269043.21331954,3.0,501381.154433456
17031.0,1276151.17330356,248229.787442237,3.0,76480.98318196
17033.0,1265665.51780483,212131.867853269,3.0,16520.59857007186
17034.0,1273503.67006885,224060.35548147603,4.0,34424.11310673094
17037.0,1276844.45669627,218570.44193986096,3.0,12321896.479358366
17039.0,1276167.55224758,249345.855795369,4.0,1491694.9425490438
17040.0,1270329.9871216,219694.53019700904,4.0,12189402.270973086
17041.0,1279698.99071519,230502.226144075,4.0,389831.0732658095
17042.0,1259104.7750141,246209.385008156,4.0,89097.39751049677
17046.0,1267861.63313508,228124.425437644,4.0,183863.33796859323
17047.0,1273011.18386035,254072.977848217,4.0,982401.6874433522
17049.0,1285544.02400118,198803.882687613,3.0,76745.73016817652
17050.0,1285550.74150519,198458.69081527003,3.0,45195.10338777339
17052.0,1283259.42975885,195266.749052003,4.0,1194270.767864385
17054.0,1265271.19409242,255623.54008980104,3.0,41555.10079654005
17057.0,1277396.67052084,217447.93038670704,3.0,458265.71415581513
17059.0,1272973.98219632,218833.845588133,3.0,79440.64619214532
17060.0,1282415.87730998,206074.16442306305,3.0,695296.0967878049
17062.0,1263946.89425106,239704.344873503,3.0,1110718.4244823414
17064.0,1271213.72945851,212025.16858916,4.0,13718331.804746948
17066.0,1274255.94974962,218740.19746004,4.0,666137.2291099872
17067.0,1271068.99224235,197021.64313378895,3.0,4484270.455745484
17068.0,1286280.71904193,204876.467973843,3.0,65210.77658157805
17069.0,1265783.34762895,227838.30070135,3.0,14968.54527466603
17070.0,1273955.99730131,223380.02876079097,3.0,31012.0854453342
17074.0,1279035.47564252,200033.435008883,4.0,3833945.6064331313
17075.0,1284606.43827222,244556.070382476,3.0,987948.9669452409
17076.0,1273287.89163662,220890.78965424,3.0,1054651.840953799
17077.0,1279676.05209117,208753.11412181,4.0,786377.0434339532
17080.0,1276703.92223212,247684.673393667,4.0,101196.30561192708
17083.0,1282859.95257443,197642.802366436,3.0,24671.47046939338
17084.0,1278040.7985215,245330.449071258,3.0,8815.066830127256
17090.0,1282750.17126232,231627.558881223,3.0,190805.26967998425
17091.0,1269662.51896092,202164.971139058,4.0,11144379.84011214
17094.0,1281410.01356494,243574.13009347,3.0,607164.5606837703
17095.0,1281634.87366118,243569.675053462,3.0,558310.6839147015
17096.0,1279530.56812303,209105.731850162,3.0,69175.09337850923
17097.0,1265548.2289727,208406.053129449,3.0,55806.022602892495
17100.0,1267239.60619044,226175.679963648,3.0,12910728.375747168
17101.0,1277912.95525737,257343.912251562,3.0,671459.4116322657
17103.0,1274090.21618146,252755.723958865,3.0,187260.95391222436
17106.0,1273497.2865808497,223692.26831310996,3.0,288833.6887790729
17107.0,1271431.70673873,221871.895319238,3.0,117961.54456592815
17109.0,1282742.07711831,225174.083226621,3.0,1227529.7558301997
17110.0,1268401.59531163,240536.828778356,4.0,1035150.1413977208
17113.0,1268799.68248004,234349.022564024,3.0,11074671.112909537
17115.0,1276369.26872778,207401.210312426,3.0,84778.0
17117.0,1276372.9773358,207527.172680557,1.0,0.0
17118.0,1285639.41190527,196323.755773082,3.0,48109.10221776804
17121.0,1269842.73681711,231886.20598550103,3.0,27062.997542755133
17122.0,1269937.5128812,231883.842785493,3.0,57284.92984530728
17123.0,1271666.99102697,247492.498929471,3.0,24566.349759836183
17125.0,1276264.79384768,260122.170174405,3.0,55289.35760009718
17126.0,1269616.88523287,231930.596321538,4.0,453551.7117537776
17131.0,1271072.05355436,225948.328411415,3.0,244370.08282632992
17132.0,1276406.21842383,260117.591102406,1.0,0.0
17135.0,1275937.22098334,218672.883347958,1.0,0.0
17141.0,1278108.41612157,214193.193807378,1.0,0.0
17145.0,1281978.25548553,222114.424343482,3.0,133648.71180496
17152.0,1275138.41650252,203465.69984439,4.0,2415415.566486897
17153.0,1270806.86936209,219691.767765,1.0,0.0
17160.0,1277510.41471295,201494.606658369,1.0,0.0
17161.0,1277921.87288937,201488.18278636,3.0,75970.52490327557
17164.0,1280973.8674525,194931.941947654,1.0,0.0
17168.0,1277807.87116125,204106.521029055,4.0,1303297.9671986809
17170.0,1267954.55422316,229285.582878828,5.0,751967.0007400874
17184.0,1268246.07300746,200806.767489672,1.0,0.0
17190.0,1272688.75934802,217096.869394347,1.0,0.0
17194.0,1289354.06259708,180472.898028851,1.0,0.0
17195.0,1289384.39194112,180472.338348851,3.0,84777.99999999999
17200.0,1289550.37357329,180559.079276934,3.0,226366.8263340296
17214.0,1267378.67121458,232522.352674142,3.0,22633.00392021937
17216.0,1268928.64024016,235138.171940818,3.0,10948313.783117522
17217.0,1260111.15127113,238157.91261591003,3.0,284525.3822892037
17225.0,1281159.70399669,229613.142623171,1.0,0.0
17226.0,1254155.43747304,248001.962098002,3.0,42457.093589928816
17228.0,1254140.91811302,248002.860722005,1.0,0.0
17231.0,1282578.47084615,246548.177328512,3.0,50336.67687610313
17270.0,1292371.70292017,179997.521708354,1.0,0.0
17272.0,1273451.99602079,204374.147781327,4.0,71978.17875849438
17273.0,1282987.71148656,228229.399005756,4.0,241998.4324123397
17274.0,1273340.42142868,204567.999429524,4.0,28763.14085264689
17275.0,1273277.68005262,204677.644549638,4.0,1100149.0681653805
17276.0,1271517.01265882,213488.811342657,1.0,0.0
17278.0,1269074.70027232,224902.20092234,4.0,144423.11906112867
17279.0,1295727.6958836,182278.49713470004,3.0,152863.5117386347
17280.0,1296029.47706792,182287.642798707,1.0,0.0
17282.0,1272653.88440397,223464.039448872,3.0,42389.99999999999
17284.0,1272950.16562028,205282.835270256,4.0,980350.1520249018
17285.0,1283199.07199878,228239.565981761,4.0,1218271.9565371352
17289.0,1268861.1285601,225270.388506725,4.0,71162.2094257524
17290.0,1273589.98981294,204131.105669066,4.0,151278.96979811764
17291.0,1272436.36613175,206349.50343135,3.0,1487687.3637611135
17293.0,1279755.71826725,207150.17536816,1.0,0.0
17296.0,1272459.33720379,223036.488792434,3.0,60391250.306328185
17297.0,1273636.61144499,246714.367920682,3.0,153005571.59932116
17300.0,1271064.80094635,225646.88476310705,3.0,2217216.7192854467
17301.0,1271299.35429059,227368.689436868,3.0,2534534.018816948
17303.0,1271600.87960291,224513.719065949,3.0,12580374.7179196
17342.0,1263147.60810624,241691.831403539,4.0,504615.0924499944
17378.0,1294793.82765865,179216.123627558,4.0,48935.72158148896
17394.0,1278604.65957807,212349.197773486,3.0,2072963.0000113384
17425.0,1277924.25477737,209194.307466254,3.0,358263.47092342033
17426.0,1283294.96614288,188653.16478923,6.0,26177872.19698319
17427.0,1283026.48044661,193286.898681968,3.0,3229956.9498838475
17428.0,1284195.3038718,185928.438002437,3.0,1534818.9061802449
17431.0,1290392.33971815,179408.839147761,3.0,6100636.577837847
17439.0,1271623.62270692,236937.701094672,3.0,113799.73933397888
17445.0,1272798.52024414,233686.14793933896,3.0,491700.7234202359
17447.0,1258971.05450197,247749.225777745,3.0,48989.42460278352
17468.0,1278756.74028224,246487.686960444,3.0,643997.9840812872
17483.0,1274090.92677346,204923.192645878,3.0,98896181.68058896
17484.0,1273306.78955665,210362.367115453,3.0,98834297.02011316
17485.0,1279925.36921142,260514.031934813,4.0,3321465.164683735
17486.0,1282039.25343759,193770.765818462,4.0,403523.016040853
17489.0,1263855.87210697,242409.454636276,4.0,3899526.920562394
17490.0,1263578.14109869,242414.087468281,1.0,0.0
17492.0,1273431.19224478,200312.665793166,1.0,0.0
17505.0,1265594.87978876,207751.670280784,4.0,226145.87779610776
17508.0,1275510.3317669,217611.53141087305,3.0,51117.98567213495
17509.0,1265304.67895645,212667.495053813,3.0,97853.55155221646
17512.0,1269823.79588908,248814.179634824,4.0,449314.03045429295
17513.0,1269995.48190525,248565.947250575,4.0,217692.42660994385
17517.0,1283227.4495348,195267.608955994,4.0,3456175.1838751403
17518.0,1280827.56159635,193994.620346695,1.0,0.0
17519.0,1280101.58373961,201973.610626861,4.0,161878.36538785585
17520.0,1270319.04260959,249360.717299387,3.0,269316.831640564
17521.0,1280325.61477983,212624.09652577303,3.0,500209.0684455615
17523.0,1278376.89164184,247113.792625085,3.0,1427.4846341672442
17524.0,1279348.29260284,213492.974414662,3.0,117341.82318036968
17525.0,1270588.06571387,249681.031283721,3.0,203607.53980364665
17526.0,1282797.44742237,199263.236800089,4.0,2144152.443469587
17527.0,1283218.6270708,194224.820026934,4.0,10993791.9890906
17528.0,1265268.13246042,212598.592973739,3.0,68961.117683167
17529.0,1278343.9963458,247175.883057147,3.0,158909.6788769353
17535.0,1269247.08446449,248102.935986102,3.0,460304.6545222158
17546.0,1279320.81593081,213543.647822708,3.0,56651.60950347553
17549.0,1280067.45292357,197614.544510394,1.0,0.0
17550.0,1264924.95761207,213253.404686421,3.0,112418.58961217765
17552.0,1267193.80638239,226766.022940248,5.0,1764482.7840280964
17554.0,1269475.93438473,227110.660380602,1.0,0.0
17557.0,1274283.00222965,252348.668662444,3.0,2023776.141190002
17560.0,1280077.71205959,205497.417862475,1.0,0.0
17561.0,1270323.67908959,228931.685662463,4.0,67441.19178816133
17562.0,1270540.46411382,229170.026718706,4.0,62734.92545371006
17570.0,1281180.44870071,201941.489922836,1.0,0.0
17573.0,1274966.84895036,212594.510605738,3.0,1721548.095454072
17574.0,1273289.44350863,200846.542977706,1.0,0.0
17577.0,1277925.24588138,211105.28852421,3.0,183325.93517689497
17578.0,1275457.68850285,214871.582864076,1.0,0.0
17582.0,1278085.16127354,211097.92833221,3.0,84777.99999999999
17588.0,1275794.42047119,215168.245008379,3.0,126226.8126600968
17596.0,1267002.0164302,230355.775007933,3.0,4071675.931997053
17611.0,1281041.66290857,197589.303422377,4.0,127164.0
17612.0,1281041.45458858,197579.188926369,1.0,0.0
17617.0,1278359.77093783,212491.760205641,3.0,808067.1152415312
17619.0,1273536.1766288895,225900.83279536705,3.0,9420.666768137831
17628.0,1270976.07313827,229208.753310755,3.0,386589.589393835
17632.0,1285304.97030494,260338.049342632,3.0,99778.44614211174
17634.0,1280677.0504282,232271.185825884,3.0,124651.93389804548
17648.0,1265454.23409261,233731.789859384,3.0,296677.1334345568
17658.0,1272966.7436683,224004.459289417,1.0,0.0
17661.0,1265699.56234886,229768.554015324,3.0,11423.78756560075
17662.0,1271312.92248261,263084.174081445,1.0,0.0
17663.0,1270813.0747381,226439.833691925,3.0,570497.9108105489
17664.0,1270199.31057747,264958.128643364,1.0,0.0
17666.0,1270099.06174536,264926.408259332,1.0,0.0
17668.0,1281856.6563174,252056.307062149,1.0,0.0
17674.0,1253676.41219255,251117.031349182,1.0,0.0
17675.0,1262688.81181778,258825.26431708,1.0,0.0
17677.0,1262269.41367334,264248.568386629,1.0,0.0
17682.0,1277844.2604733,250301.367604345,1.0,0.0
17685.0,1283244.84582283,246057.666800007,1.0,0.0
17693.0,1264045.32945116,245346.17246328303,3.0,75014.7357691858
17696.0,1274341.24715771,242722.260396585,4.0,728098.9688842762
17699.0,1275373.07122277,218100.807699382,1.0,0.0
17705.0,1283657.46771125,255112.035193279,1.0,0.0
17706.0,1276786.84920821,257288.632187501,1.0,0.0
17707.0,1267514.73815872,235422.983653113,1.0,0.0
17709.0,1271767.08600308,216595.246097833,1.0,0.0
17722.0,1281504.53727704,229023.458078563,3.0,38093.0709544297
17730.0,1271554.05848286,212849.461582005,1.0,0.0
17735.0,1264015.91089113,259707.166717976,3.0,6450785.343628588
17741.0,1275560.12434296,220153.165461481,1.0,0.0
17754.0,1270464.01572974,210015.198219106,4.0,127164.0
17755.0,1270149.22603342,209801.234698877,1.0,0.0
17758.0,1279508.601659,213159.125326321,3.0,169067.7796102515
17766.0,1261365.44567242,257795.944508031,3.0,887351.1210395242
17767.0,1264697.25725983,239687.99876149,3.0,226643.3311857938
17768.0,1273700.29374905,204439.648005396,3.0,26148.447997511405
17769.0,1273858.35410121,204196.292869136,3.0,28778.62336782359
17770.0,1273197.48958854,242668.356332541,3.0,78362.60574266085
17777.0,1277426.51820087,220062.10562138297,3.0,5788.802559020301
17781.0,1277419.57599287,241428.055659264,3.0,259272.14959656104
17783.0,1277442.23672889,243850.711213753,3.0,6809.194090153915
17785.0,1276882.98847231,243265.740653142,1.0,0.0
17786.0,1276750.75775218,243124.785517007,3.0,190541.77239445745
17788.0,1278684.23685816,244360.66135826695,3.0,89295.72040817753
17789.0,1278786.24780226,244381.991342291,4.0,313443.2034867466
17790.0,1276427.29746385,248001.730481997,4.0,200413.556045782
17796.0,1273979.56549335,198861.988223672,3.0,84778.0
17797.0,1273968.72165333,198596.500223413,1.0,0.0
17798.0,1281359.3928929,218768.916564062,1.0,0.0
17799.0,1272013.74955532,243517.780141398,3.0,78346.91802124897
17801.0,1274608.44939798,212512.81626965097,3.0,5027533.887413513
17803.0,1265885.69975705,212159.95930929497,3.0,634691.5688194099
17808.0,1274807.22066219,220383.658453718,3.0,7798385.327086532
17809.0,1266542.84612572,212166.808397308,4.0,978447.6906685124
17818.0,1278298.95640977,201487.141122371,3.0,31634.753704340947
17823.0,1287278.92243496,204457.032837406,1.0,0.0
17829.0,1268073.51595129,225950.717531413,1.0,0.0
17834.0,1268592.90135983,211861.052428991,4.0,1414434.1240254147
17835.0,1272756.31333208,233115.901346758,3.0,86481.33927850144
17838.0,1269081.10974433,211853.978956982,1.0,0.0
17842.0,1264511.23498765,216396.975825638,1.0,0.0
17850.0,1265366.12567651,245323.441583261,3.0,8334.289931881038
17852.0,1280770.04498829,208706.509897754,3.0,12457.873656887032
17855.0,1272388.59000371,243479.945261359,3.0,122503.8118571132
17864.0,1276924.51660036,212873.108814031,4.0,90181.8059035156
17865.0,1280992.37983651,204270.853381217,1.0,0.0
17883.0,1274222.08862959,234173.983203843,1.0,0.0
17905.0,1261439.0817045,233636.93603529,1.0,0.0
17906.0,1259667.62103069,260206.60403049,3.0,102655.24360180384
17918.0,1272978.52120431,219045.938324347,3.0,42483.82630017042
17919.0,1273074.18110842,219044.069588348,1.0,0.0
17926.0,1272411.45707573,254208.202040359,3.0,523466.5628219108
17928.0,1273881.88946123,241545.61809139,3.0,794604.6346732045
17934.0,1269515.02552077,198663.718271479,3.0,10045517.991343295
17935.0,1285583.22963323,196388.40166114303,3.0,27168.71168838848
17940.0,1270650.13252993,259461.256765738,4.0,11258070.273911376
17942.0,1265711.59742087,229210.079134747,3.0,38554.61095545151
17944.0,1286149.4558098,204837.076997802,1.0,0.0
17945.0,1272688.75934802,217074.416338325,1.0,0.0
17949.0,1266721.39530991,239582.447145373,3.0,14431730.262676343
17960.0,1266066.16170923,242305.145132169,3.0,60589.274049453634
17961.0,1271963.57112327,242240.692140102,1.0,0.0
17969.0,1278460.23698592,203565.139908493,1.0,0.0
17974.0,1270620.06692989,231347.420000941,1.0,0.0
17975.0,1283123.55635071,231891.418529496,3.0,199892.5262798192
17981.0,1265277.61994843,267863.68979834,1.0,0.0
17982.0,1286559.01702622,244678.605614588,3.0,1554.9783219938115
17988.0,1271970.18795528,263033.936641395,1.0,0.0
17992.0,1280068.30201158,205110.61453408,1.0,0.0
17997.0,1263811.86826693,268895.233671397,1.0,0.0
18000.0,1262945.50647403,254596.167800754,3.0,22708.44115888246
18007.0,1257468.07094844,259233.252669498,3.0,545.9561412233943
18011.0,1274613.71678999,243681.038381577,3.0,390992.4303785837
18012.0,1279943.35865144,205719.617222697,1.0,0.0
18018.0,1271572.42923488,231609.656353205,4.0,873136.6856381585
18019.0,1272938.87365228,233683.561315328,1.0,0.0
18028.0,1282616.74111818,246618.832368582,5.0,18722290.05794875
18030.0,1269786.30776104,221848.641751215,4.0,240922.8275170992
18038.0,1269528.97464079,223392.178968802,4.0,89696.47090487822
18047.0,1269725.60446498,222191.765079573,3.0,701717.4525678915
18048.0,1269788.13060905,222190.395287573,4.0,230368.48660949565
18049.0,1270150.06622542,222182.419287562,4.0,155943.91942192178
18051.0,1269489.12203275,223368.967768773,3.0,3561.289132380516
18058.0,1270372.13073765,221844.43010321297,3.0,247608.3943742965
18059.0,1270464.82808174,221842.409815207,3.0,178557.66686654862
18064.0,1269711.68849696,220141.07790947,3.0,26758968.464060288
18067.0,1267616.98238282,241677.540715516,1.0,0.0
18070.0,1282076.83730963,194164.063866869,3.0,501886.5589434276
18071.0,1274870.52101426,219792.434581116,3.0,685903.9640605046
18075.0,1265887.47537306,217812.739347085,1.0,0.0
18077.0,1265824.95351699,211945.442061082,6.0,963298.7079368802
18078.0,1256841.00560379,287665.712218612,1.0,0.0
18098.0,1271425.09617873,221573.334550932,3.0,192736.0519136353
18103.0,1271293.74865858,231614.582177222,1.0,0.0
18109.0,1262701.3580578,243220.110445097,1.0,0.0
18112.0,1267286.41188648,241263.416235104,4.0,3141297.567129835
18113.0,1267293.87607849,241780.191083625,4.0,1857229.993852708
18130.0,1270313.1652975802,222178.879575551,3.0,28645.28354864565
18131.0,1266406.90084559,238528.797352299,1.0,0.0
18136.0,1259276.19459829,256975.364795193,3.0,45469.73506695589
18137.0,1259226.09040622,256976.149883181,1.0,0.0
18141.0,1281433.95673297,223834.61672924497,3.0,997202.2459633872
18143.0,1272806.00875613,237754.838247508,4.0,99783.54378157412
18152.0,1281661.9342692,222869.87426425505,3.0,458025.3393459877
18153.0,1281425.75532496,223290.756312698,1.0,0.0
18157.0,1269501.02852875,218981.991316274,4.0,322377.6486936024
18158.0,1269241.4276324797,229103.523550645,3.0,14502.385440267944
18163.0,1286997.05421066,180577.719980955,1.0,0.0
18164.0,1269313.20145656,219107.609492406,5.0,326289.72988389496
18166.0,1274315.21176568,221182.936022535,4.0,5218293.325781278
18172.0,1256189.15024312,247522.718641505,4.0,3546782.717069355
18173.0,1256189.22870712,247533.442417517,4.0,1441832.3468465318
18175.0,1257472.24451643,247484.719729468,4.0,3331828.5080111814
18176.0,1269796.20670505,221490.895702854,3.0,127840.8923459789
18177.0,1269980.57214524,221188.65288654,3.0,87839.33371618151
18183.0,1281479.30079702,222846.252248242,1.0,0.0
18184.0,1269731.10648099,222497.524631888,3.0,624417.7808172633
18185.0,1255379.3418583,247428.883569404,4.0,5545466.725725368
18187.0,1254239.40713713,247385.767153367,4.0,6860547.0787040135
18188.0,1254263.84508915,247451.06692943,4.0,4270007.512642117
18189.0,1269797.96030505,219738.912341058,5.0,14580123.22329672
18190.0,1269813.25784107,220540.02101387095,3.0,17473622.246312205
18191.0,1256188.22966713,247341.358769327,1.0,0.0
18192.0,1254226.47312111,247348.093361333,1.0,0.0
18193.0,1269732.15825699,222802.344216198,3.0,595546.8372455599
18202.0,1276801.72844023,219296.805268601,1.0,0.0
18223.0,1265088.81194824,233776.268771425,3.0,59021.268389248406
18233.0,1284623.11142424,208240.24602527905,3.0,47723.95427311875
18238.0,1277990.70079345,255925.488954112,3.0,381447.7243363783
18240.0,1270247.09227352,215046.929616258,1.0,0.0
18243.0,1266162.96465333,242475.961388335,3.0,49185.56996355474
18245.0,1270240.03192151,215141.752592355,1.0,0.0
18246.0,1273183.82725252,210212.285067305,3.0,13238242.603305144
18254.0,1272500.30795582,254750.357432902,3.0,1150981.361281081
18255.0,1272302.85592362,255022.46578519,3.0,1206968.8515607768
18256.0,1261296.84938435,257746.924283981,3.0,169863.40960926743
18259.0,1272643.88145997,242685.387436554,4.0,126375.05561017824
18260.0,1271448.29201874,255427.1926976,1.0,0.0
18268.0,1262315.1724574,241034.466858864,4.0,15448.843428252503
18269.0,1261979.55076104,241179.286123008,4.0,244622.36012728364
18270.0,1262615.6941857,241028.986218855,3.0,22719.57493331275
18274.0,1263267.18532237,241016.062698841,4.0,1362924.237443338
18279.0,1279446.07193093,224681.88111411,3.0,163296.35438707372
18283.0,1262787.36080988,241026.609962851,3.0,94580.10553182212
18285.0,1280208.07404372,209304.258698374,4.0,90093.82365175142
18288.0,1281415.41215695,229370.33404691503,3.0,47319.88185129839
18289.0,1272862.35710819,210085.83226716504,3.0,53827.629813953696
18305.0,1261290.77885635,234436.309476107,3.0,77671.30974263836
18307.0,1269471.79102473,227190.506716684,1.0,0.0
18308.0,1270472.11281775,222175.432087556,4.0,42887.126254109375
18310.0,1264778.76695591,245010.892334938,4.0,457141.3513882425
18311.0,1270364.72952163,230470.93187204,1.0,0.0
18313.0,1281125.93830065,229084.634142622,1.0,0.0
18320.0,1273238.01938058,221944.618903309,3.0,1313195.6851345496
18321.0,1273858.10507721,237880.909223631,3.0,13487972.494962776
18322.0,1273368.21925271,238716.07223248496,3.0,1393698.280974586
18323.0,1277218.35359265,238334.489640102,3.0,3865214.479716321
18324.0,1273348.80293269,211293.330188408,3.0,37856464.29166463
18329.0,1295671.84986755,179004.748075351,4.0,75155.80240633967
18339.0,1294624.68986648,178368.799914688,4.0,143510.14374816322
18341.0,1297065.32474898,177201.2838175,3.0,8425266.757893663
18342.0,1297130.97818905,178240.543594569,3.0,58327.42038296632
18344.0,1295726.67911561,182188.7246546,3.0,235175.7435005598
18345.0,1296023.20481192,181850.405806258,1.0,0.0
18359.0,1295717.1555316,181190.532781586,3.0,596215.0379130596
18361.0,1297704.66798164,178145.825258464,3.0,248183.62820512825
18362.0,1297691.02228563,177988.737642303,4.0,8198325.276133333
18363.0,1273876.52005324,198864.867839679,1.0,0.0
18364.0,1297924.06119786,178202.912426516,1.0,0.0
18373.0,1295857.36065175,177385.881577685,5.0,279724.4667864159
18375.0,1295238.00653911,177580.948777884,3.0,1236.9941431484697
18376.0,1296598.02977251,177704.967850015,3.0,290751.25798509683
18377.0,1296479.27572438,177395.348393694,4.0,594985.7620875462
18379.0,1266053.39204521,231038.019680619,3.0,97269.90519582662
18381.0,1296436.76103634,178627.240938962,3.0,42521.873990444496
18383.0,1296629.75636454,178581.996650904,1.0,0.0
18387.0,1266353.74314953,230178.17955175,4.0,2183615.5667919125
18388.0,1266675.48951785,230170.147743732,4.0,89661.98275853392
18389.0,1266682.37143786,230447.568416014,1.0,0.0
18390.0,1265721.04164489,230620.12188820503,3.0,2155588.028116092
18397.0,1294378.42759423,178144.209130466,3.0,242927.9001349554
18398.0,1266042.73617321,230612.052000195,4.0,4360141.21764331
18399.0,1266032.00561319,230186.272031754,4.0,4206275.681574389
18404.0,1266364.47767754,230603.981152177,3.0,6586680.585662291
18405.0,1266025.16932519,229883.429791451,3.0,72315.43668127214
18408.0,1266671.53450985,230160.763551727,1.0,0.0
18410.0,1265710.35793287,230194.366815761,4.0,6189604.321088195
18413.0,1266056.20727722,231151.111648738,1.0,0.0
18414.0,1266997.1470542,230162.28195172496,5.0,12109327.23314222
18417.0,1268503.70763174,212137.425933272,3.0,13635056.642504834
18418.0,1295413.14170729,178103.033002421,4.0,34687.054422976275
18422.0,1298240.45332618,179213.857259557,4.0,7699250.961842139
18423.0,1297957.69306989,179232.66071558,4.0,333554.1379661051
18426.0,1296395.75847629,178472.42071479597,3.0,74930.10626281975
18436.0,1279006.03999448,244319.283438221,4.0,587192.41590419
18437.0,1279142.39173862,244437.565038353,3.0,529149.9613911379
18441.0,1269817.63774508,205487.186566457,4.0,29419.98809862771
18443.0,1269694.48875295,202066.405378953,3.0,2783230.138727633
18447.0,1269806.67320107,204931.878021896,4.0,110270.89007594614
18451.0,1269812.71032107,205226.952198192,4.0,70385.85970587445
18457.0,1263946.04778707,229261.236510813,1.0,0.0
18459.0,1276162.20216757,242505.16177237,3.0,1770820.4273061948
18465.0,1277777.87973723,241077.243050903,3.0,342426.2039802154
18467.0,1264788.20855592,245010.926126927,1.0,0.0
18469.0,1294899.86913076,179192.087595537,4.0,132731.85625113035
18480.0,1277063.34898449,240778.753834605,3.0,1686085.4190805852
18481.0,1277981.09484144,240958.254122779,3.0,1125875.4547346593
18482.0,1278397.11404186,242376.733228236,3.0,1090178.7766789629
18489.0,1269737.514929,202631.110915542,3.0,417048.66384226753
18500.0,1296027.23233192,177896.728298202,4.0,156557.58653965403
18502.0,1295091.23783496,179080.444139421,3.0,15616.312594447456
18507.0,1265775.00676493,232765.581858397,4.0,285175.49294996465
18509.0,1265452.95786861,232776.019810408,4.0,489475.59072196565
18512.0,1260425.92656747,237744.092199489,3.0,396603.1350812059
18514.0,1266739.78596592,232747.699298382,4.0,104678.79416956867
18515.0,1253562.58038443,249365.909171388,3.0,8491221.752446506
18516.0,1264793.53463593,232179.008545801,4.0,366908.4098468734
18520.0,1281619.40454116,221012.51119035497,3.0,54650.06402040028
18521.0,1260542.68125558,237506.376487255,4.0,357385.2668974195
18523.0,1268087.74161531,234296.894371957,4.0,7618222.438175168
18525.0,1267912.34270312,236169.433637887,3.0,4806426.39469877
18526.0,1283001.11078258,231784.23273739204,3.0,73824.87052337948
18528.0,1267312.54436651,237944.266343698,3.0,4448621.105838352
18529.0,1267264.91454247,238216.010919973,3.0,4948549.885453854
18541.0,1294361.78682621,179934.765932292,3.0,335314.48171691457
18542.0,1295678.29473156,179878.53994824,3.0,151811.90895369742
18543.0,1296235.18305212,178514.14276284,3.0,43369.49071442432
18544.0,1287444.10873912,181284.60574168,3.0,2987012.8014566684
18545.0,1289835.87987758,177646.44797796,3.0,8500011.354544466
18553.0,1297592.64852552,179606.752107963,4.0,275635.5637115301
18554.0,1297201.85172512,179406.99959576098,3.0,179677.78725351376
18556.0,1296123.39617202,177281.615081578,1.0,0.0
18558.0,1297302.01946922,177759.88247406497,3.0,8310749.3234671075
18559.0,1296813.67598072,177465.264937773,3.0,49051.327618252966
18576.0,1265117.81713226,267867.872838333,1.0,0.0
18586.0,1259818.41994284,237501.905063242,1.0,0.0
18964.0,1253880.08924876,248171.777394176,1.0,0.0
18970.0,1272128.63608344,243487.26116538,3.0,110022.61946413088
18975.0,1272843.14059618,251487.88920556,5.0,480161.73001079535
18988.0,1285566.85331321,198070.332350865,1.0,0.0
18989.0,1265274.88081242,255912.089658096,3.0,6193.455442969157
18990.0,1265606.22526076,255906.787514091,3.0,34324.15367058382
18993.0,1277394.89656883,243013.444524884,4.0,124704.51158017707
18997.0,1277757.69535321,243498.379245386,3.0,37071.78160202789
18998.0,1277691.55212113,241874.55773972,3.0,120431.6346262076
18999.0,1277832.34220128,242396.02974025896,3.0,29546.95973660433
19002.0,1276631.84824805,244151.52593405504,5.0,1044802.2565567396
19007.0,1277537.17420098,242464.103468329,1.0,0.0
19011.0,1283714.04275131,193821.366074517,3.0,184137.2408156933
19012.0,1284157.75935976,193439.62508212,1.0,0.0
19014.0,1288143.37472384,204452.879301399,3.0,225168.97457738
19015.0,1265080.33098823,233774.166435421,1.0,0.0
19021.0,1283227.06335881,190638.296311259,4.0,5549055.336615371
19022.0,1283257.01145484,190637.862263262,3.0,14212019.05025277
19029.0,1277844.8481213,243244.429997131,3.0,228035.8713770889
19045.0,1278118.57919358,241580.53860342497,5.0,34165711.782391176
19046.0,1277940.89119339,241650.04337149896,3.0,29091.397821391096
19072.0,1285272.2886409,203613.615236551,1.0,0.0
19075.0,1279101.52965859,217520.040466785,1.0,0.0
19077.0,1272296.00024362,212063.1327492,3.0,271520.0789153583
19079.0,1274454.30174983,242827.287084699,3.0,140887.3917826821
19080.0,1270306.74014558,231478.61328107095,7.0,22684050.648993023
19092.0,1265525.27562869,208651.052937701,3.0,85145.033606228
19093.0,1265548.53079671,208647.398089692,1.0,0.0
19096.0,1265822.76977299,211925.669133052,1.0,0.0
19103.0,1265415.09572457,208406.051465452,1.0,0.0
19106.0,1265658.50961281,208421.964873463,1.0,0.0
19107.0,1265601.46673276,208390.021001428,4.0,183357.54905201
19108.0,1270454.95211373,209393.025546461,1.0,0.0
19114.0,1284473.90995209,234349.470372021,1.0,0.0
19120.0,1277589.78232904,258091.50098833404,3.0,52995.77942164642
19125.0,1277607.01029706,258090.980028331,1.0,0.0
19126.0,1273766.71979712,221189.982934535,3.0,7106592.179321551
19154.0,1281031.10386856,192619.168697283,1.0,0.0
19156.0,1264157.69764328,235709.129445404,1.0,0.0
19161.0,1276619.15762404,219255.53768456,3.0,10277539.081315195
19165.0,1277597.99525705,240887.260458708,4.0,35151843.17793054
19181.0,1281837.66687739,195291.612796023,3.0,608242.3969188222
19188.0,1270301.95768157,231943.81443356,5.0,829384.9917729986
19189.0,1271067.10475436,269651.731464162,3.0,105842.18761502222
19193.0,1276167.37541558,248672.231474683,1.0,0.0
19198.0,1279157.12729064,244644.803822562,3.0,512990.4007681299
19200.0,1282896.64607847,196234.532860994,3.0,169820.59549848997
19202.0,1282865.86399844,196426.392701179,3.0,48940.480913586085
19211.0,1286219.64140987,198625.180287436,3.0,327860.7570691046
19212.0,1286859.78477053,198617.339775428,1.0,0.0
19214.0,1280131.31103563,207617.782728642,3.0,81615.09191500729
19215.0,1296943.66785285,176507.402024791,3.0,9217340.289696315
19217.0,1273307.20069265,235001.83261267803,3.0,1117152.4485455186
19224.0,1271856.72030717,229582.984223142,3.0,2152895.1969565167
19225.0,1277926.63698538,245333.089839265,3.0,22041.46519635567
19228.0,1268316.49771154,231434.209185034,4.0,8447068.582351737
19229.0,1268593.58084783,231457.820321053,4.0,7528341.144112355
19232.0,1269912.23243317,210940.966348052,1.0,0.0
19234.0,1280632.57382014,208709.691273764,3.0,81436.32163955539
19239.0,1280632.29561216,208725.574473783,1.0,0.0
19244.0,1270298.37534557,231870.973409474,3.0,365575.20952951774
19259.0,1282886.04665446,196286.625277042,3.0,91615.07641205315
19260.0,1282873.95481445,196284.545533031,1.0,0.0
19261.0,1281550.19762909,195055.436155781,1.0,0.0
19271.0,1281261.05420479,195521.811836258,1.0,0.0
19272.0,1281256.26284479,195305.194492042,3.0,262416.5492985664
19274.0,1286635.9144983,198860.89343968,1.0,0.0
19276.0,1265624.05956478,233726.970979378,1.0,0.0
19285.0,1278790.49906626,244554.61406247303,3.0,263432.4122000561
19288.0,1275271.68690266,210424.605515525,1.0,0.0
19299.0,1279376.54021886,244823.093166739,3.0,14933.567598884752
19301.0,1264719.85661985,229239.256222785,3.0,1279.0678521771404
19303.0,1279608.45516311,245037.75806295904,3.0,13838.918304544091
19304.0,1279373.93426687,245037.782062963,3.0,635.8033353307168
19306.0,1256179.37827511,257111.346107319,1.0,0.0
19316.0,1279208.1937867,244830.45860675,3.0,76506.94041054032
19319.0,1276564.93067999,219138.080532447,3.0,327730.525804075
19320.0,1276637.28754406,218990.702868283,3.0,10239864.818635128
19390.0,1270606.09387389,204591.526341543,1.0,0.0
19397.0,1264353.49220347,260408.493758708,3.0,776554.768978489
19400.0,1264346.84029947,259945.794878229,4.0,6799942.223527752
19402.0,1273743.19390909,202494.162371397,3.0,32218.162401084224
19409.0,1284975.35974459,202853.051459759,3.0,56582.82204744914
19413.0,1271566.93214686,212018.033101156,4.0,8439245.675988821
19414.0,1261236.15952829,245825.052079767,1.0,0.0
19417.0,1271668.27384298,217399.166034654,3.0,718603.4120244085
19418.0,1260936.14275998,245387.174703315,1.0,0.0
19419.0,1270815.25784209,249858.003379896,3.0,177780.3252810038
19420.0,1270886.59198616,249920.519987956,3.0,121564.47001457088
19423.0,1263457.00087456,243040.321132913,1.0,0.0
19432.0,1278093.93714555,213229.33812639103,3.0,58277.511085707694
19433.0,1284651.22816026,205186.011334151,3.0,214595.35335733896
19435.0,1257568.26461254,259241.209661514,3.0,26681.695710785905
19436.0,1257469.74019644,259309.798461571,3.0,48172.75603735098
19438.0,1259386.3777664,259743.861566022,4.0,151016.0130760499
19442.0,1259970.898279,259734.495422006,3.0,176662.96094976965
19444.0,1259488.01834249,259745.249342024,3.0,70651.30444562848
19447.0,1273239.50590858,234480.729636148,3.0,514110.145985087
19452.0,1273607.97368495,234831.770596504,1.0,0.0
19458.0,1272292.59441961,266095.496836528,3.0,313864.8768260054
19459.0,1272291.23454762,265984.790980414,3.0,90024.09323156644
19461.0,1273601.79979695,202279.579459175,3.0,53284.86797479747
19466.0,1271568.40753888,212110.018829241,4.0,6981954.600830438
19498.0,1276166.89477558,217596.511122867,3.0,210207.31217367624
19509.0,1283294.34278287,194576.864251286,4.0,5277514.10026073
19512.0,1268305.22481553,254973.06431312897,3.0,390923.12356088223
19513.0,1273172.65733251,238187.095591947,3.0,4975436.504428626
19514.0,1272172.5162755,211963.895117089,3.0,30083938.26019408
19515.0,1273008.84267634,211889.522509024,3.0,36059184.440980375
19516.0,1273370.63134871,211744.687180877,3.0,4312966.785401889
19520.0,1272029.96011534,212090.117261216,3.0,13620331.041908838
19522.0,1253932.82243282,247825.590769812,1.0,0.0
19524.0,1272922.14795625,242677.375020549,4.0,60136.487104336746
19527.0,1270212.84203348,212101.763597235,3.0,13602682.328281874
19528.0,1269775.46820903,220748.161622092,3.0,36178027.33069229
19543.0,1278099.95455356,213550.220686719,1.0,0.0
19544.0,1272195.29905951,212008.706381142,3.0,120939.48059225208
19545.0,1272730.75397205,211946.604749084,3.0,2408335.6093496806
19547.0,1271044.16913833,227122.412700623,3.0,4103740.57758559
19548.0,1269186.43627243,200521.833025381,3.0,13080524.920563027
19557.0,1275065.42616645,211383.90676450697,3.0,24547.27811739336
19558.0,1273582.99768493,247284.518705264,3.0,18747111.55082803
19559.0,1271779.06821108,232247.74563387,3.0,13846349.229163809
19563.0,1271513.09630682,228426.72374194895,3.0,1382981.1700577282
19564.0,1273653.12357301,220411.965461746,3.0,7541799.983913779
19565.0,1272855.46206819,219317.14971663096,3.0,1278772.8530792994
19566.0,1281451.97081299,221040.259158388,1.0,0.0
19571.0,1283163.58649474,245751.06999969497,3.0,825385.3497626098
19572.0,1283842.91321544,245067.849583,1.0,0.0
19574.0,1271973.79358728,258235.828156471,3.0,124321684.76834196
19576.0,1271983.08062729,256890.028347105,4.0,12071102.784038868
19583.0,1275141.17931853,242810.927916676,4.0,83709.1955420428
19589.0,1273190.41221254,253629.288439766,3.0,2678888.9857825725
19592.0,1271405.3800187,224232.576281652,3.0,4820106.582122588
19593.0,1271672.52709098,228418.355613947,4.0,1774018.2288457584
19594.0,1271765.80286707,228771.011102304,3.0,893812.164734575
19595.0,1271772.55281907,229804.902751356,3.0,7284541.447127067
19619.0,1274582.02718996,242823.753324687,4.0,20878.433078811413
19621.0,1275102.42904648,260653.272126958,3.0,75696.65760208771
19622.0,1275101.91199049,260674.748478979,1.0,0.0
19625.0,1282528.9069421,188679.619829252,3.0,24947133.9493436
19628.0,1269586.58443284,199689.148992524,3.0,14769124.638960354
19630.0,1269695.72497696,201793.950210676,3.0,10074744.973432437
19631.0,1275273.27250266,203663.060996592,3.0,24196018.360270116
19637.0,1267876.91428709,231434.209185034,3.0,9731400.17293768
19649.0,1269592.66084884,197632.725246415,3.0,14309114.886792189
19650.0,1269799.52561706,201757.426690638,3.0,14811050.705142168
19651.0,1269869.47556913,203277.182148203,3.0,709239.0566327365
19660.0,1284358.54899196,185570.51185806104,3.0,15790104.816672
19693.0,1273754.60530111,258472.841468722,1.0,0.0
19694.0,1273751.75326911,258495.252156749,1.0,0.0
19725.0,1275209.5734946,220596.988373935,1.0,0.0
19733.0,1281513.12159705,223608.251417011,1.0,0.0
19734.0,1281671.33254121,223568.394200981,1.0,0.0
19772.0,1297889.70529382,178902.312299237,3.0,170651.37031522853
19775.0,1297033.76577294,177882.963562191,1.0,0.0
19830.0,1273614.58360496,261183.980351493,3.0,30101.03471011702
19859.0,1297352.37729327,179015.560747355,4.0,127164.0
19981.0,1285582.84576122,210381.818891481,3.0,379705.13250769454
19982.0,1277977.78021744,224181.146905601,3.0,229490.73101939997
19983.0,1287251.02809893,207355.251784369,3.0,268936.4214085653
19996.0,1287855.28179555,205646.224006623,3.0,260925.77716036097
19997.0,1287117.46048279,207785.904136822,3.0,314379.4150178928
20019.0,1265808.11953297,211927.681613058,1.0,0.0
20020.0,1279023.2450505,242523.66794838,3.0,57775.06533062779
20028.0,1276995.82028043,242078.644907936,1.0,0.0
20029.0,1276986.68018442,242103.203243956,3.0,84778.0
20030.0,1277084.25349651,242544.92580440603,3.0,189683.8606702034
20031.0,1277109.17208855,242555.140012413,1.0,0.0
20044.0,1279301.85369079,207611.781448632,1.0,0.0
20056.0,1273751.67685311,223687.342105106,4.0,249689.17994598995
20063.0,1268645.61681588,264376.770562768,1.0,0.0
20083.0,1289386.49235712,180114.713388488,1.0,0.0
20084.0,1270325.8700016,222791.018776178,3.0,46686.774401234965
20085.0,1270318.5389936,222485.198551863,3.0,29867.424135359142
20104.0,1253150.66812801,249082.625651106,3.0,758027.8943544924
20106.0,1253090.62396795,249163.96504318697,6.0,20389189.830300286
20107.0,1278271.69170573,229222.174558774,3.0,42653.20325403196
20112.0,1278270.60447374,229195.683486745,1.0,0.0
20118.0,1265600.67870076,216931.883538187,4.0,47846.498422128345
20122.0,1267246.49988644,229114.458206654,3.0,13638.306884409894
20128.0,1282707.58015828,194581.148347288,3.0,133345.91264942198
20179.0,1295308.54906718,182797.584687233,1.0,0.0
20192.0,1271786.8241151,212114.164173245,3.0,150406.08753098833
20194.0,1272434.77361976,211994.957069129,3.0,103623.55259065032
20196.0,1265852.91505301,212225.48250936004,3.0,62699.687416998495
20197.0,1268599.41086383,212042.40410918,4.0,101660.34998576324
20262.0,1273650.128437,202400.674371302,3.0,43672.118036193846
20263.0,1274826.7638942,202518.562307417,1.0,0.0
20264.0,1273550.24549291,201943.46105884,1.0,0.0
20265.0,1273879.91275723,202252.229507148,1.0,0.0
20267.0,1294257.0393701,179939.450924307,4.0,818398.9852071699
20288.0,1283351.50739093,186933.73585946896,3.0,41175516.57834672
20289.0,1286012.81862566,197934.986174732,1.0,0.0
20290.0,1285582.39526522,198199.991166994,1.0,0.0
20291.0,1285589.33324923,198458.363711268,1.0,0.0
20295.0,1298160.03483009,180039.586540401,3.0,6296244.911568039
20298.0,1285611.33484925,181985.597742394,3.0,1011208.039926402
20301.0,1278554.99007402,244254.814766154,4.0,32797356.310370587
20302.0,1271101.65880239,221581.667862937,1.0,0.0
20303.0,1265645.9147968,259110.71257337896,3.0,32745.134664629844
20308.0,1267741.93918295,234316.228643984,1.0,0.0
20315.0,1282031.82956558,198835.417407647,3.0,60100.73373830996
20316.0,1282027.22194958,198835.448255658,1.0,0.0
20318.0,1268292.79831952,229040.600414574,3.0,68368.5351929962
20319.0,1267748.75249496,230652.159904227,3.0,35618374.81709853
20321.0,1267984.1870552,231457.547041059,4.0,14988923.783399446
20325.0,1268196.87857541,229126.011038661,3.0,4215.960712020024
20327.0,1267031.08100623,231470.320353076,4.0,8393558.201999014
20328.0,1267351.21982256,231452.264609054,3.0,8764615.635134926
20329.0,1268872.37099211,253118.651063234,4.0,3216482.1643656106
20333.0,1276703.23884013,247856.105777845,4.0,124250.98320001038
20336.0,1273802.32926916,250494.493556544,1.0,0.0
20337.0,1269386.15108864,215882.381649107,1.0,0.0
20344.0,1285065.3848327,257702.905659929,1.0,0.0
20350.0,1266411.63505359,232492.152930111,1.0,0.0
20351.0,1278323.43800978,201768.082178652,4.0,229135.68069390135
20352.0,1285735.10624138,259065.489213333,4.0,353575.0962758688
20354.0,1278255.20882572,201743.082178622,4.0,298214.99916898826
20355.0,1278127.48037758,202378.78893128,4.0,967873.3036543776
20357.0,1290118.09293386,218383.191635668,1.0,0.0
20360.0,1273842.1096852,223666.739481077,1.0,0.0
20362.0,1266141.96727732,238315.904040083,1.0,0.0
20367.0,1282483.50911805,245911.862319857,4.0,18793555.183531333
20379.0,1267953.72875117,228910.351006448,5.0,567371.1937050424
20380.0,1267448.42436665,250244.86514028895,3.0,64930.91709529949
20391.0,1273170.22821251,260048.387198329,3.0,1768474.930891218
20394.0,1280087.18188359,203974.77197291,1.0,0.0
20401.0,1255784.4808027,247803.711217791,3.0,803626.2803069678
20408.0,1272637.49432397,219661.91182898,4.0,211124.057148866
20419.0,1264910.44452405,260351.93446263703,3.0,1805900.4833297816
20435.0,1272562.03256388,222130.0040555,3.0,42054.79047637007
20436.0,1272538.44107586,220906.307670251,3.0,31052.49773115917
20438.0,1277235.10488868,204140.012101084,1.0,0.0
20442.0,1273494.18654884,204991.548165947,3.0,7232756.348361117
20443.0,1281671.94118121,244657.667950571,4.0,27776353.97989961
20465.0,1272916.31730025,242476.555500343,3.0,18146221.973073047
20466.0,1273836.12971719,242682.335276544,4.0,47933493.80695556
20473.0,1280915.47647645,202631.081731543,1.0,0.0
20499.0,1291919.9374157,176111.340136379,1.0,0.0
20505.0,1267329.60830253,230579.690528154,3.0,14444182.780364336
20527.0,1267015.1712462,230355.050271928,1.0,0.0
20542.0,1284508.14905612,193421.19301810896,3.0,99785.68094933536
20556.0,1278272.36594574,165580.431133598,1.0,0.0
20564.0,1282126.76735768,223345.77685675,3.0,67147.24796890815
20565.0,1282253.46034981,223350.264408752,1.0,0.0
20571.0,1281318.77586885,221759.11663112,1.0,0.0
20577.0,1271548.68907484,262397.098048732,1.0,0.0
20580.0,1273883.20606925,241532.50788337,1.0,0.0
20581.0,1281156.92057268,223535.53109695,1.0,0.0
20589.0,1270600.22219388,202164.916995063,1.0,0.0
20591.0,1269962.46718523,209777.201290861,1.0,0.0
20592.0,1277337.66572078,202954.409475863,3.0,6115.265355204758
20598.0,1267710.08459091,268782.793287277,1.0,0.0
20599.0,1261739.74314481,233586.552291229,1.0,0.0
20600.0,1280401.54642792,232609.470242232,1.0,0.0
20604.0,1271471.74110676,224963.976026401,3.0,256707.5738783232
20605.0,1279204.0078027,222236.775447607,1.0,0.0
20609.0,1284580.75654419,206350.681607351,1.0,0.0
20612.0,1284405.31788802,206530.988615528,1.0,0.0
20653.0,1269694.44708896,212112.67431724104,3.0,13646315.798958618
20657.0,1275109.9208225,242343.100716203,3.0,51702.13794349106
20658.0,1275130.48901452,242581.09406045097,5.0,288886.39384076087
20659.0,1275110.0497825,242575.488044441,1.0,0.0
20667.0,1268778.87115201,232886.319138512,3.0,6913.244973725234
20668.0,1268833.90584007,232911.839778543,3.0,8902472.204014402
20669.0,1268995.05476823,232279.508001894,3.0,11673028.772641554
20671.0,1268970.14699221,232497.751330122,3.0,8938662.209572231
20676.0,1265137.70519629,228061.501341581,1.0,0.0
20681.0,1297370.26113328,179097.798443437,1.0,0.0
20685.0,1297362.76871729,178999.94429934,1.0,0.0
20686.0,1274216.83730158,227958.943517476,4.0,135590.79041728462
20688.0,1274349.99454972,225758.750683218,1.0,0.0
20693.0,1272355.11729968,230870.435360461,3.0,42494.11833350732
20695.0,1272355.10910767,230884.493408471,1.0,0.0
20697.0,1263783.8804909,230450.718688026,3.0,5683864.304617151
20703.0,1272290.83691561,223149.309080541,3.0,2349317.1841672626
20714.0,1278019.39698547,210690.25197978303,3.0,219123.3665880744
20716.0,1270484.77784176,229220.731998771,3.0,94967.67671700702
20717.0,1274097.58949345,218742.66306003896,3.0,84368.86710869907
20721.0,1277549.773241,244315.18801422403,3.0,288828.9564364976
20722.0,1277209.31160864,244089.833133996,3.0,255504.9008197712
20723.0,1272271.73349159,266039.24299112934,1.0,0.0
20724.0,1274026.74219738,218743.766036034,1.0,0.0
20730.0,1272746.31102808,222897.13538429103,3.0,2102964.2054570112
20731.0,1272404.29694773,223294.704792693,3.0,1277788.142158629
20732.0,1271149.63345844,225383.373850837,3.0,2220223.379338161
20735.0,1278085.87973754,211083.344332188,1.0,0.0
20738.0,1278714.87589818,212821.684749976,1.0,0.0
20739.0,1266166.95678134,242468.232684329,1.0,0.0
20744.0,1282943.21555051,231309.326880902,3.0,42728.38095238095
20745.0,1282923.5072625,230500.87836808,3.0,126684.76075036074
20746.0,1282972.37887855,230501.225504071,1.0,0.0
20747.0,1283069.23827064,231523.32412912,1.0,0.0
20751.0,1267325.90065452,230432.899808004,3.0,3937394.0173383034
20759.0,1274275.17413364,242343.350444198,1.0,0.0
20760.0,1268133.93707135,236308.626278028,3.0,52400.84474251036
20761.0,1265702.60266887,229888.482911453,3.0,45303.67691379784
20762.0,1259595.45840661,245928.391471878,3.0,424.5893646009452
20767.0,1282235.94495779,245006.444526926,3.0,25933253.519070707
20773.0,1278076.19013754,207913.20864895,3.0,1005496.3175506348
20776.0,1277713.68824916,207736.108296767,4.0,541563.7550579789
20782.0,1274573.76837395,242601.613996461,3.0,680152.3292517482
20783.0,1276349.60927176,207995.437513024,3.0,281637.5320296149
20784.0,1274826.3039262,242126.853483975,1.0,0.0
20785.0,1274829.7760542,242386.836204246,4.0,35968348.22232428
20792.0,1275257.29323864,242266.610412121,1.0,0.0
20798.0,1274842.79704623,242418.953964278,3.0,120972.8700765514
20802.0,1285755.7223694,205611.987846583,3.0,43210.9421306314
20803.0,1272454.72369978,250671.477428734,3.0,38914.57024462569
20805.0,1267457.86167866,265492.438979909,3.0,1589542.2058280213
20806.0,1267482.03057468,263494.229057863,3.0,629662.9988164599
20807.0,1267418.36139062,266154.178436592,4.0,3430279.407923874
20811.0,1274886.47768627,242900.588140771,3.0,105178.34151408303
20812.0,1278173.12402563,257579.15820381,1.0,0.0
20815.0,1283758.84313536,193807.025594503,1.0,0.0
20819.0,1275991.58571939,242865.139372736,3.0,62416.73552743163
20821.0,1279340.75026684,243639.002989531,3.0,4915.697815083666
20822.0,1280528.57138805,242934.743596807,3.0,12647.021378288478
20823.0,1280810.51570833,243028.493420899,4.0,641513.6581201414
20827.0,1277378.17976882,241967.844267815,3.0,68474.8588339427
20828.0,1276983.38232842,241785.664491639,1.0,0.0
20829.0,1276813.97317624,242026.279851884,1.0,0.0
20830.0,1277259.68984869,242224.35460408,3.0,131011.284170378
20832.0,1278330.1440578,243563.045485452,3.0,129700.4817549933
20833.0,1269293.41214454,219134.072980434,1.0,0.0
20834.0,1268863.0494561,225276.99183473,1.0,0.0
20835.0,1276953.31967239,243497.936685383,3.0,70831.10373992709
20836.0,1276603.41784802,243541.520237431,4.0,1080340.015446575
20837.0,1272260.64664358,257766.444539994,3.0,1294350.6016444624
20839.0,1276532.09547995,243228.118637115,3.0,1335258.201203658
20840.0,1276869.4153523,243590.460781485,1.0,0.0
20842.0,1272814.37522015,257738.074235961,1.0,0.0
20850.0,1269242.97982448,247906.273649901,3.0,2151535.5195612684
20859.0,1267450.48369466,241717.953387558,3.0,10437.460398355652
20860.0,1267082.07927828,241637.84330748,3.0,323420.2755813222
20870.0,1259825.55082284,257037.506747246,3.0,280848.6748876785
20872.0,1268893.77841613,224436.24872987004,3.0,385239.0381053737
20873.0,1269047.97688028,224177.640345603,4.0,464732.6101564981
20878.0,1282842.77804641,188624.796405196,4.0,13957035.214444656
20884.0,1269339.75550459,223635.560729042,5.0,566360.8303210008
20885.0,1269366.83883262,223651.880281061,4.0,80882.43074798706
20887.0,1269217.53336047,223917.403993338,4.0,68073.5782630872
20890.0,1268269.14219148,225399.843930855,4.0,13656121.27447552
20895.0,1267097.51294228,227023.572636515,3.0,2260.9513782952818
20896.0,1267469.39019068,226427.062043905,4.0,7151921.560224928
20901.0,1270122.73854539,220816.587670162,3.0,150844.7308364437
20902.0,1270349.34276962,220810.762262151,4.0,272330.44921397435
20907.0,1270129.55544139,221184.572822541,4.0,171160.06547810996
20908.0,1269558.70686482,219842.082069159,3.0,128850.8112524916
20912.0,1271169.55435446,232564.74461019,4.0,48815.56250644742
20913.0,1271451.99934675,232552.783394173,1.0,0.0
20918.0,1254835.71107374,247360.079217345,3.0,7549.21254714501
20919.0,1269625.44363289,223110.390168503,4.0,563606.321863777
20920.0,1263576.66372268,248448.329970449,1.0,0.0
20923.0,1292635.59149644,180313.987244681,3.0,25350.587483445684
20924.0,1292647.83719246,180626.37937299896,3.0,185.93809523809523
20925.0,1257508.26147647,247674.117297664,3.0,242172.0212968216
20926.0,1256845.89174779,247619.082673609,3.0,314370.91325653536
20928.0,1264344.16023546,242044.868395895,3.0,43667.97796689211
20938.0,1255386.0363863,247420.647665396,1.0,0.0
20942.0,1257472.13949244,247508.91947349897,3.0,333754.8403709516
20943.0,1277711.55800916,205892.412486881,3.0,60989.34126465467
20946.0,1277710.86149716,205897.78419888,1.0,0.0
20951.0,1263243.82609035,238379.97642414304,3.0,418877.8684556985
20955.0,1263272.31127438,239315.85879311,3.0,120865.45046922503
20956.0,1263226.13060233,240067.315241873,3.0,502069.23444558383
20957.0,1263216.74282631,238276.59114404,3.0,380951.6524406482
20961.0,1260079.55325511,236441.783782154,3.0,63874.44379535262
20962.0,1259179.48023018,237453.418599188,1.0,0.0
20963.0,1269571.17796883,223752.439129159,4.0,135471.7473188426
20969.0,1279078.76197857,219704.98491701495,3.0,221583.9850947121
20973.0,1286244.9776019,198145.125182942,1.0,0.0
20974.0,1286277.06451394,198144.361022949,3.0,269235.36512801284
20980.0,1279221.38962671,245381.148143306,3.0,3770.86438815747
20982.0,1279067.72882655,245373.210159302,3.0,34684.78868207004
20985.0,1285968.51948962,197936.340798736,1.0,0.0
20986.0,1297190.5115011,178220.96522654602,3.0,144402.50183087145
20989.0,1278805.13721028,245362.492015287,4.0,86394.87982773293
20990.0,1285570.2224012,198073.903166875,1.0,0.0
20993.0,1280094.3222996,206645.605191648,1.0,0.0
20995.0,1279728.98181923,206657.695047662,3.0,197696.3544053302
20996.0,1277330.43538477,202798.764163703,3.0,2228576.5258926637
21002.0,1268076.91716729,225695.946395159,3.0,7095264.41998021
21003.0,1267821.89963104,225655.02159512,3.0,6486010.005570289
21006.0,1272915.85726824,205401.111622378,4.0,1230853.0284840858
21010.0,1284796.87846442,208234.866761282,1.0,0.0
21011.0,1280240.5204437503,226999.994972497,4.0,190612.0359302438
21012.0,1271224.84785852,226054.88821952,3.0,34068.382775811064
21052.0,1260911.72643995,236607.191590324,5.0,206421.6113914727
21053.0,1260678.64586371,237116.18007084695,5.0,297127.6512775766
21054.0,1268731.30756797,235836.733477533,3.0,119494.51955493688
21055.0,1260840.12752788,236753.215270475,3.0,157632.41524658335
21080.0,1272443.94910777,260069.791678354,3.0,4329719.352305338
21088.0,1273259.0973966,261559.737151876,3.0,3797.3208023391458
21089.0,1273614.49272497,261559.796223879,3.0,40413.866393817385
21090.0,1273419.25362076,261560.604927883,3.0,9471.892887237973
21091.0,1272954.37688428,261864.691648185,4.0,95744.2778883694
21092.0,1273268.17976461,260713.976063013,3.0,80673.31460824468
21093.0,1273321.24888466,261158.420415476,3.0,43918.36271045649
21094.0,1272993.15864433,261854.86713618,1.0,0.0
21099.0,1272663.32600398,261549.92025587,3.0,107225.86951833722
21102.0,1279775.53093928,245738.232047677,3.0,109415.64549174378
21118.0,1284883.1303045,192659.440569326,3.0,335773.2031077942
21121.0,1278977.48428246,238764.477352545,3.0,525722.4710668711
21125.0,1272890.21624422,241945.531627789,1.0,0.0
21126.0,1286179.31929784,244512.120046422,4.0,66664.11460823753
21127.0,1286437.71705809,244499.956974417,4.0,55835.25208156528
21128.0,1286688.58502635,244495.182702407,4.0,42436.02597402598
21129.0,1286716.62400238,245169.251247093,1.0,0.0
21130.0,1282558.89804612,246162.737456113,1.0,0.0
21162.0,1271620.91563493,232059.626913667,3.0,12722112.075438472
21163.0,1271230.37048252,231691.005921289,3.0,10590239.917686677
21176.0,1274574.45176595,230086.196127653,4.0,173600.15216684723
21177.0,1274866.60965425,230083.436255649,4.0,155013.208600617
21180.0,1285614.05632125,257910.181820139,1.0,0.0
21186.0,1265560.33201271,212266.812109411,1.0,0.0
21187.0,1279763.97317927,217902.94619517,3.0,67065.85468545009
21188.0,1284646.29875226,204917.251077875,4.0,2037147.6635492956
